iteration,successes,successes_episode,reward_episode,episode_count,random_act,timestep,epsilon
8,8,0,0.0,1,8,0,1.0
2,10,0,0.0,2,10,0,0.9901493354116764
13,23,0,0.0,3,23,0,0.9803966865736877
7,30,0,0.0,4,30,0,0.970741078213023
17,47,0,0.0,5,46,1,0.9611815447608
15,62,0,0.0,6,61,1,0.9517171302557069
6,68,0,0.0,7,67,1,0.9423468882484062
8,76,0,0.0,8,75,1,0.9330698817068888
4,80,0,0.0,9,79,1,0.9238851829227694
9,89,0,0.0,10,88,1,0.9147918734185159
6,95,1,1.0,11,94,1,0.9057890438555999
6,101,1,0.0,12,100,1,0.896875793943563
5,106,1,0.0,13,105,1,0.888051232349986
10,116,1,0.0,14,114,2,0.8793144766113556
3,119,1,0.0,15,117,2,0.8706646530448178
23,142,1,0.0,16,140,2,0.8621008966608072
8,150,1,0.0,17,148,2,0.8536223510765493
11,161,1,0.0,18,156,5,0.8452281684304199
6,167,1,0.0,19,162,5,0.8369175092971592
3,170,1,0.0,20,164,6,0.8286895426039287
14,184,1,0.0,21,173,11,0.820543445547202
8,192,1,0.0,22,178,14,0.8124784035104852
15,207,1,0.0,23,187,20,0.8044936099828537
19,226,1,0.0,24,202,24,0.7965882664783007
10,236,1,0.0,25,208,28,0.7887615824558879
3,239,1,0.0,26,210,29,0.7810127752406908
25,264,1,0.0,27,228,36,0.7733410699455306
2,266,1,0.0,28,230,36,0.7657456993934846
3,269,1,0.0,29,233,36,0.7582259040411682
6,275,1,0.0,30,238,37,0.7507809319027796
20,295,1,0.0,31,251,44,0.7434100384749007
10,305,1,0.0,32,257,48,0.7361124866620463
15,320,1,0.0,33,267,53,0.7288875467029541
7,327,1,0.0,34,272,55,0.7217344960976069
12,339,1,0.0,35,281,58,0.7146526195349836
7,346,1,0.0,36,287,59,0.7076412088215263
9,355,1,0.0,37,293,62,0.7006995628103208
3,358,1,0.0,38,296,62,0.6938269873309811
14,372,1,0.0,39,304,68,0.6870227951202322
15,387,2,1.0,40,315,72,0.680286305753183
11,398,2,0.0,41,325,73,0.6736168455752829
8,406,2,0.0,42,331,75,0.6670137476349562
5,411,2,0.0,43,335,76,0.6604763516169062
3,414,2,0.0,44,338,76,0.6540040037760834
7,421,2,0.0,45,344,77,0.64759605687231
9,430,2,0.0,46,352,78,0.6412518701055556
14,444,2,0.0,47,363,81,0.6349708090518567
8,452,2,0.0,48,371,81,0.6287522455998737
12,464,2,0.0,49,379,85,0.6225955578880794
13,477,2,0.0,50,389,88,0.616500130242572
4,481,2,0.0,51,392,89,0.6104653531155071
12,493,2,0.0,52,398,95,0.6044906230241432
11,504,2,0.0,53,406,98,0.5985753424904925
2,506,2,0.0,54,408,98,0.5927189199815717
4,510,2,0.0,55,412,98,0.5869207698502498
11,521,3,1.0,56,419,102,0.5811803122766818
47,568,3,0.0,57,443,125,0.5754969732103268
8,576,3,0.0,58,447,129,0.5698701843125418
42,618,3,0.0,59,466,152,0.564299382899748
66,684,3,0.0,60,498,186,0.558784011887162
21,705,3,0.0,61,514,191,0.5533235197330862
36,741,4,1.0,62,533,208,0.5479173603837548
12,753,4,0.0,63,539,214,0.5425649932187278
13,766,4,0.0,64,548,218,0.5372658829968282
30,796,5,1.0,65,563,233,0.5320194998026181
9,805,6,1.0,66,567,238,0.5268253189934059
10,815,7,1.0,67,571,244,0.5216828211467822
5,820,7,0.0,68,575,245,0.516591492008677
6,826,8,1.0,69,576,250,0.5115508224419336
6,832,8,0.0,70,580,252,0.5065603083753949
6,838,9,1.0,71,583,255,0.5016194507534953
11,849,10,1.0,72,587,262,0.49672775548635545
5,854,10,0.0,73,590,264,0.491884733400372
6,860,11,1.0,74,592,268,0.48708990018930043
9,869,12,1.0,75,595,274,0.48234277636582407
6,875,12,0.0,76,599,276,0.47764288721360454
8,883,13,1.0,77,602,281,0.47298976273981014
14,897,13,0.0,78,611,286,0.4683829376281158
6,903,14,1.0,79,612,291,0.4638219511921713
11,914,15,1.0,80,617,297,0.4593063473295323
9,923,15,0.0,81,623,300,0.45483567447604933
14,937,16,1.0,82,630,307,0.4504094855607117
13,950,17,1.0,83,635,315,0.44602733796093924
5,955,17,0.0,84,637,318,0.4416887934583202
8,963,17,0.0,85,641,322,0.43739341819478894
6,969,17,0.0,86,644,325,0.43314078262923944
6,975,17,0.0,87,648,327,0.4289304614945713
3,978,17,0.0,88,650,328,0.42476203375516264
6,984,18,1.0,89,651,333,0.42063508256476556
4,988,18,0.0,90,653,335,0.41654919522482203
10,998,19,1.0,91,657,341,0.4125039631431931
9,1007,20,1.0,92,659,348,0.40849898179329963
3,1010,20,0.0,93,660,350,0.404533850673669
2,1012,20,0.0,94,661,351,0.40060817326788506
5,1017,20,0.0,95,662,355,0.3967215570049359
6,1023,21,1.0,96,663,360,0.3928736132199562
3,1026,21,0.0,97,665,361,0.38906395711536096
3,1029,21,0.0,98,668,361,0.38529220772236483
4,1033,21,0.0,99,670,363,0.3815579878628856
8,1041,22,1.0,100,672,369,0.37786092411182526
10,1051,23,1.0,101,674,377,0.3742006467597279
4,1055,23,0.0,102,676,379,0.3705767897758081
8,1063,24,1.0,103,677,386,0.3669889907713475
12,1075,25,1.0,104,682,393,0.36343689096345594
13,1088,26,1.0,105,686,402,0.35992013513919235
2,1090,26,0.0,106,687,403,0.35643837162004377
3,1093,26,0.0,107,688,405,0.3529912522267568
2,1095,26,0.0,108,689,406,0.34957843224451957
6,1101,27,1.0,109,689,412,0.34619957038848975
2,1103,27,0.0,110,691,412,0.34285432876966604
8,1111,28,1.0,111,692,419,0.3395423728610988
6,1117,29,1.0,112,692,425,0.3362633714644372
6,1123,30,1.0,113,692,431,0.33301699667680906
2,1125,30,0.0,114,693,432,0.3298029238580304
6,1131,31,1.0,115,694,437,0.3266208315981408
11,1142,32,1.0,116,696,446,0.32347040168526264
9,1151,33,1.0,117,699,452,0.3203513190737793
6,1157,34,1.0,118,699,458,0.3172632718528302
7,1164,35,1.0,119,700,464,0.31420595121511996
8,1172,36,1.0,120,701,471,0.311179051426037
12,1184,36,0.0,121,706,478,0.3081822697930801
6,1190,37,1.0,122,706,484,0.3052153066355885
8,1198,38,1.0,123,708,490,0.30227786525477407
9,1207,39,1.0,124,710,497,0.29936965190405085
10,1217,39,0.0,125,714,503,0.29649037575966014
11,1228,40,1.0,126,717,511,0.29363974889158817
6,1234,41,1.0,127,718,516,0.2908174862347727
8,1242,42,1.0,128,719,523,0.28802330556059597
8,1250,42,0.0,129,721,529,0.2852569274486622
6,1256,43,1.0,130,721,535,0.2825180752588548
2,1258,43,0.0,131,722,536,0.27980647510367246
5,1263,43,0.0,132,725,538,0.2771218558208399
11,1274,44,1.0,133,728,546,0.27446394894619186
4,1278,44,0.0,134,730,548,0.27183248868682575
10,1288,45,1.0,135,733,555,0.26922721189452276
3,1291,45,0.0,136,734,557,0.2666478580394326
6,1297,46,1.0,137,734,563,0.26409416918402034
10,1307,47,1.0,138,737,570,0.26156588995727226
8,1315,48,1.0,139,738,577,0.2590627675291589
6,1321,49,1.0,140,739,582,0.2565845515853515
5,1326,49,0.0,141,740,586,0.2541309943021904
6,1332,50,1.0,142,740,592,0.25170185032190273
4,1336,50,0.0,143,743,593,0.24929687672806608
6,1342,51,1.0,144,743,599,0.246915833021317
6,1348,52,1.0,145,744,604,0.24455848109530054
3,1351,52,0.0,146,745,606,0.2422245852128597
5,1356,52,0.0,147,748,608,0.23991391198246126
6,1362,53,1.0,148,749,613,0.2376262303348566
17,1379,54,1.0,149,754,625,0.2353613114999746
8,1387,55,1.0,150,757,630,0.23311892898404435
8,1395,56,1.0,151,758,637,0.23089885854694553
6,1401,57,1.0,152,759,642,0.22870087817978443
6,1407,58,1.0,153,759,648,0.22652476808269262
4,1411,58,0.0,154,761,650,0.22437031064284702
8,1419,59,1.0,155,762,657,0.22223729041270818
8,1427,60,1.0,156,765,662,0.22012549408847562
5,1432,60,0.0,157,766,666,0.21803471048875708
6,1438,61,1.0,158,767,671,0.21596473053345028
3,1441,61,0.0,159,768,673,0.21391534722283462
7,1448,62,1.0,160,770,678,0.2118863556168713
6,1454,63,1.0,161,771,683,0.20987755281470882
6,1460,64,1.0,162,772,688,0.20788873793439305
6,1466,65,1.0,163,772,694,0.2059197120927785
9,1475,66,1.0,164,774,701,0.20397027838564025
4,1479,66,0.0,165,775,704,0.20204024186798297
6,1485,67,1.0,166,775,710,0.20012940953454655
6,1491,68,1.0,167,775,716,0.1982375903005053
3,1494,68,0.0,168,778,716,0.19636459498235934
2,1496,68,0.0,169,780,716,0.19451023627901587
8,1504,69,1.0,170,781,723,0.19267432875305937
6,1510,70,1.0,171,781,729,0.19085668881220733
7,1517,71,1.0,172,782,735,0.1890571346909509
6,1523,72,1.0,173,782,741,0.1872754864323783
8,1531,73,1.0,174,783,748,0.18551156587017906
7,1538,74,1.0,175,784,754,0.1837651966108269
6,1544,75,1.0,176,784,760,0.1820362040159407
6,1550,76,1.0,177,785,765,0.18032441518482004
8,1558,77,1.0,178,786,772,0.17862965893715535
7,1565,78,1.0,179,787,778,0.17695176579590954
2,1567,78,0.0,180,788,779,0.1752905679703703
6,1573,79,1.0,181,789,784,0.17364589933937066
6,1579,80,1.0,182,789,790,0.172017595434677
8,1587,81,1.0,183,791,796,0.17040549342454195
8,1595,82,1.0,184,792,803,0.16880943209742102
7,1602,83,1.0,185,793,809,0.16722925184585147
6,1608,84,1.0,186,793,815,0.16566479465049133
5,1613,84,0.0,187,794,819,0.16411590406431734
7,1620,84,0.0,188,798,822,0.1625824251969801
7,1627,85,1.0,189,799,828,0.16106420469931504
5,1632,85,0.0,190,800,832,0.15956109074800714
6,1638,86,1.0,191,800,838,0.1580729330304087
6,1644,87,1.0,192,800,844,0.15659958272950783
8,1652,87,0.0,193,804,848,0.15514089250904667
6,1658,88,1.0,194,804,854,0.1536967164987875
6,1664,89,1.0,195,804,860,0.1522669102799259
8,1672,90,1.0,196,806,866,0.15085133087064845
6,1678,91,1.0,197,807,871,0.14944983671183457
7,1685,92,1.0,198,809,876,0.14806228765290044
6,1691,93,1.0,199,809,882,0.1466885449377839
7,1698,94,1.0,200,810,888,0.14532847119106862
6,1704,95,1.0,201,810,894,0.1439819304042466
7,1711,96,1.0,202,811,900,0.14264878792211688
4,1715,96,0.0,203,812,903,0.1413289104293205
4,1719,96,0.0,204,814,905,0.14002216593700811
6,1725,97,1.0,205,814,911,0.13872842376964165
6,1731,98,1.0,206,814,917,0.1374475545519262
9,1740,99,1.0,207,817,923,0.13617943019587256
6,1746,100,1.0,208,817,929,0.13492392388798838
6,1752,101,1.0,209,817,935,0.13368091007659658
8,1760,102,1.0,210,818,942,0.1324502644592803
6,1766,103,1.0,211,818,948,0.13123186397045208
7,1773,104,1.0,212,819,954,0.13002558676904785
8,1781,105,1.0,213,821,960,0.12883131222634217
6,1787,106,1.0,214,821,966,0.12764892091388555
6,1793,107,1.0,215,822,971,0.1264782945915614
6,1799,108,1.0,216,822,977,0.125319316195762
5,1804,108,0.0,217,823,981,0.12417186982768189
6,1810,109,1.0,218,823,987,0.12303584074172813
8,1818,110,1.0,219,824,994,0.12191111533404535
8,1826,111,1.0,220,825,1001,0.12079758113115559
6,1832,112,1.0,221,825,1007,0.11969512677871053
6,1838,113,1.0,222,825,1013,0.11860364203035628
6,1844,114,1.0,223,825,1019,0.11752301773670837
6,1850,115,1.0,224,825,1025,0.116453145834437
8,1858,116,1.0,225,826,1032,0.11539391933546027
6,1864,117,1.0,226,826,1038,0.11434523231624569
3,1867,117,0.0,227,828,1039,0.11330697990721733
6,1873,118,1.0,228,828,1045,0.1122790582822692
4,1877,118,0.0,229,829,1048,0.11126136464838206
6,1883,119,1.0,230,829,1054,0.11025379723534455
7,1890,120,1.0,231,830,1060,0.10925625528557566
6,1896,121,1.0,232,830,1066,0.1082686390440492
3,1899,121,0.0,233,831,1068,0.10729084974831793
4,1903,121,0.0,234,833,1070,0.10632278961863742
6,1909,122,1.0,235,833,1076,0.10536436184818809
6,1915,123,1.0,236,833,1082,0.10441547059339411
14,1929,124,1.0,237,837,1092,0.10347602096433932
2,1931,124,0.0,238,838,1093,0.10254591901527788
8,1939,125,1.0,239,839,1100,0.10162507173523985
6,1945,126,1.0,240,839,1106,0.10071338703872978
6,1951,127,1.0,241,840,1111,0.09981077375651838
7,1958,128,1.0,242,842,1116,0.09891714162652515
7,1965,129,1.0,243,843,1122,0.09803240128479247
6,1971,130,1.0,244,843,1128,0.09715646425654882
7,1978,130,0.0,245,845,1133,0.09628924294736148
6,1984,131,1.0,246,845,1139,0.09543065063437678
8,1992,132,1.0,247,846,1146,0.09458060145764802
8,2000,133,1.0,248,848,1152,0.09373901041154904
6,2006,134,1.0,249,848,1158,0.092905793336274
6,2012,135,1.0,250,848,1164,0.09208086690942092
10,2022,136,1.0,251,850,1172,0.0912641486376598
6,2028,137,1.0,252,850,1178,0.09045555684848275
6,2034,138,1.0,253,850,1184,0.08965501068203711
7,2041,139,1.0,254,851,1190,0.08886243008303903
7,2048,140,1.0,255,852,1196,0.08807773579276819
6,2054,141,1.0,256,852,1202,0.08730084934114159
6,2060,142,1.0,257,852,1208,0.08653169303886674
8,2068,143,1.0,258,853,1215,0.0857701899696724
7,2075,144,1.0,259,854,1221,0.08501626398261702
6,2081,145,1.0,260,854,1227,0.0842698396844737
6,2087,146,1.0,261,854,1233,0.08353084243219053
6,2093,147,1.0,262,854,1239,0.08279919832542652
6,2099,148,1.0,263,854,1245,0.08207483419916123
7,2106,149,1.0,264,855,1251,0.08135767761637844
6,2112,150,1.0,265,855,1257,0.08064765686082219
6,2118,151,1.0,266,856,1262,0.0799447009298253
9,2127,152,1.0,267,858,1269,0.0792487395272088
6,2133,153,1.0,268,858,1275,0.07855970305625253
6,2139,154,1.0,269,859,1280,0.07787752261273513
8,2147,155,1.0,270,860,1287,0.07720212997804382
6,2153,156,1.0,271,860,1293,0.07653345761235225
6,2159,157,1.0,272,862,1297,0.07587143864786668
5,2164,157,0.0,273,863,1301,0.07521600688213892
6,2170,158,1.0,274,863,1307,0.07456709677144624
6,2176,159,1.0,275,863,1313,0.07392464342423678
6,2182,160,1.0,276,863,1319,0.0732885825946405
8,2190,161,1.0,277,864,1326,0.07265885067604429
6,2196,162,1.0,278,864,1332,0.07203538469473161
6,2202,163,1.0,279,864,1338,0.0714181223035847
6,2208,164,1.0,280,864,1344,0.07080700177585013
6,2214,165,1.0,281,864,1350,0.07020196199896576
8,2222,166,1.0,282,866,1356,0.06960294246844981
7,2229,167,1.0,283,867,1362,0.06900988328184997
6,2235,168,1.0,284,867,1368,0.06842272513275337
6,2241,169,1.0,285,867,1374,0.06784140930485581
6,2247,170,1.0,286,867,1380,0.06726587766609007
6,2253,171,1.0,287,867,1386,0.06669607266281269
6,2259,172,1.0,288,868,1391,0.06613193731404843
6,2265,173,1.0,289,868,1397,0.06557341520579238
8,2273,174,1.0,290,870,1403,0.06502045048536823
6,2279,175,1.0,291,870,1409,0.06447298785584316
6,2285,176,1.0,292,870,1415,0.06393097257049796
3,2288,176,0.0,293,871,1417,0.06339435042735246
6,2294,177,1.0,294,871,1423,0.06286306776374512
6,2300,178,1.0,295,871,1429,0.06233707145096687
6,2306,179,1.0,296,871,1435,0.06181630888894806
8,2314,180,1.0,297,872,1442,0.061300728000998575
6,2320,181,1.0,298,872,1448,0.06079027722859992
6,2326,182,1.0,299,872,1454,0.060284905526249516
6,2332,183,1.0,300,873,1459,0.05978456235635595
6,2338,184,1.0,301,873,1465,0.05928919768418531
7,2345,185,1.0,302,874,1471,0.05879876197285753
6,2351,186,1.0,303,875,1476,0.058313206178392835
6,2357,187,1.0,304,876,1481,0.05783248174480709
6,2363,188,1.0,305,876,1487,0.057356540599256385
2,2365,188,0.0,306,877,1488,0.0568853351472295
6,2371,189,1.0,307,877,1494,0.0564188182677886
6,2377,190,1.0,308,877,1500,0.05595694330885694
6,2383,191,1.0,309,877,1506,0.05549966408255377
6,2389,192,1.0,310,877,1512,0.05504693486057535
6,2395,193,1.0,311,877,1518,0.05459871036962222
7,2402,194,1.0,312,878,1524,0.05415494578687179
6,2408,195,1.0,313,878,1530,0.05371559673549593
10,2418,196,1.0,314,881,1537,0.053280619280223436
6,2424,197,1.0,315,881,1543,0.05284996992294624
6,2430,198,1.0,316,881,1549,0.05242360559836979
7,2437,199,1.0,317,882,1555,0.05200148366970627
6,2443,200,1.0,318,882,1561,0.051583561924411096
6,2449,201,1.0,319,882,1567,0.05116979856996143
3,2452,201,0.0,320,883,1569,0.050760152229677065
6,2458,202,1.0,321,883,1575,0.05035458193858255
6,2464,203,1.0,322,883,1581,0.049953047139310834
6,2470,204,1.0,323,883,1587,0.04955550767804736
6,2476,205,1.0,324,883,1593,0.04916192380051474
8,2484,206,1.0,325,885,1599,0.0487722561479972
8,2492,207,1.0,326,886,1606,0.04838646575340479
6,2498,208,1.0,327,886,1612,0.04800451403737654
6,2504,209,1.0,328,886,1618,0.04762636280442257
6,2510,210,1.0,329,886,1624,0.04725197423910444
6,2516,211,1.0,330,886,1630,0.04688131090225365
8,2524,212,1.0,331,887,1637,0.046514335727227595
6,2530,213,1.0,332,887,1643,0.046151012016203
6,2536,214,1.0,333,887,1649,0.04579130343650595
6,2542,215,1.0,334,887,1655,0.04543517401697875
6,2548,216,1.0,335,887,1661,0.04508258814438266
6,2554,217,1.0,336,887,1667,0.04473351055983658
6,2560,218,1.0,337,887,1673,0.044387906355291176
2,2562,218,0.0,338,888,1674,0.04404574097003798
6,2568,219,1.0,339,889,1679,0.04370698018725335
6,2574,220,1.0,340,889,1685,0.043371590130576676
10,2584,221,1.0,341,891,1693,0.04303953726072282
2,2586,221,0.0,342,892,1694,0.042710788372128064
6,2592,222,1.0,343,892,1700,0.042385310589629625
6,2598,223,1.0,344,893,1705,0.04206307136517797
6,2604,224,1.0,345,893,1711,0.04174403847458216
6,2610,225,1.0,346,893,1717,0.04142818001428726
6,2616,226,1.0,347,893,1723,0.04111546439818403
6,2622,227,1.0,348,893,1729,0.04080586035445025
4,2626,227,0.0,349,894,1732,0.040499336922423565
8,2634,228,1.0,350,895,1739,0.040195863449505306
6,2640,229,1.0,351,895,1745,0.039895409588095315
6,2646,230,1.0,352,895,1751,0.039597945292557044
5,2651,230,0.0,353,896,1755,0.03930344081621308
6,2657,231,1.0,354,896,1761,0.03901186670837034
6,2663,232,1.0,355,896,1767,0.03872319381137508
6,2669,233,1.0,356,896,1773,0.03843739325769703
6,2675,234,1.0,357,896,1779,0.03815443646704266
6,2681,235,1.0,358,896,1785,0.03787429514349709
6,2687,236,1.0,359,896,1791,0.03759694127269454
6,2693,237,1.0,360,896,1797,0.037322347119016795
6,2699,238,1.0,361,896,1803,0.03705048522281963
6,2705,239,1.0,362,897,1808,0.03678132839768691
6,2711,240,1.0,363,897,1814,0.036514849727711796
6,2717,241,1.0,364,897,1820,0.03625102256480524
2,2719,241,0.0,365,898,1821,0.03598982052603108
6,2725,242,1.0,366,898,1827,0.0357312174909678
6,2731,243,1.0,367,898,1833,0.03547518759909634
6,2737,244,1.0,368,898,1839,0.035221705247214206
7,2744,245,1.0,369,899,1845,0.03497074508687494
6,2750,246,1.0,370,899,1851,0.034722282021853394
6,2756,247,1.0,371,899,1857,0.034476291205635994
6,2762,248,1.0,372,899,1863,0.034232748038936146
8,2770,249,1.0,373,900,1870,0.0339916281672342
6,2776,250,1.0,374,900,1876,0.03375290747834208
6,2782,251,1.0,375,900,1882,0.033516562099991945
6,2788,252,1.0,376,900,1888,0.03328256839744902
6,2794,253,1.0,377,900,1894,0.03305090297114803
8,2802,254,1.0,378,901,1901,0.03282154265435332
6,2808,255,1.0,379,901,1907,0.03259446451084204
6,2814,256,1.0,380,901,1913,0.03236964583261064
6,2820,257,1.0,381,901,1919,0.03214706413760394
6,2826,258,1.0,382,902,1924,0.03192669716746694
6,2832,259,1.0,383,903,1929,0.031708522885318995
6,2838,260,1.0,384,904,1934,0.031492519473550085
6,2844,261,1.0,385,904,1940,0.031278665331639026
6,2850,262,1.0,386,904,1946,0.031066939073993396
7,2857,263,1.0,387,905,1952,0.030857319527811018
6,2863,264,1.0,388,905,1958,0.030649785730962574
6,2869,265,1.0,389,905,1964,0.030444316929895437
6,2875,266,1.0,390,906,1969,0.030240892577558277
6,2881,267,1.0,391,906,1975,0.030039492331346347
6,2887,268,1.0,392,906,1981,0.029840096051067175
6,2893,269,1.0,393,907,1986,0.029642683796926583
6,2899,270,1.0,394,907,1992,0.02944723582753464
6,2905,271,1.0,395,907,1998,0.029253732597931535
6,2911,272,1.0,396,907,2004,0.029062154757633053
6,2917,273,1.0,397,907,2010,0.02887248314869552
6,2923,274,1.0,398,907,2016,0.028684698803799973
6,2929,275,1.0,399,907,2022,0.02849878294435545
8,2937,276,1.0,400,908,2029,0.02831471697862105
6,2943,277,1.0,401,908,2035,0.028132482499846838
6,2949,278,1.0,402,908,2041,0.027952061284433068
6,2955,279,1.0,403,908,2047,0.02777343529010782
8,2963,280,1.0,404,909,2054,0.027596586654122846
6,2969,281,1.0,405,909,2060,0.027421497691467157
6,2975,282,1.0,406,909,2066,0.02724815089309858
6,2981,283,1.0,407,909,2072,0.0270765289241928
4,2985,283,0.0,408,910,2075,0.026906614622409945
6,2991,284,1.0,409,910,2081,0.026738390996178224
7,2998,285,1.0,410,911,2087,0.026571841222994823
6,3004,286,1.0,411,911,2093,0.026406948647743643
6,3010,287,1.0,412,911,2099,0.026243696781029717
6,3016,288,1.0,413,911,2105,0.026082069297530375
6,3022,289,1.0,414,911,2111,0.02592205003436255
6,3028,290,1.0,415,911,2117,0.025763622989466578
6,3034,291,1.0,416,911,2123,0.025606772320005942
8,3042,292,1.0,417,912,2130,0.025451482340783003
6,3048,293,1.0,418,912,2136,0.02529773752267042
6,3054,294,1.0,419,912,2142,0.025145522491058264
8,3062,295,1.0,420,913,2149,0.02499482202431651
6,3068,296,1.0,421,913,2155,0.024845621052272927
6,3074,297,1.0,422,913,2161,0.024697904654705963
6,3080,298,1.0,423,914,2166,0.024551658059852766
6,3086,299,1.0,424,914,2172,0.024406866642931964
6,3092,300,1.0,425,914,2178,0.024263515924681227
6,3098,301,1.0,426,914,2184,0.024121591569909263
6,3104,302,1.0,427,915,2189,0.023981079386062323
6,3110,303,1.0,428,915,2195,0.023841965321804916
6,3116,304,1.0,429,915,2201,0.023704235465614704
6,3122,305,1.0,430,915,2207,0.023567876044391298
6,3128,306,1.0,431,915,2213,0.023432873422078924
6,3134,307,1.0,432,915,2219,0.02329921409830285
6,3140,308,1.0,433,915,2225,0.02316688470701933
6,3146,309,1.0,434,915,2231,0.023035872015178954
6,3152,310,1.0,435,915,2237,0.022906162921403357
6,3158,311,1.0,436,915,2243,0.022777744454675064
6,3164,312,1.0,437,915,2249,0.0226506037730404
7,3171,313,1.0,438,916,2255,0.02252472816232525
6,3177,314,1.0,439,916,2261,0.022400105034863643
6,3183,315,1.0,440,916,2267,0.02227672192823897
6,3189,316,1.0,441,916,2273,0.02215456650403775
6,3195,317,1.0,442,916,2279,0.022033626546615788
6,3201,318,1.0,443,916,2285,0.021913889961876536
6,3207,319,1.0,444,917,2290,0.02179534477606175
6,3213,320,1.0,445,917,2296,0.02167797913455405
6,3219,321,1.0,446,917,2302,0.021561781300691488
6,3225,322,1.0,447,917,2308,0.02144673965459385
6,3231,323,1.0,448,917,2314,0.021332842692000656
6,3237,324,1.0,449,917,2320,0.021220079023120713
6,3243,325,1.0,450,917,2326,0.02110843737149319
6,3249,326,1.0,451,917,2332,0.02099790657285988
6,3255,327,1.0,452,917,2338,0.020888475574048812
6,3261,328,1.0,453,917,2344,0.020780133431868894
6,3267,329,1.0,454,917,2350,0.020672869312015653
6,3273,330,1.0,455,917,2356,0.020566672487987697
6,3279,331,1.0,456,917,2362,0.02046153234001413
6,3285,332,1.0,457,917,2368,0.02035743835399253
6,3291,333,1.0,458,917,2374,0.020254380120437558
6,3297,334,1.0,459,917,2380,0.02015234733343998
9,3306,335,1.0,460,919,2387,0.020051329789636065
6,3312,336,1.0,461,919,2393,0.01995131738718724
6,3318,337,1.0,462,919,2399,0.019852300124769934
6,3324,338,1.0,463,919,2405,0.019754268100575387
6,3330,339,1.0,464,919,2411,0.019657211511319474
6,3336,340,1.0,465,919,2417,0.0195611206512624
6,3342,341,1.0,466,919,2423,0.01946598591123807
6,3348,342,1.0,467,919,2429,0.01937179777769322
6,3354,343,1.0,468,919,2435,0.019278546831735997
6,3360,344,1.0,469,919,2441,0.019186223748194096
6,3366,345,1.0,470,919,2447,0.01909481929468222
6,3372,346,1.0,471,919,2453,0.019004324330678855
6,3378,347,1.0,472,919,2459,0.018914729806612192
6,3384,348,1.0,473,919,2465,0.01882602676295516
6,3390,349,1.0,474,919,2471,0.018738206329329453
6,3396,350,1.0,475,919,2477,0.018651259723618557
6,3402,351,1.0,476,919,2483,0.01856517825108943
6,3408,352,1.0,477,919,2489,0.018479953303523082
6,3414,353,1.0,478,919,2495,0.018395576358353725
8,3422,354,1.0,479,920,2502,0.018312038977816556
6,3428,355,1.0,480,920,2508,0.018229332808103887
6,3434,356,1.0,481,920,2514,0.01814744957852983
6,3440,357,1.0,482,920,2520,0.01806638110070318
6,3446,358,1.0,483,920,2526,0.01798611926770862
6,3452,359,1.0,484,920,2532,0.017906656053295947
6,3458,360,1.0,485,920,2538,0.017827983511077505
6,3464,361,1.0,486,920,2544,0.01775009377373351
6,3470,362,1.0,487,920,2550,0.017672979052225327
6,3476,363,1.0,488,920,2556,0.017596631635016534
6,3482,364,1.0,489,920,2562,0.01752104388730179
6,3488,365,1.0,490,920,2568,0.017446208250243338
6,3494,366,1.0,491,920,2574,0.017372117240215094
6,3500,367,1.0,492,920,2580,0.01729876344805433
6,3506,368,1.0,493,920,2586,0.0172261395383207
6,3512,369,1.0,494,920,2592,0.017154238248562697
6,3518,370,1.0,495,920,2598,0.017083052388591435
6,3524,371,1.0,496,920,2604,0.017012574839761596
6,3530,372,1.0,497,920,2610,0.01694279855425957
6,3536,373,1.0,498,920,2616,0.016873716554398652
6,3542,374,1.0,499,920,2622,0.016805321931921288
6,3548,375,1.0,500,920,2628,0.01673760784730824
6,3554,376,1.0,501,920,2634,0.016670567529094613
6,3560,377,1.0,502,921,2639,0.01660419427319272
2,3562,377,0.0,503,922,2640,0.016538481442221656
6,3568,378,1.0,504,922,2646,0.016473422464843575
6,3574,379,1.0,505,922,2652,0.01640901083510651
6,3580,380,1.0,506,922,2658,0.01634524011179382
6,3586,381,1.0,507,922,2664,0.016282103917780018
6,3592,382,1.0,508,922,2670,0.01621959593939311
6,3598,383,1.0,509,922,2676,0.016157709925783147
6,3604,384,1.0,510,922,2682,0.016096439688297208
6,3610,385,1.0,511,922,2688,0.016035779099860478
6,3616,386,1.0,512,922,2694,0.01597572209436357
6,3622,387,1.0,513,922,2700,0.015916262666055885
6,3628,388,1.0,514,922,2706,0.015857394868945038
6,3634,389,1.0,515,922,2712,0.015799112816202266
6,3640,390,1.0,516,922,2718,0.01574141067957372
6,3646,391,1.0,517,922,2724,0.01568428268879766
6,3652,392,1.0,518,922,2730,0.0156277231310274
6,3658,393,1.0,519,922,2736,0.015571726350260025
6,3664,394,1.0,520,922,2742,0.015516286746770792
6,3670,395,1.0,521,922,2748,0.015461398776553163
6,3676,396,1.0,522,922,2754,0.015407056950764372
6,3682,397,1.0,523,922,2760,0.01535325583517655
6,3688,398,1.0,524,922,2766,0.015299990049633304
6,3694,399,1.0,525,922,2772,0.015247254267511699
6,3700,400,1.0,526,922,2778,0.015195043215189571
6,3706,401,1.0,527,922,2784,0.015143351671518179
6,3712,402,1.0,528,922,2790,0.015092174467300075
6,3718,403,1.0,529,922,2796,0.015041506484772198
6,3724,404,1.0,530,922,2802,0.01499134265709407
4,3728,404,0.0,531,923,2805,0.014941677967841115
6,3734,405,1.0,532,923,2811,0.01489250745050302
6,3740,406,1.0,533,923,2817,0.014843826187987082
6,3746,407,1.0,534,923,2823,0.014795629312126479
6,3752,408,1.0,535,923,2829,0.014747912003193458
2,3754,408,0.0,536,924,2830,0.014700669489417359
7,3761,409,1.0,537,925,2836,0.014653897046507443
6,3767,410,1.0,538,925,2842,0.01460758999718044
6,3773,411,1.0,539,925,2848,0.014561743710692824
6,3779,412,1.0,540,925,2854,0.014516353602377746
6,3785,413,1.0,541,925,2860,0.01447141513318654
6,3791,414,1.0,542,925,2866,0.014426923809234849
6,3797,415,1.0,543,925,2872,0.014382875181353196
6,3803,416,1.0,544,925,2878,0.01433926484464209
6,3809,417,1.0,545,925,2884,0.014296088438031505
6,3815,418,1.0,546,925,2890,0.014253341643844817
6,3821,419,1.0,547,925,2896,0.014211020187366974
6,3827,420,1.0,548,925,2902,0.014169119836417065
6,3833,421,1.0,549,925,2908,0.01412763640092507
6,3839,422,1.0,550,925,2914,0.014086565732512882
6,3845,423,1.0,551,925,2920,0.014045903724079427
6,3851,424,1.0,552,925,2926,0.014005646309389977
6,3857,425,1.0,553,925,2932,0.013965789462669513
6,3863,426,1.0,554,925,2938,0.013926329198200155
6,3869,427,1.0,555,925,2944,0.013887261569922569
6,3875,428,1.0,556,925,2950,0.01384858267104137
6,3881,429,1.0,557,925,2956,0.013810288633634434
6,3887,430,1.0,558,925,2962,0.013772375628266116
6,3893,431,1.0,559,925,2968,0.013734839863604284
6,3899,432,1.0,560,925,2974,0.013697677586041186
8,3907,433,1.0,561,926,2981,0.0136608850793181
6,3913,434,1.0,562,926,2987,0.013624458664153696
6,3919,435,1.0,563,926,2993,0.013588394697876097
8,3927,436,1.0,564,927,3000,0.013552689574058628
6,3933,437,1.0,565,927,3006,0.013517339722159148
6,3939,438,1.0,566,927,3012,0.013482341607163007
6,3945,439,1.0,567,927,3018,0.013447691729229546
6,3951,440,1.0,568,927,3024,0.013413386623342096
6,3957,441,1.0,569,927,3030,0.013379422858961477
6,3963,442,1.0,570,927,3036,0.013345797039682946
6,3969,443,1.0,571,927,3042,0.01331250580289656
6,3975,444,1.0,572,927,3048,0.013279545819450893
6,3981,445,1.0,573,927,3054,0.013246913793320138
6,3987,446,1.0,574,927,3060,0.01321460646127448
6,3993,447,1.0,575,927,3066,0.013182620592553802
6,3999,448,1.0,576,927,3072,0.01315095298854457
8,4007,449,1.0,577,928,3079,0.013119600482459998
6,4013,450,1.0,578,928,3085,0.013088559939023343
6,4019,451,1.0,579,928,3091,0.013057828254154401
6,4025,452,1.0,580,928,3097,0.013027402354659073
6,4031,453,1.0,581,928,3103,0.012997279197922058
6,4037,454,1.0,582,928,3109,0.012967455771602571
6,4043,455,1.0,583,928,3115,0.012937929093333135
6,4049,456,1.0,584,928,3121,0.012908696210421315
6,4055,457,1.0,585,928,3127,0.012879754199554458
6,4061,458,1.0,586,928,3133,0.012851100166507357
6,4067,459,1.0,587,928,3139,0.012822731245852837
6,4073,460,1.0,588,928,3145,0.012794644600675184
6,4079,461,1.0,589,928,3151,0.012766837422286476
6,4085,462,1.0,590,928,3157,0.012739306929945703
6,4091,463,1.0,591,928,3163,0.012712050370580685
6,4097,464,1.0,592,928,3169,0.012685065018512777
6,4103,465,1.0,593,928,3175,0.012658348175184284
8,4111,466,1.0,594,929,3182,0.012631897168888604
6,4117,467,1.0,595,929,3188,0.012605709354503067
6,4123,468,1.0,596,929,3194,0.012579782113224414
8,4131,469,1.0,597,931,3200,0.012554112852306908
6,4137,470,1.0,598,931,3206,0.012528699004803068
6,4143,471,1.0,599,931,3212,0.012503538029306963
6,4149,472,1.0,600,931,3218,0.012478627409700078
6,4155,473,1.0,601,931,3224,0.012453964654899695
6,4161,474,1.0,602,931,3230,0.012429547298609778
6,4167,475,1.0,603,931,3236,0.01240537289907435
6,4173,476,1.0,604,931,3242,0.012381439038833314
6,4179,477,1.0,605,931,3248,0.012357743324480702
6,4185,478,1.0,606,931,3254,0.01233428338642533
6,4191,479,1.0,607,931,3260,0.012311056878653841
6,4197,480,1.0,608,931,3266,0.012288061478496108
6,4203,481,1.0,609,931,3272,0.012265294886392948
6,4209,482,1.0,610,931,3278,0.01224275482566618
6,4215,483,1.0,611,931,3284,0.012220439042290943
6,4221,484,1.0,612,931,3290,0.012198345304670311
6,4227,485,1.0,613,931,3296,0.012176471403412107
6,4233,486,1.0,614,931,3302,0.012154815151107974
6,4239,487,1.0,615,931,3308,0.012133374382114637
6,4245,488,1.0,616,931,3314,0.012112146952337331
6,4251,489,1.0,617,931,3320,0.012091130739015387
6,4257,490,1.0,618,931,3326,0.012070323640509958
6,4263,491,1.0,619,931,3332,0.012049723576093858
6,4269,492,1.0,620,931,3338,0.012029328485743472
6,4275,493,1.0,621,931,3344,0.012009136329932777
6,4281,494,1.0,622,931,3350,0.01198914508942936
6,4287,495,1.0,623,931,3356,0.011969352765092513
6,4293,496,1.0,624,931,3362,0.011949757377673304
6,4299,497,1.0,625,931,3368,0.01193035696761667
6,4305,498,1.0,626,931,3374,0.011911149594865432
6,4311,499,1.0,627,931,3380,0.011892133338666311
6,4317,500,1.0,628,931,3386,0.01187330629737784
6,4323,501,1.0,629,931,3392,0.011854666588280199
6,4329,502,1.0,630,931,3398,0.011836212347386948
6,4335,503,1.0,631,931,3404,0.011817941729258619
8,4343,504,1.0,632,932,3411,0.011799852906818169
6,4349,505,1.0,633,932,3417,0.011781944071168286
7,4356,506,1.0,634,933,3423,0.011764213431410478
6,4362,507,1.0,635,933,3429,0.011746659214465993
6,4368,508,1.0,636,933,3435,0.011729279664898506
6,4374,509,1.0,637,933,3441,0.011712073044738584
6,4380,510,1.0,638,933,3447,0.011695037633309868
6,4386,511,1.0,639,933,3453,0.011678171727057018
6,4392,512,1.0,640,933,3459,0.011661473639375353
6,4398,513,1.0,641,933,3465,0.011644941700442194
6,4404,514,1.0,642,933,3471,0.011628574257049868
6,4410,515,1.0,643,933,3477,0.011612369672440398
6,4416,516,1.0,644,933,3483,0.011596326326141817
6,4422,517,1.0,645,933,3489,0.011580442613806126
6,4428,518,1.0,646,933,3495,0.011564716947048855
6,4434,519,1.0,647,933,3501,0.011549147753290225
6,4440,520,1.0,648,933,3507,0.011533733475597885
6,4446,521,1.0,649,933,3513,0.011518472572531219
6,4452,522,1.0,650,933,3519,0.011503363517987204
6,4458,523,1.0,651,933,3525,0.011488404801047796
6,4464,524,1.0,652,933,3531,0.011473594925828836
6,4470,525,1.0,653,933,3537,0.011458932411330456
6,4476,526,1.0,654,933,3543,0.01144441579128899
6,4482,527,1.0,655,933,3549,0.011430043614030338
6,4488,528,1.0,656,933,3555,0.011415814442324796
6,4494,529,1.0,657,933,3561,0.011401726853243335
6,4500,530,1.0,658,933,3567,0.011387779438015309
6,4506,531,1.0,659,933,3573,0.011373970801887569
6,4512,532,1.0,660,933,3579,0.011360299563985
6,4518,533,1.0,661,933,3585,0.011346764357172414
6,4524,534,1.0,662,933,3591,0.011333363827917855
6,4530,535,1.0,663,933,3597,0.011320096636157226
6,4536,536,1.0,664,933,3603,0.011306961455160297
6,4542,537,1.0,665,933,3609,0.011293956971398022
6,4548,538,1.0,666,933,3615,0.01128108188441119
6,4554,539,1.0,667,933,3621,0.01126833490668037
6,4560,540,1.0,668,933,3627,0.011255714763497167
7,4567,541,1.0,669,934,3633,0.011243220192836747
6,4573,542,1.0,670,934,3639,0.011230849945231628
6,4579,543,1.0,671,934,3645,0.011218602783646746
6,4585,544,1.0,672,934,3651,0.011206477483355735
7,4592,545,1.0,673,935,3657,0.01119447283181846
6,4598,546,1.0,674,935,3663,0.011182587628559764
6,4604,547,1.0,675,935,3669,0.011170820685049418
6,4610,548,1.0,676,935,3675,0.011159170824583262
6,4616,549,1.0,677,935,3681,0.011147636882165546
6,4622,550,1.0,678,935,3687,0.011136217704392411
6,4628,551,1.0,679,935,3693,0.011124912149336568
8,4636,552,1.0,680,936,3700,0.01111371908643309
6,4642,553,1.0,681,936,3706,0.011102637396366355
6,4648,554,1.0,682,936,3712,0.011091665970958125
6,4654,555,1.0,683,936,3718,0.011080803713056716
6,4660,556,1.0,684,936,3724,0.011070049536427285
6,4666,557,1.0,685,936,3730,0.011059402365643208
6,4672,558,1.0,686,936,3736,0.011048861135978534
6,4678,559,1.0,687,936,3742,0.011038424793301511
6,4684,560,1.0,688,936,3748,0.011028092293969175
6,4690,561,1.0,689,936,3754,0.011017862604722983
6,4696,562,1.0,690,936,3760,0.011007734702585483
6,4702,563,1.0,691,936,3766,0.010997707574758025
6,4708,564,1.0,692,936,3772,0.010987780218519469
6,4714,565,1.0,693,936,3778,0.010977951641125918
6,4720,566,1.0,694,936,3784,0.010968220859711442
6,4726,567,1.0,695,936,3790,0.010958586901189789
2,4728,567,0.0,696,937,3791,0.01094904880215708
6,4734,568,1.0,697,937,3797,0.010939605608795464
6,4740,569,1.0,698,937,3803,0.010930256376777735
6,4746,570,1.0,699,937,3809,0.010921000171172899
9,4755,571,1.0,700,939,3816,0.010911836066352685
6,4761,572,1.0,701,939,3822,0.010902763145898971
6,4767,573,1.0,702,939,3828,0.010893780502512152
6,4773,574,1.0,703,939,3834,0.010884887237920403
6,4779,575,1.0,704,939,3840,0.010876082462789857
6,4785,576,1.0,705,939,3846,0.010867365296635659
6,4791,577,1.0,706,940,3851,0.010858734867733933
6,4797,578,1.0,707,940,3857,0.010850190313034594
6,4803,579,1.0,708,940,3863,0.010841730778075053
6,4809,580,1.0,709,940,3869,0.010833355416894765
6,4815,581,1.0,710,940,3875,0.01082506339195063
6,4821,582,1.0,711,940,3881,0.010816853874033245
6,4827,583,1.0,712,940,3887,0.010808726042183978
6,4833,584,1.0,713,940,3893,0.01080067908361287
6,4839,585,1.0,714,940,3899,0.01079271219361736
6,4845,586,1.0,715,940,3905,0.010784824575501804
6,4851,587,1.0,716,940,3911,0.010777015440497823
8,4859,588,1.0,717,941,3918,0.010769284007685407
6,4865,589,1.0,718,941,3924,0.01076162950391483
6,4871,590,1.0,719,941,3930,0.01075405116372934
6,4877,591,1.0,720,941,3936,0.010746548229288598
6,4883,592,1.0,721,941,3942,0.010739119950292912
6,4889,593,1.0,722,941,3948,0.010731765583908192
6,4895,594,1.0,723,941,3954,0.010724484394691668
6,4901,595,1.0,724,941,3960,0.010717275654518353
6,4907,596,1.0,725,941,3966,0.010710138642508221
6,4913,597,1.0,726,941,3972,0.010703072644954124
6,4919,598,1.0,727,941,3978,0.010696076955250418
6,4925,599,1.0,728,941,3984,0.010689150873822304
6,4931,600,1.0,729,941,3990,0.010682293708055865
6,4937,601,1.0,730,941,3996,0.010675504772228813
6,4943,602,1.0,731,941,4002,0.010668783387441906
6,4949,603,1.0,732,941,4008,0.010662128881551065
8,4957,604,1.0,733,942,4015,0.010655540589100154
6,4963,605,1.0,734,942,4021,0.010649017851254439
6,4969,606,1.0,735,942,4027,0.0106425600157347
6,4975,607,1.0,736,942,4033,0.010636166436752002
6,4981,608,1.0,737,942,4039,0.01062983647494312
6,4987,609,1.0,738,942,4045,0.010623569497306598
6,4993,610,1.0,739,942,4051,0.01061736487713945
6,4999,611,1.0,740,942,4057,0.010611221993974488
6,5005,612,1.0,741,942,4063,0.010605140233518277
6,5011,613,1.0,742,942,4069,0.010599118987589702
6,5017,614,1.0,743,942,4075,0.010593157654059155
6,5023,615,1.0,744,942,4081,0.010587255636788313
6,5029,616,1.0,745,942,4087,0.01058141234557053
6,5035,617,1.0,746,942,4093,0.01057562719607182
6,5041,618,1.0,747,942,4099,0.010569899609772403
6,5047,619,1.0,748,942,4105,0.010564229013908884
6,5053,620,1.0,749,942,4111,0.010558614841416947
6,5059,621,1.0,750,942,4117,0.010553056530874667
6,5065,622,1.0,751,942,4123,0.010547553526446355
6,5071,623,1.0,752,942,4129,0.010542105277826985
6,5077,624,1.0,753,942,4135,0.010536711240187152
6,5083,625,1.0,754,942,4141,0.0105313708741186
6,5089,626,1.0,755,942,4147,0.01052608364558027
6,5095,627,1.0,756,942,4153,0.010520849025844903
6,5101,628,1.0,757,942,4159,0.010515666491446161
6,5107,629,1.0,758,942,4165,0.01051053552412629
4,5111,629,0.0,759,943,4168,0.010505455610784278
6,5117,630,1.0,760,943,4174,0.010500426243424558
6,5123,631,1.0,761,943,4180,0.010495446919106205
7,5130,632,1.0,762,944,4186,0.010490517139892635
6,5136,633,1.0,763,944,4192,0.010485636412801822
6,5142,634,1.0,764,944,4198,0.010480804249756986
6,5148,635,1.0,765,944,4204,0.010476020167537797
6,5154,636,1.0,766,944,4210,0.010471283687732046
6,5160,637,1.0,767,944,4216,0.010466594336687809
6,5166,638,1.0,768,944,4222,0.010461951645466068
6,5172,639,1.0,769,944,4228,0.010457355149793835
6,5178,640,1.0,770,944,4234,0.010452804390017712
6,5184,641,1.0,771,944,4240,0.010448298911057929
6,5190,642,1.0,772,944,4246,0.010443838262362837
6,5196,643,1.0,773,944,4252,0.010439421997863846
6,5202,644,1.0,774,944,4258,0.010435049675930827
6,5208,645,1.0,775,944,4264,0.010430720859327945
6,5214,646,1.0,776,944,4270,0.01042643511516993
6,5220,647,1.0,777,944,4276,0.010422192014878798
6,5226,648,1.0,778,944,4282,0.01041799113414098
6,5232,649,1.0,779,944,4288,0.010413832052864903
6,5238,650,1.0,780,944,4294,0.010409714355138974
6,5244,651,1.0,781,944,4300,0.010405637629189989
6,5250,652,1.0,782,944,4306,0.010401601467341955
6,5256,653,1.0,783,944,4312,0.010397605465975325
6,5262,654,1.0,784,944,4318,0.01039364922548663
5,5267,654,0.0,785,945,4322,0.010389732350248527
6,5273,655,1.0,786,945,4328,0.010385854448570228
6,5279,656,1.0,787,945,4334,0.01038201513265833
6,5285,657,1.0,788,946,4339,0.010378214018578047
6,5291,658,1.0,789,946,4345,0.0103744507262148
6,5297,659,1.0,790,946,4351,0.010370724879236218
6,5303,660,1.0,791,946,4357,0.010367036105054498
6,5309,661,1.0,792,946,4363,0.010363384034789147
6,5315,662,1.0,793,946,4369,0.010359768303230097
6,5321,663,1.0,794,946,4375,0.010356188548801179
6,5327,664,1.0,795,946,4381,0.010352644413523964
6,5333,665,1.0,796,946,4387,0.010349135542981974
6,5339,666,1.0,797,946,4393,0.010345661586285228
6,5345,667,1.0,798,946,4399,0.010342222196035164
6,5351,668,1.0,799,946,4405,0.01033881702828989
6,5357,669,1.0,800,946,4411,0.010335445742529792
6,5363,670,1.0,801,946,4417,0.010332108001623487
6,5369,671,1.0,802,946,4423,0.010328803471794101
6,5375,672,1.0,803,946,4429,0.0103255318225859
6,5381,673,1.0,804,946,4435,0.010322292726831234
6,5387,674,1.0,805,946,4441,0.01031908586061783
6,5393,675,1.0,806,946,4447,0.010315910903256391
7,5400,676,1.0,807,947,4453,0.01031276753724854
6,5406,677,1.0,808,947,4459,0.010309655448255054
6,5412,678,1.0,809,947,4465,0.01030657432506444
6,5418,679,1.0,810,947,4471,0.010303523859561813
6,5424,680,1.0,811,947,4477,0.01030050374669808
6,5430,681,1.0,812,947,4483,0.010297513684459435
6,5436,682,1.0,813,947,4489,0.010294553373837166
6,5442,683,1.0,814,947,4495,0.010291622518797741
6,5448,684,1.0,815,947,4501,0.010288720826253218
6,5454,685,1.0,816,947,4507,0.010285848006031922
6,5460,686,1.0,817,947,4513,0.010283003770849435
6,5466,687,1.0,818,947,4519,0.010280187836279871
6,5472,688,1.0,819,947,4525,0.010277399920727424
6,5478,689,1.0,820,947,4531,0.01027463974539822
6,5484,690,1.0,821,947,4537,0.010271907034272422
6,5490,691,1.0,822,947,4543,0.01026920151407664
6,5496,692,1.0,823,947,4549,0.010266522914256601
6,5502,693,1.0,824,947,4555,0.010263870966950093
6,5508,694,1.0,825,947,4561,0.01026124540696017
6,5514,695,1.0,826,947,4567,0.010258645971728651
6,5520,696,1.0,827,947,4573,0.010256072401309843
6,5526,697,1.0,828,947,4579,0.01025352443834456
6,5532,698,1.0,829,947,4585,0.010251001828034383
6,5538,699,1.0,830,947,4591,0.010248504318116178
6,5544,700,1.0,831,947,4597,0.010246031658836873
6,5550,701,1.0,832,947,4603,0.010243583602928479
6,5556,702,1.0,833,947,4609,0.010241159905583363
6,5562,703,1.0,834,947,4615,0.010238760324429774
6,5568,704,1.0,835,947,4621,0.010236384619507594
6,5574,705,1.0,836,947,4627,0.010234032553244354
6,5580,706,1.0,837,947,4633,0.010231703890431466
6,5586,707,1.0,838,947,4639,0.01022939839820071
6,5592,708,1.0,839,947,4645,0.010227115846000938
6,5598,709,1.0,840,947,4651,0.01022485600557503
6,5604,710,1.0,841,947,4657,0.01022261865093706
6,5610,711,1.0,842,947,4663,0.010220403558349701
6,5616,712,1.0,843,947,4669,0.010218210506301846
6,5622,713,1.0,844,947,4675,0.010216039275486465
6,5628,714,1.0,845,947,4681,0.010213889648778665
5,5633,714,0.0,846,948,4685,0.010211761411213984
6,5639,715,1.0,847,948,4691,0.010209654349966894
6,5645,716,1.0,848,948,4697,0.010207568254329514
6,5651,717,1.0,849,948,4703,0.01020550291569054
6,5657,718,1.0,850,948,4709,0.010203458127514388
6,5663,719,1.0,851,948,4715,0.010201433685320538
6,5669,720,1.0,852,948,4721,0.010199429386663081
6,5675,721,1.0,853,948,4727,0.010197445031110482
6,5681,722,1.0,854,948,4733,0.010195480420225531
6,5687,723,1.0,855,948,4739,0.010193535357545505
6,5693,724,1.0,856,948,4745,0.010191609648562514
6,5699,725,1.0,857,948,4751,0.010189703100704052
6,5705,726,1.0,858,948,4757,0.01018781552331375
6,5711,727,1.0,859,948,4763,0.01018594672763229
8,5719,728,1.0,860,949,4770,0.010184096526778551
8,5727,729,1.0,861,950,4777,0.010182264735730903
8,5735,730,1.0,862,951,4784,0.010180451171308717
6,5741,731,1.0,863,951,4790,0.010178655652154037
6,5747,732,1.0,864,951,4796,0.010176877998713455
6,5753,733,1.0,865,951,4802,0.01017511803322014
6,5759,734,1.0,866,951,4808,0.010173375579676082
6,5765,735,1.0,867,951,4814,0.01017165046383447
6,5771,736,1.0,868,951,4820,0.010169942513182286
6,5777,737,1.0,869,951,4826,0.010168251556923037
6,5783,738,1.0,870,951,4832,0.010166577425959692
6,5789,739,1.0,871,951,4838,0.010164919952877757
6,5795,740,1.0,872,951,4844,0.010163278971928544
6,5801,741,1.0,873,951,4850,0.01016165431901259
6,5807,742,1.0,874,951,4856,0.01016004583166325
6,5813,743,1.0,875,951,4862,0.010158453349030448
6,5819,744,1.0,876,951,4868,0.010156876711864594
6,5825,745,1.0,877,951,4874,0.010155315762500658
6,5831,746,1.0,878,951,4880,0.0101537703448424
6,5837,747,1.0,879,951,4886,0.010152240304346772
6,5843,748,1.0,880,951,4892,0.010150725488008444
6,5849,749,1.0,881,951,4898,0.010149225744344521
6,5855,750,1.0,882,951,4904,0.01014774092337939
6,5861,751,1.0,883,951,4910,0.010146270876629714
6,5867,752,1.0,884,951,4916,0.010144815457089593
6,5873,753,1.0,885,951,4922,0.010143374519215861
6,5879,754,1.0,886,951,4928,0.01014194791891353
6,5885,755,1.0,887,951,4934,0.01014053551352138
6,5891,756,1.0,888,951,4940,0.010139137161797698
6,5897,757,1.0,889,951,4946,0.010137752723906142
6,5903,758,1.0,890,951,4952,0.01013638206140177
7,5910,759,1.0,891,952,4958,0.010135025037217192
6,5916,760,1.0,892,952,4964,0.010133681515648855
6,5922,761,1.0,893,952,4970,0.010132351362343486
6,5928,762,1.0,894,952,4976,0.010131034444284644
6,5934,763,1.0,895,952,4982,0.010129730629779427
6,5940,764,1.0,896,952,4988,0.010128439788445296
6,5946,765,1.0,897,952,4994,0.010127161791197044
6,5952,766,1.0,898,952,5000,0.01012589651023388
6,5958,767,1.0,899,952,5006,0.010124643819026653
6,5964,768,1.0,900,952,5012,0.0101234035923052
6,5970,769,1.0,901,952,5018,0.010122175706045813
6,5976,770,1.0,902,952,5024,0.010120960037458845
6,5982,771,1.0,903,952,5030,0.010119756464976423
6,5988,772,1.0,904,952,5036,0.010118564868240294
6,5994,773,1.0,905,952,5042,0.010117385128089795
7,6001,774,1.0,906,953,5048,0.010116217126549927
6,6007,775,1.0,907,953,5054,0.010115060746819561
6,6013,776,1.0,908,953,5060,0.010113915873259762
6,6019,777,1.0,909,953,5066,0.010112782391382219
6,6025,778,1.0,910,953,5072,0.010111660187837799
6,6031,779,1.0,911,953,5078,0.010110549150405214
6,6037,780,1.0,912,953,5084,0.010109449167979795
6,6043,781,1.0,913,953,5090,0.010108360130562379
6,6049,782,1.0,914,953,5096,0.010107281929248322
6,6055,783,1.0,915,953,5102,0.010106214456216591
6,6061,784,1.0,916,953,5108,0.010105157604718994
6,6067,785,1.0,917,953,5114,0.010104111269069502
6,6073,786,1.0,918,953,5120,0.010103075344633675
6,6079,787,1.0,919,953,5126,0.010102049727818207
6,6085,788,1.0,920,953,5132,0.010101034316060565
6,6091,789,1.0,921,953,5138,0.010100029007818723
6,6097,790,1.0,922,953,5144,0.01009903370256102
6,6103,791,1.0,923,953,5150,0.010098048300756102
6,6109,792,1.0,924,953,5156,0.010097072703862968
6,6115,793,1.0,925,953,5162,0.010096106814321115
6,6121,794,1.0,926,953,5168,0.01009515053554078
6,6127,795,1.0,927,953,5174,0.010094203771893295
6,6133,796,1.0,928,953,5180,0.010093266428701501
6,6139,797,1.0,929,953,5186,0.0100923384122303
6,6145,798,1.0,930,953,5192,0.01009141962967727
6,6151,799,1.0,931,953,5198,0.010090509989163391
6,6157,800,1.0,932,953,5204,0.010089609399723856
6,6163,801,1.0,933,953,5210,0.010088717771298966
6,6169,802,1.0,934,953,5216,0.010087835014725138
8,6177,803,1.0,935,955,5222,0.010086961041725979
6,6183,804,1.0,936,955,5228,0.01008609576490346
6,6189,805,1.0,937,955,5234,0.010085239097729176
6,6195,806,1.0,938,955,5240,0.0100843909545357
6,6201,807,1.0,939,956,5245,0.010083551250508005
6,6207,808,1.0,940,956,5251,0.010082719901674985
6,6213,809,1.0,941,956,5257,0.010081896824901066
6,6219,810,1.0,942,956,5263,0.010081081937877885
6,6225,811,1.0,943,956,5269,0.01008027515911606
6,6231,812,1.0,944,956,5275,0.010079476407937044
6,6237,813,1.0,945,956,5281,0.010078685604465051
6,6243,814,1.0,946,956,5287,0.010077902669619077
6,6249,815,1.0,947,956,5293,0.010077127525104984
6,6255,816,1.0,948,956,5299,0.010076360093407673
8,6263,817,1.0,949,957,5306,0.010075600297783338
6,6269,818,1.0,950,957,5312,0.010074848062251781
6,6275,819,1.0,951,957,5318,0.010074103311588823
6,6281,820,1.0,952,957,5324,0.010073365971318778
6,6287,821,1.0,953,957,5330,0.010072635967707003
6,6293,822,1.0,954,957,5336,0.010071913227752527
6,6299,823,1.0,955,957,5342,0.010071197679180756
6,6305,824,1.0,956,957,5348,0.010070489250436234
6,6311,825,1.0,957,957,5354,0.010069787870675497
6,6317,826,1.0,958,957,5360,0.010069093469759984
6,6323,827,1.0,959,957,5366,0.010068405978249026
6,6329,828,1.0,960,957,5372,0.010067725327392897
6,6335,829,1.0,961,957,5378,0.010067051449125945
6,6341,830,1.0,962,957,5384,0.010066384276059784
8,6349,831,1.0,963,958,5391,0.010065723741476547
6,6355,832,1.0,964,958,5397,0.01006506977932223
6,6361,833,1.0,965,958,5403,0.010064422324200068
6,6367,834,1.0,966,958,5409,0.010063781311364012
6,6373,835,1.0,967,958,5415,0.010063146676712244
6,6379,836,1.0,968,958,5421,0.01006251835678077
6,6385,837,1.0,969,958,5427,0.010061896288737071
6,6391,838,1.0,970,958,5433,0.01006128041037383
6,6397,839,1.0,971,958,5439,0.01006067066010269
6,6403,840,1.0,972,958,5445,0.01006006697694812
6,6409,841,1.0,973,958,5451,0.010059469300541302
6,6415,842,1.0,974,958,5457,0.010058877571114096
8,6423,843,1.0,975,960,5463,0.010058291729493065
6,6429,844,1.0,976,960,5469,0.01005771171709356
6,6435,845,1.0,977,960,5475,0.010057137475913858
6,6441,846,1.0,978,960,5481,0.010056568948529363
6,6447,847,1.0,979,960,5487,0.010056006078086861
6,6453,848,1.0,980,960,5493,0.01005544880829884
6,6459,849,1.0,981,960,5499,0.010054897083437856
6,6465,850,1.0,982,960,5505,0.010054350848330963
6,6471,851,1.0,983,960,5511,0.010053810048354195
6,6477,852,1.0,984,960,5517,0.010053274629427107
4,6481,852,0.0,985,961,5520,0.010052744538007355
6,6487,853,1.0,986,961,5526,0.01005221972108536
6,6493,854,1.0,987,961,5532,0.010051700126178988
6,6499,855,1.0,988,961,5538,0.010051185701328317
6,6505,856,1.0,989,961,5544,0.010050676395090436
6,6511,857,1.0,990,961,5550,0.010050172156534292
6,6517,858,1.0,991,961,5556,0.010049672935235614
6,6523,859,1.0,992,961,5562,0.010049178681271852
6,6529,860,1.0,993,961,5568,0.010048689345217202
6,6535,861,1.0,994,961,5574,0.010048204878137646
6,6541,862,1.0,995,961,5580,0.010047725231586075
6,6547,863,1.0,996,961,5586,0.010047250357597435
6,6553,864,1.0,997,961,5592,0.010046780208683928
7,6560,865,1.0,998,962,5598,0.010046314737830275
6,6566,866,1.0,999,962,5604,0.010045853898488999
6,6572,867,1.0,1000,962,5610,0.010045397644575786
7,6579,868,1.0,1001,963,5616,0.010044945930464861
6,6585,869,1.0,1002,963,5622,0.010044498710984437
6,6591,870,1.0,1003,963,5628,0.010044055941412194
6,6597,871,1.0,1004,963,5634,0.010043617577470805
6,6603,872,1.0,1005,963,5640,0.010043183575323512
6,6609,873,1.0,1006,963,5646,0.010042753891569738
6,6615,874,1.0,1007,963,5652,0.01004232848324075
6,6621,875,1.0,1008,963,5658,0.010041907307795358
6,6627,876,1.0,1009,963,5664,0.01004149032311567
6,6633,877,1.0,1010,963,5670,0.010041077487502869
6,6639,878,1.0,1011,963,5676,0.010040668759673048
6,6645,879,1.0,1012,963,5682,0.010040264098753086
6,6651,880,1.0,1013,963,5688,0.010039863464276553
6,6657,881,1.0,1014,963,5694,0.010039466816179668
6,6663,882,1.0,1015,963,5700,0.010039074114797288
6,6669,883,1.0,1016,963,5706,0.01003868532085895
6,6675,884,1.0,1017,963,5712,0.010038300395484938
6,6681,885,1.0,1018,963,5718,0.01003791930018239
6,6687,886,1.0,1019,963,5724,0.01003754199684146
6,6693,887,1.0,1020,963,5730,0.0100371684477315
6,6699,888,1.0,1021,963,5736,0.010036798615497286
6,6705,889,1.0,1022,963,5742,0.010036432463155286
6,6711,890,1.0,1023,963,5748,0.010036069954089965
6,6717,891,1.0,1024,963,5754,0.01003571105205011
6,6723,892,1.0,1025,963,5760,0.01003535572114522
6,6729,893,1.0,1026,963,5766,0.010035003925841906
6,6735,894,1.0,1027,963,5772,0.010034655630960348
6,6741,895,1.0,1028,963,5778,0.010034310801670764
6,6747,896,1.0,1029,963,5784,0.010033969403489941
6,6753,897,1.0,1030,963,5790,0.010033631402277775
6,6759,898,1.0,1031,963,5796,0.010033296764233863
6,6765,899,1.0,1032,963,5802,0.01003296545589412
7,6772,900,1.0,1033,964,5808,0.01003263744412744
6,6778,901,1.0,1034,964,5814,0.010032312696132369
6,6784,902,1.0,1035,964,5820,0.01003199117943384
6,6790,903,1.0,1036,964,5826,0.010031672861879913
6,6796,904,1.0,1037,964,5832,0.010031357711638567
6,6802,905,1.0,1038,965,5837,0.010031045697194518
6,6808,906,1.0,1039,965,5843,0.01003073678734606
6,6814,907,1.0,1040,965,5849,0.01003043095120195
6,6820,908,1.0,1041,965,5855,0.01003012815817832
6,6826,909,1.0,1042,966,5860,0.010029828377995615
6,6832,910,1.0,1043,966,5866,0.010029531580675564
6,6838,911,1.0,1044,966,5872,0.010029237736538193
6,6844,912,1.0,1045,966,5878,0.01002894681619884
6,6850,913,1.0,1046,966,5884,0.010028658790565229
6,6856,914,1.0,1047,966,5890,0.010028373630834558
6,6862,915,1.0,1048,966,5896,0.010028091308490614
6,6868,916,1.0,1049,966,5902,0.010027811795300929
6,6874,917,1.0,1050,966,5908,0.01002753506331395
6,6880,918,1.0,1051,966,5914,0.01002726108485625
6,6886,919,1.0,1052,966,5920,0.010026989832529752
6,6892,920,1.0,1053,966,5926,0.010026721279208999
6,6898,921,1.0,1054,966,5932,0.010026455398038434
6,6904,922,1.0,1055,966,5938,0.01002619216242972
6,6910,923,1.0,1056,966,5944,0.010025931546059077
6,6916,924,1.0,1057,966,5950,0.010025673522864646
6,6922,925,1.0,1058,966,5956,0.0100254180670439
6,6928,926,1.0,1059,966,5962,0.010025165153051038
6,6934,927,1.0,1060,966,5968,0.010024914755594453
6,6940,928,1.0,1061,966,5974,0.01002466684963419
6,6946,929,1.0,1062,966,5980,0.010024421410379444
6,6952,930,1.0,1063,966,5986,0.01002417841328609
6,6958,931,1.0,1064,966,5992,0.010023937834054211
6,6964,932,1.0,1065,966,5998,0.010023699648625687
6,6970,933,1.0,1066,966,6004,0.010023463833181775
6,6976,934,1.0,1067,966,6010,0.010023230364140734
6,6982,935,1.0,1068,966,6016,0.010022999218155467
6,6988,936,1.0,1069,966,6022,0.01002277037211118
6,6994,937,1.0,1070,966,6028,0.01002254380312308
6,7000,938,1.0,1071,967,6033,0.01002231948853408
6,7006,939,1.0,1072,967,6039,0.010022097405912533
6,7012,940,1.0,1073,967,6045,0.010021877533049992
6,7018,941,1.0,1074,967,6051,0.010021659847958985
6,7024,942,1.0,1075,967,6057,0.010021444328870826
3,7027,942,0.0,1076,968,6059,0.010021230954233424
6,7033,943,1.0,1077,968,6065,0.010021019702709136
6,7039,944,1.0,1078,968,6071,0.010020810553172638
6,7045,945,1.0,1079,968,6077,0.010020603484708799
8,7053,946,1.0,1080,969,6084,0.0100203984766106
6,7059,947,1.0,1081,969,6090,0.01002019550837706
6,7065,948,1.0,1082,969,6096,0.010019994559711188
6,7071,949,1.0,1083,969,6102,0.01001979561051795
6,7077,950,1.0,1084,969,6108,0.01001959864090226
6,7083,951,1.0,1085,969,6114,0.010019403631166992
6,7089,952,1.0,1086,969,6120,0.01001921056181101
6,7095,953,1.0,1087,969,6126,0.01001901941352722
6,7101,954,1.0,1088,969,6132,0.01001883016720063
6,7107,955,1.0,1089,969,6138,0.010018642803906453
6,7113,956,1.0,1090,969,6144,0.010018457304908203
6,7119,957,1.0,1091,969,6150,0.010018273651655822
6,7125,958,1.0,1092,969,6156,0.010018091825783837
6,7131,959,1.0,1093,969,6162,0.010017911809109508
6,7137,960,1.0,1094,969,6168,0.010017733583631014
6,7143,961,1.0,1095,969,6174,0.010017557131525663
6,7149,962,1.0,1096,969,6180,0.010017382435148095
6,7155,963,1.0,1097,969,6186,0.010017209477028527
6,7161,964,1.0,1098,969,6192,0.010017038239871004
6,7167,965,1.0,1099,969,6198,0.010016868706551666
6,7173,966,1.0,1100,969,6204,0.01001670086011704
6,7179,967,1.0,1101,969,6210,0.010016534683782344
3,7182,967,0.0,1102,970,6212,0.010016370160929804
6,7188,968,1.0,1103,970,6218,0.010016207275107
6,7194,969,1.0,1104,970,6224,0.010016046010025212
6,7200,970,1.0,1105,970,6230,0.0100158863495578
6,7206,971,1.0,1106,970,6236,0.01001572827773858
6,7212,972,1.0,1107,970,6242,0.010015571778760241
6,7218,973,1.0,1108,970,6248,0.010015416836972756
6,7224,974,1.0,1109,970,6254,0.010015263436881815
6,7230,975,1.0,1110,970,6260,0.010015111563147282
6,7236,976,1.0,1111,970,6266,0.010014961200581656
6,7242,977,1.0,1112,970,6272,0.010014812334148557
6,7248,978,1.0,1113,970,6278,0.010014664948961216
6,7254,979,1.0,1114,970,6284,0.010014519030280992
6,7260,980,1.0,1115,970,6290,0.010014374563515895
6,7266,981,1.0,1116,970,6296,0.01001423153421913
6,7272,982,1.0,1117,970,6302,0.010014089928087644
6,7278,983,1.0,1118,970,6308,0.01001394973096071
6,7284,984,1.0,1119,970,6314,0.010013810928818496
6,7290,985,1.0,1120,970,6320,0.010013673507780674
6,7296,986,1.0,1121,970,6326,0.010013537454105024
6,7302,987,1.0,1122,970,6332,0.010013402754186067
6,7308,988,1.0,1123,970,6338,0.010013269394553695
6,7314,989,1.0,1124,970,6344,0.010013137361871838
6,7320,990,1.0,1125,970,6350,0.010013006642937116
6,7326,991,1.0,1126,970,6356,0.010012877224677526
6,7332,992,1.0,1127,970,6362,0.010012749094151136
6,7338,993,1.0,1128,970,6368,0.010012622238544785
6,7344,994,1.0,1129,970,6374,0.010012496645172807
4,7348,994,0.0,1130,971,6377,0.01001237230147576
6,7354,995,1.0,1131,971,6383,0.01001224919501917
6,7360,996,1.0,1132,971,6389,0.01001212731349229
6,7366,997,1.0,1133,971,6395,0.010012006644706866
6,7372,998,1.0,1134,971,6401,0.010011887176595919
6,7378,999,1.0,1135,971,6407,0.010011768897212536
6,7384,1000,1.0,1136,971,6413,0.010011651794728682
6,7390,1001,1.0,1137,971,6419,0.010011535857434011
6,7396,1002,1.0,1138,971,6425,0.010011421073734697
6,7402,1003,1.0,1139,971,6431,0.010011307432152275
8,7410,1004,1.0,1140,972,6438,0.01001119492132249
6,7416,1005,1.0,1141,972,6444,0.010011083529994165
6,7422,1006,1.0,1142,972,6450,0.010010973247028078
6,7428,1007,1.0,1143,972,6456,0.010010864061395836
6,7434,1008,1.0,1144,972,6462,0.01001075596217879
6,7440,1009,1.0,1145,972,6468,0.010010648938566923
6,7446,1010,1.0,1146,972,6474,0.010010542979857786
6,7452,1011,1.0,1147,972,6480,0.010010438075455421
6,7458,1012,1.0,1148,972,6486,0.010010334214869302
6,7464,1013,1.0,1149,972,6492,0.010010231387713281
6,7470,1014,1.0,1150,972,6498,0.010010129583704556
6,7476,1015,1.0,1151,972,6504,0.010010028792662645
6,7482,1016,1.0,1152,972,6510,0.010009929004508356
8,7490,1017,1.0,1153,973,6517,0.010009830209262792
6,7496,1018,1.0,1154,973,6523,0.010009732397046348
6,7502,1019,1.0,1155,973,6529,0.010009635558077717
6,7508,1020,1.0,1156,973,6535,0.010009539682672925
6,7514,1021,1.0,1157,973,6541,0.010009444761244348
6,7520,1022,1.0,1158,973,6547,0.010009350784299768
6,7526,1023,1.0,1159,973,6553,0.01000925774244141
6,7532,1024,1.0,1160,973,6559,0.01000916562636501
6,7538,1025,1.0,1161,973,6565,0.010009074426858885
4,7542,1025,0.0,1162,974,6568,0.010008984134803008
6,7548,1026,1.0,1163,974,6574,0.010008894741168098
6,7554,1027,1.0,1164,974,6580,0.010008806237014717
6,7560,1028,1.0,1165,974,6586,0.010008718613492376
6,7566,1029,1.0,1166,974,6592,0.010008631861838651
6,7572,1030,1.0,1167,974,6598,0.010008545973378302
6,7578,1031,1.0,1168,974,6604,0.010008460939522413
6,7584,1032,1.0,1169,974,6610,0.010008376751767528
6,7590,1033,1.0,1170,974,6616,0.010008293401694799
6,7596,1034,1.0,1171,974,6622,0.01000821088096915
6,7602,1035,1.0,1172,974,6628,0.010008129181338442
6,7608,1036,1.0,1173,974,6634,0.01000804829463264
6,7614,1037,1.0,1174,974,6640,0.01000796821276301
3,7617,1037,0.0,1175,975,6642,0.010007888927721297
6,7623,1038,1.0,1176,975,6648,0.010007810431578928
6,7629,1039,1.0,1177,975,6654,0.010007732716486228
6,7635,1040,1.0,1178,975,6660,0.01000765577467162
6,7641,1041,1.0,1179,975,6666,0.010007579598440857
6,7647,1042,1.0,1180,975,6672,0.010007504180176256
6,7653,1043,1.0,1181,975,6678,0.010007429512335927
6,7659,1044,1.0,1182,975,6684,0.010007355587453021
6,7665,1045,1.0,1183,975,6690,0.010007282398134991
6,7671,1046,1.0,1184,975,6696,0.010007209937062844
6,7677,1047,1.0,1185,975,6702,0.01000713819699041
6,7683,1048,1.0,1186,975,6708,0.010007067170743624
6,7689,1049,1.0,1187,975,6714,0.010006996851219802
6,7695,1050,1.0,1188,975,6720,0.010006927231386933
6,7701,1051,1.0,1189,975,6726,0.010006858304282974
6,7707,1052,1.0,1190,975,6732,0.01000679006301516
6,7713,1053,1.0,1191,975,6738,0.010006722500759306
6,7719,1054,1.0,1192,975,6744,0.010006655610759129
6,7725,1055,1.0,1193,975,6750,0.010006589386325575
6,7731,1056,1.0,1194,975,6756,0.010006523820836145
6,7737,1057,1.0,1195,975,6762,0.010006458907734234
6,7743,1058,1.0,1196,975,6768,0.010006394640528481
6,7749,1059,1.0,1197,975,6774,0.010006331012792108
6,7755,1060,1.0,1198,975,6780,0.01000626801816229
6,7761,1061,1.0,1199,975,6786,0.010006205650339512
6,7767,1062,1.0,1200,975,6792,0.010006143903086939
6,7773,1063,1.0,1201,975,6798,0.010006082770229794
6,7779,1064,1.0,1202,975,6804,0.010006022245654743
6,7785,1065,1.0,1203,975,6810,0.010005962323309275
6,7791,1066,1.0,1204,975,6816,0.010005902997201107
7,7798,1067,1.0,1205,976,6822,0.010005844261397577
6,7804,1068,1.0,1206,976,6828,0.010005786110025058
6,7810,1069,1.0,1207,976,6834,0.010005728537268364
6,7816,1070,1.0,1208,976,6840,0.010005671537370168
6,7822,1071,1.0,1209,976,6846,0.010005615104630439
6,7828,1072,1.0,1210,976,6852,0.01000555923340585
6,7834,1073,1.0,1211,976,6858,0.010005503918109233
8,7842,1074,1.0,1212,977,6865,0.010005449153209016
6,7848,1075,1.0,1213,977,6871,0.01000539493322866
6,7854,1076,1.0,1214,977,6877,0.010005341252746124
6,7860,1077,1.0,1215,977,6883,0.010005288106393312
6,7866,1078,1.0,1216,977,6889,0.010005235488855546
6,7872,1079,1.0,1217,977,6895,0.010005183394871029
6,7878,1080,1.0,1218,977,6901,0.010005131819230318
6,7884,1081,1.0,1219,977,6907,0.010005080756775806
6,7890,1082,1.0,1220,977,6913,0.010005030202401208
6,7896,1083,1.0,1221,977,6919,0.01000498015105104
6,7902,1084,1.0,1222,977,6925,0.010004930597720129
6,7908,1085,1.0,1223,977,6931,0.010004881537453098
6,7914,1086,1.0,1224,977,6937,0.01000483296534388
6,7920,1087,1.0,1225,977,6943,0.010004784876535224
5,7925,1087,0.0,1226,978,6947,0.010004737266218209
6,7931,1088,1.0,1227,978,6953,0.010004690129631762
8,7939,1089,1.0,1228,979,6960,0.010004643462062188
6,7945,1090,1.0,1229,979,6966,0.01000459725884269
6,7951,1091,1.0,1230,979,6972,0.010004551515352907
6,7957,1092,1.0,1231,979,6978,0.010004506227018452
6,7963,1093,1.0,1232,979,6984,0.010004461389310455
6,7969,1094,1.0,1233,979,6990,0.010004416997745106
6,7975,1095,1.0,1234,979,6996,0.010004373047883213
6,7981,1096,1.0,1235,979,7002,0.010004329535329752
6,7987,1097,1.0,1236,979,7008,0.010004286455733433
6,7993,1098,1.0,1237,979,7014,0.010004243804786258
6,7999,1099,1.0,1238,979,7020,0.010004201578223099
6,8005,1100,1.0,1239,979,7026,0.010004159771821263
6,8011,1101,1.0,1240,979,7032,0.010004118381400076
6,8017,1102,1.0,1241,979,7038,0.010004077402820461
6,8023,1103,1.0,1242,979,7044,0.010004036831984526
6,8029,1104,1.0,1243,979,7050,0.010003996664835153
6,8035,1105,1.0,1244,979,7056,0.010003956897355594
6,8041,1106,1.0,1245,979,7062,0.010003917525569068
6,8047,1107,1.0,1246,979,7068,0.010003878545538364
6,8053,1108,1.0,1247,979,7074,0.010003839953365446
6,8059,1109,1.0,1248,979,7080,0.010003801745191065
6,8065,1110,1.0,1249,979,7086,0.01000376391719437
6,8071,1111,1.0,1250,979,7092,0.010003726465592533
6,8077,1112,1.0,1251,979,7098,0.010003689386640358
6,8083,1113,1.0,1252,979,7104,0.010003652676629922
6,8089,1114,1.0,1253,979,7110,0.010003616331890194
6,8095,1115,1.0,1254,979,7116,0.01000358034878667
6,8101,1116,1.0,1255,979,7122,0.010003544723721006
6,8107,1117,1.0,1256,979,7128,0.010003509453130669
6,8113,1118,1.0,1257,979,7134,0.01000347453348857
6,8119,1119,1.0,1258,979,7140,0.010003439961302714
7,8126,1120,1.0,1259,980,7146,0.010003405733115854
6,8132,1121,1.0,1260,980,7152,0.010003371845505146
6,8138,1122,1.0,1261,980,7158,0.010003338295081798
6,8144,1123,1.0,1262,980,7164,0.01000330507849074
6,8150,1124,1.0,1263,980,7170,0.010003272192410284
6,8156,1125,1.0,1264,980,7176,0.010003239633551798
6,8162,1126,1.0,1265,980,7182,0.010003207398659366
6,8168,1127,1.0,1266,980,7188,0.010003175484509472
6,8174,1128,1.0,1267,980,7194,0.010003143887910676
6,8180,1129,1.0,1268,980,7200,0.010003112605703291
6,8186,1130,1.0,1269,980,7206,0.01000308163475907
8,8194,1131,1.0,1270,981,7213,0.010003050971980893
6,8200,1132,1.0,1271,981,7219,0.010003020614302456
4,8204,1132,0.0,1272,982,7222,0.010002990558687967
6,8210,1133,1.0,1273,983,7227,0.010002960802131838
6,8216,1134,1.0,1274,983,7233,0.010002931341658392
6,8222,1135,1.0,1275,983,7239,0.010002902174321553
6,8228,1136,1.0,1276,983,7245,0.010002873297204564
6,8234,1137,1.0,1277,983,7251,0.01000284470741969
6,8240,1138,1.0,1278,983,7257,0.01000281640210793
6,8246,1139,1.0,1279,983,7263,0.010002788378438727
6,8252,1140,1.0,1280,983,7269,0.010002760633609692
7,8259,1141,1.0,1281,984,7275,0.010002733164846317
6,8265,1142,1.0,1282,984,7281,0.010002705969401705
6,8271,1143,1.0,1283,984,7287,0.010002679044556288
6,8277,1144,1.0,1284,984,7293,0.01000265238761756
6,8283,1145,1.0,1285,984,7299,0.010002625995919804
6,8289,1146,1.0,1286,984,7305,0.010002599866823827
6,8295,1147,1.0,1287,984,7311,0.0100025739977167
6,8301,1148,1.0,1288,984,7317,0.01000254838601149
6,8307,1149,1.0,1289,984,7323,0.010002523029147005
6,8313,1150,1.0,1290,984,7329,0.010002497924587536
6,8319,1151,1.0,1291,984,7335,0.010002473069822607
6,8325,1152,1.0,1292,984,7341,0.010002448462366724
6,8331,1153,1.0,1293,984,7347,0.010002424099759115
6,8337,1154,1.0,1294,984,7353,0.010002399979563504
8,8345,1155,1.0,1295,985,7360,0.010002376099367848
6,8351,1156,1.0,1296,985,7366,0.01000235245678411
6,8357,1157,1.0,1297,985,7372,0.01000232904944801
6,8363,1158,1.0,1298,985,7378,0.010002305875018797
6,8369,1159,1.0,1299,985,7384,0.010002282931179005
6,8375,1160,1.0,1300,985,7390,0.010002260215634235
6,8381,1161,1.0,1301,985,7396,0.010002237726112912
6,8387,1162,1.0,1302,985,7402,0.010002215460366065
6,8393,1163,1.0,1303,985,7408,0.0100021934161671
6,8399,1164,1.0,1304,985,7414,0.01000217159131158
6,8405,1165,1.0,1305,985,7420,0.010002149983617
6,8411,1166,1.0,1306,985,7426,0.010002128590922576
6,8417,1167,1.0,1307,985,7432,0.010002107411089015
6,8423,1168,1.0,1308,985,7438,0.01000208644199832
7,8430,1169,1.0,1309,986,7444,0.010002065681553565
6,8436,1170,1.0,1310,986,7450,0.010002045127678686
6,8442,1171,1.0,1311,986,7456,0.010002024778318278
6,8448,1172,1.0,1312,986,7462,0.01000200463143739
6,8454,1173,1.0,1313,986,7468,0.010001984685021318
6,8460,1174,1.0,1314,986,7474,0.010001964937075399
6,8466,1175,1.0,1315,986,7480,0.010001945385624827
8,8474,1176,1.0,1316,987,7487,0.010001926028714438
6,8480,1177,1.0,1317,987,7493,0.010001906864408525
6,8486,1178,1.0,1318,987,7499,0.010001887890790642
6,8492,1179,1.0,1319,987,7505,0.010001869105963412
6,8498,1180,1.0,1320,987,7511,0.010001850508048336
6,8504,1181,1.0,1321,987,7517,0.010001832095185606
6,8510,1182,1.0,1322,987,7523,0.010001813865533922
7,8517,1183,1.0,1323,988,7529,0.010001795817270303
6,8523,1184,1.0,1324,988,7535,0.010001777948589908
6,8529,1185,1.0,1325,988,7541,0.010001760257705852
6,8535,1186,1.0,1326,988,7547,0.010001742742849035
6,8541,1187,1.0,1327,988,7553,0.010001725402267955
6,8547,1188,1.0,1328,988,7559,0.010001708234228539
8,8555,1189,1.0,1329,989,7566,0.01000169123701397
6,8561,1190,1.0,1330,989,7572,0.010001674408924511
6,8567,1191,1.0,1331,989,7578,0.01000165774827734
6,8573,1192,1.0,1332,989,7584,0.010001641253406378
6,8579,1193,1.0,1333,989,7590,0.010001624922662126
6,8585,1194,1.0,1334,989,7596,0.010001608754411492
6,8591,1195,1.0,1335,989,7602,0.010001592747037642
6,8597,1196,1.0,1336,989,7608,0.010001576898939822
6,8603,1197,1.0,1337,989,7614,0.010001561208533209
6,8609,1198,1.0,1338,989,7620,0.010001545674248751
6,8615,1199,1.0,1339,989,7626,0.010001530294533007
6,8621,1200,1.0,1340,989,7632,0.01000151506784799
6,8627,1201,1.0,1341,989,7638,0.010001499992671022
6,8633,1202,1.0,1342,989,7644,0.01000148506749457
6,8639,1203,1.0,1343,989,7650,0.010001470290826106
6,8645,1204,1.0,1344,989,7656,0.01000145566118795
8,8653,1205,1.0,1345,990,7663,0.010001441177117125
6,8659,1206,1.0,1346,990,7669,0.010001426837165211
6,8665,1207,1.0,1347,990,7675,0.010001412639898205
6,8671,1208,1.0,1348,990,7681,0.010001398583896365
6,8677,1209,1.0,1349,990,7687,0.01000138466775408
6,8683,1210,1.0,1350,990,7693,0.010001370890079726
6,8689,1211,1.0,1351,990,7699,0.01000135724949552
6,8695,1212,1.0,1352,990,7705,0.010001343744637396
6,8701,1213,1.0,1353,990,7711,0.010001330374154856
6,8707,1214,1.0,1354,990,7717,0.010001317136710838
6,8713,1215,1.0,1355,990,7723,0.010001304030981591
6,8719,1216,1.0,1356,990,7729,0.010001291055656527
6,8725,1217,1.0,1357,990,7735,0.010001278209438106
6,8731,1218,1.0,1358,990,7741,0.010001265491041694
6,8737,1219,1.0,1359,990,7747,0.01000125289919544
6,8743,1220,1.0,1360,990,7753,0.01000124043264015
6,8749,1221,1.0,1361,990,7759,0.010001228090129157
6,8755,1222,1.0,1362,990,7765,0.0100012158704282
6,8761,1223,1.0,1363,990,7771,0.0100012037723153
6,8767,1224,1.0,1364,990,7777,0.010001191794580635
6,8773,1225,1.0,1365,990,7783,0.010001179936026422
6,8779,1226,1.0,1366,990,7789,0.010001168195466793
6,8785,1227,1.0,1367,990,7795,0.010001156571727685
6,8791,1228,1.0,1368,990,7801,0.010001145063646714
6,8797,1229,1.0,1369,990,7807,0.010001133670073062
6,8803,1230,1.0,1370,990,7813,0.01000112238986736
6,8809,1231,1.0,1371,990,7819,0.010001111221901582
6,8815,1232,1.0,1372,990,7825,0.01000110016505892
6,8821,1233,1.0,1373,990,7831,0.01000108921823368
6,8827,1234,1.0,1374,990,7837,0.010001078380331171
6,8833,1235,1.0,1375,990,7843,0.010001067650267596
6,8839,1236,1.0,1376,990,7849,0.010001057026969934
6,8845,1237,1.0,1377,990,7855,0.010001046509375852
6,8851,1238,1.0,1378,990,7861,0.01000103609643358
6,8857,1239,1.0,1379,990,7867,0.010001025787101813
6,8863,1240,1.0,1380,990,7873,0.010001015580349612
6,8869,1241,1.0,1381,990,7879,0.010001005475156293
6,8875,1242,1.0,1382,990,7885,0.010000995470511326
6,8881,1243,1.0,1383,990,7891,0.01000098556541424
6,8887,1244,1.0,1384,990,7897,0.010000975758874518
6,8893,1245,1.0,1385,990,7903,0.010000966049911497
6,8899,1246,1.0,1386,990,7909,0.01000095643755427
6,8905,1247,1.0,1387,990,7915,0.010000946920841596
6,8911,1248,1.0,1388,990,7921,0.010000937498821796
6,8917,1249,1.0,1389,990,7927,0.01000092817055266
6,8923,1250,1.0,1390,990,7933,0.010000918935101352
6,8929,1251,1.0,1391,990,7939,0.010000909791544318
6,8935,1252,1.0,1392,990,7945,0.0100009007389672
6,8941,1253,1.0,1393,990,7951,0.010000891776464727
6,8947,1254,1.0,1394,990,7957,0.010000882903140645
6,8953,1255,1.0,1395,990,7963,0.010000874118107612
6,8959,1256,1.0,1396,990,7969,0.010000865420487118
6,8965,1257,1.0,1397,990,7975,0.010000856809409394
6,8971,1258,1.0,1398,990,7981,0.010000848284013326
6,8977,1259,1.0,1399,990,7987,0.010000839843446366
6,8983,1260,1.0,1400,990,7993,0.01000083148686445
6,8989,1261,1.0,1401,990,7999,0.010000823213431913
6,8995,1262,1.0,1402,990,8005,0.010000815022321405
6,9001,1263,1.0,1403,990,8011,0.01000080691271381
6,9007,1264,1.0,1404,990,8017,0.010000798883798156
8,9015,1265,1.0,1405,991,8024,0.01000079093477155
6,9021,1266,1.0,1406,991,8030,0.01000078306483908
6,9027,1267,1.0,1407,991,8036,0.010000775273213745
6,9033,1268,1.0,1408,991,8042,0.010000767559116379
6,9039,1269,1.0,1409,991,8048,0.010000759921775564
6,9045,1270,1.0,1410,991,8054,0.01000075236042756
6,9051,1271,1.0,1411,991,8060,0.010000744874316224
8,9059,1272,1.0,1412,992,8067,0.010000737462692942
6,9065,1273,1.0,1413,992,8073,0.010000730124816544
6,9071,1274,1.0,1414,992,8079,0.010000722859953235
6,9077,1275,1.0,1415,992,8085,0.010000715667376524
6,9083,1276,1.0,1416,992,8091,0.010000708546367148
6,9089,1277,1.0,1417,992,8097,0.010000701496212999
6,9095,1278,1.0,1418,992,8103,0.010000694516209054
6,9101,1279,1.0,1419,992,8109,0.01000068760565731
6,9107,1280,1.0,1420,992,8115,0.010000680763866706
6,9113,1281,1.0,1421,992,8121,0.010000673990153053
6,9119,1282,1.0,1422,992,8127,0.01000066728383898
6,9125,1283,1.0,1423,992,8133,0.010000660644253844
6,9131,1284,1.0,1424,992,8139,0.010000654070733687
6,9137,1285,1.0,1425,992,8145,0.010000647562621147
6,9143,1286,1.0,1426,992,8151,0.01000064111926541
6,9149,1287,1.0,1427,992,8157,0.010000634740022132
6,9155,1288,1.0,1428,992,8163,0.010000628424253385
6,9161,1289,1.0,1429,992,8169,0.010000622171327588
3,9164,1289,0.0,1430,993,8171,0.010000615980619442
6,9170,1290,1.0,1431,993,8177,0.01000060985150987
6,9176,1291,1.0,1432,993,8183,0.010000603783385959
6,9182,1292,1.0,1433,993,8189,0.01000059777564089
6,9188,1293,1.0,1434,993,8195,0.010000591827673882
6,9194,1294,1.0,1435,993,8201,0.010000585938890135
6,9200,1295,1.0,1436,993,8207,0.010000580108700766
6,9206,1296,1.0,1437,993,8213,0.010000574336522749
6,9212,1297,1.0,1438,993,8219,0.010000568621778864
8,9220,1298,1.0,1439,994,8226,0.010000562963897631
6,9226,1299,1.0,1440,994,8232,0.010000557362313256
6,9232,1300,1.0,1441,994,8238,0.010000551816465577
6,9238,1301,1.0,1442,994,8244,0.010000546325800004
6,9244,1302,1.0,1443,994,8250,0.010000540889767467
6,9250,1303,1.0,1444,994,8256,0.010000535507824357
6,9256,1304,1.0,1445,994,8262,0.010000530179432476
6,9262,1305,1.0,1446,994,8268,0.01000052490405898
6,9268,1306,1.0,1447,994,8274,0.010000519681176328
8,9276,1307,1.0,1448,995,8281,0.010000514510262227
6,9282,1308,1.0,1449,995,8287,0.01000050939079958
6,9288,1309,1.0,1450,995,8293,0.010000504322276437
6,9294,1310,1.0,1451,995,8299,0.010000499304185942
6,9300,1311,1.0,1452,995,8305,0.010000494336026282
6,9306,1312,1.0,1453,995,8311,0.010000489417300638
6,9312,1313,1.0,1454,995,8317,0.01000048454751713
6,9318,1314,1.0,1455,995,8323,0.010000479726188779
6,9324,1315,1.0,1456,995,8329,0.010000474952833445
6,9330,1316,1.0,1457,995,8335,0.010000470226973791
6,9336,1317,1.0,1458,995,8341,0.010000465548137227
6,9342,1318,1.0,1459,995,8347,0.010000460915855863
6,9348,1319,1.0,1460,995,8353,0.010000456329666469
6,9354,1320,1.0,1461,995,8359,0.010000451789110423
6,9360,1321,1.0,1462,995,8365,0.010000447293733663
6,9366,1322,1.0,1463,995,8371,0.01000044284308665
6,9372,1323,1.0,1464,995,8377,0.010000438436724315
6,9378,1324,1.0,1465,995,8383,0.010000434074206019
6,9384,1325,1.0,1466,995,8389,0.010000429755095503
6,9390,1326,1.0,1467,995,8395,0.010000425478960856
6,9396,1327,1.0,1468,995,8401,0.01000042124537446
6,9402,1328,1.0,1469,995,8407,0.010000417053912952
6,9408,1329,1.0,1470,995,8413,0.010000412904157182
6,9414,1330,1.0,1471,995,8419,0.010000408795692172
6,9420,1331,1.0,1472,995,8425,0.010000404728107072
6,9426,1332,1.0,1473,995,8431,0.010000400700995121
6,9432,1333,1.0,1474,995,8437,0.010000396713953601
7,9439,1334,1.0,1475,996,8443,0.010000392766583809
6,9445,1335,1.0,1476,996,8449,0.010000388858491003
6,9451,1336,1.0,1477,996,8455,0.010000384989284369
6,9457,1337,1.0,1478,996,8461,0.010000381158576986
6,9463,1338,1.0,1479,996,8467,0.010000377365985776
6,9469,1339,1.0,1480,996,8473,0.01000037361113148
6,9475,1340,1.0,1481,996,8479,0.01000036989363861
6,9481,1341,1.0,1482,996,8485,0.010000366213135409
6,9487,1342,1.0,1483,996,8491,0.010000362569253829
6,9493,1343,1.0,1484,996,8497,0.010000358961629477
7,9500,1344,1.0,1485,997,8503,0.010000355389901586
6,9506,1345,1.0,1486,997,8509,0.01000035185371298
6,9512,1346,1.0,1487,997,8515,0.010000348352710041
6,9518,1347,1.0,1488,997,8521,0.010000344886542662
6,9524,1348,1.0,1489,997,8527,0.010000341454864224
6,9530,1349,1.0,1490,997,8533,0.010000338057331559
6,9536,1350,1.0,1491,997,8539,0.010000334693604907
8,9544,1351,1.0,1492,998,8546,0.010000331363347895
6,9550,1352,1.0,1493,998,8552,0.010000328066227493
6,9556,1353,1.0,1494,998,8558,0.01000032480191399
6,9562,1354,1.0,1495,998,8564,0.010000321570080946
6,9568,1355,1.0,1496,998,8570,0.01000031837040518
6,9574,1356,1.0,1497,998,8576,0.010000315202566718
6,9580,1357,1.0,1498,998,8582,0.010000312066248776
6,9586,1358,1.0,1499,998,8588,0.010000308961137721
6,9592,1359,1.0,1500,998,8594,0.010000305886923036
6,9598,1360,1.0,1501,998,8600,0.010000302843297297
6,9604,1361,1.0,1502,998,8606,0.010000299829956141
6,9610,1362,1.0,1503,998,8612,0.01000029684659823
6,9616,1363,1.0,1504,998,8618,0.010000293892925227
6,9622,1364,1.0,1505,998,8624,0.01000029096864176
6,9628,1365,1.0,1506,998,8630,0.010000288073455401
6,9634,1366,1.0,1507,998,8636,0.010000285207076628
6,9640,1367,1.0,1508,998,8642,0.010000282369218799
6,9646,1368,1.0,1509,998,8648,0.010000279559598129
6,9652,1369,1.0,1510,998,8654,0.01000027677793365
6,9658,1370,1.0,1511,998,8660,0.010000274023947195
6,9664,1371,1.0,1512,998,8666,0.010000271297363365
6,9670,1372,1.0,1513,998,8672,0.010000268597909496
6,9676,1373,1.0,1514,998,8678,0.010000265925315641
6,9682,1374,1.0,1515,998,8684,0.01000026327931454
6,9688,1375,1.0,1516,998,8690,0.01000026065964159
6,9694,1376,1.0,1517,998,8696,0.010000258066034821
6,9700,1377,1.0,1518,998,8702,0.010000255498234871
6,9706,1378,1.0,1519,998,8708,0.010000252955984957
6,9712,1379,1.0,1520,998,8714,0.010000250439030854
6,9718,1380,1.0,1521,998,8720,0.010000247947120861
6,9724,1381,1.0,1522,998,8726,0.010000245480005786
6,9730,1382,1.0,1523,998,8732,0.010000243037438917
6,9736,1383,1.0,1524,998,8738,0.010000240619175996
6,9742,1384,1.0,1525,998,8744,0.010000238224975191
6,9748,1385,1.0,1526,998,8750,0.010000235854597084
6,9754,1386,1.0,1527,998,8756,0.01000023350780463
6,9760,1387,1.0,1528,998,8762,0.010000231184363153
6,9766,1388,1.0,1529,998,8768,0.010000228884040306
6,9772,1389,1.0,1530,998,8774,0.010000226606606053
6,9778,1390,1.0,1531,998,8780,0.010000224351832648
6,9784,1391,1.0,1532,998,8786,0.010000222119494615
6,9790,1392,1.0,1533,998,8792,0.010000219909368717
6,9796,1393,1.0,1534,998,8798,0.010000217721233938
6,9802,1394,1.0,1535,998,8804,0.010000215554871463
6,9808,1395,1.0,1536,998,8810,0.010000213410064657
6,9814,1396,1.0,1537,998,8816,0.010000211286599033
6,9820,1397,1.0,1538,998,8822,0.010000209184262247
6,9826,1398,1.0,1539,999,8827,0.01000020710284406
6,9832,1399,1.0,1540,999,8833,0.01000020504213633
6,9838,1400,1.0,1541,999,8839,0.010000203001932986
6,9844,1401,1.0,1542,999,8845,0.010000200982030003
6,9850,1402,1.0,1543,999,8851,0.010000198982225391
6,9856,1403,1.0,1544,999,8857,0.010000197002319168
8,9864,1404,1.0,1545,1000,8864,0.01000019504211334
6,9870,1405,1.0,1546,1000,8870,0.010000193101411887
6,9876,1406,1.0,1547,1000,8876,0.010000191180020735
6,9882,1407,1.0,1548,1000,8882,0.010000189277747745
6,9888,1408,1.0,1549,1000,8888,0.010000187394402687
6,9894,1409,1.0,1550,1000,8894,0.010000185529797227
6,9900,1410,1.0,1551,1000,8900,0.010000183683744899
6,9906,1411,1.0,1552,1000,8906,0.010000181856061099
6,9912,1412,1.0,1553,1000,8912,0.010000180046563058
6,9918,1413,1.0,1554,1000,8918,0.010000178255069823
6,9924,1414,1.0,1555,1000,8924,0.010000176481402244
4,9928,1414,0.0,1556,1001,8927,0.01000017472538295
6,9934,1415,1.0,1557,1001,8933,0.010000172986836342
6,9940,1416,1.0,1558,1001,8939,0.010000171265588562
6,9946,1417,1.0,1559,1001,8945,0.010000169561467482
6,9952,1418,1.0,1560,1001,8951,0.01000016787430269
6,9958,1419,1.0,1561,1001,8957,0.01000016620392547
6,9964,1420,1.0,1562,1001,8963,0.01000016455016878
6,9970,1421,1.0,1563,1001,8969,0.010000162912867244
6,9976,1422,1.0,1564,1001,8975,0.010000161291857131
6,9982,1423,1.0,1565,1001,8981,0.010000159686976337
6,9988,1424,1.0,1566,1001,8987,0.010000158098064375
6,9994,1425,1.0,1567,1001,8993,0.01000015652496235
6,10000,1426,1.0,1568,1001,8999,0.010000154967512952
6,10006,1427,1.0,1569,1001,9005,0.010000153425560435
6,10012,1428,1.0,1570,1001,9011,0.010000151898950602
6,10018,1429,1.0,1571,1001,9017,0.01000015038753079
6,10024,1430,1.0,1572,1001,9023,0.010000148891149856
7,10031,1431,1.0,1573,1002,9029,0.010000147409658162
6,10037,1432,1.0,1574,1002,9035,0.010000145942907556
6,10043,1433,1.0,1575,1002,9041,0.010000144490751362
6,10049,1434,1.0,1576,1002,9047,0.010000143053044365
6,10055,1435,1.0,1577,1002,9053,0.010000141629642792
6,10061,1436,1.0,1578,1002,9059,0.010000140220404298
6,10067,1437,1.0,1579,1002,9065,0.010000138825187965
6,10073,1438,1.0,1580,1002,9071,0.010000137443854265
6,10079,1439,1.0,1581,1002,9077,0.010000136076265065
6,10085,1440,1.0,1582,1002,9083,0.010000134722283604
6,10091,1441,1.0,1583,1002,9089,0.010000133381774485
6,10097,1442,1.0,1584,1002,9095,0.010000132054603653
6,10103,1443,1.0,1585,1002,9101,0.010000130740638394
6,10109,1444,1.0,1586,1002,9107,0.010000129439747306
6,10115,1445,1.0,1587,1002,9113,0.0100001281518003
6,10121,1446,1.0,1588,1002,9119,0.010000126876668581
6,10127,1447,1.0,1589,1002,9125,0.010000125614224637
6,10133,1448,1.0,1590,1002,9131,0.010000124364342217
6,10139,1449,1.0,1591,1002,9137,0.010000123126896337
6,10145,1450,1.0,1592,1002,9143,0.010000121901763248
6,10151,1451,1.0,1593,1002,9149,0.010000120688820438
6,10157,1452,1.0,1594,1002,9155,0.01000011948794661
6,10163,1453,1.0,1595,1002,9161,0.010000118299021676
6,10169,1454,1.0,1596,1002,9167,0.010000117121926742
6,10175,1455,1.0,1597,1002,9173,0.010000115956544101
6,10181,1456,1.0,1598,1002,9179,0.010000114802757209
6,10187,1457,1.0,1599,1002,9185,0.010000113660450689
6,10193,1458,1.0,1600,1002,9191,0.010000112529510307
6,10199,1459,1.0,1601,1002,9197,0.010000111409822971
6,10205,1460,1.0,1602,1002,9203,0.010000110301276711
6,10211,1461,1.0,1603,1002,9209,0.010000109203760672
6,10217,1462,1.0,1604,1002,9215,0.010000108117165098
6,10223,1463,1.0,1605,1002,9221,0.01000010704138133
6,10229,1464,1.0,1606,1002,9227,0.01000010597630179
6,10235,1465,1.0,1607,1002,9233,0.010000104921819969
6,10241,1466,1.0,1608,1002,9239,0.010000103877830416
8,10249,1467,1.0,1609,1003,9246,0.010000102844228734
6,10255,1468,1.0,1610,1003,9252,0.01000010182091156
6,10261,1469,1.0,1611,1003,9258,0.010000100807776562
6,10267,1470,1.0,1612,1003,9264,0.010000099804722426
6,10273,1471,1.0,1613,1003,9270,0.010000098811648846
6,10279,1472,1.0,1614,1003,9276,0.010000097828456511
6,10285,1473,1.0,1615,1003,9282,0.010000096855047106
6,10291,1474,1.0,1616,1003,9288,0.010000095891323285
6,10297,1475,1.0,1617,1003,9294,0.010000094937188675
8,10305,1476,1.0,1618,1004,9301,0.010000093992547865
6,10311,1477,1.0,1619,1004,9307,0.010000093057306387
6,10317,1478,1.0,1620,1004,9313,0.010000092131370718
6,10323,1479,1.0,1621,1004,9319,0.010000091214648262
6,10329,1480,1.0,1622,1004,9325,0.010000090307047347
6,10335,1481,1.0,1623,1004,9331,0.010000089408477212
6,10341,1482,1.0,1624,1004,9337,0.010000088518848
6,10347,1483,1.0,1625,1004,9343,0.010000087638070747
6,10353,1484,1.0,1626,1004,9349,0.010000086766057372
6,10359,1485,1.0,1627,1004,9355,0.010000085902720677
8,10367,1486,1.0,1628,1005,9362,0.010000085047974325
6,10373,1487,1.0,1629,1005,9368,0.010000084201732842
6,10379,1488,1.0,1630,1005,9374,0.0100000833639116
6,10385,1489,1.0,1631,1005,9380,0.010000082534426821
6,10391,1490,1.0,1632,1006,9385,0.010000081713195552
6,10397,1491,1.0,1633,1006,9391,0.010000080900135672
6,10403,1492,1.0,1634,1006,9397,0.010000080095165871
2,10405,1492,0.0,1635,1007,9398,0.010000079298205657
6,10411,1493,1.0,1636,1007,9404,0.010000078509175326
6,10417,1494,1.0,1637,1007,9410,0.010000077727995979
6,10423,1495,1.0,1638,1007,9416,0.010000076954589498
6,10429,1496,1.0,1639,1007,9422,0.010000076188878538
6,10435,1497,1.0,1640,1007,9428,0.01000007543078653
6,10441,1498,1.0,1641,1007,9434,0.010000074680237664
6,10447,1499,1.0,1642,1007,9440,0.010000073937156883
6,10453,1500,1.0,1643,1007,9446,0.01000007320146988
6,10459,1501,1.0,1644,1007,9452,0.010000072473103085
6,10465,1502,1.0,1645,1007,9458,0.01000007175198366
6,10471,1503,1.0,1646,1007,9464,0.010000071038039494
6,10477,1504,1.0,1647,1007,9470,0.010000070331199191
6,10483,1505,1.0,1648,1007,9476,0.010000069631392067
6,10489,1506,1.0,1649,1007,9482,0.01000006893854814
6,10495,1507,1.0,1650,1007,9488,0.010000068252598124
6,10501,1508,1.0,1651,1007,9494,0.010000067573473426
6,10507,1509,1.0,1652,1007,9500,0.01000006690110613
6,10513,1510,1.0,1653,1007,9506,0.010000066235429003
6,10519,1511,1.0,1654,1007,9512,0.010000065576375472
6,10525,1512,1.0,1655,1007,9518,0.010000064923879634
6,10531,1513,1.0,1656,1007,9524,0.010000064277876239
6,10537,1514,1.0,1657,1007,9530,0.010000063638300683
6,10543,1515,1.0,1658,1007,9536,0.010000063005089013
6,10549,1516,1.0,1659,1007,9542,0.010000062378177901
6,10555,1517,1.0,1660,1007,9548,0.01000006175750466
6,10561,1518,1.0,1661,1007,9554,0.010000061143007222
6,10567,1519,1.0,1662,1007,9560,0.010000060534624135
6,10573,1520,1.0,1663,1007,9566,0.010000059932294561
6,10579,1521,1.0,1664,1007,9572,0.010000059335958267
6,10585,1522,1.0,1665,1007,9578,0.010000058745555618
6,10591,1523,1.0,1666,1007,9584,0.010000058161027572
6,10597,1524,1.0,1667,1007,9590,0.010000057582315678
6,10603,1525,1.0,1668,1007,9596,0.010000057009362065
6,10609,1526,1.0,1669,1007,9602,0.010000056442109434
6,10615,1527,1.0,1670,1007,9608,0.010000055880501062
6,10621,1528,1.0,1671,1007,9614,0.010000055324480787
6,10627,1529,1.0,1672,1007,9620,0.010000054773993005
6,10633,1530,1.0,1673,1007,9626,0.010000054228982667
6,10639,1531,1.0,1674,1007,9632,0.010000053689395275
6,10645,1532,1.0,1675,1007,9638,0.010000053155176866
6,10651,1533,1.0,1676,1007,9644,0.01000005262627402
6,10657,1534,1.0,1677,1007,9650,0.010000052102633843
6,10663,1535,1.0,1678,1007,9656,0.010000051584203975
6,10669,1536,1.0,1679,1007,9662,0.010000051070932568
6,10675,1537,1.0,1680,1007,9668,0.010000050562768299
6,10681,1538,1.0,1681,1007,9674,0.01000005005966035
6,10687,1539,1.0,1682,1007,9680,0.010000049561558406
6,10693,1540,1.0,1683,1007,9686,0.01000004906841266
2,10695,1540,0.0,1684,1008,9687,0.010000048580173797
6,10701,1541,1.0,1685,1008,9693,0.010000048096792991
6,10707,1542,1.0,1686,1008,9699,0.010000047618221904
6,10713,1543,1.0,1687,1008,9705,0.01000004714441268
6,10719,1544,1.0,1688,1008,9711,0.010000046675317936
6,10725,1545,1.0,1689,1008,9717,0.010000046210890762
6,10731,1546,1.0,1690,1008,9723,0.010000045751084716
6,10737,1547,1.0,1691,1008,9729,0.010000045295853818
6,10743,1548,1.0,1692,1008,9735,0.010000044845152541
6,10749,1549,1.0,1693,1008,9741,0.010000044398935818
6,10755,1550,1.0,1694,1008,9747,0.010000043957159026
6,10761,1551,1.0,1695,1008,9753,0.010000043519777985
6,10767,1552,1.0,1696,1008,9759,0.010000043086748959
6,10773,1553,1.0,1697,1008,9765,0.010000042658028644
6,10779,1554,1.0,1698,1008,9771,0.010000042233574168
6,10785,1555,1.0,1699,1008,9777,0.010000041813343083
6,10791,1556,1.0,1700,1008,9783,0.010000041397293368
6,10797,1557,1.0,1701,1008,9789,0.010000040985383415
6,10803,1558,1.0,1702,1008,9795,0.010000040577572037
6,10809,1559,1.0,1703,1008,9801,0.01000004017381845
6,10815,1560,1.0,1704,1008,9807,0.010000039774082276
6,10821,1561,1.0,1705,1008,9813,0.010000039378323547
6,10827,1562,1.0,1706,1008,9819,0.01000003898650268
6,10833,1563,1.0,1707,1008,9825,0.010000038598580497
6,10839,1564,1.0,1708,1008,9831,0.010000038214518205
6,10845,1565,1.0,1709,1008,9837,0.010000037834277395
6,10851,1566,1.0,1710,1008,9843,0.010000037457820044
6,10857,1567,1.0,1711,1008,9849,0.010000037085108507
6,10863,1568,1.0,1712,1008,9855,0.010000036716105512
6,10869,1569,1.0,1713,1008,9861,0.010000036350774158
6,10875,1570,1.0,1714,1009,9866,0.010000035989077912
6,10881,1571,1.0,1715,1009,9872,0.010000035630980604
6,10887,1572,1.0,1716,1009,9878,0.010000035276446424
6,10893,1573,1.0,1717,1009,9884,0.010000034925439917
6,10899,1574,1.0,1718,1009,9890,0.010000034577925983
6,10905,1575,1.0,1719,1009,9896,0.010000034233869871
6,10911,1576,1.0,1720,1009,9902,0.010000033893237174
6,10917,1577,1.0,1721,1009,9908,0.01000003355599383
6,10923,1578,1.0,1722,1009,9914,0.010000033222106111
6,10929,1579,1.0,1723,1009,9920,0.010000032891540634
6,10935,1580,1.0,1724,1009,9926,0.010000032564264336
6,10941,1581,1.0,1725,1010,9931,0.010000032240244492
6,10947,1582,1.0,1726,1010,9937,0.010000031919448699
6,10953,1583,1.0,1727,1010,9943,0.010000031601844877
6,10959,1584,1.0,1728,1010,9949,0.010000031287401267
6,10965,1585,1.0,1729,1010,9955,0.010000030976086424
6,10971,1586,1.0,1730,1010,9961,0.010000030667869213
6,10977,1587,1.0,1731,1010,9967,0.010000030362718817
6,10983,1588,1.0,1732,1010,9973,0.010000030060604716
6,10989,1589,1.0,1733,1010,9979,0.010000029761496701
6,10995,1590,1.0,1734,1010,9985,0.010000029465364862
6,11001,1591,1.0,1735,1010,9991,0.010000029172179582
6,11007,1592,1.0,1736,1010,9997,0.010000028881911547
6,11013,1593,1.0,1737,1010,10003,0.010000028594531725
6,11019,1594,1.0,1738,1010,10009,0.01000002831001138
6,11025,1595,1.0,1739,1010,10015,0.01000002802832206
7,11032,1596,1.0,1740,1011,10021,0.010000027749435597
6,11038,1597,1.0,1741,1011,10027,0.010000027473324099
6,11044,1598,1.0,1742,1011,10033,0.010000027199959956
6,11050,1599,1.0,1743,1011,10039,0.010000026929315833
6,11056,1600,1.0,1744,1011,10045,0.010000026661364663
6,11062,1601,1.0,1745,1011,10051,0.010000026396079652
6,11068,1602,1.0,1746,1011,10057,0.010000026133434271
6,11074,1603,1.0,1747,1011,10063,0.010000025873402256
6,11080,1604,1.0,1748,1011,10069,0.010000025615957602
6,11086,1605,1.0,1749,1011,10075,0.010000025361074565
7,11093,1606,1.0,1750,1012,10081,0.010000025108727656
6,11099,1607,1.0,1751,1012,10087,0.010000024858891642
6,11105,1608,1.0,1752,1012,10093,0.010000024611541538
6,11111,1609,1.0,1753,1012,10099,0.010000024366652607
6,11117,1610,1.0,1754,1012,10105,0.010000024124200363
6,11123,1611,1.0,1755,1012,10111,0.01000002388416056
7,11130,1612,1.0,1756,1013,10117,0.01000002364650919
6,11136,1613,1.0,1757,1013,10123,0.010000023411222492
6,11142,1614,1.0,1758,1013,10129,0.010000023178276937
6,11148,1615,1.0,1759,1013,10135,0.010000022947649227
6,11154,1616,1.0,1760,1013,10141,0.010000022719316303
6,11160,1617,1.0,1761,1013,10147,0.010000022493255328
6,11166,1618,1.0,1762,1013,10153,0.010000022269443699
6,11172,1619,1.0,1763,1013,10159,0.010000022047859032
6,11178,1620,1.0,1764,1013,10165,0.010000021828479169
6,11184,1621,1.0,1765,1013,10171,0.010000021611282172
6,11190,1622,1.0,1766,1013,10177,0.010000021396246322
6,11196,1623,1.0,1767,1013,10183,0.010000021183350114
6,11202,1624,1.0,1768,1013,10189,0.010000020972572257
6,11208,1625,1.0,1769,1013,10195,0.010000020763891677
6,11214,1626,1.0,1770,1013,10201,0.010000020557287503
6,11220,1627,1.0,1771,1013,10207,0.010000020352739074
6,11226,1628,1.0,1772,1013,10213,0.010000020150225938
6,11232,1629,1.0,1773,1013,10219,0.010000019949727839
6,11238,1630,1.0,1774,1014,10224,0.01000001975122473
6,11244,1631,1.0,1775,1014,10230,0.010000019554696761
6,11250,1632,1.0,1776,1014,10236,0.010000019360124277
6,11256,1633,1.0,1777,1014,10242,0.010000019167487823
6,11262,1634,1.0,1778,1014,10248,0.010000018976768131
6,11268,1635,1.0,1779,1014,10254,0.010000018787946133
8,11276,1636,1.0,1780,1015,10261,0.010000018601002946
6,11282,1637,1.0,1781,1015,10267,0.010000018415919874
6,11288,1638,1.0,1782,1015,10273,0.01000001823267841
6,11294,1639,1.0,1783,1015,10279,0.010000018051260228
6,11300,1640,1.0,1784,1016,10284,0.010000017871647188
6,11306,1641,1.0,1785,1016,10290,0.010000017693821328
6,11312,1642,1.0,1786,1016,10296,0.010000017517764864
6,11318,1643,1.0,1787,1016,10302,0.01000001734346019
6,11324,1644,1.0,1788,1016,10308,0.010000017170889879
6,11330,1645,1.0,1789,1016,10314,0.01000001700003667
6,11336,1646,1.0,1790,1016,10320,0.010000016830883479
6,11342,1647,1.0,1791,1016,10326,0.01000001666341339
7,11349,1648,1.0,1792,1017,10332,0.010000016497609657
6,11355,1649,1.0,1793,1017,10338,0.010000016333455698
6,11361,1650,1.0,1794,1017,10344,0.010000016170935098
6,11367,1651,1.0,1795,1017,10350,0.010000016010031604
6,11373,1652,1.0,1796,1017,10356,0.010000015850729129
6,11379,1653,1.0,1797,1017,10362,0.01000001569301174
6,11385,1654,1.0,1798,1017,10368,0.010000015536863664
6,11391,1655,1.0,1799,1017,10374,0.010000015382269287
6,11397,1656,1.0,1800,1017,10380,0.01000001522921315
6,11403,1657,1.0,1801,1017,10386,0.010000015077679947
6,11409,1658,1.0,1802,1017,10392,0.010000014927654526
6,11415,1659,1.0,1803,1017,10398,0.010000014779121881
6,11421,1660,1.0,1804,1017,10404,0.01000001463206716
6,11427,1661,1.0,1805,1017,10410,0.01000001448647566
6,11433,1662,1.0,1806,1017,10416,0.01000001434233282
6,11439,1663,1.0,1807,1017,10422,0.010000014199624223
6,11445,1664,1.0,1808,1017,10428,0.010000014058335602
6,11451,1665,1.0,1809,1017,10434,0.010000013918452825
6,11457,1666,1.0,1810,1017,10440,0.010000013779961906
6,11463,1667,1.0,1811,1017,10446,0.010000013642848993
6,11469,1668,1.0,1812,1017,10452,0.010000013507100378
6,11475,1669,1.0,1813,1017,10458,0.010000013372702484
6,11481,1670,1.0,1814,1017,10464,0.010000013239641871
6,11487,1671,1.0,1815,1017,10470,0.010000013107905234
6,11493,1672,1.0,1816,1017,10476,0.010000012977479397
6,11499,1673,1.0,1817,1017,10482,0.010000012848351319
6,11505,1674,1.0,1818,1017,10488,0.010000012720508088
6,11511,1675,1.0,1819,1017,10494,0.010000012593936918
8,11519,1676,1.0,1820,1018,10501,0.010000012468625152
6,11525,1677,1.0,1821,1018,10507,0.010000012344560258
6,11531,1678,1.0,1822,1018,10513,0.010000012221729832
6,11537,1679,1.0,1823,1018,10519,0.010000012100121587
6,11543,1680,1.0,1824,1018,10525,0.010000011979723366
6,11549,1681,1.0,1825,1018,10531,0.010000011860523126
6,11555,1682,1.0,1826,1018,10537,0.01000001174250895
6,11561,1683,1.0,1827,1018,10543,0.010000011625669034
6,11567,1684,1.0,1828,1018,10549,0.010000011509991694
6,11573,1685,1.0,1829,1018,10555,0.010000011395465363
6,11579,1686,1.0,1830,1018,10561,0.010000011282078588
6,11585,1687,1.0,1831,1018,10567,0.010000011169820031
6,11591,1688,1.0,1832,1018,10573,0.010000011058678464
6,11597,1689,1.0,1833,1018,10579,0.010000010948642776
6,11603,1690,1.0,1834,1018,10585,0.01000001083970196
6,11609,1691,1.0,1835,1018,10591,0.010000010731845123
6,11615,1692,1.0,1836,1018,10597,0.01000001062506148
6,11621,1693,1.0,1837,1018,10603,0.010000010519340352
6,11627,1694,1.0,1838,1018,10609,0.010000010414671166
6,11633,1695,1.0,1839,1018,10615,0.010000010311043457
6,11639,1696,1.0,1840,1018,10621,0.01000001020844686
6,11645,1697,1.0,1841,1018,10627,0.010000010106871116
6,11651,1698,1.0,1842,1018,10633,0.010000010006306069
6,11657,1699,1.0,1843,1018,10639,0.01000000990674166
6,11663,1700,1.0,1844,1018,10645,0.010000009808167933
6,11669,1701,1.0,1845,1018,10651,0.010000009710575032
6,11675,1702,1.0,1846,1018,10657,0.010000009613953196
6,11681,1703,1.0,1847,1018,10663,0.010000009518292764
6,11687,1704,1.0,1848,1018,10669,0.010000009423584168
6,11693,1705,1.0,1849,1018,10675,0.01000000932981794
6,11699,1706,1.0,1850,1018,10681,0.010000009236984698
6,11705,1707,1.0,1851,1018,10687,0.010000009145075166
6,11711,1708,1.0,1852,1018,10693,0.010000009054080147
6,11717,1709,1.0,1853,1018,10699,0.010000008963990545
6,11723,1710,1.0,1854,1018,10705,0.010000008874797349
6,11729,1711,1.0,1855,1018,10711,0.010000008786491639
6,11735,1712,1.0,1856,1018,10717,0.010000008699064587
6,11741,1713,1.0,1857,1018,10723,0.010000008612507449
6,11747,1714,1.0,1858,1018,10729,0.010000008526811568
6,11753,1715,1.0,1859,1018,10735,0.010000008441968375
6,11759,1716,1.0,1860,1018,10741,0.010000008357969386
6,11765,1717,1.0,1861,1018,10747,0.0100000082748062
6,11771,1718,1.0,1862,1018,10753,0.010000008192470503
6,11777,1719,1.0,1863,1018,10759,0.01000000811095406
6,11783,1720,1.0,1864,1018,10765,0.010000008030248718
6,11789,1721,1.0,1865,1018,10771,0.01000000795034641
6,11795,1722,1.0,1866,1018,10777,0.01000000787123914
6,11801,1723,1.0,1867,1018,10783,0.010000007792919001
6,11807,1724,1.0,1868,1018,10789,0.010000007715378163
6,11813,1725,1.0,1869,1018,10795,0.010000007638608867
6,11819,1726,1.0,1870,1018,10801,0.01000000756260344
6,11825,1727,1.0,1871,1018,10807,0.010000007487354277
6,11831,1728,1.0,1872,1018,10813,0.010000007412853857
6,11837,1729,1.0,1873,1019,10818,0.01000000733909473
6,11843,1730,1.0,1874,1019,10824,0.010000007266069517
6,11849,1731,1.0,1875,1019,10830,0.010000007193770916
6,11855,1732,1.0,1876,1019,10836,0.0100000071221917
6,11861,1733,1.0,1877,1019,10842,0.010000007051324708
6,11867,1734,1.0,1878,1019,10848,0.010000006981162856
6,11873,1735,1.0,1879,1019,10854,0.010000006911699125
6,11879,1736,1.0,1880,1019,10860,0.01000000684292657
6,11885,1737,1.0,1881,1019,10866,0.010000006774838312
6,11891,1738,1.0,1882,1019,10872,0.010000006707427544
6,11897,1739,1.0,1883,1019,10878,0.010000006640687526
6,11903,1740,1.0,1884,1019,10884,0.010000006574611581
6,11909,1741,1.0,1885,1019,10890,0.010000006509193103
6,11915,1742,1.0,1886,1019,10896,0.010000006444425549
6,11921,1743,1.0,1887,1019,10902,0.010000006380302443
6,11927,1744,1.0,1888,1019,10908,0.010000006316817373
6,11933,1745,1.0,1889,1019,10914,0.010000006253963991
6,11939,1746,1.0,1890,1019,10920,0.01000000619173601
6,11945,1747,1.0,1891,1019,10926,0.010000006130127206
6,11951,1748,1.0,1892,1019,10932,0.010000006069131422
6,11957,1749,1.0,1893,1019,10938,0.010000006008742554
6,11963,1750,1.0,1894,1019,10944,0.010000005948954567
6,11969,1751,1.0,1895,1019,10950,0.01000000588976148
6,11975,1752,1.0,1896,1019,10956,0.010000005831157375
6,11981,1753,1.0,1897,1019,10962,0.01000000577313639
6,11987,1754,1.0,1898,1019,10968,0.010000005715692721
6,11993,1755,1.0,1899,1019,10974,0.01000000565882063
6,11999,1756,1.0,1900,1019,10980,0.010000005602514423
6,12005,1757,1.0,1901,1019,10986,0.010000005546768474
6,12011,1758,1.0,1902,1019,10992,0.010000005491577205
6,12017,1759,1.0,1903,1019,10998,0.010000005436935099
6,12023,1760,1.0,1904,1019,11004,0.01000000538283669
6,12029,1761,1.0,1905,1019,11010,0.01000000532927657
6,12035,1762,1.0,1906,1019,11016,0.010000005276249382
6,12041,1763,1.0,1907,1020,11021,0.010000005223749824
6,12047,1764,1.0,1908,1020,11027,0.010000005171772646
6,12053,1765,1.0,1909,1020,11033,0.010000005120312648
6,12059,1766,1.0,1910,1020,11039,0.010000005069364685
6,12065,1767,1.0,1911,1020,11045,0.010000005018923664
6,12071,1768,1.0,1912,1020,11051,0.010000004968984538
6,12077,1769,1.0,1913,1020,11057,0.010000004919542317
6,12083,1770,1.0,1914,1020,11063,0.010000004870592053
6,12089,1771,1.0,1915,1020,11069,0.010000004822128853
6,12095,1772,1.0,1916,1020,11075,0.010000004774147869
6,12101,1773,1.0,1917,1020,11081,0.010000004726644304
6,12107,1774,1.0,1918,1020,11087,0.010000004679613407
6,12113,1775,1.0,1919,1020,11093,0.010000004633050475
6,12119,1776,1.0,1920,1020,11099,0.010000004586950852
6,12125,1777,1.0,1921,1021,11104,0.010000004541309929
6,12131,1778,1.0,1922,1021,11110,0.01000000449612314
6,12137,1779,1.0,1923,1021,11116,0.010000004451385968
6,12143,1780,1.0,1924,1021,11122,0.010000004407093938
6,12149,1781,1.0,1925,1021,11128,0.01000000436324262
6,12155,1782,1.0,1926,1021,11134,0.010000004319827631
6,12161,1783,1.0,1927,1021,11140,0.010000004276844627
6,12167,1784,1.0,1928,1021,11146,0.010000004234289312
6,12173,1785,1.0,1929,1021,11152,0.01000000419215743
6,12179,1786,1.0,1930,1021,11158,0.010000004150444766
6,12185,1787,1.0,1931,1021,11164,0.010000004109147151
6,12191,1788,1.0,1932,1021,11170,0.010000004068260454
6,12197,1789,1.0,1933,1021,11176,0.010000004027780587
6,12203,1790,1.0,1934,1021,11182,0.0100000039877035
6,12209,1791,1.0,1935,1021,11188,0.010000003948025186
6,12215,1792,1.0,1936,1021,11194,0.01000000390874168
6,12221,1793,1.0,1937,1021,11200,0.01000000386984905
6,12227,1794,1.0,1938,1021,11206,0.01000000383134341
6,12233,1795,1.0,1939,1021,11212,0.010000003793220904
6,12239,1796,1.0,1940,1021,11218,0.010000003755477726
6,12245,1797,1.0,1941,1021,11224,0.010000003718110098
6,12251,1798,1.0,1942,1021,11230,0.010000003681114285
6,12257,1799,1.0,1943,1021,11236,0.010000003644486586
6,12263,1800,1.0,1944,1021,11242,0.010000003608223338
6,12269,1801,1.0,1945,1021,11248,0.010000003572320917
6,12275,1802,1.0,1946,1021,11254,0.010000003536775728
6,12281,1803,1.0,1947,1021,11260,0.010000003501584222
6,12287,1804,1.0,1948,1021,11266,0.010000003466742877
6,12293,1805,1.0,1949,1021,11272,0.01000000343224821
6,12299,1806,1.0,1950,1021,11278,0.01000000339809677
6,12305,1807,1.0,1951,1021,11284,0.010000003364285142
6,12311,1808,1.0,1952,1022,11289,0.010000003330809946
6,12317,1809,1.0,1953,1022,11295,0.010000003297667832
6,12323,1810,1.0,1954,1022,11301,0.010000003264855489
6,12329,1811,1.0,1955,1022,11307,0.010000003232369634
6,12335,1812,1.0,1956,1022,11313,0.01000000320020702
6,12341,1813,1.0,1957,1022,11319,0.010000003168364427
6,12347,1814,1.0,1958,1022,11325,0.010000003136838674
6,12353,1815,1.0,1959,1022,11331,0.010000003105626609
6,12359,1816,1.0,1960,1022,11337,0.010000003074725107
6,12365,1817,1.0,1961,1022,11343,0.010000003044131081
6,12371,1818,1.0,1962,1022,11349,0.01000000301384147
6,12377,1819,1.0,1963,1022,11355,0.010000002983853246
6,12383,1820,1.0,1964,1022,11361,0.01000000295416341
6,12389,1821,1.0,1965,1022,11367,0.010000002924768993
6,12395,1822,1.0,1966,1022,11373,0.010000002895667057
6,12401,1823,1.0,1967,1022,11379,0.010000002866854688
6,12407,1824,1.0,1968,1022,11385,0.010000002838329006
5,12412,1824,0.0,1969,1023,11389,0.010000002810087161
6,12418,1825,1.0,1970,1023,11395,0.010000002782126326
6,12424,1826,1.0,1971,1023,11401,0.010000002754443708
6,12430,1827,1.0,1972,1023,11407,0.010000002727036534
6,12436,1828,1.0,1973,1023,11413,0.010000002699902068
6,12442,1829,1.0,1974,1023,11419,0.010000002673037594
6,12448,1830,1.0,1975,1023,11425,0.010000002646440425
6,12454,1831,1.0,1976,1023,11431,0.010000002620107903
6,12460,1832,1.0,1977,1023,11437,0.010000002594037393
6,12466,1833,1.0,1978,1023,11443,0.01000000256822629
6,12472,1834,1.0,1979,1023,11449,0.010000002542672012
6,12478,1835,1.0,1980,1023,11455,0.010000002517372002
6,12484,1836,1.0,1981,1023,11461,0.010000002492323733
6,12490,1837,1.0,1982,1023,11467,0.010000002467524697
3,12493,1837,0.0,1983,1024,11469,0.010000002442972417
6,12499,1838,1.0,1984,1024,11475,0.010000002418664434
6,12505,1839,1.0,1985,1024,11481,0.010000002394598322
6,12511,1840,1.0,1986,1024,11487,0.01000000237077167
6,12517,1841,1.0,1987,1024,11493,0.010000002347182098
6,12523,1842,1.0,1988,1024,11499,0.010000002323827245
6,12529,1843,1.0,1989,1024,11505,0.010000002300704778
6,12535,1844,1.0,1990,1024,11511,0.010000002277812383
6,12541,1845,1.0,1991,1024,11517,0.010000002255147772
6,12547,1846,1.0,1992,1024,11523,0.010000002232708676
6,12553,1847,1.0,1993,1024,11529,0.010000002210492853
6,12559,1848,1.0,1994,1024,11535,0.010000002188498083
6,12565,1849,1.0,1995,1024,11541,0.010000002166722161
6,12571,1850,1.0,1996,1024,11547,0.010000002145162916
6,12577,1851,1.0,1997,1024,11553,0.01000000212381819
6,12583,1852,1.0,1998,1024,11559,0.010000002102685845
6,12589,1853,1.0,1999,1024,11565,0.01000000208176377
6,12595,1854,1.0,2000,1024,11571,0.010000002061049876
6,12601,1855,1.0,2001,1024,11577,0.010000002040542086
6,12607,1856,1.0,2002,1024,11583,0.010000002020238354
6,12613,1857,1.0,2003,1024,11589,0.010000002000136647
6,12619,1858,1.0,2004,1024,11595,0.010000001980234954
6,12625,1859,1.0,2005,1024,11601,0.010000001960531286
6,12631,1860,1.0,2006,1024,11607,0.010000001941023675
6,12637,1861,1.0,2007,1025,11612,0.010000001921710166
6,12643,1862,1.0,2008,1025,11618,0.010000001902588831
6,12649,1863,1.0,2009,1025,11624,0.010000001883657756
6,12655,1864,1.0,2010,1025,11630,0.010000001864915047
6,12661,1865,1.0,2011,1025,11636,0.010000001846358833
6,12667,1866,1.0,2012,1025,11642,0.010000001827987255
6,12673,1867,1.0,2013,1025,11648,0.010000001809798478
6,12679,1868,1.0,2014,1025,11654,0.010000001791790683
6,12685,1869,1.0,2015,1025,11660,0.010000001773962068
6,12691,1870,1.0,2016,1025,11666,0.01000000175631085
6,12697,1871,1.0,2017,1025,11672,0.010000001738835265
6,12703,1872,1.0,2018,1025,11678,0.010000001721533565
6,12709,1873,1.0,2019,1025,11684,0.01000000170440402
6,12715,1874,1.0,2020,1025,11690,0.010000001687444917
6,12721,1875,1.0,2021,1025,11696,0.01000000167065456
6,12727,1876,1.0,2022,1025,11702,0.010000001654031268
6,12733,1877,1.0,2023,1025,11708,0.010000001637573383
6,12739,1878,1.0,2024,1025,11714,0.010000001621279255
6,12745,1879,1.0,2025,1025,11720,0.010000001605147257
6,12751,1880,1.0,2026,1025,11726,0.010000001589175776
6,12757,1881,1.0,2027,1025,11732,0.010000001573363212
6,12763,1882,1.0,2028,1025,11738,0.010000001557707985
6,12769,1883,1.0,2029,1025,11744,0.010000001542208533
6,12775,1884,1.0,2030,1025,11750,0.010000001526863301
6,12781,1885,1.0,2031,1025,11756,0.010000001511670758
6,12787,1886,1.0,2032,1026,11761,0.010000001496629383
6,12793,1887,1.0,2033,1026,11767,0.010000001481737672
6,12799,1888,1.0,2034,1026,11773,0.010000001466994136
6,12805,1889,1.0,2035,1026,11779,0.0100000014523973
6,12811,1890,1.0,2036,1026,11785,0.010000001437945705
6,12817,1891,1.0,2037,1026,11791,0.010000001423637906
6,12823,1892,1.0,2038,1026,11797,0.010000001409472473
6,12829,1893,1.0,2039,1026,11803,0.010000001395447987
6,12835,1894,1.0,2040,1026,11809,0.010000001381563048
6,12841,1895,1.0,2041,1026,11815,0.010000001367816265
6,12847,1896,1.0,2042,1026,11821,0.010000001354206266
6,12853,1897,1.0,2043,1026,11827,0.010000001340731689
6,12859,1898,1.0,2044,1026,11833,0.010000001327391185
6,12865,1899,1.0,2045,1026,11839,0.010000001314183422
6,12871,1900,1.0,2046,1026,11845,0.010000001301107078
6,12877,1901,1.0,2047,1026,11851,0.010000001288160847
6,12883,1902,1.0,2048,1026,11857,0.010000001275343432
6,12889,1903,1.0,2049,1026,11863,0.010000001262653553
6,12895,1904,1.0,2050,1026,11869,0.010000001250089941
6,12901,1905,1.0,2051,1026,11875,0.010000001237651338
6,12907,1906,1.0,2052,1026,11881,0.010000001225336501
6,12913,1907,1.0,2053,1027,11886,0.0100000012131442
6,12919,1908,1.0,2054,1027,11892,0.010000001201073213
6,12925,1909,1.0,2055,1027,11898,0.010000001189122336
6,12931,1910,1.0,2056,1027,11904,0.01000000117729037
6,12937,1911,1.0,2057,1027,11910,0.010000001165576136
6,12943,1912,1.0,2058,1027,11916,0.010000001153978458
6,12949,1913,1.0,2059,1027,11922,0.010000001142496181
6,12955,1914,1.0,2060,1027,11928,0.010000001131128155
6,12961,1915,1.0,2061,1027,11934,0.010000001119873241
7,12968,1916,1.0,2062,1028,11940,0.010000001108730316
6,12974,1917,1.0,2063,1028,11946,0.010000001097698266
6,12980,1918,1.0,2064,1028,11952,0.010000001086775985
6,12986,1919,1.0,2065,1028,11958,0.010000001075962384
6,12992,1920,1.0,2066,1028,11964,0.010000001065256378
6,12998,1921,1.0,2067,1028,11970,0.0100000010546569
6,13004,1922,1.0,2068,1028,11976,0.010000001044162888
6,13010,1923,1.0,2069,1028,11982,0.010000001033773295
6,13016,1924,1.0,2070,1028,11988,0.010000001023487078
6,13022,1925,1.0,2071,1028,11994,0.010000001013303212
6,13028,1926,1.0,2072,1028,12000,0.010000001003220677
6,13034,1927,1.0,2073,1028,12006,0.010000000993238464
6,13040,1928,1.0,2074,1028,12012,0.010000000983355576
6,13046,1929,1.0,2075,1028,12018,0.010000000973571024
6,13052,1930,1.0,2076,1028,12024,0.01000000096388383
6,13058,1931,1.0,2077,1028,12030,0.010000000954293027
6,13064,1932,1.0,2078,1028,12036,0.010000000944797652
6,13070,1933,1.0,2079,1028,12042,0.010000000935396759
6,13076,1934,1.0,2080,1028,12048,0.010000000926089405
6,13082,1935,1.0,2081,1028,12054,0.010000000916874661
6,13088,1936,1.0,2082,1028,12060,0.010000000907751607
6,13094,1937,1.0,2083,1028,12066,0.010000000898719327
6,13100,1938,1.0,2084,1028,12072,0.01000000088977692
6,13106,1939,1.0,2085,1028,12078,0.010000000880923492
6,13112,1940,1.0,2086,1028,12084,0.010000000872158157
6,13118,1941,1.0,2087,1028,12090,0.010000000863480038
6,13124,1942,1.0,2088,1028,12096,0.010000000854888268
6,13130,1943,1.0,2089,1028,12102,0.010000000846381987
6,13136,1944,1.0,2090,1028,12108,0.010000000837960347
6,13142,1945,1.0,2091,1028,12114,0.010000000829622501
6,13148,1946,1.0,2092,1028,12120,0.01000000082136762
6,13154,1947,1.0,2093,1028,12126,0.010000000813194876
6,13160,1948,1.0,2094,1028,12132,0.010000000805103451
6,13166,1949,1.0,2095,1028,12138,0.010000000797092538
6,13172,1950,1.0,2096,1028,12144,0.010000000789161335
6,13178,1951,1.0,2097,1028,12150,0.010000000781309049
6,13184,1952,1.0,2098,1028,12156,0.010000000773534894
6,13190,1953,1.0,2099,1028,12162,0.010000000765838093
6,13196,1954,1.0,2100,1028,12168,0.010000000758217876
6,13202,1955,1.0,2101,1028,12174,0.010000000750673482
6,13208,1956,1.0,2102,1028,12180,0.010000000743204156
6,13214,1957,1.0,2103,1028,12186,0.010000000735809152
6,13220,1958,1.0,2104,1028,12192,0.010000000728487729
8,13228,1959,1.0,2105,1029,12199,0.010000000721239154
6,13234,1960,1.0,2106,1030,12204,0.010000000714062705
6,13240,1961,1.0,2107,1030,12210,0.010000000706957663
8,13248,1962,1.0,2108,1031,12217,0.010000000699923316
6,13254,1963,1.0,2109,1031,12223,0.010000000692958963
6,13260,1964,1.0,2110,1031,12229,0.010000000686063906
6,13266,1965,1.0,2111,1031,12235,0.010000000679237456
6,13272,1966,1.0,2112,1032,12240,0.01000000067247893
6,13278,1967,1.0,2113,1032,12246,0.010000000665787653
6,13284,1968,1.0,2114,1032,12252,0.010000000659162955
6,13290,1969,1.0,2115,1032,12258,0.010000000652604174
6,13296,1970,1.0,2116,1032,12264,0.010000000646110655
6,13302,1971,1.0,2117,1032,12270,0.010000000639681745
6,13308,1972,1.0,2118,1032,12276,0.010000000633316805
6,13314,1973,1.0,2119,1032,12282,0.010000000627015199
6,13320,1974,1.0,2120,1032,12288,0.010000000620776293
6,13326,1975,1.0,2121,1032,12294,0.010000000614599465
6,13332,1976,1.0,2122,1032,12300,0.010000000608484098
6,13338,1977,1.0,2123,1032,12306,0.01000000060242958
6,13344,1978,1.0,2124,1032,12312,0.010000000596435306
6,13350,1979,1.0,2125,1032,12318,0.010000000590500676
6,13356,1980,1.0,2126,1032,12324,0.010000000584625097
6,13362,1981,1.0,2127,1032,12330,0.01000000057880798
6,13368,1982,1.0,2128,1032,12336,0.010000000573048744
6,13374,1983,1.0,2129,1032,12342,0.010000000567346814
6,13380,1984,1.0,2130,1032,12348,0.010000000561701618
6,13386,1985,1.0,2131,1032,12354,0.010000000556112594
6,13392,1986,1.0,2132,1032,12360,0.010000000550579181
6,13398,1987,1.0,2133,1032,12366,0.010000000545100826
6,13404,1988,1.0,2134,1032,12372,0.010000000539676982
6,13410,1989,1.0,2135,1032,12378,0.010000000534307107
6,13416,1990,1.0,2136,1032,12384,0.010000000528990662
6,13422,1991,1.0,2137,1032,12390,0.010000000523727117
6,13428,1992,1.0,2138,1032,12396,0.010000000518515946
6,13434,1993,1.0,2139,1032,12402,0.010000000513356627
6,13440,1994,1.0,2140,1032,12408,0.010000000508248641
6,13446,1995,1.0,2141,1032,12414,0.010000000503191483
6,13452,1996,1.0,2142,1032,12420,0.010000000498184645
6,13458,1997,1.0,2143,1032,12426,0.010000000493227624
6,13464,1998,1.0,2144,1032,12432,0.010000000488319928
6,13470,1999,1.0,2145,1032,12438,0.010000000483461063
6,13476,2000,1.0,2146,1032,12444,0.010000000478650545
6,13482,2001,1.0,2147,1032,12450,0.010000000473887893
6,13488,2002,1.0,2148,1032,12456,0.01000000046917263
6,13494,2003,1.0,2149,1032,12462,0.010000000464504284
6,13500,2004,1.0,2150,1032,12468,0.01000000045988239
6,13506,2005,1.0,2151,1032,12474,0.010000000455306482
6,13512,2006,1.0,2152,1032,12480,0.010000000450776108
6,13518,2007,1.0,2153,1032,12486,0.01000000044629081
6,13524,2008,1.0,2154,1032,12492,0.010000000441850142
6,13530,2009,1.0,2155,1032,12498,0.01000000043745366
6,13536,2010,1.0,2156,1032,12504,0.010000000433100923
6,13542,2011,1.0,2157,1032,12510,0.010000000428791497
6,13548,2012,1.0,2158,1032,12516,0.01000000042452495
6,13554,2013,1.0,2159,1032,12522,0.010000000420300857
6,13560,2014,1.0,2160,1032,12528,0.010000000416118794
6,13566,2015,1.0,2161,1032,12534,0.010000000411978342
6,13572,2016,1.0,2162,1032,12540,0.01000000040787909
6,13578,2017,1.0,2163,1032,12546,0.010000000403820625
6,13584,2018,1.0,2164,1032,12552,0.010000000399802542
6,13590,2019,1.0,2165,1032,12558,0.010000000395824441
7,13597,2020,1.0,2166,1033,12564,0.010000000391885921
6,13603,2021,1.0,2167,1033,12570,0.010000000387986591
6,13609,2022,1.0,2168,1033,12576,0.010000000384126061
6,13615,2023,1.0,2169,1033,12582,0.010000000380303941
6,13621,2024,1.0,2170,1033,12588,0.010000000376519855
6,13627,2025,1.0,2171,1033,12594,0.01000000037277342
6,13633,2026,1.0,2172,1033,12600,0.010000000369064262
6,13639,2027,1.0,2173,1033,12606,0.010000000365392012
6,13645,2028,1.0,2174,1033,12612,0.0100000003617563
6,13651,2029,1.0,2175,1033,12618,0.010000000358156765
6,13657,2030,1.0,2176,1033,12624,0.010000000354593046
6,13663,2031,1.0,2177,1033,12630,0.010000000351064785
6,13669,2032,1.0,2178,1033,12636,0.010000000347571633
6,13675,2033,1.0,2179,1033,12642,0.010000000344113236
6,13681,2034,1.0,2180,1033,12648,0.010000000340689253
6,13687,2035,1.0,2181,1033,12654,0.010000000337299338
6,13693,2036,1.0,2182,1033,12660,0.010000000333943155
6,13699,2037,1.0,2183,1033,12666,0.010000000330620365
6,13705,2038,1.0,2184,1033,12672,0.010000000327330637
6,13711,2039,1.0,2185,1033,12678,0.010000000324073641
6,13717,2040,1.0,2186,1033,12684,0.010000000320849056
6,13723,2041,1.0,2187,1033,12690,0.010000000317656554
6,13729,2042,1.0,2188,1034,12695,0.010000000314495818
6,13735,2043,1.0,2189,1034,12701,0.010000000311366533
6,13741,2044,1.0,2190,1034,12707,0.010000000308268385
6,13747,2045,1.0,2191,1034,12713,0.010000000305201063
6,13753,2046,1.0,2192,1034,12719,0.01000000030216426
6,13759,2047,1.0,2193,1034,12725,0.010000000299157676
6,13765,2048,1.0,2194,1034,12731,0.010000000296181009
6,13771,2049,1.0,2195,1034,12737,0.010000000293233958
6,13777,2050,1.0,2196,1034,12743,0.010000000290316231
6,13783,2051,1.0,2197,1034,12749,0.010000000287427537
6,13789,2052,1.0,2198,1034,12755,0.010000000284567585
6,13795,2053,1.0,2199,1034,12761,0.01000000028173609
5,13800,2053,0.0,2200,1035,12765,0.01000000027893277
6,13806,2054,1.0,2201,1035,12771,0.010000000276157342
6,13812,2055,1.0,2202,1035,12777,0.01000000027340953
6,13818,2056,1.0,2203,1035,12783,0.01000000027068906
6,13824,2057,1.0,2204,1035,12789,0.010000000267995659
6,13830,2058,1.0,2205,1035,12795,0.010000000265329058
7,13837,2059,1.0,2206,1036,12801,0.010000000262688989
6,13843,2060,1.0,2207,1036,12807,0.010000000260075189
6,13849,2061,1.0,2208,1036,12813,0.010000000257487398
6,13855,2062,1.0,2209,1036,12819,0.010000000254925355
6,13861,2063,1.0,2210,1036,12825,0.010000000252388806
6,13867,2064,1.0,2211,1036,12831,0.010000000249877496
6,13873,2065,1.0,2212,1036,12837,0.010000000247391174
6,13879,2066,1.0,2213,1036,12843,0.01000000024492959
4,13883,2066,0.0,2214,1037,12846,0.0100000002424925
6,13889,2067,1.0,2215,1037,12852,0.01000000024007966
6,13895,2068,1.0,2216,1037,12858,0.010000000237690827
6,13901,2069,1.0,2217,1037,12864,0.010000000235325763
6,13907,2070,1.0,2218,1037,12870,0.010000000232984233
6,13913,2071,1.0,2219,1037,12876,0.010000000230666
6,13919,2072,1.0,2220,1037,12882,0.010000000228370836
6,13925,2073,1.0,2221,1037,12888,0.010000000226098508
6,13931,2074,1.0,2222,1037,12894,0.01000000022384879
6,13937,2075,1.0,2223,1037,12900,0.010000000221621458
6,13943,2076,1.0,2224,1037,12906,0.010000000219416287
6,13949,2077,1.0,2225,1037,12912,0.010000000217233058
6,13955,2078,1.0,2226,1037,12918,0.010000000215071555
6,13961,2079,1.0,2227,1037,12924,0.010000000212931556
6,13967,2080,1.0,2228,1037,12930,0.010000000210812852
6,13973,2081,1.0,2229,1037,12936,0.01000000020871523
6,13979,2082,1.0,2230,1037,12942,0.010000000206638477
6,13985,2083,1.0,2231,1037,12948,0.010000000204582391
6,13991,2084,1.0,2232,1037,12954,0.01000000020254676
6,13997,2085,1.0,2233,1037,12960,0.010000000200531387
6,14003,2086,1.0,2234,1037,12966,0.010000000198536066
6,14009,2087,1.0,2235,1037,12972,0.0100000001965606
6,14015,2088,1.0,2236,1037,12978,0.010000000194604789
6,14021,2089,1.0,2237,1037,12984,0.010000000192668439
6,14027,2090,1.0,2238,1037,12990,0.010000000190751356
6,14033,2091,1.0,2239,1037,12996,0.010000000188853348
6,14039,2092,1.0,2240,1037,13002,0.010000000186974226
6,14045,2093,1.0,2241,1037,13008,0.010000000185113801
6,14051,2094,1.0,2242,1037,13014,0.01000000018327189
6,14057,2095,1.0,2243,1037,13020,0.010000000181448303
6,14063,2096,1.0,2244,1037,13026,0.010000000179642862
6,14069,2097,1.0,2245,1037,13032,0.010000000177855385
6,14075,2098,1.0,2246,1037,13038,0.010000000176085695
6,14081,2099,1.0,2247,1037,13044,0.010000000174333614
6,14087,2100,1.0,2248,1037,13050,0.010000000172598965
6,14093,2101,1.0,2249,1037,13056,0.010000000170881576
6,14099,2102,1.0,2250,1037,13062,0.010000000169181277
6,14105,2103,1.0,2251,1037,13068,0.010000000167497894
6,14111,2104,1.0,2252,1038,13073,0.010000000165831262
6,14117,2105,1.0,2253,1038,13079,0.010000000164181214
6,14123,2106,1.0,2254,1038,13085,0.010000000162547583
6,14129,2107,1.0,2255,1038,13091,0.010000000160930209
6,14135,2108,1.0,2256,1038,13097,0.010000000159328925
6,14141,2109,1.0,2257,1038,13103,0.010000000157743577
6,14147,2110,1.0,2258,1038,13109,0.010000000156174001
6,14153,2111,1.0,2259,1038,13115,0.010000000154620044
6,14159,2112,1.0,2260,1038,13121,0.01000000015308155
6,14165,2113,1.0,2261,1038,13127,0.010000000151558363
6,14171,2114,1.0,2262,1038,13133,0.010000000150050332
6,14177,2115,1.0,2263,1038,13139,0.010000000148557306
6,14183,2116,1.0,2264,1038,13145,0.010000000147079136
6,14189,2117,1.0,2265,1038,13151,0.010000000145615674
6,14195,2118,1.0,2266,1038,13157,0.010000000144166774
6,14201,2119,1.0,2267,1038,13163,0.01000000014273229
6,14207,2120,1.0,2268,1038,13169,0.01000000014131208
6,14213,2121,1.0,2269,1038,13175,0.010000000139906002
6,14219,2122,1.0,2270,1038,13181,0.010000000138513914
6,14225,2123,1.0,2271,1038,13187,0.010000000137135678
6,14231,2124,1.0,2272,1038,13193,0.010000000135771155
6,14237,2125,1.0,2273,1038,13199,0.01000000013442021
6,14243,2126,1.0,2274,1038,13205,0.010000000133082705
6,14249,2127,1.0,2275,1038,13211,0.01000000013175851
6,14255,2128,1.0,2276,1038,13217,0.010000000130447492
6,14261,2129,1.0,2277,1038,13223,0.010000000129149518
8,14269,2130,1.0,2278,1039,13230,0.010000000127864459
7,14276,2131,1.0,2279,1040,13236,0.010000000126592185
6,14282,2132,1.0,2280,1040,13242,0.010000000125332573
6,14288,2133,1.0,2281,1040,13248,0.010000000124085492
6,14294,2134,1.0,2282,1040,13254,0.010000000122850822
6,14300,2135,1.0,2283,1040,13260,0.010000000121628435
6,14306,2136,1.0,2284,1040,13266,0.010000000120418212
6,14312,2137,1.0,2285,1040,13272,0.01000000011922003
6,14318,2138,1.0,2286,1040,13278,0.010000000118033772
6,14324,2139,1.0,2287,1040,13284,0.010000000116859316
6,14330,2140,1.0,2288,1040,13290,0.010000000115696546
6,14336,2141,1.0,2289,1040,13296,0.010000000114545346
6,14342,2142,1.0,2290,1040,13302,0.010000000113405601
6,14348,2143,1.0,2291,1040,13308,0.010000000112277196
6,14354,2144,1.0,2292,1040,13314,0.010000000111160019
6,14360,2145,1.0,2293,1040,13320,0.01000000011005396
6,14366,2146,1.0,2294,1040,13326,0.010000000108958905
6,14372,2147,1.0,2295,1040,13332,0.010000000107874744
6,14378,2148,1.0,2296,1040,13338,0.010000000106801374
6,14384,2149,1.0,2297,1040,13344,0.010000000105738682
6,14390,2150,1.0,2298,1040,13350,0.010000000104686563
6,14396,2151,1.0,2299,1040,13356,0.010000000103644916
6,14402,2152,1.0,2300,1040,13362,0.010000000102613631
6,14408,2153,1.0,2301,1040,13368,0.010000000101592608
6,14414,2154,1.0,2302,1040,13374,0.010000000100581745
6,14420,2155,1.0,2303,1040,13380,0.010000000099580941
6,14426,2156,1.0,2304,1040,13386,0.010000000098590093
6,14432,2157,1.0,2305,1040,13392,0.010000000097609105
6,14438,2158,1.0,2306,1040,13398,0.010000000096637878
6,14444,2159,1.0,2307,1040,13404,0.010000000095676316
6,14450,2160,1.0,2308,1040,13410,0.01000000009472432
6,14456,2161,1.0,2309,1040,13416,0.010000000093781799
6,14462,2162,1.0,2310,1040,13422,0.010000000092848653
6,14468,2163,1.0,2311,1040,13428,0.010000000091924794
6,14474,2164,1.0,2312,1040,13434,0.010000000091010127
6,14480,2165,1.0,2313,1040,13440,0.010000000090104561
6,14486,2166,1.0,2314,1040,13446,0.010000000089208006
6,14492,2167,1.0,2315,1040,13452,0.01000000008832037
6,14498,2168,1.0,2316,1040,13458,0.010000000087441568
6,14504,2169,1.0,2317,1040,13464,0.01000000008657151
6,14510,2170,1.0,2318,1040,13470,0.01000000008571011
6,14516,2171,1.0,2319,1040,13476,0.01000000008485728
6,14522,2172,1.0,2320,1040,13482,0.010000000084012936
6,14528,2173,1.0,2321,1040,13488,0.010000000083176993
6,14534,2174,1.0,2322,1040,13494,0.010000000082349369
6,14540,2175,1.0,2323,1040,13500,0.010000000081529977
6,14546,2176,1.0,2324,1040,13506,0.010000000080718741
6,14552,2177,1.0,2325,1040,13512,0.010000000079915576
6,14558,2178,1.0,2326,1040,13518,0.010000000079120403
8,14566,2179,1.0,2327,1041,13525,0.010000000078333142
6,14572,2180,1.0,2328,1041,13531,0.010000000077553714
6,14578,2181,1.0,2329,1041,13537,0.010000000076782041
6,14584,2182,1.0,2330,1041,13543,0.010000000076018048
6,14590,2183,1.0,2331,1041,13549,0.010000000075261655
6,14596,2184,1.0,2332,1041,13555,0.01000000007451279
6,14602,2185,1.0,2333,1041,13561,0.010000000073771375
6,14608,2186,1.0,2334,1041,13567,0.010000000073037337
6,14614,2187,1.0,2335,1041,13573,0.010000000072310604
6,14620,2188,1.0,2336,1041,13579,0.010000000071591101
6,14626,2189,1.0,2337,1041,13585,0.010000000070878758
6,14632,2190,1.0,2338,1041,13591,0.010000000070173503
6,14638,2191,1.0,2339,1041,13597,0.010000000069475264
6,14644,2192,1.0,2340,1041,13603,0.010000000068783974
6,14650,2193,1.0,2341,1041,13609,0.010000000068099563
6,14656,2194,1.0,2342,1041,13615,0.01000000006742196
6,14662,2195,1.0,2343,1041,13621,0.0100000000667511
6,14668,2196,1.0,2344,1041,13627,0.010000000066086916
6,14674,2197,1.0,2345,1041,13633,0.01000000006542934
6,14680,2198,1.0,2346,1041,13639,0.010000000064778308
6,14686,2199,1.0,2347,1041,13645,0.010000000064133752
6,14692,2200,1.0,2348,1041,13651,0.01000000006349561
6,14698,2201,1.0,2349,1041,13657,0.010000000062863819
6,14704,2202,1.0,2350,1041,13663,0.010000000062238314
6,14710,2203,1.0,2351,1041,13669,0.010000000061619031
6,14716,2204,1.0,2352,1041,13675,0.010000000061005912
6,14722,2205,1.0,2353,1041,13681,0.010000000060398893
6,14728,2206,1.0,2354,1041,13687,0.010000000059797915
6,14734,2207,1.0,2355,1041,13693,0.010000000059202915
6,14740,2208,1.0,2356,1041,13699,0.010000000058613836
6,14746,2209,1.0,2357,1041,13705,0.010000000058030619
6,14752,2210,1.0,2358,1041,13711,0.010000000057453204
6,14758,2211,1.0,2359,1041,13717,0.010000000056881536
6,14764,2212,1.0,2360,1041,13723,0.010000000056315555
6,14770,2213,1.0,2361,1041,13729,0.010000000055755206
6,14776,2214,1.0,2362,1041,13735,0.010000000055200433
6,14782,2215,1.0,2363,1041,13741,0.01000000005465118
6,14788,2216,1.0,2364,1041,13747,0.01000000005410739
2,14790,2216,0.0,2365,1042,13748,0.010000000053569012
6,14796,2217,1.0,2366,1042,13754,0.010000000053035992
6,14802,2218,1.0,2367,1042,13760,0.010000000052508276
6,14808,2219,1.0,2368,1043,13765,0.01000000005198581
6,14814,2220,1.0,2369,1043,13771,0.010000000051468541
6,14820,2221,1.0,2370,1043,13777,0.010000000050956422
6,14826,2222,1.0,2371,1043,13783,0.010000000050449397
6,14832,2223,1.0,2372,1043,13789,0.010000000049947416
6,14838,2224,1.0,2373,1043,13795,0.010000000049450432
6,14844,2225,1.0,2374,1043,13801,0.010000000048958391
6,14850,2226,1.0,2375,1043,13807,0.010000000048471248
6,14856,2227,1.0,2376,1043,13813,0.01000000004798895
6,14862,2228,1.0,2377,1043,13819,0.010000000047511452
6,14868,2229,1.0,2378,1043,13825,0.010000000047038705
6,14874,2230,1.0,2379,1043,13831,0.010000000046570662
6,14880,2231,1.0,2380,1043,13837,0.010000000046107276
8,14888,2232,1.0,2381,1044,13844,0.010000000045648503
6,14894,2233,1.0,2382,1044,13850,0.010000000045194291
6,14900,2234,1.0,2383,1044,13856,0.0100000000447446
7,14907,2235,1.0,2384,1045,13862,0.010000000044299384
6,14913,2236,1.0,2385,1045,13868,0.010000000043858598
6,14919,2237,1.0,2386,1045,13874,0.010000000043422198
6,14925,2238,1.0,2387,1045,13880,0.01000000004299014
6,14931,2239,1.0,2388,1045,13886,0.010000000042562381
6,14937,2240,1.0,2389,1045,13892,0.010000000042138878
6,14943,2241,1.0,2390,1045,13898,0.01000000004171959
6,14949,2242,1.0,2391,1045,13904,0.010000000041304472
6,14955,2243,1.0,2392,1045,13910,0.010000000040893487
6,14961,2244,1.0,2393,1045,13916,0.010000000040486588
6,14967,2245,1.0,2394,1045,13922,0.01000000004008374
6,14973,2246,1.0,2395,1045,13928,0.010000000039684901
6,14979,2247,1.0,2396,1045,13934,0.01000000003929003
6,14985,2248,1.0,2397,1045,13940,0.010000000038899087
6,14991,2249,1.0,2398,1045,13946,0.010000000038512034
6,14997,2250,1.0,2399,1045,13952,0.010000000038128834
6,15003,2251,1.0,2400,1045,13958,0.010000000037749446
6,15009,2252,1.0,2401,1045,13964,0.010000000037373832
6,15015,2253,1.0,2402,1045,13970,0.010000000037001956
6,15021,2254,1.0,2403,1045,13976,0.010000000036633781
6,15027,2255,1.0,2404,1045,13982,0.010000000036269269
6,15033,2256,1.0,2405,1045,13988,0.010000000035908384
6,15039,2257,1.0,2406,1045,13994,0.010000000035551088
6,15045,2258,1.0,2407,1045,14000,0.01000000003519735
6,15051,2259,1.0,2408,1045,14006,0.01000000003484713
6,15057,2260,1.0,2409,1045,14012,0.010000000034500396
6,15063,2261,1.0,2410,1045,14018,0.010000000034157111
6,15069,2262,1.0,2411,1045,14024,0.010000000033817243
6,15075,2263,1.0,2412,1045,14030,0.010000000033480755
6,15081,2264,1.0,2413,1045,14036,0.010000000033147615
6,15087,2265,1.0,2414,1045,14042,0.010000000032817792
6,15093,2266,1.0,2415,1045,14048,0.01000000003249125
6,15099,2267,1.0,2416,1045,14054,0.010000000032167956
6,15105,2268,1.0,2417,1045,14060,0.010000000031847879
6,15111,2269,1.0,2418,1045,14066,0.010000000031530988
6,15117,2270,1.0,2419,1045,14072,0.01000000003121725
6,15123,2271,1.0,2420,1045,14078,0.010000000030906632
6,15129,2272,1.0,2421,1045,14084,0.010000000030599105
6,15135,2273,1.0,2422,1045,14090,0.01000000003029464
8,15143,2274,1.0,2423,1046,14097,0.010000000029993203
6,15149,2275,1.0,2424,1046,14103,0.010000000029694766
6,15155,2276,1.0,2425,1046,14109,0.010000000029399297
6,15161,2277,1.0,2426,1046,14115,0.01000000002910677
6,15167,2278,1.0,2427,1046,14121,0.010000000028817152
6,15173,2279,1.0,2428,1046,14127,0.010000000028530418
6,15179,2280,1.0,2429,1046,14133,0.010000000028246536
6,15185,2281,1.0,2430,1046,14139,0.010000000027965477
6,15191,2282,1.0,2431,1046,14145,0.010000000027687216
6,15197,2283,1.0,2432,1046,14151,0.010000000027411724
6,15203,2284,1.0,2433,1046,14157,0.010000000027138972
6,15209,2285,1.0,2434,1046,14163,0.010000000026868934
6,15215,2286,1.0,2435,1046,14169,0.010000000026601584
6,15221,2287,1.0,2436,1046,14175,0.010000000026336895
6,15227,2288,1.0,2437,1046,14181,0.010000000026074839
6,15233,2289,1.0,2438,1046,14187,0.010000000025815388
6,15239,2290,1.0,2439,1046,14193,0.01000000002555852
6,15245,2291,1.0,2440,1046,14199,0.01000000002530421
6,15251,2292,1.0,2441,1046,14205,0.010000000025052429
6,15257,2293,1.0,2442,1046,14211,0.010000000024803153
6,15263,2294,1.0,2443,1046,14217,0.010000000024556357
6,15269,2295,1.0,2444,1046,14223,0.010000000024312018
6,15275,2296,1.0,2445,1046,14229,0.010000000024070109
6,15281,2297,1.0,2446,1046,14235,0.010000000023830608
6,15287,2298,1.0,2447,1046,14241,0.010000000023593488
6,15293,2299,1.0,2448,1046,14247,0.01000000002335873
6,15299,2300,1.0,2449,1046,14253,0.010000000023126307
6,15305,2301,1.0,2450,1046,14259,0.010000000022896196
6,15311,2302,1.0,2451,1046,14265,0.010000000022668374
6,15317,2303,1.0,2452,1046,14271,0.01000000002244282
6,15323,2304,1.0,2453,1046,14277,0.010000000022219511
6,15329,2305,1.0,2454,1047,14282,0.010000000021998424
6,15335,2306,1.0,2455,1047,14288,0.010000000021779535
6,15341,2307,1.0,2456,1047,14294,0.010000000021562825
6,15347,2308,1.0,2457,1047,14300,0.010000000021348272
6,15353,2309,1.0,2458,1047,14306,0.010000000021135854
6,15359,2310,1.0,2459,1047,14312,0.010000000020925548
6,15365,2311,1.0,2460,1047,14318,0.010000000020717334
4,15369,2311,0.0,2461,1048,14321,0.010000000020511194
6,15375,2312,1.0,2462,1048,14327,0.010000000020307105
6,15381,2313,1.0,2463,1048,14333,0.010000000020105045
6,15387,2314,1.0,2464,1049,14338,0.010000000019904996
6,15393,2315,1.0,2465,1049,14344,0.01000000001970694
6,15399,2316,1.0,2466,1049,14350,0.010000000019510851
6,15405,2317,1.0,2467,1049,14356,0.010000000019316715
6,15411,2318,1.0,2468,1049,14362,0.010000000019124511
6,15417,2319,1.0,2469,1049,14368,0.010000000018934219
6,15423,2320,1.0,2470,1049,14374,0.01000000001874582
6,15429,2321,1.0,2471,1049,14380,0.010000000018559297
6,15435,2322,1.0,2472,1049,14386,0.010000000018374628
6,15441,2323,1.0,2473,1049,14392,0.010000000018191797
6,15447,2324,1.0,2474,1049,14398,0.010000000018010786
6,15453,2325,1.0,2475,1049,14404,0.010000000017831575
6,15459,2326,1.0,2476,1049,14410,0.01000000001765415
6,15465,2327,1.0,2477,1049,14416,0.010000000017478486
6,15471,2328,1.0,2478,1049,14422,0.010000000017304573
6,15477,2329,1.0,2479,1049,14428,0.01000000001713239
6,15483,2330,1.0,2480,1049,14434,0.01000000001696192
6,15489,2331,1.0,2481,1049,14440,0.010000000016793145
6,15495,2332,1.0,2482,1049,14446,0.010000000016626051
6,15501,2333,1.0,2483,1049,14452,0.01000000001646062
6,15507,2334,1.0,2484,1049,14458,0.010000000016296832
6,15513,2335,1.0,2485,1049,14464,0.010000000016134677
6,15519,2336,1.0,2486,1049,14470,0.010000000015974134
6,15525,2337,1.0,2487,1049,14476,0.010000000015815188
6,15531,2338,1.0,2488,1049,14482,0.010000000015657824
6,15537,2339,1.0,2489,1049,14488,0.010000000015502027
6,15543,2340,1.0,2490,1049,14494,0.010000000015347779
6,15549,2341,1.0,2491,1049,14500,0.010000000015195066
6,15555,2342,1.0,2492,1049,14506,0.010000000015043873
6,15561,2343,1.0,2493,1049,14512,0.010000000014894183
6,15567,2344,1.0,2494,1049,14518,0.010000000014745984
6,15573,2345,1.0,2495,1049,14524,0.01000000001459926
6,15579,2346,1.0,2496,1049,14530,0.010000000014453994
6,15585,2347,1.0,2497,1049,14536,0.010000000014310175
6,15591,2348,1.0,2498,1049,14542,0.010000000014167785
6,15597,2349,1.0,2499,1049,14548,0.010000000014026815
6,15603,2350,1.0,2500,1049,14554,0.010000000013887246
6,15609,2351,1.0,2501,1049,14560,0.010000000013749065
6,15615,2352,1.0,2502,1049,14566,0.010000000013612259
6,15621,2353,1.0,2503,1049,14572,0.010000000013476815
6,15627,2354,1.0,2504,1049,14578,0.010000000013342718
6,15633,2355,1.0,2505,1049,14584,0.010000000013209956
6,15639,2356,1.0,2506,1049,14590,0.010000000013078514
6,15645,2357,1.0,2507,1049,14596,0.010000000012948382
6,15651,2358,1.0,2508,1049,14602,0.010000000012819543
6,15657,2359,1.0,2509,1049,14608,0.010000000012691987
6,15663,2360,1.0,2510,1049,14614,0.010000000012565699
6,15669,2361,1.0,2511,1049,14620,0.010000000012440668
6,15675,2362,1.0,2512,1049,14626,0.010000000012316882
6,15681,2363,1.0,2513,1049,14632,0.010000000012194326
6,15687,2364,1.0,2514,1049,14638,0.01000000001207299
6,15693,2365,1.0,2515,1049,14644,0.010000000011952863
6,15699,2366,1.0,2516,1049,14650,0.01000000001183393
6,15705,2367,1.0,2517,1049,14656,0.01000000001171618
6,15711,2368,1.0,2518,1049,14662,0.010000000011599602
6,15717,2369,1.0,2519,1049,14668,0.010000000011484184
6,15723,2370,1.0,2520,1049,14674,0.010000000011369914
6,15729,2371,1.0,2521,1049,14680,0.010000000011256782
6,15735,2372,1.0,2522,1049,14686,0.010000000011144775
6,15741,2373,1.0,2523,1049,14692,0.010000000011033882
6,15747,2374,1.0,2524,1049,14698,0.010000000010924093
6,15753,2375,1.0,2525,1049,14704,0.010000000010815397
6,15759,2376,1.0,2526,1049,14710,0.010000000010707782
6,15765,2377,1.0,2527,1049,14716,0.010000000010601239
6,15771,2378,1.0,2528,1049,14722,0.010000000010495754
6,15777,2379,1.0,2529,1049,14728,0.01000000001039132
8,15785,2380,1.0,2530,1050,14735,0.010000000010287923
6,15791,2381,1.0,2531,1050,14741,0.010000000010185557
6,15797,2382,1.0,2532,1050,14747,0.01000000001008421
6,15803,2383,1.0,2533,1050,14753,0.01000000000998387
6,15809,2384,1.0,2534,1050,14759,0.01000000000988453
6,15815,2385,1.0,2535,1050,14765,0.010000000009786176
6,15821,2386,1.0,2536,1050,14771,0.010000000009688802
6,15827,2387,1.0,2537,1050,14777,0.010000000009592397
6,15833,2388,1.0,2538,1050,14783,0.01000000000949695
6,15839,2389,1.0,2539,1050,14789,0.010000000009402455
6,15845,2390,1.0,2540,1050,14795,0.0100000000093089
6,15851,2391,1.0,2541,1050,14801,0.010000000009216274
6,15857,2392,1.0,2542,1050,14807,0.010000000009124571
6,15863,2393,1.0,2543,1050,14813,0.01000000000903378
6,15869,2394,1.0,2544,1050,14819,0.010000000008943891
6,15875,2395,1.0,2545,1050,14825,0.010000000008854898
6,15881,2396,1.0,2546,1050,14831,0.010000000008766791
6,15887,2397,1.0,2547,1050,14837,0.010000000008679559
6,15893,2398,1.0,2548,1050,14843,0.010000000008593196
6,15899,2399,1.0,2549,1050,14849,0.010000000008507693
6,15905,2400,1.0,2550,1050,14855,0.01000000000842304
6,15911,2401,1.0,2551,1050,14861,0.010000000008339229
6,15917,2402,1.0,2552,1050,14867,0.010000000008256252
6,15923,2403,1.0,2553,1050,14873,0.010000000008174102
7,15930,2404,1.0,2554,1051,14879,0.010000000008092768
6,15936,2405,1.0,2555,1051,14885,0.010000000008012244
6,15942,2406,1.0,2556,1051,14891,0.010000000007932521
6,15948,2407,1.0,2557,1051,14897,0.010000000007853591
6,15954,2408,1.0,2558,1051,14903,0.010000000007775445
6,15960,2409,1.0,2559,1051,14909,0.010000000007698078
6,15966,2410,1.0,2560,1051,14915,0.010000000007621482
6,15972,2411,1.0,2561,1051,14921,0.010000000007545647
6,15978,2412,1.0,2562,1051,14927,0.010000000007470566
6,15984,2413,1.0,2563,1051,14933,0.010000000007396233
6,15990,2414,1.0,2564,1051,14939,0.01000000000732264
6,15996,2415,1.0,2565,1051,14945,0.010000000007249777
6,16002,2416,1.0,2566,1051,14951,0.01000000000717764
6,16008,2417,1.0,2567,1051,14957,0.010000000007106222
6,16014,2418,1.0,2568,1051,14963,0.010000000007035515
6,16020,2419,1.0,2569,1051,14969,0.01000000000696551
6,16026,2420,1.0,2570,1051,14975,0.010000000006896203
6,16032,2421,1.0,2571,1051,14981,0.010000000006827584
6,16038,2422,1.0,2572,1051,14987,0.010000000006759649
6,16044,2423,1.0,2573,1051,14993,0.010000000006692388
6,16050,2424,1.0,2574,1051,14999,0.010000000006625797
6,16056,2425,1.0,2575,1051,15005,0.010000000006559871
6,16062,2426,1.0,2576,1051,15011,0.010000000006494598
6,16068,2427,1.0,2577,1051,15017,0.010000000006429977
6,16074,2428,1.0,2578,1051,15023,0.010000000006365996
6,16080,2429,1.0,2579,1051,15029,0.010000000006302655
6,16086,2430,1.0,2580,1051,15035,0.010000000006239941
6,16092,2431,1.0,2581,1051,15041,0.010000000006177854
6,16098,2432,1.0,2582,1051,15047,0.010000000006116382
6,16104,2433,1.0,2583,1051,15053,0.010000000006055523
6,16110,2434,1.0,2584,1051,15059,0.01000000000599527
6,16116,2435,1.0,2585,1051,15065,0.010000000005935617
6,16122,2436,1.0,2586,1051,15071,0.010000000005876556
6,16128,2437,1.0,2587,1051,15077,0.010000000005818082
6,16134,2438,1.0,2588,1051,15083,0.010000000005760193
6,16140,2439,1.0,2589,1051,15089,0.010000000005702878
6,16146,2440,1.0,2590,1051,15095,0.010000000005646133
6,16152,2441,1.0,2591,1051,15101,0.010000000005589952
6,16158,2442,1.0,2592,1051,15107,0.010000000005534332
6,16164,2443,1.0,2593,1051,15113,0.010000000005479265
6,16170,2444,1.0,2594,1051,15119,0.010000000005424744
6,16176,2445,1.0,2595,1051,15125,0.010000000005370768
6,16182,2446,1.0,2596,1051,15131,0.010000000005317327
6,16188,2447,1.0,2597,1051,15137,0.01000000000526442
6,16194,2448,1.0,2598,1051,15143,0.010000000005212038
6,16200,2449,1.0,2599,1051,15149,0.010000000005160176
6,16206,2450,1.0,2600,1051,15155,0.010000000005108832
6,16212,2451,1.0,2601,1051,15161,0.010000000005057998
6,16218,2452,1.0,2602,1051,15167,0.01000000000500767
6,16224,2453,1.0,2603,1051,15173,0.010000000004957843
6,16230,2454,1.0,2604,1051,15179,0.010000000004908511
7,16237,2455,1.0,2605,1052,15185,0.010000000004859672
6,16243,2456,1.0,2606,1052,15191,0.010000000004811316
6,16249,2457,1.0,2607,1052,15197,0.010000000004763443
6,16255,2458,1.0,2608,1052,15203,0.010000000004716047
6,16261,2459,1.0,2609,1052,15209,0.010000000004669121
6,16267,2460,1.0,2610,1052,15215,0.010000000004622662
6,16273,2461,1.0,2611,1052,15221,0.010000000004576666
6,16279,2462,1.0,2612,1052,15227,0.010000000004531127
6,16285,2463,1.0,2613,1052,15233,0.010000000004486042
6,16291,2464,1.0,2614,1052,15239,0.010000000004441406
6,16297,2465,1.0,2615,1052,15245,0.010000000004397212
6,16303,2466,1.0,2616,1052,15251,0.010000000004353459
6,16309,2467,1.0,2617,1052,15257,0.010000000004310143
6,16315,2468,1.0,2618,1052,15263,0.010000000004267255
6,16321,2469,1.0,2619,1052,15269,0.010000000004224796
3,16324,2469,0.0,2620,1053,15271,0.010000000004182759
6,16330,2470,1.0,2621,1053,15277,0.010000000004141139
6,16336,2471,1.0,2622,1053,15283,0.010000000004099934
6,16342,2472,1.0,2623,1053,15289,0.010000000004059139
6,16348,2473,1.0,2624,1053,15295,0.010000000004018749
6,16354,2474,1.0,2625,1053,15301,0.010000000003978762
6,16360,2475,1.0,2626,1053,15307,0.010000000003939174
6,16366,2476,1.0,2627,1053,15313,0.010000000003899978
6,16372,2477,1.0,2628,1053,15319,0.010000000003861172
6,16378,2478,1.0,2629,1053,15325,0.010000000003822753
6,16384,2479,1.0,2630,1053,15331,0.010000000003784716
6,16390,2480,1.0,2631,1053,15337,0.010000000003747057
7,16397,2481,1.0,2632,1054,15343,0.010000000003709774
6,16403,2482,1.0,2633,1054,15349,0.01000000000367286
6,16409,2483,1.0,2634,1054,15355,0.010000000003636315
6,16415,2484,1.0,2635,1054,15361,0.010000000003600133
6,16421,2485,1.0,2636,1054,15367,0.01000000000356431
6,16427,2486,1.0,2637,1054,15373,0.010000000003528846
6,16433,2487,1.0,2638,1054,15379,0.010000000003493733
6,16439,2488,1.0,2639,1054,15385,0.01000000000345897
6,16445,2489,1.0,2640,1054,15391,0.010000000003424553
6,16451,2490,1.0,2641,1054,15397,0.010000000003390477
6,16457,2491,1.0,2642,1054,15403,0.010000000003356742
6,16463,2492,1.0,2643,1054,15409,0.010000000003323342
6,16469,2493,1.0,2644,1054,15415,0.010000000003290275
6,16475,2494,1.0,2645,1054,15421,0.010000000003257535
6,16481,2495,1.0,2646,1054,15427,0.010000000003225122
6,16487,2496,1.0,2647,1054,15433,0.010000000003193031
6,16493,2497,1.0,2648,1054,15439,0.01000000000316126
6,16499,2498,1.0,2649,1054,15445,0.010000000003129806
6,16505,2499,1.0,2650,1054,15451,0.010000000003098664
6,16511,2500,1.0,2651,1054,15457,0.010000000003067831
6,16517,2501,1.0,2652,1054,15463,0.010000000003037305
6,16523,2502,1.0,2653,1054,15469,0.010000000003007084
6,16529,2503,1.0,2654,1054,15475,0.010000000002977164
6,16535,2504,1.0,2655,1054,15481,0.01000000000294754
6,16541,2505,1.0,2656,1054,15487,0.010000000002918211
6,16547,2506,1.0,2657,1054,15493,0.010000000002889175
6,16553,2507,1.0,2658,1054,15499,0.010000000002860427
6,16559,2508,1.0,2659,1054,15505,0.010000000002831966
6,16565,2509,1.0,2660,1054,15511,0.010000000002803787
6,16571,2510,1.0,2661,1054,15517,0.010000000002775889
6,16577,2511,1.0,2662,1054,15523,0.010000000002748267
6,16583,2512,1.0,2663,1054,15529,0.010000000002720923
6,16589,2513,1.0,2664,1054,15535,0.010000000002693849
6,16595,2514,1.0,2665,1054,15541,0.010000000002667044
6,16601,2515,1.0,2666,1054,15547,0.010000000002640506
6,16607,2516,1.0,2667,1054,15553,0.010000000002614234
6,16613,2517,1.0,2668,1054,15559,0.010000000002588222
6,16619,2518,1.0,2669,1054,15565,0.010000000002562468
6,16625,2519,1.0,2670,1054,15571,0.01000000000253697
6,16631,2520,1.0,2671,1054,15577,0.010000000002511727
6,16637,2521,1.0,2672,1054,15583,0.010000000002486735
6,16643,2522,1.0,2673,1054,15589,0.010000000002461993
6,16649,2523,1.0,2674,1054,15595,0.010000000002437495
6,16655,2524,1.0,2675,1054,15601,0.010000000002413242
7,16662,2525,1.0,2676,1055,15607,0.01000000000238923
6,16668,2526,1.0,2677,1055,15613,0.010000000002365455
6,16674,2527,1.0,2678,1055,15619,0.01000000000234192
6,16680,2528,1.0,2679,1055,15625,0.010000000002318618
6,16686,2529,1.0,2680,1055,15631,0.010000000002295546
6,16692,2530,1.0,2681,1055,15637,0.010000000002272705
6,16698,2531,1.0,2682,1055,15643,0.010000000002250091
6,16704,2532,1.0,2683,1055,15649,0.010000000002227703
6,16710,2533,1.0,2684,1055,15655,0.010000000002205536
6,16716,2534,1.0,2685,1055,15661,0.010000000002183592
6,16722,2535,1.0,2686,1055,15667,0.010000000002161865
6,16728,2536,1.0,2687,1055,15673,0.010000000002140354
6,16734,2537,1.0,2688,1055,15679,0.010000000002119057
6,16740,2538,1.0,2689,1055,15685,0.010000000002097971
6,16746,2539,1.0,2690,1055,15691,0.010000000002077096
6,16752,2540,1.0,2691,1055,15697,0.010000000002056428
6,16758,2541,1.0,2692,1055,15703,0.010000000002035967
6,16764,2542,1.0,2693,1055,15709,0.010000000002015709
6,16770,2543,1.0,2694,1055,15715,0.010000000001995652
6,16776,2544,1.0,2695,1055,15721,0.010000000001975795
6,16782,2545,1.0,2696,1055,15727,0.010000000001956135
6,16788,2546,1.0,2697,1055,15733,0.010000000001936672
6,16794,2547,1.0,2698,1055,15739,0.010000000001917402
6,16800,2548,1.0,2699,1055,15745,0.010000000001898324
6,16806,2549,1.0,2700,1056,15750,0.010000000001879434
8,16814,2550,1.0,2701,1057,15757,0.010000000001860734
6,16820,2551,1.0,2702,1057,15763,0.01000000000184222
6,16826,2552,1.0,2703,1057,15769,0.010000000001823888
6,16832,2553,1.0,2704,1057,15775,0.010000000001805742
6,16838,2554,1.0,2705,1057,15781,0.010000000001787773
6,16844,2555,1.0,2706,1057,15787,0.010000000001769985
6,16850,2556,1.0,2707,1057,15793,0.010000000001752373
6,16856,2557,1.0,2708,1057,15799,0.010000000001734937
6,16862,2558,1.0,2709,1057,15805,0.010000000001717673
6,16868,2559,1.0,2710,1058,15810,0.010000000001700583
6,16874,2560,1.0,2711,1058,15816,0.010000000001683662
6,16880,2561,1.0,2712,1058,15822,0.010000000001666908
6,16886,2562,1.0,2713,1058,15828,0.010000000001650322
6,16892,2563,1.0,2714,1058,15834,0.010000000001633902
6,16898,2564,1.0,2715,1058,15840,0.010000000001617644
6,16904,2565,1.0,2716,1058,15846,0.010000000001601549
6,16910,2566,1.0,2717,1058,15852,0.010000000001585612
6,16916,2567,1.0,2718,1058,15858,0.010000000001569836
6,16922,2568,1.0,2719,1058,15864,0.010000000001554215
6,16928,2569,1.0,2720,1058,15870,0.01000000000153875
6,16934,2570,1.0,2721,1058,15876,0.01000000000152344
6,16940,2571,1.0,2722,1058,15882,0.010000000001508282
6,16946,2572,1.0,2723,1058,15888,0.010000000001493274
6,16952,2573,1.0,2724,1058,15894,0.010000000001478415
6,16958,2574,1.0,2725,1058,15900,0.010000000001463704
6,16964,2575,1.0,2726,1058,15906,0.010000000001449141
6,16970,2576,1.0,2727,1058,15912,0.010000000001434722
7,16977,2577,1.0,2728,1059,15918,0.010000000001420446
6,16983,2578,1.0,2729,1059,15924,0.010000000001406313
6,16989,2579,1.0,2730,1059,15930,0.010000000001392319
6,16995,2580,1.0,2731,1059,15936,0.010000000001378465
6,17001,2581,1.0,2732,1059,15942,0.010000000001364749
6,17007,2582,1.0,2733,1060,15947,0.01000000000135117
6,17013,2583,1.0,2734,1061,15952,0.010000000001337725
6,17019,2584,1.0,2735,1061,15958,0.010000000001324415
6,17025,2585,1.0,2736,1061,15964,0.010000000001311238
6,17031,2586,1.0,2737,1061,15970,0.01000000000129819
6,17037,2587,1.0,2738,1061,15976,0.010000000001285272
6,17043,2588,1.0,2739,1061,15982,0.010000000001272484
6,17049,2589,1.0,2740,1061,15988,0.010000000001259822
6,17055,2590,1.0,2741,1061,15994,0.010000000001247287
6,17061,2591,1.0,2742,1061,16000,0.010000000001234877
6,17067,2592,1.0,2743,1061,16006,0.01000000000122259
6,17073,2593,1.0,2744,1061,16012,0.010000000001210424
6,17079,2594,1.0,2745,1061,16018,0.01000000000119838
6,17085,2595,1.0,2746,1061,16024,0.010000000001186456
6,17091,2596,1.0,2747,1061,16030,0.01000000000117465
6,17097,2597,1.0,2748,1061,16036,0.010000000001162962
6,17103,2598,1.0,2749,1061,16042,0.010000000001151392
6,17109,2599,1.0,2750,1061,16048,0.010000000001139934
6,17115,2600,1.0,2751,1061,16054,0.010000000001128592
6,17121,2601,1.0,2752,1061,16060,0.010000000001117362
6,17127,2602,1.0,2753,1061,16066,0.010000000001106244
6,17133,2603,1.0,2754,1061,16072,0.010000000001095237
6,17139,2604,1.0,2755,1061,16078,0.01000000000108434
6,17145,2605,1.0,2756,1061,16084,0.01000000000107355
6,17151,2606,1.0,2757,1061,16090,0.010000000001062869
6,17157,2607,1.0,2758,1061,16096,0.010000000001052292
6,17163,2608,1.0,2759,1061,16102,0.010000000001041821
6,17169,2609,1.0,2760,1061,16108,0.010000000001031456
6,17175,2610,1.0,2761,1061,16114,0.010000000001021192
6,17181,2611,1.0,2762,1061,16120,0.010000000001011032
6,17187,2612,1.0,2763,1061,16126,0.010000000001000972
6,17193,2613,1.0,2764,1061,16132,0.010000000000991011
6,17199,2614,1.0,2765,1061,16138,0.010000000000981151
6,17205,2615,1.0,2766,1061,16144,0.010000000000971388
6,17211,2616,1.0,2767,1061,16150,0.010000000000961722
6,17217,2617,1.0,2768,1061,16156,0.010000000000952153
6,17223,2618,1.0,2769,1061,16162,0.01000000000094268
6,17229,2619,1.0,2770,1061,16168,0.010000000000933299
6,17235,2620,1.0,2771,1061,16174,0.010000000000924013
7,17242,2621,1.0,2772,1062,16180,0.010000000000914819
6,17248,2622,1.0,2773,1062,16186,0.010000000000905717
6,17254,2623,1.0,2774,1062,16192,0.010000000000896705
6,17260,2624,1.0,2775,1062,16198,0.010000000000887781
6,17266,2625,1.0,2776,1062,16204,0.010000000000878948
6,17272,2626,1.0,2777,1062,16210,0.010000000000870203
6,17278,2627,1.0,2778,1062,16216,0.010000000000861544
6,17284,2628,1.0,2779,1062,16222,0.010000000000852972
6,17290,2629,1.0,2780,1062,16228,0.010000000000844484
6,17296,2630,1.0,2781,1062,16234,0.010000000000836081
6,17302,2631,1.0,2782,1062,16240,0.010000000000827762
7,17309,2632,1.0,2783,1063,16246,0.010000000000819527
6,17315,2633,1.0,2784,1063,16252,0.010000000000811372
6,17321,2634,1.0,2785,1063,16258,0.010000000000803299
6,17327,2635,1.0,2786,1063,16264,0.010000000000795305
6,17333,2636,1.0,2787,1063,16270,0.010000000000787393
6,17339,2637,1.0,2788,1064,16275,0.010000000000779557
6,17345,2638,1.0,2789,1064,16281,0.010000000000771801
6,17351,2639,1.0,2790,1064,16287,0.010000000000764122
6,17357,2640,1.0,2791,1064,16293,0.010000000000756518
6,17363,2641,1.0,2792,1064,16299,0.010000000000748991
6,17369,2642,1.0,2793,1064,16305,0.010000000000741537
6,17375,2643,1.0,2794,1064,16311,0.01000000000073416
6,17381,2644,1.0,2795,1064,16317,0.010000000000726855
6,17387,2645,1.0,2796,1064,16323,0.010000000000719622
6,17393,2646,1.0,2797,1064,16329,0.010000000000712462
6,17399,2647,1.0,2798,1064,16335,0.010000000000705373
6,17405,2648,1.0,2799,1064,16341,0.010000000000698355
6,17411,2649,1.0,2800,1064,16347,0.010000000000691405
6,17417,2650,1.0,2801,1064,16353,0.010000000000684526
5,17422,2650,0.0,2802,1065,16357,0.010000000000677715
6,17428,2651,1.0,2803,1065,16363,0.010000000000670972
6,17434,2652,1.0,2804,1065,16369,0.010000000000664295
6,17440,2653,1.0,2805,1065,16375,0.010000000000657686
7,17447,2654,1.0,2806,1066,16381,0.01000000000065114
6,17453,2655,1.0,2807,1066,16387,0.010000000000644662
6,17459,2656,1.0,2808,1066,16393,0.010000000000638248
6,17465,2657,1.0,2809,1066,16399,0.010000000000631898
6,17471,2658,1.0,2810,1066,16405,0.01000000000062561
6,17477,2659,1.0,2811,1066,16411,0.010000000000619385
6,17483,2660,1.0,2812,1066,16417,0.010000000000613221
6,17489,2661,1.0,2813,1066,16423,0.01000000000060712
6,17495,2662,1.0,2814,1066,16429,0.010000000000601078
6,17501,2663,1.0,2815,1066,16435,0.010000000000595099
6,17507,2664,1.0,2816,1066,16441,0.010000000000589176
6,17513,2665,1.0,2817,1066,16447,0.010000000000583315
6,17519,2666,1.0,2818,1066,16453,0.01000000000057751
6,17525,2667,1.0,2819,1066,16459,0.010000000000571763
6,17531,2668,1.0,2820,1066,16465,0.010000000000566075
6,17537,2669,1.0,2821,1066,16471,0.010000000000560443
6,17543,2670,1.0,2822,1066,16477,0.010000000000554865
6,17549,2671,1.0,2823,1066,16483,0.010000000000549345
6,17555,2672,1.0,2824,1066,16489,0.01000000000054388
6,17561,2673,1.0,2825,1066,16495,0.010000000000538467
6,17567,2674,1.0,2826,1066,16501,0.010000000000533108
6,17573,2675,1.0,2827,1066,16507,0.010000000000527805
6,17579,2676,1.0,2828,1066,16513,0.010000000000522553
6,17585,2677,1.0,2829,1066,16519,0.010000000000517354
6,17591,2678,1.0,2830,1066,16525,0.010000000000512205
6,17597,2679,1.0,2831,1066,16531,0.010000000000507108
6,17603,2680,1.0,2832,1066,16537,0.010000000000502064
6,17609,2681,1.0,2833,1066,16543,0.010000000000497068
3,17612,2681,0.0,2834,1067,16545,0.010000000000492122
6,17618,2682,1.0,2835,1067,16551,0.010000000000487225
6,17624,2683,1.0,2836,1067,16557,0.010000000000482376
6,17630,2684,1.0,2837,1067,16563,0.010000000000477578
6,17636,2685,1.0,2838,1067,16569,0.010000000000472825
6,17642,2686,1.0,2839,1067,16575,0.01000000000046812
6,17648,2687,1.0,2840,1067,16581,0.010000000000463463
6,17654,2688,1.0,2841,1067,16587,0.010000000000458852
6,17660,2689,1.0,2842,1067,16593,0.010000000000454286
6,17666,2690,1.0,2843,1067,16599,0.010000000000449765
6,17672,2691,1.0,2844,1067,16605,0.01000000000044529
6,17678,2692,1.0,2845,1067,16611,0.01000000000044086
6,17684,2693,1.0,2846,1067,16617,0.010000000000436472
6,17690,2694,1.0,2847,1067,16623,0.01000000000043213
6,17696,2695,1.0,2848,1067,16629,0.01000000000042783
6,17702,2696,1.0,2849,1067,16635,0.010000000000423573
6,17708,2697,1.0,2850,1067,16641,0.01000000000041936
6,17714,2698,1.0,2851,1067,16647,0.010000000000415185
6,17720,2699,1.0,2852,1067,16653,0.010000000000411055
6,17726,2700,1.0,2853,1067,16659,0.010000000000406965
6,17732,2701,1.0,2854,1067,16665,0.010000000000402916
6,17738,2702,1.0,2855,1067,16671,0.010000000000398907
6,17744,2703,1.0,2856,1067,16677,0.010000000000394938
6,17750,2704,1.0,2857,1067,16683,0.010000000000391007
6,17756,2705,1.0,2858,1067,16689,0.010000000000387118
6,17762,2706,1.0,2859,1067,16695,0.010000000000383265
6,17768,2707,1.0,2860,1067,16701,0.010000000000379452
6,17774,2708,1.0,2861,1067,16707,0.010000000000375675
6,17780,2709,1.0,2862,1067,16713,0.010000000000371937
6,17786,2710,1.0,2863,1067,16719,0.010000000000368237
6,17792,2711,1.0,2864,1067,16725,0.010000000000364573
6,17798,2712,1.0,2865,1067,16731,0.010000000000360946
6,17804,2713,1.0,2866,1067,16737,0.010000000000357353
8,17812,2714,1.0,2867,1068,16744,0.010000000000353799
6,17818,2715,1.0,2868,1068,16750,0.010000000000350277
6,17824,2716,1.0,2869,1068,16756,0.010000000000346792
6,17830,2717,1.0,2870,1068,16762,0.010000000000343342
6,17836,2718,1.0,2871,1068,16768,0.010000000000339926
6,17842,2719,1.0,2872,1068,16774,0.010000000000336544
6,17848,2720,1.0,2873,1068,16780,0.010000000000333194
6,17854,2721,1.0,2874,1068,16786,0.010000000000329879
6,17860,2722,1.0,2875,1068,16792,0.010000000000326597
3,17863,2722,0.0,2876,1069,16794,0.010000000000323347
6,17869,2723,1.0,2877,1069,16800,0.01000000000032013
6,17875,2724,1.0,2878,1069,16806,0.010000000000316945
6,17881,2725,1.0,2879,1069,16812,0.010000000000313791
6,17887,2726,1.0,2880,1069,16818,0.010000000000310668
6,17893,2727,1.0,2881,1069,16824,0.010000000000307577
6,17899,2728,1.0,2882,1069,16830,0.010000000000304517
6,17905,2729,1.0,2883,1069,16836,0.010000000000301486
6,17911,2730,1.0,2884,1069,16842,0.010000000000298487
6,17917,2731,1.0,2885,1069,16848,0.010000000000295517
6,17923,2732,1.0,2886,1069,16854,0.010000000000292577
6,17929,2733,1.0,2887,1069,16860,0.010000000000289666
6,17935,2734,1.0,2888,1069,16866,0.010000000000286783
6,17941,2735,1.0,2889,1069,16872,0.01000000000028393
6,17947,2736,1.0,2890,1069,16878,0.010000000000281105
6,17953,2737,1.0,2891,1069,16884,0.010000000000278307
6,17959,2738,1.0,2892,1069,16890,0.010000000000275538
6,17965,2739,1.0,2893,1069,16896,0.010000000000272796
6,17971,2740,1.0,2894,1069,16902,0.010000000000270083
6,17977,2741,1.0,2895,1069,16908,0.010000000000267396
6,17983,2742,1.0,2896,1069,16914,0.010000000000264735
6,17989,2743,1.0,2897,1069,16920,0.0100000000002621
6,17995,2744,1.0,2898,1069,16926,0.010000000000259492
6,18001,2745,1.0,2899,1069,16932,0.010000000000256911
6,18007,2746,1.0,2900,1069,16938,0.010000000000254354
6,18013,2747,1.0,2901,1069,16944,0.010000000000251823
6,18019,2748,1.0,2902,1069,16950,0.010000000000249318
6,18025,2749,1.0,2903,1069,16956,0.010000000000246837
6,18031,2750,1.0,2904,1069,16962,0.010000000000244381
6,18037,2751,1.0,2905,1069,16968,0.010000000000241949
6,18043,2752,1.0,2906,1069,16974,0.010000000000239541
6,18049,2753,1.0,2907,1069,16980,0.010000000000237158
6,18055,2754,1.0,2908,1069,16986,0.010000000000234799
6,18061,2755,1.0,2909,1069,16992,0.010000000000232462
6,18067,2756,1.0,2910,1069,16998,0.01000000000023015
6,18073,2757,1.0,2911,1069,17004,0.01000000000022786
6,18079,2758,1.0,2912,1069,17010,0.010000000000225592
6,18085,2759,1.0,2913,1069,17016,0.010000000000223348
6,18091,2760,1.0,2914,1069,17022,0.010000000000221125
6,18097,2761,1.0,2915,1069,17028,0.010000000000218924
6,18103,2762,1.0,2916,1069,17034,0.010000000000216747
6,18109,2763,1.0,2917,1069,17040,0.010000000000214589
6,18115,2764,1.0,2918,1069,17046,0.010000000000212454
6,18121,2765,1.0,2919,1069,17052,0.01000000000021034
6,18127,2766,1.0,2920,1069,17058,0.010000000000208247
6,18133,2767,1.0,2921,1069,17064,0.010000000000206176
6,18139,2768,1.0,2922,1069,17070,0.010000000000204123
6,18145,2769,1.0,2923,1069,17076,0.010000000000202092
6,18151,2770,1.0,2924,1069,17082,0.010000000000200081
6,18157,2771,1.0,2925,1069,17088,0.010000000000198092
6,18163,2772,1.0,2926,1069,17094,0.01000000000019612
6,18169,2773,1.0,2927,1069,17100,0.010000000000194168
6,18175,2774,1.0,2928,1069,17106,0.010000000000192237
6,18181,2775,1.0,2929,1069,17112,0.010000000000190324
6,18187,2776,1.0,2930,1069,17118,0.01000000000018843
6,18193,2777,1.0,2931,1069,17124,0.010000000000186556
6,18199,2778,1.0,2932,1069,17130,0.0100000000001847
6,18205,2779,1.0,2933,1069,17136,0.010000000000182861
6,18211,2780,1.0,2934,1069,17142,0.010000000000181041
6,18217,2781,1.0,2935,1069,17148,0.01000000000017924
6,18223,2782,1.0,2936,1069,17154,0.010000000000177457
6,18229,2783,1.0,2937,1069,17160,0.010000000000175691
6,18235,2784,1.0,2938,1069,17166,0.010000000000173943
6,18241,2785,1.0,2939,1069,17172,0.010000000000172211
6,18247,2786,1.0,2940,1069,17178,0.0100000000001705
6,18253,2787,1.0,2941,1069,17184,0.010000000000168803
6,18259,2788,1.0,2942,1069,17190,0.010000000000167122
6,18265,2789,1.0,2943,1069,17196,0.01000000000016546
6,18271,2790,1.0,2944,1069,17202,0.010000000000163814
6,18277,2791,1.0,2945,1069,17208,0.010000000000162183
6,18283,2792,1.0,2946,1069,17214,0.01000000000016057
6,18289,2793,1.0,2947,1069,17220,0.010000000000158972
6,18295,2794,1.0,2948,1069,17226,0.01000000000015739
6,18301,2795,1.0,2949,1069,17232,0.010000000000155823
6,18307,2796,1.0,2950,1069,17238,0.010000000000154274
6,18313,2797,1.0,2951,1069,17244,0.01000000000015274
6,18319,2798,1.0,2952,1069,17250,0.01000000000015122
6,18325,2799,1.0,2953,1069,17256,0.010000000000149714
6,18331,2800,1.0,2954,1069,17262,0.010000000000148224
6,18337,2801,1.0,2955,1069,17268,0.01000000000014675
6,18343,2802,1.0,2956,1069,17274,0.01000000000014529
6,18349,2803,1.0,2957,1069,17280,0.010000000000143843
6,18355,2804,1.0,2958,1069,17286,0.010000000000142412
6,18361,2805,1.0,2959,1069,17292,0.010000000000140995
6,18367,2806,1.0,2960,1069,17298,0.010000000000139592
6,18373,2807,1.0,2961,1069,17304,0.010000000000138204
6,18379,2808,1.0,2962,1069,17310,0.010000000000136828
6,18385,2809,1.0,2963,1069,17316,0.010000000000135466
6,18391,2810,1.0,2964,1069,17322,0.010000000000134119
6,18397,2811,1.0,2965,1069,17328,0.010000000000132785
6,18403,2812,1.0,2966,1069,17334,0.010000000000131463
6,18409,2813,1.0,2967,1069,17340,0.010000000000130155
6,18415,2814,1.0,2968,1069,17346,0.01000000000012886
6,18421,2815,1.0,2969,1069,17352,0.010000000000127579
6,18427,2816,1.0,2970,1069,17358,0.010000000000126309
6,18433,2817,1.0,2971,1069,17364,0.010000000000125051
6,18439,2818,1.0,2972,1069,17370,0.010000000000123807
6,18445,2819,1.0,2973,1069,17376,0.010000000000122576
6,18451,2820,1.0,2974,1069,17382,0.010000000000121356
6,18457,2821,1.0,2975,1069,17388,0.010000000000120149
6,18463,2822,1.0,2976,1069,17394,0.010000000000118954
6,18469,2823,1.0,2977,1069,17400,0.010000000000117769
6,18475,2824,1.0,2978,1069,17406,0.010000000000116598
6,18481,2825,1.0,2979,1069,17412,0.010000000000115437
6,18487,2826,1.0,2980,1069,17418,0.010000000000114289
8,18495,2827,1.0,2981,1070,17425,0.010000000000113151
6,18501,2828,1.0,2982,1070,17431,0.010000000000112025
6,18507,2829,1.0,2983,1070,17437,0.010000000000110911
6,18513,2830,1.0,2984,1070,17443,0.010000000000109808
6,18519,2831,1.0,2985,1070,17449,0.010000000000108715
6,18525,2832,1.0,2986,1070,17455,0.010000000000107633
6,18531,2833,1.0,2987,1070,17461,0.010000000000106563
6,18537,2834,1.0,2988,1070,17467,0.010000000000105503
6,18543,2835,1.0,2989,1070,17473,0.010000000000104451
6,18549,2836,1.0,2990,1070,17479,0.010000000000103412
6,18555,2837,1.0,2991,1070,17485,0.010000000000102384
6,18561,2838,1.0,2992,1070,17491,0.010000000000101365
6,18567,2839,1.0,2993,1070,17497,0.010000000000100356
6,18573,2840,1.0,2994,1070,17503,0.010000000000099358
6,18579,2841,1.0,2995,1070,17509,0.01000000000009837
6,18585,2842,1.0,2996,1070,17515,0.010000000000097391
6,18591,2843,1.0,2997,1070,17521,0.010000000000096421
8,18599,2844,1.0,2998,1071,17528,0.010000000000095462
6,18605,2845,1.0,2999,1071,17534,0.010000000000094511
6,18611,2846,1.0,3000,1071,17540,0.010000000000093571
6,18617,2847,1.0,3001,1071,17546,0.010000000000092641
6,18623,2848,1.0,3002,1071,17552,0.010000000000091719
6,18629,2849,1.0,3003,1071,17558,0.010000000000090806
6,18635,2850,1.0,3004,1071,17564,0.010000000000089902
6,18641,2851,1.0,3005,1071,17570,0.010000000000089009
6,18647,2852,1.0,3006,1071,17576,0.010000000000088122
8,18655,2853,1.0,3007,1072,17583,0.010000000000087246
6,18661,2854,1.0,3008,1072,17589,0.010000000000086377
8,18669,2855,1.0,3009,1073,17596,0.010000000000085519
6,18675,2856,1.0,3010,1073,17602,0.010000000000084667
6,18681,2857,1.0,3011,1073,17608,0.010000000000083826
6,18687,2858,1.0,3012,1073,17614,0.010000000000082991
6,18693,2859,1.0,3013,1073,17620,0.010000000000082165
6,18699,2860,1.0,3014,1073,17626,0.010000000000081347
6,18705,2861,1.0,3015,1073,17632,0.010000000000080538
6,18711,2862,1.0,3016,1074,17637,0.010000000000079737
6,18717,2863,1.0,3017,1074,17643,0.010000000000078944
6,18723,2864,1.0,3018,1074,17649,0.010000000000078158
6,18729,2865,1.0,3019,1074,17655,0.01000000000007738
6,18735,2866,1.0,3020,1074,17661,0.01000000000007661
6,18741,2867,1.0,3021,1074,17667,0.010000000000075848
6,18747,2868,1.0,3022,1074,17673,0.010000000000075093
6,18753,2869,1.0,3023,1074,17679,0.010000000000074345
6,18759,2870,1.0,3024,1074,17685,0.010000000000073606
6,18765,2871,1.0,3025,1074,17691,0.010000000000072874
6,18771,2872,1.0,3026,1074,17697,0.010000000000072149
6,18777,2873,1.0,3027,1074,17703,0.010000000000071431
6,18783,2874,1.0,3028,1074,17709,0.01000000000007072
6,18789,2875,1.0,3029,1074,17715,0.010000000000070017
6,18795,2876,1.0,3030,1074,17721,0.01000000000006932
6,18801,2877,1.0,3031,1074,17727,0.01000000000006863
6,18807,2878,1.0,3032,1074,17733,0.010000000000067948
6,18813,2879,1.0,3033,1074,17739,0.010000000000067271
6,18819,2880,1.0,3034,1074,17745,0.010000000000066601
6,18825,2881,1.0,3035,1074,17751,0.010000000000065939
6,18831,2882,1.0,3036,1074,17757,0.010000000000065283
6,18837,2883,1.0,3037,1074,17763,0.010000000000064633
6,18843,2884,1.0,3038,1074,17769,0.01000000000006399
6,18849,2885,1.0,3039,1074,17775,0.010000000000063354
6,18855,2886,1.0,3040,1074,17781,0.010000000000062723
6,18861,2887,1.0,3041,1074,17787,0.010000000000062098
6,18867,2888,1.0,3042,1074,17793,0.01000000000006148
6,18873,2889,1.0,3043,1074,17799,0.01000000000006087
6,18879,2890,1.0,3044,1074,17805,0.010000000000060265
6,18885,2891,1.0,3045,1074,17811,0.010000000000059664
6,18891,2892,1.0,3046,1074,17817,0.010000000000059071
6,18897,2893,1.0,3047,1074,17823,0.010000000000058483
6,18903,2894,1.0,3048,1074,17829,0.0100000000000579
6,18909,2895,1.0,3049,1074,17835,0.010000000000057324
6,18915,2896,1.0,3050,1074,17841,0.010000000000056753
6,18921,2897,1.0,3051,1074,17847,0.01000000000005619
6,18927,2898,1.0,3052,1074,17853,0.010000000000055631
6,18933,2899,1.0,3053,1074,17859,0.010000000000055078
6,18939,2900,1.0,3054,1074,17865,0.01000000000005453
6,18945,2901,1.0,3055,1074,17871,0.010000000000053987
6,18951,2902,1.0,3056,1075,17876,0.010000000000053449
6,18957,2903,1.0,3057,1075,17882,0.010000000000052918
6,18963,2904,1.0,3058,1075,17888,0.01000000000005239
6,18969,2905,1.0,3059,1075,17894,0.01000000000005187
6,18975,2906,1.0,3060,1075,17900,0.010000000000051353
6,18981,2907,1.0,3061,1075,17906,0.010000000000050843
7,18988,2908,1.0,3062,1076,17912,0.010000000000050337
6,18994,2909,1.0,3063,1076,17918,0.010000000000049835
6,19000,2910,1.0,3064,1076,17924,0.01000000000004934
6,19006,2911,1.0,3065,1076,17930,0.010000000000048848
6,19012,2912,1.0,3066,1076,17936,0.010000000000048363
6,19018,2913,1.0,3067,1076,17942,0.010000000000047882
6,19024,2914,1.0,3068,1076,17948,0.010000000000047405
6,19030,2915,1.0,3069,1076,17954,0.010000000000046933
7,19037,2916,1.0,3070,1077,17960,0.010000000000046467
6,19043,2917,1.0,3071,1077,17966,0.010000000000046003
6,19049,2918,1.0,3072,1077,17972,0.010000000000045547
6,19055,2919,1.0,3073,1077,17978,0.010000000000045093
6,19061,2920,1.0,3074,1077,17984,0.010000000000044645
6,19067,2921,1.0,3075,1077,17990,0.010000000000044201
6,19073,2922,1.0,3076,1077,17996,0.01000000000004376
6,19079,2923,1.0,3077,1077,18002,0.010000000000043325
6,19085,2924,1.0,3078,1077,18008,0.010000000000042895
6,19091,2925,1.0,3079,1077,18014,0.010000000000042468
6,19097,2926,1.0,3080,1077,18020,0.010000000000042045
6,19103,2927,1.0,3081,1077,18026,0.010000000000041627
6,19109,2928,1.0,3082,1078,18031,0.010000000000041212
6,19115,2929,1.0,3083,1078,18037,0.010000000000040803
6,19121,2930,1.0,3084,1078,18043,0.010000000000040397
7,19128,2931,1.0,3085,1079,18049,0.010000000000039994
6,19134,2932,1.0,3086,1079,18055,0.010000000000039595
6,19140,2933,1.0,3087,1079,18061,0.010000000000039201
6,19146,2934,1.0,3088,1079,18067,0.010000000000038813
6,19152,2935,1.0,3089,1079,18073,0.010000000000038426
6,19158,2936,1.0,3090,1079,18079,0.010000000000038043
6,19164,2937,1.0,3091,1079,18085,0.010000000000037665
6,19170,2938,1.0,3092,1079,18091,0.01000000000003729
6,19176,2939,1.0,3093,1079,18097,0.010000000000036919
6,19182,2940,1.0,3094,1079,18103,0.010000000000036553
3,19185,2940,0.0,3095,1080,18105,0.010000000000036188
6,19191,2941,1.0,3096,1080,18111,0.010000000000035827
8,19199,2942,1.0,3097,1081,18118,0.010000000000035472
6,19205,2943,1.0,3098,1081,18124,0.010000000000035118
6,19211,2944,1.0,3099,1081,18130,0.01000000000003477
6,19217,2945,1.0,3100,1081,18136,0.010000000000034424
6,19223,2946,1.0,3101,1081,18142,0.01000000000003408
6,19229,2947,1.0,3102,1081,18148,0.010000000000033742
6,19235,2948,1.0,3103,1081,18154,0.010000000000033406
6,19241,2949,1.0,3104,1081,18160,0.010000000000033073
6,19247,2950,1.0,3105,1081,18166,0.010000000000032745
6,19253,2951,1.0,3106,1081,18172,0.010000000000032419
6,19259,2952,1.0,3107,1081,18178,0.010000000000032096
6,19265,2953,1.0,3108,1081,18184,0.010000000000031777
6,19271,2954,1.0,3109,1081,18190,0.010000000000031461
6,19277,2955,1.0,3110,1081,18196,0.010000000000031147
7,19284,2956,1.0,3111,1082,18202,0.010000000000030838
6,19290,2957,1.0,3112,1082,18208,0.010000000000030531
6,19296,2958,1.0,3113,1082,18214,0.010000000000030228
6,19302,2959,1.0,3114,1082,18220,0.010000000000029926
6,19308,2960,1.0,3115,1082,18226,0.010000000000029628
6,19314,2961,1.0,3116,1082,18232,0.010000000000029334
6,19320,2962,1.0,3117,1082,18238,0.010000000000029041
6,19326,2963,1.0,3118,1082,18244,0.010000000000028753
6,19332,2964,1.0,3119,1082,18250,0.010000000000028467
6,19338,2965,1.0,3120,1082,18256,0.010000000000028184
6,19344,2966,1.0,3121,1083,18261,0.010000000000027903
6,19350,2967,1.0,3122,1083,18267,0.010000000000027626
6,19356,2968,1.0,3123,1083,18273,0.01000000000002735
6,19362,2969,1.0,3124,1083,18279,0.010000000000027078
6,19368,2970,1.0,3125,1083,18285,0.010000000000026809
6,19374,2971,1.0,3126,1083,18291,0.010000000000026541
6,19380,2972,1.0,3127,1083,18297,0.010000000000026278
6,19386,2973,1.0,3128,1083,18303,0.010000000000026016
6,19392,2974,1.0,3129,1083,18309,0.010000000000025757
6,19398,2975,1.0,3130,1083,18315,0.0100000000000255
6,19404,2976,1.0,3131,1083,18321,0.010000000000025247
6,19410,2977,1.0,3132,1083,18327,0.010000000000024996
6,19416,2978,1.0,3133,1083,18333,0.010000000000024748
6,19422,2979,1.0,3134,1083,18339,0.010000000000024501
6,19428,2980,1.0,3135,1083,18345,0.010000000000024257
6,19434,2981,1.0,3136,1083,18351,0.010000000000024016
6,19440,2982,1.0,3137,1083,18357,0.010000000000023778
6,19446,2983,1.0,3138,1083,18363,0.01000000000002354
6,19452,2984,1.0,3139,1083,18369,0.010000000000023306
6,19458,2985,1.0,3140,1083,18375,0.010000000000023075
6,19464,2986,1.0,3141,1083,18381,0.010000000000022845
6,19470,2987,1.0,3142,1083,18387,0.010000000000022618
6,19476,2988,1.0,3143,1083,18393,0.010000000000022392
6,19482,2989,1.0,3144,1083,18399,0.01000000000002217
6,19488,2990,1.0,3145,1083,18405,0.01000000000002195
6,19494,2991,1.0,3146,1083,18411,0.010000000000021731
6,19500,2992,1.0,3147,1083,18417,0.010000000000021514
6,19506,2993,1.0,3148,1083,18423,0.010000000000021301
6,19512,2994,1.0,3149,1083,18429,0.01000000000002109
6,19518,2995,1.0,3150,1083,18435,0.01000000000002088
6,19524,2996,1.0,3151,1083,18441,0.010000000000020671
6,19530,2997,1.0,3152,1083,18447,0.010000000000020465
6,19536,2998,1.0,3153,1083,18453,0.010000000000020262
6,19542,2999,1.0,3154,1083,18459,0.01000000000002006
6,19548,3000,1.0,3155,1083,18465,0.010000000000019861
6,19554,3001,1.0,3156,1083,18471,0.010000000000019663
6,19560,3002,1.0,3157,1083,18477,0.010000000000019467
6,19566,3003,1.0,3158,1083,18483,0.010000000000019273
6,19572,3004,1.0,3159,1083,18489,0.010000000000019082
6,19578,3005,1.0,3160,1083,18495,0.010000000000018891
6,19584,3006,1.0,3161,1083,18501,0.010000000000018704
6,19590,3007,1.0,3162,1083,18507,0.010000000000018518
6,19596,3008,1.0,3163,1083,18513,0.010000000000018335
6,19602,3009,1.0,3164,1083,18519,0.01000000000001815
6,19608,3010,1.0,3165,1083,18525,0.01000000000001797
6,19614,3011,1.0,3166,1083,18531,0.010000000000017792
6,19620,3012,1.0,3167,1083,18537,0.010000000000017615
6,19626,3013,1.0,3168,1083,18543,0.01000000000001744
6,19632,3014,1.0,3169,1083,18549,0.010000000000017266
6,19638,3015,1.0,3170,1083,18555,0.010000000000017094
6,19644,3016,1.0,3171,1083,18561,0.010000000000016924
6,19650,3017,1.0,3172,1083,18567,0.010000000000016756
6,19656,3018,1.0,3173,1083,18573,0.01000000000001659
6,19662,3019,1.0,3174,1083,18579,0.010000000000016425
8,19670,3020,1.0,3175,1084,18586,0.01000000000001626
6,19676,3021,1.0,3176,1084,18592,0.010000000000016098
6,19682,3022,1.0,3177,1084,18598,0.010000000000015939
6,19688,3023,1.0,3178,1084,18604,0.01000000000001578
6,19694,3024,1.0,3179,1084,18610,0.010000000000015623
6,19700,3025,1.0,3180,1084,18616,0.010000000000015467
6,19706,3026,1.0,3181,1084,18622,0.010000000000015314
6,19712,3027,1.0,3182,1084,18628,0.010000000000015162
6,19718,3028,1.0,3183,1084,18634,0.01000000000001501
6,19724,3029,1.0,3184,1084,18640,0.010000000000014862
6,19730,3030,1.0,3185,1084,18646,0.010000000000014712
6,19736,3031,1.0,3186,1084,18652,0.010000000000014567
6,19742,3032,1.0,3187,1084,18658,0.010000000000014421
6,19748,3033,1.0,3188,1084,18664,0.010000000000014279
6,19754,3034,1.0,3189,1084,18670,0.010000000000014136
6,19760,3035,1.0,3190,1084,18676,0.010000000000013996
6,19766,3036,1.0,3191,1084,18682,0.010000000000013857
6,19772,3037,1.0,3192,1084,18688,0.010000000000013718
6,19778,3038,1.0,3193,1084,18694,0.010000000000013581
6,19784,3039,1.0,3194,1084,18700,0.010000000000013446
6,19790,3040,1.0,3195,1084,18706,0.010000000000013312
6,19796,3041,1.0,3196,1084,18712,0.01000000000001318
6,19802,3042,1.0,3197,1084,18718,0.010000000000013049
6,19808,3043,1.0,3198,1084,18724,0.010000000000012919
6,19814,3044,1.0,3199,1084,18730,0.01000000000001279
6,19820,3045,1.0,3200,1084,18736,0.010000000000012664
6,19826,3046,1.0,3201,1084,18742,0.010000000000012537
6,19832,3047,1.0,3202,1084,18748,0.010000000000012412
6,19838,3048,1.0,3203,1084,18754,0.010000000000012289
6,19844,3049,1.0,3204,1084,18760,0.010000000000012168
6,19850,3050,1.0,3205,1084,18766,0.010000000000012046
6,19856,3051,1.0,3206,1084,18772,0.010000000000011926
6,19862,3052,1.0,3207,1084,18778,0.010000000000011808
6,19868,3053,1.0,3208,1084,18784,0.01000000000001169
6,19874,3054,1.0,3209,1084,18790,0.010000000000011574
6,19880,3055,1.0,3210,1084,18796,0.010000000000011458
6,19886,3056,1.0,3211,1084,18802,0.010000000000011345
6,19892,3057,1.0,3212,1084,18808,0.010000000000011233
6,19898,3058,1.0,3213,1084,18814,0.01000000000001112
6,19904,3059,1.0,3214,1084,18820,0.010000000000011009
6,19910,3060,1.0,3215,1084,18826,0.0100000000000109
6,19916,3061,1.0,3216,1084,18832,0.010000000000010792
6,19922,3062,1.0,3217,1084,18838,0.010000000000010684
6,19928,3063,1.0,3218,1084,18844,0.010000000000010577
6,19934,3064,1.0,3219,1084,18850,0.010000000000010473
6,19940,3065,1.0,3220,1084,18856,0.010000000000010369
6,19946,3066,1.0,3221,1084,18862,0.010000000000010265
6,19952,3067,1.0,3222,1084,18868,0.010000000000010162
7,19959,3068,1.0,3223,1085,18874,0.010000000000010062
6,19965,3069,1.0,3224,1085,18880,0.010000000000009961
6,19971,3070,1.0,3225,1085,18886,0.010000000000009862
6,19977,3071,1.0,3226,1085,18892,0.010000000000009765
6,19983,3072,1.0,3227,1085,18898,0.010000000000009668
6,19989,3073,1.0,3228,1085,18904,0.01000000000000957
6,19995,3074,1.0,3229,1085,18910,0.010000000000009475
6,20001,3075,1.0,3230,1085,18916,0.010000000000009382
6,20007,3076,1.0,3231,1085,18922,0.010000000000009288
6,20013,3077,1.0,3232,1085,18928,0.010000000000009196
6,20019,3078,1.0,3233,1085,18934,0.010000000000009104
6,20025,3079,1.0,3234,1085,18940,0.010000000000009014
6,20031,3080,1.0,3235,1085,18946,0.010000000000008924
6,20037,3081,1.0,3236,1085,18952,0.010000000000008835
6,20043,3082,1.0,3237,1085,18958,0.010000000000008747
6,20049,3083,1.0,3238,1085,18964,0.01000000000000866
6,20055,3084,1.0,3239,1085,18970,0.010000000000008575
6,20061,3085,1.0,3240,1085,18976,0.010000000000008488
6,20067,3086,1.0,3241,1085,18982,0.010000000000008405
6,20073,3087,1.0,3242,1085,18988,0.01000000000000832
6,20079,3088,1.0,3243,1085,18994,0.010000000000008238
6,20085,3089,1.0,3244,1085,19000,0.010000000000008155
6,20091,3090,1.0,3245,1085,19006,0.010000000000008075
6,20097,3091,1.0,3246,1085,19012,0.010000000000007994
6,20103,3092,1.0,3247,1085,19018,0.010000000000007916
6,20109,3093,1.0,3248,1085,19024,0.010000000000007836
6,20115,3094,1.0,3249,1085,19030,0.010000000000007758
6,20121,3095,1.0,3250,1085,19036,0.010000000000007682
6,20127,3096,1.0,3251,1085,19042,0.010000000000007605
6,20133,3097,1.0,3252,1085,19048,0.010000000000007529
6,20139,3098,1.0,3253,1085,19054,0.010000000000007454
6,20145,3099,1.0,3254,1085,19060,0.01000000000000738
6,20151,3100,1.0,3255,1085,19066,0.010000000000007307
6,20157,3101,1.0,3256,1085,19072,0.010000000000007234
6,20163,3102,1.0,3257,1085,19078,0.010000000000007161
6,20169,3103,1.0,3258,1085,19084,0.01000000000000709
6,20175,3104,1.0,3259,1085,19090,0.01000000000000702
6,20181,3105,1.0,3260,1085,19096,0.01000000000000695
6,20187,3106,1.0,3261,1085,19102,0.01000000000000688
6,20193,3107,1.0,3262,1085,19108,0.010000000000006812
7,20200,3108,1.0,3263,1086,19114,0.010000000000006745
6,20206,3109,1.0,3264,1086,19120,0.010000000000006677
6,20212,3110,1.0,3265,1086,19126,0.010000000000006611
6,20218,3111,1.0,3266,1086,19132,0.010000000000006545
6,20224,3112,1.0,3267,1087,19137,0.01000000000000648
6,20230,3113,1.0,3268,1087,19143,0.010000000000006415
6,20236,3114,1.0,3269,1087,19149,0.010000000000006353
6,20242,3115,1.0,3270,1087,19155,0.010000000000006289
6,20248,3116,1.0,3271,1087,19161,0.010000000000006226
6,20254,3117,1.0,3272,1087,19167,0.010000000000006164
6,20260,3118,1.0,3273,1087,19173,0.010000000000006103
6,20266,3119,1.0,3274,1087,19179,0.010000000000006042
6,20272,3120,1.0,3275,1087,19185,0.010000000000005982
6,20278,3121,1.0,3276,1087,19191,0.010000000000005923
6,20284,3122,1.0,3277,1087,19197,0.010000000000005864
6,20290,3123,1.0,3278,1087,19203,0.010000000000005805
6,20296,3124,1.0,3279,1087,19209,0.010000000000005747
6,20302,3125,1.0,3280,1087,19215,0.01000000000000569
6,20308,3126,1.0,3281,1087,19221,0.010000000000005633
6,20314,3127,1.0,3282,1087,19227,0.010000000000005577
6,20320,3128,1.0,3283,1087,19233,0.010000000000005522
6,20326,3129,1.0,3284,1087,19239,0.010000000000005466
6,20332,3130,1.0,3285,1087,19245,0.010000000000005413
6,20338,3131,1.0,3286,1087,19251,0.010000000000005359
6,20344,3132,1.0,3287,1087,19257,0.010000000000005305
6,20350,3133,1.0,3288,1087,19263,0.010000000000005253
6,20356,3134,1.0,3289,1087,19269,0.010000000000005201
6,20362,3135,1.0,3290,1087,19275,0.010000000000005149
6,20368,3136,1.0,3291,1087,19281,0.010000000000005097
6,20374,3137,1.0,3292,1087,19287,0.010000000000005047
6,20380,3138,1.0,3293,1087,19293,0.010000000000004996
6,20386,3139,1.0,3294,1087,19299,0.010000000000004948
6,20392,3140,1.0,3295,1087,19305,0.010000000000004897
6,20398,3141,1.0,3296,1087,19311,0.010000000000004849
6,20404,3142,1.0,3297,1087,19317,0.0100000000000048
6,20410,3143,1.0,3298,1087,19323,0.010000000000004753
6,20416,3144,1.0,3299,1087,19329,0.010000000000004707
6,20422,3145,1.0,3300,1087,19335,0.01000000000000466
6,20428,3146,1.0,3301,1087,19341,0.010000000000004613
6,20434,3147,1.0,3302,1087,19347,0.010000000000004566
6,20440,3148,1.0,3303,1087,19353,0.010000000000004521
6,20446,3149,1.0,3304,1087,19359,0.010000000000004476
6,20452,3150,1.0,3305,1087,19365,0.010000000000004432
6,20458,3151,1.0,3306,1087,19371,0.010000000000004387
6,20464,3152,1.0,3307,1087,19377,0.010000000000004344
6,20470,3153,1.0,3308,1087,19383,0.0100000000000043
6,20476,3154,1.0,3309,1087,19389,0.010000000000004257
7,20483,3155,1.0,3310,1088,19395,0.010000000000004216
6,20489,3156,1.0,3311,1088,19401,0.010000000000004174
6,20495,3157,1.0,3312,1088,19407,0.010000000000004132
6,20501,3158,1.0,3313,1088,19413,0.01000000000000409
6,20507,3159,1.0,3314,1088,19419,0.01000000000000405
6,20513,3160,1.0,3315,1088,19425,0.01000000000000401
6,20519,3161,1.0,3316,1088,19431,0.01000000000000397
6,20525,3162,1.0,3317,1088,19437,0.010000000000003931
3,20528,3162,0.0,3318,1089,19439,0.010000000000003891
6,20534,3163,1.0,3319,1089,19445,0.010000000000003853
6,20540,3164,1.0,3320,1089,19451,0.010000000000003815
6,20546,3165,1.0,3321,1089,19457,0.010000000000003777
6,20552,3166,1.0,3322,1089,19463,0.010000000000003739
6,20558,3167,1.0,3323,1089,19469,0.010000000000003702
6,20564,3168,1.0,3324,1089,19475,0.010000000000003666
6,20570,3169,1.0,3325,1089,19481,0.010000000000003628
6,20576,3170,1.0,3326,1089,19487,0.010000000000003593
6,20582,3171,1.0,3327,1089,19493,0.010000000000003556
6,20588,3172,1.0,3328,1089,19499,0.010000000000003522
6,20594,3173,1.0,3329,1089,19505,0.010000000000003485
6,20600,3174,1.0,3330,1089,19511,0.01000000000000345
6,20606,3175,1.0,3331,1089,19517,0.010000000000003418
6,20612,3176,1.0,3332,1089,19523,0.010000000000003383
6,20618,3177,1.0,3333,1089,19529,0.01000000000000335
6,20624,3178,1.0,3334,1089,19535,0.010000000000003315
6,20630,3179,1.0,3335,1089,19541,0.010000000000003282
6,20636,3180,1.0,3336,1089,19547,0.010000000000003251
6,20642,3181,1.0,3337,1089,19553,0.010000000000003218
6,20648,3182,1.0,3338,1089,19559,0.010000000000003187
6,20654,3183,1.0,3339,1089,19565,0.010000000000003154
6,20660,3184,1.0,3340,1089,19571,0.010000000000003123
6,20666,3185,1.0,3341,1089,19577,0.010000000000003091
6,20672,3186,1.0,3342,1089,19583,0.010000000000003062
6,20678,3187,1.0,3343,1089,19589,0.01000000000000303
6,20684,3188,1.0,3344,1089,19595,0.010000000000003001
6,20690,3189,1.0,3345,1089,19601,0.01000000000000297
6,20696,3190,1.0,3346,1089,19607,0.01000000000000294
6,20702,3191,1.0,3347,1089,19613,0.010000000000002911
6,20708,3192,1.0,3348,1089,19619,0.010000000000002883
6,20714,3193,1.0,3349,1089,19625,0.010000000000002854
6,20720,3194,1.0,3350,1089,19631,0.010000000000002826
6,20726,3195,1.0,3351,1089,19637,0.010000000000002798
6,20732,3196,1.0,3352,1089,19643,0.01000000000000277
6,20738,3197,1.0,3353,1089,19649,0.010000000000002743
6,20744,3198,1.0,3354,1089,19655,0.010000000000002715
6,20750,3199,1.0,3355,1089,19661,0.010000000000002687
6,20756,3200,1.0,3356,1089,19667,0.010000000000002661
6,20762,3201,1.0,3357,1089,19673,0.010000000000002635
6,20768,3202,1.0,3358,1089,19679,0.01000000000000261
6,20774,3203,1.0,3359,1089,19685,0.010000000000002583
6,20780,3204,1.0,3360,1089,19691,0.010000000000002557
6,20786,3205,1.0,3361,1089,19697,0.010000000000002531
6,20792,3206,1.0,3362,1089,19703,0.010000000000002507
6,20798,3207,1.0,3363,1089,19709,0.01000000000000248
6,20804,3208,1.0,3364,1089,19715,0.010000000000002457
6,20810,3209,1.0,3365,1089,19721,0.010000000000002432
6,20816,3210,1.0,3366,1089,19727,0.010000000000002408
6,20822,3211,1.0,3367,1089,19733,0.010000000000002384
6,20828,3212,1.0,3368,1089,19739,0.010000000000002361
6,20834,3213,1.0,3369,1089,19745,0.010000000000002337
6,20840,3214,1.0,3370,1089,19751,0.010000000000002314
6,20846,3215,1.0,3371,1089,19757,0.01000000000000229
6,20852,3216,1.0,3372,1089,19763,0.010000000000002267
6,20858,3217,1.0,3373,1089,19769,0.010000000000002245
6,20864,3218,1.0,3374,1089,19775,0.010000000000002222
6,20870,3219,1.0,3375,1089,19781,0.010000000000002202
6,20876,3220,1.0,3376,1089,19787,0.010000000000002179
6,20882,3221,1.0,3377,1089,19793,0.010000000000002156
6,20888,3222,1.0,3378,1089,19799,0.010000000000002136
6,20894,3223,1.0,3379,1089,19805,0.010000000000002115
6,20900,3224,1.0,3380,1089,19811,0.010000000000002094
3,20903,3224,0.0,3381,1090,19813,0.010000000000002073
6,20909,3225,1.0,3382,1091,19818,0.010000000000002052
6,20915,3226,1.0,3383,1091,19824,0.010000000000002032
6,20921,3227,1.0,3384,1091,19830,0.01000000000000201
6,20927,3228,1.0,3385,1091,19836,0.010000000000001992
6,20933,3229,1.0,3386,1091,19842,0.01000000000000197
6,20939,3230,1.0,3387,1091,19848,0.010000000000001952
6,20945,3231,1.0,3388,1091,19854,0.010000000000001933
6,20951,3232,1.0,3389,1091,19860,0.010000000000001914
6,20957,3233,1.0,3390,1091,19866,0.010000000000001895
6,20963,3234,1.0,3391,1091,19872,0.010000000000001875
6,20969,3235,1.0,3392,1091,19878,0.010000000000001856
6,20975,3236,1.0,3393,1092,19883,0.010000000000001839
6,20981,3237,1.0,3394,1092,19889,0.01000000000000182
6,20987,3238,1.0,3395,1092,19895,0.010000000000001803
6,20993,3239,1.0,3396,1092,19901,0.010000000000001784
6,20999,3240,1.0,3397,1092,19907,0.010000000000001766
6,21005,3241,1.0,3398,1092,19913,0.010000000000001749
6,21011,3242,1.0,3399,1092,19919,0.010000000000001731
6,21017,3243,1.0,3400,1092,19925,0.010000000000001714
6,21023,3244,1.0,3401,1092,19931,0.010000000000001697
6,21029,3245,1.0,3402,1092,19937,0.01000000000000168
6,21035,3246,1.0,3403,1092,19943,0.010000000000001664
6,21041,3247,1.0,3404,1092,19949,0.010000000000001646
6,21047,3248,1.0,3405,1092,19955,0.01000000000000163
6,21053,3249,1.0,3406,1092,19961,0.010000000000001614
6,21059,3250,1.0,3407,1092,19967,0.010000000000001598
6,21065,3251,1.0,3408,1092,19973,0.010000000000001582
6,21071,3252,1.0,3409,1092,19979,0.010000000000001567
6,21077,3253,1.0,3410,1092,19985,0.010000000000001551
6,21083,3254,1.0,3411,1092,19991,0.010000000000001535
6,21089,3255,1.0,3412,1092,19997,0.01000000000000152
6,21095,3256,1.0,3413,1092,20003,0.010000000000001506
6,21101,3257,1.0,3414,1092,20009,0.01000000000000149
6,21107,3258,1.0,3415,1092,20015,0.010000000000001475
6,21113,3259,1.0,3416,1092,20021,0.01000000000000146
6,21119,3260,1.0,3417,1092,20027,0.010000000000001445
6,21125,3261,1.0,3418,1092,20033,0.010000000000001431
6,21131,3262,1.0,3419,1092,20039,0.010000000000001417
6,21137,3263,1.0,3420,1092,20045,0.010000000000001404
6,21143,3264,1.0,3421,1092,20051,0.01000000000000139
8,21151,3265,1.0,3422,1094,20057,0.010000000000001376
6,21157,3266,1.0,3423,1094,20063,0.010000000000001362
6,21163,3267,1.0,3424,1094,20069,0.010000000000001348
6,21169,3268,1.0,3425,1094,20075,0.010000000000001334
6,21175,3269,1.0,3426,1094,20081,0.010000000000001322
6,21181,3270,1.0,3427,1094,20087,0.010000000000001308
6,21187,3271,1.0,3428,1094,20093,0.010000000000001296
6,21193,3272,1.0,3429,1094,20099,0.010000000000001282
7,21200,3273,1.0,3430,1095,20105,0.01000000000000127
6,21206,3274,1.0,3431,1095,20111,0.010000000000001258
6,21212,3275,1.0,3432,1095,20117,0.010000000000001244
6,21218,3276,1.0,3433,1095,20123,0.010000000000001232
6,21224,3277,1.0,3434,1095,20129,0.01000000000000122
6,21230,3278,1.0,3435,1095,20135,0.010000000000001208
6,21236,3279,1.0,3436,1095,20141,0.010000000000001195
6,21242,3280,1.0,3437,1095,20147,0.010000000000001183
6,21248,3281,1.0,3438,1095,20153,0.010000000000001173
6,21254,3282,1.0,3439,1095,20159,0.01000000000000116
6,21260,3283,1.0,3440,1095,20165,0.010000000000001149
6,21266,3284,1.0,3441,1095,20171,0.010000000000001138
6,21272,3285,1.0,3442,1095,20177,0.010000000000001126
6,21278,3286,1.0,3443,1095,20183,0.010000000000001116
6,21284,3287,1.0,3444,1095,20189,0.010000000000001103
6,21290,3288,1.0,3445,1095,20195,0.010000000000001093
6,21296,3289,1.0,3446,1095,20201,0.010000000000001083
6,21302,3290,1.0,3447,1096,20206,0.01000000000000107
6,21308,3291,1.0,3448,1096,20212,0.01000000000000106
6,21314,3292,1.0,3449,1096,20218,0.01000000000000105
7,21321,3293,1.0,3450,1097,20224,0.01000000000000104
6,21327,3294,1.0,3451,1097,20230,0.010000000000001029
6,21333,3295,1.0,3452,1097,20236,0.010000000000001018
6,21339,3296,1.0,3453,1097,20242,0.01000000000000101
6,21345,3297,1.0,3454,1097,20248,0.010000000000001
6,21351,3298,1.0,3455,1097,20254,0.010000000000000989
6,21357,3299,1.0,3456,1097,20260,0.010000000000000979
6,21363,3300,1.0,3457,1097,20266,0.01000000000000097
6,21369,3301,1.0,3458,1097,20272,0.01000000000000096
6,21375,3302,1.0,3459,1097,20278,0.01000000000000095
6,21381,3303,1.0,3460,1097,20284,0.01000000000000094
8,21389,3304,1.0,3461,1098,20291,0.010000000000000932
6,21395,3305,1.0,3462,1098,20297,0.010000000000000921
6,21401,3306,1.0,3463,1098,20303,0.010000000000000913
6,21407,3307,1.0,3464,1098,20309,0.010000000000000904
6,21413,3308,1.0,3465,1098,20315,0.010000000000000895
6,21419,3309,1.0,3466,1098,20321,0.010000000000000887
6,21425,3310,1.0,3467,1098,20327,0.010000000000000878
6,21431,3311,1.0,3468,1098,20333,0.01000000000000087
6,21437,3312,1.0,3469,1098,20339,0.01000000000000086
6,21443,3313,1.0,3470,1098,20345,0.010000000000000852
6,21449,3314,1.0,3471,1098,20351,0.010000000000000843
6,21455,3315,1.0,3472,1098,20357,0.010000000000000835
6,21461,3316,1.0,3473,1098,20363,0.010000000000000826
6,21467,3317,1.0,3474,1098,20369,0.010000000000000817
6,21473,3318,1.0,3475,1098,20375,0.01000000000000081
6,21479,3319,1.0,3476,1098,20381,0.010000000000000802
6,21485,3320,1.0,3477,1098,20387,0.010000000000000793
6,21491,3321,1.0,3478,1098,20393,0.010000000000000786
6,21497,3322,1.0,3479,1098,20399,0.010000000000000777
6,21503,3323,1.0,3480,1098,20405,0.01000000000000077
6,21509,3324,1.0,3481,1098,20411,0.010000000000000762
6,21515,3325,1.0,3482,1098,20417,0.010000000000000755
6,21521,3326,1.0,3483,1098,20423,0.010000000000000748
6,21527,3327,1.0,3484,1098,20429,0.010000000000000741
6,21533,3328,1.0,3485,1098,20435,0.010000000000000732
6,21539,3329,1.0,3486,1098,20441,0.010000000000000725
6,21545,3330,1.0,3487,1098,20447,0.010000000000000718
6,21551,3331,1.0,3488,1098,20453,0.010000000000000711
6,21557,3332,1.0,3489,1098,20459,0.010000000000000705
6,21563,3333,1.0,3490,1098,20465,0.010000000000000698
6,21569,3334,1.0,3491,1098,20471,0.01000000000000069
6,21575,3335,1.0,3492,1098,20477,0.010000000000000684
6,21581,3336,1.0,3493,1098,20483,0.010000000000000677
6,21587,3337,1.0,3494,1098,20489,0.01000000000000067
6,21593,3338,1.0,3495,1098,20495,0.010000000000000663
6,21599,3339,1.0,3496,1098,20501,0.010000000000000656
6,21605,3340,1.0,3497,1098,20507,0.01000000000000065
6,21611,3341,1.0,3498,1098,20513,0.010000000000000644
6,21617,3342,1.0,3499,1098,20519,0.010000000000000637
6,21623,3343,1.0,3500,1098,20525,0.01000000000000063
6,21629,3344,1.0,3501,1098,20531,0.010000000000000625
6,21635,3345,1.0,3502,1098,20537,0.010000000000000618
6,21641,3346,1.0,3503,1098,20543,0.010000000000000613
6,21647,3347,1.0,3504,1098,20549,0.010000000000000606
6,21653,3348,1.0,3505,1098,20555,0.0100000000000006
6,21659,3349,1.0,3506,1098,20561,0.010000000000000593
6,21665,3350,1.0,3507,1098,20567,0.010000000000000588
6,21671,3351,1.0,3508,1098,20573,0.010000000000000583
6,21677,3352,1.0,3509,1098,20579,0.010000000000000576
6,21683,3353,1.0,3510,1098,20585,0.010000000000000571
6,21689,3354,1.0,3511,1098,20591,0.010000000000000566
6,21695,3355,1.0,3512,1098,20597,0.010000000000000559
6,21701,3356,1.0,3513,1098,20603,0.010000000000000554
6,21707,3357,1.0,3514,1098,20609,0.010000000000000548
6,21713,3358,1.0,3515,1098,20615,0.010000000000000543
6,21719,3359,1.0,3516,1098,20621,0.010000000000000538
6,21725,3360,1.0,3517,1098,20627,0.010000000000000533
8,21733,3361,1.0,3518,1099,20634,0.010000000000000528
6,21739,3362,1.0,3519,1099,20640,0.010000000000000522
6,21745,3363,1.0,3520,1099,20646,0.010000000000000517
6,21751,3364,1.0,3521,1099,20652,0.010000000000000512
6,21757,3365,1.0,3522,1100,20657,0.010000000000000507
6,21763,3366,1.0,3523,1100,20663,0.010000000000000502
6,21769,3367,1.0,3524,1100,20669,0.010000000000000496
6,21775,3368,1.0,3525,1100,20675,0.010000000000000491
6,21781,3369,1.0,3526,1100,20681,0.010000000000000486
6,21787,3370,1.0,3527,1100,20687,0.01000000000000048
6,21793,3371,1.0,3528,1100,20693,0.010000000000000477
6,21799,3372,1.0,3529,1100,20699,0.010000000000000472
6,21805,3373,1.0,3530,1100,20705,0.010000000000000467
6,21811,3374,1.0,3531,1100,20711,0.010000000000000463
6,21817,3375,1.0,3532,1100,20717,0.010000000000000458
6,21823,3376,1.0,3533,1101,20722,0.010000000000000453
6,21829,3377,1.0,3534,1101,20728,0.01000000000000045
6,21835,3378,1.0,3535,1101,20734,0.010000000000000444
6,21841,3379,1.0,3536,1101,20740,0.01000000000000044
2,21843,3379,0.0,3537,1102,20741,0.010000000000000436
6,21849,3380,1.0,3538,1102,20747,0.010000000000000432
6,21855,3381,1.0,3539,1102,20753,0.010000000000000427
6,21861,3382,1.0,3540,1102,20759,0.010000000000000423
6,21867,3383,1.0,3541,1102,20765,0.010000000000000418
6,21873,3384,1.0,3542,1102,20771,0.010000000000000415
6,21879,3385,1.0,3543,1102,20777,0.01000000000000041
5,21884,3385,0.0,3544,1103,20781,0.010000000000000406
6,21890,3386,1.0,3545,1103,20787,0.010000000000000403
6,21896,3387,1.0,3546,1103,20793,0.010000000000000397
6,21902,3388,1.0,3547,1103,20799,0.010000000000000394
6,21908,3389,1.0,3548,1103,20805,0.01000000000000039
6,21914,3390,1.0,3549,1103,20811,0.010000000000000387
6,21920,3391,1.0,3550,1103,20817,0.010000000000000382
6,21926,3392,1.0,3551,1103,20823,0.010000000000000378
6,21932,3393,1.0,3552,1103,20829,0.010000000000000375
6,21938,3394,1.0,3553,1103,20835,0.010000000000000371
6,21944,3395,1.0,3554,1103,20841,0.010000000000000368
6,21950,3396,1.0,3555,1103,20847,0.010000000000000365
6,21956,3397,1.0,3556,1103,20853,0.010000000000000361
6,21962,3398,1.0,3557,1103,20859,0.010000000000000358
6,21968,3399,1.0,3558,1103,20865,0.010000000000000352
6,21974,3400,1.0,3559,1103,20871,0.010000000000000349
6,21980,3401,1.0,3560,1103,20877,0.010000000000000345
6,21986,3402,1.0,3561,1103,20883,0.010000000000000342
6,21992,3403,1.0,3562,1103,20889,0.01000000000000034
6,21998,3404,1.0,3563,1103,20895,0.010000000000000337
6,22004,3405,1.0,3564,1103,20901,0.010000000000000333
6,22010,3406,1.0,3565,1103,20907,0.01000000000000033
6,22016,3407,1.0,3566,1103,20913,0.010000000000000326
6,22022,3408,1.0,3567,1103,20919,0.010000000000000323
6,22028,3409,1.0,3568,1103,20925,0.01000000000000032
6,22034,3410,1.0,3569,1103,20931,0.010000000000000316
6,22040,3411,1.0,3570,1103,20937,0.010000000000000312
6,22046,3412,1.0,3571,1103,20943,0.01000000000000031
6,22052,3413,1.0,3572,1103,20949,0.010000000000000307
6,22058,3414,1.0,3573,1103,20955,0.010000000000000304
6,22064,3415,1.0,3574,1103,20961,0.0100000000000003
6,22070,3416,1.0,3575,1103,20967,0.010000000000000299
6,22076,3417,1.0,3576,1103,20973,0.010000000000000295
6,22082,3418,1.0,3577,1103,20979,0.010000000000000292
6,22088,3419,1.0,3578,1103,20985,0.01000000000000029
6,22094,3420,1.0,3579,1103,20991,0.010000000000000286
6,22100,3421,1.0,3580,1103,20997,0.010000000000000283
6,22106,3422,1.0,3581,1103,21003,0.010000000000000281
6,22112,3423,1.0,3582,1103,21009,0.010000000000000278
6,22118,3424,1.0,3583,1103,21015,0.010000000000000274
6,22124,3425,1.0,3584,1103,21021,0.010000000000000273
8,22132,3426,1.0,3585,1104,21028,0.010000000000000269
6,22138,3427,1.0,3586,1104,21034,0.010000000000000267
6,22144,3428,1.0,3587,1104,21040,0.010000000000000264
6,22150,3429,1.0,3588,1104,21046,0.010000000000000262
6,22156,3430,1.0,3589,1104,21052,0.010000000000000259
6,22162,3431,1.0,3590,1104,21058,0.010000000000000257
6,22168,3432,1.0,3591,1104,21064,0.010000000000000253
6,22174,3433,1.0,3592,1104,21070,0.010000000000000252
6,22180,3434,1.0,3593,1104,21076,0.010000000000000248
6,22186,3435,1.0,3594,1104,21082,0.010000000000000247
6,22192,3436,1.0,3595,1104,21088,0.010000000000000245
6,22198,3437,1.0,3596,1104,21094,0.010000000000000241
6,22204,3438,1.0,3597,1104,21100,0.01000000000000024
6,22210,3439,1.0,3598,1104,21106,0.010000000000000236
6,22216,3440,1.0,3599,1104,21112,0.010000000000000234
6,22222,3441,1.0,3600,1104,21118,0.010000000000000233
6,22228,3442,1.0,3601,1104,21124,0.01000000000000023
6,22234,3443,1.0,3602,1104,21130,0.010000000000000227
6,22240,3444,1.0,3603,1104,21136,0.010000000000000226
6,22246,3445,1.0,3604,1104,21142,0.010000000000000222
6,22252,3446,1.0,3605,1104,21148,0.01000000000000022
8,22260,3447,1.0,3606,1105,21155,0.010000000000000219
6,22266,3448,1.0,3607,1105,21161,0.010000000000000217
6,22272,3449,1.0,3608,1105,21167,0.010000000000000214
6,22278,3450,1.0,3609,1105,21173,0.010000000000000212
6,22284,3451,1.0,3610,1105,21179,0.01000000000000021
6,22290,3452,1.0,3611,1105,21185,0.010000000000000208
6,22296,3453,1.0,3612,1105,21191,0.010000000000000207
6,22302,3454,1.0,3613,1105,21197,0.010000000000000203
8,22310,3455,1.0,3614,1106,21204,0.010000000000000201
6,22316,3456,1.0,3615,1106,21210,0.0100000000000002
6,22322,3457,1.0,3616,1106,21216,0.010000000000000198
6,22328,3458,1.0,3617,1106,21222,0.010000000000000196
6,22334,3459,1.0,3618,1106,21228,0.010000000000000194
6,22340,3460,1.0,3619,1106,21234,0.010000000000000193
6,22346,3461,1.0,3620,1106,21240,0.01000000000000019
6,22352,3462,1.0,3621,1106,21246,0.010000000000000188
7,22359,3463,1.0,3622,1107,21252,0.010000000000000186
6,22365,3464,1.0,3623,1107,21258,0.010000000000000184
6,22371,3465,1.0,3624,1107,21264,0.010000000000000182
6,22377,3466,1.0,3625,1107,21270,0.01000000000000018
6,22383,3467,1.0,3626,1107,21276,0.010000000000000179
6,22389,3468,1.0,3627,1107,21282,0.010000000000000177
6,22395,3469,1.0,3628,1107,21288,0.010000000000000175
6,22401,3470,1.0,3629,1107,21294,0.010000000000000174
6,22407,3471,1.0,3630,1107,21300,0.010000000000000172
6,22413,3472,1.0,3631,1107,21306,0.01000000000000017
6,22419,3473,1.0,3632,1107,21312,0.010000000000000168
6,22425,3474,1.0,3633,1107,21318,0.010000000000000167
6,22431,3475,1.0,3634,1107,21324,0.010000000000000165
6,22437,3476,1.0,3635,1107,21330,0.010000000000000163
6,22443,3477,1.0,3636,1107,21336,0.010000000000000162
6,22449,3478,1.0,3637,1107,21342,0.01000000000000016
6,22455,3479,1.0,3638,1107,21348,0.010000000000000158
6,22461,3480,1.0,3639,1107,21354,0.010000000000000158
6,22467,3481,1.0,3640,1108,21359,0.010000000000000156
6,22473,3482,1.0,3641,1108,21365,0.010000000000000155
6,22479,3483,1.0,3642,1108,21371,0.010000000000000153
6,22485,3484,1.0,3643,1108,21377,0.010000000000000151
6,22491,3485,1.0,3644,1108,21383,0.01000000000000015
4,22495,3485,0.0,3645,1109,21386,0.010000000000000148
6,22501,3486,1.0,3646,1109,21392,0.010000000000000146
6,22507,3487,1.0,3647,1109,21398,0.010000000000000146
6,22513,3488,1.0,3648,1109,21404,0.010000000000000144
6,22519,3489,1.0,3649,1109,21410,0.010000000000000142
6,22525,3490,1.0,3650,1109,21416,0.01000000000000014
6,22531,3491,1.0,3651,1109,21422,0.010000000000000139
6,22537,3492,1.0,3652,1109,21428,0.010000000000000137
6,22543,3493,1.0,3653,1109,21434,0.010000000000000137
6,22549,3494,1.0,3654,1109,21440,0.010000000000000136
6,22555,3495,1.0,3655,1109,21446,0.010000000000000134
6,22561,3496,1.0,3656,1109,21452,0.010000000000000132
6,22567,3497,1.0,3657,1109,21458,0.010000000000000132
6,22573,3498,1.0,3658,1109,21464,0.01000000000000013
6,22579,3499,1.0,3659,1109,21470,0.010000000000000129
6,22585,3500,1.0,3660,1109,21476,0.010000000000000127
6,22591,3501,1.0,3661,1109,21482,0.010000000000000127
6,22597,3502,1.0,3662,1109,21488,0.010000000000000125
6,22603,3503,1.0,3663,1109,21494,0.010000000000000123
6,22609,3504,1.0,3664,1109,21500,0.010000000000000123
6,22615,3505,1.0,3665,1109,21506,0.010000000000000122
6,22621,3506,1.0,3666,1109,21512,0.01000000000000012
6,22627,3507,1.0,3667,1109,21518,0.010000000000000118
6,22633,3508,1.0,3668,1109,21524,0.010000000000000118
6,22639,3509,1.0,3669,1109,21530,0.010000000000000116
6,22645,3510,1.0,3670,1109,21536,0.010000000000000115
6,22651,3511,1.0,3671,1109,21542,0.010000000000000115
6,22657,3512,1.0,3672,1109,21548,0.010000000000000113
6,22663,3513,1.0,3673,1109,21554,0.010000000000000111
6,22669,3514,1.0,3674,1109,21560,0.010000000000000111
6,22675,3515,1.0,3675,1109,21566,0.01000000000000011
6,22681,3516,1.0,3676,1109,21572,0.01000000000000011
6,22687,3517,1.0,3677,1109,21578,0.010000000000000108
6,22693,3518,1.0,3678,1109,21584,0.010000000000000106
6,22699,3519,1.0,3679,1109,21590,0.010000000000000106
6,22705,3520,1.0,3680,1109,21596,0.010000000000000104
6,22711,3521,1.0,3681,1109,21602,0.010000000000000103
6,22717,3522,1.0,3682,1109,21608,0.010000000000000103
6,22723,3523,1.0,3683,1109,21614,0.0100000000000001
6,22729,3524,1.0,3684,1109,21620,0.0100000000000001
6,22735,3525,1.0,3685,1109,21626,0.010000000000000099
6,22741,3526,1.0,3686,1109,21632,0.010000000000000099
6,22747,3527,1.0,3687,1109,21638,0.010000000000000097
6,22753,3528,1.0,3688,1109,21644,0.010000000000000096
6,22759,3529,1.0,3689,1109,21650,0.010000000000000096
7,22766,3530,1.0,3690,1110,21656,0.010000000000000094
6,22772,3531,1.0,3691,1110,21662,0.010000000000000094
6,22778,3532,1.0,3692,1110,21668,0.010000000000000092
6,22784,3533,1.0,3693,1110,21674,0.010000000000000092
6,22790,3534,1.0,3694,1110,21680,0.01000000000000009
6,22796,3535,1.0,3695,1110,21686,0.01000000000000009
6,22802,3536,1.0,3696,1110,21692,0.010000000000000089
6,22808,3537,1.0,3697,1110,21698,0.010000000000000089
6,22814,3538,1.0,3698,1110,21704,0.010000000000000087
6,22820,3539,1.0,3699,1110,21710,0.010000000000000087
6,22826,3540,1.0,3700,1110,21716,0.010000000000000085
6,22832,3541,1.0,3701,1110,21722,0.010000000000000085
6,22838,3542,1.0,3702,1110,21728,0.010000000000000083
6,22844,3543,1.0,3703,1110,21734,0.010000000000000083
6,22850,3544,1.0,3704,1110,21740,0.010000000000000082
6,22856,3545,1.0,3705,1110,21746,0.010000000000000082
6,22862,3546,1.0,3706,1110,21752,0.01000000000000008
6,22868,3547,1.0,3707,1110,21758,0.01000000000000008
6,22874,3548,1.0,3708,1110,21764,0.010000000000000078
6,22880,3549,1.0,3709,1110,21770,0.010000000000000078
6,22886,3550,1.0,3710,1110,21776,0.010000000000000078
6,22892,3551,1.0,3711,1110,21782,0.010000000000000077
6,22898,3552,1.0,3712,1110,21788,0.010000000000000077
6,22904,3553,1.0,3713,1110,21794,0.010000000000000075
6,22910,3554,1.0,3714,1111,21799,0.010000000000000075
6,22916,3555,1.0,3715,1111,21805,0.010000000000000073
6,22922,3556,1.0,3716,1111,21811,0.010000000000000073
6,22928,3557,1.0,3717,1111,21817,0.010000000000000071
6,22934,3558,1.0,3718,1111,21823,0.010000000000000071
6,22940,3559,1.0,3719,1111,21829,0.010000000000000071
6,22946,3560,1.0,3720,1111,21835,0.01000000000000007
6,22952,3561,1.0,3721,1111,21841,0.01000000000000007
6,22958,3562,1.0,3722,1111,21847,0.010000000000000068
6,22964,3563,1.0,3723,1111,21853,0.010000000000000068
6,22970,3564,1.0,3724,1111,21859,0.010000000000000068
6,22976,3565,1.0,3725,1111,21865,0.010000000000000066
6,22982,3566,1.0,3726,1111,21871,0.010000000000000066
6,22988,3567,1.0,3727,1111,21877,0.010000000000000066
6,22994,3568,1.0,3728,1111,21883,0.010000000000000064
6,23000,3569,1.0,3729,1111,21889,0.010000000000000064
6,23006,3570,1.0,3730,1111,21895,0.010000000000000063
4,23010,3570,0.0,3731,1112,21898,0.010000000000000063
6,23016,3571,1.0,3732,1112,21904,0.010000000000000063
6,23022,3572,1.0,3733,1112,21910,0.010000000000000061
6,23028,3573,1.0,3734,1112,21916,0.010000000000000061
6,23034,3574,1.0,3735,1112,21922,0.010000000000000061
6,23040,3575,1.0,3736,1112,21928,0.01000000000000006
6,23046,3576,1.0,3737,1112,21934,0.01000000000000006
6,23052,3577,1.0,3738,1112,21940,0.01000000000000006
7,23059,3578,1.0,3739,1113,21946,0.010000000000000057
6,23065,3579,1.0,3740,1113,21952,0.010000000000000057
6,23071,3580,1.0,3741,1113,21958,0.010000000000000057
6,23077,3581,1.0,3742,1113,21964,0.010000000000000056
6,23083,3582,1.0,3743,1113,21970,0.010000000000000056
8,23091,3583,1.0,3744,1114,21977,0.010000000000000056
6,23097,3584,1.0,3745,1114,21983,0.010000000000000054
8,23105,3585,1.0,3746,1115,21990,0.010000000000000054
6,23111,3586,1.0,3747,1115,21996,0.010000000000000054
6,23117,3587,1.0,3748,1115,22002,0.010000000000000052
6,23123,3588,1.0,3749,1115,22008,0.010000000000000052
6,23129,3589,1.0,3750,1115,22014,0.010000000000000052
6,23135,3590,1.0,3751,1115,22020,0.010000000000000052
6,23141,3591,1.0,3752,1115,22026,0.01000000000000005
6,23147,3592,1.0,3753,1115,22032,0.01000000000000005
6,23153,3593,1.0,3754,1115,22038,0.01000000000000005
6,23159,3594,1.0,3755,1115,22044,0.010000000000000049
6,23165,3595,1.0,3756,1115,22050,0.010000000000000049
6,23171,3596,1.0,3757,1115,22056,0.010000000000000049
6,23177,3597,1.0,3758,1115,22062,0.010000000000000049
6,23183,3598,1.0,3759,1116,22067,0.010000000000000047
6,23189,3599,1.0,3760,1116,22073,0.010000000000000047
6,23195,3600,1.0,3761,1116,22079,0.010000000000000047
6,23201,3601,1.0,3762,1116,22085,0.010000000000000045
6,23207,3602,1.0,3763,1116,22091,0.010000000000000045
6,23213,3603,1.0,3764,1116,22097,0.010000000000000045
6,23219,3604,1.0,3765,1116,22103,0.010000000000000045
6,23225,3605,1.0,3766,1116,22109,0.010000000000000044
6,23231,3606,1.0,3767,1116,22115,0.010000000000000044
6,23237,3607,1.0,3768,1116,22121,0.010000000000000044
6,23243,3608,1.0,3769,1116,22127,0.010000000000000044
6,23249,3609,1.0,3770,1116,22133,0.010000000000000042
6,23255,3610,1.0,3771,1116,22139,0.010000000000000042
6,23261,3611,1.0,3772,1116,22145,0.010000000000000042
6,23267,3612,1.0,3773,1116,22151,0.010000000000000042
6,23273,3613,1.0,3774,1116,22157,0.01000000000000004
6,23279,3614,1.0,3775,1116,22163,0.01000000000000004
6,23285,3615,1.0,3776,1116,22169,0.01000000000000004
6,23291,3616,1.0,3777,1116,22175,0.01000000000000004
6,23297,3617,1.0,3778,1116,22181,0.01000000000000004
6,23303,3618,1.0,3779,1116,22187,0.010000000000000038
6,23309,3619,1.0,3780,1116,22193,0.010000000000000038
6,23315,3620,1.0,3781,1116,22199,0.010000000000000038
7,23322,3621,1.0,3782,1117,22205,0.010000000000000038
8,23330,3622,1.0,3783,1118,22212,0.010000000000000037
6,23336,3623,1.0,3784,1118,22218,0.010000000000000037
6,23342,3624,1.0,3785,1118,22224,0.010000000000000037
6,23348,3625,1.0,3786,1118,22230,0.010000000000000037
6,23354,3626,1.0,3787,1118,22236,0.010000000000000037
6,23360,3627,1.0,3788,1118,22242,0.010000000000000035
6,23366,3628,1.0,3789,1118,22248,0.010000000000000035
6,23372,3629,1.0,3790,1118,22254,0.010000000000000035
6,23378,3630,1.0,3791,1118,22260,0.010000000000000035
6,23384,3631,1.0,3792,1118,22266,0.010000000000000035
6,23390,3632,1.0,3793,1118,22272,0.010000000000000033
6,23396,3633,1.0,3794,1118,22278,0.010000000000000033
6,23402,3634,1.0,3795,1118,22284,0.010000000000000033
6,23408,3635,1.0,3796,1118,22290,0.010000000000000033
6,23414,3636,1.0,3797,1119,22295,0.010000000000000033
6,23420,3637,1.0,3798,1119,22301,0.010000000000000031
6,23426,3638,1.0,3799,1119,22307,0.010000000000000031
6,23432,3639,1.0,3800,1119,22313,0.010000000000000031
6,23438,3640,1.0,3801,1119,22319,0.010000000000000031
6,23444,3641,1.0,3802,1119,22325,0.010000000000000031
6,23450,3642,1.0,3803,1119,22331,0.010000000000000031
6,23456,3643,1.0,3804,1119,22337,0.01000000000000003
6,23462,3644,1.0,3805,1119,22343,0.01000000000000003
6,23468,3645,1.0,3806,1119,22349,0.01000000000000003
6,23474,3646,1.0,3807,1119,22355,0.01000000000000003
6,23480,3647,1.0,3808,1119,22361,0.01000000000000003
6,23486,3648,1.0,3809,1119,22367,0.01000000000000003
9,23495,3649,1.0,3810,1121,22374,0.010000000000000028
6,23501,3650,1.0,3811,1121,22380,0.010000000000000028
6,23507,3651,1.0,3812,1121,22386,0.010000000000000028
3,23510,3651,0.0,3813,1122,22388,0.010000000000000028
6,23516,3652,1.0,3814,1122,22394,0.010000000000000028
6,23522,3653,1.0,3815,1122,22400,0.010000000000000028
6,23528,3654,1.0,3816,1122,22406,0.010000000000000026
6,23534,3655,1.0,3817,1122,22412,0.010000000000000026
6,23540,3656,1.0,3818,1122,22418,0.010000000000000026
6,23546,3657,1.0,3819,1122,22424,0.010000000000000026
6,23552,3658,1.0,3820,1122,22430,0.010000000000000026
6,23558,3659,1.0,3821,1122,22436,0.010000000000000026
6,23564,3660,1.0,3822,1122,22442,0.010000000000000026
6,23570,3661,1.0,3823,1122,22448,0.010000000000000024
6,23576,3662,1.0,3824,1122,22454,0.010000000000000024
6,23582,3663,1.0,3825,1122,22460,0.010000000000000024
6,23588,3664,1.0,3826,1122,22466,0.010000000000000024
8,23596,3665,1.0,3827,1123,22473,0.010000000000000024
6,23602,3666,1.0,3828,1123,22479,0.010000000000000024
6,23608,3667,1.0,3829,1123,22485,0.010000000000000024
6,23614,3668,1.0,3830,1123,22491,0.010000000000000023
6,23620,3669,1.0,3831,1123,22497,0.010000000000000023
6,23626,3670,1.0,3832,1123,22503,0.010000000000000023
6,23632,3671,1.0,3833,1123,22509,0.010000000000000023
6,23638,3672,1.0,3834,1123,22515,0.010000000000000023
6,23644,3673,1.0,3835,1123,22521,0.010000000000000023
6,23650,3674,1.0,3836,1123,22527,0.010000000000000023
6,23656,3675,1.0,3837,1123,22533,0.010000000000000021
6,23662,3676,1.0,3838,1123,22539,0.010000000000000021
6,23668,3677,1.0,3839,1123,22545,0.010000000000000021
6,23674,3678,1.0,3840,1123,22551,0.010000000000000021
6,23680,3679,1.0,3841,1123,22557,0.010000000000000021
6,23686,3680,1.0,3842,1123,22563,0.010000000000000021
6,23692,3681,1.0,3843,1123,22569,0.010000000000000021
6,23698,3682,1.0,3844,1123,22575,0.010000000000000021
6,23704,3683,1.0,3845,1123,22581,0.010000000000000021
6,23710,3684,1.0,3846,1123,22587,0.01000000000000002
6,23716,3685,1.0,3847,1123,22593,0.01000000000000002
6,23722,3686,1.0,3848,1124,22598,0.01000000000000002
6,23728,3687,1.0,3849,1124,22604,0.01000000000000002
6,23734,3688,1.0,3850,1124,22610,0.01000000000000002
6,23740,3689,1.0,3851,1124,22616,0.01000000000000002
6,23746,3690,1.0,3852,1124,22622,0.01000000000000002
6,23752,3691,1.0,3853,1124,22628,0.01000000000000002
6,23758,3692,1.0,3854,1124,22634,0.01000000000000002
6,23764,3693,1.0,3855,1124,22640,0.010000000000000018
6,23770,3694,1.0,3856,1124,22646,0.010000000000000018
6,23776,3695,1.0,3857,1124,22652,0.010000000000000018
6,23782,3696,1.0,3858,1124,22658,0.010000000000000018
6,23788,3697,1.0,3859,1124,22664,0.010000000000000018
6,23794,3698,1.0,3860,1124,22670,0.010000000000000018
6,23800,3699,1.0,3861,1124,22676,0.010000000000000018
6,23806,3700,1.0,3862,1124,22682,0.010000000000000018
6,23812,3701,1.0,3863,1124,22688,0.010000000000000018
6,23818,3702,1.0,3864,1124,22694,0.010000000000000018
6,23824,3703,1.0,3865,1124,22700,0.010000000000000016
6,23830,3704,1.0,3866,1124,22706,0.010000000000000016
6,23836,3705,1.0,3867,1124,22712,0.010000000000000016
6,23842,3706,1.0,3868,1124,22718,0.010000000000000016
6,23848,3707,1.0,3869,1124,22724,0.010000000000000016
6,23854,3708,1.0,3870,1124,22730,0.010000000000000016
6,23860,3709,1.0,3871,1124,22736,0.010000000000000016
6,23866,3710,1.0,3872,1124,22742,0.010000000000000016
6,23872,3711,1.0,3873,1124,22748,0.010000000000000016
6,23878,3712,1.0,3874,1124,22754,0.010000000000000016
6,23884,3713,1.0,3875,1124,22760,0.010000000000000016
2,23886,3713,0.0,3876,1125,22761,0.010000000000000014
6,23892,3714,1.0,3877,1125,22767,0.010000000000000014
6,23898,3715,1.0,3878,1125,22773,0.010000000000000014
6,23904,3716,1.0,3879,1125,22779,0.010000000000000014
6,23910,3717,1.0,3880,1125,22785,0.010000000000000014
7,23917,3718,1.0,3881,1126,22791,0.010000000000000014
6,23923,3719,1.0,3882,1126,22797,0.010000000000000014
6,23929,3720,1.0,3883,1126,22803,0.010000000000000014
6,23935,3721,1.0,3884,1126,22809,0.010000000000000014
6,23941,3722,1.0,3885,1126,22815,0.010000000000000014
6,23947,3723,1.0,3886,1126,22821,0.010000000000000014
6,23953,3724,1.0,3887,1126,22827,0.010000000000000014
6,23959,3725,1.0,3888,1126,22833,0.010000000000000014
6,23965,3726,1.0,3889,1126,22839,0.010000000000000012
6,23971,3727,1.0,3890,1126,22845,0.010000000000000012
6,23977,3728,1.0,3891,1126,22851,0.010000000000000012
6,23983,3729,1.0,3892,1126,22857,0.010000000000000012
6,23989,3730,1.0,3893,1126,22863,0.010000000000000012
6,23995,3731,1.0,3894,1126,22869,0.010000000000000012
6,24001,3732,1.0,3895,1126,22875,0.010000000000000012
6,24007,3733,1.0,3896,1126,22881,0.010000000000000012
8,24015,3734,1.0,3897,1127,22888,0.010000000000000012
6,24021,3735,1.0,3898,1127,22894,0.010000000000000012
6,24027,3736,1.0,3899,1128,22899,0.010000000000000012
6,24033,3737,1.0,3900,1128,22905,0.010000000000000012
6,24039,3738,1.0,3901,1128,22911,0.010000000000000012
6,24045,3739,1.0,3902,1128,22917,0.010000000000000012
6,24051,3740,1.0,3903,1128,22923,0.01000000000000001
6,24057,3741,1.0,3904,1128,22929,0.01000000000000001
5,24062,3741,0.0,3905,1129,22933,0.01000000000000001
6,24068,3742,1.0,3906,1129,22939,0.01000000000000001
6,24074,3743,1.0,3907,1129,22945,0.01000000000000001
6,24080,3744,1.0,3908,1129,22951,0.01000000000000001
6,24086,3745,1.0,3909,1129,22957,0.01000000000000001
6,24092,3746,1.0,3910,1129,22963,0.01000000000000001
6,24098,3747,1.0,3911,1129,22969,0.01000000000000001
8,24106,3748,1.0,3912,1130,22976,0.01000000000000001
6,24112,3749,1.0,3913,1130,22982,0.01000000000000001
6,24118,3750,1.0,3914,1130,22988,0.01000000000000001
6,24124,3751,1.0,3915,1130,22994,0.01000000000000001
6,24130,3752,1.0,3916,1130,23000,0.01000000000000001
3,24133,3752,0.0,3917,1131,23002,0.01000000000000001
6,24139,3753,1.0,3918,1131,23008,0.01000000000000001
6,24145,3754,1.0,3919,1131,23014,0.01000000000000001
6,24151,3755,1.0,3920,1131,23020,0.010000000000000009
6,24157,3756,1.0,3921,1131,23026,0.010000000000000009
6,24163,3757,1.0,3922,1131,23032,0.010000000000000009
6,24169,3758,1.0,3923,1131,23038,0.010000000000000009
6,24175,3759,1.0,3924,1131,23044,0.010000000000000009
6,24181,3760,1.0,3925,1131,23050,0.010000000000000009
6,24187,3761,1.0,3926,1131,23056,0.010000000000000009
7,24194,3762,1.0,3927,1132,23062,0.010000000000000009
6,24200,3763,1.0,3928,1132,23068,0.010000000000000009
6,24206,3764,1.0,3929,1132,23074,0.010000000000000009
8,24214,3765,1.0,3930,1133,23081,0.010000000000000009
6,24220,3766,1.0,3931,1133,23087,0.010000000000000009
6,24226,3767,1.0,3932,1133,23093,0.010000000000000009
6,24232,3768,1.0,3933,1133,23099,0.010000000000000009
6,24238,3769,1.0,3934,1133,23105,0.010000000000000009
6,24244,3770,1.0,3935,1133,23111,0.010000000000000009
6,24250,3771,1.0,3936,1133,23117,0.010000000000000009
6,24256,3772,1.0,3937,1133,23123,0.010000000000000009
6,24262,3773,1.0,3938,1133,23129,0.010000000000000009
6,24268,3774,1.0,3939,1133,23135,0.010000000000000009
6,24274,3775,1.0,3940,1133,23141,0.010000000000000007
6,24280,3776,1.0,3941,1133,23147,0.010000000000000007
6,24286,3777,1.0,3942,1133,23153,0.010000000000000007
6,24292,3778,1.0,3943,1133,23159,0.010000000000000007
6,24298,3779,1.0,3944,1133,23165,0.010000000000000007
6,24304,3780,1.0,3945,1133,23171,0.010000000000000007
6,24310,3781,1.0,3946,1133,23177,0.010000000000000007
6,24316,3782,1.0,3947,1133,23183,0.010000000000000007
6,24322,3783,1.0,3948,1133,23189,0.010000000000000007
6,24328,3784,1.0,3949,1133,23195,0.010000000000000007
8,24336,3785,1.0,3950,1134,23202,0.010000000000000007
6,24342,3786,1.0,3951,1134,23208,0.010000000000000007
6,24348,3787,1.0,3952,1134,23214,0.010000000000000007
6,24354,3788,1.0,3953,1134,23220,0.010000000000000007
6,24360,3789,1.0,3954,1134,23226,0.010000000000000007
6,24366,3790,1.0,3955,1134,23232,0.010000000000000007
6,24372,3791,1.0,3956,1134,23238,0.010000000000000007
6,24378,3792,1.0,3957,1134,23244,0.010000000000000007
6,24384,3793,1.0,3958,1134,23250,0.010000000000000007
6,24390,3794,1.0,3959,1134,23256,0.010000000000000007
6,24396,3795,1.0,3960,1134,23262,0.010000000000000007
6,24402,3796,1.0,3961,1134,23268,0.010000000000000007
6,24408,3797,1.0,3962,1134,23274,0.010000000000000007
6,24414,3798,1.0,3963,1134,23280,0.010000000000000007
6,24420,3799,1.0,3964,1134,23286,0.010000000000000007
6,24426,3800,1.0,3965,1134,23292,0.010000000000000005
6,24432,3801,1.0,3966,1134,23298,0.010000000000000005
6,24438,3802,1.0,3967,1134,23304,0.010000000000000005
6,24444,3803,1.0,3968,1134,23310,0.010000000000000005
6,24450,3804,1.0,3969,1134,23316,0.010000000000000005
6,24456,3805,1.0,3970,1134,23322,0.010000000000000005
6,24462,3806,1.0,3971,1134,23328,0.010000000000000005
6,24468,3807,1.0,3972,1134,23334,0.010000000000000005
6,24474,3808,1.0,3973,1134,23340,0.010000000000000005
6,24480,3809,1.0,3974,1134,23346,0.010000000000000005
6,24486,3810,1.0,3975,1134,23352,0.010000000000000005
6,24492,3811,1.0,3976,1134,23358,0.010000000000000005
6,24498,3812,1.0,3977,1134,23364,0.010000000000000005
6,24504,3813,1.0,3978,1134,23370,0.010000000000000005
6,24510,3814,1.0,3979,1134,23376,0.010000000000000005
6,24516,3815,1.0,3980,1134,23382,0.010000000000000005
6,24522,3816,1.0,3981,1134,23388,0.010000000000000005
6,24528,3817,1.0,3982,1134,23394,0.010000000000000005
6,24534,3818,1.0,3983,1134,23400,0.010000000000000005
6,24540,3819,1.0,3984,1134,23406,0.010000000000000005
6,24546,3820,1.0,3985,1134,23412,0.010000000000000005
6,24552,3821,1.0,3986,1134,23418,0.010000000000000005
6,24558,3822,1.0,3987,1134,23424,0.010000000000000005
6,24564,3823,1.0,3988,1134,23430,0.010000000000000005
6,24570,3824,1.0,3989,1134,23436,0.010000000000000005
6,24576,3825,1.0,3990,1134,23442,0.010000000000000005
6,24582,3826,1.0,3991,1134,23448,0.010000000000000005
6,24588,3827,1.0,3992,1134,23454,0.010000000000000005
6,24594,3828,1.0,3993,1134,23460,0.010000000000000005
6,24600,3829,1.0,3994,1134,23466,0.010000000000000005
6,24606,3830,1.0,3995,1134,23472,0.010000000000000005
6,24612,3831,1.0,3996,1134,23478,0.010000000000000005
6,24618,3832,1.0,3997,1134,23484,0.010000000000000005
6,24624,3833,1.0,3998,1134,23490,0.010000000000000004
6,24630,3834,1.0,3999,1134,23496,0.010000000000000004
6,24636,3835,1.0,4000,1134,23502,0.010000000000000004
6,24642,3836,1.0,4001,1134,23508,0.010000000000000004
6,24648,3837,1.0,4002,1134,23514,0.010000000000000004
6,24654,3838,1.0,4003,1134,23520,0.010000000000000004
6,24660,3839,1.0,4004,1134,23526,0.010000000000000004
6,24666,3840,1.0,4005,1134,23532,0.010000000000000004
6,24672,3841,1.0,4006,1134,23538,0.010000000000000004
6,24678,3842,1.0,4007,1134,23544,0.010000000000000004
6,24684,3843,1.0,4008,1134,23550,0.010000000000000004
7,24691,3844,1.0,4009,1135,23556,0.010000000000000004
6,24697,3845,1.0,4010,1135,23562,0.010000000000000004
6,24703,3846,1.0,4011,1135,23568,0.010000000000000004
6,24709,3847,1.0,4012,1135,23574,0.010000000000000004
6,24715,3848,1.0,4013,1135,23580,0.010000000000000004
6,24721,3849,1.0,4014,1135,23586,0.010000000000000004
6,24727,3850,1.0,4015,1135,23592,0.010000000000000004
6,24733,3851,1.0,4016,1135,23598,0.010000000000000004
6,24739,3852,1.0,4017,1135,23604,0.010000000000000004
6,24745,3853,1.0,4018,1135,23610,0.010000000000000004
6,24751,3854,1.0,4019,1135,23616,0.010000000000000004
6,24757,3855,1.0,4020,1135,23622,0.010000000000000004
6,24763,3856,1.0,4021,1135,23628,0.010000000000000004
6,24769,3857,1.0,4022,1135,23634,0.010000000000000004
6,24775,3858,1.0,4023,1135,23640,0.010000000000000004
6,24781,3859,1.0,4024,1135,23646,0.010000000000000004
6,24787,3860,1.0,4025,1135,23652,0.010000000000000004
6,24793,3861,1.0,4026,1135,23658,0.010000000000000004
6,24799,3862,1.0,4027,1135,23664,0.010000000000000004
6,24805,3863,1.0,4028,1135,23670,0.010000000000000004
6,24811,3864,1.0,4029,1135,23676,0.010000000000000004
6,24817,3865,1.0,4030,1135,23682,0.010000000000000004
6,24823,3866,1.0,4031,1135,23688,0.010000000000000004
6,24829,3867,1.0,4032,1135,23694,0.010000000000000004
6,24835,3868,1.0,4033,1135,23700,0.010000000000000004
6,24841,3869,1.0,4034,1135,23706,0.010000000000000004
5,24846,3869,0.0,4035,1136,23710,0.010000000000000004
6,24852,3870,1.0,4036,1136,23716,0.010000000000000004
6,24858,3871,1.0,4037,1136,23722,0.010000000000000004
6,24864,3872,1.0,4038,1136,23728,0.010000000000000004
6,24870,3873,1.0,4039,1136,23734,0.010000000000000004
6,24876,3874,1.0,4040,1136,23740,0.010000000000000004
6,24882,3875,1.0,4041,1136,23746,0.010000000000000004
6,24888,3876,1.0,4042,1136,23752,0.010000000000000004
6,24894,3877,1.0,4043,1136,23758,0.010000000000000004
6,24900,3878,1.0,4044,1136,23764,0.010000000000000004
6,24906,3879,1.0,4045,1136,23770,0.010000000000000004
6,24912,3880,1.0,4046,1136,23776,0.010000000000000004
6,24918,3881,1.0,4047,1136,23782,0.010000000000000004
6,24924,3882,1.0,4048,1136,23788,0.010000000000000004
6,24930,3883,1.0,4049,1136,23794,0.010000000000000004
6,24936,3884,1.0,4050,1136,23800,0.010000000000000002
6,24942,3885,1.0,4051,1136,23806,0.010000000000000002
6,24948,3886,1.0,4052,1136,23812,0.010000000000000002
6,24954,3887,1.0,4053,1136,23818,0.010000000000000002
6,24960,3888,1.0,4054,1136,23824,0.010000000000000002
6,24966,3889,1.0,4055,1136,23830,0.010000000000000002
6,24972,3890,1.0,4056,1136,23836,0.010000000000000002
6,24978,3891,1.0,4057,1136,23842,0.010000000000000002
6,24984,3892,1.0,4058,1136,23848,0.010000000000000002
6,24990,3893,1.0,4059,1136,23854,0.010000000000000002
6,24996,3894,1.0,4060,1136,23860,0.010000000000000002
6,25002,3895,1.0,4061,1136,23866,0.010000000000000002
8,25010,3896,1.0,4062,1137,23873,0.010000000000000002
8,25018,3897,1.0,4063,1138,23880,0.010000000000000002
6,25024,3898,1.0,4064,1138,23886,0.010000000000000002
6,25030,3899,1.0,4065,1138,23892,0.010000000000000002
6,25036,3900,1.0,4066,1138,23898,0.010000000000000002
6,25042,3901,1.0,4067,1138,23904,0.010000000000000002
6,25048,3902,1.0,4068,1139,23909,0.010000000000000002
6,25054,3903,1.0,4069,1139,23915,0.010000000000000002
6,25060,3904,1.0,4070,1139,23921,0.010000000000000002
6,25066,3905,1.0,4071,1139,23927,0.010000000000000002
6,25072,3906,1.0,4072,1139,23933,0.010000000000000002
6,25078,3907,1.0,4073,1139,23939,0.010000000000000002
6,25084,3908,1.0,4074,1139,23945,0.010000000000000002
3,25087,3908,0.0,4075,1140,23947,0.010000000000000002
6,25093,3909,1.0,4076,1140,23953,0.010000000000000002
6,25099,3910,1.0,4077,1140,23959,0.010000000000000002
6,25105,3911,1.0,4078,1140,23965,0.010000000000000002
6,25111,3912,1.0,4079,1140,23971,0.010000000000000002
6,25117,3913,1.0,4080,1140,23977,0.010000000000000002
6,25123,3914,1.0,4081,1140,23983,0.010000000000000002
6,25129,3915,1.0,4082,1140,23989,0.010000000000000002
6,25135,3916,1.0,4083,1140,23995,0.010000000000000002
6,25141,3917,1.0,4084,1140,24001,0.010000000000000002
6,25147,3918,1.0,4085,1140,24007,0.010000000000000002
6,25153,3919,1.0,4086,1140,24013,0.010000000000000002
6,25159,3920,1.0,4087,1140,24019,0.010000000000000002
6,25165,3921,1.0,4088,1140,24025,0.010000000000000002
6,25171,3922,1.0,4089,1140,24031,0.010000000000000002
6,25177,3923,1.0,4090,1140,24037,0.010000000000000002
6,25183,3924,1.0,4091,1140,24043,0.010000000000000002
6,25189,3925,1.0,4092,1140,24049,0.010000000000000002
6,25195,3926,1.0,4093,1140,24055,0.010000000000000002
6,25201,3927,1.0,4094,1140,24061,0.010000000000000002
6,25207,3928,1.0,4095,1140,24067,0.010000000000000002
6,25213,3929,1.0,4096,1140,24073,0.010000000000000002
6,25219,3930,1.0,4097,1140,24079,0.010000000000000002
8,25227,3931,1.0,4098,1141,24086,0.010000000000000002
6,25233,3932,1.0,4099,1142,24091,0.010000000000000002
6,25239,3933,1.0,4100,1142,24097,0.010000000000000002
6,25245,3934,1.0,4101,1142,24103,0.010000000000000002
6,25251,3935,1.0,4102,1142,24109,0.010000000000000002
6,25257,3936,1.0,4103,1142,24115,0.010000000000000002
6,25263,3937,1.0,4104,1142,24121,0.010000000000000002
6,25269,3938,1.0,4105,1142,24127,0.010000000000000002
6,25275,3939,1.0,4106,1142,24133,0.010000000000000002
6,25281,3940,1.0,4107,1142,24139,0.010000000000000002
6,25287,3941,1.0,4108,1142,24145,0.010000000000000002
6,25293,3942,1.0,4109,1142,24151,0.010000000000000002
6,25299,3943,1.0,4110,1142,24157,0.010000000000000002
6,25305,3944,1.0,4111,1143,24162,0.010000000000000002
6,25311,3945,1.0,4112,1143,24168,0.010000000000000002
7,25318,3946,1.0,4113,1144,24174,0.010000000000000002
6,25324,3947,1.0,4114,1144,24180,0.010000000000000002
6,25330,3948,1.0,4115,1144,24186,0.010000000000000002
6,25336,3949,1.0,4116,1145,24191,0.010000000000000002
6,25342,3950,1.0,4117,1145,24197,0.010000000000000002
6,25348,3951,1.0,4118,1145,24203,0.010000000000000002
6,25354,3952,1.0,4119,1145,24209,0.010000000000000002
6,25360,3953,1.0,4120,1145,24215,0.010000000000000002
6,25366,3954,1.0,4121,1145,24221,0.010000000000000002
6,25372,3955,1.0,4122,1145,24227,0.010000000000000002
6,25378,3956,1.0,4123,1145,24233,0.010000000000000002
6,25384,3957,1.0,4124,1145,24239,0.010000000000000002
6,25390,3958,1.0,4125,1145,24245,0.010000000000000002
6,25396,3959,1.0,4126,1145,24251,0.010000000000000002
6,25402,3960,1.0,4127,1145,24257,0.010000000000000002
6,25408,3961,1.0,4128,1145,24263,0.010000000000000002
6,25414,3962,1.0,4129,1145,24269,0.010000000000000002
6,25420,3963,1.0,4130,1146,24274,0.010000000000000002
6,25426,3964,1.0,4131,1146,24280,0.010000000000000002
6,25432,3965,1.0,4132,1146,24286,0.010000000000000002
6,25438,3966,1.0,4133,1146,24292,0.010000000000000002
6,25444,3967,1.0,4134,1146,24298,0.010000000000000002
6,25450,3968,1.0,4135,1146,24304,0.010000000000000002
6,25456,3969,1.0,4136,1146,24310,0.010000000000000002
6,25462,3970,1.0,4137,1146,24316,0.010000000000000002
6,25468,3971,1.0,4138,1146,24322,0.010000000000000002
6,25474,3972,1.0,4139,1146,24328,0.010000000000000002
6,25480,3973,1.0,4140,1146,24334,0.010000000000000002
6,25486,3974,1.0,4141,1146,24340,0.010000000000000002
6,25492,3975,1.0,4142,1146,24346,0.010000000000000002
6,25498,3976,1.0,4143,1146,24352,0.010000000000000002
6,25504,3977,1.0,4144,1146,24358,0.010000000000000002
6,25510,3978,1.0,4145,1146,24364,0.010000000000000002
6,25516,3979,1.0,4146,1146,24370,0.010000000000000002
6,25522,3980,1.0,4147,1146,24376,0.010000000000000002
6,25528,3981,1.0,4148,1146,24382,0.010000000000000002
6,25534,3982,1.0,4149,1146,24388,0.010000000000000002
6,25540,3983,1.0,4150,1146,24394,0.010000000000000002
6,25546,3984,1.0,4151,1146,24400,0.010000000000000002
6,25552,3985,1.0,4152,1146,24406,0.010000000000000002
6,25558,3986,1.0,4153,1146,24412,0.010000000000000002
6,25564,3987,1.0,4154,1146,24418,0.010000000000000002
6,25570,3988,1.0,4155,1146,24424,0.010000000000000002
6,25576,3989,1.0,4156,1146,24430,0.010000000000000002
6,25582,3990,1.0,4157,1146,24436,0.010000000000000002
4,25586,3990,0.0,4158,1147,24439,0.010000000000000002
6,25592,3991,1.0,4159,1147,24445,0.01
6,25598,3992,1.0,4160,1147,24451,0.01
6,25604,3993,1.0,4161,1147,24457,0.01
6,25610,3994,1.0,4162,1147,24463,0.01
6,25616,3995,1.0,4163,1147,24469,0.01
6,25622,3996,1.0,4164,1147,24475,0.01
6,25628,3997,1.0,4165,1147,24481,0.01
6,25634,3998,1.0,4166,1147,24487,0.01
6,25640,3999,1.0,4167,1147,24493,0.01
6,25646,4000,1.0,4168,1147,24499,0.01
6,25652,4001,1.0,4169,1147,24505,0.01
6,25658,4002,1.0,4170,1147,24511,0.01
6,25664,4003,1.0,4171,1147,24517,0.01
6,25670,4004,1.0,4172,1147,24523,0.01
6,25676,4005,1.0,4173,1147,24529,0.01
6,25682,4006,1.0,4174,1147,24535,0.01
6,25688,4007,1.0,4175,1147,24541,0.01
6,25694,4008,1.0,4176,1147,24547,0.01
6,25700,4009,1.0,4177,1147,24553,0.01
6,25706,4010,1.0,4178,1147,24559,0.01
6,25712,4011,1.0,4179,1147,24565,0.01
6,25718,4012,1.0,4180,1147,24571,0.01
6,25724,4013,1.0,4181,1147,24577,0.01
6,25730,4014,1.0,4182,1147,24583,0.01
6,25736,4015,1.0,4183,1147,24589,0.01
8,25744,4016,1.0,4184,1148,24596,0.01
6,25750,4017,1.0,4185,1148,24602,0.01
6,25756,4018,1.0,4186,1148,24608,0.01
7,25763,4019,1.0,4187,1149,24614,0.01
6,25769,4020,1.0,4188,1149,24620,0.01
6,25775,4021,1.0,4189,1149,24626,0.01
6,25781,4022,1.0,4190,1149,24632,0.01
6,25787,4023,1.0,4191,1149,24638,0.01
6,25793,4024,1.0,4192,1149,24644,0.01
6,25799,4025,1.0,4193,1149,24650,0.01
6,25805,4026,1.0,4194,1149,24656,0.01
6,25811,4027,1.0,4195,1149,24662,0.01
6,25817,4028,1.0,4196,1149,24668,0.01
6,25823,4029,1.0,4197,1149,24674,0.01
6,25829,4030,1.0,4198,1149,24680,0.01
6,25835,4031,1.0,4199,1149,24686,0.01
6,25841,4032,1.0,4200,1149,24692,0.01
6,25847,4033,1.0,4201,1149,24698,0.01
6,25853,4034,1.0,4202,1149,24704,0.01
6,25859,4035,1.0,4203,1149,24710,0.01
6,25865,4036,1.0,4204,1149,24716,0.01
6,25871,4037,1.0,4205,1149,24722,0.01
6,25877,4038,1.0,4206,1149,24728,0.01
6,25883,4039,1.0,4207,1149,24734,0.01
6,25889,4040,1.0,4208,1149,24740,0.01
6,25895,4041,1.0,4209,1149,24746,0.01
6,25901,4042,1.0,4210,1149,24752,0.01
6,25907,4043,1.0,4211,1149,24758,0.01
6,25913,4044,1.0,4212,1149,24764,0.01
6,25919,4045,1.0,4213,1149,24770,0.01
6,25925,4046,1.0,4214,1149,24776,0.01
6,25931,4047,1.0,4215,1149,24782,0.01
6,25937,4048,1.0,4216,1149,24788,0.01
6,25943,4049,1.0,4217,1149,24794,0.01
6,25949,4050,1.0,4218,1149,24800,0.01
6,25955,4051,1.0,4219,1149,24806,0.01
6,25961,4052,1.0,4220,1149,24812,0.01
6,25967,4053,1.0,4221,1149,24818,0.01
6,25973,4054,1.0,4222,1149,24824,0.01
6,25979,4055,1.0,4223,1150,24829,0.01
6,25985,4056,1.0,4224,1150,24835,0.01
6,25991,4057,1.0,4225,1150,24841,0.01
6,25997,4058,1.0,4226,1150,24847,0.01
6,26003,4059,1.0,4227,1150,24853,0.01
6,26009,4060,1.0,4228,1150,24859,0.01
6,26015,4061,1.0,4229,1150,24865,0.01
6,26021,4062,1.0,4230,1150,24871,0.01
6,26027,4063,1.0,4231,1150,24877,0.01
6,26033,4064,1.0,4232,1150,24883,0.01
6,26039,4065,1.0,4233,1151,24888,0.01
6,26045,4066,1.0,4234,1151,24894,0.01
6,26051,4067,1.0,4235,1151,24900,0.01
6,26057,4068,1.0,4236,1151,24906,0.01
6,26063,4069,1.0,4237,1151,24912,0.01
6,26069,4070,1.0,4238,1151,24918,0.01
6,26075,4071,1.0,4239,1151,24924,0.01
8,26083,4072,1.0,4240,1152,24931,0.01
6,26089,4073,1.0,4241,1152,24937,0.01
6,26095,4074,1.0,4242,1152,24943,0.01
6,26101,4075,1.0,4243,1152,24949,0.01
6,26107,4076,1.0,4244,1152,24955,0.01
6,26113,4077,1.0,4245,1152,24961,0.01
6,26119,4078,1.0,4246,1152,24967,0.01
6,26125,4079,1.0,4247,1152,24973,0.01
6,26131,4080,1.0,4248,1152,24979,0.01
6,26137,4081,1.0,4249,1152,24985,0.01
6,26143,4082,1.0,4250,1152,24991,0.01
7,26150,4083,1.0,4251,1153,24997,0.01
6,26156,4084,1.0,4252,1153,25003,0.01
6,26162,4085,1.0,4253,1153,25009,0.01
6,26168,4086,1.0,4254,1153,25015,0.01
6,26174,4087,1.0,4255,1153,25021,0.01
6,26180,4088,1.0,4256,1153,25027,0.01
6,26186,4089,1.0,4257,1153,25033,0.01
6,26192,4090,1.0,4258,1153,25039,0.01
6,26198,4091,1.0,4259,1153,25045,0.01
6,26204,4092,1.0,4260,1153,25051,0.01
6,26210,4093,1.0,4261,1153,25057,0.01
5,26215,4093,0.0,4262,1154,25061,0.01
6,26221,4094,1.0,4263,1154,25067,0.01
6,26227,4095,1.0,4264,1154,25073,0.01
6,26233,4096,1.0,4265,1154,25079,0.01
6,26239,4097,1.0,4266,1154,25085,0.01
6,26245,4098,1.0,4267,1154,25091,0.01
6,26251,4099,1.0,4268,1154,25097,0.01
6,26257,4100,1.0,4269,1154,25103,0.01
6,26263,4101,1.0,4270,1154,25109,0.01
6,26269,4102,1.0,4271,1154,25115,0.01
6,26275,4103,1.0,4272,1154,25121,0.01
6,26281,4104,1.0,4273,1154,25127,0.01
6,26287,4105,1.0,4274,1154,25133,0.01
6,26293,4106,1.0,4275,1154,25139,0.01
6,26299,4107,1.0,4276,1154,25145,0.01
6,26305,4108,1.0,4277,1154,25151,0.01
6,26311,4109,1.0,4278,1154,25157,0.01
6,26317,4110,1.0,4279,1154,25163,0.01
6,26323,4111,1.0,4280,1154,25169,0.01
6,26329,4112,1.0,4281,1154,25175,0.01
6,26335,4113,1.0,4282,1154,25181,0.01
7,26342,4114,1.0,4283,1155,25187,0.01
6,26348,4115,1.0,4284,1155,25193,0.01
6,26354,4116,1.0,4285,1155,25199,0.01
6,26360,4117,1.0,4286,1156,25204,0.01
6,26366,4118,1.0,4287,1156,25210,0.01
6,26372,4119,1.0,4288,1156,25216,0.01
6,26378,4120,1.0,4289,1156,25222,0.01
6,26384,4121,1.0,4290,1156,25228,0.01
6,26390,4122,1.0,4291,1156,25234,0.01
6,26396,4123,1.0,4292,1156,25240,0.01
6,26402,4124,1.0,4293,1156,25246,0.01
6,26408,4125,1.0,4294,1156,25252,0.01
6,26414,4126,1.0,4295,1156,25258,0.01
6,26420,4127,1.0,4296,1156,25264,0.01
6,26426,4128,1.0,4297,1156,25270,0.01
6,26432,4129,1.0,4298,1156,25276,0.01
6,26438,4130,1.0,4299,1156,25282,0.01
6,26444,4131,1.0,4300,1156,25288,0.01
6,26450,4132,1.0,4301,1156,25294,0.01
7,26457,4133,1.0,4302,1157,25300,0.01
6,26463,4134,1.0,4303,1157,25306,0.01
6,26469,4135,1.0,4304,1157,25312,0.01
7,26476,4136,1.0,4305,1158,25318,0.01
6,26482,4137,1.0,4306,1158,25324,0.01
6,26488,4138,1.0,4307,1158,25330,0.01
6,26494,4139,1.0,4308,1158,25336,0.01
6,26500,4140,1.0,4309,1158,25342,0.01
6,26506,4141,1.0,4310,1158,25348,0.01
6,26512,4142,1.0,4311,1158,25354,0.01
6,26518,4143,1.0,4312,1158,25360,0.01
6,26524,4144,1.0,4313,1158,25366,0.01
6,26530,4145,1.0,4314,1158,25372,0.01
6,26536,4146,1.0,4315,1158,25378,0.01
6,26542,4147,1.0,4316,1158,25384,0.01
6,26548,4148,1.0,4317,1158,25390,0.01
6,26554,4149,1.0,4318,1158,25396,0.01
8,26562,4150,1.0,4319,1159,25403,0.01
6,26568,4151,1.0,4320,1159,25409,0.01
6,26574,4152,1.0,4321,1159,25415,0.01
6,26580,4153,1.0,4322,1159,25421,0.01
6,26586,4154,1.0,4323,1159,25427,0.01
6,26592,4155,1.0,4324,1159,25433,0.01
6,26598,4156,1.0,4325,1159,25439,0.01
6,26604,4157,1.0,4326,1159,25445,0.01
7,26611,4158,1.0,4327,1160,25451,0.01
8,26619,4159,1.0,4328,1161,25458,0.01
6,26625,4160,1.0,4329,1161,25464,0.01
6,26631,4161,1.0,4330,1161,25470,0.01
6,26637,4162,1.0,4331,1161,25476,0.01
6,26643,4163,1.0,4332,1161,25482,0.01
6,26649,4164,1.0,4333,1161,25488,0.01
6,26655,4165,1.0,4334,1161,25494,0.01
6,26661,4166,1.0,4335,1161,25500,0.01
6,26667,4167,1.0,4336,1161,25506,0.01
6,26673,4168,1.0,4337,1161,25512,0.01
6,26679,4169,1.0,4338,1161,25518,0.01
6,26685,4170,1.0,4339,1161,25524,0.01
6,26691,4171,1.0,4340,1161,25530,0.01
6,26697,4172,1.0,4341,1161,25536,0.01
6,26703,4173,1.0,4342,1161,25542,0.01
6,26709,4174,1.0,4343,1161,25548,0.01
2,26711,4174,0.0,4344,1162,25549,0.01
8,26719,4175,1.0,4345,1163,25556,0.01
6,26725,4176,1.0,4346,1163,25562,0.01
6,26731,4177,1.0,4347,1163,25568,0.01
6,26737,4178,1.0,4348,1163,25574,0.01
6,26743,4179,1.0,4349,1163,25580,0.01
6,26749,4180,1.0,4350,1163,25586,0.01
6,26755,4181,1.0,4351,1163,25592,0.01
7,26762,4182,1.0,4352,1164,25598,0.01
6,26768,4183,1.0,4353,1164,25604,0.01
6,26774,4184,1.0,4354,1164,25610,0.01
6,26780,4185,1.0,4355,1164,25616,0.01
6,26786,4186,1.0,4356,1164,25622,0.01
6,26792,4187,1.0,4357,1164,25628,0.01
6,26798,4188,1.0,4358,1164,25634,0.01
6,26804,4189,1.0,4359,1164,25640,0.01
6,26810,4190,1.0,4360,1164,25646,0.01
6,26816,4191,1.0,4361,1164,25652,0.01
6,26822,4192,1.0,4362,1164,25658,0.01
6,26828,4193,1.0,4363,1165,25663,0.01
6,26834,4194,1.0,4364,1165,25669,0.01
6,26840,4195,1.0,4365,1165,25675,0.01
6,26846,4196,1.0,4366,1165,25681,0.01
6,26852,4197,1.0,4367,1165,25687,0.01
6,26858,4198,1.0,4368,1165,25693,0.01
6,26864,4199,1.0,4369,1165,25699,0.01
6,26870,4200,1.0,4370,1165,25705,0.01
6,26876,4201,1.0,4371,1165,25711,0.01
6,26882,4202,1.0,4372,1165,25717,0.01
8,26890,4203,1.0,4373,1166,25724,0.01
6,26896,4204,1.0,4374,1166,25730,0.01
8,26904,4205,1.0,4375,1168,25736,0.01
6,26910,4206,1.0,4376,1168,25742,0.01
6,26916,4207,1.0,4377,1168,25748,0.01
6,26922,4208,1.0,4378,1168,25754,0.01
6,26928,4209,1.0,4379,1168,25760,0.01
7,26935,4210,1.0,4380,1169,25766,0.01
6,26941,4211,1.0,4381,1169,25772,0.01
6,26947,4212,1.0,4382,1169,25778,0.01
6,26953,4213,1.0,4383,1169,25784,0.01
6,26959,4214,1.0,4384,1169,25790,0.01
6,26965,4215,1.0,4385,1169,25796,0.01
6,26971,4216,1.0,4386,1169,25802,0.01
6,26977,4217,1.0,4387,1169,25808,0.01
6,26983,4218,1.0,4388,1169,25814,0.01
6,26989,4219,1.0,4389,1169,25820,0.01
6,26995,4220,1.0,4390,1169,25826,0.01
6,27001,4221,1.0,4391,1169,25832,0.01
6,27007,4222,1.0,4392,1169,25838,0.01
6,27013,4223,1.0,4393,1169,25844,0.01
6,27019,4224,1.0,4394,1169,25850,0.01
6,27025,4225,1.0,4395,1169,25856,0.01
6,27031,4226,1.0,4396,1169,25862,0.01
6,27037,4227,1.0,4397,1169,25868,0.01
6,27043,4228,1.0,4398,1169,25874,0.01
6,27049,4229,1.0,4399,1169,25880,0.01
6,27055,4230,1.0,4400,1169,25886,0.01
6,27061,4231,1.0,4401,1169,25892,0.01
6,27067,4232,1.0,4402,1169,25898,0.01
6,27073,4233,1.0,4403,1169,25904,0.01
6,27079,4234,1.0,4404,1169,25910,0.01
6,27085,4235,1.0,4405,1169,25916,0.01
6,27091,4236,1.0,4406,1169,25922,0.01
6,27097,4237,1.0,4407,1169,25928,0.01
6,27103,4238,1.0,4408,1169,25934,0.01
6,27109,4239,1.0,4409,1169,25940,0.01
2,27111,4239,0.0,4410,1170,25941,0.01
6,27117,4240,1.0,4411,1170,25947,0.01
6,27123,4241,1.0,4412,1170,25953,0.01
6,27129,4242,1.0,4413,1170,25959,0.01
6,27135,4243,1.0,4414,1170,25965,0.01
6,27141,4244,1.0,4415,1170,25971,0.01
6,27147,4245,1.0,4416,1170,25977,0.01
6,27153,4246,1.0,4417,1170,25983,0.01
6,27159,4247,1.0,4418,1170,25989,0.01
6,27165,4248,1.0,4419,1170,25995,0.01
6,27171,4249,1.0,4420,1170,26001,0.01
6,27177,4250,1.0,4421,1170,26007,0.01
6,27183,4251,1.0,4422,1170,26013,0.01
6,27189,4252,1.0,4423,1170,26019,0.01
6,27195,4253,1.0,4424,1170,26025,0.01
6,27201,4254,1.0,4425,1170,26031,0.01
6,27207,4255,1.0,4426,1170,26037,0.01
6,27213,4256,1.0,4427,1170,26043,0.01
6,27219,4257,1.0,4428,1170,26049,0.01
6,27225,4258,1.0,4429,1170,26055,0.01
6,27231,4259,1.0,4430,1170,26061,0.01
6,27237,4260,1.0,4431,1170,26067,0.01
6,27243,4261,1.0,4432,1171,26072,0.01
6,27249,4262,1.0,4433,1171,26078,0.01
6,27255,4263,1.0,4434,1171,26084,0.01
6,27261,4264,1.0,4435,1171,26090,0.01
6,27267,4265,1.0,4436,1171,26096,0.01
6,27273,4266,1.0,4437,1171,26102,0.01
6,27279,4267,1.0,4438,1171,26108,0.01
6,27285,4268,1.0,4439,1171,26114,0.01
6,27291,4269,1.0,4440,1171,26120,0.01
6,27297,4270,1.0,4441,1171,26126,0.01
6,27303,4271,1.0,4442,1171,26132,0.01
6,27309,4272,1.0,4443,1171,26138,0.01
6,27315,4273,1.0,4444,1171,26144,0.01
6,27321,4274,1.0,4445,1171,26150,0.01
6,27327,4275,1.0,4446,1171,26156,0.01
6,27333,4276,1.0,4447,1171,26162,0.01
6,27339,4277,1.0,4448,1171,26168,0.01
6,27345,4278,1.0,4449,1171,26174,0.01
6,27351,4279,1.0,4450,1171,26180,0.01
6,27357,4280,1.0,4451,1171,26186,0.01
6,27363,4281,1.0,4452,1171,26192,0.01
6,27369,4282,1.0,4453,1171,26198,0.01
6,27375,4283,1.0,4454,1171,26204,0.01
6,27381,4284,1.0,4455,1171,26210,0.01
6,27387,4285,1.0,4456,1171,26216,0.01
6,27393,4286,1.0,4457,1171,26222,0.01
6,27399,4287,1.0,4458,1171,26228,0.01
6,27405,4288,1.0,4459,1171,26234,0.01
6,27411,4289,1.0,4460,1172,26239,0.01
6,27417,4290,1.0,4461,1172,26245,0.01
6,27423,4291,1.0,4462,1172,26251,0.01
6,27429,4292,1.0,4463,1172,26257,0.01
6,27435,4293,1.0,4464,1172,26263,0.01
6,27441,4294,1.0,4465,1172,26269,0.01
6,27447,4295,1.0,4466,1172,26275,0.01
6,27453,4296,1.0,4467,1172,26281,0.01
6,27459,4297,1.0,4468,1172,26287,0.01
6,27465,4298,1.0,4469,1172,26293,0.01
6,27471,4299,1.0,4470,1172,26299,0.01
6,27477,4300,1.0,4471,1172,26305,0.01
6,27483,4301,1.0,4472,1172,26311,0.01
6,27489,4302,1.0,4473,1172,26317,0.01
6,27495,4303,1.0,4474,1172,26323,0.01
6,27501,4304,1.0,4475,1172,26329,0.01
6,27507,4305,1.0,4476,1172,26335,0.01
6,27513,4306,1.0,4477,1172,26341,0.01
6,27519,4307,1.0,4478,1172,26347,0.01
6,27525,4308,1.0,4479,1172,26353,0.01
6,27531,4309,1.0,4480,1172,26359,0.01
6,27537,4310,1.0,4481,1172,26365,0.01
6,27543,4311,1.0,4482,1172,26371,0.01
6,27549,4312,1.0,4483,1172,26377,0.01
6,27555,4313,1.0,4484,1172,26383,0.01
6,27561,4314,1.0,4485,1172,26389,0.01
6,27567,4315,1.0,4486,1172,26395,0.01
6,27573,4316,1.0,4487,1172,26401,0.01
6,27579,4317,1.0,4488,1172,26407,0.01
6,27585,4318,1.0,4489,1172,26413,0.01
6,27591,4319,1.0,4490,1172,26419,0.01
6,27597,4320,1.0,4491,1172,26425,0.01
6,27603,4321,1.0,4492,1172,26431,0.01
6,27609,4322,1.0,4493,1172,26437,0.01
6,27615,4323,1.0,4494,1172,26443,0.01
6,27621,4324,1.0,4495,1172,26449,0.01
8,27629,4325,1.0,4496,1173,26456,0.01
6,27635,4326,1.0,4497,1173,26462,0.01
6,27641,4327,1.0,4498,1173,26468,0.01
6,27647,4328,1.0,4499,1173,26474,0.01
6,27653,4329,1.0,4500,1173,26480,0.01
6,27659,4330,1.0,4501,1173,26486,0.01
6,27665,4331,1.0,4502,1173,26492,0.01
6,27671,4332,1.0,4503,1173,26498,0.01
6,27677,4333,1.0,4504,1174,26503,0.01
6,27683,4334,1.0,4505,1174,26509,0.01
6,27689,4335,1.0,4506,1174,26515,0.01
6,27695,4336,1.0,4507,1174,26521,0.01
6,27701,4337,1.0,4508,1175,26526,0.01
6,27707,4338,1.0,4509,1175,26532,0.01
6,27713,4339,1.0,4510,1175,26538,0.01
6,27719,4340,1.0,4511,1175,26544,0.01
6,27725,4341,1.0,4512,1175,26550,0.01
6,27731,4342,1.0,4513,1175,26556,0.01
6,27737,4343,1.0,4514,1175,26562,0.01
6,27743,4344,1.0,4515,1175,26568,0.01
6,27749,4345,1.0,4516,1175,26574,0.01
6,27755,4346,1.0,4517,1175,26580,0.01
6,27761,4347,1.0,4518,1175,26586,0.01
6,27767,4348,1.0,4519,1175,26592,0.01
6,27773,4349,1.0,4520,1175,26598,0.01
6,27779,4350,1.0,4521,1175,26604,0.01
6,27785,4351,1.0,4522,1175,26610,0.01
6,27791,4352,1.0,4523,1175,26616,0.01
6,27797,4353,1.0,4524,1175,26622,0.01
6,27803,4354,1.0,4525,1175,26628,0.01
6,27809,4355,1.0,4526,1175,26634,0.01
6,27815,4356,1.0,4527,1175,26640,0.01
6,27821,4357,1.0,4528,1175,26646,0.01
6,27827,4358,1.0,4529,1175,26652,0.01
6,27833,4359,1.0,4530,1175,26658,0.01
6,27839,4360,1.0,4531,1175,26664,0.01
6,27845,4361,1.0,4532,1175,26670,0.01
6,27851,4362,1.0,4533,1175,26676,0.01
6,27857,4363,1.0,4534,1175,26682,0.01
6,27863,4364,1.0,4535,1175,26688,0.01
6,27869,4365,1.0,4536,1175,26694,0.01
6,27875,4366,1.0,4537,1175,26700,0.01
6,27881,4367,1.0,4538,1175,26706,0.01
6,27887,4368,1.0,4539,1175,26712,0.01
6,27893,4369,1.0,4540,1175,26718,0.01
6,27899,4370,1.0,4541,1175,26724,0.01
6,27905,4371,1.0,4542,1175,26730,0.01
6,27911,4372,1.0,4543,1175,26736,0.01
8,27919,4373,1.0,4544,1177,26742,0.01
6,27925,4374,1.0,4545,1177,26748,0.01
6,27931,4375,1.0,4546,1177,26754,0.01
6,27937,4376,1.0,4547,1177,26760,0.01
6,27943,4377,1.0,4548,1177,26766,0.01
6,27949,4378,1.0,4549,1177,26772,0.01
6,27955,4379,1.0,4550,1177,26778,0.01
6,27961,4380,1.0,4551,1177,26784,0.01
6,27967,4381,1.0,4552,1177,26790,0.01
6,27973,4382,1.0,4553,1177,26796,0.01
6,27979,4383,1.0,4554,1177,26802,0.01
6,27985,4384,1.0,4555,1177,26808,0.01
6,27991,4385,1.0,4556,1177,26814,0.01
6,27997,4386,1.0,4557,1177,26820,0.01
6,28003,4387,1.0,4558,1177,26826,0.01
6,28009,4388,1.0,4559,1177,26832,0.01
6,28015,4389,1.0,4560,1177,26838,0.01
6,28021,4390,1.0,4561,1177,26844,0.01
6,28027,4391,1.0,4562,1177,26850,0.01
6,28033,4392,1.0,4563,1177,26856,0.01
6,28039,4393,1.0,4564,1177,26862,0.01
6,28045,4394,1.0,4565,1177,26868,0.01
6,28051,4395,1.0,4566,1177,26874,0.01
6,28057,4396,1.0,4567,1177,26880,0.01
6,28063,4397,1.0,4568,1177,26886,0.01
6,28069,4398,1.0,4569,1177,26892,0.01
6,28075,4399,1.0,4570,1177,26898,0.01
6,28081,4400,1.0,4571,1177,26904,0.01
6,28087,4401,1.0,4572,1177,26910,0.01
6,28093,4402,1.0,4573,1177,26916,0.01
6,28099,4403,1.0,4574,1177,26922,0.01
6,28105,4404,1.0,4575,1177,26928,0.01
6,28111,4405,1.0,4576,1177,26934,0.01
6,28117,4406,1.0,4577,1177,26940,0.01
6,28123,4407,1.0,4578,1177,26946,0.01
6,28129,4408,1.0,4579,1177,26952,0.01
6,28135,4409,1.0,4580,1177,26958,0.01
6,28141,4410,1.0,4581,1177,26964,0.01
6,28147,4411,1.0,4582,1177,26970,0.01
6,28153,4412,1.0,4583,1177,26976,0.01
6,28159,4413,1.0,4584,1177,26982,0.01
6,28165,4414,1.0,4585,1177,26988,0.01
6,28171,4415,1.0,4586,1177,26994,0.01
6,28177,4416,1.0,4587,1177,27000,0.01
6,28183,4417,1.0,4588,1177,27006,0.01
6,28189,4418,1.0,4589,1177,27012,0.01
6,28195,4419,1.0,4590,1177,27018,0.01
6,28201,4420,1.0,4591,1177,27024,0.01
6,28207,4421,1.0,4592,1177,27030,0.01
6,28213,4422,1.0,4593,1177,27036,0.01
6,28219,4423,1.0,4594,1177,27042,0.01
6,28225,4424,1.0,4595,1177,27048,0.01
6,28231,4425,1.0,4596,1177,27054,0.01
6,28237,4426,1.0,4597,1178,27059,0.01
6,28243,4427,1.0,4598,1178,27065,0.01
6,28249,4428,1.0,4599,1178,27071,0.01
6,28255,4429,1.0,4600,1178,27077,0.01
6,28261,4430,1.0,4601,1178,27083,0.01
6,28267,4431,1.0,4602,1178,27089,0.01
6,28273,4432,1.0,4603,1178,27095,0.01
6,28279,4433,1.0,4604,1178,27101,0.01
6,28285,4434,1.0,4605,1178,27107,0.01
6,28291,4435,1.0,4606,1178,27113,0.01
6,28297,4436,1.0,4607,1178,27119,0.01
6,28303,4437,1.0,4608,1178,27125,0.01
6,28309,4438,1.0,4609,1178,27131,0.01
6,28315,4439,1.0,4610,1178,27137,0.01
6,28321,4440,1.0,4611,1179,27142,0.01
6,28327,4441,1.0,4612,1179,27148,0.01
6,28333,4442,1.0,4613,1179,27154,0.01
6,28339,4443,1.0,4614,1179,27160,0.01
6,28345,4444,1.0,4615,1179,27166,0.01
6,28351,4445,1.0,4616,1179,27172,0.01
6,28357,4446,1.0,4617,1179,27178,0.01
6,28363,4447,1.0,4618,1179,27184,0.01
6,28369,4448,1.0,4619,1179,27190,0.01
6,28375,4449,1.0,4620,1179,27196,0.01
6,28381,4450,1.0,4621,1179,27202,0.01
6,28387,4451,1.0,4622,1179,27208,0.01
6,28393,4452,1.0,4623,1179,27214,0.01
6,28399,4453,1.0,4624,1179,27220,0.01
6,28405,4454,1.0,4625,1179,27226,0.01
6,28411,4455,1.0,4626,1179,27232,0.01
6,28417,4456,1.0,4627,1179,27238,0.01
6,28423,4457,1.0,4628,1179,27244,0.01
6,28429,4458,1.0,4629,1179,27250,0.01
7,28436,4459,1.0,4630,1180,27256,0.01
6,28442,4460,1.0,4631,1180,27262,0.01
6,28448,4461,1.0,4632,1180,27268,0.01
6,28454,4462,1.0,4633,1180,27274,0.01
6,28460,4463,1.0,4634,1180,27280,0.01
6,28466,4464,1.0,4635,1180,27286,0.01
6,28472,4465,1.0,4636,1180,27292,0.01
6,28478,4466,1.0,4637,1180,27298,0.01
6,28484,4467,1.0,4638,1180,27304,0.01
6,28490,4468,1.0,4639,1180,27310,0.01
6,28496,4469,1.0,4640,1180,27316,0.01
6,28502,4470,1.0,4641,1180,27322,0.01
6,28508,4471,1.0,4642,1180,27328,0.01
6,28514,4472,1.0,4643,1180,27334,0.01
6,28520,4473,1.0,4644,1180,27340,0.01
6,28526,4474,1.0,4645,1180,27346,0.01
6,28532,4475,1.0,4646,1180,27352,0.01
8,28540,4476,1.0,4647,1181,27359,0.01
6,28546,4477,1.0,4648,1181,27365,0.01
6,28552,4478,1.0,4649,1181,27371,0.01
6,28558,4479,1.0,4650,1181,27377,0.01
6,28564,4480,1.0,4651,1181,27383,0.01
6,28570,4481,1.0,4652,1181,27389,0.01
6,28576,4482,1.0,4653,1181,27395,0.01
5,28581,4482,0.0,4654,1183,27398,0.01
6,28587,4483,1.0,4655,1183,27404,0.01
8,28595,4484,1.0,4656,1184,27411,0.01
6,28601,4485,1.0,4657,1184,27417,0.01
6,28607,4486,1.0,4658,1184,27423,0.01
6,28613,4487,1.0,4659,1184,27429,0.01
6,28619,4488,1.0,4660,1184,27435,0.01
6,28625,4489,1.0,4661,1184,27441,0.01
6,28631,4490,1.0,4662,1184,27447,0.01
6,28637,4491,1.0,4663,1184,27453,0.01
6,28643,4492,1.0,4664,1184,27459,0.01
6,28649,4493,1.0,4665,1184,27465,0.01
6,28655,4494,1.0,4666,1184,27471,0.01
6,28661,4495,1.0,4667,1184,27477,0.01
6,28667,4496,1.0,4668,1184,27483,0.01
4,28671,4496,0.0,4669,1185,27486,0.01
6,28677,4497,1.0,4670,1185,27492,0.01
6,28683,4498,1.0,4671,1185,27498,0.01
6,28689,4499,1.0,4672,1185,27504,0.01
6,28695,4500,1.0,4673,1185,27510,0.01
6,28701,4501,1.0,4674,1185,27516,0.01
6,28707,4502,1.0,4675,1185,27522,0.01
6,28713,4503,1.0,4676,1185,27528,0.01
6,28719,4504,1.0,4677,1185,27534,0.01
6,28725,4505,1.0,4678,1185,27540,0.01
6,28731,4506,1.0,4679,1185,27546,0.01
6,28737,4507,1.0,4680,1185,27552,0.01
6,28743,4508,1.0,4681,1185,27558,0.01
6,28749,4509,1.0,4682,1185,27564,0.01
6,28755,4510,1.0,4683,1185,27570,0.01
6,28761,4511,1.0,4684,1185,27576,0.01
6,28767,4512,1.0,4685,1185,27582,0.01
6,28773,4513,1.0,4686,1185,27588,0.01
6,28779,4514,1.0,4687,1185,27594,0.01
5,28784,4514,0.0,4688,1186,27598,0.01
6,28790,4515,1.0,4689,1186,27604,0.01
6,28796,4516,1.0,4690,1186,27610,0.01
6,28802,4517,1.0,4691,1186,27616,0.01
6,28808,4518,1.0,4692,1186,27622,0.01
6,28814,4519,1.0,4693,1186,27628,0.01
6,28820,4520,1.0,4694,1186,27634,0.01
6,28826,4521,1.0,4695,1186,27640,0.01
6,28832,4522,1.0,4696,1186,27646,0.01
6,28838,4523,1.0,4697,1186,27652,0.01
6,28844,4524,1.0,4698,1186,27658,0.01
6,28850,4525,1.0,4699,1186,27664,0.01
6,28856,4526,1.0,4700,1186,27670,0.01
6,28862,4527,1.0,4701,1186,27676,0.01
6,28868,4528,1.0,4702,1186,27682,0.01
8,28876,4529,1.0,4703,1188,27688,0.01
6,28882,4530,1.0,4704,1188,27694,0.01
6,28888,4531,1.0,4705,1188,27700,0.01
6,28894,4532,1.0,4706,1188,27706,0.01
6,28900,4533,1.0,4707,1188,27712,0.01
6,28906,4534,1.0,4708,1188,27718,0.01
8,28914,4535,1.0,4709,1190,27724,0.01
6,28920,4536,1.0,4710,1190,27730,0.01
6,28926,4537,1.0,4711,1190,27736,0.01
6,28932,4538,1.0,4712,1190,27742,0.01
8,28940,4539,1.0,4713,1191,27749,0.01
6,28946,4540,1.0,4714,1191,27755,0.01
6,28952,4541,1.0,4715,1192,27760,0.01
6,28958,4542,1.0,4716,1192,27766,0.01
6,28964,4543,1.0,4717,1192,27772,0.01
6,28970,4544,1.0,4718,1192,27778,0.01
6,28976,4545,1.0,4719,1192,27784,0.01
6,28982,4546,1.0,4720,1192,27790,0.01
6,28988,4547,1.0,4721,1192,27796,0.01
6,28994,4548,1.0,4722,1193,27801,0.01
6,29000,4549,1.0,4723,1193,27807,0.01
6,29006,4550,1.0,4724,1193,27813,0.01
6,29012,4551,1.0,4725,1193,27819,0.01
6,29018,4552,1.0,4726,1193,27825,0.01
6,29024,4553,1.0,4727,1193,27831,0.01
6,29030,4554,1.0,4728,1193,27837,0.01
6,29036,4555,1.0,4729,1193,27843,0.01
6,29042,4556,1.0,4730,1193,27849,0.01
6,29048,4557,1.0,4731,1193,27855,0.01
6,29054,4558,1.0,4732,1193,27861,0.01
8,29062,4559,1.0,4733,1194,27868,0.01
6,29068,4560,1.0,4734,1194,27874,0.01
6,29074,4561,1.0,4735,1194,27880,0.01
6,29080,4562,1.0,4736,1194,27886,0.01
6,29086,4563,1.0,4737,1194,27892,0.01
6,29092,4564,1.0,4738,1194,27898,0.01
6,29098,4565,1.0,4739,1194,27904,0.01
6,29104,4566,1.0,4740,1194,27910,0.01
6,29110,4567,1.0,4741,1194,27916,0.01
6,29116,4568,1.0,4742,1194,27922,0.01
6,29122,4569,1.0,4743,1194,27928,0.01
6,29128,4570,1.0,4744,1194,27934,0.01
6,29134,4571,1.0,4745,1194,27940,0.01
6,29140,4572,1.0,4746,1194,27946,0.01
6,29146,4573,1.0,4747,1194,27952,0.01
6,29152,4574,1.0,4748,1194,27958,0.01
6,29158,4575,1.0,4749,1194,27964,0.01
6,29164,4576,1.0,4750,1194,27970,0.01
6,29170,4577,1.0,4751,1194,27976,0.01
6,29176,4578,1.0,4752,1194,27982,0.01
6,29182,4579,1.0,4753,1194,27988,0.01
6,29188,4580,1.0,4754,1194,27994,0.01
3,29191,4580,0.0,4755,1195,27996,0.01
6,29197,4581,1.0,4756,1195,28002,0.01
6,29203,4582,1.0,4757,1195,28008,0.01
6,29209,4583,1.0,4758,1195,28014,0.01
6,29215,4584,1.0,4759,1195,28020,0.01
6,29221,4585,1.0,4760,1195,28026,0.01
6,29227,4586,1.0,4761,1195,28032,0.01
6,29233,4587,1.0,4762,1195,28038,0.01
6,29239,4588,1.0,4763,1195,28044,0.01
6,29245,4589,1.0,4764,1195,28050,0.01
6,29251,4590,1.0,4765,1195,28056,0.01
6,29257,4591,1.0,4766,1195,28062,0.01
6,29263,4592,1.0,4767,1195,28068,0.01
6,29269,4593,1.0,4768,1195,28074,0.01
6,29275,4594,1.0,4769,1195,28080,0.01
6,29281,4595,1.0,4770,1195,28086,0.01
6,29287,4596,1.0,4771,1195,28092,0.01
6,29293,4597,1.0,4772,1195,28098,0.01
6,29299,4598,1.0,4773,1195,28104,0.01
6,29305,4599,1.0,4774,1195,28110,0.01
6,29311,4600,1.0,4775,1195,28116,0.01
6,29317,4601,1.0,4776,1195,28122,0.01
6,29323,4602,1.0,4777,1195,28128,0.01
6,29329,4603,1.0,4778,1195,28134,0.01
6,29335,4604,1.0,4779,1195,28140,0.01
6,29341,4605,1.0,4780,1195,28146,0.01
6,29347,4606,1.0,4781,1195,28152,0.01
6,29353,4607,1.0,4782,1195,28158,0.01
6,29359,4608,1.0,4783,1195,28164,0.01
6,29365,4609,1.0,4784,1195,28170,0.01
6,29371,4610,1.0,4785,1195,28176,0.01
6,29377,4611,1.0,4786,1195,28182,0.01
6,29383,4612,1.0,4787,1195,28188,0.01
6,29389,4613,1.0,4788,1195,28194,0.01
6,29395,4614,1.0,4789,1195,28200,0.01
6,29401,4615,1.0,4790,1195,28206,0.01
6,29407,4616,1.0,4791,1195,28212,0.01
6,29413,4617,1.0,4792,1195,28218,0.01
6,29419,4618,1.0,4793,1195,28224,0.01
6,29425,4619,1.0,4794,1195,28230,0.01
6,29431,4620,1.0,4795,1195,28236,0.01
6,29437,4621,1.0,4796,1195,28242,0.01
6,29443,4622,1.0,4797,1195,28248,0.01
8,29451,4623,1.0,4798,1196,28255,0.01
6,29457,4624,1.0,4799,1196,28261,0.01
6,29463,4625,1.0,4800,1196,28267,0.01
6,29469,4626,1.0,4801,1196,28273,0.01
6,29475,4627,1.0,4802,1196,28279,0.01
6,29481,4628,1.0,4803,1196,28285,0.01
6,29487,4629,1.0,4804,1196,28291,0.01
6,29493,4630,1.0,4805,1196,28297,0.01
6,29499,4631,1.0,4806,1196,28303,0.01
6,29505,4632,1.0,4807,1196,28309,0.01
6,29511,4633,1.0,4808,1196,28315,0.01
6,29517,4634,1.0,4809,1196,28321,0.01
6,29523,4635,1.0,4810,1196,28327,0.01
6,29529,4636,1.0,4811,1196,28333,0.01
6,29535,4637,1.0,4812,1196,28339,0.01
6,29541,4638,1.0,4813,1196,28345,0.01
6,29547,4639,1.0,4814,1196,28351,0.01
6,29553,4640,1.0,4815,1196,28357,0.01
6,29559,4641,1.0,4816,1196,28363,0.01
6,29565,4642,1.0,4817,1196,28369,0.01
6,29571,4643,1.0,4818,1196,28375,0.01
6,29577,4644,1.0,4819,1196,28381,0.01
6,29583,4645,1.0,4820,1196,28387,0.01
6,29589,4646,1.0,4821,1196,28393,0.01
6,29595,4647,1.0,4822,1196,28399,0.01
6,29601,4648,1.0,4823,1196,28405,0.01
6,29607,4649,1.0,4824,1196,28411,0.01
6,29613,4650,1.0,4825,1196,28417,0.01
6,29619,4651,1.0,4826,1196,28423,0.01
6,29625,4652,1.0,4827,1196,28429,0.01
6,29631,4653,1.0,4828,1196,28435,0.01
6,29637,4654,1.0,4829,1196,28441,0.01
6,29643,4655,1.0,4830,1196,28447,0.01
6,29649,4656,1.0,4831,1196,28453,0.01
6,29655,4657,1.0,4832,1196,28459,0.01
6,29661,4658,1.0,4833,1196,28465,0.01
8,29669,4659,1.0,4834,1197,28472,0.01
6,29675,4660,1.0,4835,1197,28478,0.01
6,29681,4661,1.0,4836,1197,28484,0.01
6,29687,4662,1.0,4837,1197,28490,0.01
6,29693,4663,1.0,4838,1197,28496,0.01
6,29699,4664,1.0,4839,1197,28502,0.01
6,29705,4665,1.0,4840,1197,28508,0.01
6,29711,4666,1.0,4841,1197,28514,0.01
6,29717,4667,1.0,4842,1197,28520,0.01
6,29723,4668,1.0,4843,1197,28526,0.01
6,29729,4669,1.0,4844,1198,28531,0.01
6,29735,4670,1.0,4845,1198,28537,0.01
6,29741,4671,1.0,4846,1198,28543,0.01
6,29747,4672,1.0,4847,1198,28549,0.01
6,29753,4673,1.0,4848,1198,28555,0.01
6,29759,4674,1.0,4849,1198,28561,0.01
6,29765,4675,1.0,4850,1198,28567,0.01
6,29771,4676,1.0,4851,1198,28573,0.01
6,29777,4677,1.0,4852,1198,28579,0.01
6,29783,4678,1.0,4853,1198,28585,0.01
6,29789,4679,1.0,4854,1198,28591,0.01
6,29795,4680,1.0,4855,1198,28597,0.01
6,29801,4681,1.0,4856,1198,28603,0.01
6,29807,4682,1.0,4857,1198,28609,0.01
6,29813,4683,1.0,4858,1198,28615,0.01
6,29819,4684,1.0,4859,1198,28621,0.01
6,29825,4685,1.0,4860,1198,28627,0.01
6,29831,4686,1.0,4861,1198,28633,0.01
6,29837,4687,1.0,4862,1198,28639,0.01
6,29843,4688,1.0,4863,1198,28645,0.01
6,29849,4689,1.0,4864,1198,28651,0.01
6,29855,4690,1.0,4865,1198,28657,0.01
6,29861,4691,1.0,4866,1198,28663,0.01
6,29867,4692,1.0,4867,1198,28669,0.01
6,29873,4693,1.0,4868,1198,28675,0.01
6,29879,4694,1.0,4869,1198,28681,0.01
6,29885,4695,1.0,4870,1198,28687,0.01
6,29891,4696,1.0,4871,1198,28693,0.01
6,29897,4697,1.0,4872,1198,28699,0.01
6,29903,4698,1.0,4873,1198,28705,0.01
6,29909,4699,1.0,4874,1198,28711,0.01
6,29915,4700,1.0,4875,1198,28717,0.01
6,29921,4701,1.0,4876,1198,28723,0.01
6,29927,4702,1.0,4877,1198,28729,0.01
6,29933,4703,1.0,4878,1198,28735,0.01
6,29939,4704,1.0,4879,1198,28741,0.01
6,29945,4705,1.0,4880,1198,28747,0.01
6,29951,4706,1.0,4881,1198,28753,0.01
6,29957,4707,1.0,4882,1198,28759,0.01
6,29963,4708,1.0,4883,1198,28765,0.01
6,29969,4709,1.0,4884,1198,28771,0.01
10,29979,4710,1.0,4885,1200,28779,0.01
6,29985,4711,1.0,4886,1200,28785,0.01
6,29991,4712,1.0,4887,1200,28791,0.01
6,29997,4713,1.0,4888,1200,28797,0.01
6,30003,4714,1.0,4889,1200,28803,0.01
6,30009,4715,1.0,4890,1200,28809,0.01
6,30015,4716,1.0,4891,1200,28815,0.01
6,30021,4717,1.0,4892,1200,28821,0.01
6,30027,4718,1.0,4893,1200,28827,0.01
6,30033,4719,1.0,4894,1200,28833,0.01
6,30039,4720,1.0,4895,1200,28839,0.01
6,30045,4721,1.0,4896,1200,28845,0.01
6,30051,4722,1.0,4897,1200,28851,0.01
6,30057,4723,1.0,4898,1200,28857,0.01
6,30063,4724,1.0,4899,1200,28863,0.01
6,30069,4725,1.0,4900,1200,28869,0.01
6,30075,4726,1.0,4901,1200,28875,0.01
6,30081,4727,1.0,4902,1200,28881,0.01
6,30087,4728,1.0,4903,1200,28887,0.01
6,30093,4729,1.0,4904,1200,28893,0.01
6,30099,4730,1.0,4905,1200,28899,0.01
6,30105,4731,1.0,4906,1200,28905,0.01
6,30111,4732,1.0,4907,1200,28911,0.01
6,30117,4733,1.0,4908,1200,28917,0.01
6,30123,4734,1.0,4909,1200,28923,0.01
6,30129,4735,1.0,4910,1200,28929,0.01
6,30135,4736,1.0,4911,1200,28935,0.01
6,30141,4737,1.0,4912,1200,28941,0.01
6,30147,4738,1.0,4913,1200,28947,0.01
6,30153,4739,1.0,4914,1200,28953,0.01
6,30159,4740,1.0,4915,1200,28959,0.01
6,30165,4741,1.0,4916,1200,28965,0.01
6,30171,4742,1.0,4917,1200,28971,0.01
6,30177,4743,1.0,4918,1200,28977,0.01
6,30183,4744,1.0,4919,1200,28983,0.01
6,30189,4745,1.0,4920,1200,28989,0.01
6,30195,4746,1.0,4921,1200,28995,0.01
6,30201,4747,1.0,4922,1200,29001,0.01
6,30207,4748,1.0,4923,1200,29007,0.01
6,30213,4749,1.0,4924,1200,29013,0.01
6,30219,4750,1.0,4925,1200,29019,0.01
6,30225,4751,1.0,4926,1200,29025,0.01
6,30231,4752,1.0,4927,1200,29031,0.01
6,30237,4753,1.0,4928,1200,29037,0.01
6,30243,4754,1.0,4929,1200,29043,0.01
6,30249,4755,1.0,4930,1200,29049,0.01
6,30255,4756,1.0,4931,1200,29055,0.01
6,30261,4757,1.0,4932,1200,29061,0.01
6,30267,4758,1.0,4933,1200,29067,0.01
6,30273,4759,1.0,4934,1200,29073,0.01
6,30279,4760,1.0,4935,1200,29079,0.01
6,30285,4761,1.0,4936,1200,29085,0.01
6,30291,4762,1.0,4937,1200,29091,0.01
6,30297,4763,1.0,4938,1200,29097,0.01
6,30303,4764,1.0,4939,1200,29103,0.01
6,30309,4765,1.0,4940,1200,29109,0.01
6,30315,4766,1.0,4941,1200,29115,0.01
6,30321,4767,1.0,4942,1200,29121,0.01
6,30327,4768,1.0,4943,1200,29127,0.01
6,30333,4769,1.0,4944,1200,29133,0.01
6,30339,4770,1.0,4945,1200,29139,0.01
6,30345,4771,1.0,4946,1200,29145,0.01
6,30351,4772,1.0,4947,1200,29151,0.01
6,30357,4773,1.0,4948,1200,29157,0.01
6,30363,4774,1.0,4949,1200,29163,0.01
6,30369,4775,1.0,4950,1200,29169,0.01
6,30375,4776,1.0,4951,1200,29175,0.01
6,30381,4777,1.0,4952,1200,29181,0.01
6,30387,4778,1.0,4953,1200,29187,0.01
6,30393,4779,1.0,4954,1200,29193,0.01
6,30399,4780,1.0,4955,1200,29199,0.01
6,30405,4781,1.0,4956,1200,29205,0.01
6,30411,4782,1.0,4957,1200,29211,0.01
6,30417,4783,1.0,4958,1200,29217,0.01
6,30423,4784,1.0,4959,1200,29223,0.01
6,30429,4785,1.0,4960,1200,29229,0.01
6,30435,4786,1.0,4961,1200,29235,0.01
6,30441,4787,1.0,4962,1200,29241,0.01
6,30447,4788,1.0,4963,1200,29247,0.01
6,30453,4789,1.0,4964,1200,29253,0.01
6,30459,4790,1.0,4965,1200,29259,0.01
6,30465,4791,1.0,4966,1200,29265,0.01
6,30471,4792,1.0,4967,1200,29271,0.01
6,30477,4793,1.0,4968,1200,29277,0.01
6,30483,4794,1.0,4969,1200,29283,0.01
6,30489,4795,1.0,4970,1200,29289,0.01
6,30495,4796,1.0,4971,1200,29295,0.01
6,30501,4797,1.0,4972,1200,29301,0.01
6,30507,4798,1.0,4973,1200,29307,0.01
6,30513,4799,1.0,4974,1200,29313,0.01
8,30521,4800,1.0,4975,1201,29320,0.01
6,30527,4801,1.0,4976,1201,29326,0.01
6,30533,4802,1.0,4977,1201,29332,0.01
6,30539,4803,1.0,4978,1201,29338,0.01
6,30545,4804,1.0,4979,1201,29344,0.01
6,30551,4805,1.0,4980,1201,29350,0.01
6,30557,4806,1.0,4981,1201,29356,0.01
6,30563,4807,1.0,4982,1201,29362,0.01
6,30569,4808,1.0,4983,1201,29368,0.01
6,30575,4809,1.0,4984,1201,29374,0.01
6,30581,4810,1.0,4985,1201,29380,0.01
6,30587,4811,1.0,4986,1201,29386,0.01
6,30593,4812,1.0,4987,1201,29392,0.01
6,30599,4813,1.0,4988,1201,29398,0.01
6,30605,4814,1.0,4989,1201,29404,0.01
6,30611,4815,1.0,4990,1201,29410,0.01
6,30617,4816,1.0,4991,1201,29416,0.01
6,30623,4817,1.0,4992,1201,29422,0.01
6,30629,4818,1.0,4993,1201,29428,0.01
6,30635,4819,1.0,4994,1201,29434,0.01
6,30641,4820,1.0,4995,1201,29440,0.01
6,30647,4821,1.0,4996,1201,29446,0.01
3,30650,4821,0.0,4997,1202,29448,0.01
6,30656,4822,1.0,4998,1202,29454,0.01
7,30663,4823,1.0,4999,1203,29460,0.01
6,30669,4824,1.0,5000,1203,29466,0.01
6,30675,4825,1.0,5001,1203,29472,0.01
6,30681,4826,1.0,5002,1203,29478,0.01
6,30687,4827,1.0,5003,1203,29484,0.01
6,30693,4828,1.0,5004,1203,29490,0.01
6,30699,4829,1.0,5005,1203,29496,0.01
6,30705,4830,1.0,5006,1203,29502,0.01
6,30711,4831,1.0,5007,1203,29508,0.01
6,30717,4832,1.0,5008,1203,29514,0.01
6,30723,4833,1.0,5009,1203,29520,0.01
6,30729,4834,1.0,5010,1203,29526,0.01
6,30735,4835,1.0,5011,1203,29532,0.01
6,30741,4836,1.0,5012,1203,29538,0.01
3,30744,4836,0.0,5013,1204,29540,0.01
6,30750,4837,1.0,5014,1204,29546,0.01
6,30756,4838,1.0,5015,1204,29552,0.01
6,30762,4839,1.0,5016,1204,29558,0.01
6,30768,4840,1.0,5017,1204,29564,0.01
6,30774,4841,1.0,5018,1204,29570,0.01
6,30780,4842,1.0,5019,1204,29576,0.01
6,30786,4843,1.0,5020,1204,29582,0.01
6,30792,4844,1.0,5021,1204,29588,0.01
6,30798,4845,1.0,5022,1204,29594,0.01
6,30804,4846,1.0,5023,1204,29600,0.01
6,30810,4847,1.0,5024,1204,29606,0.01
6,30816,4848,1.0,5025,1204,29612,0.01
6,30822,4849,1.0,5026,1204,29618,0.01
6,30828,4850,1.0,5027,1204,29624,0.01
6,30834,4851,1.0,5028,1204,29630,0.01
6,30840,4852,1.0,5029,1204,29636,0.01
6,30846,4853,1.0,5030,1204,29642,0.01
6,30852,4854,1.0,5031,1204,29648,0.01
6,30858,4855,1.0,5032,1204,29654,0.01
6,30864,4856,1.0,5033,1204,29660,0.01
6,30870,4857,1.0,5034,1204,29666,0.01
6,30876,4858,1.0,5035,1204,29672,0.01
8,30884,4859,1.0,5036,1205,29679,0.01
6,30890,4860,1.0,5037,1206,29684,0.01
6,30896,4861,1.0,5038,1206,29690,0.01
6,30902,4862,1.0,5039,1206,29696,0.01
6,30908,4863,1.0,5040,1206,29702,0.01
6,30914,4864,1.0,5041,1206,29708,0.01
6,30920,4865,1.0,5042,1206,29714,0.01
6,30926,4866,1.0,5043,1206,29720,0.01
6,30932,4867,1.0,5044,1206,29726,0.01
6,30938,4868,1.0,5045,1206,29732,0.01
6,30944,4869,1.0,5046,1206,29738,0.01
6,30950,4870,1.0,5047,1206,29744,0.01
6,30956,4871,1.0,5048,1206,29750,0.01
6,30962,4872,1.0,5049,1206,29756,0.01
6,30968,4873,1.0,5050,1206,29762,0.01
8,30976,4874,1.0,5051,1207,29769,0.01
6,30982,4875,1.0,5052,1207,29775,0.01
6,30988,4876,1.0,5053,1207,29781,0.01
6,30994,4877,1.0,5054,1207,29787,0.01
6,31000,4878,1.0,5055,1207,29793,0.01
6,31006,4879,1.0,5056,1207,29799,0.01
6,31012,4880,1.0,5057,1207,29805,0.01
6,31018,4881,1.0,5058,1207,29811,0.01
6,31024,4882,1.0,5059,1207,29817,0.01
6,31030,4883,1.0,5060,1207,29823,0.01
6,31036,4884,1.0,5061,1207,29829,0.01
6,31042,4885,1.0,5062,1207,29835,0.01
6,31048,4886,1.0,5063,1207,29841,0.01
6,31054,4887,1.0,5064,1207,29847,0.01
6,31060,4888,1.0,5065,1207,29853,0.01
6,31066,4889,1.0,5066,1207,29859,0.01
6,31072,4890,1.0,5067,1207,29865,0.01
6,31078,4891,1.0,5068,1207,29871,0.01
6,31084,4892,1.0,5069,1207,29877,0.01
6,31090,4893,1.0,5070,1207,29883,0.01
6,31096,4894,1.0,5071,1207,29889,0.01
6,31102,4895,1.0,5072,1207,29895,0.01
6,31108,4896,1.0,5073,1207,29901,0.01
6,31114,4897,1.0,5074,1207,29907,0.01
6,31120,4898,1.0,5075,1207,29913,0.01
6,31126,4899,1.0,5076,1207,29919,0.01
6,31132,4900,1.0,5077,1207,29925,0.01
6,31138,4901,1.0,5078,1207,29931,0.01
6,31144,4902,1.0,5079,1207,29937,0.01
6,31150,4903,1.0,5080,1207,29943,0.01
6,31156,4904,1.0,5081,1207,29949,0.01
6,31162,4905,1.0,5082,1207,29955,0.01
6,31168,4906,1.0,5083,1207,29961,0.01
6,31174,4907,1.0,5084,1207,29967,0.01
6,31180,4908,1.0,5085,1207,29973,0.01
6,31186,4909,1.0,5086,1207,29979,0.01
6,31192,4910,1.0,5087,1207,29985,0.01
6,31198,4911,1.0,5088,1207,29991,0.01
6,31204,4912,1.0,5089,1207,29997,0.01
6,31210,4913,1.0,5090,1207,30003,0.01
6,31216,4914,1.0,5091,1207,30009,0.01
6,31222,4915,1.0,5092,1207,30015,0.01
6,31228,4916,1.0,5093,1207,30021,0.01
6,31234,4917,1.0,5094,1207,30027,0.01
6,31240,4918,1.0,5095,1207,30033,0.01
6,31246,4919,1.0,5096,1207,30039,0.01
6,31252,4920,1.0,5097,1207,30045,0.01
6,31258,4921,1.0,5098,1207,30051,0.01
6,31264,4922,1.0,5099,1207,30057,0.01
6,31270,4923,1.0,5100,1207,30063,0.01
6,31276,4924,1.0,5101,1207,30069,0.01
6,31282,4925,1.0,5102,1207,30075,0.01
6,31288,4926,1.0,5103,1207,30081,0.01
6,31294,4927,1.0,5104,1207,30087,0.01
6,31300,4928,1.0,5105,1207,30093,0.01
6,31306,4929,1.0,5106,1207,30099,0.01
6,31312,4930,1.0,5107,1207,30105,0.01
6,31318,4931,1.0,5108,1207,30111,0.01
6,31324,4932,1.0,5109,1207,30117,0.01
6,31330,4933,1.0,5110,1207,30123,0.01
6,31336,4934,1.0,5111,1207,30129,0.01
6,31342,4935,1.0,5112,1207,30135,0.01
6,31348,4936,1.0,5113,1207,30141,0.01
6,31354,4937,1.0,5114,1207,30147,0.01
6,31360,4938,1.0,5115,1207,30153,0.01
6,31366,4939,1.0,5116,1207,30159,0.01
6,31372,4940,1.0,5117,1207,30165,0.01
6,31378,4941,1.0,5118,1207,30171,0.01
6,31384,4942,1.0,5119,1207,30177,0.01
6,31390,4943,1.0,5120,1207,30183,0.01
6,31396,4944,1.0,5121,1207,30189,0.01
6,31402,4945,1.0,5122,1207,30195,0.01
6,31408,4946,1.0,5123,1207,30201,0.01
6,31414,4947,1.0,5124,1207,30207,0.01
6,31420,4948,1.0,5125,1207,30213,0.01
6,31426,4949,1.0,5126,1207,30219,0.01
6,31432,4950,1.0,5127,1207,30225,0.01
6,31438,4951,1.0,5128,1207,30231,0.01
6,31444,4952,1.0,5129,1207,30237,0.01
6,31450,4953,1.0,5130,1207,30243,0.01
6,31456,4954,1.0,5131,1207,30249,0.01
6,31462,4955,1.0,5132,1207,30255,0.01
6,31468,4956,1.0,5133,1207,30261,0.01
6,31474,4957,1.0,5134,1207,30267,0.01
6,31480,4958,1.0,5135,1207,30273,0.01
6,31486,4959,1.0,5136,1207,30279,0.01
6,31492,4960,1.0,5137,1207,30285,0.01
6,31498,4961,1.0,5138,1207,30291,0.01
6,31504,4962,1.0,5139,1207,30297,0.01
6,31510,4963,1.0,5140,1207,30303,0.01
6,31516,4964,1.0,5141,1207,30309,0.01
6,31522,4965,1.0,5142,1207,30315,0.01
6,31528,4966,1.0,5143,1207,30321,0.01
6,31534,4967,1.0,5144,1207,30327,0.01
6,31540,4968,1.0,5145,1207,30333,0.01
6,31546,4969,1.0,5146,1207,30339,0.01
6,31552,4970,1.0,5147,1207,30345,0.01
6,31558,4971,1.0,5148,1207,30351,0.01
6,31564,4972,1.0,5149,1207,30357,0.01
6,31570,4973,1.0,5150,1207,30363,0.01
6,31576,4974,1.0,5151,1207,30369,0.01
6,31582,4975,1.0,5152,1207,30375,0.01
6,31588,4976,1.0,5153,1207,30381,0.01
6,31594,4977,1.0,5154,1207,30387,0.01
6,31600,4978,1.0,5155,1207,30393,0.01
6,31606,4979,1.0,5156,1207,30399,0.01
6,31612,4980,1.0,5157,1207,30405,0.01
6,31618,4981,1.0,5158,1207,30411,0.01
6,31624,4982,1.0,5159,1207,30417,0.01
6,31630,4983,1.0,5160,1207,30423,0.01
6,31636,4984,1.0,5161,1207,30429,0.01
6,31642,4985,1.0,5162,1207,30435,0.01
6,31648,4986,1.0,5163,1207,30441,0.01
6,31654,4987,1.0,5164,1207,30447,0.01
8,31662,4988,1.0,5165,1208,30454,0.01
6,31668,4989,1.0,5166,1208,30460,0.01
6,31674,4990,1.0,5167,1208,30466,0.01
6,31680,4991,1.0,5168,1208,30472,0.01
6,31686,4992,1.0,5169,1208,30478,0.01
6,31692,4993,1.0,5170,1208,30484,0.01
6,31698,4994,1.0,5171,1208,30490,0.01
6,31704,4995,1.0,5172,1208,30496,0.01
6,31710,4996,1.0,5173,1208,30502,0.01
6,31716,4997,1.0,5174,1208,30508,0.01
6,31722,4998,1.0,5175,1208,30514,0.01
6,31728,4999,1.0,5176,1208,30520,0.01
6,31734,5000,1.0,5177,1208,30526,0.01
6,31740,5001,1.0,5178,1208,30532,0.01
6,31746,5002,1.0,5179,1208,30538,0.01
6,31752,5003,1.0,5180,1208,30544,0.01
6,31758,5004,1.0,5181,1208,30550,0.01
2,31760,5004,0.0,5182,1209,30551,0.01
6,31766,5005,1.0,5183,1209,30557,0.01
6,31772,5006,1.0,5184,1209,30563,0.01
6,31778,5007,1.0,5185,1209,30569,0.01
6,31784,5008,1.0,5186,1209,30575,0.01
8,31792,5009,1.0,5187,1210,30582,0.01
6,31798,5010,1.0,5188,1210,30588,0.01
6,31804,5011,1.0,5189,1210,30594,0.01
6,31810,5012,1.0,5190,1210,30600,0.01
6,31816,5013,1.0,5191,1210,30606,0.01
6,31822,5014,1.0,5192,1210,30612,0.01
8,31830,5015,1.0,5193,1211,30619,0.01
6,31836,5016,1.0,5194,1211,30625,0.01
6,31842,5017,1.0,5195,1211,30631,0.01
6,31848,5018,1.0,5196,1211,30637,0.01
6,31854,5019,1.0,5197,1211,30643,0.01
6,31860,5020,1.0,5198,1211,30649,0.01
8,31868,5021,1.0,5199,1212,30656,0.01
6,31874,5022,1.0,5200,1212,30662,0.01
6,31880,5023,1.0,5201,1212,30668,0.01
6,31886,5024,1.0,5202,1212,30674,0.01
6,31892,5025,1.0,5203,1212,30680,0.01
6,31898,5026,1.0,5204,1212,30686,0.01
6,31904,5027,1.0,5205,1212,30692,0.01
6,31910,5028,1.0,5206,1212,30698,0.01
6,31916,5029,1.0,5207,1212,30704,0.01
6,31922,5030,1.0,5208,1212,30710,0.01
6,31928,5031,1.0,5209,1212,30716,0.01
6,31934,5032,1.0,5210,1212,30722,0.01
6,31940,5033,1.0,5211,1212,30728,0.01
6,31946,5034,1.0,5212,1212,30734,0.01
6,31952,5035,1.0,5213,1212,30740,0.01
6,31958,5036,1.0,5214,1212,30746,0.01
7,31965,5037,1.0,5215,1213,30752,0.01
2,31967,5037,0.0,5216,1214,30753,0.01
6,31973,5038,1.0,5217,1214,30759,0.01
6,31979,5039,1.0,5218,1214,30765,0.01
6,31985,5040,1.0,5219,1214,30771,0.01
6,31991,5041,1.0,5220,1214,30777,0.01
6,31997,5042,1.0,5221,1214,30783,0.01
6,32003,5043,1.0,5222,1214,30789,0.01
6,32009,5044,1.0,5223,1214,30795,0.01
6,32015,5045,1.0,5224,1214,30801,0.01
6,32021,5046,1.0,5225,1215,30806,0.01
6,32027,5047,1.0,5226,1215,30812,0.01
6,32033,5048,1.0,5227,1215,30818,0.01
6,32039,5049,1.0,5228,1215,30824,0.01
6,32045,5050,1.0,5229,1215,30830,0.01
6,32051,5051,1.0,5230,1215,30836,0.01
6,32057,5052,1.0,5231,1215,30842,0.01
6,32063,5053,1.0,5232,1215,30848,0.01
6,32069,5054,1.0,5233,1215,30854,0.01
6,32075,5055,1.0,5234,1215,30860,0.01
6,32081,5056,1.0,5235,1215,30866,0.01
6,32087,5057,1.0,5236,1215,30872,0.01
6,32093,5058,1.0,5237,1215,30878,0.01
6,32099,5059,1.0,5238,1216,30883,0.01
6,32105,5060,1.0,5239,1216,30889,0.01
6,32111,5061,1.0,5240,1216,30895,0.01
6,32117,5062,1.0,5241,1216,30901,0.01
7,32124,5063,1.0,5242,1217,30907,0.01
6,32130,5064,1.0,5243,1217,30913,0.01
6,32136,5065,1.0,5244,1217,30919,0.01
6,32142,5066,1.0,5245,1217,30925,0.01
6,32148,5067,1.0,5246,1217,30931,0.01
6,32154,5068,1.0,5247,1217,30937,0.01
6,32160,5069,1.0,5248,1217,30943,0.01
6,32166,5070,1.0,5249,1217,30949,0.01
6,32172,5071,1.0,5250,1218,30954,0.01
6,32178,5072,1.0,5251,1218,30960,0.01
6,32184,5073,1.0,5252,1218,30966,0.01
6,32190,5074,1.0,5253,1218,30972,0.01
6,32196,5075,1.0,5254,1218,30978,0.01
6,32202,5076,1.0,5255,1218,30984,0.01
6,32208,5077,1.0,5256,1218,30990,0.01
6,32214,5078,1.0,5257,1218,30996,0.01
6,32220,5079,1.0,5258,1218,31002,0.01
8,32228,5080,1.0,5259,1219,31009,0.01
6,32234,5081,1.0,5260,1219,31015,0.01
6,32240,5082,1.0,5261,1219,31021,0.01
6,32246,5083,1.0,5262,1219,31027,0.01
6,32252,5084,1.0,5263,1219,31033,0.01
6,32258,5085,1.0,5264,1219,31039,0.01
6,32264,5086,1.0,5265,1219,31045,0.01
6,32270,5087,1.0,5266,1219,31051,0.01
6,32276,5088,1.0,5267,1219,31057,0.01
6,32282,5089,1.0,5268,1219,31063,0.01
6,32288,5090,1.0,5269,1219,31069,0.01
6,32294,5091,1.0,5270,1219,31075,0.01
6,32300,5092,1.0,5271,1219,31081,0.01
6,32306,5093,1.0,5272,1219,31087,0.01
6,32312,5094,1.0,5273,1219,31093,0.01
6,32318,5095,1.0,5274,1219,31099,0.01
6,32324,5096,1.0,5275,1219,31105,0.01
6,32330,5097,1.0,5276,1219,31111,0.01
6,32336,5098,1.0,5277,1219,31117,0.01
6,32342,5099,1.0,5278,1219,31123,0.01
6,32348,5100,1.0,5279,1219,31129,0.01
6,32354,5101,1.0,5280,1219,31135,0.01
6,32360,5102,1.0,5281,1219,31141,0.01
6,32366,5103,1.0,5282,1219,31147,0.01
6,32372,5104,1.0,5283,1219,31153,0.01
6,32378,5105,1.0,5284,1219,31159,0.01
6,32384,5106,1.0,5285,1219,31165,0.01
6,32390,5107,1.0,5286,1219,31171,0.01
6,32396,5108,1.0,5287,1219,31177,0.01
6,32402,5109,1.0,5288,1219,31183,0.01
6,32408,5110,1.0,5289,1219,31189,0.01
6,32414,5111,1.0,5290,1219,31195,0.01
6,32420,5112,1.0,5291,1219,31201,0.01
6,32426,5113,1.0,5292,1219,31207,0.01
6,32432,5114,1.0,5293,1219,31213,0.01
6,32438,5115,1.0,5294,1219,31219,0.01
6,32444,5116,1.0,5295,1219,31225,0.01
6,32450,5117,1.0,5296,1219,31231,0.01
6,32456,5118,1.0,5297,1219,31237,0.01
6,32462,5119,1.0,5298,1219,31243,0.01
6,32468,5120,1.0,5299,1220,31248,0.01
6,32474,5121,1.0,5300,1220,31254,0.01
6,32480,5122,1.0,5301,1220,31260,0.01
6,32486,5123,1.0,5302,1220,31266,0.01
6,32492,5124,1.0,5303,1220,31272,0.01
6,32498,5125,1.0,5304,1220,31278,0.01
6,32504,5126,1.0,5305,1220,31284,0.01
6,32510,5127,1.0,5306,1220,31290,0.01
6,32516,5128,1.0,5307,1220,31296,0.01
6,32522,5129,1.0,5308,1220,31302,0.01
7,32529,5130,1.0,5309,1221,31308,0.01
8,32537,5131,1.0,5310,1222,31315,0.01
6,32543,5132,1.0,5311,1222,31321,0.01
6,32549,5133,1.0,5312,1222,31327,0.01
6,32555,5134,1.0,5313,1222,31333,0.01
6,32561,5135,1.0,5314,1222,31339,0.01
8,32569,5136,1.0,5315,1223,31346,0.01
6,32575,5137,1.0,5316,1223,31352,0.01
6,32581,5138,1.0,5317,1223,31358,0.01
6,32587,5139,1.0,5318,1223,31364,0.01
6,32593,5140,1.0,5319,1223,31370,0.01
6,32599,5141,1.0,5320,1223,31376,0.01
6,32605,5142,1.0,5321,1224,31381,0.01
6,32611,5143,1.0,5322,1224,31387,0.01
6,32617,5144,1.0,5323,1225,31392,0.01
6,32623,5145,1.0,5324,1225,31398,0.01
6,32629,5146,1.0,5325,1225,31404,0.01
6,32635,5147,1.0,5326,1225,31410,0.01
6,32641,5148,1.0,5327,1225,31416,0.01
4,32645,5148,0.0,5328,1226,31419,0.01
6,32651,5149,1.0,5329,1226,31425,0.01
6,32657,5150,1.0,5330,1226,31431,0.01
6,32663,5151,1.0,5331,1226,31437,0.01
6,32669,5152,1.0,5332,1226,31443,0.01
6,32675,5153,1.0,5333,1226,31449,0.01
6,32681,5154,1.0,5334,1226,31455,0.01
6,32687,5155,1.0,5335,1226,31461,0.01
6,32693,5156,1.0,5336,1226,31467,0.01
6,32699,5157,1.0,5337,1226,31473,0.01
6,32705,5158,1.0,5338,1226,31479,0.01
8,32713,5159,1.0,5339,1227,31486,0.01
6,32719,5160,1.0,5340,1227,31492,0.01
6,32725,5161,1.0,5341,1227,31498,0.01
6,32731,5162,1.0,5342,1227,31504,0.01
6,32737,5163,1.0,5343,1227,31510,0.01
6,32743,5164,1.0,5344,1227,31516,0.01
6,32749,5165,1.0,5345,1227,31522,0.01
6,32755,5166,1.0,5346,1227,31528,0.01
6,32761,5167,1.0,5347,1227,31534,0.01
6,32767,5168,1.0,5348,1227,31540,0.01
6,32773,5169,1.0,5349,1227,31546,0.01
6,32779,5170,1.0,5350,1227,31552,0.01
6,32785,5171,1.0,5351,1227,31558,0.01
6,32791,5172,1.0,5352,1227,31564,0.01
6,32797,5173,1.0,5353,1227,31570,0.01
6,32803,5174,1.0,5354,1227,31576,0.01
6,32809,5175,1.0,5355,1227,31582,0.01
6,32815,5176,1.0,5356,1227,31588,0.01
6,32821,5177,1.0,5357,1227,31594,0.01
6,32827,5178,1.0,5358,1227,31600,0.01
6,32833,5179,1.0,5359,1227,31606,0.01
6,32839,5180,1.0,5360,1227,31612,0.01
6,32845,5181,1.0,5361,1227,31618,0.01
6,32851,5182,1.0,5362,1227,31624,0.01
6,32857,5183,1.0,5363,1227,31630,0.01
6,32863,5184,1.0,5364,1227,31636,0.01
6,32869,5185,1.0,5365,1227,31642,0.01
6,32875,5186,1.0,5366,1227,31648,0.01
6,32881,5187,1.0,5367,1227,31654,0.01
6,32887,5188,1.0,5368,1227,31660,0.01
6,32893,5189,1.0,5369,1227,31666,0.01
6,32899,5190,1.0,5370,1227,31672,0.01
6,32905,5191,1.0,5371,1227,31678,0.01
6,32911,5192,1.0,5372,1227,31684,0.01
6,32917,5193,1.0,5373,1227,31690,0.01
6,32923,5194,1.0,5374,1227,31696,0.01
6,32929,5195,1.0,5375,1227,31702,0.01
6,32935,5196,1.0,5376,1227,31708,0.01
6,32941,5197,1.0,5377,1227,31714,0.01
6,32947,5198,1.0,5378,1227,31720,0.01
6,32953,5199,1.0,5379,1227,31726,0.01
6,32959,5200,1.0,5380,1227,31732,0.01
6,32965,5201,1.0,5381,1227,31738,0.01
6,32971,5202,1.0,5382,1227,31744,0.01
6,32977,5203,1.0,5383,1227,31750,0.01
6,32983,5204,1.0,5384,1227,31756,0.01
6,32989,5205,1.0,5385,1227,31762,0.01
6,32995,5206,1.0,5386,1227,31768,0.01
6,33001,5207,1.0,5387,1227,31774,0.01
6,33007,5208,1.0,5388,1227,31780,0.01
6,33013,5209,1.0,5389,1227,31786,0.01
6,33019,5210,1.0,5390,1227,31792,0.01
6,33025,5211,1.0,5391,1227,31798,0.01
6,33031,5212,1.0,5392,1227,31804,0.01
6,33037,5213,1.0,5393,1227,31810,0.01
6,33043,5214,1.0,5394,1227,31816,0.01
6,33049,5215,1.0,5395,1227,31822,0.01
6,33055,5216,1.0,5396,1227,31828,0.01
6,33061,5217,1.0,5397,1227,31834,0.01
6,33067,5218,1.0,5398,1227,31840,0.01
6,33073,5219,1.0,5399,1227,31846,0.01
6,33079,5220,1.0,5400,1227,31852,0.01
6,33085,5221,1.0,5401,1227,31858,0.01
6,33091,5222,1.0,5402,1227,31864,0.01
6,33097,5223,1.0,5403,1227,31870,0.01
6,33103,5224,1.0,5404,1227,31876,0.01
6,33109,5225,1.0,5405,1227,31882,0.01
6,33115,5226,1.0,5406,1227,31888,0.01
6,33121,5227,1.0,5407,1227,31894,0.01
6,33127,5228,1.0,5408,1227,31900,0.01
6,33133,5229,1.0,5409,1227,31906,0.01
6,33139,5230,1.0,5410,1227,31912,0.01
6,33145,5231,1.0,5411,1227,31918,0.01
6,33151,5232,1.0,5412,1227,31924,0.01
6,33157,5233,1.0,5413,1227,31930,0.01
6,33163,5234,1.0,5414,1227,31936,0.01
6,33169,5235,1.0,5415,1227,31942,0.01
6,33175,5236,1.0,5416,1227,31948,0.01
6,33181,5237,1.0,5417,1227,31954,0.01
6,33187,5238,1.0,5418,1227,31960,0.01
6,33193,5239,1.0,5419,1227,31966,0.01
7,33200,5240,1.0,5420,1228,31972,0.01
6,33206,5241,1.0,5421,1228,31978,0.01
6,33212,5242,1.0,5422,1228,31984,0.01
6,33218,5243,1.0,5423,1228,31990,0.01
6,33224,5244,1.0,5424,1228,31996,0.01
6,33230,5245,1.0,5425,1228,32002,0.01
6,33236,5246,1.0,5426,1228,32008,0.01
6,33242,5247,1.0,5427,1228,32014,0.01
6,33248,5248,1.0,5428,1228,32020,0.01
6,33254,5249,1.0,5429,1228,32026,0.01
6,33260,5250,1.0,5430,1228,32032,0.01
6,33266,5251,1.0,5431,1228,32038,0.01
6,33272,5252,1.0,5432,1228,32044,0.01
6,33278,5253,1.0,5433,1228,32050,0.01
6,33284,5254,1.0,5434,1228,32056,0.01
6,33290,5255,1.0,5435,1228,32062,0.01
6,33296,5256,1.0,5436,1228,32068,0.01
6,33302,5257,1.0,5437,1228,32074,0.01
6,33308,5258,1.0,5438,1228,32080,0.01
6,33314,5259,1.0,5439,1228,32086,0.01
6,33320,5260,1.0,5440,1228,32092,0.01
6,33326,5261,1.0,5441,1228,32098,0.01
6,33332,5262,1.0,5442,1228,32104,0.01
6,33338,5263,1.0,5443,1228,32110,0.01
6,33344,5264,1.0,5444,1228,32116,0.01
6,33350,5265,1.0,5445,1228,32122,0.01
6,33356,5266,1.0,5446,1228,32128,0.01
6,33362,5267,1.0,5447,1228,32134,0.01
6,33368,5268,1.0,5448,1228,32140,0.01
10,33378,5269,1.0,5449,1230,32148,0.01
6,33384,5270,1.0,5450,1230,32154,0.01
6,33390,5271,1.0,5451,1230,32160,0.01
6,33396,5272,1.0,5452,1230,32166,0.01
6,33402,5273,1.0,5453,1230,32172,0.01
6,33408,5274,1.0,5454,1230,32178,0.01
6,33414,5275,1.0,5455,1230,32184,0.01
6,33420,5276,1.0,5456,1230,32190,0.01
6,33426,5277,1.0,5457,1230,32196,0.01
6,33432,5278,1.0,5458,1230,32202,0.01
7,33439,5279,1.0,5459,1231,32208,0.01
6,33445,5280,1.0,5460,1231,32214,0.01
6,33451,5281,1.0,5461,1231,32220,0.01
6,33457,5282,1.0,5462,1231,32226,0.01
6,33463,5283,1.0,5463,1231,32232,0.01
6,33469,5284,1.0,5464,1231,32238,0.01
6,33475,5285,1.0,5465,1231,32244,0.01
6,33481,5286,1.0,5466,1231,32250,0.01
6,33487,5287,1.0,5467,1231,32256,0.01
6,33493,5288,1.0,5468,1231,32262,0.01
6,33499,5289,1.0,5469,1231,32268,0.01
6,33505,5290,1.0,5470,1231,32274,0.01
6,33511,5291,1.0,5471,1231,32280,0.01
6,33517,5292,1.0,5472,1231,32286,0.01
6,33523,5293,1.0,5473,1231,32292,0.01
6,33529,5294,1.0,5474,1231,32298,0.01
6,33535,5295,1.0,5475,1231,32304,0.01
6,33541,5296,1.0,5476,1231,32310,0.01
6,33547,5297,1.0,5477,1231,32316,0.01
6,33553,5298,1.0,5478,1231,32322,0.01
6,33559,5299,1.0,5479,1231,32328,0.01
6,33565,5300,1.0,5480,1231,32334,0.01
6,33571,5301,1.0,5481,1231,32340,0.01
6,33577,5302,1.0,5482,1231,32346,0.01
6,33583,5303,1.0,5483,1231,32352,0.01
6,33589,5304,1.0,5484,1231,32358,0.01
6,33595,5305,1.0,5485,1231,32364,0.01
6,33601,5306,1.0,5486,1231,32370,0.01
6,33607,5307,1.0,5487,1231,32376,0.01
6,33613,5308,1.0,5488,1231,32382,0.01
6,33619,5309,1.0,5489,1231,32388,0.01
6,33625,5310,1.0,5490,1231,32394,0.01
6,33631,5311,1.0,5491,1231,32400,0.01
6,33637,5312,1.0,5492,1231,32406,0.01
6,33643,5313,1.0,5493,1231,32412,0.01
6,33649,5314,1.0,5494,1231,32418,0.01
6,33655,5315,1.0,5495,1231,32424,0.01
6,33661,5316,1.0,5496,1231,32430,0.01
6,33667,5317,1.0,5497,1231,32436,0.01
6,33673,5318,1.0,5498,1231,32442,0.01
6,33679,5319,1.0,5499,1231,32448,0.01
6,33685,5320,1.0,5500,1231,32454,0.01
6,33691,5321,1.0,5501,1231,32460,0.01
6,33697,5322,1.0,5502,1231,32466,0.01
6,33703,5323,1.0,5503,1231,32472,0.01
6,33709,5324,1.0,5504,1231,32478,0.01
6,33715,5325,1.0,5505,1231,32484,0.01
6,33721,5326,1.0,5506,1231,32490,0.01
6,33727,5327,1.0,5507,1231,32496,0.01
6,33733,5328,1.0,5508,1231,32502,0.01
6,33739,5329,1.0,5509,1231,32508,0.01
6,33745,5330,1.0,5510,1231,32514,0.01
6,33751,5331,1.0,5511,1231,32520,0.01
6,33757,5332,1.0,5512,1231,32526,0.01
6,33763,5333,1.0,5513,1231,32532,0.01
6,33769,5334,1.0,5514,1231,32538,0.01
6,33775,5335,1.0,5515,1231,32544,0.01
6,33781,5336,1.0,5516,1231,32550,0.01
6,33787,5337,1.0,5517,1231,32556,0.01
6,33793,5338,1.0,5518,1231,32562,0.01
6,33799,5339,1.0,5519,1231,32568,0.01
6,33805,5340,1.0,5520,1231,32574,0.01
6,33811,5341,1.0,5521,1231,32580,0.01
6,33817,5342,1.0,5522,1231,32586,0.01
6,33823,5343,1.0,5523,1231,32592,0.01
6,33829,5344,1.0,5524,1231,32598,0.01
6,33835,5345,1.0,5525,1231,32604,0.01
6,33841,5346,1.0,5526,1231,32610,0.01
6,33847,5347,1.0,5527,1231,32616,0.01
6,33853,5348,1.0,5528,1231,32622,0.01
6,33859,5349,1.0,5529,1231,32628,0.01
6,33865,5350,1.0,5530,1231,32634,0.01
6,33871,5351,1.0,5531,1231,32640,0.01
6,33877,5352,1.0,5532,1231,32646,0.01
6,33883,5353,1.0,5533,1231,32652,0.01
6,33889,5354,1.0,5534,1231,32658,0.01
6,33895,5355,1.0,5535,1231,32664,0.01
6,33901,5356,1.0,5536,1231,32670,0.01
6,33907,5357,1.0,5537,1231,32676,0.01
6,33913,5358,1.0,5538,1231,32682,0.01
6,33919,5359,1.0,5539,1231,32688,0.01
6,33925,5360,1.0,5540,1231,32694,0.01
6,33931,5361,1.0,5541,1231,32700,0.01
6,33937,5362,1.0,5542,1231,32706,0.01
6,33943,5363,1.0,5543,1231,32712,0.01
6,33949,5364,1.0,5544,1231,32718,0.01
6,33955,5365,1.0,5545,1231,32724,0.01
6,33961,5366,1.0,5546,1231,32730,0.01
6,33967,5367,1.0,5547,1231,32736,0.01
6,33973,5368,1.0,5548,1231,32742,0.01
6,33979,5369,1.0,5549,1231,32748,0.01
6,33985,5370,1.0,5550,1231,32754,0.01
6,33991,5371,1.0,5551,1231,32760,0.01
8,33999,5372,1.0,5552,1233,32766,0.01
6,34005,5373,1.0,5553,1233,32772,0.01
6,34011,5374,1.0,5554,1233,32778,0.01
6,34017,5375,1.0,5555,1233,32784,0.01
6,34023,5376,1.0,5556,1233,32790,0.01
6,34029,5377,1.0,5557,1233,32796,0.01
6,34035,5378,1.0,5558,1233,32802,0.01
6,34041,5379,1.0,5559,1233,32808,0.01
7,34048,5380,1.0,5560,1234,32814,0.01
6,34054,5381,1.0,5561,1234,32820,0.01
6,34060,5382,1.0,5562,1234,32826,0.01
6,34066,5383,1.0,5563,1234,32832,0.01
6,34072,5384,1.0,5564,1234,32838,0.01
6,34078,5385,1.0,5565,1234,32844,0.01
6,34084,5386,1.0,5566,1234,32850,0.01
6,34090,5387,1.0,5567,1234,32856,0.01
6,34096,5388,1.0,5568,1234,32862,0.01
6,34102,5389,1.0,5569,1234,32868,0.01
6,34108,5390,1.0,5570,1234,32874,0.01
6,34114,5391,1.0,5571,1234,32880,0.01
6,34120,5392,1.0,5572,1234,32886,0.01
7,34127,5393,1.0,5573,1235,32892,0.01
6,34133,5394,1.0,5574,1235,32898,0.01
6,34139,5395,1.0,5575,1235,32904,0.01
6,34145,5396,1.0,5576,1235,32910,0.01
6,34151,5397,1.0,5577,1235,32916,0.01
6,34157,5398,1.0,5578,1235,32922,0.01
6,34163,5399,1.0,5579,1235,32928,0.01
6,34169,5400,1.0,5580,1235,32934,0.01
6,34175,5401,1.0,5581,1235,32940,0.01
6,34181,5402,1.0,5582,1235,32946,0.01
6,34187,5403,1.0,5583,1235,32952,0.01
6,34193,5404,1.0,5584,1235,32958,0.01
6,34199,5405,1.0,5585,1235,32964,0.01
6,34205,5406,1.0,5586,1235,32970,0.01
6,34211,5407,1.0,5587,1235,32976,0.01
6,34217,5408,1.0,5588,1235,32982,0.01
6,34223,5409,1.0,5589,1235,32988,0.01
6,34229,5410,1.0,5590,1235,32994,0.01
7,34236,5411,1.0,5591,1236,33000,0.01
6,34242,5412,1.0,5592,1236,33006,0.01
3,34245,5412,0.0,5593,1237,33008,0.01
6,34251,5413,1.0,5594,1237,33014,0.01
6,34257,5414,1.0,5595,1237,33020,0.01
6,34263,5415,1.0,5596,1237,33026,0.01
6,34269,5416,1.0,5597,1237,33032,0.01
6,34275,5417,1.0,5598,1237,33038,0.01
6,34281,5418,1.0,5599,1237,33044,0.01
6,34287,5419,1.0,5600,1237,33050,0.01
6,34293,5420,1.0,5601,1237,33056,0.01
6,34299,5421,1.0,5602,1237,33062,0.01
8,34307,5422,1.0,5603,1238,33069,0.01
6,34313,5423,1.0,5604,1238,33075,0.01
6,34319,5424,1.0,5605,1239,33080,0.01
6,34325,5425,1.0,5606,1239,33086,0.01
6,34331,5426,1.0,5607,1239,33092,0.01
6,34337,5427,1.0,5608,1239,33098,0.01
6,34343,5428,1.0,5609,1239,33104,0.01
6,34349,5429,1.0,5610,1239,33110,0.01
6,34355,5430,1.0,5611,1239,33116,0.01
6,34361,5431,1.0,5612,1239,33122,0.01
6,34367,5432,1.0,5613,1239,33128,0.01
6,34373,5433,1.0,5614,1239,33134,0.01
6,34379,5434,1.0,5615,1239,33140,0.01
6,34385,5435,1.0,5616,1239,33146,0.01
6,34391,5436,1.0,5617,1239,33152,0.01
6,34397,5437,1.0,5618,1239,33158,0.01
6,34403,5438,1.0,5619,1239,33164,0.01
6,34409,5439,1.0,5620,1239,33170,0.01
6,34415,5440,1.0,5621,1239,33176,0.01
6,34421,5441,1.0,5622,1239,33182,0.01
6,34427,5442,1.0,5623,1239,33188,0.01
6,34433,5443,1.0,5624,1239,33194,0.01
8,34441,5444,1.0,5625,1240,33201,0.01
6,34447,5445,1.0,5626,1240,33207,0.01
6,34453,5446,1.0,5627,1240,33213,0.01
6,34459,5447,1.0,5628,1240,33219,0.01
6,34465,5448,1.0,5629,1240,33225,0.01
6,34471,5449,1.0,5630,1240,33231,0.01
6,34477,5450,1.0,5631,1240,33237,0.01
6,34483,5451,1.0,5632,1240,33243,0.01
6,34489,5452,1.0,5633,1240,33249,0.01
6,34495,5453,1.0,5634,1240,33255,0.01
6,34501,5454,1.0,5635,1240,33261,0.01
6,34507,5455,1.0,5636,1240,33267,0.01
6,34513,5456,1.0,5637,1240,33273,0.01
6,34519,5457,1.0,5638,1240,33279,0.01
6,34525,5458,1.0,5639,1240,33285,0.01
6,34531,5459,1.0,5640,1240,33291,0.01
6,34537,5460,1.0,5641,1240,33297,0.01
6,34543,5461,1.0,5642,1240,33303,0.01
7,34550,5462,1.0,5643,1241,33309,0.01
6,34556,5463,1.0,5644,1241,33315,0.01
6,34562,5464,1.0,5645,1241,33321,0.01
6,34568,5465,1.0,5646,1241,33327,0.01
6,34574,5466,1.0,5647,1241,33333,0.01
6,34580,5467,1.0,5648,1241,33339,0.01
6,34586,5468,1.0,5649,1241,33345,0.01
6,34592,5469,1.0,5650,1241,33351,0.01
6,34598,5470,1.0,5651,1241,33357,0.01
6,34604,5471,1.0,5652,1241,33363,0.01
6,34610,5472,1.0,5653,1241,33369,0.01
6,34616,5473,1.0,5654,1241,33375,0.01
6,34622,5474,1.0,5655,1241,33381,0.01
6,34628,5475,1.0,5656,1241,33387,0.01
6,34634,5476,1.0,5657,1241,33393,0.01
6,34640,5477,1.0,5658,1241,33399,0.01
7,34647,5478,1.0,5659,1242,33405,0.01
6,34653,5479,1.0,5660,1242,33411,0.01
6,34659,5480,1.0,5661,1242,33417,0.01
6,34665,5481,1.0,5662,1242,33423,0.01
6,34671,5482,1.0,5663,1242,33429,0.01
6,34677,5483,1.0,5664,1242,33435,0.01
6,34683,5484,1.0,5665,1242,33441,0.01
6,34689,5485,1.0,5666,1242,33447,0.01
6,34695,5486,1.0,5667,1242,33453,0.01
6,34701,5487,1.0,5668,1242,33459,0.01
6,34707,5488,1.0,5669,1242,33465,0.01
6,34713,5489,1.0,5670,1242,33471,0.01
6,34719,5490,1.0,5671,1242,33477,0.01
6,34725,5491,1.0,5672,1242,33483,0.01
6,34731,5492,1.0,5673,1242,33489,0.01
6,34737,5493,1.0,5674,1242,33495,0.01
6,34743,5494,1.0,5675,1242,33501,0.01
6,34749,5495,1.0,5676,1242,33507,0.01
6,34755,5496,1.0,5677,1242,33513,0.01
6,34761,5497,1.0,5678,1242,33519,0.01
6,34767,5498,1.0,5679,1242,33525,0.01
6,34773,5499,1.0,5680,1242,33531,0.01
6,34779,5500,1.0,5681,1242,33537,0.01
6,34785,5501,1.0,5682,1242,33543,0.01
6,34791,5502,1.0,5683,1242,33549,0.01
6,34797,5503,1.0,5684,1242,33555,0.01
6,34803,5504,1.0,5685,1242,33561,0.01
6,34809,5505,1.0,5686,1242,33567,0.01
6,34815,5506,1.0,5687,1242,33573,0.01
6,34821,5507,1.0,5688,1242,33579,0.01
6,34827,5508,1.0,5689,1242,33585,0.01
6,34833,5509,1.0,5690,1242,33591,0.01
6,34839,5510,1.0,5691,1242,33597,0.01
6,34845,5511,1.0,5692,1242,33603,0.01
6,34851,5512,1.0,5693,1242,33609,0.01
6,34857,5513,1.0,5694,1242,33615,0.01
6,34863,5514,1.0,5695,1242,33621,0.01
6,34869,5515,1.0,5696,1242,33627,0.01
6,34875,5516,1.0,5697,1242,33633,0.01
6,34881,5517,1.0,5698,1242,33639,0.01
6,34887,5518,1.0,5699,1242,33645,0.01
6,34893,5519,1.0,5700,1242,33651,0.01
6,34899,5520,1.0,5701,1242,33657,0.01
6,34905,5521,1.0,5702,1243,33662,0.01
6,34911,5522,1.0,5703,1243,33668,0.01
6,34917,5523,1.0,5704,1243,33674,0.01
6,34923,5524,1.0,5705,1243,33680,0.01
6,34929,5525,1.0,5706,1243,33686,0.01
6,34935,5526,1.0,5707,1243,33692,0.01
7,34942,5527,1.0,5708,1244,33698,0.01
6,34948,5528,1.0,5709,1244,33704,0.01
7,34955,5529,1.0,5710,1245,33710,0.01
6,34961,5530,1.0,5711,1245,33716,0.01
6,34967,5531,1.0,5712,1245,33722,0.01
6,34973,5532,1.0,5713,1245,33728,0.01
6,34979,5533,1.0,5714,1245,33734,0.01
6,34985,5534,1.0,5715,1245,33740,0.01
6,34991,5535,1.0,5716,1245,33746,0.01
6,34997,5536,1.0,5717,1245,33752,0.01
6,35003,5537,1.0,5718,1245,33758,0.01
6,35009,5538,1.0,5719,1245,33764,0.01
6,35015,5539,1.0,5720,1245,33770,0.01
6,35021,5540,1.0,5721,1245,33776,0.01
6,35027,5541,1.0,5722,1245,33782,0.01
6,35033,5542,1.0,5723,1246,33787,0.01
6,35039,5543,1.0,5724,1246,33793,0.01
6,35045,5544,1.0,5725,1246,33799,0.01
6,35051,5545,1.0,5726,1246,33805,0.01
6,35057,5546,1.0,5727,1246,33811,0.01
6,35063,5547,1.0,5728,1246,33817,0.01
6,35069,5548,1.0,5729,1246,33823,0.01
6,35075,5549,1.0,5730,1246,33829,0.01
6,35081,5550,1.0,5731,1246,33835,0.01
6,35087,5551,1.0,5732,1246,33841,0.01
6,35093,5552,1.0,5733,1246,33847,0.01
6,35099,5553,1.0,5734,1246,33853,0.01
6,35105,5554,1.0,5735,1246,33859,0.01
6,35111,5555,1.0,5736,1246,33865,0.01
6,35117,5556,1.0,5737,1246,33871,0.01
6,35123,5557,1.0,5738,1246,33877,0.01
6,35129,5558,1.0,5739,1246,33883,0.01
6,35135,5559,1.0,5740,1246,33889,0.01
6,35141,5560,1.0,5741,1246,33895,0.01
6,35147,5561,1.0,5742,1246,33901,0.01
6,35153,5562,1.0,5743,1246,33907,0.01
6,35159,5563,1.0,5744,1246,33913,0.01
6,35165,5564,1.0,5745,1246,33919,0.01
5,35170,5564,0.0,5746,1247,33923,0.01
6,35176,5565,1.0,5747,1247,33929,0.01
6,35182,5566,1.0,5748,1247,33935,0.01
6,35188,5567,1.0,5749,1247,33941,0.01
6,35194,5568,1.0,5750,1247,33947,0.01
6,35200,5569,1.0,5751,1247,33953,0.01
6,35206,5570,1.0,5752,1247,33959,0.01
6,35212,5571,1.0,5753,1247,33965,0.01
6,35218,5572,1.0,5754,1247,33971,0.01
8,35226,5573,1.0,5755,1248,33978,0.01
6,35232,5574,1.0,5756,1248,33984,0.01
6,35238,5575,1.0,5757,1248,33990,0.01
7,35245,5576,1.0,5758,1249,33996,0.01
6,35251,5577,1.0,5759,1249,34002,0.01
6,35257,5578,1.0,5760,1249,34008,0.01
7,35264,5579,1.0,5761,1250,34014,0.01
6,35270,5580,1.0,5762,1250,34020,0.01
6,35276,5581,1.0,5763,1250,34026,0.01
6,35282,5582,1.0,5764,1250,34032,0.01
6,35288,5583,1.0,5765,1250,34038,0.01
6,35294,5584,1.0,5766,1250,34044,0.01
6,35300,5585,1.0,5767,1250,34050,0.01
6,35306,5586,1.0,5768,1250,34056,0.01
6,35312,5587,1.0,5769,1250,34062,0.01
6,35318,5588,1.0,5770,1250,34068,0.01
6,35324,5589,1.0,5771,1250,34074,0.01
6,35330,5590,1.0,5772,1250,34080,0.01
6,35336,5591,1.0,5773,1250,34086,0.01
6,35342,5592,1.0,5774,1250,34092,0.01
6,35348,5593,1.0,5775,1250,34098,0.01
6,35354,5594,1.0,5776,1250,34104,0.01
6,35360,5595,1.0,5777,1250,34110,0.01
6,35366,5596,1.0,5778,1250,34116,0.01
6,35372,5597,1.0,5779,1250,34122,0.01
6,35378,5598,1.0,5780,1250,34128,0.01
6,35384,5599,1.0,5781,1250,34134,0.01
6,35390,5600,1.0,5782,1250,34140,0.01
6,35396,5601,1.0,5783,1250,34146,0.01
6,35402,5602,1.0,5784,1250,34152,0.01
6,35408,5603,1.0,5785,1250,34158,0.01
6,35414,5604,1.0,5786,1250,34164,0.01
6,35420,5605,1.0,5787,1250,34170,0.01
6,35426,5606,1.0,5788,1250,34176,0.01
6,35432,5607,1.0,5789,1250,34182,0.01
6,35438,5608,1.0,5790,1250,34188,0.01
6,35444,5609,1.0,5791,1250,34194,0.01
6,35450,5610,1.0,5792,1250,34200,0.01
6,35456,5611,1.0,5793,1250,34206,0.01
8,35464,5612,1.0,5794,1251,34213,0.01
6,35470,5613,1.0,5795,1251,34219,0.01
6,35476,5614,1.0,5796,1251,34225,0.01
6,35482,5615,1.0,5797,1251,34231,0.01
6,35488,5616,1.0,5798,1251,34237,0.01
6,35494,5617,1.0,5799,1251,34243,0.01
6,35500,5618,1.0,5800,1251,34249,0.01
6,35506,5619,1.0,5801,1251,34255,0.01
6,35512,5620,1.0,5802,1251,34261,0.01
6,35518,5621,1.0,5803,1251,34267,0.01
6,35524,5622,1.0,5804,1251,34273,0.01
6,35530,5623,1.0,5805,1251,34279,0.01
6,35536,5624,1.0,5806,1251,34285,0.01
6,35542,5625,1.0,5807,1251,34291,0.01
6,35548,5626,1.0,5808,1251,34297,0.01
6,35554,5627,1.0,5809,1251,34303,0.01
6,35560,5628,1.0,5810,1251,34309,0.01
6,35566,5629,1.0,5811,1251,34315,0.01
8,35574,5630,1.0,5812,1252,34322,0.01
6,35580,5631,1.0,5813,1252,34328,0.01
6,35586,5632,1.0,5814,1252,34334,0.01
6,35592,5633,1.0,5815,1252,34340,0.01
6,35598,5634,1.0,5816,1252,34346,0.01
6,35604,5635,1.0,5817,1252,34352,0.01
6,35610,5636,1.0,5818,1252,34358,0.01
6,35616,5637,1.0,5819,1252,34364,0.01
6,35622,5638,1.0,5820,1252,34370,0.01
6,35628,5639,1.0,5821,1252,34376,0.01
6,35634,5640,1.0,5822,1252,34382,0.01
6,35640,5641,1.0,5823,1252,34388,0.01
6,35646,5642,1.0,5824,1252,34394,0.01
6,35652,5643,1.0,5825,1252,34400,0.01
6,35658,5644,1.0,5826,1252,34406,0.01
6,35664,5645,1.0,5827,1252,34412,0.01
6,35670,5646,1.0,5828,1252,34418,0.01
6,35676,5647,1.0,5829,1252,34424,0.01
6,35682,5648,1.0,5830,1252,34430,0.01
6,35688,5649,1.0,5831,1252,34436,0.01
6,35694,5650,1.0,5832,1252,34442,0.01
6,35700,5651,1.0,5833,1252,34448,0.01
6,35706,5652,1.0,5834,1252,34454,0.01
6,35712,5653,1.0,5835,1252,34460,0.01
6,35718,5654,1.0,5836,1252,34466,0.01
6,35724,5655,1.0,5837,1252,34472,0.01
6,35730,5656,1.0,5838,1252,34478,0.01
6,35736,5657,1.0,5839,1252,34484,0.01
6,35742,5658,1.0,5840,1252,34490,0.01
6,35748,5659,1.0,5841,1252,34496,0.01
6,35754,5660,1.0,5842,1252,34502,0.01
6,35760,5661,1.0,5843,1252,34508,0.01
6,35766,5662,1.0,5844,1252,34514,0.01
6,35772,5663,1.0,5845,1252,34520,0.01
6,35778,5664,1.0,5846,1252,34526,0.01
6,35784,5665,1.0,5847,1252,34532,0.01
6,35790,5666,1.0,5848,1252,34538,0.01
7,35797,5667,1.0,5849,1253,34544,0.01
6,35803,5668,1.0,5850,1253,34550,0.01
6,35809,5669,1.0,5851,1253,34556,0.01
6,35815,5670,1.0,5852,1253,34562,0.01
6,35821,5671,1.0,5853,1253,34568,0.01
6,35827,5672,1.0,5854,1253,34574,0.01
6,35833,5673,1.0,5855,1253,34580,0.01
6,35839,5674,1.0,5856,1253,34586,0.01
6,35845,5675,1.0,5857,1253,34592,0.01
6,35851,5676,1.0,5858,1253,34598,0.01
6,35857,5677,1.0,5859,1253,34604,0.01
6,35863,5678,1.0,5860,1253,34610,0.01
6,35869,5679,1.0,5861,1253,34616,0.01
6,35875,5680,1.0,5862,1253,34622,0.01
6,35881,5681,1.0,5863,1253,34628,0.01
6,35887,5682,1.0,5864,1253,34634,0.01
6,35893,5683,1.0,5865,1253,34640,0.01
6,35899,5684,1.0,5866,1253,34646,0.01
6,35905,5685,1.0,5867,1253,34652,0.01
6,35911,5686,1.0,5868,1253,34658,0.01
6,35917,5687,1.0,5869,1253,34664,0.01
6,35923,5688,1.0,5870,1253,34670,0.01
6,35929,5689,1.0,5871,1253,34676,0.01
6,35935,5690,1.0,5872,1253,34682,0.01
6,35941,5691,1.0,5873,1253,34688,0.01
6,35947,5692,1.0,5874,1253,34694,0.01
8,35955,5693,1.0,5875,1254,34701,0.01
6,35961,5694,1.0,5876,1254,34707,0.01
6,35967,5695,1.0,5877,1254,34713,0.01
6,35973,5696,1.0,5878,1254,34719,0.01
6,35979,5697,1.0,5879,1254,34725,0.01
6,35985,5698,1.0,5880,1254,34731,0.01
6,35991,5699,1.0,5881,1254,34737,0.01
6,35997,5700,1.0,5882,1254,34743,0.01
6,36003,5701,1.0,5883,1254,34749,0.01
6,36009,5702,1.0,5884,1254,34755,0.01
6,36015,5703,1.0,5885,1254,34761,0.01
6,36021,5704,1.0,5886,1254,34767,0.01
6,36027,5705,1.0,5887,1254,34773,0.01
6,36033,5706,1.0,5888,1254,34779,0.01
6,36039,5707,1.0,5889,1254,34785,0.01
6,36045,5708,1.0,5890,1254,34791,0.01
6,36051,5709,1.0,5891,1254,34797,0.01
6,36057,5710,1.0,5892,1254,34803,0.01
6,36063,5711,1.0,5893,1254,34809,0.01
6,36069,5712,1.0,5894,1254,34815,0.01
8,36077,5713,1.0,5895,1255,34822,0.01
6,36083,5714,1.0,5896,1255,34828,0.01
6,36089,5715,1.0,5897,1255,34834,0.01
6,36095,5716,1.0,5898,1255,34840,0.01
6,36101,5717,1.0,5899,1255,34846,0.01
6,36107,5718,1.0,5900,1255,34852,0.01
6,36113,5719,1.0,5901,1255,34858,0.01
6,36119,5720,1.0,5902,1255,34864,0.01
6,36125,5721,1.0,5903,1255,34870,0.01
6,36131,5722,1.0,5904,1255,34876,0.01
6,36137,5723,1.0,5905,1255,34882,0.01
6,36143,5724,1.0,5906,1255,34888,0.01
6,36149,5725,1.0,5907,1255,34894,0.01
6,36155,5726,1.0,5908,1255,34900,0.01
6,36161,5727,1.0,5909,1255,34906,0.01
6,36167,5728,1.0,5910,1255,34912,0.01
6,36173,5729,1.0,5911,1255,34918,0.01
6,36179,5730,1.0,5912,1255,34924,0.01
6,36185,5731,1.0,5913,1255,34930,0.01
6,36191,5732,1.0,5914,1255,34936,0.01
6,36197,5733,1.0,5915,1255,34942,0.01
8,36205,5734,1.0,5916,1256,34949,0.01
6,36211,5735,1.0,5917,1256,34955,0.01
6,36217,5736,1.0,5918,1256,34961,0.01
6,36223,5737,1.0,5919,1256,34967,0.01
6,36229,5738,1.0,5920,1256,34973,0.01
6,36235,5739,1.0,5921,1256,34979,0.01
6,36241,5740,1.0,5922,1256,34985,0.01
6,36247,5741,1.0,5923,1256,34991,0.01
6,36253,5742,1.0,5924,1256,34997,0.01
6,36259,5743,1.0,5925,1256,35003,0.01
6,36265,5744,1.0,5926,1256,35009,0.01
6,36271,5745,1.0,5927,1256,35015,0.01
6,36277,5746,1.0,5928,1256,35021,0.01
6,36283,5747,1.0,5929,1256,35027,0.01
6,36289,5748,1.0,5930,1256,35033,0.01
6,36295,5749,1.0,5931,1256,35039,0.01
6,36301,5750,1.0,5932,1256,35045,0.01
6,36307,5751,1.0,5933,1256,35051,0.01
6,36313,5752,1.0,5934,1256,35057,0.01
6,36319,5753,1.0,5935,1256,35063,0.01
6,36325,5754,1.0,5936,1256,35069,0.01
6,36331,5755,1.0,5937,1256,35075,0.01
6,36337,5756,1.0,5938,1256,35081,0.01
6,36343,5757,1.0,5939,1256,35087,0.01
6,36349,5758,1.0,5940,1256,35093,0.01
6,36355,5759,1.0,5941,1256,35099,0.01
6,36361,5760,1.0,5942,1256,35105,0.01
6,36367,5761,1.0,5943,1256,35111,0.01
6,36373,5762,1.0,5944,1256,35117,0.01
6,36379,5763,1.0,5945,1256,35123,0.01
7,36386,5764,1.0,5946,1257,35129,0.01
6,36392,5765,1.0,5947,1257,35135,0.01
6,36398,5766,1.0,5948,1257,35141,0.01
6,36404,5767,1.0,5949,1257,35147,0.01
6,36410,5768,1.0,5950,1257,35153,0.01
6,36416,5769,1.0,5951,1257,35159,0.01
6,36422,5770,1.0,5952,1257,35165,0.01
6,36428,5771,1.0,5953,1257,35171,0.01
6,36434,5772,1.0,5954,1257,35177,0.01
6,36440,5773,1.0,5955,1257,35183,0.01
6,36446,5774,1.0,5956,1257,35189,0.01
6,36452,5775,1.0,5957,1257,35195,0.01
6,36458,5776,1.0,5958,1257,35201,0.01
6,36464,5777,1.0,5959,1257,35207,0.01
6,36470,5778,1.0,5960,1257,35213,0.01
6,36476,5779,1.0,5961,1257,35219,0.01
6,36482,5780,1.0,5962,1257,35225,0.01
6,36488,5781,1.0,5963,1257,35231,0.01
6,36494,5782,1.0,5964,1257,35237,0.01
6,36500,5783,1.0,5965,1257,35243,0.01
6,36506,5784,1.0,5966,1257,35249,0.01
6,36512,5785,1.0,5967,1257,35255,0.01
6,36518,5786,1.0,5968,1257,35261,0.01
6,36524,5787,1.0,5969,1257,35267,0.01
6,36530,5788,1.0,5970,1257,35273,0.01
6,36536,5789,1.0,5971,1257,35279,0.01
6,36542,5790,1.0,5972,1257,35285,0.01
6,36548,5791,1.0,5973,1257,35291,0.01
6,36554,5792,1.0,5974,1257,35297,0.01
6,36560,5793,1.0,5975,1257,35303,0.01
6,36566,5794,1.0,5976,1257,35309,0.01
6,36572,5795,1.0,5977,1257,35315,0.01
6,36578,5796,1.0,5978,1257,35321,0.01
6,36584,5797,1.0,5979,1257,35327,0.01
6,36590,5798,1.0,5980,1257,35333,0.01
6,36596,5799,1.0,5981,1257,35339,0.01
6,36602,5800,1.0,5982,1257,35345,0.01
6,36608,5801,1.0,5983,1257,35351,0.01
6,36614,5802,1.0,5984,1257,35357,0.01
6,36620,5803,1.0,5985,1257,35363,0.01
6,36626,5804,1.0,5986,1257,35369,0.01
6,36632,5805,1.0,5987,1257,35375,0.01
6,36638,5806,1.0,5988,1257,35381,0.01
6,36644,5807,1.0,5989,1257,35387,0.01
6,36650,5808,1.0,5990,1258,35392,0.01
6,36656,5809,1.0,5991,1258,35398,0.01
6,36662,5810,1.0,5992,1258,35404,0.01
6,36668,5811,1.0,5993,1258,35410,0.01
6,36674,5812,1.0,5994,1258,35416,0.01
6,36680,5813,1.0,5995,1258,35422,0.01
6,36686,5814,1.0,5996,1258,35428,0.01
6,36692,5815,1.0,5997,1258,35434,0.01
6,36698,5816,1.0,5998,1258,35440,0.01
6,36704,5817,1.0,5999,1258,35446,0.01
6,36710,5818,1.0,6000,1258,35452,0.01
6,36716,5819,1.0,6001,1258,35458,0.01
6,36722,5820,1.0,6002,1258,35464,0.01
6,36728,5821,1.0,6003,1258,35470,0.01
6,36734,5822,1.0,6004,1258,35476,0.01
6,36740,5823,1.0,6005,1258,35482,0.01
6,36746,5824,1.0,6006,1258,35488,0.01
6,36752,5825,1.0,6007,1258,35494,0.01
6,36758,5826,1.0,6008,1258,35500,0.01
6,36764,5827,1.0,6009,1258,35506,0.01
6,36770,5828,1.0,6010,1258,35512,0.01
6,36776,5829,1.0,6011,1258,35518,0.01
6,36782,5830,1.0,6012,1258,35524,0.01
6,36788,5831,1.0,6013,1258,35530,0.01
6,36794,5832,1.0,6014,1258,35536,0.01
6,36800,5833,1.0,6015,1258,35542,0.01
6,36806,5834,1.0,6016,1258,35548,0.01
6,36812,5835,1.0,6017,1258,35554,0.01
6,36818,5836,1.0,6018,1258,35560,0.01
6,36824,5837,1.0,6019,1258,35566,0.01
6,36830,5838,1.0,6020,1258,35572,0.01
6,36836,5839,1.0,6021,1258,35578,0.01
6,36842,5840,1.0,6022,1258,35584,0.01
6,36848,5841,1.0,6023,1258,35590,0.01
6,36854,5842,1.0,6024,1258,35596,0.01
6,36860,5843,1.0,6025,1258,35602,0.01
6,36866,5844,1.0,6026,1258,35608,0.01
6,36872,5845,1.0,6027,1258,35614,0.01
6,36878,5846,1.0,6028,1258,35620,0.01
6,36884,5847,1.0,6029,1258,35626,0.01
6,36890,5848,1.0,6030,1258,35632,0.01
6,36896,5849,1.0,6031,1258,35638,0.01
6,36902,5850,1.0,6032,1258,35644,0.01
6,36908,5851,1.0,6033,1258,35650,0.01
6,36914,5852,1.0,6034,1258,35656,0.01
6,36920,5853,1.0,6035,1258,35662,0.01
6,36926,5854,1.0,6036,1258,35668,0.01
6,36932,5855,1.0,6037,1258,35674,0.01
6,36938,5856,1.0,6038,1258,35680,0.01
6,36944,5857,1.0,6039,1258,35686,0.01
6,36950,5858,1.0,6040,1258,35692,0.01
6,36956,5859,1.0,6041,1258,35698,0.01
6,36962,5860,1.0,6042,1258,35704,0.01
6,36968,5861,1.0,6043,1258,35710,0.01
6,36974,5862,1.0,6044,1258,35716,0.01
6,36980,5863,1.0,6045,1258,35722,0.01
6,36986,5864,1.0,6046,1258,35728,0.01
6,36992,5865,1.0,6047,1258,35734,0.01
7,36999,5866,1.0,6048,1259,35740,0.01
6,37005,5867,1.0,6049,1259,35746,0.01
6,37011,5868,1.0,6050,1259,35752,0.01
6,37017,5869,1.0,6051,1259,35758,0.01
6,37023,5870,1.0,6052,1259,35764,0.01
6,37029,5871,1.0,6053,1259,35770,0.01
6,37035,5872,1.0,6054,1259,35776,0.01
6,37041,5873,1.0,6055,1259,35782,0.01
6,37047,5874,1.0,6056,1259,35788,0.01
6,37053,5875,1.0,6057,1259,35794,0.01
6,37059,5876,1.0,6058,1259,35800,0.01
6,37065,5877,1.0,6059,1259,35806,0.01
6,37071,5878,1.0,6060,1259,35812,0.01
6,37077,5879,1.0,6061,1259,35818,0.01
6,37083,5880,1.0,6062,1259,35824,0.01
6,37089,5881,1.0,6063,1259,35830,0.01
6,37095,5882,1.0,6064,1259,35836,0.01
6,37101,5883,1.0,6065,1259,35842,0.01
6,37107,5884,1.0,6066,1259,35848,0.01
6,37113,5885,1.0,6067,1259,35854,0.01
6,37119,5886,1.0,6068,1259,35860,0.01
7,37126,5887,1.0,6069,1260,35866,0.01
6,37132,5888,1.0,6070,1260,35872,0.01
6,37138,5889,1.0,6071,1261,35877,0.01
6,37144,5890,1.0,6072,1261,35883,0.01
6,37150,5891,1.0,6073,1261,35889,0.01
6,37156,5892,1.0,6074,1261,35895,0.01
6,37162,5893,1.0,6075,1261,35901,0.01
5,37167,5893,0.0,6076,1262,35905,0.01
6,37173,5894,1.0,6077,1262,35911,0.01
6,37179,5895,1.0,6078,1262,35917,0.01
7,37186,5896,1.0,6079,1263,35923,0.01
6,37192,5897,1.0,6080,1263,35929,0.01
9,37201,5898,1.0,6081,1265,35936,0.01
6,37207,5899,1.0,6082,1265,35942,0.01
6,37213,5900,1.0,6083,1265,35948,0.01
6,37219,5901,1.0,6084,1265,35954,0.01
6,37225,5902,1.0,6085,1265,35960,0.01
6,37231,5903,1.0,6086,1265,35966,0.01
6,37237,5904,1.0,6087,1265,35972,0.01
6,37243,5905,1.0,6088,1265,35978,0.01
6,37249,5906,1.0,6089,1265,35984,0.01
6,37255,5907,1.0,6090,1265,35990,0.01
6,37261,5908,1.0,6091,1265,35996,0.01
6,37267,5909,1.0,6092,1265,36002,0.01
6,37273,5910,1.0,6093,1265,36008,0.01
6,37279,5911,1.0,6094,1265,36014,0.01
6,37285,5912,1.0,6095,1265,36020,0.01
6,37291,5913,1.0,6096,1265,36026,0.01
6,37297,5914,1.0,6097,1265,36032,0.01
6,37303,5915,1.0,6098,1265,36038,0.01
6,37309,5916,1.0,6099,1265,36044,0.01
6,37315,5917,1.0,6100,1265,36050,0.01
6,37321,5918,1.0,6101,1265,36056,0.01
6,37327,5919,1.0,6102,1265,36062,0.01
6,37333,5920,1.0,6103,1265,36068,0.01
6,37339,5921,1.0,6104,1265,36074,0.01
6,37345,5922,1.0,6105,1265,36080,0.01
6,37351,5923,1.0,6106,1265,36086,0.01
6,37357,5924,1.0,6107,1265,36092,0.01
6,37363,5925,1.0,6108,1265,36098,0.01
6,37369,5926,1.0,6109,1265,36104,0.01
6,37375,5927,1.0,6110,1265,36110,0.01
6,37381,5928,1.0,6111,1265,36116,0.01
6,37387,5929,1.0,6112,1265,36122,0.01
6,37393,5930,1.0,6113,1265,36128,0.01
6,37399,5931,1.0,6114,1265,36134,0.01
6,37405,5932,1.0,6115,1265,36140,0.01
6,37411,5933,1.0,6116,1265,36146,0.01
6,37417,5934,1.0,6117,1265,36152,0.01
6,37423,5935,1.0,6118,1265,36158,0.01
5,37428,5935,0.0,6119,1266,36162,0.01
6,37434,5936,1.0,6120,1266,36168,0.01
6,37440,5937,1.0,6121,1266,36174,0.01
6,37446,5938,1.0,6122,1266,36180,0.01
6,37452,5939,1.0,6123,1266,36186,0.01
6,37458,5940,1.0,6124,1266,36192,0.01
6,37464,5941,1.0,6125,1266,36198,0.01
6,37470,5942,1.0,6126,1266,36204,0.01
6,37476,5943,1.0,6127,1266,36210,0.01
6,37482,5944,1.0,6128,1266,36216,0.01
6,37488,5945,1.0,6129,1266,36222,0.01
6,37494,5946,1.0,6130,1266,36228,0.01
6,37500,5947,1.0,6131,1266,36234,0.01
6,37506,5948,1.0,6132,1266,36240,0.01
6,37512,5949,1.0,6133,1266,36246,0.01
6,37518,5950,1.0,6134,1266,36252,0.01
6,37524,5951,1.0,6135,1266,36258,0.01
6,37530,5952,1.0,6136,1266,36264,0.01
6,37536,5953,1.0,6137,1266,36270,0.01
6,37542,5954,1.0,6138,1266,36276,0.01
6,37548,5955,1.0,6139,1266,36282,0.01
6,37554,5956,1.0,6140,1266,36288,0.01
6,37560,5957,1.0,6141,1266,36294,0.01
6,37566,5958,1.0,6142,1266,36300,0.01
6,37572,5959,1.0,6143,1266,36306,0.01
6,37578,5960,1.0,6144,1266,36312,0.01
7,37585,5961,1.0,6145,1267,36318,0.01
6,37591,5962,1.0,6146,1267,36324,0.01
6,37597,5963,1.0,6147,1267,36330,0.01
6,37603,5964,1.0,6148,1267,36336,0.01
7,37610,5965,1.0,6149,1268,36342,0.01
6,37616,5966,1.0,6150,1268,36348,0.01
6,37622,5967,1.0,6151,1268,36354,0.01
6,37628,5968,1.0,6152,1268,36360,0.01
6,37634,5969,1.0,6153,1268,36366,0.01
6,37640,5970,1.0,6154,1268,36372,0.01
6,37646,5971,1.0,6155,1268,36378,0.01
6,37652,5972,1.0,6156,1268,36384,0.01
6,37658,5973,1.0,6157,1268,36390,0.01
6,37664,5974,1.0,6158,1268,36396,0.01
6,37670,5975,1.0,6159,1268,36402,0.01
6,37676,5976,1.0,6160,1268,36408,0.01
6,37682,5977,1.0,6161,1268,36414,0.01
6,37688,5978,1.0,6162,1268,36420,0.01
6,37694,5979,1.0,6163,1268,36426,0.01
6,37700,5980,1.0,6164,1268,36432,0.01
6,37706,5981,1.0,6165,1268,36438,0.01
6,37712,5982,1.0,6166,1268,36444,0.01
6,37718,5983,1.0,6167,1268,36450,0.01
6,37724,5984,1.0,6168,1268,36456,0.01
6,37730,5985,1.0,6169,1268,36462,0.01
6,37736,5986,1.0,6170,1268,36468,0.01
6,37742,5987,1.0,6171,1268,36474,0.01
6,37748,5988,1.0,6172,1268,36480,0.01
6,37754,5989,1.0,6173,1268,36486,0.01
6,37760,5990,1.0,6174,1268,36492,0.01
6,37766,5991,1.0,6175,1268,36498,0.01
6,37772,5992,1.0,6176,1268,36504,0.01
6,37778,5993,1.0,6177,1268,36510,0.01
6,37784,5994,1.0,6178,1268,36516,0.01
6,37790,5995,1.0,6179,1268,36522,0.01
6,37796,5996,1.0,6180,1268,36528,0.01
6,37802,5997,1.0,6181,1268,36534,0.01
6,37808,5998,1.0,6182,1268,36540,0.01
6,37814,5999,1.0,6183,1268,36546,0.01
6,37820,6000,1.0,6184,1268,36552,0.01
6,37826,6001,1.0,6185,1268,36558,0.01
6,37832,6002,1.0,6186,1268,36564,0.01
6,37838,6003,1.0,6187,1268,36570,0.01
6,37844,6004,1.0,6188,1268,36576,0.01
6,37850,6005,1.0,6189,1268,36582,0.01
6,37856,6006,1.0,6190,1268,36588,0.01
6,37862,6007,1.0,6191,1268,36594,0.01
6,37868,6008,1.0,6192,1268,36600,0.01
6,37874,6009,1.0,6193,1268,36606,0.01
6,37880,6010,1.0,6194,1268,36612,0.01
6,37886,6011,1.0,6195,1268,36618,0.01
6,37892,6012,1.0,6196,1268,36624,0.01
6,37898,6013,1.0,6197,1268,36630,0.01
6,37904,6014,1.0,6198,1268,36636,0.01
6,37910,6015,1.0,6199,1268,36642,0.01
6,37916,6016,1.0,6200,1268,36648,0.01
6,37922,6017,1.0,6201,1268,36654,0.01
6,37928,6018,1.0,6202,1268,36660,0.01
5,37933,6018,0.0,6203,1269,36664,0.01
6,37939,6019,1.0,6204,1269,36670,0.01
6,37945,6020,1.0,6205,1269,36676,0.01
6,37951,6021,1.0,6206,1269,36682,0.01
6,37957,6022,1.0,6207,1269,36688,0.01
6,37963,6023,1.0,6208,1269,36694,0.01
6,37969,6024,1.0,6209,1269,36700,0.01
6,37975,6025,1.0,6210,1269,36706,0.01
6,37981,6026,1.0,6211,1269,36712,0.01
6,37987,6027,1.0,6212,1269,36718,0.01
6,37993,6028,1.0,6213,1269,36724,0.01
6,37999,6029,1.0,6214,1269,36730,0.01
6,38005,6030,1.0,6215,1269,36736,0.01
6,38011,6031,1.0,6216,1269,36742,0.01
6,38017,6032,1.0,6217,1269,36748,0.01
6,38023,6033,1.0,6218,1269,36754,0.01
6,38029,6034,1.0,6219,1269,36760,0.01
6,38035,6035,1.0,6220,1269,36766,0.01
6,38041,6036,1.0,6221,1269,36772,0.01
6,38047,6037,1.0,6222,1269,36778,0.01
6,38053,6038,1.0,6223,1269,36784,0.01
6,38059,6039,1.0,6224,1269,36790,0.01
6,38065,6040,1.0,6225,1269,36796,0.01
6,38071,6041,1.0,6226,1269,36802,0.01
6,38077,6042,1.0,6227,1269,36808,0.01
6,38083,6043,1.0,6228,1269,36814,0.01
6,38089,6044,1.0,6229,1269,36820,0.01
6,38095,6045,1.0,6230,1269,36826,0.01
6,38101,6046,1.0,6231,1269,36832,0.01
6,38107,6047,1.0,6232,1269,36838,0.01
6,38113,6048,1.0,6233,1269,36844,0.01
6,38119,6049,1.0,6234,1269,36850,0.01
6,38125,6050,1.0,6235,1269,36856,0.01
6,38131,6051,1.0,6236,1270,36861,0.01
6,38137,6052,1.0,6237,1270,36867,0.01
6,38143,6053,1.0,6238,1270,36873,0.01
6,38149,6054,1.0,6239,1270,36879,0.01
6,38155,6055,1.0,6240,1270,36885,0.01
6,38161,6056,1.0,6241,1270,36891,0.01
6,38167,6057,1.0,6242,1270,36897,0.01
6,38173,6058,1.0,6243,1270,36903,0.01
6,38179,6059,1.0,6244,1270,36909,0.01
6,38185,6060,1.0,6245,1270,36915,0.01
6,38191,6061,1.0,6246,1270,36921,0.01
6,38197,6062,1.0,6247,1270,36927,0.01
6,38203,6063,1.0,6248,1270,36933,0.01
6,38209,6064,1.0,6249,1270,36939,0.01
6,38215,6065,1.0,6250,1270,36945,0.01
6,38221,6066,1.0,6251,1270,36951,0.01
6,38227,6067,1.0,6252,1270,36957,0.01
6,38233,6068,1.0,6253,1270,36963,0.01
6,38239,6069,1.0,6254,1270,36969,0.01
6,38245,6070,1.0,6255,1270,36975,0.01
6,38251,6071,1.0,6256,1270,36981,0.01
6,38257,6072,1.0,6257,1270,36987,0.01
6,38263,6073,1.0,6258,1270,36993,0.01
6,38269,6074,1.0,6259,1270,36999,0.01
6,38275,6075,1.0,6260,1270,37005,0.01
6,38281,6076,1.0,6261,1270,37011,0.01
6,38287,6077,1.0,6262,1270,37017,0.01
6,38293,6078,1.0,6263,1270,37023,0.01
6,38299,6079,1.0,6264,1270,37029,0.01
6,38305,6080,1.0,6265,1270,37035,0.01
6,38311,6081,1.0,6266,1270,37041,0.01
6,38317,6082,1.0,6267,1270,37047,0.01
6,38323,6083,1.0,6268,1270,37053,0.01
6,38329,6084,1.0,6269,1270,37059,0.01
6,38335,6085,1.0,6270,1270,37065,0.01
6,38341,6086,1.0,6271,1270,37071,0.01
6,38347,6087,1.0,6272,1270,37077,0.01
6,38353,6088,1.0,6273,1270,37083,0.01
8,38361,6089,1.0,6274,1271,37090,0.01
6,38367,6090,1.0,6275,1271,37096,0.01
6,38373,6091,1.0,6276,1271,37102,0.01
6,38379,6092,1.0,6277,1271,37108,0.01
6,38385,6093,1.0,6278,1271,37114,0.01
6,38391,6094,1.0,6279,1271,37120,0.01
6,38397,6095,1.0,6280,1271,37126,0.01
6,38403,6096,1.0,6281,1271,37132,0.01
6,38409,6097,1.0,6282,1271,37138,0.01
6,38415,6098,1.0,6283,1271,37144,0.01
6,38421,6099,1.0,6284,1271,37150,0.01
6,38427,6100,1.0,6285,1271,37156,0.01
4,38431,6100,0.0,6286,1272,37159,0.01
6,38437,6101,1.0,6287,1272,37165,0.01
6,38443,6102,1.0,6288,1272,37171,0.01
6,38449,6103,1.0,6289,1272,37177,0.01
6,38455,6104,1.0,6290,1272,37183,0.01
6,38461,6105,1.0,6291,1272,37189,0.01
6,38467,6106,1.0,6292,1272,37195,0.01
6,38473,6107,1.0,6293,1272,37201,0.01
6,38479,6108,1.0,6294,1272,37207,0.01
6,38485,6109,1.0,6295,1272,37213,0.01
6,38491,6110,1.0,6296,1272,37219,0.01
6,38497,6111,1.0,6297,1272,37225,0.01
6,38503,6112,1.0,6298,1272,37231,0.01
6,38509,6113,1.0,6299,1272,37237,0.01
6,38515,6114,1.0,6300,1272,37243,0.01
6,38521,6115,1.0,6301,1272,37249,0.01
6,38527,6116,1.0,6302,1272,37255,0.01
6,38533,6117,1.0,6303,1272,37261,0.01
6,38539,6118,1.0,6304,1272,37267,0.01
6,38545,6119,1.0,6305,1272,37273,0.01
6,38551,6120,1.0,6306,1272,37279,0.01
6,38557,6121,1.0,6307,1272,37285,0.01
6,38563,6122,1.0,6308,1272,37291,0.01
6,38569,6123,1.0,6309,1272,37297,0.01
6,38575,6124,1.0,6310,1272,37303,0.01
6,38581,6125,1.0,6311,1272,37309,0.01
6,38587,6126,1.0,6312,1272,37315,0.01
6,38593,6127,1.0,6313,1272,37321,0.01
6,38599,6128,1.0,6314,1272,37327,0.01
6,38605,6129,1.0,6315,1272,37333,0.01
6,38611,6130,1.0,6316,1272,37339,0.01
6,38617,6131,1.0,6317,1272,37345,0.01
6,38623,6132,1.0,6318,1272,37351,0.01
6,38629,6133,1.0,6319,1272,37357,0.01
4,38633,6133,0.0,6320,1273,37360,0.01
6,38639,6134,1.0,6321,1273,37366,0.01
6,38645,6135,1.0,6322,1273,37372,0.01
6,38651,6136,1.0,6323,1273,37378,0.01
6,38657,6137,1.0,6324,1273,37384,0.01
6,38663,6138,1.0,6325,1273,37390,0.01
6,38669,6139,1.0,6326,1273,37396,0.01
6,38675,6140,1.0,6327,1273,37402,0.01
6,38681,6141,1.0,6328,1273,37408,0.01
6,38687,6142,1.0,6329,1273,37414,0.01
6,38693,6143,1.0,6330,1273,37420,0.01
6,38699,6144,1.0,6331,1273,37426,0.01
6,38705,6145,1.0,6332,1273,37432,0.01
6,38711,6146,1.0,6333,1273,37438,0.01
6,38717,6147,1.0,6334,1273,37444,0.01
6,38723,6148,1.0,6335,1273,37450,0.01
6,38729,6149,1.0,6336,1273,37456,0.01
6,38735,6150,1.0,6337,1273,37462,0.01
6,38741,6151,1.0,6338,1273,37468,0.01
3,38744,6151,0.0,6339,1274,37470,0.01
8,38752,6152,1.0,6340,1275,37477,0.01
6,38758,6153,1.0,6341,1275,37483,0.01
6,38764,6154,1.0,6342,1275,37489,0.01
6,38770,6155,1.0,6343,1275,37495,0.01
6,38776,6156,1.0,6344,1275,37501,0.01
6,38782,6157,1.0,6345,1275,37507,0.01
6,38788,6158,1.0,6346,1275,37513,0.01
6,38794,6159,1.0,6347,1275,37519,0.01
6,38800,6160,1.0,6348,1275,37525,0.01
6,38806,6161,1.0,6349,1275,37531,0.01
6,38812,6162,1.0,6350,1275,37537,0.01
6,38818,6163,1.0,6351,1275,37543,0.01
6,38824,6164,1.0,6352,1275,37549,0.01
6,38830,6165,1.0,6353,1275,37555,0.01
6,38836,6166,1.0,6354,1275,37561,0.01
6,38842,6167,1.0,6355,1275,37567,0.01
6,38848,6168,1.0,6356,1275,37573,0.01
6,38854,6169,1.0,6357,1275,37579,0.01
6,38860,6170,1.0,6358,1275,37585,0.01
6,38866,6171,1.0,6359,1275,37591,0.01
6,38872,6172,1.0,6360,1275,37597,0.01
6,38878,6173,1.0,6361,1275,37603,0.01
6,38884,6174,1.0,6362,1275,37609,0.01
6,38890,6175,1.0,6363,1275,37615,0.01
6,38896,6176,1.0,6364,1275,37621,0.01
6,38902,6177,1.0,6365,1275,37627,0.01
6,38908,6178,1.0,6366,1275,37633,0.01
6,38914,6179,1.0,6367,1275,37639,0.01
6,38920,6180,1.0,6368,1275,37645,0.01
6,38926,6181,1.0,6369,1275,37651,0.01
6,38932,6182,1.0,6370,1275,37657,0.01
6,38938,6183,1.0,6371,1275,37663,0.01
6,38944,6184,1.0,6372,1275,37669,0.01
6,38950,6185,1.0,6373,1275,37675,0.01
6,38956,6186,1.0,6374,1275,37681,0.01
6,38962,6187,1.0,6375,1275,37687,0.01
6,38968,6188,1.0,6376,1275,37693,0.01
6,38974,6189,1.0,6377,1275,37699,0.01
6,38980,6190,1.0,6378,1275,37705,0.01
6,38986,6191,1.0,6379,1275,37711,0.01
6,38992,6192,1.0,6380,1275,37717,0.01
6,38998,6193,1.0,6381,1275,37723,0.01
6,39004,6194,1.0,6382,1275,37729,0.01
6,39010,6195,1.0,6383,1275,37735,0.01
6,39016,6196,1.0,6384,1275,37741,0.01
6,39022,6197,1.0,6385,1275,37747,0.01
6,39028,6198,1.0,6386,1275,37753,0.01
6,39034,6199,1.0,6387,1275,37759,0.01
6,39040,6200,1.0,6388,1275,37765,0.01
6,39046,6201,1.0,6389,1275,37771,0.01
6,39052,6202,1.0,6390,1276,37776,0.01
6,39058,6203,1.0,6391,1276,37782,0.01
6,39064,6204,1.0,6392,1276,37788,0.01
7,39071,6205,1.0,6393,1277,37794,0.01
6,39077,6206,1.0,6394,1277,37800,0.01
6,39083,6207,1.0,6395,1277,37806,0.01
6,39089,6208,1.0,6396,1277,37812,0.01
6,39095,6209,1.0,6397,1277,37818,0.01
6,39101,6210,1.0,6398,1277,37824,0.01
6,39107,6211,1.0,6399,1277,37830,0.01
6,39113,6212,1.0,6400,1277,37836,0.01
6,39119,6213,1.0,6401,1277,37842,0.01
6,39125,6214,1.0,6402,1277,37848,0.01
6,39131,6215,1.0,6403,1277,37854,0.01
6,39137,6216,1.0,6404,1277,37860,0.01
6,39143,6217,1.0,6405,1277,37866,0.01
6,39149,6218,1.0,6406,1277,37872,0.01
6,39155,6219,1.0,6407,1277,37878,0.01
6,39161,6220,1.0,6408,1277,37884,0.01
6,39167,6221,1.0,6409,1277,37890,0.01
6,39173,6222,1.0,6410,1277,37896,0.01
6,39179,6223,1.0,6411,1277,37902,0.01
6,39185,6224,1.0,6412,1277,37908,0.01
6,39191,6225,1.0,6413,1277,37914,0.01
6,39197,6226,1.0,6414,1277,37920,0.01
6,39203,6227,1.0,6415,1277,37926,0.01
6,39209,6228,1.0,6416,1277,37932,0.01
6,39215,6229,1.0,6417,1277,37938,0.01
6,39221,6230,1.0,6418,1277,37944,0.01
6,39227,6231,1.0,6419,1277,37950,0.01
6,39233,6232,1.0,6420,1277,37956,0.01
6,39239,6233,1.0,6421,1277,37962,0.01
6,39245,6234,1.0,6422,1277,37968,0.01
6,39251,6235,1.0,6423,1277,37974,0.01
6,39257,6236,1.0,6424,1277,37980,0.01
6,39263,6237,1.0,6425,1277,37986,0.01
6,39269,6238,1.0,6426,1277,37992,0.01
6,39275,6239,1.0,6427,1277,37998,0.01
6,39281,6240,1.0,6428,1277,38004,0.01
6,39287,6241,1.0,6429,1277,38010,0.01
6,39293,6242,1.0,6430,1277,38016,0.01
6,39299,6243,1.0,6431,1277,38022,0.01
6,39305,6244,1.0,6432,1277,38028,0.01
6,39311,6245,1.0,6433,1277,38034,0.01
6,39317,6246,1.0,6434,1277,38040,0.01
6,39323,6247,1.0,6435,1277,38046,0.01
6,39329,6248,1.0,6436,1277,38052,0.01
6,39335,6249,1.0,6437,1277,38058,0.01
6,39341,6250,1.0,6438,1277,38064,0.01
6,39347,6251,1.0,6439,1277,38070,0.01
6,39353,6252,1.0,6440,1277,38076,0.01
6,39359,6253,1.0,6441,1277,38082,0.01
6,39365,6254,1.0,6442,1277,38088,0.01
6,39371,6255,1.0,6443,1277,38094,0.01
6,39377,6256,1.0,6444,1277,38100,0.01
6,39383,6257,1.0,6445,1277,38106,0.01
6,39389,6258,1.0,6446,1277,38112,0.01
6,39395,6259,1.0,6447,1277,38118,0.01
6,39401,6260,1.0,6448,1277,38124,0.01
6,39407,6261,1.0,6449,1277,38130,0.01
6,39413,6262,1.0,6450,1277,38136,0.01
6,39419,6263,1.0,6451,1277,38142,0.01
6,39425,6264,1.0,6452,1277,38148,0.01
6,39431,6265,1.0,6453,1277,38154,0.01
6,39437,6266,1.0,6454,1277,38160,0.01
6,39443,6267,1.0,6455,1277,38166,0.01
6,39449,6268,1.0,6456,1277,38172,0.01
6,39455,6269,1.0,6457,1277,38178,0.01
6,39461,6270,1.0,6458,1277,38184,0.01
6,39467,6271,1.0,6459,1277,38190,0.01
7,39474,6272,1.0,6460,1278,38196,0.01
6,39480,6273,1.0,6461,1278,38202,0.01
6,39486,6274,1.0,6462,1278,38208,0.01
6,39492,6275,1.0,6463,1278,38214,0.01
6,39498,6276,1.0,6464,1278,38220,0.01
6,39504,6277,1.0,6465,1278,38226,0.01
6,39510,6278,1.0,6466,1278,38232,0.01
6,39516,6279,1.0,6467,1278,38238,0.01
6,39522,6280,1.0,6468,1278,38244,0.01
6,39528,6281,1.0,6469,1278,38250,0.01
6,39534,6282,1.0,6470,1278,38256,0.01
6,39540,6283,1.0,6471,1278,38262,0.01
6,39546,6284,1.0,6472,1278,38268,0.01
6,39552,6285,1.0,6473,1278,38274,0.01
6,39558,6286,1.0,6474,1278,38280,0.01
6,39564,6287,1.0,6475,1279,38285,0.01
6,39570,6288,1.0,6476,1279,38291,0.01
6,39576,6289,1.0,6477,1279,38297,0.01
6,39582,6290,1.0,6478,1279,38303,0.01
6,39588,6291,1.0,6479,1279,38309,0.01
6,39594,6292,1.0,6480,1279,38315,0.01
6,39600,6293,1.0,6481,1279,38321,0.01
6,39606,6294,1.0,6482,1279,38327,0.01
6,39612,6295,1.0,6483,1279,38333,0.01
6,39618,6296,1.0,6484,1279,38339,0.01
6,39624,6297,1.0,6485,1279,38345,0.01
8,39632,6298,1.0,6486,1280,38352,0.01
6,39638,6299,1.0,6487,1280,38358,0.01
6,39644,6300,1.0,6488,1280,38364,0.01
6,39650,6301,1.0,6489,1280,38370,0.01
6,39656,6302,1.0,6490,1280,38376,0.01
6,39662,6303,1.0,6491,1280,38382,0.01
6,39668,6304,1.0,6492,1280,38388,0.01
6,39674,6305,1.0,6493,1280,38394,0.01
6,39680,6306,1.0,6494,1280,38400,0.01
6,39686,6307,1.0,6495,1280,38406,0.01
6,39692,6308,1.0,6496,1280,38412,0.01
6,39698,6309,1.0,6497,1280,38418,0.01
6,39704,6310,1.0,6498,1280,38424,0.01
7,39711,6311,1.0,6499,1281,38430,0.01
6,39717,6312,1.0,6500,1281,38436,0.01
6,39723,6313,1.0,6501,1281,38442,0.01
6,39729,6314,1.0,6502,1281,38448,0.01
6,39735,6315,1.0,6503,1281,38454,0.01
6,39741,6316,1.0,6504,1281,38460,0.01
6,39747,6317,1.0,6505,1281,38466,0.01
6,39753,6318,1.0,6506,1281,38472,0.01
6,39759,6319,1.0,6507,1281,38478,0.01
6,39765,6320,1.0,6508,1281,38484,0.01
6,39771,6321,1.0,6509,1281,38490,0.01
6,39777,6322,1.0,6510,1281,38496,0.01
6,39783,6323,1.0,6511,1281,38502,0.01
6,39789,6324,1.0,6512,1281,38508,0.01
6,39795,6325,1.0,6513,1281,38514,0.01
6,39801,6326,1.0,6514,1281,38520,0.01
6,39807,6327,1.0,6515,1281,38526,0.01
6,39813,6328,1.0,6516,1281,38532,0.01
7,39820,6329,1.0,6517,1282,38538,0.01
6,39826,6330,1.0,6518,1282,38544,0.01
6,39832,6331,1.0,6519,1282,38550,0.01
6,39838,6332,1.0,6520,1282,38556,0.01
6,39844,6333,1.0,6521,1282,38562,0.01
6,39850,6334,1.0,6522,1282,38568,0.01
6,39856,6335,1.0,6523,1282,38574,0.01
6,39862,6336,1.0,6524,1282,38580,0.01
6,39868,6337,1.0,6525,1282,38586,0.01
6,39874,6338,1.0,6526,1282,38592,0.01
6,39880,6339,1.0,6527,1282,38598,0.01
6,39886,6340,1.0,6528,1282,38604,0.01
6,39892,6341,1.0,6529,1282,38610,0.01
6,39898,6342,1.0,6530,1282,38616,0.01
2,39900,6342,0.0,6531,1283,38617,0.01
6,39906,6343,1.0,6532,1283,38623,0.01
6,39912,6344,1.0,6533,1283,38629,0.01
6,39918,6345,1.0,6534,1283,38635,0.01
6,39924,6346,1.0,6535,1283,38641,0.01
6,39930,6347,1.0,6536,1283,38647,0.01
6,39936,6348,1.0,6537,1283,38653,0.01
6,39942,6349,1.0,6538,1283,38659,0.01
6,39948,6350,1.0,6539,1283,38665,0.01
6,39954,6351,1.0,6540,1283,38671,0.01
6,39960,6352,1.0,6541,1283,38677,0.01
6,39966,6353,1.0,6542,1283,38683,0.01
6,39972,6354,1.0,6543,1283,38689,0.01
6,39978,6355,1.0,6544,1283,38695,0.01
6,39984,6356,1.0,6545,1283,38701,0.01
6,39990,6357,1.0,6546,1283,38707,0.01
6,39996,6358,1.0,6547,1283,38713,0.01
6,40002,6359,1.0,6548,1283,38719,0.01
6,40008,6360,1.0,6549,1283,38725,0.01
6,40014,6361,1.0,6550,1283,38731,0.01
6,40020,6362,1.0,6551,1283,38737,0.01
6,40026,6363,1.0,6552,1283,38743,0.01
6,40032,6364,1.0,6553,1283,38749,0.01
6,40038,6365,1.0,6554,1283,38755,0.01
6,40044,6366,1.0,6555,1283,38761,0.01
6,40050,6367,1.0,6556,1283,38767,0.01
6,40056,6368,1.0,6557,1283,38773,0.01
6,40062,6369,1.0,6558,1283,38779,0.01
6,40068,6370,1.0,6559,1284,38784,0.01
6,40074,6371,1.0,6560,1284,38790,0.01
6,40080,6372,1.0,6561,1284,38796,0.01
6,40086,6373,1.0,6562,1284,38802,0.01
6,40092,6374,1.0,6563,1284,38808,0.01
6,40098,6375,1.0,6564,1284,38814,0.01
6,40104,6376,1.0,6565,1284,38820,0.01
6,40110,6377,1.0,6566,1284,38826,0.01
6,40116,6378,1.0,6567,1284,38832,0.01
6,40122,6379,1.0,6568,1284,38838,0.01
6,40128,6380,1.0,6569,1284,38844,0.01
6,40134,6381,1.0,6570,1284,38850,0.01
6,40140,6382,1.0,6571,1284,38856,0.01
6,40146,6383,1.0,6572,1284,38862,0.01
6,40152,6384,1.0,6573,1284,38868,0.01
6,40158,6385,1.0,6574,1284,38874,0.01
6,40164,6386,1.0,6575,1284,38880,0.01
6,40170,6387,1.0,6576,1284,38886,0.01
6,40176,6388,1.0,6577,1284,38892,0.01
6,40182,6389,1.0,6578,1284,38898,0.01
6,40188,6390,1.0,6579,1284,38904,0.01
7,40195,6391,1.0,6580,1285,38910,0.01
6,40201,6392,1.0,6581,1285,38916,0.01
6,40207,6393,1.0,6582,1285,38922,0.01
6,40213,6394,1.0,6583,1285,38928,0.01
6,40219,6395,1.0,6584,1285,38934,0.01
2,40221,6395,0.0,6585,1286,38935,0.01
6,40227,6396,1.0,6586,1286,38941,0.01
6,40233,6397,1.0,6587,1286,38947,0.01
6,40239,6398,1.0,6588,1286,38953,0.01
6,40245,6399,1.0,6589,1286,38959,0.01
6,40251,6400,1.0,6590,1286,38965,0.01
6,40257,6401,1.0,6591,1286,38971,0.01
8,40265,6402,1.0,6592,1287,38978,0.01
6,40271,6403,1.0,6593,1287,38984,0.01
6,40277,6404,1.0,6594,1287,38990,0.01
6,40283,6405,1.0,6595,1287,38996,0.01
6,40289,6406,1.0,6596,1287,39002,0.01
6,40295,6407,1.0,6597,1287,39008,0.01
6,40301,6408,1.0,6598,1287,39014,0.01
8,40309,6409,1.0,6599,1288,39021,0.01
6,40315,6410,1.0,6600,1288,39027,0.01
6,40321,6411,1.0,6601,1288,39033,0.01
6,40327,6412,1.0,6602,1288,39039,0.01
8,40335,6413,1.0,6603,1289,39046,0.01
6,40341,6414,1.0,6604,1289,39052,0.01
6,40347,6415,1.0,6605,1289,39058,0.01
6,40353,6416,1.0,6606,1289,39064,0.01
6,40359,6417,1.0,6607,1289,39070,0.01
6,40365,6418,1.0,6608,1289,39076,0.01
6,40371,6419,1.0,6609,1289,39082,0.01
7,40378,6420,1.0,6610,1290,39088,0.01
6,40384,6421,1.0,6611,1290,39094,0.01
6,40390,6422,1.0,6612,1290,39100,0.01
6,40396,6423,1.0,6613,1290,39106,0.01
6,40402,6424,1.0,6614,1290,39112,0.01
6,40408,6425,1.0,6615,1290,39118,0.01
6,40414,6426,1.0,6616,1290,39124,0.01
6,40420,6427,1.0,6617,1290,39130,0.01
6,40426,6428,1.0,6618,1290,39136,0.01
6,40432,6429,1.0,6619,1290,39142,0.01
6,40438,6430,1.0,6620,1290,39148,0.01
6,40444,6431,1.0,6621,1290,39154,0.01
6,40450,6432,1.0,6622,1290,39160,0.01
6,40456,6433,1.0,6623,1290,39166,0.01
6,40462,6434,1.0,6624,1290,39172,0.01
6,40468,6435,1.0,6625,1291,39177,0.01
6,40474,6436,1.0,6626,1291,39183,0.01
6,40480,6437,1.0,6627,1291,39189,0.01
6,40486,6438,1.0,6628,1291,39195,0.01
6,40492,6439,1.0,6629,1291,39201,0.01
6,40498,6440,1.0,6630,1291,39207,0.01
6,40504,6441,1.0,6631,1291,39213,0.01
6,40510,6442,1.0,6632,1291,39219,0.01
6,40516,6443,1.0,6633,1291,39225,0.01
6,40522,6444,1.0,6634,1291,39231,0.01
6,40528,6445,1.0,6635,1291,39237,0.01
6,40534,6446,1.0,6636,1291,39243,0.01
6,40540,6447,1.0,6637,1291,39249,0.01
6,40546,6448,1.0,6638,1291,39255,0.01
6,40552,6449,1.0,6639,1291,39261,0.01
6,40558,6450,1.0,6640,1291,39267,0.01
6,40564,6451,1.0,6641,1291,39273,0.01
6,40570,6452,1.0,6642,1291,39279,0.01
6,40576,6453,1.0,6643,1291,39285,0.01
6,40582,6454,1.0,6644,1291,39291,0.01
6,40588,6455,1.0,6645,1291,39297,0.01
6,40594,6456,1.0,6646,1291,39303,0.01
6,40600,6457,1.0,6647,1291,39309,0.01
6,40606,6458,1.0,6648,1291,39315,0.01
6,40612,6459,1.0,6649,1291,39321,0.01
6,40618,6460,1.0,6650,1291,39327,0.01
6,40624,6461,1.0,6651,1291,39333,0.01
6,40630,6462,1.0,6652,1291,39339,0.01
6,40636,6463,1.0,6653,1291,39345,0.01
6,40642,6464,1.0,6654,1291,39351,0.01
6,40648,6465,1.0,6655,1291,39357,0.01
6,40654,6466,1.0,6656,1291,39363,0.01
6,40660,6467,1.0,6657,1291,39369,0.01
6,40666,6468,1.0,6658,1291,39375,0.01
6,40672,6469,1.0,6659,1291,39381,0.01
6,40678,6470,1.0,6660,1291,39387,0.01
6,40684,6471,1.0,6661,1291,39393,0.01
6,40690,6472,1.0,6662,1291,39399,0.01
6,40696,6473,1.0,6663,1291,39405,0.01
6,40702,6474,1.0,6664,1291,39411,0.01
6,40708,6475,1.0,6665,1291,39417,0.01
6,40714,6476,1.0,6666,1291,39423,0.01
6,40720,6477,1.0,6667,1291,39429,0.01
6,40726,6478,1.0,6668,1291,39435,0.01
6,40732,6479,1.0,6669,1291,39441,0.01
6,40738,6480,1.0,6670,1291,39447,0.01
6,40744,6481,1.0,6671,1291,39453,0.01
6,40750,6482,1.0,6672,1291,39459,0.01
6,40756,6483,1.0,6673,1291,39465,0.01
6,40762,6484,1.0,6674,1291,39471,0.01
6,40768,6485,1.0,6675,1291,39477,0.01
6,40774,6486,1.0,6676,1291,39483,0.01
6,40780,6487,1.0,6677,1291,39489,0.01
6,40786,6488,1.0,6678,1291,39495,0.01
6,40792,6489,1.0,6679,1291,39501,0.01
6,40798,6490,1.0,6680,1291,39507,0.01
6,40804,6491,1.0,6681,1291,39513,0.01
6,40810,6492,1.0,6682,1291,39519,0.01
6,40816,6493,1.0,6683,1291,39525,0.01
6,40822,6494,1.0,6684,1291,39531,0.01
6,40828,6495,1.0,6685,1291,39537,0.01
6,40834,6496,1.0,6686,1291,39543,0.01
6,40840,6497,1.0,6687,1291,39549,0.01
6,40846,6498,1.0,6688,1291,39555,0.01
6,40852,6499,1.0,6689,1291,39561,0.01
6,40858,6500,1.0,6690,1291,39567,0.01
6,40864,6501,1.0,6691,1291,39573,0.01
8,40872,6502,1.0,6692,1292,39580,0.01
6,40878,6503,1.0,6693,1292,39586,0.01
6,40884,6504,1.0,6694,1292,39592,0.01
6,40890,6505,1.0,6695,1292,39598,0.01
6,40896,6506,1.0,6696,1292,39604,0.01
6,40902,6507,1.0,6697,1292,39610,0.01
6,40908,6508,1.0,6698,1292,39616,0.01
6,40914,6509,1.0,6699,1292,39622,0.01
6,40920,6510,1.0,6700,1292,39628,0.01
6,40926,6511,1.0,6701,1292,39634,0.01
6,40932,6512,1.0,6702,1292,39640,0.01
6,40938,6513,1.0,6703,1292,39646,0.01
6,40944,6514,1.0,6704,1292,39652,0.01
6,40950,6515,1.0,6705,1292,39658,0.01
6,40956,6516,1.0,6706,1292,39664,0.01
6,40962,6517,1.0,6707,1292,39670,0.01
6,40968,6518,1.0,6708,1292,39676,0.01
6,40974,6519,1.0,6709,1292,39682,0.01
6,40980,6520,1.0,6710,1292,39688,0.01
6,40986,6521,1.0,6711,1292,39694,0.01
6,40992,6522,1.0,6712,1292,39700,0.01
6,40998,6523,1.0,6713,1292,39706,0.01
6,41004,6524,1.0,6714,1292,39712,0.01
6,41010,6525,1.0,6715,1292,39718,0.01
6,41016,6526,1.0,6716,1292,39724,0.01
6,41022,6527,1.0,6717,1292,39730,0.01
6,41028,6528,1.0,6718,1292,39736,0.01
6,41034,6529,1.0,6719,1292,39742,0.01
6,41040,6530,1.0,6720,1292,39748,0.01
6,41046,6531,1.0,6721,1292,39754,0.01
6,41052,6532,1.0,6722,1292,39760,0.01
6,41058,6533,1.0,6723,1292,39766,0.01
6,41064,6534,1.0,6724,1293,39771,0.01
6,41070,6535,1.0,6725,1293,39777,0.01
7,41077,6536,1.0,6726,1294,39783,0.01
6,41083,6537,1.0,6727,1294,39789,0.01
6,41089,6538,1.0,6728,1294,39795,0.01
6,41095,6539,1.0,6729,1294,39801,0.01
6,41101,6540,1.0,6730,1294,39807,0.01
6,41107,6541,1.0,6731,1294,39813,0.01
6,41113,6542,1.0,6732,1294,39819,0.01
7,41120,6543,1.0,6733,1295,39825,0.01
6,41126,6544,1.0,6734,1295,39831,0.01
6,41132,6545,1.0,6735,1295,39837,0.01
6,41138,6546,1.0,6736,1295,39843,0.01
6,41144,6547,1.0,6737,1295,39849,0.01
6,41150,6548,1.0,6738,1295,39855,0.01
6,41156,6549,1.0,6739,1295,39861,0.01
6,41162,6550,1.0,6740,1295,39867,0.01
6,41168,6551,1.0,6741,1295,39873,0.01
6,41174,6552,1.0,6742,1295,39879,0.01
6,41180,6553,1.0,6743,1296,39884,0.01
6,41186,6554,1.0,6744,1296,39890,0.01
6,41192,6555,1.0,6745,1296,39896,0.01
6,41198,6556,1.0,6746,1296,39902,0.01
6,41204,6557,1.0,6747,1296,39908,0.01
6,41210,6558,1.0,6748,1296,39914,0.01
6,41216,6559,1.0,6749,1296,39920,0.01
6,41222,6560,1.0,6750,1296,39926,0.01
6,41228,6561,1.0,6751,1296,39932,0.01
6,41234,6562,1.0,6752,1296,39938,0.01
6,41240,6563,1.0,6753,1296,39944,0.01
6,41246,6564,1.0,6754,1296,39950,0.01
6,41252,6565,1.0,6755,1296,39956,0.01
6,41258,6566,1.0,6756,1296,39962,0.01
6,41264,6567,1.0,6757,1296,39968,0.01
6,41270,6568,1.0,6758,1296,39974,0.01
6,41276,6569,1.0,6759,1296,39980,0.01
6,41282,6570,1.0,6760,1296,39986,0.01
6,41288,6571,1.0,6761,1296,39992,0.01
6,41294,6572,1.0,6762,1296,39998,0.01
6,41300,6573,1.0,6763,1297,40003,0.01
6,41306,6574,1.0,6764,1297,40009,0.01
6,41312,6575,1.0,6765,1297,40015,0.01
6,41318,6576,1.0,6766,1297,40021,0.01
6,41324,6577,1.0,6767,1297,40027,0.01
6,41330,6578,1.0,6768,1297,40033,0.01
6,41336,6579,1.0,6769,1297,40039,0.01
6,41342,6580,1.0,6770,1297,40045,0.01
6,41348,6581,1.0,6771,1297,40051,0.01
6,41354,6582,1.0,6772,1297,40057,0.01
6,41360,6583,1.0,6773,1297,40063,0.01
6,41366,6584,1.0,6774,1297,40069,0.01
6,41372,6585,1.0,6775,1297,40075,0.01
6,41378,6586,1.0,6776,1297,40081,0.01
6,41384,6587,1.0,6777,1297,40087,0.01
6,41390,6588,1.0,6778,1297,40093,0.01
3,41393,6588,0.0,6779,1298,40095,0.01
6,41399,6589,1.0,6780,1298,40101,0.01
6,41405,6590,1.0,6781,1298,40107,0.01
6,41411,6591,1.0,6782,1298,40113,0.01
6,41417,6592,1.0,6783,1298,40119,0.01
6,41423,6593,1.0,6784,1298,40125,0.01
6,41429,6594,1.0,6785,1298,40131,0.01
6,41435,6595,1.0,6786,1298,40137,0.01
6,41441,6596,1.0,6787,1298,40143,0.01
6,41447,6597,1.0,6788,1298,40149,0.01
6,41453,6598,1.0,6789,1298,40155,0.01
6,41459,6599,1.0,6790,1298,40161,0.01
6,41465,6600,1.0,6791,1298,40167,0.01
6,41471,6601,1.0,6792,1298,40173,0.01
6,41477,6602,1.0,6793,1298,40179,0.01
6,41483,6603,1.0,6794,1298,40185,0.01
6,41489,6604,1.0,6795,1298,40191,0.01
6,41495,6605,1.0,6796,1298,40197,0.01
6,41501,6606,1.0,6797,1298,40203,0.01
6,41507,6607,1.0,6798,1298,40209,0.01
6,41513,6608,1.0,6799,1298,40215,0.01
6,41519,6609,1.0,6800,1298,40221,0.01
6,41525,6610,1.0,6801,1298,40227,0.01
6,41531,6611,1.0,6802,1298,40233,0.01
6,41537,6612,1.0,6803,1298,40239,0.01
6,41543,6613,1.0,6804,1298,40245,0.01
6,41549,6614,1.0,6805,1298,40251,0.01
6,41555,6615,1.0,6806,1298,40257,0.01
6,41561,6616,1.0,6807,1298,40263,0.01
6,41567,6617,1.0,6808,1298,40269,0.01
6,41573,6618,1.0,6809,1298,40275,0.01
6,41579,6619,1.0,6810,1298,40281,0.01
6,41585,6620,1.0,6811,1298,40287,0.01
6,41591,6621,1.0,6812,1298,40293,0.01
6,41597,6622,1.0,6813,1298,40299,0.01
6,41603,6623,1.0,6814,1298,40305,0.01
6,41609,6624,1.0,6815,1298,40311,0.01
6,41615,6625,1.0,6816,1298,40317,0.01
6,41621,6626,1.0,6817,1298,40323,0.01
8,41629,6627,1.0,6818,1299,40330,0.01
6,41635,6628,1.0,6819,1299,40336,0.01
6,41641,6629,1.0,6820,1299,40342,0.01
6,41647,6630,1.0,6821,1299,40348,0.01
6,41653,6631,1.0,6822,1299,40354,0.01
6,41659,6632,1.0,6823,1299,40360,0.01
6,41665,6633,1.0,6824,1299,40366,0.01
6,41671,6634,1.0,6825,1299,40372,0.01
6,41677,6635,1.0,6826,1299,40378,0.01
6,41683,6636,1.0,6827,1299,40384,0.01
6,41689,6637,1.0,6828,1299,40390,0.01
6,41695,6638,1.0,6829,1299,40396,0.01
6,41701,6639,1.0,6830,1299,40402,0.01
6,41707,6640,1.0,6831,1299,40408,0.01
6,41713,6641,1.0,6832,1299,40414,0.01
6,41719,6642,1.0,6833,1299,40420,0.01
6,41725,6643,1.0,6834,1299,40426,0.01
6,41731,6644,1.0,6835,1299,40432,0.01
6,41737,6645,1.0,6836,1299,40438,0.01
6,41743,6646,1.0,6837,1299,40444,0.01
6,41749,6647,1.0,6838,1299,40450,0.01
6,41755,6648,1.0,6839,1299,40456,0.01
6,41761,6649,1.0,6840,1299,40462,0.01
6,41767,6650,1.0,6841,1299,40468,0.01
6,41773,6651,1.0,6842,1299,40474,0.01
6,41779,6652,1.0,6843,1299,40480,0.01
6,41785,6653,1.0,6844,1299,40486,0.01
6,41791,6654,1.0,6845,1299,40492,0.01
6,41797,6655,1.0,6846,1299,40498,0.01
6,41803,6656,1.0,6847,1299,40504,0.01
6,41809,6657,1.0,6848,1299,40510,0.01
6,41815,6658,1.0,6849,1300,40515,0.01
6,41821,6659,1.0,6850,1300,40521,0.01
6,41827,6660,1.0,6851,1300,40527,0.01
6,41833,6661,1.0,6852,1300,40533,0.01
6,41839,6662,1.0,6853,1300,40539,0.01
6,41845,6663,1.0,6854,1300,40545,0.01
6,41851,6664,1.0,6855,1300,40551,0.01
6,41857,6665,1.0,6856,1300,40557,0.01
6,41863,6666,1.0,6857,1300,40563,0.01
6,41869,6667,1.0,6858,1300,40569,0.01
6,41875,6668,1.0,6859,1300,40575,0.01
6,41881,6669,1.0,6860,1300,40581,0.01
6,41887,6670,1.0,6861,1300,40587,0.01
6,41893,6671,1.0,6862,1300,40593,0.01
6,41899,6672,1.0,6863,1300,40599,0.01
6,41905,6673,1.0,6864,1300,40605,0.01
6,41911,6674,1.0,6865,1300,40611,0.01
7,41918,6675,1.0,6866,1301,40617,0.01
6,41924,6676,1.0,6867,1301,40623,0.01
6,41930,6677,1.0,6868,1301,40629,0.01
6,41936,6678,1.0,6869,1301,40635,0.01
6,41942,6679,1.0,6870,1301,40641,0.01
5,41947,6679,0.0,6871,1302,40645,0.01
6,41953,6680,1.0,6872,1302,40651,0.01
6,41959,6681,1.0,6873,1302,40657,0.01
6,41965,6682,1.0,6874,1302,40663,0.01
6,41971,6683,1.0,6875,1302,40669,0.01
6,41977,6684,1.0,6876,1302,40675,0.01
6,41983,6685,1.0,6877,1302,40681,0.01
6,41989,6686,1.0,6878,1302,40687,0.01
6,41995,6687,1.0,6879,1302,40693,0.01
6,42001,6688,1.0,6880,1302,40699,0.01
6,42007,6689,1.0,6881,1302,40705,0.01
6,42013,6690,1.0,6882,1302,40711,0.01
6,42019,6691,1.0,6883,1302,40717,0.01
6,42025,6692,1.0,6884,1302,40723,0.01
6,42031,6693,1.0,6885,1302,40729,0.01
6,42037,6694,1.0,6886,1302,40735,0.01
6,42043,6695,1.0,6887,1302,40741,0.01
6,42049,6696,1.0,6888,1302,40747,0.01
6,42055,6697,1.0,6889,1302,40753,0.01
6,42061,6698,1.0,6890,1302,40759,0.01
6,42067,6699,1.0,6891,1302,40765,0.01
6,42073,6700,1.0,6892,1302,40771,0.01
8,42081,6701,1.0,6893,1303,40778,0.01
6,42087,6702,1.0,6894,1303,40784,0.01
6,42093,6703,1.0,6895,1303,40790,0.01
6,42099,6704,1.0,6896,1303,40796,0.01
6,42105,6705,1.0,6897,1303,40802,0.01
6,42111,6706,1.0,6898,1303,40808,0.01
6,42117,6707,1.0,6899,1303,40814,0.01
6,42123,6708,1.0,6900,1303,40820,0.01
6,42129,6709,1.0,6901,1304,40825,0.01
6,42135,6710,1.0,6902,1304,40831,0.01
6,42141,6711,1.0,6903,1304,40837,0.01
6,42147,6712,1.0,6904,1304,40843,0.01
6,42153,6713,1.0,6905,1304,40849,0.01
6,42159,6714,1.0,6906,1304,40855,0.01
6,42165,6715,1.0,6907,1304,40861,0.01
6,42171,6716,1.0,6908,1304,40867,0.01
6,42177,6717,1.0,6909,1304,40873,0.01
6,42183,6718,1.0,6910,1304,40879,0.01
6,42189,6719,1.0,6911,1304,40885,0.01
6,42195,6720,1.0,6912,1304,40891,0.01
6,42201,6721,1.0,6913,1304,40897,0.01
6,42207,6722,1.0,6914,1304,40903,0.01
6,42213,6723,1.0,6915,1304,40909,0.01
6,42219,6724,1.0,6916,1304,40915,0.01
6,42225,6725,1.0,6917,1304,40921,0.01
6,42231,6726,1.0,6918,1304,40927,0.01
6,42237,6727,1.0,6919,1304,40933,0.01
6,42243,6728,1.0,6920,1304,40939,0.01
6,42249,6729,1.0,6921,1304,40945,0.01
6,42255,6730,1.0,6922,1304,40951,0.01
6,42261,6731,1.0,6923,1304,40957,0.01
6,42267,6732,1.0,6924,1304,40963,0.01
6,42273,6733,1.0,6925,1304,40969,0.01
6,42279,6734,1.0,6926,1304,40975,0.01
6,42285,6735,1.0,6927,1304,40981,0.01
6,42291,6736,1.0,6928,1304,40987,0.01
6,42297,6737,1.0,6929,1304,40993,0.01
6,42303,6738,1.0,6930,1304,40999,0.01
6,42309,6739,1.0,6931,1304,41005,0.01
6,42315,6740,1.0,6932,1304,41011,0.01
6,42321,6741,1.0,6933,1304,41017,0.01
6,42327,6742,1.0,6934,1304,41023,0.01
6,42333,6743,1.0,6935,1304,41029,0.01
6,42339,6744,1.0,6936,1304,41035,0.01
6,42345,6745,1.0,6937,1304,41041,0.01
6,42351,6746,1.0,6938,1304,41047,0.01
6,42357,6747,1.0,6939,1304,41053,0.01
6,42363,6748,1.0,6940,1304,41059,0.01
6,42369,6749,1.0,6941,1304,41065,0.01
6,42375,6750,1.0,6942,1304,41071,0.01
6,42381,6751,1.0,6943,1304,41077,0.01
6,42387,6752,1.0,6944,1304,41083,0.01
6,42393,6753,1.0,6945,1304,41089,0.01
6,42399,6754,1.0,6946,1304,41095,0.01
6,42405,6755,1.0,6947,1304,41101,0.01
6,42411,6756,1.0,6948,1304,41107,0.01
6,42417,6757,1.0,6949,1304,41113,0.01
6,42423,6758,1.0,6950,1304,41119,0.01
6,42429,6759,1.0,6951,1304,41125,0.01
6,42435,6760,1.0,6952,1304,41131,0.01
6,42441,6761,1.0,6953,1304,41137,0.01
6,42447,6762,1.0,6954,1304,41143,0.01
6,42453,6763,1.0,6955,1304,41149,0.01
6,42459,6764,1.0,6956,1304,41155,0.01
6,42465,6765,1.0,6957,1304,41161,0.01
6,42471,6766,1.0,6958,1304,41167,0.01
6,42477,6767,1.0,6959,1304,41173,0.01
6,42483,6768,1.0,6960,1304,41179,0.01
6,42489,6769,1.0,6961,1304,41185,0.01
6,42495,6770,1.0,6962,1304,41191,0.01
6,42501,6771,1.0,6963,1304,41197,0.01
6,42507,6772,1.0,6964,1304,41203,0.01
6,42513,6773,1.0,6965,1304,41209,0.01
8,42521,6774,1.0,6966,1305,41216,0.01
6,42527,6775,1.0,6967,1305,41222,0.01
6,42533,6776,1.0,6968,1305,41228,0.01
6,42539,6777,1.0,6969,1305,41234,0.01
6,42545,6778,1.0,6970,1305,41240,0.01
6,42551,6779,1.0,6971,1305,41246,0.01
6,42557,6780,1.0,6972,1305,41252,0.01
6,42563,6781,1.0,6973,1305,41258,0.01
6,42569,6782,1.0,6974,1305,41264,0.01
6,42575,6783,1.0,6975,1305,41270,0.01
6,42581,6784,1.0,6976,1305,41276,0.01
6,42587,6785,1.0,6977,1305,41282,0.01
6,42593,6786,1.0,6978,1305,41288,0.01
6,42599,6787,1.0,6979,1305,41294,0.01
6,42605,6788,1.0,6980,1305,41300,0.01
6,42611,6789,1.0,6981,1305,41306,0.01
6,42617,6790,1.0,6982,1305,41312,0.01
6,42623,6791,1.0,6983,1305,41318,0.01
6,42629,6792,1.0,6984,1305,41324,0.01
6,42635,6793,1.0,6985,1305,41330,0.01
6,42641,6794,1.0,6986,1305,41336,0.01
6,42647,6795,1.0,6987,1305,41342,0.01
6,42653,6796,1.0,6988,1305,41348,0.01
6,42659,6797,1.0,6989,1305,41354,0.01
6,42665,6798,1.0,6990,1305,41360,0.01
6,42671,6799,1.0,6991,1305,41366,0.01
7,42678,6800,1.0,6992,1306,41372,0.01
6,42684,6801,1.0,6993,1306,41378,0.01
6,42690,6802,1.0,6994,1306,41384,0.01
6,42696,6803,1.0,6995,1306,41390,0.01
6,42702,6804,1.0,6996,1306,41396,0.01
8,42710,6805,1.0,6997,1307,41403,0.01
6,42716,6806,1.0,6998,1307,41409,0.01
6,42722,6807,1.0,6999,1307,41415,0.01
6,42728,6808,1.0,7000,1307,41421,0.01
6,42734,6809,1.0,7001,1307,41427,0.01
6,42740,6810,1.0,7002,1307,41433,0.01
6,42746,6811,1.0,7003,1307,41439,0.01
6,42752,6812,1.0,7004,1307,41445,0.01
6,42758,6813,1.0,7005,1307,41451,0.01
6,42764,6814,1.0,7006,1307,41457,0.01
6,42770,6815,1.0,7007,1307,41463,0.01
6,42776,6816,1.0,7008,1307,41469,0.01
6,42782,6817,1.0,7009,1307,41475,0.01
6,42788,6818,1.0,7010,1308,41480,0.01
6,42794,6819,1.0,7011,1308,41486,0.01
7,42801,6820,1.0,7012,1309,41492,0.01
6,42807,6821,1.0,7013,1309,41498,0.01
6,42813,6822,1.0,7014,1309,41504,0.01
6,42819,6823,1.0,7015,1309,41510,0.01
6,42825,6824,1.0,7016,1309,41516,0.01
6,42831,6825,1.0,7017,1309,41522,0.01
7,42838,6826,1.0,7018,1310,41528,0.01
6,42844,6827,1.0,7019,1310,41534,0.01
6,42850,6828,1.0,7020,1310,41540,0.01
6,42856,6829,1.0,7021,1310,41546,0.01
6,42862,6830,1.0,7022,1310,41552,0.01
6,42868,6831,1.0,7023,1310,41558,0.01
6,42874,6832,1.0,7024,1310,41564,0.01
6,42880,6833,1.0,7025,1310,41570,0.01
6,42886,6834,1.0,7026,1310,41576,0.01
6,42892,6835,1.0,7027,1310,41582,0.01
6,42898,6836,1.0,7028,1310,41588,0.01
6,42904,6837,1.0,7029,1310,41594,0.01
6,42910,6838,1.0,7030,1310,41600,0.01
6,42916,6839,1.0,7031,1310,41606,0.01
6,42922,6840,1.0,7032,1310,41612,0.01
6,42928,6841,1.0,7033,1310,41618,0.01
6,42934,6842,1.0,7034,1310,41624,0.01
6,42940,6843,1.0,7035,1310,41630,0.01
6,42946,6844,1.0,7036,1310,41636,0.01
6,42952,6845,1.0,7037,1310,41642,0.01
6,42958,6846,1.0,7038,1310,41648,0.01
6,42964,6847,1.0,7039,1310,41654,0.01
6,42970,6848,1.0,7040,1310,41660,0.01
6,42976,6849,1.0,7041,1311,41665,0.01
6,42982,6850,1.0,7042,1311,41671,0.01
6,42988,6851,1.0,7043,1311,41677,0.01
6,42994,6852,1.0,7044,1311,41683,0.01
6,43000,6853,1.0,7045,1311,41689,0.01
6,43006,6854,1.0,7046,1311,41695,0.01
6,43012,6855,1.0,7047,1311,41701,0.01
6,43018,6856,1.0,7048,1311,41707,0.01
6,43024,6857,1.0,7049,1311,41713,0.01
6,43030,6858,1.0,7050,1311,41719,0.01
6,43036,6859,1.0,7051,1312,41724,0.01
6,43042,6860,1.0,7052,1312,41730,0.01
6,43048,6861,1.0,7053,1312,41736,0.01
6,43054,6862,1.0,7054,1312,41742,0.01
6,43060,6863,1.0,7055,1312,41748,0.01
6,43066,6864,1.0,7056,1312,41754,0.01
6,43072,6865,1.0,7057,1312,41760,0.01
6,43078,6866,1.0,7058,1312,41766,0.01
6,43084,6867,1.0,7059,1312,41772,0.01
6,43090,6868,1.0,7060,1312,41778,0.01
6,43096,6869,1.0,7061,1312,41784,0.01
7,43103,6870,1.0,7062,1313,41790,0.01
6,43109,6871,1.0,7063,1313,41796,0.01
6,43115,6872,1.0,7064,1313,41802,0.01
6,43121,6873,1.0,7065,1313,41808,0.01
6,43127,6874,1.0,7066,1313,41814,0.01
7,43134,6875,1.0,7067,1314,41820,0.01
6,43140,6876,1.0,7068,1314,41826,0.01
6,43146,6877,1.0,7069,1314,41832,0.01
6,43152,6878,1.0,7070,1314,41838,0.01
6,43158,6879,1.0,7071,1314,41844,0.01
6,43164,6880,1.0,7072,1314,41850,0.01
6,43170,6881,1.0,7073,1314,41856,0.01
6,43176,6882,1.0,7074,1314,41862,0.01
6,43182,6883,1.0,7075,1314,41868,0.01
6,43188,6884,1.0,7076,1314,41874,0.01
6,43194,6885,1.0,7077,1314,41880,0.01
6,43200,6886,1.0,7078,1314,41886,0.01
6,43206,6887,1.0,7079,1314,41892,0.01
6,43212,6888,1.0,7080,1314,41898,0.01
6,43218,6889,1.0,7081,1314,41904,0.01
6,43224,6890,1.0,7082,1314,41910,0.01
6,43230,6891,1.0,7083,1314,41916,0.01
6,43236,6892,1.0,7084,1314,41922,0.01
6,43242,6893,1.0,7085,1314,41928,0.01
6,43248,6894,1.0,7086,1314,41934,0.01
6,43254,6895,1.0,7087,1314,41940,0.01
6,43260,6896,1.0,7088,1314,41946,0.01
6,43266,6897,1.0,7089,1314,41952,0.01
6,43272,6898,1.0,7090,1314,41958,0.01
6,43278,6899,1.0,7091,1314,41964,0.01
6,43284,6900,1.0,7092,1315,41969,0.01
6,43290,6901,1.0,7093,1315,41975,0.01
6,43296,6902,1.0,7094,1316,41980,0.01
6,43302,6903,1.0,7095,1316,41986,0.01
6,43308,6904,1.0,7096,1316,41992,0.01
6,43314,6905,1.0,7097,1316,41998,0.01
6,43320,6906,1.0,7098,1316,42004,0.01
6,43326,6907,1.0,7099,1316,42010,0.01
6,43332,6908,1.0,7100,1316,42016,0.01
6,43338,6909,1.0,7101,1316,42022,0.01
6,43344,6910,1.0,7102,1316,42028,0.01
6,43350,6911,1.0,7103,1316,42034,0.01
6,43356,6912,1.0,7104,1316,42040,0.01
6,43362,6913,1.0,7105,1316,42046,0.01
6,43368,6914,1.0,7106,1316,42052,0.01
6,43374,6915,1.0,7107,1316,42058,0.01
6,43380,6916,1.0,7108,1316,42064,0.01
6,43386,6917,1.0,7109,1316,42070,0.01
6,43392,6918,1.0,7110,1316,42076,0.01
6,43398,6919,1.0,7111,1316,42082,0.01
6,43404,6920,1.0,7112,1316,42088,0.01
6,43410,6921,1.0,7113,1316,42094,0.01
6,43416,6922,1.0,7114,1316,42100,0.01
6,43422,6923,1.0,7115,1316,42106,0.01
6,43428,6924,1.0,7116,1316,42112,0.01
6,43434,6925,1.0,7117,1316,42118,0.01
6,43440,6926,1.0,7118,1316,42124,0.01
6,43446,6927,1.0,7119,1316,42130,0.01
6,43452,6928,1.0,7120,1316,42136,0.01
6,43458,6929,1.0,7121,1317,42141,0.01
6,43464,6930,1.0,7122,1317,42147,0.01
6,43470,6931,1.0,7123,1317,42153,0.01
6,43476,6932,1.0,7124,1317,42159,0.01
6,43482,6933,1.0,7125,1317,42165,0.01
6,43488,6934,1.0,7126,1317,42171,0.01
6,43494,6935,1.0,7127,1317,42177,0.01
6,43500,6936,1.0,7128,1317,42183,0.01
6,43506,6937,1.0,7129,1317,42189,0.01
6,43512,6938,1.0,7130,1317,42195,0.01
6,43518,6939,1.0,7131,1317,42201,0.01
6,43524,6940,1.0,7132,1317,42207,0.01
6,43530,6941,1.0,7133,1317,42213,0.01
6,43536,6942,1.0,7134,1317,42219,0.01
6,43542,6943,1.0,7135,1317,42225,0.01
6,43548,6944,1.0,7136,1317,42231,0.01
6,43554,6945,1.0,7137,1317,42237,0.01
6,43560,6946,1.0,7138,1317,42243,0.01
6,43566,6947,1.0,7139,1317,42249,0.01
6,43572,6948,1.0,7140,1317,42255,0.01
6,43578,6949,1.0,7141,1317,42261,0.01
6,43584,6950,1.0,7142,1317,42267,0.01
6,43590,6951,1.0,7143,1317,42273,0.01
6,43596,6952,1.0,7144,1317,42279,0.01
6,43602,6953,1.0,7145,1317,42285,0.01
6,43608,6954,1.0,7146,1317,42291,0.01
6,43614,6955,1.0,7147,1317,42297,0.01
6,43620,6956,1.0,7148,1317,42303,0.01
6,43626,6957,1.0,7149,1317,42309,0.01
6,43632,6958,1.0,7150,1317,42315,0.01
6,43638,6959,1.0,7151,1317,42321,0.01
6,43644,6960,1.0,7152,1317,42327,0.01
6,43650,6961,1.0,7153,1317,42333,0.01
6,43656,6962,1.0,7154,1317,42339,0.01
6,43662,6963,1.0,7155,1317,42345,0.01
6,43668,6964,1.0,7156,1317,42351,0.01
6,43674,6965,1.0,7157,1317,42357,0.01
8,43682,6966,1.0,7158,1318,42364,0.01
6,43688,6967,1.0,7159,1318,42370,0.01
6,43694,6968,1.0,7160,1318,42376,0.01
6,43700,6969,1.0,7161,1318,42382,0.01
6,43706,6970,1.0,7162,1318,42388,0.01
6,43712,6971,1.0,7163,1319,42393,0.01
6,43718,6972,1.0,7164,1319,42399,0.01
4,43722,6972,0.0,7165,1320,42402,0.01
6,43728,6973,1.0,7166,1320,42408,0.01
6,43734,6974,1.0,7167,1320,42414,0.01
6,43740,6975,1.0,7168,1320,42420,0.01
6,43746,6976,1.0,7169,1320,42426,0.01
6,43752,6977,1.0,7170,1320,42432,0.01
6,43758,6978,1.0,7171,1320,42438,0.01
6,43764,6979,1.0,7172,1320,42444,0.01
6,43770,6980,1.0,7173,1320,42450,0.01
7,43777,6981,1.0,7174,1321,42456,0.01
6,43783,6982,1.0,7175,1321,42462,0.01
6,43789,6983,1.0,7176,1321,42468,0.01
6,43795,6984,1.0,7177,1321,42474,0.01
6,43801,6985,1.0,7178,1321,42480,0.01
6,43807,6986,1.0,7179,1321,42486,0.01
6,43813,6987,1.0,7180,1321,42492,0.01
6,43819,6988,1.0,7181,1321,42498,0.01
6,43825,6989,1.0,7182,1321,42504,0.01
6,43831,6990,1.0,7183,1321,42510,0.01
6,43837,6991,1.0,7184,1321,42516,0.01
6,43843,6992,1.0,7185,1321,42522,0.01
6,43849,6993,1.0,7186,1321,42528,0.01
6,43855,6994,1.0,7187,1321,42534,0.01
6,43861,6995,1.0,7188,1321,42540,0.01
6,43867,6996,1.0,7189,1321,42546,0.01
6,43873,6997,1.0,7190,1321,42552,0.01
6,43879,6998,1.0,7191,1321,42558,0.01
6,43885,6999,1.0,7192,1321,42564,0.01
6,43891,7000,1.0,7193,1321,42570,0.01
6,43897,7001,1.0,7194,1321,42576,0.01
6,43903,7002,1.0,7195,1321,42582,0.01
6,43909,7003,1.0,7196,1321,42588,0.01
6,43915,7004,1.0,7197,1321,42594,0.01
6,43921,7005,1.0,7198,1321,42600,0.01
6,43927,7006,1.0,7199,1321,42606,0.01
6,43933,7007,1.0,7200,1321,42612,0.01
6,43939,7008,1.0,7201,1321,42618,0.01
6,43945,7009,1.0,7202,1321,42624,0.01
6,43951,7010,1.0,7203,1321,42630,0.01
6,43957,7011,1.0,7204,1321,42636,0.01
6,43963,7012,1.0,7205,1321,42642,0.01
6,43969,7013,1.0,7206,1321,42648,0.01
6,43975,7014,1.0,7207,1321,42654,0.01
6,43981,7015,1.0,7208,1321,42660,0.01
6,43987,7016,1.0,7209,1321,42666,0.01
6,43993,7017,1.0,7210,1321,42672,0.01
6,43999,7018,1.0,7211,1321,42678,0.01
6,44005,7019,1.0,7212,1321,42684,0.01
6,44011,7020,1.0,7213,1321,42690,0.01
6,44017,7021,1.0,7214,1321,42696,0.01
6,44023,7022,1.0,7215,1321,42702,0.01
6,44029,7023,1.0,7216,1321,42708,0.01
6,44035,7024,1.0,7217,1321,42714,0.01
6,44041,7025,1.0,7218,1321,42720,0.01
6,44047,7026,1.0,7219,1321,42726,0.01
6,44053,7027,1.0,7220,1321,42732,0.01
6,44059,7028,1.0,7221,1321,42738,0.01
6,44065,7029,1.0,7222,1321,42744,0.01
6,44071,7030,1.0,7223,1321,42750,0.01
6,44077,7031,1.0,7224,1321,42756,0.01
6,44083,7032,1.0,7225,1321,42762,0.01
6,44089,7033,1.0,7226,1321,42768,0.01
6,44095,7034,1.0,7227,1321,42774,0.01
6,44101,7035,1.0,7228,1321,42780,0.01
6,44107,7036,1.0,7229,1321,42786,0.01
6,44113,7037,1.0,7230,1321,42792,0.01
6,44119,7038,1.0,7231,1321,42798,0.01
6,44125,7039,1.0,7232,1321,42804,0.01
6,44131,7040,1.0,7233,1321,42810,0.01
6,44137,7041,1.0,7234,1321,42816,0.01
6,44143,7042,1.0,7235,1321,42822,0.01
7,44150,7043,1.0,7236,1322,42828,0.01
6,44156,7044,1.0,7237,1322,42834,0.01
6,44162,7045,1.0,7238,1322,42840,0.01
6,44168,7046,1.0,7239,1322,42846,0.01
6,44174,7047,1.0,7240,1322,42852,0.01
6,44180,7048,1.0,7241,1322,42858,0.01
6,44186,7049,1.0,7242,1322,42864,0.01
6,44192,7050,1.0,7243,1322,42870,0.01
6,44198,7051,1.0,7244,1322,42876,0.01
6,44204,7052,1.0,7245,1322,42882,0.01
6,44210,7053,1.0,7246,1322,42888,0.01
6,44216,7054,1.0,7247,1322,42894,0.01
6,44222,7055,1.0,7248,1322,42900,0.01
6,44228,7056,1.0,7249,1322,42906,0.01
6,44234,7057,1.0,7250,1322,42912,0.01
6,44240,7058,1.0,7251,1322,42918,0.01
6,44246,7059,1.0,7252,1322,42924,0.01
6,44252,7060,1.0,7253,1322,42930,0.01
6,44258,7061,1.0,7254,1322,42936,0.01
6,44264,7062,1.0,7255,1322,42942,0.01
6,44270,7063,1.0,7256,1322,42948,0.01
6,44276,7064,1.0,7257,1322,42954,0.01
6,44282,7065,1.0,7258,1322,42960,0.01
6,44288,7066,1.0,7259,1322,42966,0.01
6,44294,7067,1.0,7260,1322,42972,0.01
6,44300,7068,1.0,7261,1322,42978,0.01
6,44306,7069,1.0,7262,1322,42984,0.01
6,44312,7070,1.0,7263,1322,42990,0.01
6,44318,7071,1.0,7264,1322,42996,0.01
6,44324,7072,1.0,7265,1322,43002,0.01
6,44330,7073,1.0,7266,1322,43008,0.01
6,44336,7074,1.0,7267,1322,43014,0.01
6,44342,7075,1.0,7268,1322,43020,0.01
6,44348,7076,1.0,7269,1322,43026,0.01
6,44354,7077,1.0,7270,1322,43032,0.01
6,44360,7078,1.0,7271,1322,43038,0.01
6,44366,7079,1.0,7272,1322,43044,0.01
6,44372,7080,1.0,7273,1322,43050,0.01
6,44378,7081,1.0,7274,1322,43056,0.01
6,44384,7082,1.0,7275,1322,43062,0.01
6,44390,7083,1.0,7276,1322,43068,0.01
6,44396,7084,1.0,7277,1322,43074,0.01
6,44402,7085,1.0,7278,1322,43080,0.01
6,44408,7086,1.0,7279,1322,43086,0.01
6,44414,7087,1.0,7280,1322,43092,0.01
6,44420,7088,1.0,7281,1322,43098,0.01
6,44426,7089,1.0,7282,1322,43104,0.01
6,44432,7090,1.0,7283,1322,43110,0.01
6,44438,7091,1.0,7284,1322,43116,0.01
6,44444,7092,1.0,7285,1322,43122,0.01
6,44450,7093,1.0,7286,1322,43128,0.01
6,44456,7094,1.0,7287,1322,43134,0.01
6,44462,7095,1.0,7288,1322,43140,0.01
6,44468,7096,1.0,7289,1322,43146,0.01
6,44474,7097,1.0,7290,1322,43152,0.01
6,44480,7098,1.0,7291,1322,43158,0.01
6,44486,7099,1.0,7292,1322,43164,0.01
6,44492,7100,1.0,7293,1322,43170,0.01
6,44498,7101,1.0,7294,1322,43176,0.01
6,44504,7102,1.0,7295,1322,43182,0.01
6,44510,7103,1.0,7296,1322,43188,0.01
6,44516,7104,1.0,7297,1322,43194,0.01
6,44522,7105,1.0,7298,1322,43200,0.01
6,44528,7106,1.0,7299,1322,43206,0.01
6,44534,7107,1.0,7300,1322,43212,0.01
6,44540,7108,1.0,7301,1322,43218,0.01
6,44546,7109,1.0,7302,1322,43224,0.01
6,44552,7110,1.0,7303,1322,43230,0.01
6,44558,7111,1.0,7304,1322,43236,0.01
6,44564,7112,1.0,7305,1322,43242,0.01
6,44570,7113,1.0,7306,1322,43248,0.01
6,44576,7114,1.0,7307,1322,43254,0.01
6,44582,7115,1.0,7308,1322,43260,0.01
6,44588,7116,1.0,7309,1322,43266,0.01
6,44594,7117,1.0,7310,1322,43272,0.01
6,44600,7118,1.0,7311,1322,43278,0.01
6,44606,7119,1.0,7312,1322,43284,0.01
6,44612,7120,1.0,7313,1322,43290,0.01
6,44618,7121,1.0,7314,1323,43295,0.01
6,44624,7122,1.0,7315,1323,43301,0.01
6,44630,7123,1.0,7316,1323,43307,0.01
6,44636,7124,1.0,7317,1323,43313,0.01
6,44642,7125,1.0,7318,1323,43319,0.01
6,44648,7126,1.0,7319,1323,43325,0.01
6,44654,7127,1.0,7320,1323,43331,0.01
6,44660,7128,1.0,7321,1323,43337,0.01
6,44666,7129,1.0,7322,1323,43343,0.01
6,44672,7130,1.0,7323,1323,43349,0.01
6,44678,7131,1.0,7324,1323,43355,0.01
6,44684,7132,1.0,7325,1323,43361,0.01
6,44690,7133,1.0,7326,1323,43367,0.01
6,44696,7134,1.0,7327,1323,43373,0.01
6,44702,7135,1.0,7328,1323,43379,0.01
6,44708,7136,1.0,7329,1323,43385,0.01
6,44714,7137,1.0,7330,1323,43391,0.01
6,44720,7138,1.0,7331,1323,43397,0.01
6,44726,7139,1.0,7332,1323,43403,0.01
6,44732,7140,1.0,7333,1323,43409,0.01
6,44738,7141,1.0,7334,1323,43415,0.01
6,44744,7142,1.0,7335,1323,43421,0.01
6,44750,7143,1.0,7336,1323,43427,0.01
6,44756,7144,1.0,7337,1323,43433,0.01
6,44762,7145,1.0,7338,1323,43439,0.01
6,44768,7146,1.0,7339,1323,43445,0.01
6,44774,7147,1.0,7340,1323,43451,0.01
6,44780,7148,1.0,7341,1323,43457,0.01
6,44786,7149,1.0,7342,1323,43463,0.01
6,44792,7150,1.0,7343,1323,43469,0.01
6,44798,7151,1.0,7344,1323,43475,0.01
7,44805,7152,1.0,7345,1324,43481,0.01
6,44811,7153,1.0,7346,1324,43487,0.01
6,44817,7154,1.0,7347,1324,43493,0.01
6,44823,7155,1.0,7348,1324,43499,0.01
6,44829,7156,1.0,7349,1324,43505,0.01
6,44835,7157,1.0,7350,1324,43511,0.01
6,44841,7158,1.0,7351,1324,43517,0.01
6,44847,7159,1.0,7352,1324,43523,0.01
6,44853,7160,1.0,7353,1324,43529,0.01
6,44859,7161,1.0,7354,1324,43535,0.01
6,44865,7162,1.0,7355,1324,43541,0.01
6,44871,7163,1.0,7356,1324,43547,0.01
6,44877,7164,1.0,7357,1324,43553,0.01
6,44883,7165,1.0,7358,1324,43559,0.01
6,44889,7166,1.0,7359,1324,43565,0.01
6,44895,7167,1.0,7360,1324,43571,0.01
6,44901,7168,1.0,7361,1324,43577,0.01
6,44907,7169,1.0,7362,1324,43583,0.01
6,44913,7170,1.0,7363,1324,43589,0.01
6,44919,7171,1.0,7364,1324,43595,0.01
6,44925,7172,1.0,7365,1324,43601,0.01
6,44931,7173,1.0,7366,1324,43607,0.01
6,44937,7174,1.0,7367,1324,43613,0.01
6,44943,7175,1.0,7368,1324,43619,0.01
6,44949,7176,1.0,7369,1324,43625,0.01
6,44955,7177,1.0,7370,1324,43631,0.01
6,44961,7178,1.0,7371,1324,43637,0.01
6,44967,7179,1.0,7372,1324,43643,0.01
6,44973,7180,1.0,7373,1324,43649,0.01
6,44979,7181,1.0,7374,1324,43655,0.01
6,44985,7182,1.0,7375,1324,43661,0.01
6,44991,7183,1.0,7376,1324,43667,0.01
6,44997,7184,1.0,7377,1324,43673,0.01
6,45003,7185,1.0,7378,1324,43679,0.01
6,45009,7186,1.0,7379,1324,43685,0.01
6,45015,7187,1.0,7380,1324,43691,0.01
6,45021,7188,1.0,7381,1324,43697,0.01
6,45027,7189,1.0,7382,1324,43703,0.01
6,45033,7190,1.0,7383,1324,43709,0.01
6,45039,7191,1.0,7384,1324,43715,0.01
6,45045,7192,1.0,7385,1324,43721,0.01
6,45051,7193,1.0,7386,1324,43727,0.01
6,45057,7194,1.0,7387,1324,43733,0.01
6,45063,7195,1.0,7388,1324,43739,0.01
8,45071,7196,1.0,7389,1325,43746,0.01
6,45077,7197,1.0,7390,1325,43752,0.01
6,45083,7198,1.0,7391,1325,43758,0.01
6,45089,7199,1.0,7392,1325,43764,0.01
6,45095,7200,1.0,7393,1326,43769,0.01
6,45101,7201,1.0,7394,1326,43775,0.01
6,45107,7202,1.0,7395,1326,43781,0.01
6,45113,7203,1.0,7396,1326,43787,0.01
6,45119,7204,1.0,7397,1326,43793,0.01
2,45121,7204,0.0,7398,1327,43794,0.01
6,45127,7205,1.0,7399,1327,43800,0.01
6,45133,7206,1.0,7400,1327,43806,0.01
6,45139,7207,1.0,7401,1327,43812,0.01
6,45145,7208,1.0,7402,1327,43818,0.01
8,45153,7209,1.0,7403,1328,43825,0.01
6,45159,7210,1.0,7404,1328,43831,0.01
6,45165,7211,1.0,7405,1328,43837,0.01
6,45171,7212,1.0,7406,1328,43843,0.01
6,45177,7213,1.0,7407,1328,43849,0.01
6,45183,7214,1.0,7408,1328,43855,0.01
6,45189,7215,1.0,7409,1328,43861,0.01
6,45195,7216,1.0,7410,1328,43867,0.01
6,45201,7217,1.0,7411,1329,43872,0.01
6,45207,7218,1.0,7412,1330,43877,0.01
6,45213,7219,1.0,7413,1330,43883,0.01
6,45219,7220,1.0,7414,1330,43889,0.01
6,45225,7221,1.0,7415,1330,43895,0.01
6,45231,7222,1.0,7416,1330,43901,0.01
6,45237,7223,1.0,7417,1330,43907,0.01
6,45243,7224,1.0,7418,1330,43913,0.01
6,45249,7225,1.0,7419,1330,43919,0.01
6,45255,7226,1.0,7420,1330,43925,0.01
6,45261,7227,1.0,7421,1330,43931,0.01
6,45267,7228,1.0,7422,1330,43937,0.01
6,45273,7229,1.0,7423,1330,43943,0.01
6,45279,7230,1.0,7424,1330,43949,0.01
6,45285,7231,1.0,7425,1330,43955,0.01
6,45291,7232,1.0,7426,1330,43961,0.01
6,45297,7233,1.0,7427,1330,43967,0.01
6,45303,7234,1.0,7428,1330,43973,0.01
6,45309,7235,1.0,7429,1330,43979,0.01
6,45315,7236,1.0,7430,1331,43984,0.01
6,45321,7237,1.0,7431,1331,43990,0.01
6,45327,7238,1.0,7432,1331,43996,0.01
6,45333,7239,1.0,7433,1331,44002,0.01
6,45339,7240,1.0,7434,1331,44008,0.01
6,45345,7241,1.0,7435,1331,44014,0.01
6,45351,7242,1.0,7436,1331,44020,0.01
6,45357,7243,1.0,7437,1331,44026,0.01
8,45365,7244,1.0,7438,1332,44033,0.01
6,45371,7245,1.0,7439,1332,44039,0.01
6,45377,7246,1.0,7440,1332,44045,0.01
6,45383,7247,1.0,7441,1332,44051,0.01
6,45389,7248,1.0,7442,1332,44057,0.01
6,45395,7249,1.0,7443,1332,44063,0.01
6,45401,7250,1.0,7444,1332,44069,0.01
6,45407,7251,1.0,7445,1332,44075,0.01
6,45413,7252,1.0,7446,1332,44081,0.01
6,45419,7253,1.0,7447,1332,44087,0.01
6,45425,7254,1.0,7448,1332,44093,0.01
6,45431,7255,1.0,7449,1332,44099,0.01
6,45437,7256,1.0,7450,1332,44105,0.01
6,45443,7257,1.0,7451,1332,44111,0.01
6,45449,7258,1.0,7452,1332,44117,0.01
6,45455,7259,1.0,7453,1332,44123,0.01
6,45461,7260,1.0,7454,1332,44129,0.01
6,45467,7261,1.0,7455,1332,44135,0.01
6,45473,7262,1.0,7456,1332,44141,0.01
6,45479,7263,1.0,7457,1332,44147,0.01
6,45485,7264,1.0,7458,1332,44153,0.01
6,45491,7265,1.0,7459,1332,44159,0.01
6,45497,7266,1.0,7460,1332,44165,0.01
6,45503,7267,1.0,7461,1332,44171,0.01
6,45509,7268,1.0,7462,1332,44177,0.01
6,45515,7269,1.0,7463,1332,44183,0.01
6,45521,7270,1.0,7464,1332,44189,0.01
6,45527,7271,1.0,7465,1332,44195,0.01
6,45533,7272,1.0,7466,1332,44201,0.01
6,45539,7273,1.0,7467,1332,44207,0.01
6,45545,7274,1.0,7468,1332,44213,0.01
6,45551,7275,1.0,7469,1332,44219,0.01
6,45557,7276,1.0,7470,1332,44225,0.01
6,45563,7277,1.0,7471,1332,44231,0.01
6,45569,7278,1.0,7472,1332,44237,0.01
6,45575,7279,1.0,7473,1332,44243,0.01
6,45581,7280,1.0,7474,1332,44249,0.01
6,45587,7281,1.0,7475,1332,44255,0.01
6,45593,7282,1.0,7476,1332,44261,0.01
6,45599,7283,1.0,7477,1332,44267,0.01
6,45605,7284,1.0,7478,1332,44273,0.01
6,45611,7285,1.0,7479,1332,44279,0.01
6,45617,7286,1.0,7480,1332,44285,0.01
6,45623,7287,1.0,7481,1332,44291,0.01
6,45629,7288,1.0,7482,1332,44297,0.01
6,45635,7289,1.0,7483,1332,44303,0.01
6,45641,7290,1.0,7484,1332,44309,0.01
6,45647,7291,1.0,7485,1332,44315,0.01
6,45653,7292,1.0,7486,1332,44321,0.01
6,45659,7293,1.0,7487,1332,44327,0.01
6,45665,7294,1.0,7488,1332,44333,0.01
6,45671,7295,1.0,7489,1332,44339,0.01
6,45677,7296,1.0,7490,1332,44345,0.01
6,45683,7297,1.0,7491,1332,44351,0.01
8,45691,7298,1.0,7492,1333,44358,0.01
6,45697,7299,1.0,7493,1333,44364,0.01
6,45703,7300,1.0,7494,1333,44370,0.01
6,45709,7301,1.0,7495,1333,44376,0.01
6,45715,7302,1.0,7496,1333,44382,0.01
6,45721,7303,1.0,7497,1333,44388,0.01
6,45727,7304,1.0,7498,1333,44394,0.01
6,45733,7305,1.0,7499,1333,44400,0.01
6,45739,7306,1.0,7500,1334,44405,0.01
6,45745,7307,1.0,7501,1334,44411,0.01
6,45751,7308,1.0,7502,1334,44417,0.01
6,45757,7309,1.0,7503,1334,44423,0.01
6,45763,7310,1.0,7504,1334,44429,0.01
6,45769,7311,1.0,7505,1334,44435,0.01
6,45775,7312,1.0,7506,1334,44441,0.01
6,45781,7313,1.0,7507,1334,44447,0.01
6,45787,7314,1.0,7508,1334,44453,0.01
6,45793,7315,1.0,7509,1334,44459,0.01
7,45800,7316,1.0,7510,1335,44465,0.01
6,45806,7317,1.0,7511,1335,44471,0.01
6,45812,7318,1.0,7512,1335,44477,0.01
6,45818,7319,1.0,7513,1335,44483,0.01
6,45824,7320,1.0,7514,1335,44489,0.01
6,45830,7321,1.0,7515,1335,44495,0.01
6,45836,7322,1.0,7516,1335,44501,0.01
6,45842,7323,1.0,7517,1336,44506,0.01
6,45848,7324,1.0,7518,1336,44512,0.01
6,45854,7325,1.0,7519,1336,44518,0.01
6,45860,7326,1.0,7520,1336,44524,0.01
6,45866,7327,1.0,7521,1336,44530,0.01
6,45872,7328,1.0,7522,1336,44536,0.01
6,45878,7329,1.0,7523,1336,44542,0.01
6,45884,7330,1.0,7524,1336,44548,0.01
6,45890,7331,1.0,7525,1336,44554,0.01
6,45896,7332,1.0,7526,1336,44560,0.01
6,45902,7333,1.0,7527,1336,44566,0.01
6,45908,7334,1.0,7528,1336,44572,0.01
7,45915,7335,1.0,7529,1337,44578,0.01
6,45921,7336,1.0,7530,1337,44584,0.01
6,45927,7337,1.0,7531,1337,44590,0.01
6,45933,7338,1.0,7532,1337,44596,0.01
6,45939,7339,1.0,7533,1337,44602,0.01
6,45945,7340,1.0,7534,1337,44608,0.01
6,45951,7341,1.0,7535,1337,44614,0.01
6,45957,7342,1.0,7536,1337,44620,0.01
6,45963,7343,1.0,7537,1337,44626,0.01
6,45969,7344,1.0,7538,1337,44632,0.01
6,45975,7345,1.0,7539,1337,44638,0.01
6,45981,7346,1.0,7540,1337,44644,0.01
7,45988,7347,1.0,7541,1338,44650,0.01
8,45996,7348,1.0,7542,1339,44657,0.01
6,46002,7349,1.0,7543,1339,44663,0.01
6,46008,7350,1.0,7544,1339,44669,0.01
6,46014,7351,1.0,7545,1339,44675,0.01
6,46020,7352,1.0,7546,1339,44681,0.01
6,46026,7353,1.0,7547,1339,44687,0.01
6,46032,7354,1.0,7548,1339,44693,0.01
6,46038,7355,1.0,7549,1339,44699,0.01
6,46044,7356,1.0,7550,1339,44705,0.01
6,46050,7357,1.0,7551,1339,44711,0.01
6,46056,7358,1.0,7552,1339,44717,0.01
6,46062,7359,1.0,7553,1339,44723,0.01
6,46068,7360,1.0,7554,1339,44729,0.01
6,46074,7361,1.0,7555,1339,44735,0.01
6,46080,7362,1.0,7556,1339,44741,0.01
6,46086,7363,1.0,7557,1339,44747,0.01
6,46092,7364,1.0,7558,1339,44753,0.01
6,46098,7365,1.0,7559,1339,44759,0.01
6,46104,7366,1.0,7560,1339,44765,0.01
6,46110,7367,1.0,7561,1339,44771,0.01
6,46116,7368,1.0,7562,1339,44777,0.01
6,46122,7369,1.0,7563,1339,44783,0.01
6,46128,7370,1.0,7564,1339,44789,0.01
6,46134,7371,1.0,7565,1339,44795,0.01
6,46140,7372,1.0,7566,1339,44801,0.01
6,46146,7373,1.0,7567,1339,44807,0.01
6,46152,7374,1.0,7568,1339,44813,0.01
6,46158,7375,1.0,7569,1339,44819,0.01
6,46164,7376,1.0,7570,1339,44825,0.01
6,46170,7377,1.0,7571,1339,44831,0.01
6,46176,7378,1.0,7572,1339,44837,0.01
6,46182,7379,1.0,7573,1339,44843,0.01
6,46188,7380,1.0,7574,1339,44849,0.01
6,46194,7381,1.0,7575,1339,44855,0.01
8,46202,7382,1.0,7576,1340,44862,0.01
6,46208,7383,1.0,7577,1340,44868,0.01
6,46214,7384,1.0,7578,1340,44874,0.01
6,46220,7385,1.0,7579,1340,44880,0.01
6,46226,7386,1.0,7580,1340,44886,0.01
6,46232,7387,1.0,7581,1340,44892,0.01
6,46238,7388,1.0,7582,1340,44898,0.01
6,46244,7389,1.0,7583,1340,44904,0.01
6,46250,7390,1.0,7584,1340,44910,0.01
6,46256,7391,1.0,7585,1340,44916,0.01
6,46262,7392,1.0,7586,1340,44922,0.01
6,46268,7393,1.0,7587,1340,44928,0.01
6,46274,7394,1.0,7588,1340,44934,0.01
6,46280,7395,1.0,7589,1340,44940,0.01
6,46286,7396,1.0,7590,1340,44946,0.01
6,46292,7397,1.0,7591,1340,44952,0.01
6,46298,7398,1.0,7592,1340,44958,0.01
6,46304,7399,1.0,7593,1340,44964,0.01
6,46310,7400,1.0,7594,1340,44970,0.01
6,46316,7401,1.0,7595,1340,44976,0.01
6,46322,7402,1.0,7596,1340,44982,0.01
6,46328,7403,1.0,7597,1341,44987,0.01
6,46334,7404,1.0,7598,1341,44993,0.01
6,46340,7405,1.0,7599,1341,44999,0.01
6,46346,7406,1.0,7600,1341,45005,0.01
6,46352,7407,1.0,7601,1341,45011,0.01
6,46358,7408,1.0,7602,1341,45017,0.01
6,46364,7409,1.0,7603,1341,45023,0.01
6,46370,7410,1.0,7604,1341,45029,0.01
6,46376,7411,1.0,7605,1341,45035,0.01
6,46382,7412,1.0,7606,1341,45041,0.01
6,46388,7413,1.0,7607,1341,45047,0.01
6,46394,7414,1.0,7608,1341,45053,0.01
6,46400,7415,1.0,7609,1341,45059,0.01
6,46406,7416,1.0,7610,1341,45065,0.01
6,46412,7417,1.0,7611,1341,45071,0.01
6,46418,7418,1.0,7612,1341,45077,0.01
6,46424,7419,1.0,7613,1341,45083,0.01
6,46430,7420,1.0,7614,1341,45089,0.01
6,46436,7421,1.0,7615,1341,45095,0.01
6,46442,7422,1.0,7616,1341,45101,0.01
6,46448,7423,1.0,7617,1341,45107,0.01
6,46454,7424,1.0,7618,1341,45113,0.01
6,46460,7425,1.0,7619,1341,45119,0.01
6,46466,7426,1.0,7620,1341,45125,0.01
6,46472,7427,1.0,7621,1341,45131,0.01
6,46478,7428,1.0,7622,1341,45137,0.01
6,46484,7429,1.0,7623,1341,45143,0.01
6,46490,7430,1.0,7624,1341,45149,0.01
6,46496,7431,1.0,7625,1341,45155,0.01
6,46502,7432,1.0,7626,1341,45161,0.01
6,46508,7433,1.0,7627,1341,45167,0.01
6,46514,7434,1.0,7628,1341,45173,0.01
6,46520,7435,1.0,7629,1341,45179,0.01
6,46526,7436,1.0,7630,1341,45185,0.01
6,46532,7437,1.0,7631,1341,45191,0.01
6,46538,7438,1.0,7632,1341,45197,0.01
6,46544,7439,1.0,7633,1341,45203,0.01
6,46550,7440,1.0,7634,1341,45209,0.01
6,46556,7441,1.0,7635,1341,45215,0.01
6,46562,7442,1.0,7636,1341,45221,0.01
6,46568,7443,1.0,7637,1341,45227,0.01
6,46574,7444,1.0,7638,1341,45233,0.01
6,46580,7445,1.0,7639,1341,45239,0.01
6,46586,7446,1.0,7640,1341,45245,0.01
6,46592,7447,1.0,7641,1341,45251,0.01
6,46598,7448,1.0,7642,1341,45257,0.01
6,46604,7449,1.0,7643,1341,45263,0.01
6,46610,7450,1.0,7644,1341,45269,0.01
6,46616,7451,1.0,7645,1341,45275,0.01
6,46622,7452,1.0,7646,1341,45281,0.01
6,46628,7453,1.0,7647,1341,45287,0.01
6,46634,7454,1.0,7648,1341,45293,0.01
6,46640,7455,1.0,7649,1341,45299,0.01
6,46646,7456,1.0,7650,1341,45305,0.01
8,46654,7457,1.0,7651,1342,45312,0.01
6,46660,7458,1.0,7652,1342,45318,0.01
6,46666,7459,1.0,7653,1342,45324,0.01
6,46672,7460,1.0,7654,1342,45330,0.01
6,46678,7461,1.0,7655,1342,45336,0.01
6,46684,7462,1.0,7656,1342,45342,0.01
6,46690,7463,1.0,7657,1342,45348,0.01
6,46696,7464,1.0,7658,1342,45354,0.01
6,46702,7465,1.0,7659,1342,45360,0.01
6,46708,7466,1.0,7660,1342,45366,0.01
6,46714,7467,1.0,7661,1342,45372,0.01
6,46720,7468,1.0,7662,1342,45378,0.01
6,46726,7469,1.0,7663,1342,45384,0.01
6,46732,7470,1.0,7664,1342,45390,0.01
6,46738,7471,1.0,7665,1342,45396,0.01
6,46744,7472,1.0,7666,1342,45402,0.01
6,46750,7473,1.0,7667,1342,45408,0.01
6,46756,7474,1.0,7668,1342,45414,0.01
6,46762,7475,1.0,7669,1342,45420,0.01
6,46768,7476,1.0,7670,1342,45426,0.01
6,46774,7477,1.0,7671,1342,45432,0.01
6,46780,7478,1.0,7672,1342,45438,0.01
6,46786,7479,1.0,7673,1342,45444,0.01
6,46792,7480,1.0,7674,1342,45450,0.01
6,46798,7481,1.0,7675,1342,45456,0.01
6,46804,7482,1.0,7676,1342,45462,0.01
6,46810,7483,1.0,7677,1342,45468,0.01
6,46816,7484,1.0,7678,1342,45474,0.01
6,46822,7485,1.0,7679,1342,45480,0.01
7,46829,7486,1.0,7680,1343,45486,0.01
6,46835,7487,1.0,7681,1343,45492,0.01
6,46841,7488,1.0,7682,1343,45498,0.01
6,46847,7489,1.0,7683,1343,45504,0.01
6,46853,7490,1.0,7684,1343,45510,0.01
6,46859,7491,1.0,7685,1343,45516,0.01
6,46865,7492,1.0,7686,1343,45522,0.01
6,46871,7493,1.0,7687,1343,45528,0.01
7,46878,7494,1.0,7688,1344,45534,0.01
6,46884,7495,1.0,7689,1344,45540,0.01
6,46890,7496,1.0,7690,1344,45546,0.01
6,46896,7497,1.0,7691,1344,45552,0.01
6,46902,7498,1.0,7692,1344,45558,0.01
6,46908,7499,1.0,7693,1344,45564,0.01
6,46914,7500,1.0,7694,1344,45570,0.01
6,46920,7501,1.0,7695,1344,45576,0.01
6,46926,7502,1.0,7696,1344,45582,0.01
6,46932,7503,1.0,7697,1344,45588,0.01
6,46938,7504,1.0,7698,1344,45594,0.01
6,46944,7505,1.0,7699,1344,45600,0.01
6,46950,7506,1.0,7700,1344,45606,0.01
6,46956,7507,1.0,7701,1344,45612,0.01
6,46962,7508,1.0,7702,1344,45618,0.01
6,46968,7509,1.0,7703,1344,45624,0.01
6,46974,7510,1.0,7704,1344,45630,0.01
6,46980,7511,1.0,7705,1344,45636,0.01
6,46986,7512,1.0,7706,1344,45642,0.01
6,46992,7513,1.0,7707,1344,45648,0.01
6,46998,7514,1.0,7708,1344,45654,0.01
6,47004,7515,1.0,7709,1344,45660,0.01
6,47010,7516,1.0,7710,1344,45666,0.01
6,47016,7517,1.0,7711,1344,45672,0.01
6,47022,7518,1.0,7712,1344,45678,0.01
6,47028,7519,1.0,7713,1344,45684,0.01
6,47034,7520,1.0,7714,1344,45690,0.01
6,47040,7521,1.0,7715,1344,45696,0.01
6,47046,7522,1.0,7716,1344,45702,0.01
6,47052,7523,1.0,7717,1344,45708,0.01
6,47058,7524,1.0,7718,1344,45714,0.01
6,47064,7525,1.0,7719,1344,45720,0.01
6,47070,7526,1.0,7720,1344,45726,0.01
6,47076,7527,1.0,7721,1344,45732,0.01
7,47083,7528,1.0,7722,1345,45738,0.01
6,47089,7529,1.0,7723,1345,45744,0.01
6,47095,7530,1.0,7724,1345,45750,0.01
6,47101,7531,1.0,7725,1345,45756,0.01
6,47107,7532,1.0,7726,1345,45762,0.01
6,47113,7533,1.0,7727,1345,45768,0.01
6,47119,7534,1.0,7728,1345,45774,0.01
6,47125,7535,1.0,7729,1345,45780,0.01
6,47131,7536,1.0,7730,1345,45786,0.01
6,47137,7537,1.0,7731,1345,45792,0.01
6,47143,7538,1.0,7732,1345,45798,0.01
6,47149,7539,1.0,7733,1345,45804,0.01
6,47155,7540,1.0,7734,1345,45810,0.01
6,47161,7541,1.0,7735,1345,45816,0.01
6,47167,7542,1.0,7736,1345,45822,0.01
6,47173,7543,1.0,7737,1345,45828,0.01
6,47179,7544,1.0,7738,1345,45834,0.01
6,47185,7545,1.0,7739,1345,45840,0.01
6,47191,7546,1.0,7740,1345,45846,0.01
6,47197,7547,1.0,7741,1345,45852,0.01
6,47203,7548,1.0,7742,1345,45858,0.01
6,47209,7549,1.0,7743,1345,45864,0.01
6,47215,7550,1.0,7744,1345,45870,0.01
6,47221,7551,1.0,7745,1345,45876,0.01
8,47229,7552,1.0,7746,1346,45883,0.01
6,47235,7553,1.0,7747,1346,45889,0.01
6,47241,7554,1.0,7748,1346,45895,0.01
6,47247,7555,1.0,7749,1346,45901,0.01
6,47253,7556,1.0,7750,1346,45907,0.01
6,47259,7557,1.0,7751,1346,45913,0.01
6,47265,7558,1.0,7752,1346,45919,0.01
6,47271,7559,1.0,7753,1346,45925,0.01
6,47277,7560,1.0,7754,1346,45931,0.01
6,47283,7561,1.0,7755,1346,45937,0.01
6,47289,7562,1.0,7756,1346,45943,0.01
6,47295,7563,1.0,7757,1346,45949,0.01
6,47301,7564,1.0,7758,1346,45955,0.01
6,47307,7565,1.0,7759,1346,45961,0.01
6,47313,7566,1.0,7760,1346,45967,0.01
6,47319,7567,1.0,7761,1346,45973,0.01
6,47325,7568,1.0,7762,1346,45979,0.01
6,47331,7569,1.0,7763,1346,45985,0.01
6,47337,7570,1.0,7764,1346,45991,0.01
6,47343,7571,1.0,7765,1346,45997,0.01
6,47349,7572,1.0,7766,1346,46003,0.01
6,47355,7573,1.0,7767,1346,46009,0.01
6,47361,7574,1.0,7768,1346,46015,0.01
6,47367,7575,1.0,7769,1346,46021,0.01
6,47373,7576,1.0,7770,1346,46027,0.01
6,47379,7577,1.0,7771,1346,46033,0.01
6,47385,7578,1.0,7772,1346,46039,0.01
6,47391,7579,1.0,7773,1346,46045,0.01
6,47397,7580,1.0,7774,1346,46051,0.01
6,47403,7581,1.0,7775,1346,46057,0.01
6,47409,7582,1.0,7776,1346,46063,0.01
6,47415,7583,1.0,7777,1346,46069,0.01
6,47421,7584,1.0,7778,1346,46075,0.01
6,47427,7585,1.0,7779,1346,46081,0.01
6,47433,7586,1.0,7780,1346,46087,0.01
6,47439,7587,1.0,7781,1346,46093,0.01
6,47445,7588,1.0,7782,1346,46099,0.01
6,47451,7589,1.0,7783,1346,46105,0.01
6,47457,7590,1.0,7784,1346,46111,0.01
6,47463,7591,1.0,7785,1346,46117,0.01
6,47469,7592,1.0,7786,1346,46123,0.01
6,47475,7593,1.0,7787,1346,46129,0.01
6,47481,7594,1.0,7788,1346,46135,0.01
6,47487,7595,1.0,7789,1346,46141,0.01
6,47493,7596,1.0,7790,1346,46147,0.01
6,47499,7597,1.0,7791,1346,46153,0.01
6,47505,7598,1.0,7792,1346,46159,0.01
6,47511,7599,1.0,7793,1347,46164,0.01
6,47517,7600,1.0,7794,1347,46170,0.01
6,47523,7601,1.0,7795,1347,46176,0.01
6,47529,7602,1.0,7796,1347,46182,0.01
6,47535,7603,1.0,7797,1347,46188,0.01
6,47541,7604,1.0,7798,1347,46194,0.01
6,47547,7605,1.0,7799,1347,46200,0.01
6,47553,7606,1.0,7800,1347,46206,0.01
6,47559,7607,1.0,7801,1347,46212,0.01
6,47565,7608,1.0,7802,1347,46218,0.01
6,47571,7609,1.0,7803,1347,46224,0.01
6,47577,7610,1.0,7804,1347,46230,0.01
6,47583,7611,1.0,7805,1347,46236,0.01
6,47589,7612,1.0,7806,1347,46242,0.01
6,47595,7613,1.0,7807,1347,46248,0.01
6,47601,7614,1.0,7808,1347,46254,0.01
6,47607,7615,1.0,7809,1347,46260,0.01
6,47613,7616,1.0,7810,1347,46266,0.01
6,47619,7617,1.0,7811,1347,46272,0.01
6,47625,7618,1.0,7812,1347,46278,0.01
6,47631,7619,1.0,7813,1347,46284,0.01
6,47637,7620,1.0,7814,1347,46290,0.01
6,47643,7621,1.0,7815,1347,46296,0.01
6,47649,7622,1.0,7816,1347,46302,0.01
6,47655,7623,1.0,7817,1347,46308,0.01
6,47661,7624,1.0,7818,1347,46314,0.01
6,47667,7625,1.0,7819,1347,46320,0.01
6,47673,7626,1.0,7820,1347,46326,0.01
6,47679,7627,1.0,7821,1347,46332,0.01
6,47685,7628,1.0,7822,1347,46338,0.01
6,47691,7629,1.0,7823,1347,46344,0.01
6,47697,7630,1.0,7824,1347,46350,0.01
6,47703,7631,1.0,7825,1347,46356,0.01
6,47709,7632,1.0,7826,1347,46362,0.01
7,47716,7633,1.0,7827,1348,46368,0.01
6,47722,7634,1.0,7828,1348,46374,0.01
6,47728,7635,1.0,7829,1348,46380,0.01
6,47734,7636,1.0,7830,1348,46386,0.01
6,47740,7637,1.0,7831,1348,46392,0.01
6,47746,7638,1.0,7832,1348,46398,0.01
6,47752,7639,1.0,7833,1348,46404,0.01
6,47758,7640,1.0,7834,1348,46410,0.01
6,47764,7641,1.0,7835,1348,46416,0.01
6,47770,7642,1.0,7836,1348,46422,0.01
6,47776,7643,1.0,7837,1348,46428,0.01
6,47782,7644,1.0,7838,1348,46434,0.01
6,47788,7645,1.0,7839,1348,46440,0.01
6,47794,7646,1.0,7840,1348,46446,0.01
6,47800,7647,1.0,7841,1348,46452,0.01
6,47806,7648,1.0,7842,1348,46458,0.01
6,47812,7649,1.0,7843,1348,46464,0.01
6,47818,7650,1.0,7844,1348,46470,0.01
6,47824,7651,1.0,7845,1348,46476,0.01
6,47830,7652,1.0,7846,1348,46482,0.01
6,47836,7653,1.0,7847,1348,46488,0.01
6,47842,7654,1.0,7848,1348,46494,0.01
6,47848,7655,1.0,7849,1348,46500,0.01
6,47854,7656,1.0,7850,1348,46506,0.01
6,47860,7657,1.0,7851,1348,46512,0.01
6,47866,7658,1.0,7852,1348,46518,0.01
6,47872,7659,1.0,7853,1348,46524,0.01
6,47878,7660,1.0,7854,1348,46530,0.01
6,47884,7661,1.0,7855,1348,46536,0.01
6,47890,7662,1.0,7856,1348,46542,0.01
6,47896,7663,1.0,7857,1348,46548,0.01
6,47902,7664,1.0,7858,1348,46554,0.01
6,47908,7665,1.0,7859,1348,46560,0.01
6,47914,7666,1.0,7860,1348,46566,0.01
6,47920,7667,1.0,7861,1348,46572,0.01
6,47926,7668,1.0,7862,1348,46578,0.01
6,47932,7669,1.0,7863,1348,46584,0.01
6,47938,7670,1.0,7864,1348,46590,0.01
6,47944,7671,1.0,7865,1348,46596,0.01
6,47950,7672,1.0,7866,1348,46602,0.01
6,47956,7673,1.0,7867,1348,46608,0.01
6,47962,7674,1.0,7868,1348,46614,0.01
6,47968,7675,1.0,7869,1348,46620,0.01
6,47974,7676,1.0,7870,1348,46626,0.01
6,47980,7677,1.0,7871,1348,46632,0.01
6,47986,7678,1.0,7872,1348,46638,0.01
6,47992,7679,1.0,7873,1348,46644,0.01
6,47998,7680,1.0,7874,1348,46650,0.01
6,48004,7681,1.0,7875,1349,46655,0.01
6,48010,7682,1.0,7876,1350,46660,0.01
6,48016,7683,1.0,7877,1350,46666,0.01
6,48022,7684,1.0,7878,1350,46672,0.01
6,48028,7685,1.0,7879,1350,46678,0.01
6,48034,7686,1.0,7880,1351,46683,0.01
6,48040,7687,1.0,7881,1351,46689,0.01
6,48046,7688,1.0,7882,1351,46695,0.01
6,48052,7689,1.0,7883,1351,46701,0.01
6,48058,7690,1.0,7884,1351,46707,0.01
6,48064,7691,1.0,7885,1351,46713,0.01
6,48070,7692,1.0,7886,1351,46719,0.01
8,48078,7693,1.0,7887,1352,46726,0.01
6,48084,7694,1.0,7888,1352,46732,0.01
8,48092,7695,1.0,7889,1353,46739,0.01
6,48098,7696,1.0,7890,1353,46745,0.01
6,48104,7697,1.0,7891,1353,46751,0.01
6,48110,7698,1.0,7892,1353,46757,0.01
6,48116,7699,1.0,7893,1353,46763,0.01
7,48123,7700,1.0,7894,1354,46769,0.01
6,48129,7701,1.0,7895,1354,46775,0.01
6,48135,7702,1.0,7896,1354,46781,0.01
6,48141,7703,1.0,7897,1354,46787,0.01
6,48147,7704,1.0,7898,1354,46793,0.01
6,48153,7705,1.0,7899,1354,46799,0.01
6,48159,7706,1.0,7900,1354,46805,0.01
6,48165,7707,1.0,7901,1354,46811,0.01
6,48171,7708,1.0,7902,1354,46817,0.01
6,48177,7709,1.0,7903,1354,46823,0.01
6,48183,7710,1.0,7904,1354,46829,0.01
8,48191,7711,1.0,7905,1355,46836,0.01
6,48197,7712,1.0,7906,1355,46842,0.01
6,48203,7713,1.0,7907,1355,46848,0.01
6,48209,7714,1.0,7908,1355,46854,0.01
8,48217,7715,1.0,7909,1356,46861,0.01
6,48223,7716,1.0,7910,1356,46867,0.01
6,48229,7717,1.0,7911,1356,46873,0.01
2,48231,7717,0.0,7912,1357,46874,0.01
6,48237,7718,1.0,7913,1358,46879,0.01
6,48243,7719,1.0,7914,1358,46885,0.01
6,48249,7720,1.0,7915,1358,46891,0.01
6,48255,7721,1.0,7916,1358,46897,0.01
6,48261,7722,1.0,7917,1358,46903,0.01
6,48267,7723,1.0,7918,1358,46909,0.01
6,48273,7724,1.0,7919,1358,46915,0.01
6,48279,7725,1.0,7920,1358,46921,0.01
6,48285,7726,1.0,7921,1358,46927,0.01
6,48291,7727,1.0,7922,1358,46933,0.01
6,48297,7728,1.0,7923,1358,46939,0.01
6,48303,7729,1.0,7924,1358,46945,0.01
6,48309,7730,1.0,7925,1358,46951,0.01
6,48315,7731,1.0,7926,1358,46957,0.01
6,48321,7732,1.0,7927,1358,46963,0.01
6,48327,7733,1.0,7928,1358,46969,0.01
6,48333,7734,1.0,7929,1358,46975,0.01
6,48339,7735,1.0,7930,1358,46981,0.01
6,48345,7736,1.0,7931,1358,46987,0.01
6,48351,7737,1.0,7932,1358,46993,0.01
6,48357,7738,1.0,7933,1358,46999,0.01
6,48363,7739,1.0,7934,1358,47005,0.01
6,48369,7740,1.0,7935,1358,47011,0.01
6,48375,7741,1.0,7936,1358,47017,0.01
6,48381,7742,1.0,7937,1358,47023,0.01
6,48387,7743,1.0,7938,1358,47029,0.01
6,48393,7744,1.0,7939,1358,47035,0.01
6,48399,7745,1.0,7940,1358,47041,0.01
6,48405,7746,1.0,7941,1358,47047,0.01
6,48411,7747,1.0,7942,1358,47053,0.01
6,48417,7748,1.0,7943,1358,47059,0.01
6,48423,7749,1.0,7944,1358,47065,0.01
6,48429,7750,1.0,7945,1358,47071,0.01
6,48435,7751,1.0,7946,1358,47077,0.01
6,48441,7752,1.0,7947,1358,47083,0.01
6,48447,7753,1.0,7948,1358,47089,0.01
6,48453,7754,1.0,7949,1358,47095,0.01
6,48459,7755,1.0,7950,1358,47101,0.01
6,48465,7756,1.0,7951,1358,47107,0.01
6,48471,7757,1.0,7952,1358,47113,0.01
6,48477,7758,1.0,7953,1358,47119,0.01
6,48483,7759,1.0,7954,1358,47125,0.01
7,48490,7760,1.0,7955,1359,47131,0.01
6,48496,7761,1.0,7956,1359,47137,0.01
6,48502,7762,1.0,7957,1359,47143,0.01
6,48508,7763,1.0,7958,1359,47149,0.01
6,48514,7764,1.0,7959,1359,47155,0.01
6,48520,7765,1.0,7960,1359,47161,0.01
6,48526,7766,1.0,7961,1359,47167,0.01
6,48532,7767,1.0,7962,1359,47173,0.01
8,48540,7768,1.0,7963,1360,47180,0.01
6,48546,7769,1.0,7964,1360,47186,0.01
6,48552,7770,1.0,7965,1360,47192,0.01
6,48558,7771,1.0,7966,1360,47198,0.01
6,48564,7772,1.0,7967,1360,47204,0.01
6,48570,7773,1.0,7968,1360,47210,0.01
6,48576,7774,1.0,7969,1360,47216,0.01
6,48582,7775,1.0,7970,1360,47222,0.01
6,48588,7776,1.0,7971,1360,47228,0.01
6,48594,7777,1.0,7972,1360,47234,0.01
6,48600,7778,1.0,7973,1360,47240,0.01
6,48606,7779,1.0,7974,1360,47246,0.01
6,48612,7780,1.0,7975,1360,47252,0.01
6,48618,7781,1.0,7976,1360,47258,0.01
6,48624,7782,1.0,7977,1361,47263,0.01
6,48630,7783,1.0,7978,1361,47269,0.01
6,48636,7784,1.0,7979,1361,47275,0.01
6,48642,7785,1.0,7980,1361,47281,0.01
6,48648,7786,1.0,7981,1361,47287,0.01
6,48654,7787,1.0,7982,1361,47293,0.01
6,48660,7788,1.0,7983,1361,47299,0.01
6,48666,7789,1.0,7984,1361,47305,0.01
6,48672,7790,1.0,7985,1361,47311,0.01
6,48678,7791,1.0,7986,1361,47317,0.01
6,48684,7792,1.0,7987,1361,47323,0.01
6,48690,7793,1.0,7988,1361,47329,0.01
6,48696,7794,1.0,7989,1361,47335,0.01
6,48702,7795,1.0,7990,1361,47341,0.01
6,48708,7796,1.0,7991,1361,47347,0.01
6,48714,7797,1.0,7992,1361,47353,0.01
6,48720,7798,1.0,7993,1361,47359,0.01
6,48726,7799,1.0,7994,1361,47365,0.01
6,48732,7800,1.0,7995,1361,47371,0.01
6,48738,7801,1.0,7996,1361,47377,0.01
6,48744,7802,1.0,7997,1361,47383,0.01
6,48750,7803,1.0,7998,1361,47389,0.01
6,48756,7804,1.0,7999,1361,47395,0.01
6,48762,7805,1.0,8000,1361,47401,0.01
6,48768,7806,1.0,8001,1362,47406,0.01
6,48774,7807,1.0,8002,1362,47412,0.01
6,48780,7808,1.0,8003,1362,47418,0.01
6,48786,7809,1.0,8004,1362,47424,0.01
6,48792,7810,1.0,8005,1362,47430,0.01
6,48798,7811,1.0,8006,1362,47436,0.01
6,48804,7812,1.0,8007,1362,47442,0.01
6,48810,7813,1.0,8008,1362,47448,0.01
6,48816,7814,1.0,8009,1362,47454,0.01
6,48822,7815,1.0,8010,1362,47460,0.01
6,48828,7816,1.0,8011,1362,47466,0.01
6,48834,7817,1.0,8012,1362,47472,0.01
6,48840,7818,1.0,8013,1362,47478,0.01
6,48846,7819,1.0,8014,1362,47484,0.01
6,48852,7820,1.0,8015,1362,47490,0.01
6,48858,7821,1.0,8016,1362,47496,0.01
6,48864,7822,1.0,8017,1362,47502,0.01
6,48870,7823,1.0,8018,1362,47508,0.01
6,48876,7824,1.0,8019,1362,47514,0.01
6,48882,7825,1.0,8020,1362,47520,0.01
6,48888,7826,1.0,8021,1362,47526,0.01
6,48894,7827,1.0,8022,1362,47532,0.01
6,48900,7828,1.0,8023,1362,47538,0.01
6,48906,7829,1.0,8024,1362,47544,0.01
6,48912,7830,1.0,8025,1362,47550,0.01
6,48918,7831,1.0,8026,1362,47556,0.01
6,48924,7832,1.0,8027,1362,47562,0.01
6,48930,7833,1.0,8028,1362,47568,0.01
6,48936,7834,1.0,8029,1362,47574,0.01
2,48938,7834,0.0,8030,1363,47575,0.01
6,48944,7835,1.0,8031,1363,47581,0.01
7,48951,7836,1.0,8032,1364,47587,0.01
6,48957,7837,1.0,8033,1364,47593,0.01
6,48963,7838,1.0,8034,1364,47599,0.01
6,48969,7839,1.0,8035,1364,47605,0.01
6,48975,7840,1.0,8036,1364,47611,0.01
6,48981,7841,1.0,8037,1364,47617,0.01
6,48987,7842,1.0,8038,1364,47623,0.01
6,48993,7843,1.0,8039,1364,47629,0.01
6,48999,7844,1.0,8040,1364,47635,0.01
6,49005,7845,1.0,8041,1364,47641,0.01
6,49011,7846,1.0,8042,1364,47647,0.01
6,49017,7847,1.0,8043,1364,47653,0.01
6,49023,7848,1.0,8044,1364,47659,0.01
6,49029,7849,1.0,8045,1364,47665,0.01
8,49037,7850,1.0,8046,1365,47672,0.01
6,49043,7851,1.0,8047,1365,47678,0.01
6,49049,7852,1.0,8048,1365,47684,0.01
6,49055,7853,1.0,8049,1365,47690,0.01
6,49061,7854,1.0,8050,1365,47696,0.01
6,49067,7855,1.0,8051,1365,47702,0.01
6,49073,7856,1.0,8052,1365,47708,0.01
6,49079,7857,1.0,8053,1365,47714,0.01
6,49085,7858,1.0,8054,1365,47720,0.01
6,49091,7859,1.0,8055,1365,47726,0.01
6,49097,7860,1.0,8056,1365,47732,0.01
6,49103,7861,1.0,8057,1365,47738,0.01
6,49109,7862,1.0,8058,1365,47744,0.01
6,49115,7863,1.0,8059,1365,47750,0.01
6,49121,7864,1.0,8060,1365,47756,0.01
6,49127,7865,1.0,8061,1365,47762,0.01
6,49133,7866,1.0,8062,1365,47768,0.01
6,49139,7867,1.0,8063,1365,47774,0.01
6,49145,7868,1.0,8064,1365,47780,0.01
6,49151,7869,1.0,8065,1365,47786,0.01
6,49157,7870,1.0,8066,1365,47792,0.01
6,49163,7871,1.0,8067,1365,47798,0.01
6,49169,7872,1.0,8068,1365,47804,0.01
6,49175,7873,1.0,8069,1365,47810,0.01
6,49181,7874,1.0,8070,1365,47816,0.01
4,49185,7874,0.0,8071,1366,47819,0.01
6,49191,7875,1.0,8072,1366,47825,0.01
6,49197,7876,1.0,8073,1366,47831,0.01
6,49203,7877,1.0,8074,1366,47837,0.01
6,49209,7878,1.0,8075,1366,47843,0.01
6,49215,7879,1.0,8076,1366,47849,0.01
6,49221,7880,1.0,8077,1366,47855,0.01
6,49227,7881,1.0,8078,1366,47861,0.01
6,49233,7882,1.0,8079,1366,47867,0.01
6,49239,7883,1.0,8080,1366,47873,0.01
6,49245,7884,1.0,8081,1366,47879,0.01
6,49251,7885,1.0,8082,1366,47885,0.01
6,49257,7886,1.0,8083,1367,47890,0.01
6,49263,7887,1.0,8084,1367,47896,0.01
6,49269,7888,1.0,8085,1367,47902,0.01
6,49275,7889,1.0,8086,1367,47908,0.01
6,49281,7890,1.0,8087,1367,47914,0.01
6,49287,7891,1.0,8088,1367,47920,0.01
6,49293,7892,1.0,8089,1367,47926,0.01
6,49299,7893,1.0,8090,1367,47932,0.01
6,49305,7894,1.0,8091,1367,47938,0.01
6,49311,7895,1.0,8092,1367,47944,0.01
6,49317,7896,1.0,8093,1367,47950,0.01
6,49323,7897,1.0,8094,1367,47956,0.01
6,49329,7898,1.0,8095,1367,47962,0.01
6,49335,7899,1.0,8096,1367,47968,0.01
6,49341,7900,1.0,8097,1368,47973,0.01
6,49347,7901,1.0,8098,1368,47979,0.01
6,49353,7902,1.0,8099,1368,47985,0.01
6,49359,7903,1.0,8100,1368,47991,0.01
6,49365,7904,1.0,8101,1368,47997,0.01
6,49371,7905,1.0,8102,1368,48003,0.01
6,49377,7906,1.0,8103,1368,48009,0.01
6,49383,7907,1.0,8104,1368,48015,0.01
6,49389,7908,1.0,8105,1368,48021,0.01
6,49395,7909,1.0,8106,1368,48027,0.01
6,49401,7910,1.0,8107,1368,48033,0.01
6,49407,7911,1.0,8108,1368,48039,0.01
6,49413,7912,1.0,8109,1368,48045,0.01
6,49419,7913,1.0,8110,1368,48051,0.01
6,49425,7914,1.0,8111,1368,48057,0.01
6,49431,7915,1.0,8112,1368,48063,0.01
6,49437,7916,1.0,8113,1368,48069,0.01
6,49443,7917,1.0,8114,1368,48075,0.01
6,49449,7918,1.0,8115,1368,48081,0.01
6,49455,7919,1.0,8116,1368,48087,0.01
6,49461,7920,1.0,8117,1368,48093,0.01
6,49467,7921,1.0,8118,1368,48099,0.01
6,49473,7922,1.0,8119,1368,48105,0.01
6,49479,7923,1.0,8120,1368,48111,0.01
6,49485,7924,1.0,8121,1368,48117,0.01
6,49491,7925,1.0,8122,1368,48123,0.01
7,49498,7926,1.0,8123,1369,48129,0.01
6,49504,7927,1.0,8124,1369,48135,0.01
6,49510,7928,1.0,8125,1369,48141,0.01
6,49516,7929,1.0,8126,1369,48147,0.01
6,49522,7930,1.0,8127,1369,48153,0.01
6,49528,7931,1.0,8128,1369,48159,0.01
6,49534,7932,1.0,8129,1369,48165,0.01
6,49540,7933,1.0,8130,1369,48171,0.01
6,49546,7934,1.0,8131,1369,48177,0.01
6,49552,7935,1.0,8132,1369,48183,0.01
6,49558,7936,1.0,8133,1369,48189,0.01
6,49564,7937,1.0,8134,1369,48195,0.01
6,49570,7938,1.0,8135,1369,48201,0.01
6,49576,7939,1.0,8136,1369,48207,0.01
6,49582,7940,1.0,8137,1369,48213,0.01
6,49588,7941,1.0,8138,1369,48219,0.01
6,49594,7942,1.0,8139,1369,48225,0.01
6,49600,7943,1.0,8140,1369,48231,0.01
6,49606,7944,1.0,8141,1370,48236,0.01
6,49612,7945,1.0,8142,1370,48242,0.01
6,49618,7946,1.0,8143,1371,48247,0.01
6,49624,7947,1.0,8144,1371,48253,0.01
6,49630,7948,1.0,8145,1371,48259,0.01
6,49636,7949,1.0,8146,1371,48265,0.01
6,49642,7950,1.0,8147,1371,48271,0.01
6,49648,7951,1.0,8148,1371,48277,0.01
6,49654,7952,1.0,8149,1371,48283,0.01
6,49660,7953,1.0,8150,1371,48289,0.01
6,49666,7954,1.0,8151,1371,48295,0.01
8,49674,7955,1.0,8152,1372,48302,0.01
6,49680,7956,1.0,8153,1372,48308,0.01
6,49686,7957,1.0,8154,1372,48314,0.01
6,49692,7958,1.0,8155,1372,48320,0.01
6,49698,7959,1.0,8156,1372,48326,0.01
6,49704,7960,1.0,8157,1373,48331,0.01
6,49710,7961,1.0,8158,1373,48337,0.01
6,49716,7962,1.0,8159,1373,48343,0.01
6,49722,7963,1.0,8160,1373,48349,0.01
6,49728,7964,1.0,8161,1373,48355,0.01
6,49734,7965,1.0,8162,1373,48361,0.01
6,49740,7966,1.0,8163,1373,48367,0.01
6,49746,7967,1.0,8164,1373,48373,0.01
6,49752,7968,1.0,8165,1373,48379,0.01
6,49758,7969,1.0,8166,1373,48385,0.01
7,49765,7970,1.0,8167,1374,48391,0.01
6,49771,7971,1.0,8168,1374,48397,0.01
6,49777,7972,1.0,8169,1374,48403,0.01
6,49783,7973,1.0,8170,1374,48409,0.01
6,49789,7974,1.0,8171,1374,48415,0.01
6,49795,7975,1.0,8172,1374,48421,0.01
6,49801,7976,1.0,8173,1374,48427,0.01
6,49807,7977,1.0,8174,1374,48433,0.01
6,49813,7978,1.0,8175,1374,48439,0.01
6,49819,7979,1.0,8176,1374,48445,0.01
6,49825,7980,1.0,8177,1374,48451,0.01
6,49831,7981,1.0,8178,1374,48457,0.01
6,49837,7982,1.0,8179,1374,48463,0.01
7,49844,7983,1.0,8180,1375,48469,0.01
6,49850,7984,1.0,8181,1375,48475,0.01
6,49856,7985,1.0,8182,1375,48481,0.01
6,49862,7986,1.0,8183,1375,48487,0.01
6,49868,7987,1.0,8184,1375,48493,0.01
6,49874,7988,1.0,8185,1375,48499,0.01
6,49880,7989,1.0,8186,1375,48505,0.01
6,49886,7990,1.0,8187,1375,48511,0.01
6,49892,7991,1.0,8188,1375,48517,0.01
6,49898,7992,1.0,8189,1375,48523,0.01
6,49904,7993,1.0,8190,1375,48529,0.01
6,49910,7994,1.0,8191,1375,48535,0.01
6,49916,7995,1.0,8192,1375,48541,0.01
6,49922,7996,1.0,8193,1375,48547,0.01
6,49928,7997,1.0,8194,1375,48553,0.01
6,49934,7998,1.0,8195,1375,48559,0.01
6,49940,7999,1.0,8196,1375,48565,0.01
6,49946,8000,1.0,8197,1375,48571,0.01
6,49952,8001,1.0,8198,1375,48577,0.01
6,49958,8002,1.0,8199,1375,48583,0.01
6,49964,8003,1.0,8200,1375,48589,0.01
6,49970,8004,1.0,8201,1375,48595,0.01
6,49976,8005,1.0,8202,1375,48601,0.01
6,49982,8006,1.0,8203,1375,48607,0.01
6,49988,8007,1.0,8204,1375,48613,0.01
6,49994,8008,1.0,8205,1375,48619,0.01
6,50000,8009,1.0,8206,1375,48625,0.01
6,50006,8010,1.0,8207,1375,48631,0.01
7,50013,8011,1.0,8208,1376,48637,0.01
6,50019,8012,1.0,8209,1376,48643,0.01
6,50025,8013,1.0,8210,1376,48649,0.01
6,50031,8014,1.0,8211,1376,48655,0.01
6,50037,8015,1.0,8212,1376,48661,0.01
6,50043,8016,1.0,8213,1376,48667,0.01
6,50049,8017,1.0,8214,1376,48673,0.01
6,50055,8018,1.0,8215,1376,48679,0.01
6,50061,8019,1.0,8216,1376,48685,0.01
6,50067,8020,1.0,8217,1376,48691,0.01
6,50073,8021,1.0,8218,1376,48697,0.01
6,50079,8022,1.0,8219,1376,48703,0.01
6,50085,8023,1.0,8220,1376,48709,0.01
6,50091,8024,1.0,8221,1376,48715,0.01
6,50097,8025,1.0,8222,1376,48721,0.01
6,50103,8026,1.0,8223,1376,48727,0.01
6,50109,8027,1.0,8224,1376,48733,0.01
6,50115,8028,1.0,8225,1376,48739,0.01
6,50121,8029,1.0,8226,1376,48745,0.01
6,50127,8030,1.0,8227,1376,48751,0.01
6,50133,8031,1.0,8228,1376,48757,0.01
6,50139,8032,1.0,8229,1376,48763,0.01
6,50145,8033,1.0,8230,1376,48769,0.01
6,50151,8034,1.0,8231,1376,48775,0.01
6,50157,8035,1.0,8232,1376,48781,0.01
2,50159,8035,0.0,8233,1377,48782,0.01
6,50165,8036,1.0,8234,1377,48788,0.01
6,50171,8037,1.0,8235,1377,48794,0.01
6,50177,8038,1.0,8236,1377,48800,0.01
6,50183,8039,1.0,8237,1377,48806,0.01
6,50189,8040,1.0,8238,1377,48812,0.01
6,50195,8041,1.0,8239,1377,48818,0.01
6,50201,8042,1.0,8240,1377,48824,0.01
6,50207,8043,1.0,8241,1377,48830,0.01
6,50213,8044,1.0,8242,1377,48836,0.01
6,50219,8045,1.0,8243,1377,48842,0.01
6,50225,8046,1.0,8244,1377,48848,0.01
6,50231,8047,1.0,8245,1377,48854,0.01
6,50237,8048,1.0,8246,1377,48860,0.01
6,50243,8049,1.0,8247,1377,48866,0.01
6,50249,8050,1.0,8248,1377,48872,0.01
6,50255,8051,1.0,8249,1378,48877,0.01
6,50261,8052,1.0,8250,1378,48883,0.01
6,50267,8053,1.0,8251,1378,48889,0.01
6,50273,8054,1.0,8252,1378,48895,0.01
6,50279,8055,1.0,8253,1378,48901,0.01
6,50285,8056,1.0,8254,1378,48907,0.01
6,50291,8057,1.0,8255,1378,48913,0.01
6,50297,8058,1.0,8256,1378,48919,0.01
6,50303,8059,1.0,8257,1378,48925,0.01
6,50309,8060,1.0,8258,1378,48931,0.01
6,50315,8061,1.0,8259,1378,48937,0.01
6,50321,8062,1.0,8260,1378,48943,0.01
6,50327,8063,1.0,8261,1378,48949,0.01
6,50333,8064,1.0,8262,1378,48955,0.01
6,50339,8065,1.0,8263,1378,48961,0.01
3,50342,8065,0.0,8264,1379,48963,0.01
6,50348,8066,1.0,8265,1379,48969,0.01
6,50354,8067,1.0,8266,1379,48975,0.01
6,50360,8068,1.0,8267,1379,48981,0.01
6,50366,8069,1.0,8268,1379,48987,0.01
6,50372,8070,1.0,8269,1379,48993,0.01
6,50378,8071,1.0,8270,1379,48999,0.01
6,50384,8072,1.0,8271,1379,49005,0.01
6,50390,8073,1.0,8272,1379,49011,0.01
6,50396,8074,1.0,8273,1379,49017,0.01
6,50402,8075,1.0,8274,1379,49023,0.01
6,50408,8076,1.0,8275,1379,49029,0.01
6,50414,8077,1.0,8276,1379,49035,0.01
6,50420,8078,1.0,8277,1379,49041,0.01
6,50426,8079,1.0,8278,1379,49047,0.01
6,50432,8080,1.0,8279,1379,49053,0.01
6,50438,8081,1.0,8280,1379,49059,0.01
6,50444,8082,1.0,8281,1379,49065,0.01
6,50450,8083,1.0,8282,1379,49071,0.01
6,50456,8084,1.0,8283,1379,49077,0.01
6,50462,8085,1.0,8284,1379,49083,0.01
6,50468,8086,1.0,8285,1379,49089,0.01
6,50474,8087,1.0,8286,1379,49095,0.01
6,50480,8088,1.0,8287,1379,49101,0.01
6,50486,8089,1.0,8288,1379,49107,0.01
6,50492,8090,1.0,8289,1379,49113,0.01
6,50498,8091,1.0,8290,1379,49119,0.01
6,50504,8092,1.0,8291,1379,49125,0.01
6,50510,8093,1.0,8292,1379,49131,0.01
6,50516,8094,1.0,8293,1379,49137,0.01
6,50522,8095,1.0,8294,1379,49143,0.01
6,50528,8096,1.0,8295,1379,49149,0.01
7,50535,8097,1.0,8296,1380,49155,0.01
6,50541,8098,1.0,8297,1381,49160,0.01
6,50547,8099,1.0,8298,1381,49166,0.01
6,50553,8100,1.0,8299,1381,49172,0.01
6,50559,8101,1.0,8300,1381,49178,0.01
6,50565,8102,1.0,8301,1381,49184,0.01
6,50571,8103,1.0,8302,1381,49190,0.01
2,50573,8103,0.0,8303,1382,49191,0.01
6,50579,8104,1.0,8304,1382,49197,0.01
6,50585,8105,1.0,8305,1382,49203,0.01
6,50591,8106,1.0,8306,1382,49209,0.01
6,50597,8107,1.0,8307,1382,49215,0.01
6,50603,8108,1.0,8308,1382,49221,0.01
6,50609,8109,1.0,8309,1382,49227,0.01
6,50615,8110,1.0,8310,1382,49233,0.01
6,50621,8111,1.0,8311,1382,49239,0.01
6,50627,8112,1.0,8312,1382,49245,0.01
6,50633,8113,1.0,8313,1382,49251,0.01
6,50639,8114,1.0,8314,1382,49257,0.01
6,50645,8115,1.0,8315,1382,49263,0.01
6,50651,8116,1.0,8316,1382,49269,0.01
6,50657,8117,1.0,8317,1382,49275,0.01
6,50663,8118,1.0,8318,1382,49281,0.01
6,50669,8119,1.0,8319,1382,49287,0.01
6,50675,8120,1.0,8320,1382,49293,0.01
6,50681,8121,1.0,8321,1382,49299,0.01
6,50687,8122,1.0,8322,1382,49305,0.01
6,50693,8123,1.0,8323,1382,49311,0.01
6,50699,8124,1.0,8324,1382,49317,0.01
6,50705,8125,1.0,8325,1382,49323,0.01
6,50711,8126,1.0,8326,1382,49329,0.01
6,50717,8127,1.0,8327,1382,49335,0.01
6,50723,8128,1.0,8328,1382,49341,0.01
6,50729,8129,1.0,8329,1382,49347,0.01
6,50735,8130,1.0,8330,1382,49353,0.01
6,50741,8131,1.0,8331,1382,49359,0.01
6,50747,8132,1.0,8332,1382,49365,0.01
6,50753,8133,1.0,8333,1382,49371,0.01
6,50759,8134,1.0,8334,1382,49377,0.01
6,50765,8135,1.0,8335,1382,49383,0.01
6,50771,8136,1.0,8336,1382,49389,0.01
6,50777,8137,1.0,8337,1382,49395,0.01
6,50783,8138,1.0,8338,1382,49401,0.01
6,50789,8139,1.0,8339,1382,49407,0.01
6,50795,8140,1.0,8340,1382,49413,0.01
6,50801,8141,1.0,8341,1382,49419,0.01
6,50807,8142,1.0,8342,1382,49425,0.01
6,50813,8143,1.0,8343,1382,49431,0.01
6,50819,8144,1.0,8344,1382,49437,0.01
6,50825,8145,1.0,8345,1382,49443,0.01
6,50831,8146,1.0,8346,1382,49449,0.01
6,50837,8147,1.0,8347,1382,49455,0.01
6,50843,8148,1.0,8348,1382,49461,0.01
6,50849,8149,1.0,8349,1382,49467,0.01
6,50855,8150,1.0,8350,1382,49473,0.01
6,50861,8151,1.0,8351,1382,49479,0.01
6,50867,8152,1.0,8352,1382,49485,0.01
6,50873,8153,1.0,8353,1382,49491,0.01
6,50879,8154,1.0,8354,1382,49497,0.01
6,50885,8155,1.0,8355,1382,49503,0.01
6,50891,8156,1.0,8356,1382,49509,0.01
6,50897,8157,1.0,8357,1382,49515,0.01
6,50903,8158,1.0,8358,1382,49521,0.01
6,50909,8159,1.0,8359,1382,49527,0.01
6,50915,8160,1.0,8360,1382,49533,0.01
6,50921,8161,1.0,8361,1382,49539,0.01
6,50927,8162,1.0,8362,1382,49545,0.01
6,50933,8163,1.0,8363,1382,49551,0.01
6,50939,8164,1.0,8364,1382,49557,0.01
6,50945,8165,1.0,8365,1383,49562,0.01
6,50951,8166,1.0,8366,1383,49568,0.01
8,50959,8167,1.0,8367,1384,49575,0.01
6,50965,8168,1.0,8368,1384,49581,0.01
6,50971,8169,1.0,8369,1384,49587,0.01
6,50977,8170,1.0,8370,1384,49593,0.01
6,50983,8171,1.0,8371,1384,49599,0.01
6,50989,8172,1.0,8372,1384,49605,0.01
6,50995,8173,1.0,8373,1384,49611,0.01
6,51001,8174,1.0,8374,1384,49617,0.01
6,51007,8175,1.0,8375,1384,49623,0.01
6,51013,8176,1.0,8376,1384,49629,0.01
6,51019,8177,1.0,8377,1384,49635,0.01
6,51025,8178,1.0,8378,1384,49641,0.01
6,51031,8179,1.0,8379,1384,49647,0.01
6,51037,8180,1.0,8380,1384,49653,0.01
6,51043,8181,1.0,8381,1384,49659,0.01
6,51049,8182,1.0,8382,1384,49665,0.01
6,51055,8183,1.0,8383,1384,49671,0.01
6,51061,8184,1.0,8384,1384,49677,0.01
6,51067,8185,1.0,8385,1384,49683,0.01
6,51073,8186,1.0,8386,1384,49689,0.01
6,51079,8187,1.0,8387,1384,49695,0.01
6,51085,8188,1.0,8388,1384,49701,0.01
6,51091,8189,1.0,8389,1384,49707,0.01
6,51097,8190,1.0,8390,1384,49713,0.01
6,51103,8191,1.0,8391,1384,49719,0.01
6,51109,8192,1.0,8392,1384,49725,0.01
6,51115,8193,1.0,8393,1384,49731,0.01
6,51121,8194,1.0,8394,1384,49737,0.01
6,51127,8195,1.0,8395,1384,49743,0.01
6,51133,8196,1.0,8396,1384,49749,0.01
6,51139,8197,1.0,8397,1384,49755,0.01
6,51145,8198,1.0,8398,1384,49761,0.01
6,51151,8199,1.0,8399,1384,49767,0.01
6,51157,8200,1.0,8400,1384,49773,0.01
6,51163,8201,1.0,8401,1384,49779,0.01
6,51169,8202,1.0,8402,1384,49785,0.01
6,51175,8203,1.0,8403,1385,49790,0.01
6,51181,8204,1.0,8404,1385,49796,0.01
6,51187,8205,1.0,8405,1385,49802,0.01
6,51193,8206,1.0,8406,1385,49808,0.01
6,51199,8207,1.0,8407,1385,49814,0.01
6,51205,8208,1.0,8408,1385,49820,0.01
8,51213,8209,1.0,8409,1386,49827,0.01
6,51219,8210,1.0,8410,1386,49833,0.01
6,51225,8211,1.0,8411,1386,49839,0.01
8,51233,8212,1.0,8412,1387,49846,0.01
6,51239,8213,1.0,8413,1387,49852,0.01
6,51245,8214,1.0,8414,1387,49858,0.01
6,51251,8215,1.0,8415,1387,49864,0.01
6,51257,8216,1.0,8416,1387,49870,0.01
6,51263,8217,1.0,8417,1387,49876,0.01
6,51269,8218,1.0,8418,1387,49882,0.01
6,51275,8219,1.0,8419,1387,49888,0.01
6,51281,8220,1.0,8420,1387,49894,0.01
6,51287,8221,1.0,8421,1387,49900,0.01
6,51293,8222,1.0,8422,1387,49906,0.01
6,51299,8223,1.0,8423,1387,49912,0.01
6,51305,8224,1.0,8424,1387,49918,0.01
6,51311,8225,1.0,8425,1387,49924,0.01
6,51317,8226,1.0,8426,1387,49930,0.01
6,51323,8227,1.0,8427,1387,49936,0.01
6,51329,8228,1.0,8428,1387,49942,0.01
6,51335,8229,1.0,8429,1387,49948,0.01
6,51341,8230,1.0,8430,1387,49954,0.01
6,51347,8231,1.0,8431,1387,49960,0.01
6,51353,8232,1.0,8432,1387,49966,0.01
6,51359,8233,1.0,8433,1387,49972,0.01
6,51365,8234,1.0,8434,1387,49978,0.01
6,51371,8235,1.0,8435,1387,49984,0.01
6,51377,8236,1.0,8436,1387,49990,0.01
6,51383,8237,1.0,8437,1387,49996,0.01
6,51389,8238,1.0,8438,1387,50002,0.01
6,51395,8239,1.0,8439,1387,50008,0.01
6,51401,8240,1.0,8440,1387,50014,0.01
6,51407,8241,1.0,8441,1387,50020,0.01
6,51413,8242,1.0,8442,1387,50026,0.01
6,51419,8243,1.0,8443,1387,50032,0.01
6,51425,8244,1.0,8444,1387,50038,0.01
8,51433,8245,1.0,8445,1388,50045,0.01
6,51439,8246,1.0,8446,1388,50051,0.01
6,51445,8247,1.0,8447,1388,50057,0.01
6,51451,8248,1.0,8448,1388,50063,0.01
6,51457,8249,1.0,8449,1388,50069,0.01
6,51463,8250,1.0,8450,1388,50075,0.01
7,51470,8251,1.0,8451,1389,50081,0.01
6,51476,8252,1.0,8452,1389,50087,0.01
6,51482,8253,1.0,8453,1389,50093,0.01
6,51488,8254,1.0,8454,1389,50099,0.01
6,51494,8255,1.0,8455,1389,50105,0.01
6,51500,8256,1.0,8456,1389,50111,0.01
6,51506,8257,1.0,8457,1389,50117,0.01
6,51512,8258,1.0,8458,1389,50123,0.01
6,51518,8259,1.0,8459,1389,50129,0.01
6,51524,8260,1.0,8460,1389,50135,0.01
6,51530,8261,1.0,8461,1389,50141,0.01
6,51536,8262,1.0,8462,1389,50147,0.01
6,51542,8263,1.0,8463,1389,50153,0.01
6,51548,8264,1.0,8464,1389,50159,0.01
6,51554,8265,1.0,8465,1389,50165,0.01
6,51560,8266,1.0,8466,1389,50171,0.01
6,51566,8267,1.0,8467,1389,50177,0.01
6,51572,8268,1.0,8468,1389,50183,0.01
6,51578,8269,1.0,8469,1389,50189,0.01
6,51584,8270,1.0,8470,1389,50195,0.01
6,51590,8271,1.0,8471,1389,50201,0.01
6,51596,8272,1.0,8472,1389,50207,0.01
6,51602,8273,1.0,8473,1389,50213,0.01
7,51609,8274,1.0,8474,1390,50219,0.01
6,51615,8275,1.0,8475,1390,50225,0.01
6,51621,8276,1.0,8476,1390,50231,0.01
6,51627,8277,1.0,8477,1390,50237,0.01
6,51633,8278,1.0,8478,1390,50243,0.01
6,51639,8279,1.0,8479,1390,50249,0.01
6,51645,8280,1.0,8480,1390,50255,0.01
6,51651,8281,1.0,8481,1390,50261,0.01
6,51657,8282,1.0,8482,1390,50267,0.01
6,51663,8283,1.0,8483,1390,50273,0.01
6,51669,8284,1.0,8484,1390,50279,0.01
6,51675,8285,1.0,8485,1390,50285,0.01
6,51681,8286,1.0,8486,1390,50291,0.01
6,51687,8287,1.0,8487,1390,50297,0.01
6,51693,8288,1.0,8488,1390,50303,0.01
6,51699,8289,1.0,8489,1390,50309,0.01
6,51705,8290,1.0,8490,1390,50315,0.01
6,51711,8291,1.0,8491,1390,50321,0.01
6,51717,8292,1.0,8492,1390,50327,0.01
6,51723,8293,1.0,8493,1390,50333,0.01
6,51729,8294,1.0,8494,1390,50339,0.01
6,51735,8295,1.0,8495,1390,50345,0.01
6,51741,8296,1.0,8496,1390,50351,0.01
6,51747,8297,1.0,8497,1390,50357,0.01
6,51753,8298,1.0,8498,1390,50363,0.01
7,51760,8299,1.0,8499,1391,50369,0.01
6,51766,8300,1.0,8500,1391,50375,0.01
6,51772,8301,1.0,8501,1391,50381,0.01
6,51778,8302,1.0,8502,1391,50387,0.01
8,51786,8303,1.0,8503,1392,50394,0.01
6,51792,8304,1.0,8504,1392,50400,0.01
8,51800,8305,1.0,8505,1393,50407,0.01
6,51806,8306,1.0,8506,1393,50413,0.01
6,51812,8307,1.0,8507,1393,50419,0.01
6,51818,8308,1.0,8508,1393,50425,0.01
6,51824,8309,1.0,8509,1393,50431,0.01
6,51830,8310,1.0,8510,1393,50437,0.01
6,51836,8311,1.0,8511,1393,50443,0.01
6,51842,8312,1.0,8512,1393,50449,0.01
6,51848,8313,1.0,8513,1393,50455,0.01
8,51856,8314,1.0,8514,1394,50462,0.01
6,51862,8315,1.0,8515,1394,50468,0.01
6,51868,8316,1.0,8516,1394,50474,0.01
6,51874,8317,1.0,8517,1394,50480,0.01
6,51880,8318,1.0,8518,1394,50486,0.01
6,51886,8319,1.0,8519,1394,50492,0.01
6,51892,8320,1.0,8520,1394,50498,0.01
6,51898,8321,1.0,8521,1394,50504,0.01
6,51904,8322,1.0,8522,1394,50510,0.01
6,51910,8323,1.0,8523,1395,50515,0.01
6,51916,8324,1.0,8524,1395,50521,0.01
6,51922,8325,1.0,8525,1395,50527,0.01
6,51928,8326,1.0,8526,1395,50533,0.01
6,51934,8327,1.0,8527,1395,50539,0.01
6,51940,8328,1.0,8528,1395,50545,0.01
6,51946,8329,1.0,8529,1395,50551,0.01
6,51952,8330,1.0,8530,1395,50557,0.01
6,51958,8331,1.0,8531,1395,50563,0.01
6,51964,8332,1.0,8532,1395,50569,0.01
6,51970,8333,1.0,8533,1395,50575,0.01
6,51976,8334,1.0,8534,1395,50581,0.01
6,51982,8335,1.0,8535,1395,50587,0.01
6,51988,8336,1.0,8536,1395,50593,0.01
6,51994,8337,1.0,8537,1395,50599,0.01
6,52000,8338,1.0,8538,1395,50605,0.01
6,52006,8339,1.0,8539,1395,50611,0.01
6,52012,8340,1.0,8540,1395,50617,0.01
6,52018,8341,1.0,8541,1395,50623,0.01
6,52024,8342,1.0,8542,1395,50629,0.01
6,52030,8343,1.0,8543,1395,50635,0.01
6,52036,8344,1.0,8544,1395,50641,0.01
6,52042,8345,1.0,8545,1395,50647,0.01
6,52048,8346,1.0,8546,1395,50653,0.01
6,52054,8347,1.0,8547,1395,50659,0.01
6,52060,8348,1.0,8548,1395,50665,0.01
6,52066,8349,1.0,8549,1395,50671,0.01
6,52072,8350,1.0,8550,1395,50677,0.01
6,52078,8351,1.0,8551,1395,50683,0.01
6,52084,8352,1.0,8552,1395,50689,0.01
6,52090,8353,1.0,8553,1395,50695,0.01
6,52096,8354,1.0,8554,1395,50701,0.01
6,52102,8355,1.0,8555,1395,50707,0.01
6,52108,8356,1.0,8556,1395,50713,0.01
6,52114,8357,1.0,8557,1395,50719,0.01
6,52120,8358,1.0,8558,1395,50725,0.01
6,52126,8359,1.0,8559,1395,50731,0.01
6,52132,8360,1.0,8560,1395,50737,0.01
2,52134,8360,0.0,8561,1396,50738,0.01
6,52140,8361,1.0,8562,1396,50744,0.01
6,52146,8362,1.0,8563,1396,50750,0.01
6,52152,8363,1.0,8564,1397,50755,0.01
6,52158,8364,1.0,8565,1397,50761,0.01
6,52164,8365,1.0,8566,1397,50767,0.01
6,52170,8366,1.0,8567,1397,50773,0.01
6,52176,8367,1.0,8568,1397,50779,0.01
6,52182,8368,1.0,8569,1397,50785,0.01
6,52188,8369,1.0,8570,1397,50791,0.01
6,52194,8370,1.0,8571,1397,50797,0.01
6,52200,8371,1.0,8572,1397,50803,0.01
6,52206,8372,1.0,8573,1397,50809,0.01
6,52212,8373,1.0,8574,1397,50815,0.01
6,52218,8374,1.0,8575,1397,50821,0.01
6,52224,8375,1.0,8576,1397,50827,0.01
6,52230,8376,1.0,8577,1397,50833,0.01
6,52236,8377,1.0,8578,1397,50839,0.01
6,52242,8378,1.0,8579,1397,50845,0.01
6,52248,8379,1.0,8580,1397,50851,0.01
6,52254,8380,1.0,8581,1397,50857,0.01
6,52260,8381,1.0,8582,1397,50863,0.01
6,52266,8382,1.0,8583,1397,50869,0.01
6,52272,8383,1.0,8584,1397,50875,0.01
6,52278,8384,1.0,8585,1397,50881,0.01
6,52284,8385,1.0,8586,1397,50887,0.01
6,52290,8386,1.0,8587,1397,50893,0.01
6,52296,8387,1.0,8588,1397,50899,0.01
6,52302,8388,1.0,8589,1397,50905,0.01
6,52308,8389,1.0,8590,1397,50911,0.01
6,52314,8390,1.0,8591,1397,50917,0.01
6,52320,8391,1.0,8592,1397,50923,0.01
6,52326,8392,1.0,8593,1397,50929,0.01
6,52332,8393,1.0,8594,1397,50935,0.01
6,52338,8394,1.0,8595,1397,50941,0.01
6,52344,8395,1.0,8596,1397,50947,0.01
6,52350,8396,1.0,8597,1397,50953,0.01
6,52356,8397,1.0,8598,1397,50959,0.01
6,52362,8398,1.0,8599,1397,50965,0.01
6,52368,8399,1.0,8600,1397,50971,0.01
6,52374,8400,1.0,8601,1397,50977,0.01
6,52380,8401,1.0,8602,1397,50983,0.01
6,52386,8402,1.0,8603,1397,50989,0.01
6,52392,8403,1.0,8604,1397,50995,0.01
6,52398,8404,1.0,8605,1397,51001,0.01
6,52404,8405,1.0,8606,1397,51007,0.01
6,52410,8406,1.0,8607,1397,51013,0.01
6,52416,8407,1.0,8608,1397,51019,0.01
6,52422,8408,1.0,8609,1397,51025,0.01
6,52428,8409,1.0,8610,1397,51031,0.01
6,52434,8410,1.0,8611,1397,51037,0.01
6,52440,8411,1.0,8612,1397,51043,0.01
6,52446,8412,1.0,8613,1397,51049,0.01
6,52452,8413,1.0,8614,1397,51055,0.01
6,52458,8414,1.0,8615,1397,51061,0.01
6,52464,8415,1.0,8616,1397,51067,0.01
6,52470,8416,1.0,8617,1397,51073,0.01
6,52476,8417,1.0,8618,1397,51079,0.01
6,52482,8418,1.0,8619,1397,51085,0.01
6,52488,8419,1.0,8620,1397,51091,0.01
6,52494,8420,1.0,8621,1397,51097,0.01
6,52500,8421,1.0,8622,1397,51103,0.01
6,52506,8422,1.0,8623,1397,51109,0.01
6,52512,8423,1.0,8624,1397,51115,0.01
6,52518,8424,1.0,8625,1397,51121,0.01
6,52524,8425,1.0,8626,1397,51127,0.01
6,52530,8426,1.0,8627,1397,51133,0.01
6,52536,8427,1.0,8628,1397,51139,0.01
6,52542,8428,1.0,8629,1397,51145,0.01
6,52548,8429,1.0,8630,1397,51151,0.01
6,52554,8430,1.0,8631,1397,51157,0.01
6,52560,8431,1.0,8632,1397,51163,0.01
6,52566,8432,1.0,8633,1397,51169,0.01
6,52572,8433,1.0,8634,1397,51175,0.01
6,52578,8434,1.0,8635,1397,51181,0.01
6,52584,8435,1.0,8636,1397,51187,0.01
4,52588,8435,0.0,8637,1398,51190,0.01
6,52594,8436,1.0,8638,1398,51196,0.01
6,52600,8437,1.0,8639,1398,51202,0.01
6,52606,8438,1.0,8640,1398,51208,0.01
6,52612,8439,1.0,8641,1398,51214,0.01
6,52618,8440,1.0,8642,1398,51220,0.01
6,52624,8441,1.0,8643,1398,51226,0.01
6,52630,8442,1.0,8644,1398,51232,0.01
6,52636,8443,1.0,8645,1398,51238,0.01
6,52642,8444,1.0,8646,1398,51244,0.01
6,52648,8445,1.0,8647,1398,51250,0.01
6,52654,8446,1.0,8648,1398,51256,0.01
6,52660,8447,1.0,8649,1398,51262,0.01
6,52666,8448,1.0,8650,1398,51268,0.01
6,52672,8449,1.0,8651,1398,51274,0.01
6,52678,8450,1.0,8652,1398,51280,0.01
6,52684,8451,1.0,8653,1398,51286,0.01
6,52690,8452,1.0,8654,1398,51292,0.01
6,52696,8453,1.0,8655,1398,51298,0.01
6,52702,8454,1.0,8656,1398,51304,0.01
6,52708,8455,1.0,8657,1398,51310,0.01
6,52714,8456,1.0,8658,1398,51316,0.01
6,52720,8457,1.0,8659,1398,51322,0.01
6,52726,8458,1.0,8660,1398,51328,0.01
6,52732,8459,1.0,8661,1398,51334,0.01
6,52738,8460,1.0,8662,1398,51340,0.01
6,52744,8461,1.0,8663,1398,51346,0.01
7,52751,8462,1.0,8664,1399,51352,0.01
6,52757,8463,1.0,8665,1399,51358,0.01
6,52763,8464,1.0,8666,1399,51364,0.01
6,52769,8465,1.0,8667,1399,51370,0.01
6,52775,8466,1.0,8668,1399,51376,0.01
6,52781,8467,1.0,8669,1399,51382,0.01
6,52787,8468,1.0,8670,1399,51388,0.01
6,52793,8469,1.0,8671,1399,51394,0.01
6,52799,8470,1.0,8672,1399,51400,0.01
6,52805,8471,1.0,8673,1399,51406,0.01
6,52811,8472,1.0,8674,1399,51412,0.01
6,52817,8473,1.0,8675,1399,51418,0.01
6,52823,8474,1.0,8676,1399,51424,0.01
6,52829,8475,1.0,8677,1399,51430,0.01
6,52835,8476,1.0,8678,1399,51436,0.01
6,52841,8477,1.0,8679,1399,51442,0.01
6,52847,8478,1.0,8680,1399,51448,0.01
6,52853,8479,1.0,8681,1399,51454,0.01
6,52859,8480,1.0,8682,1399,51460,0.01
6,52865,8481,1.0,8683,1399,51466,0.01
7,52872,8482,1.0,8684,1400,51472,0.01
6,52878,8483,1.0,8685,1400,51478,0.01
6,52884,8484,1.0,8686,1400,51484,0.01
7,52891,8485,1.0,8687,1401,51490,0.01
6,52897,8486,1.0,8688,1401,51496,0.01
6,52903,8487,1.0,8689,1401,51502,0.01
6,52909,8488,1.0,8690,1401,51508,0.01
6,52915,8489,1.0,8691,1401,51514,0.01
6,52921,8490,1.0,8692,1401,51520,0.01
6,52927,8491,1.0,8693,1401,51526,0.01
6,52933,8492,1.0,8694,1401,51532,0.01
6,52939,8493,1.0,8695,1401,51538,0.01
6,52945,8494,1.0,8696,1401,51544,0.01
8,52953,8495,1.0,8697,1402,51551,0.01
6,52959,8496,1.0,8698,1402,51557,0.01
8,52967,8497,1.0,8699,1403,51564,0.01
6,52973,8498,1.0,8700,1403,51570,0.01
6,52979,8499,1.0,8701,1403,51576,0.01
6,52985,8500,1.0,8702,1403,51582,0.01
6,52991,8501,1.0,8703,1403,51588,0.01
6,52997,8502,1.0,8704,1403,51594,0.01
6,53003,8503,1.0,8705,1403,51600,0.01
6,53009,8504,1.0,8706,1403,51606,0.01
6,53015,8505,1.0,8707,1403,51612,0.01
6,53021,8506,1.0,8708,1403,51618,0.01
6,53027,8507,1.0,8709,1403,51624,0.01
6,53033,8508,1.0,8710,1403,51630,0.01
7,53040,8509,1.0,8711,1404,51636,0.01
6,53046,8510,1.0,8712,1404,51642,0.01
6,53052,8511,1.0,8713,1404,51648,0.01
6,53058,8512,1.0,8714,1404,51654,0.01
6,53064,8513,1.0,8715,1404,51660,0.01
6,53070,8514,1.0,8716,1404,51666,0.01
6,53076,8515,1.0,8717,1404,51672,0.01
6,53082,8516,1.0,8718,1404,51678,0.01
6,53088,8517,1.0,8719,1404,51684,0.01
6,53094,8518,1.0,8720,1404,51690,0.01
6,53100,8519,1.0,8721,1405,51695,0.01
6,53106,8520,1.0,8722,1405,51701,0.01
6,53112,8521,1.0,8723,1405,51707,0.01
6,53118,8522,1.0,8724,1405,51713,0.01
6,53124,8523,1.0,8725,1405,51719,0.01
6,53130,8524,1.0,8726,1405,51725,0.01
6,53136,8525,1.0,8727,1405,51731,0.01
6,53142,8526,1.0,8728,1405,51737,0.01
6,53148,8527,1.0,8729,1405,51743,0.01
6,53154,8528,1.0,8730,1405,51749,0.01
6,53160,8529,1.0,8731,1405,51755,0.01
6,53166,8530,1.0,8732,1405,51761,0.01
6,53172,8531,1.0,8733,1405,51767,0.01
6,53178,8532,1.0,8734,1405,51773,0.01
6,53184,8533,1.0,8735,1405,51779,0.01
6,53190,8534,1.0,8736,1405,51785,0.01
6,53196,8535,1.0,8737,1405,51791,0.01
6,53202,8536,1.0,8738,1405,51797,0.01
6,53208,8537,1.0,8739,1405,51803,0.01
6,53214,8538,1.0,8740,1406,51808,0.01
6,53220,8539,1.0,8741,1406,51814,0.01
6,53226,8540,1.0,8742,1406,51820,0.01
6,53232,8541,1.0,8743,1406,51826,0.01
6,53238,8542,1.0,8744,1406,51832,0.01
6,53244,8543,1.0,8745,1406,51838,0.01
6,53250,8544,1.0,8746,1406,51844,0.01
6,53256,8545,1.0,8747,1406,51850,0.01
6,53262,8546,1.0,8748,1406,51856,0.01
6,53268,8547,1.0,8749,1406,51862,0.01
6,53274,8548,1.0,8750,1406,51868,0.01
6,53280,8549,1.0,8751,1406,51874,0.01
3,53283,8549,0.0,8752,1407,51876,0.01
6,53289,8550,1.0,8753,1407,51882,0.01
6,53295,8551,1.0,8754,1407,51888,0.01
6,53301,8552,1.0,8755,1407,51894,0.01
6,53307,8553,1.0,8756,1407,51900,0.01
6,53313,8554,1.0,8757,1407,51906,0.01
6,53319,8555,1.0,8758,1407,51912,0.01
6,53325,8556,1.0,8759,1407,51918,0.01
6,53331,8557,1.0,8760,1407,51924,0.01
6,53337,8558,1.0,8761,1407,51930,0.01
6,53343,8559,1.0,8762,1407,51936,0.01
6,53349,8560,1.0,8763,1407,51942,0.01
6,53355,8561,1.0,8764,1407,51948,0.01
6,53361,8562,1.0,8765,1407,51954,0.01
6,53367,8563,1.0,8766,1407,51960,0.01
6,53373,8564,1.0,8767,1407,51966,0.01
6,53379,8565,1.0,8768,1407,51972,0.01
6,53385,8566,1.0,8769,1407,51978,0.01
6,53391,8567,1.0,8770,1407,51984,0.01
7,53398,8568,1.0,8771,1408,51990,0.01
6,53404,8569,1.0,8772,1408,51996,0.01
6,53410,8570,1.0,8773,1408,52002,0.01
6,53416,8571,1.0,8774,1408,52008,0.01
6,53422,8572,1.0,8775,1408,52014,0.01
6,53428,8573,1.0,8776,1408,52020,0.01
6,53434,8574,1.0,8777,1408,52026,0.01
6,53440,8575,1.0,8778,1408,52032,0.01
6,53446,8576,1.0,8779,1408,52038,0.01
6,53452,8577,1.0,8780,1408,52044,0.01
6,53458,8578,1.0,8781,1408,52050,0.01
6,53464,8579,1.0,8782,1408,52056,0.01
6,53470,8580,1.0,8783,1408,52062,0.01
6,53476,8581,1.0,8784,1408,52068,0.01
6,53482,8582,1.0,8785,1408,52074,0.01
6,53488,8583,1.0,8786,1408,52080,0.01
6,53494,8584,1.0,8787,1408,52086,0.01
6,53500,8585,1.0,8788,1408,52092,0.01
6,53506,8586,1.0,8789,1408,52098,0.01
6,53512,8587,1.0,8790,1408,52104,0.01
6,53518,8588,1.0,8791,1408,52110,0.01
6,53524,8589,1.0,8792,1408,52116,0.01
6,53530,8590,1.0,8793,1408,52122,0.01
6,53536,8591,1.0,8794,1408,52128,0.01
6,53542,8592,1.0,8795,1408,52134,0.01
6,53548,8593,1.0,8796,1408,52140,0.01
6,53554,8594,1.0,8797,1408,52146,0.01
6,53560,8595,1.0,8798,1408,52152,0.01
6,53566,8596,1.0,8799,1408,52158,0.01
6,53572,8597,1.0,8800,1408,52164,0.01
6,53578,8598,1.0,8801,1408,52170,0.01
6,53584,8599,1.0,8802,1408,52176,0.01
6,53590,8600,1.0,8803,1408,52182,0.01
6,53596,8601,1.0,8804,1408,52188,0.01
8,53604,8602,1.0,8805,1409,52195,0.01
6,53610,8603,1.0,8806,1409,52201,0.01
6,53616,8604,1.0,8807,1409,52207,0.01
6,53622,8605,1.0,8808,1409,52213,0.01
6,53628,8606,1.0,8809,1409,52219,0.01
6,53634,8607,1.0,8810,1409,52225,0.01
6,53640,8608,1.0,8811,1410,52230,0.01
6,53646,8609,1.0,8812,1410,52236,0.01
6,53652,8610,1.0,8813,1410,52242,0.01
6,53658,8611,1.0,8814,1410,52248,0.01
6,53664,8612,1.0,8815,1410,52254,0.01
6,53670,8613,1.0,8816,1410,52260,0.01
6,53676,8614,1.0,8817,1410,52266,0.01
6,53682,8615,1.0,8818,1410,52272,0.01
6,53688,8616,1.0,8819,1410,52278,0.01
6,53694,8617,1.0,8820,1410,52284,0.01
8,53702,8618,1.0,8821,1411,52291,0.01
6,53708,8619,1.0,8822,1411,52297,0.01
6,53714,8620,1.0,8823,1411,52303,0.01
6,53720,8621,1.0,8824,1411,52309,0.01
6,53726,8622,1.0,8825,1412,52314,0.01
6,53732,8623,1.0,8826,1412,52320,0.01
6,53738,8624,1.0,8827,1412,52326,0.01
6,53744,8625,1.0,8828,1412,52332,0.01
6,53750,8626,1.0,8829,1412,52338,0.01
6,53756,8627,1.0,8830,1412,52344,0.01
6,53762,8628,1.0,8831,1412,52350,0.01
4,53766,8628,0.0,8832,1413,52353,0.01
6,53772,8629,1.0,8833,1413,52359,0.01
6,53778,8630,1.0,8834,1413,52365,0.01
6,53784,8631,1.0,8835,1413,52371,0.01
6,53790,8632,1.0,8836,1413,52377,0.01
6,53796,8633,1.0,8837,1413,52383,0.01
6,53802,8634,1.0,8838,1413,52389,0.01
6,53808,8635,1.0,8839,1413,52395,0.01
6,53814,8636,1.0,8840,1414,52400,0.01
8,53822,8637,1.0,8841,1415,52407,0.01
6,53828,8638,1.0,8842,1415,52413,0.01
6,53834,8639,1.0,8843,1415,52419,0.01
6,53840,8640,1.0,8844,1415,52425,0.01
6,53846,8641,1.0,8845,1415,52431,0.01
6,53852,8642,1.0,8846,1415,52437,0.01
6,53858,8643,1.0,8847,1415,52443,0.01
6,53864,8644,1.0,8848,1415,52449,0.01
6,53870,8645,1.0,8849,1415,52455,0.01
6,53876,8646,1.0,8850,1415,52461,0.01
6,53882,8647,1.0,8851,1415,52467,0.01
6,53888,8648,1.0,8852,1415,52473,0.01
6,53894,8649,1.0,8853,1415,52479,0.01
6,53900,8650,1.0,8854,1415,52485,0.01
6,53906,8651,1.0,8855,1415,52491,0.01
6,53912,8652,1.0,8856,1415,52497,0.01
6,53918,8653,1.0,8857,1415,52503,0.01
6,53924,8654,1.0,8858,1415,52509,0.01
6,53930,8655,1.0,8859,1415,52515,0.01
6,53936,8656,1.0,8860,1415,52521,0.01
6,53942,8657,1.0,8861,1415,52527,0.01
6,53948,8658,1.0,8862,1415,52533,0.01
6,53954,8659,1.0,8863,1415,52539,0.01
6,53960,8660,1.0,8864,1415,52545,0.01
6,53966,8661,1.0,8865,1415,52551,0.01
6,53972,8662,1.0,8866,1415,52557,0.01
6,53978,8663,1.0,8867,1415,52563,0.01
6,53984,8664,1.0,8868,1415,52569,0.01
6,53990,8665,1.0,8869,1415,52575,0.01
6,53996,8666,1.0,8870,1415,52581,0.01
6,54002,8667,1.0,8871,1415,52587,0.01
6,54008,8668,1.0,8872,1415,52593,0.01
6,54014,8669,1.0,8873,1415,52599,0.01
6,54020,8670,1.0,8874,1415,52605,0.01
6,54026,8671,1.0,8875,1415,52611,0.01
6,54032,8672,1.0,8876,1415,52617,0.01
6,54038,8673,1.0,8877,1415,52623,0.01
6,54044,8674,1.0,8878,1415,52629,0.01
6,54050,8675,1.0,8879,1415,52635,0.01
6,54056,8676,1.0,8880,1415,52641,0.01
6,54062,8677,1.0,8881,1415,52647,0.01
6,54068,8678,1.0,8882,1415,52653,0.01
6,54074,8679,1.0,8883,1415,52659,0.01
6,54080,8680,1.0,8884,1415,52665,0.01
6,54086,8681,1.0,8885,1415,52671,0.01
6,54092,8682,1.0,8886,1415,52677,0.01
6,54098,8683,1.0,8887,1415,52683,0.01
6,54104,8684,1.0,8888,1415,52689,0.01
2,54106,8684,0.0,8889,1416,52690,0.01
6,54112,8685,1.0,8890,1416,52696,0.01
7,54119,8686,1.0,8891,1417,52702,0.01
6,54125,8687,1.0,8892,1417,52708,0.01
6,54131,8688,1.0,8893,1417,52714,0.01
6,54137,8689,1.0,8894,1418,52719,0.01
6,54143,8690,1.0,8895,1418,52725,0.01
6,54149,8691,1.0,8896,1418,52731,0.01
6,54155,8692,1.0,8897,1418,52737,0.01
6,54161,8693,1.0,8898,1418,52743,0.01
6,54167,8694,1.0,8899,1418,52749,0.01
6,54173,8695,1.0,8900,1418,52755,0.01
6,54179,8696,1.0,8901,1418,52761,0.01
6,54185,8697,1.0,8902,1418,52767,0.01
6,54191,8698,1.0,8903,1418,52773,0.01
7,54198,8699,1.0,8904,1419,52779,0.01
6,54204,8700,1.0,8905,1419,52785,0.01
6,54210,8701,1.0,8906,1419,52791,0.01
6,54216,8702,1.0,8907,1419,52797,0.01
6,54222,8703,1.0,8908,1419,52803,0.01
6,54228,8704,1.0,8909,1419,52809,0.01
6,54234,8705,1.0,8910,1419,52815,0.01
6,54240,8706,1.0,8911,1419,52821,0.01
6,54246,8707,1.0,8912,1419,52827,0.01
6,54252,8708,1.0,8913,1419,52833,0.01
6,54258,8709,1.0,8914,1419,52839,0.01
8,54266,8710,1.0,8915,1420,52846,0.01
6,54272,8711,1.0,8916,1420,52852,0.01
6,54278,8712,1.0,8917,1420,52858,0.01
6,54284,8713,1.0,8918,1420,52864,0.01
6,54290,8714,1.0,8919,1420,52870,0.01
6,54296,8715,1.0,8920,1420,52876,0.01
6,54302,8716,1.0,8921,1420,52882,0.01
6,54308,8717,1.0,8922,1420,52888,0.01
6,54314,8718,1.0,8923,1420,52894,0.01
6,54320,8719,1.0,8924,1420,52900,0.01
6,54326,8720,1.0,8925,1420,52906,0.01
6,54332,8721,1.0,8926,1420,52912,0.01
6,54338,8722,1.0,8927,1420,52918,0.01
6,54344,8723,1.0,8928,1420,52924,0.01
6,54350,8724,1.0,8929,1420,52930,0.01
6,54356,8725,1.0,8930,1420,52936,0.01
6,54362,8726,1.0,8931,1420,52942,0.01
6,54368,8727,1.0,8932,1420,52948,0.01
6,54374,8728,1.0,8933,1420,52954,0.01
6,54380,8729,1.0,8934,1420,52960,0.01
6,54386,8730,1.0,8935,1420,52966,0.01
6,54392,8731,1.0,8936,1420,52972,0.01
6,54398,8732,1.0,8937,1420,52978,0.01
6,54404,8733,1.0,8938,1420,52984,0.01
6,54410,8734,1.0,8939,1420,52990,0.01
6,54416,8735,1.0,8940,1420,52996,0.01
6,54422,8736,1.0,8941,1420,53002,0.01
6,54428,8737,1.0,8942,1420,53008,0.01
6,54434,8738,1.0,8943,1420,53014,0.01
6,54440,8739,1.0,8944,1420,53020,0.01
6,54446,8740,1.0,8945,1420,53026,0.01
6,54452,8741,1.0,8946,1420,53032,0.01
6,54458,8742,1.0,8947,1420,53038,0.01
6,54464,8743,1.0,8948,1420,53044,0.01
6,54470,8744,1.0,8949,1420,53050,0.01
6,54476,8745,1.0,8950,1420,53056,0.01
6,54482,8746,1.0,8951,1420,53062,0.01
6,54488,8747,1.0,8952,1420,53068,0.01
6,54494,8748,1.0,8953,1420,53074,0.01
6,54500,8749,1.0,8954,1420,53080,0.01
8,54508,8750,1.0,8955,1421,53087,0.01
6,54514,8751,1.0,8956,1421,53093,0.01
6,54520,8752,1.0,8957,1421,53099,0.01
6,54526,8753,1.0,8958,1421,53105,0.01
7,54533,8754,1.0,8959,1422,53111,0.01
6,54539,8755,1.0,8960,1422,53117,0.01
6,54545,8756,1.0,8961,1422,53123,0.01
6,54551,8757,1.0,8962,1422,53129,0.01
6,54557,8758,1.0,8963,1422,53135,0.01
6,54563,8759,1.0,8964,1422,53141,0.01
6,54569,8760,1.0,8965,1422,53147,0.01
6,54575,8761,1.0,8966,1422,53153,0.01
6,54581,8762,1.0,8967,1422,53159,0.01
6,54587,8763,1.0,8968,1422,53165,0.01
6,54593,8764,1.0,8969,1422,53171,0.01
6,54599,8765,1.0,8970,1422,53177,0.01
6,54605,8766,1.0,8971,1423,53182,0.01
6,54611,8767,1.0,8972,1423,53188,0.01
6,54617,8768,1.0,8973,1423,53194,0.01
6,54623,8769,1.0,8974,1423,53200,0.01
6,54629,8770,1.0,8975,1423,53206,0.01
6,54635,8771,1.0,8976,1423,53212,0.01
6,54641,8772,1.0,8977,1423,53218,0.01
6,54647,8773,1.0,8978,1423,53224,0.01
6,54653,8774,1.0,8979,1423,53230,0.01
6,54659,8775,1.0,8980,1423,53236,0.01
6,54665,8776,1.0,8981,1423,53242,0.01
6,54671,8777,1.0,8982,1423,53248,0.01
6,54677,8778,1.0,8983,1423,53254,0.01
6,54683,8779,1.0,8984,1423,53260,0.01
6,54689,8780,1.0,8985,1423,53266,0.01
6,54695,8781,1.0,8986,1423,53272,0.01
6,54701,8782,1.0,8987,1423,53278,0.01
6,54707,8783,1.0,8988,1423,53284,0.01
6,54713,8784,1.0,8989,1423,53290,0.01
6,54719,8785,1.0,8990,1423,53296,0.01
6,54725,8786,1.0,8991,1423,53302,0.01
6,54731,8787,1.0,8992,1423,53308,0.01
6,54737,8788,1.0,8993,1423,53314,0.01
6,54743,8789,1.0,8994,1423,53320,0.01
6,54749,8790,1.0,8995,1423,53326,0.01
6,54755,8791,1.0,8996,1423,53332,0.01
6,54761,8792,1.0,8997,1423,53338,0.01
6,54767,8793,1.0,8998,1423,53344,0.01
6,54773,8794,1.0,8999,1423,53350,0.01
6,54779,8795,1.0,9000,1423,53356,0.01
6,54785,8796,1.0,9001,1423,53362,0.01
6,54791,8797,1.0,9002,1423,53368,0.01
6,54797,8798,1.0,9003,1423,53374,0.01
6,54803,8799,1.0,9004,1423,53380,0.01
6,54809,8800,1.0,9005,1423,53386,0.01
6,54815,8801,1.0,9006,1423,53392,0.01
6,54821,8802,1.0,9007,1423,53398,0.01
8,54829,8803,1.0,9008,1424,53405,0.01
6,54835,8804,1.0,9009,1424,53411,0.01
6,54841,8805,1.0,9010,1424,53417,0.01
6,54847,8806,1.0,9011,1424,53423,0.01
6,54853,8807,1.0,9012,1424,53429,0.01
6,54859,8808,1.0,9013,1424,53435,0.01
6,54865,8809,1.0,9014,1424,53441,0.01
6,54871,8810,1.0,9015,1424,53447,0.01
6,54877,8811,1.0,9016,1424,53453,0.01
6,54883,8812,1.0,9017,1424,53459,0.01
6,54889,8813,1.0,9018,1424,53465,0.01
6,54895,8814,1.0,9019,1424,53471,0.01
6,54901,8815,1.0,9020,1424,53477,0.01
6,54907,8816,1.0,9021,1424,53483,0.01
6,54913,8817,1.0,9022,1424,53489,0.01
6,54919,8818,1.0,9023,1424,53495,0.01
6,54925,8819,1.0,9024,1424,53501,0.01
6,54931,8820,1.0,9025,1424,53507,0.01
8,54939,8821,1.0,9026,1425,53514,0.01
6,54945,8822,1.0,9027,1425,53520,0.01
6,54951,8823,1.0,9028,1425,53526,0.01
6,54957,8824,1.0,9029,1425,53532,0.01
6,54963,8825,1.0,9030,1426,53537,0.01
6,54969,8826,1.0,9031,1426,53543,0.01
6,54975,8827,1.0,9032,1426,53549,0.01
6,54981,8828,1.0,9033,1426,53555,0.01
6,54987,8829,1.0,9034,1426,53561,0.01
6,54993,8830,1.0,9035,1426,53567,0.01
6,54999,8831,1.0,9036,1426,53573,0.01
6,55005,8832,1.0,9037,1426,53579,0.01
6,55011,8833,1.0,9038,1426,53585,0.01
6,55017,8834,1.0,9039,1426,53591,0.01
6,55023,8835,1.0,9040,1426,53597,0.01
6,55029,8836,1.0,9041,1426,53603,0.01
6,55035,8837,1.0,9042,1426,53609,0.01
6,55041,8838,1.0,9043,1426,53615,0.01
6,55047,8839,1.0,9044,1426,53621,0.01
6,55053,8840,1.0,9045,1426,53627,0.01
6,55059,8841,1.0,9046,1426,53633,0.01
6,55065,8842,1.0,9047,1426,53639,0.01
6,55071,8843,1.0,9048,1426,53645,0.01
6,55077,8844,1.0,9049,1426,53651,0.01
6,55083,8845,1.0,9050,1426,53657,0.01
6,55089,8846,1.0,9051,1426,53663,0.01
6,55095,8847,1.0,9052,1426,53669,0.01
6,55101,8848,1.0,9053,1426,53675,0.01
6,55107,8849,1.0,9054,1426,53681,0.01
6,55113,8850,1.0,9055,1426,53687,0.01
6,55119,8851,1.0,9056,1426,53693,0.01
6,55125,8852,1.0,9057,1426,53699,0.01
6,55131,8853,1.0,9058,1426,53705,0.01
6,55137,8854,1.0,9059,1426,53711,0.01
6,55143,8855,1.0,9060,1426,53717,0.01
6,55149,8856,1.0,9061,1426,53723,0.01
6,55155,8857,1.0,9062,1426,53729,0.01
6,55161,8858,1.0,9063,1426,53735,0.01
6,55167,8859,1.0,9064,1426,53741,0.01
6,55173,8860,1.0,9065,1426,53747,0.01
6,55179,8861,1.0,9066,1426,53753,0.01
6,55185,8862,1.0,9067,1426,53759,0.01
6,55191,8863,1.0,9068,1426,53765,0.01
6,55197,8864,1.0,9069,1426,53771,0.01
6,55203,8865,1.0,9070,1426,53777,0.01
6,55209,8866,1.0,9071,1426,53783,0.01
6,55215,8867,1.0,9072,1426,53789,0.01
6,55221,8868,1.0,9073,1426,53795,0.01
6,55227,8869,1.0,9074,1427,53800,0.01
6,55233,8870,1.0,9075,1427,53806,0.01
6,55239,8871,1.0,9076,1427,53812,0.01
6,55245,8872,1.0,9077,1427,53818,0.01
6,55251,8873,1.0,9078,1427,53824,0.01
6,55257,8874,1.0,9079,1427,53830,0.01
6,55263,8875,1.0,9080,1427,53836,0.01
6,55269,8876,1.0,9081,1427,53842,0.01
6,55275,8877,1.0,9082,1427,53848,0.01
6,55281,8878,1.0,9083,1427,53854,0.01
6,55287,8879,1.0,9084,1427,53860,0.01
6,55293,8880,1.0,9085,1427,53866,0.01
6,55299,8881,1.0,9086,1427,53872,0.01
6,55305,8882,1.0,9087,1427,53878,0.01
6,55311,8883,1.0,9088,1427,53884,0.01
6,55317,8884,1.0,9089,1427,53890,0.01
6,55323,8885,1.0,9090,1427,53896,0.01
6,55329,8886,1.0,9091,1427,53902,0.01
6,55335,8887,1.0,9092,1427,53908,0.01
6,55341,8888,1.0,9093,1428,53913,0.01
6,55347,8889,1.0,9094,1428,53919,0.01
6,55353,8890,1.0,9095,1428,53925,0.01
6,55359,8891,1.0,9096,1428,53931,0.01
6,55365,8892,1.0,9097,1428,53937,0.01
6,55371,8893,1.0,9098,1428,53943,0.01
6,55377,8894,1.0,9099,1428,53949,0.01
6,55383,8895,1.0,9100,1428,53955,0.01
6,55389,8896,1.0,9101,1428,53961,0.01
6,55395,8897,1.0,9102,1428,53967,0.01
6,55401,8898,1.0,9103,1428,53973,0.01
6,55407,8899,1.0,9104,1428,53979,0.01
6,55413,8900,1.0,9105,1428,53985,0.01
6,55419,8901,1.0,9106,1428,53991,0.01
6,55425,8902,1.0,9107,1428,53997,0.01
6,55431,8903,1.0,9108,1428,54003,0.01
6,55437,8904,1.0,9109,1428,54009,0.01
6,55443,8905,1.0,9110,1428,54015,0.01
7,55450,8906,1.0,9111,1429,54021,0.01
6,55456,8907,1.0,9112,1429,54027,0.01
6,55462,8908,1.0,9113,1429,54033,0.01
6,55468,8909,1.0,9114,1429,54039,0.01
6,55474,8910,1.0,9115,1429,54045,0.01
6,55480,8911,1.0,9116,1429,54051,0.01
6,55486,8912,1.0,9117,1429,54057,0.01
6,55492,8913,1.0,9118,1429,54063,0.01
6,55498,8914,1.0,9119,1429,54069,0.01
6,55504,8915,1.0,9120,1429,54075,0.01
6,55510,8916,1.0,9121,1429,54081,0.01
6,55516,8917,1.0,9122,1429,54087,0.01
6,55522,8918,1.0,9123,1429,54093,0.01
6,55528,8919,1.0,9124,1429,54099,0.01
6,55534,8920,1.0,9125,1429,54105,0.01
6,55540,8921,1.0,9126,1429,54111,0.01
7,55547,8922,1.0,9127,1430,54117,0.01
6,55553,8923,1.0,9128,1430,54123,0.01
6,55559,8924,1.0,9129,1430,54129,0.01
6,55565,8925,1.0,9130,1430,54135,0.01
6,55571,8926,1.0,9131,1430,54141,0.01
6,55577,8927,1.0,9132,1430,54147,0.01
6,55583,8928,1.0,9133,1430,54153,0.01
6,55589,8929,1.0,9134,1430,54159,0.01
6,55595,8930,1.0,9135,1431,54164,0.01
6,55601,8931,1.0,9136,1431,54170,0.01
6,55607,8932,1.0,9137,1431,54176,0.01
6,55613,8933,1.0,9138,1431,54182,0.01
6,55619,8934,1.0,9139,1431,54188,0.01
6,55625,8935,1.0,9140,1431,54194,0.01
6,55631,8936,1.0,9141,1431,54200,0.01
6,55637,8937,1.0,9142,1431,54206,0.01
6,55643,8938,1.0,9143,1431,54212,0.01
6,55649,8939,1.0,9144,1431,54218,0.01
6,55655,8940,1.0,9145,1431,54224,0.01
6,55661,8941,1.0,9146,1431,54230,0.01
6,55667,8942,1.0,9147,1431,54236,0.01
6,55673,8943,1.0,9148,1431,54242,0.01
8,55681,8944,1.0,9149,1432,54249,0.01
6,55687,8945,1.0,9150,1432,54255,0.01
6,55693,8946,1.0,9151,1432,54261,0.01
6,55699,8947,1.0,9152,1433,54266,0.01
6,55705,8948,1.0,9153,1433,54272,0.01
6,55711,8949,1.0,9154,1433,54278,0.01
6,55717,8950,1.0,9155,1434,54283,0.01
6,55723,8951,1.0,9156,1434,54289,0.01
6,55729,8952,1.0,9157,1434,54295,0.01
6,55735,8953,1.0,9158,1434,54301,0.01
6,55741,8954,1.0,9159,1434,54307,0.01
6,55747,8955,1.0,9160,1435,54312,0.01
6,55753,8956,1.0,9161,1435,54318,0.01
6,55759,8957,1.0,9162,1435,54324,0.01
7,55766,8958,1.0,9163,1436,54330,0.01
6,55772,8959,1.0,9164,1436,54336,0.01
6,55778,8960,1.0,9165,1436,54342,0.01
6,55784,8961,1.0,9166,1436,54348,0.01
6,55790,8962,1.0,9167,1436,54354,0.01
6,55796,8963,1.0,9168,1436,54360,0.01
6,55802,8964,1.0,9169,1436,54366,0.01
6,55808,8965,1.0,9170,1436,54372,0.01
6,55814,8966,1.0,9171,1436,54378,0.01
6,55820,8967,1.0,9172,1436,54384,0.01
6,55826,8968,1.0,9173,1436,54390,0.01
6,55832,8969,1.0,9174,1436,54396,0.01
6,55838,8970,1.0,9175,1436,54402,0.01
6,55844,8971,1.0,9176,1436,54408,0.01
6,55850,8972,1.0,9177,1436,54414,0.01
6,55856,8973,1.0,9178,1436,54420,0.01
6,55862,8974,1.0,9179,1436,54426,0.01
6,55868,8975,1.0,9180,1436,54432,0.01
8,55876,8976,1.0,9181,1437,54439,0.01
6,55882,8977,1.0,9182,1437,54445,0.01
6,55888,8978,1.0,9183,1437,54451,0.01
6,55894,8979,1.0,9184,1437,54457,0.01
6,55900,8980,1.0,9185,1437,54463,0.01
6,55906,8981,1.0,9186,1437,54469,0.01
6,55912,8982,1.0,9187,1437,54475,0.01
6,55918,8983,1.0,9188,1437,54481,0.01
6,55924,8984,1.0,9189,1437,54487,0.01
6,55930,8985,1.0,9190,1437,54493,0.01
6,55936,8986,1.0,9191,1437,54499,0.01
6,55942,8987,1.0,9192,1437,54505,0.01
6,55948,8988,1.0,9193,1437,54511,0.01
6,55954,8989,1.0,9194,1437,54517,0.01
6,55960,8990,1.0,9195,1437,54523,0.01
6,55966,8991,1.0,9196,1437,54529,0.01
6,55972,8992,1.0,9197,1437,54535,0.01
6,55978,8993,1.0,9198,1437,54541,0.01
6,55984,8994,1.0,9199,1437,54547,0.01
6,55990,8995,1.0,9200,1437,54553,0.01
6,55996,8996,1.0,9201,1437,54559,0.01
6,56002,8997,1.0,9202,1437,54565,0.01
6,56008,8998,1.0,9203,1437,54571,0.01
6,56014,8999,1.0,9204,1437,54577,0.01
6,56020,9000,1.0,9205,1437,54583,0.01
6,56026,9001,1.0,9206,1437,54589,0.01
6,56032,9002,1.0,9207,1437,54595,0.01
6,56038,9003,1.0,9208,1437,54601,0.01
6,56044,9004,1.0,9209,1437,54607,0.01
6,56050,9005,1.0,9210,1437,54613,0.01
6,56056,9006,1.0,9211,1437,54619,0.01
2,56058,9006,0.0,9212,1438,54620,0.01
6,56064,9007,1.0,9213,1438,54626,0.01
6,56070,9008,1.0,9214,1438,54632,0.01
6,56076,9009,1.0,9215,1438,54638,0.01
6,56082,9010,1.0,9216,1438,54644,0.01
6,56088,9011,1.0,9217,1438,54650,0.01
6,56094,9012,1.0,9218,1438,54656,0.01
6,56100,9013,1.0,9219,1438,54662,0.01
6,56106,9014,1.0,9220,1438,54668,0.01
6,56112,9015,1.0,9221,1438,54674,0.01
6,56118,9016,1.0,9222,1438,54680,0.01
6,56124,9017,1.0,9223,1438,54686,0.01
6,56130,9018,1.0,9224,1438,54692,0.01
6,56136,9019,1.0,9225,1438,54698,0.01
6,56142,9020,1.0,9226,1438,54704,0.01
6,56148,9021,1.0,9227,1438,54710,0.01
6,56154,9022,1.0,9228,1438,54716,0.01
6,56160,9023,1.0,9229,1438,54722,0.01
6,56166,9024,1.0,9230,1438,54728,0.01
6,56172,9025,1.0,9231,1438,54734,0.01
6,56178,9026,1.0,9232,1439,54739,0.01
6,56184,9027,1.0,9233,1439,54745,0.01
6,56190,9028,1.0,9234,1439,54751,0.01
6,56196,9029,1.0,9235,1439,54757,0.01
6,56202,9030,1.0,9236,1439,54763,0.01
6,56208,9031,1.0,9237,1439,54769,0.01
7,56215,9032,1.0,9238,1440,54775,0.01
6,56221,9033,1.0,9239,1440,54781,0.01
6,56227,9034,1.0,9240,1440,54787,0.01
8,56235,9035,1.0,9241,1441,54794,0.01
6,56241,9036,1.0,9242,1441,54800,0.01
6,56247,9037,1.0,9243,1441,54806,0.01
6,56253,9038,1.0,9244,1441,54812,0.01
6,56259,9039,1.0,9245,1441,54818,0.01
6,56265,9040,1.0,9246,1441,54824,0.01
6,56271,9041,1.0,9247,1441,54830,0.01
6,56277,9042,1.0,9248,1441,54836,0.01
6,56283,9043,1.0,9249,1441,54842,0.01
6,56289,9044,1.0,9250,1441,54848,0.01
6,56295,9045,1.0,9251,1441,54854,0.01
6,56301,9046,1.0,9252,1441,54860,0.01
6,56307,9047,1.0,9253,1441,54866,0.01
6,56313,9048,1.0,9254,1441,54872,0.01
6,56319,9049,1.0,9255,1441,54878,0.01
6,56325,9050,1.0,9256,1441,54884,0.01
6,56331,9051,1.0,9257,1441,54890,0.01
6,56337,9052,1.0,9258,1441,54896,0.01
6,56343,9053,1.0,9259,1441,54902,0.01
6,56349,9054,1.0,9260,1441,54908,0.01
6,56355,9055,1.0,9261,1441,54914,0.01
6,56361,9056,1.0,9262,1441,54920,0.01
6,56367,9057,1.0,9263,1441,54926,0.01
6,56373,9058,1.0,9264,1441,54932,0.01
6,56379,9059,1.0,9265,1441,54938,0.01
6,56385,9060,1.0,9266,1441,54944,0.01
8,56393,9061,1.0,9267,1442,54951,0.01
6,56399,9062,1.0,9268,1442,54957,0.01
6,56405,9063,1.0,9269,1442,54963,0.01
6,56411,9064,1.0,9270,1442,54969,0.01
6,56417,9065,1.0,9271,1442,54975,0.01
6,56423,9066,1.0,9272,1443,54980,0.01
6,56429,9067,1.0,9273,1443,54986,0.01
6,56435,9068,1.0,9274,1443,54992,0.01
6,56441,9069,1.0,9275,1443,54998,0.01
6,56447,9070,1.0,9276,1443,55004,0.01
6,56453,9071,1.0,9277,1443,55010,0.01
6,56459,9072,1.0,9278,1443,55016,0.01
6,56465,9073,1.0,9279,1443,55022,0.01
6,56471,9074,1.0,9280,1444,55027,0.01
7,56478,9075,1.0,9281,1445,55033,0.01
7,56485,9076,1.0,9282,1446,55039,0.01
6,56491,9077,1.0,9283,1446,55045,0.01
6,56497,9078,1.0,9284,1446,55051,0.01
6,56503,9079,1.0,9285,1446,55057,0.01
6,56509,9080,1.0,9286,1446,55063,0.01
7,56516,9081,1.0,9287,1447,55069,0.01
6,56522,9082,1.0,9288,1447,55075,0.01
6,56528,9083,1.0,9289,1447,55081,0.01
6,56534,9084,1.0,9290,1447,55087,0.01
6,56540,9085,1.0,9291,1447,55093,0.01
6,56546,9086,1.0,9292,1447,55099,0.01
6,56552,9087,1.0,9293,1447,55105,0.01
6,56558,9088,1.0,9294,1448,55110,0.01
7,56565,9089,1.0,9295,1449,55116,0.01
6,56571,9090,1.0,9296,1449,55122,0.01
6,56577,9091,1.0,9297,1449,55128,0.01
6,56583,9092,1.0,9298,1449,55134,0.01
6,56589,9093,1.0,9299,1449,55140,0.01
6,56595,9094,1.0,9300,1449,55146,0.01
6,56601,9095,1.0,9301,1449,55152,0.01
6,56607,9096,1.0,9302,1449,55158,0.01
6,56613,9097,1.0,9303,1449,55164,0.01
6,56619,9098,1.0,9304,1449,55170,0.01
6,56625,9099,1.0,9305,1449,55176,0.01
6,56631,9100,1.0,9306,1449,55182,0.01
6,56637,9101,1.0,9307,1449,55188,0.01
6,56643,9102,1.0,9308,1449,55194,0.01
6,56649,9103,1.0,9309,1449,55200,0.01
6,56655,9104,1.0,9310,1449,55206,0.01
6,56661,9105,1.0,9311,1449,55212,0.01
6,56667,9106,1.0,9312,1449,55218,0.01
6,56673,9107,1.0,9313,1449,55224,0.01
6,56679,9108,1.0,9314,1449,55230,0.01
6,56685,9109,1.0,9315,1449,55236,0.01
6,56691,9110,1.0,9316,1449,55242,0.01
6,56697,9111,1.0,9317,1449,55248,0.01
6,56703,9112,1.0,9318,1449,55254,0.01
6,56709,9113,1.0,9319,1449,55260,0.01
6,56715,9114,1.0,9320,1449,55266,0.01
6,56721,9115,1.0,9321,1449,55272,0.01
6,56727,9116,1.0,9322,1449,55278,0.01
6,56733,9117,1.0,9323,1449,55284,0.01
6,56739,9118,1.0,9324,1449,55290,0.01
6,56745,9119,1.0,9325,1449,55296,0.01
6,56751,9120,1.0,9326,1449,55302,0.01
6,56757,9121,1.0,9327,1449,55308,0.01
6,56763,9122,1.0,9328,1449,55314,0.01
6,56769,9123,1.0,9329,1449,55320,0.01
6,56775,9124,1.0,9330,1449,55326,0.01
6,56781,9125,1.0,9331,1449,55332,0.01
6,56787,9126,1.0,9332,1449,55338,0.01
6,56793,9127,1.0,9333,1449,55344,0.01
6,56799,9128,1.0,9334,1449,55350,0.01
6,56805,9129,1.0,9335,1449,55356,0.01
6,56811,9130,1.0,9336,1449,55362,0.01
6,56817,9131,1.0,9337,1449,55368,0.01
6,56823,9132,1.0,9338,1449,55374,0.01
6,56829,9133,1.0,9339,1449,55380,0.01
6,56835,9134,1.0,9340,1449,55386,0.01
6,56841,9135,1.0,9341,1449,55392,0.01
6,56847,9136,1.0,9342,1449,55398,0.01
6,56853,9137,1.0,9343,1449,55404,0.01
6,56859,9138,1.0,9344,1450,55409,0.01
6,56865,9139,1.0,9345,1450,55415,0.01
6,56871,9140,1.0,9346,1450,55421,0.01
6,56877,9141,1.0,9347,1450,55427,0.01
7,56884,9142,1.0,9348,1451,55433,0.01
6,56890,9143,1.0,9349,1451,55439,0.01
6,56896,9144,1.0,9350,1451,55445,0.01
6,56902,9145,1.0,9351,1451,55451,0.01
6,56908,9146,1.0,9352,1451,55457,0.01
6,56914,9147,1.0,9353,1451,55463,0.01
6,56920,9148,1.0,9354,1451,55469,0.01
6,56926,9149,1.0,9355,1451,55475,0.01
6,56932,9150,1.0,9356,1451,55481,0.01
6,56938,9151,1.0,9357,1451,55487,0.01
6,56944,9152,1.0,9358,1451,55493,0.01
6,56950,9153,1.0,9359,1451,55499,0.01
6,56956,9154,1.0,9360,1451,55505,0.01
6,56962,9155,1.0,9361,1451,55511,0.01
6,56968,9156,1.0,9362,1451,55517,0.01
6,56974,9157,1.0,9363,1451,55523,0.01
6,56980,9158,1.0,9364,1451,55529,0.01
6,56986,9159,1.0,9365,1451,55535,0.01
6,56992,9160,1.0,9366,1451,55541,0.01
6,56998,9161,1.0,9367,1451,55547,0.01
6,57004,9162,1.0,9368,1451,55553,0.01
6,57010,9163,1.0,9369,1451,55559,0.01
6,57016,9164,1.0,9370,1451,55565,0.01
6,57022,9165,1.0,9371,1451,55571,0.01
6,57028,9166,1.0,9372,1451,55577,0.01
6,57034,9167,1.0,9373,1451,55583,0.01
6,57040,9168,1.0,9374,1451,55589,0.01
8,57048,9169,1.0,9375,1452,55596,0.01
6,57054,9170,1.0,9376,1452,55602,0.01
6,57060,9171,1.0,9377,1452,55608,0.01
6,57066,9172,1.0,9378,1452,55614,0.01
6,57072,9173,1.0,9379,1452,55620,0.01
6,57078,9174,1.0,9380,1452,55626,0.01
6,57084,9175,1.0,9381,1452,55632,0.01
6,57090,9176,1.0,9382,1452,55638,0.01
6,57096,9177,1.0,9383,1452,55644,0.01
6,57102,9178,1.0,9384,1452,55650,0.01
6,57108,9179,1.0,9385,1452,55656,0.01
6,57114,9180,1.0,9386,1452,55662,0.01
6,57120,9181,1.0,9387,1452,55668,0.01
6,57126,9182,1.0,9388,1452,55674,0.01
6,57132,9183,1.0,9389,1452,55680,0.01
6,57138,9184,1.0,9390,1452,55686,0.01
6,57144,9185,1.0,9391,1452,55692,0.01
7,57151,9186,1.0,9392,1453,55698,0.01
6,57157,9187,1.0,9393,1453,55704,0.01
6,57163,9188,1.0,9394,1453,55710,0.01
6,57169,9189,1.0,9395,1453,55716,0.01
6,57175,9190,1.0,9396,1453,55722,0.01
6,57181,9191,1.0,9397,1453,55728,0.01
8,57189,9192,1.0,9398,1454,55735,0.01
6,57195,9193,1.0,9399,1454,55741,0.01
6,57201,9194,1.0,9400,1454,55747,0.01
6,57207,9195,1.0,9401,1454,55753,0.01
6,57213,9196,1.0,9402,1454,55759,0.01
6,57219,9197,1.0,9403,1454,55765,0.01
6,57225,9198,1.0,9404,1454,55771,0.01
5,57230,9198,0.0,9405,1455,55775,0.01
6,57236,9199,1.0,9406,1455,55781,0.01
6,57242,9200,1.0,9407,1455,55787,0.01
6,57248,9201,1.0,9408,1455,55793,0.01
6,57254,9202,1.0,9409,1455,55799,0.01
6,57260,9203,1.0,9410,1455,55805,0.01
6,57266,9204,1.0,9411,1455,55811,0.01
6,57272,9205,1.0,9412,1455,55817,0.01
6,57278,9206,1.0,9413,1456,55822,0.01
6,57284,9207,1.0,9414,1456,55828,0.01
8,57292,9208,1.0,9415,1457,55835,0.01
6,57298,9209,1.0,9416,1457,55841,0.01
6,57304,9209,0.0,9417,1459,55845,0.01
6,57310,9210,1.0,9418,1459,55851,0.01
6,57316,9211,1.0,9419,1459,55857,0.01
6,57322,9212,1.0,9420,1459,55863,0.01
6,57328,9213,1.0,9421,1459,55869,0.01
6,57334,9214,1.0,9422,1459,55875,0.01
6,57340,9215,1.0,9423,1459,55881,0.01
6,57346,9216,1.0,9424,1459,55887,0.01
6,57352,9217,1.0,9425,1459,55893,0.01
6,57358,9218,1.0,9426,1459,55899,0.01
6,57364,9219,1.0,9427,1459,55905,0.01
6,57370,9220,1.0,9428,1459,55911,0.01
6,57376,9221,1.0,9429,1459,55917,0.01
6,57382,9222,1.0,9430,1459,55923,0.01
6,57388,9223,1.0,9431,1459,55929,0.01
6,57394,9224,1.0,9432,1459,55935,0.01
6,57400,9225,1.0,9433,1459,55941,0.01
6,57406,9226,1.0,9434,1459,55947,0.01
6,57412,9227,1.0,9435,1459,55953,0.01
6,57418,9228,1.0,9436,1459,55959,0.01
6,57424,9229,1.0,9437,1459,55965,0.01
6,57430,9230,1.0,9438,1459,55971,0.01
6,57436,9231,1.0,9439,1459,55977,0.01
6,57442,9232,1.0,9440,1459,55983,0.01
6,57448,9233,1.0,9441,1459,55989,0.01
6,57454,9234,1.0,9442,1459,55995,0.01
6,57460,9235,1.0,9443,1459,56001,0.01
6,57466,9236,1.0,9444,1459,56007,0.01
6,57472,9237,1.0,9445,1459,56013,0.01
6,57478,9238,1.0,9446,1459,56019,0.01
6,57484,9239,1.0,9447,1459,56025,0.01
6,57490,9240,1.0,9448,1459,56031,0.01
6,57496,9241,1.0,9449,1459,56037,0.01
6,57502,9242,1.0,9450,1459,56043,0.01
6,57508,9243,1.0,9451,1459,56049,0.01
6,57514,9244,1.0,9452,1459,56055,0.01
6,57520,9245,1.0,9453,1459,56061,0.01
6,57526,9246,1.0,9454,1459,56067,0.01
6,57532,9247,1.0,9455,1459,56073,0.01
6,57538,9248,1.0,9456,1459,56079,0.01
6,57544,9249,1.0,9457,1459,56085,0.01
6,57550,9250,1.0,9458,1459,56091,0.01
6,57556,9251,1.0,9459,1459,56097,0.01
6,57562,9252,1.0,9460,1459,56103,0.01
6,57568,9253,1.0,9461,1459,56109,0.01
6,57574,9254,1.0,9462,1459,56115,0.01
6,57580,9255,1.0,9463,1459,56121,0.01
6,57586,9256,1.0,9464,1459,56127,0.01
6,57592,9257,1.0,9465,1459,56133,0.01
6,57598,9258,1.0,9466,1459,56139,0.01
6,57604,9259,1.0,9467,1459,56145,0.01
6,57610,9260,1.0,9468,1459,56151,0.01
6,57616,9261,1.0,9469,1459,56157,0.01
6,57622,9262,1.0,9470,1459,56163,0.01
6,57628,9263,1.0,9471,1459,56169,0.01
6,57634,9264,1.0,9472,1459,56175,0.01
6,57640,9265,1.0,9473,1459,56181,0.01
6,57646,9266,1.0,9474,1459,56187,0.01
6,57652,9267,1.0,9475,1459,56193,0.01
6,57658,9268,1.0,9476,1459,56199,0.01
6,57664,9269,1.0,9477,1459,56205,0.01
6,57670,9270,1.0,9478,1459,56211,0.01
6,57676,9271,1.0,9479,1459,56217,0.01
6,57682,9272,1.0,9480,1460,56222,0.01
6,57688,9273,1.0,9481,1460,56228,0.01
6,57694,9274,1.0,9482,1460,56234,0.01
6,57700,9275,1.0,9483,1460,56240,0.01
6,57706,9276,1.0,9484,1460,56246,0.01
6,57712,9277,1.0,9485,1460,56252,0.01
6,57718,9278,1.0,9486,1460,56258,0.01
6,57724,9279,1.0,9487,1460,56264,0.01
6,57730,9280,1.0,9488,1460,56270,0.01
6,57736,9281,1.0,9489,1460,56276,0.01
7,57743,9282,1.0,9490,1461,56282,0.01
8,57751,9283,1.0,9491,1462,56289,0.01
6,57757,9284,1.0,9492,1462,56295,0.01
6,57763,9285,1.0,9493,1462,56301,0.01
6,57769,9286,1.0,9494,1462,56307,0.01
6,57775,9287,1.0,9495,1462,56313,0.01
6,57781,9288,1.0,9496,1462,56319,0.01
6,57787,9289,1.0,9497,1462,56325,0.01
6,57793,9290,1.0,9498,1462,56331,0.01
6,57799,9291,1.0,9499,1462,56337,0.01
6,57805,9292,1.0,9500,1462,56343,0.01
6,57811,9293,1.0,9501,1462,56349,0.01
6,57817,9294,1.0,9502,1462,56355,0.01
6,57823,9295,1.0,9503,1462,56361,0.01
6,57829,9296,1.0,9504,1462,56367,0.01
6,57835,9297,1.0,9505,1462,56373,0.01
6,57841,9298,1.0,9506,1462,56379,0.01
6,57847,9299,1.0,9507,1462,56385,0.01
6,57853,9300,1.0,9508,1462,56391,0.01
6,57859,9301,1.0,9509,1462,56397,0.01
6,57865,9302,1.0,9510,1462,56403,0.01
6,57871,9303,1.0,9511,1462,56409,0.01
6,57877,9304,1.0,9512,1462,56415,0.01
3,57880,9304,0.0,9513,1463,56417,0.01
6,57886,9305,1.0,9514,1463,56423,0.01
6,57892,9306,1.0,9515,1463,56429,0.01
6,57898,9307,1.0,9516,1463,56435,0.01
6,57904,9308,1.0,9517,1463,56441,0.01
6,57910,9309,1.0,9518,1463,56447,0.01
6,57916,9310,1.0,9519,1464,56452,0.01
6,57922,9311,1.0,9520,1464,56458,0.01
6,57928,9312,1.0,9521,1464,56464,0.01
6,57934,9313,1.0,9522,1464,56470,0.01
6,57940,9314,1.0,9523,1464,56476,0.01
6,57946,9315,1.0,9524,1464,56482,0.01
6,57952,9316,1.0,9525,1464,56488,0.01
6,57958,9317,1.0,9526,1464,56494,0.01
6,57964,9318,1.0,9527,1464,56500,0.01
6,57970,9319,1.0,9528,1464,56506,0.01
6,57976,9320,1.0,9529,1464,56512,0.01
6,57982,9321,1.0,9530,1464,56518,0.01
6,57988,9322,1.0,9531,1464,56524,0.01
6,57994,9323,1.0,9532,1464,56530,0.01
6,58000,9324,1.0,9533,1464,56536,0.01
6,58006,9325,1.0,9534,1464,56542,0.01
6,58012,9326,1.0,9535,1464,56548,0.01
6,58018,9327,1.0,9536,1464,56554,0.01
6,58024,9328,1.0,9537,1464,56560,0.01
6,58030,9329,1.0,9538,1464,56566,0.01
6,58036,9330,1.0,9539,1464,56572,0.01
6,58042,9331,1.0,9540,1464,56578,0.01
6,58048,9332,1.0,9541,1464,56584,0.01
6,58054,9333,1.0,9542,1464,56590,0.01
6,58060,9334,1.0,9543,1464,56596,0.01
6,58066,9335,1.0,9544,1464,56602,0.01
6,58072,9336,1.0,9545,1464,56608,0.01
8,58080,9337,1.0,9546,1465,56615,0.01
6,58086,9338,1.0,9547,1465,56621,0.01
6,58092,9339,1.0,9548,1465,56627,0.01
6,58098,9340,1.0,9549,1465,56633,0.01
6,58104,9341,1.0,9550,1465,56639,0.01
6,58110,9342,1.0,9551,1465,56645,0.01
6,58116,9343,1.0,9552,1465,56651,0.01
6,58122,9344,1.0,9553,1465,56657,0.01
6,58128,9345,1.0,9554,1465,56663,0.01
6,58134,9346,1.0,9555,1465,56669,0.01
6,58140,9347,1.0,9556,1465,56675,0.01
6,58146,9348,1.0,9557,1465,56681,0.01
6,58152,9349,1.0,9558,1465,56687,0.01
6,58158,9350,1.0,9559,1466,56692,0.01
6,58164,9351,1.0,9560,1466,56698,0.01
6,58170,9352,1.0,9561,1466,56704,0.01
6,58176,9353,1.0,9562,1466,56710,0.01
6,58182,9354,1.0,9563,1466,56716,0.01
6,58188,9355,1.0,9564,1466,56722,0.01
6,58194,9356,1.0,9565,1466,56728,0.01
6,58200,9357,1.0,9566,1466,56734,0.01
6,58206,9358,1.0,9567,1466,56740,0.01
6,58212,9359,1.0,9568,1466,56746,0.01
5,58217,9359,0.0,9569,1467,56750,0.01
6,58223,9360,1.0,9570,1467,56756,0.01
6,58229,9361,1.0,9571,1467,56762,0.01
6,58235,9362,1.0,9572,1467,56768,0.01
3,58238,9362,0.0,9573,1468,56770,0.01
6,58244,9363,1.0,9574,1468,56776,0.01
6,58250,9364,1.0,9575,1468,56782,0.01
6,58256,9365,1.0,9576,1468,56788,0.01
6,58262,9366,1.0,9577,1468,56794,0.01
6,58268,9367,1.0,9578,1468,56800,0.01
8,58276,9368,1.0,9579,1469,56807,0.01
6,58282,9369,1.0,9580,1469,56813,0.01
6,58288,9370,1.0,9581,1469,56819,0.01
6,58294,9371,1.0,9582,1469,56825,0.01
6,58300,9372,1.0,9583,1469,56831,0.01
6,58306,9373,1.0,9584,1469,56837,0.01
6,58312,9374,1.0,9585,1469,56843,0.01
6,58318,9375,1.0,9586,1469,56849,0.01
6,58324,9376,1.0,9587,1469,56855,0.01
6,58330,9377,1.0,9588,1469,56861,0.01
6,58336,9378,1.0,9589,1469,56867,0.01
6,58342,9379,1.0,9590,1469,56873,0.01
6,58348,9380,1.0,9591,1469,56879,0.01
6,58354,9381,1.0,9592,1469,56885,0.01
6,58360,9382,1.0,9593,1469,56891,0.01
6,58366,9383,1.0,9594,1469,56897,0.01
6,58372,9384,1.0,9595,1469,56903,0.01
6,58378,9385,1.0,9596,1469,56909,0.01
6,58384,9386,1.0,9597,1469,56915,0.01
8,58392,9387,1.0,9598,1470,56922,0.01
6,58398,9388,1.0,9599,1470,56928,0.01
6,58404,9389,1.0,9600,1470,56934,0.01
6,58410,9390,1.0,9601,1470,56940,0.01
6,58416,9391,1.0,9602,1470,56946,0.01
6,58422,9392,1.0,9603,1470,56952,0.01
6,58428,9393,1.0,9604,1470,56958,0.01
6,58434,9394,1.0,9605,1470,56964,0.01
6,58440,9395,1.0,9606,1470,56970,0.01
6,58446,9396,1.0,9607,1470,56976,0.01
6,58452,9397,1.0,9608,1470,56982,0.01
6,58458,9398,1.0,9609,1470,56988,0.01
6,58464,9399,1.0,9610,1470,56994,0.01
6,58470,9400,1.0,9611,1470,57000,0.01
6,58476,9401,1.0,9612,1470,57006,0.01
6,58482,9402,1.0,9613,1470,57012,0.01
3,58485,9402,0.0,9614,1471,57014,0.01
6,58491,9403,1.0,9615,1471,57020,0.01
6,58497,9404,1.0,9616,1471,57026,0.01
6,58503,9405,1.0,9617,1471,57032,0.01
6,58509,9406,1.0,9618,1471,57038,0.01
6,58515,9407,1.0,9619,1471,57044,0.01
6,58521,9408,1.0,9620,1471,57050,0.01
6,58527,9409,1.0,9621,1471,57056,0.01
6,58533,9410,1.0,9622,1471,57062,0.01
6,58539,9411,1.0,9623,1471,57068,0.01
6,58545,9412,1.0,9624,1471,57074,0.01
6,58551,9413,1.0,9625,1471,57080,0.01
6,58557,9414,1.0,9626,1471,57086,0.01
6,58563,9415,1.0,9627,1471,57092,0.01
6,58569,9416,1.0,9628,1471,57098,0.01
6,58575,9417,1.0,9629,1471,57104,0.01
6,58581,9418,1.0,9630,1471,57110,0.01
6,58587,9419,1.0,9631,1471,57116,0.01
6,58593,9420,1.0,9632,1471,57122,0.01
6,58599,9421,1.0,9633,1471,57128,0.01
6,58605,9422,1.0,9634,1471,57134,0.01
6,58611,9423,1.0,9635,1471,57140,0.01
6,58617,9424,1.0,9636,1471,57146,0.01
6,58623,9425,1.0,9637,1471,57152,0.01
6,58629,9426,1.0,9638,1471,57158,0.01
6,58635,9427,1.0,9639,1471,57164,0.01
6,58641,9428,1.0,9640,1471,57170,0.01
6,58647,9429,1.0,9641,1471,57176,0.01
6,58653,9430,1.0,9642,1471,57182,0.01
6,58659,9431,1.0,9643,1471,57188,0.01
6,58665,9432,1.0,9644,1471,57194,0.01
6,58671,9433,1.0,9645,1471,57200,0.01
6,58677,9434,1.0,9646,1471,57206,0.01
6,58683,9435,1.0,9647,1471,57212,0.01
6,58689,9436,1.0,9648,1471,57218,0.01
6,58695,9437,1.0,9649,1471,57224,0.01
6,58701,9438,1.0,9650,1471,57230,0.01
6,58707,9439,1.0,9651,1471,57236,0.01
6,58713,9440,1.0,9652,1471,57242,0.01
6,58719,9441,1.0,9653,1471,57248,0.01
6,58725,9442,1.0,9654,1471,57254,0.01
6,58731,9443,1.0,9655,1471,57260,0.01
6,58737,9444,1.0,9656,1471,57266,0.01
6,58743,9445,1.0,9657,1471,57272,0.01
6,58749,9446,1.0,9658,1471,57278,0.01
6,58755,9447,1.0,9659,1471,57284,0.01
6,58761,9448,1.0,9660,1471,57290,0.01
6,58767,9449,1.0,9661,1471,57296,0.01
6,58773,9450,1.0,9662,1471,57302,0.01
6,58779,9451,1.0,9663,1471,57308,0.01
6,58785,9452,1.0,9664,1471,57314,0.01
6,58791,9453,1.0,9665,1471,57320,0.01
6,58797,9454,1.0,9666,1471,57326,0.01
6,58803,9455,1.0,9667,1471,57332,0.01
6,58809,9456,1.0,9668,1471,57338,0.01
6,58815,9457,1.0,9669,1471,57344,0.01
6,58821,9458,1.0,9670,1472,57349,0.01
6,58827,9459,1.0,9671,1472,57355,0.01
6,58833,9460,1.0,9672,1472,57361,0.01
6,58839,9461,1.0,9673,1472,57367,0.01
6,58845,9462,1.0,9674,1472,57373,0.01
6,58851,9463,1.0,9675,1472,57379,0.01
6,58857,9464,1.0,9676,1472,57385,0.01
6,58863,9465,1.0,9677,1472,57391,0.01
6,58869,9466,1.0,9678,1472,57397,0.01
6,58875,9467,1.0,9679,1472,57403,0.01
6,58881,9468,1.0,9680,1472,57409,0.01
6,58887,9469,1.0,9681,1472,57415,0.01
6,58893,9470,1.0,9682,1472,57421,0.01
6,58899,9471,1.0,9683,1472,57427,0.01
6,58905,9472,1.0,9684,1472,57433,0.01
6,58911,9473,1.0,9685,1472,57439,0.01
6,58917,9474,1.0,9686,1472,57445,0.01
8,58925,9475,1.0,9687,1473,57452,0.01
6,58931,9476,1.0,9688,1473,57458,0.01
6,58937,9477,1.0,9689,1473,57464,0.01
6,58943,9478,1.0,9690,1473,57470,0.01
6,58949,9479,1.0,9691,1473,57476,0.01
6,58955,9480,1.0,9692,1473,57482,0.01
6,58961,9481,1.0,9693,1473,57488,0.01
6,58967,9482,1.0,9694,1473,57494,0.01
6,58973,9483,1.0,9695,1473,57500,0.01
6,58979,9484,1.0,9696,1473,57506,0.01
6,58985,9485,1.0,9697,1473,57512,0.01
6,58991,9486,1.0,9698,1473,57518,0.01
6,58997,9487,1.0,9699,1473,57524,0.01
6,59003,9488,1.0,9700,1473,57530,0.01
6,59009,9489,1.0,9701,1473,57536,0.01
6,59015,9490,1.0,9702,1473,57542,0.01
6,59021,9491,1.0,9703,1473,57548,0.01
6,59027,9492,1.0,9704,1473,57554,0.01
6,59033,9493,1.0,9705,1473,57560,0.01
6,59039,9494,1.0,9706,1473,57566,0.01
6,59045,9495,1.0,9707,1473,57572,0.01
6,59051,9496,1.0,9708,1473,57578,0.01
6,59057,9497,1.0,9709,1473,57584,0.01
6,59063,9498,1.0,9710,1473,57590,0.01
6,59069,9499,1.0,9711,1473,57596,0.01
6,59075,9500,1.0,9712,1473,57602,0.01
6,59081,9501,1.0,9713,1473,57608,0.01
6,59087,9502,1.0,9714,1473,57614,0.01
6,59093,9503,1.0,9715,1473,57620,0.01
6,59099,9504,1.0,9716,1473,57626,0.01
6,59105,9505,1.0,9717,1473,57632,0.01
6,59111,9506,1.0,9718,1473,57638,0.01
6,59117,9507,1.0,9719,1473,57644,0.01
6,59123,9508,1.0,9720,1473,57650,0.01
6,59129,9509,1.0,9721,1473,57656,0.01
6,59135,9510,1.0,9722,1473,57662,0.01
6,59141,9511,1.0,9723,1473,57668,0.01
6,59147,9512,1.0,9724,1473,57674,0.01
6,59153,9513,1.0,9725,1473,57680,0.01
6,59159,9514,1.0,9726,1473,57686,0.01
6,59165,9515,1.0,9727,1473,57692,0.01
6,59171,9516,1.0,9728,1473,57698,0.01
6,59177,9517,1.0,9729,1473,57704,0.01
6,59183,9518,1.0,9730,1473,57710,0.01
6,59189,9519,1.0,9731,1473,57716,0.01
6,59195,9520,1.0,9732,1473,57722,0.01
6,59201,9521,1.0,9733,1473,57728,0.01
6,59207,9522,1.0,9734,1473,57734,0.01
6,59213,9523,1.0,9735,1473,57740,0.01
6,59219,9524,1.0,9736,1473,57746,0.01
6,59225,9525,1.0,9737,1473,57752,0.01
6,59231,9526,1.0,9738,1473,57758,0.01
6,59237,9527,1.0,9739,1473,57764,0.01
6,59243,9528,1.0,9740,1473,57770,0.01
6,59249,9529,1.0,9741,1473,57776,0.01
8,59257,9530,1.0,9742,1474,57783,0.01
6,59263,9531,1.0,9743,1474,57789,0.01
6,59269,9532,1.0,9744,1474,57795,0.01
6,59275,9533,1.0,9745,1474,57801,0.01
6,59281,9534,1.0,9746,1474,57807,0.01
6,59287,9535,1.0,9747,1474,57813,0.01
6,59293,9536,1.0,9748,1474,57819,0.01
6,59299,9537,1.0,9749,1474,57825,0.01
6,59305,9538,1.0,9750,1474,57831,0.01
6,59311,9539,1.0,9751,1474,57837,0.01
5,59316,9539,0.0,9752,1475,57841,0.01
6,59322,9540,1.0,9753,1475,57847,0.01
6,59328,9541,1.0,9754,1475,57853,0.01
6,59334,9542,1.0,9755,1475,57859,0.01
6,59340,9543,1.0,9756,1475,57865,0.01
6,59346,9544,1.0,9757,1475,57871,0.01
6,59352,9545,1.0,9758,1475,57877,0.01
6,59358,9546,1.0,9759,1475,57883,0.01
6,59364,9547,1.0,9760,1475,57889,0.01
6,59370,9548,1.0,9761,1475,57895,0.01
6,59376,9549,1.0,9762,1475,57901,0.01
6,59382,9550,1.0,9763,1475,57907,0.01
6,59388,9551,1.0,9764,1475,57913,0.01
6,59394,9552,1.0,9765,1475,57919,0.01
6,59400,9553,1.0,9766,1475,57925,0.01
6,59406,9554,1.0,9767,1475,57931,0.01
6,59412,9555,1.0,9768,1475,57937,0.01
6,59418,9556,1.0,9769,1475,57943,0.01
6,59424,9557,1.0,9770,1475,57949,0.01
6,59430,9558,1.0,9771,1475,57955,0.01
6,59436,9559,1.0,9772,1475,57961,0.01
6,59442,9560,1.0,9773,1475,57967,0.01
6,59448,9561,1.0,9774,1475,57973,0.01
6,59454,9562,1.0,9775,1475,57979,0.01
6,59460,9563,1.0,9776,1475,57985,0.01
6,59466,9564,1.0,9777,1475,57991,0.01
6,59472,9565,1.0,9778,1475,57997,0.01
6,59478,9566,1.0,9779,1475,58003,0.01
6,59484,9567,1.0,9780,1475,58009,0.01
6,59490,9568,1.0,9781,1475,58015,0.01
6,59496,9569,1.0,9782,1475,58021,0.01
6,59502,9570,1.0,9783,1475,58027,0.01
6,59508,9571,1.0,9784,1475,58033,0.01
6,59514,9572,1.0,9785,1475,58039,0.01
6,59520,9573,1.0,9786,1476,58044,0.01
6,59526,9574,1.0,9787,1476,58050,0.01
6,59532,9575,1.0,9788,1476,58056,0.01
6,59538,9576,1.0,9789,1476,58062,0.01
6,59544,9577,1.0,9790,1476,58068,0.01
7,59551,9578,1.0,9791,1477,58074,0.01
6,59557,9579,1.0,9792,1477,58080,0.01
6,59563,9580,1.0,9793,1477,58086,0.01
6,59569,9581,1.0,9794,1477,58092,0.01
6,59575,9582,1.0,9795,1477,58098,0.01
6,59581,9583,1.0,9796,1477,58104,0.01
6,59587,9584,1.0,9797,1477,58110,0.01
6,59593,9585,1.0,9798,1477,58116,0.01
6,59599,9586,1.0,9799,1477,58122,0.01
6,59605,9587,1.0,9800,1477,58128,0.01
6,59611,9588,1.0,9801,1477,58134,0.01
6,59617,9589,1.0,9802,1477,58140,0.01
6,59623,9590,1.0,9803,1477,58146,0.01
7,59630,9591,1.0,9804,1478,58152,0.01
6,59636,9592,1.0,9805,1478,58158,0.01
6,59642,9593,1.0,9806,1478,58164,0.01
6,59648,9594,1.0,9807,1478,58170,0.01
6,59654,9595,1.0,9808,1478,58176,0.01
6,59660,9596,1.0,9809,1478,58182,0.01
6,59666,9597,1.0,9810,1478,58188,0.01
6,59672,9598,1.0,9811,1478,58194,0.01
6,59678,9599,1.0,9812,1478,58200,0.01
6,59684,9600,1.0,9813,1478,58206,0.01
6,59690,9601,1.0,9814,1478,58212,0.01
6,59696,9602,1.0,9815,1478,58218,0.01
6,59702,9603,1.0,9816,1478,58224,0.01
6,59708,9604,1.0,9817,1478,58230,0.01
8,59716,9605,1.0,9818,1479,58237,0.01
6,59722,9606,1.0,9819,1479,58243,0.01
8,59730,9607,1.0,9820,1480,58250,0.01
6,59736,9608,1.0,9821,1480,58256,0.01
6,59742,9609,1.0,9822,1480,58262,0.01
6,59748,9610,1.0,9823,1480,58268,0.01
6,59754,9611,1.0,9824,1480,58274,0.01
6,59760,9612,1.0,9825,1480,58280,0.01
6,59766,9613,1.0,9826,1480,58286,0.01
6,59772,9614,1.0,9827,1480,58292,0.01
6,59778,9615,1.0,9828,1480,58298,0.01
6,59784,9616,1.0,9829,1480,58304,0.01
6,59790,9617,1.0,9830,1480,58310,0.01
7,59797,9618,1.0,9831,1481,58316,0.01
6,59803,9619,1.0,9832,1481,58322,0.01
6,59809,9620,1.0,9833,1481,58328,0.01
6,59815,9621,1.0,9834,1481,58334,0.01
6,59821,9622,1.0,9835,1481,58340,0.01
6,59827,9623,1.0,9836,1481,58346,0.01
6,59833,9624,1.0,9837,1481,58352,0.01
6,59839,9625,1.0,9838,1481,58358,0.01
6,59845,9626,1.0,9839,1481,58364,0.01
6,59851,9627,1.0,9840,1481,58370,0.01
6,59857,9628,1.0,9841,1481,58376,0.01
6,59863,9629,1.0,9842,1481,58382,0.01
6,59869,9630,1.0,9843,1481,58388,0.01
6,59875,9631,1.0,9844,1481,58394,0.01
6,59881,9632,1.0,9845,1481,58400,0.01
6,59887,9633,1.0,9846,1481,58406,0.01
6,59893,9634,1.0,9847,1481,58412,0.01
6,59899,9635,1.0,9848,1481,58418,0.01
6,59905,9636,1.0,9849,1481,58424,0.01
6,59911,9637,1.0,9850,1481,58430,0.01
6,59917,9638,1.0,9851,1482,58435,0.01
6,59923,9639,1.0,9852,1482,58441,0.01
6,59929,9640,1.0,9853,1482,58447,0.01
6,59935,9641,1.0,9854,1482,58453,0.01
6,59941,9642,1.0,9855,1482,58459,0.01
6,59947,9643,1.0,9856,1482,58465,0.01
6,59953,9644,1.0,9857,1482,58471,0.01
6,59959,9645,1.0,9858,1482,58477,0.01
6,59965,9646,1.0,9859,1482,58483,0.01
6,59971,9647,1.0,9860,1482,58489,0.01
4,59975,9647,0.0,9861,1483,58492,0.01
6,59981,9648,1.0,9862,1483,58498,0.01
6,59987,9649,1.0,9863,1483,58504,0.01
6,59993,9650,1.0,9864,1483,58510,0.01
6,59999,9651,1.0,9865,1483,58516,0.01
6,60005,9652,1.0,9866,1483,58522,0.01
6,60011,9653,1.0,9867,1483,58528,0.01
6,60017,9654,1.0,9868,1483,58534,0.01
6,60023,9655,1.0,9869,1483,58540,0.01
6,60029,9656,1.0,9870,1483,58546,0.01
6,60035,9657,1.0,9871,1483,58552,0.01
6,60041,9658,1.0,9872,1483,58558,0.01
6,60047,9659,1.0,9873,1483,58564,0.01
6,60053,9660,1.0,9874,1483,58570,0.01
6,60059,9661,1.0,9875,1483,58576,0.01
6,60065,9662,1.0,9876,1483,58582,0.01
6,60071,9663,1.0,9877,1483,58588,0.01
6,60077,9664,1.0,9878,1483,58594,0.01
6,60083,9665,1.0,9879,1483,58600,0.01
6,60089,9666,1.0,9880,1483,58606,0.01
6,60095,9667,1.0,9881,1483,58612,0.01
6,60101,9668,1.0,9882,1483,58618,0.01
6,60107,9669,1.0,9883,1483,58624,0.01
6,60113,9670,1.0,9884,1483,58630,0.01
6,60119,9671,1.0,9885,1483,58636,0.01
6,60125,9672,1.0,9886,1483,58642,0.01
6,60131,9673,1.0,9887,1483,58648,0.01
6,60137,9674,1.0,9888,1483,58654,0.01
6,60143,9675,1.0,9889,1483,58660,0.01
6,60149,9676,1.0,9890,1483,58666,0.01
6,60155,9677,1.0,9891,1483,58672,0.01
6,60161,9678,1.0,9892,1483,58678,0.01
6,60167,9679,1.0,9893,1483,58684,0.01
6,60173,9680,1.0,9894,1483,58690,0.01
6,60179,9681,1.0,9895,1483,58696,0.01
6,60185,9682,1.0,9896,1483,58702,0.01
6,60191,9683,1.0,9897,1483,58708,0.01
6,60197,9684,1.0,9898,1483,58714,0.01
6,60203,9685,1.0,9899,1483,58720,0.01
6,60209,9686,1.0,9900,1483,58726,0.01
8,60217,9687,1.0,9901,1484,58733,0.01
6,60223,9688,1.0,9902,1484,58739,0.01
6,60229,9689,1.0,9903,1484,58745,0.01
6,60235,9690,1.0,9904,1484,58751,0.01
6,60241,9691,1.0,9905,1484,58757,0.01
6,60247,9692,1.0,9906,1484,58763,0.01
6,60253,9693,1.0,9907,1484,58769,0.01
6,60259,9694,1.0,9908,1484,58775,0.01
6,60265,9695,1.0,9909,1484,58781,0.01
6,60271,9696,1.0,9910,1484,58787,0.01
6,60277,9697,1.0,9911,1484,58793,0.01
6,60283,9698,1.0,9912,1484,58799,0.01
6,60289,9699,1.0,9913,1484,58805,0.01
6,60295,9700,1.0,9914,1484,58811,0.01
6,60301,9701,1.0,9915,1484,58817,0.01
6,60307,9702,1.0,9916,1484,58823,0.01
6,60313,9703,1.0,9917,1484,58829,0.01
6,60319,9704,1.0,9918,1484,58835,0.01
6,60325,9705,1.0,9919,1484,58841,0.01
6,60331,9706,1.0,9920,1484,58847,0.01
6,60337,9707,1.0,9921,1484,58853,0.01
6,60343,9708,1.0,9922,1484,58859,0.01
6,60349,9709,1.0,9923,1484,58865,0.01
6,60355,9710,1.0,9924,1484,58871,0.01
6,60361,9711,1.0,9925,1484,58877,0.01
6,60367,9712,1.0,9926,1484,58883,0.01
6,60373,9713,1.0,9927,1484,58889,0.01
6,60379,9714,1.0,9928,1484,58895,0.01
6,60385,9715,1.0,9929,1484,58901,0.01
6,60391,9716,1.0,9930,1484,58907,0.01
6,60397,9717,1.0,9931,1484,58913,0.01
6,60403,9718,1.0,9932,1484,58919,0.01
7,60410,9719,1.0,9933,1485,58925,0.01
6,60416,9720,1.0,9934,1485,58931,0.01
6,60422,9721,1.0,9935,1485,58937,0.01
6,60428,9722,1.0,9936,1485,58943,0.01
6,60434,9723,1.0,9937,1485,58949,0.01
6,60440,9724,1.0,9938,1485,58955,0.01
6,60446,9725,1.0,9939,1485,58961,0.01
6,60452,9726,1.0,9940,1485,58967,0.01
6,60458,9727,1.0,9941,1485,58973,0.01
6,60464,9728,1.0,9942,1485,58979,0.01
6,60470,9729,1.0,9943,1485,58985,0.01
6,60476,9730,1.0,9944,1485,58991,0.01
6,60482,9731,1.0,9945,1485,58997,0.01
6,60488,9732,1.0,9946,1485,59003,0.01
6,60494,9733,1.0,9947,1485,59009,0.01
6,60500,9734,1.0,9948,1485,59015,0.01
6,60506,9735,1.0,9949,1485,59021,0.01
6,60512,9736,1.0,9950,1485,59027,0.01
6,60518,9737,1.0,9951,1485,59033,0.01
6,60524,9738,1.0,9952,1485,59039,0.01
6,60530,9739,1.0,9953,1485,59045,0.01
6,60536,9740,1.0,9954,1485,59051,0.01
6,60542,9741,1.0,9955,1485,59057,0.01
6,60548,9742,1.0,9956,1485,59063,0.01
6,60554,9743,1.0,9957,1485,59069,0.01
6,60560,9744,1.0,9958,1485,59075,0.01
6,60566,9745,1.0,9959,1485,59081,0.01
6,60572,9746,1.0,9960,1485,59087,0.01
8,60580,9747,1.0,9961,1486,59094,0.01
7,60587,9748,1.0,9962,1487,59100,0.01
4,60591,9748,0.0,9963,1488,59103,0.01
8,60599,9749,1.0,9964,1489,59110,0.01
6,60605,9750,1.0,9965,1489,59116,0.01
6,60611,9751,1.0,9966,1489,59122,0.01
6,60617,9752,1.0,9967,1489,59128,0.01
6,60623,9753,1.0,9968,1489,59134,0.01
6,60629,9754,1.0,9969,1489,59140,0.01
6,60635,9755,1.0,9970,1489,59146,0.01
6,60641,9756,1.0,9971,1489,59152,0.01
6,60647,9757,1.0,9972,1489,59158,0.01
6,60653,9758,1.0,9973,1489,59164,0.01
6,60659,9759,1.0,9974,1489,59170,0.01
6,60665,9760,1.0,9975,1489,59176,0.01
6,60671,9761,1.0,9976,1489,59182,0.01
6,60677,9762,1.0,9977,1489,59188,0.01
6,60683,9763,1.0,9978,1489,59194,0.01
6,60689,9764,1.0,9979,1489,59200,0.01
2,60691,9764,0.0,9980,1490,59201,0.01
6,60697,9765,1.0,9981,1490,59207,0.01
6,60703,9766,1.0,9982,1490,59213,0.01
6,60709,9767,1.0,9983,1490,59219,0.01
6,60715,9768,1.0,9984,1490,59225,0.01
6,60721,9769,1.0,9985,1490,59231,0.01
6,60727,9770,1.0,9986,1490,59237,0.01
6,60733,9771,1.0,9987,1490,59243,0.01
6,60739,9772,1.0,9988,1490,59249,0.01
6,60745,9773,1.0,9989,1490,59255,0.01
6,60751,9774,1.0,9990,1490,59261,0.01
6,60757,9775,1.0,9991,1490,59267,0.01
6,60763,9776,1.0,9992,1490,59273,0.01
6,60769,9777,1.0,9993,1490,59279,0.01
6,60775,9778,1.0,9994,1490,59285,0.01
7,60782,9779,1.0,9995,1491,59291,0.01
6,60788,9780,1.0,9996,1491,59297,0.01
6,60794,9781,1.0,9997,1491,59303,0.01
6,60800,9782,1.0,9998,1491,59309,0.01
6,60806,9783,1.0,9999,1491,59315,0.01
6,60812,9784,1.0,10000,1491,59321,0.01
6,60818,9785,1.0,10001,1491,59327,0.01
6,60824,9786,1.0,10002,1491,59333,0.01
6,60830,9787,1.0,10003,1491,59339,0.01
6,60836,9788,1.0,10004,1491,59345,0.01
6,60842,9789,1.0,10005,1491,59351,0.01
6,60848,9790,1.0,10006,1491,59357,0.01
6,60854,9791,1.0,10007,1491,59363,0.01
6,60860,9792,1.0,10008,1491,59369,0.01
6,60866,9793,1.0,10009,1491,59375,0.01
6,60872,9794,1.0,10010,1491,59381,0.01
6,60878,9795,1.0,10011,1491,59387,0.01
6,60884,9796,1.0,10012,1491,59393,0.01
6,60890,9797,1.0,10013,1491,59399,0.01
2,60892,9797,0.0,10014,1492,59400,0.01
6,60898,9798,1.0,10015,1492,59406,0.01
6,60904,9799,1.0,10016,1492,59412,0.01
6,60910,9800,1.0,10017,1492,59418,0.01
6,60916,9801,1.0,10018,1492,59424,0.01
6,60922,9802,1.0,10019,1492,59430,0.01
6,60928,9803,1.0,10020,1492,59436,0.01
6,60934,9804,1.0,10021,1492,59442,0.01
6,60940,9805,1.0,10022,1492,59448,0.01
8,60948,9806,1.0,10023,1493,59455,0.01
6,60954,9807,1.0,10024,1493,59461,0.01
6,60960,9808,1.0,10025,1493,59467,0.01
6,60966,9809,1.0,10026,1493,59473,0.01
6,60972,9810,1.0,10027,1493,59479,0.01
6,60978,9811,1.0,10028,1493,59485,0.01
6,60984,9812,1.0,10029,1493,59491,0.01
6,60990,9813,1.0,10030,1493,59497,0.01
6,60996,9814,1.0,10031,1493,59503,0.01
6,61002,9815,1.0,10032,1493,59509,0.01
8,61010,9816,1.0,10033,1494,59516,0.01
6,61016,9817,1.0,10034,1494,59522,0.01
6,61022,9818,1.0,10035,1494,59528,0.01
6,61028,9819,1.0,10036,1494,59534,0.01
6,61034,9820,1.0,10037,1494,59540,0.01
6,61040,9821,1.0,10038,1494,59546,0.01
6,61046,9822,1.0,10039,1494,59552,0.01
6,61052,9823,1.0,10040,1494,59558,0.01
6,61058,9824,1.0,10041,1494,59564,0.01
6,61064,9825,1.0,10042,1494,59570,0.01
6,61070,9826,1.0,10043,1494,59576,0.01
6,61076,9827,1.0,10044,1494,59582,0.01
6,61082,9828,1.0,10045,1494,59588,0.01
6,61088,9829,1.0,10046,1494,59594,0.01
6,61094,9830,1.0,10047,1494,59600,0.01
6,61100,9831,1.0,10048,1494,59606,0.01
6,61106,9832,1.0,10049,1494,59612,0.01
6,61112,9833,1.0,10050,1494,59618,0.01
6,61118,9834,1.0,10051,1494,59624,0.01
6,61124,9835,1.0,10052,1494,59630,0.01
6,61130,9836,1.0,10053,1494,59636,0.01
6,61136,9837,1.0,10054,1494,59642,0.01
6,61142,9838,1.0,10055,1494,59648,0.01
6,61148,9839,1.0,10056,1494,59654,0.01
6,61154,9840,1.0,10057,1494,59660,0.01
6,61160,9841,1.0,10058,1494,59666,0.01
6,61166,9842,1.0,10059,1494,59672,0.01
6,61172,9843,1.0,10060,1494,59678,0.01
6,61178,9844,1.0,10061,1494,59684,0.01
6,61184,9845,1.0,10062,1494,59690,0.01
6,61190,9846,1.0,10063,1494,59696,0.01
6,61196,9847,1.0,10064,1494,59702,0.01
6,61202,9848,1.0,10065,1494,59708,0.01
6,61208,9849,1.0,10066,1494,59714,0.01
6,61214,9850,1.0,10067,1494,59720,0.01
6,61220,9851,1.0,10068,1494,59726,0.01
6,61226,9852,1.0,10069,1494,59732,0.01
6,61232,9853,1.0,10070,1494,59738,0.01
6,61238,9854,1.0,10071,1494,59744,0.01
6,61244,9855,1.0,10072,1494,59750,0.01
6,61250,9856,1.0,10073,1494,59756,0.01
6,61256,9857,1.0,10074,1494,59762,0.01
6,61262,9858,1.0,10075,1494,59768,0.01
6,61268,9859,1.0,10076,1494,59774,0.01
6,61274,9860,1.0,10077,1494,59780,0.01
6,61280,9861,1.0,10078,1494,59786,0.01
6,61286,9862,1.0,10079,1494,59792,0.01
6,61292,9863,1.0,10080,1494,59798,0.01
6,61298,9864,1.0,10081,1494,59804,0.01
6,61304,9865,1.0,10082,1494,59810,0.01
6,61310,9866,1.0,10083,1494,59816,0.01
6,61316,9867,1.0,10084,1494,59822,0.01
6,61322,9868,1.0,10085,1494,59828,0.01
6,61328,9869,1.0,10086,1494,59834,0.01
6,61334,9870,1.0,10087,1494,59840,0.01
6,61340,9871,1.0,10088,1494,59846,0.01
6,61346,9872,1.0,10089,1494,59852,0.01
6,61352,9873,1.0,10090,1494,59858,0.01
6,61358,9874,1.0,10091,1494,59864,0.01
6,61364,9875,1.0,10092,1494,59870,0.01
6,61370,9876,1.0,10093,1494,59876,0.01
6,61376,9877,1.0,10094,1494,59882,0.01
4,61380,9877,0.0,10095,1495,59885,0.01
6,61386,9878,1.0,10096,1495,59891,0.01
6,61392,9879,1.0,10097,1495,59897,0.01
6,61398,9880,1.0,10098,1495,59903,0.01
6,61404,9881,1.0,10099,1495,59909,0.01
6,61410,9882,1.0,10100,1495,59915,0.01
6,61416,9883,1.0,10101,1495,59921,0.01
6,61422,9884,1.0,10102,1495,59927,0.01
6,61428,9885,1.0,10103,1495,59933,0.01
6,61434,9886,1.0,10104,1495,59939,0.01
6,61440,9887,1.0,10105,1495,59945,0.01
4,61444,9887,0.0,10106,1496,59948,0.01
6,61450,9888,1.0,10107,1496,59954,0.01
6,61456,9889,1.0,10108,1496,59960,0.01
6,61462,9890,1.0,10109,1496,59966,0.01
6,61468,9891,1.0,10110,1496,59972,0.01
6,61474,9892,1.0,10111,1496,59978,0.01
6,61480,9893,1.0,10112,1496,59984,0.01
6,61486,9893,0.0,10113,1498,59988,0.01
6,61492,9894,1.0,10114,1498,59994,0.01
6,61498,9895,1.0,10115,1498,60000,0.01
6,61504,9896,1.0,10116,1498,60006,0.01
6,61510,9897,1.0,10117,1498,60012,0.01
6,61516,9898,1.0,10118,1498,60018,0.01
6,61522,9899,1.0,10119,1498,60024,0.01
6,61528,9900,1.0,10120,1498,60030,0.01
6,61534,9901,1.0,10121,1498,60036,0.01
6,61540,9902,1.0,10122,1498,60042,0.01
6,61546,9903,1.0,10123,1498,60048,0.01
6,61552,9904,1.0,10124,1498,60054,0.01
6,61558,9905,1.0,10125,1498,60060,0.01
6,61564,9906,1.0,10126,1498,60066,0.01
6,61570,9907,1.0,10127,1498,60072,0.01
6,61576,9908,1.0,10128,1498,60078,0.01
8,61584,9909,1.0,10129,1499,60085,0.01
6,61590,9910,1.0,10130,1499,60091,0.01
6,61596,9911,1.0,10131,1499,60097,0.01
6,61602,9912,1.0,10132,1499,60103,0.01
6,61608,9913,1.0,10133,1499,60109,0.01
6,61614,9914,1.0,10134,1499,60115,0.01
6,61620,9915,1.0,10135,1499,60121,0.01
6,61626,9916,1.0,10136,1499,60127,0.01
6,61632,9917,1.0,10137,1499,60133,0.01
6,61638,9918,1.0,10138,1499,60139,0.01
6,61644,9919,1.0,10139,1499,60145,0.01
6,61650,9920,1.0,10140,1499,60151,0.01
6,61656,9921,1.0,10141,1499,60157,0.01
6,61662,9922,1.0,10142,1499,60163,0.01
6,61668,9923,1.0,10143,1499,60169,0.01
6,61674,9924,1.0,10144,1499,60175,0.01
6,61680,9925,1.0,10145,1499,60181,0.01
6,61686,9926,1.0,10146,1500,60186,0.01
6,61692,9927,1.0,10147,1500,60192,0.01
6,61698,9928,1.0,10148,1500,60198,0.01
6,61704,9929,1.0,10149,1500,60204,0.01
6,61710,9930,1.0,10150,1500,60210,0.01
6,61716,9931,1.0,10151,1500,60216,0.01
6,61722,9932,1.0,10152,1500,60222,0.01
6,61728,9933,1.0,10153,1500,60228,0.01
6,61734,9934,1.0,10154,1500,60234,0.01
6,61740,9935,1.0,10155,1500,60240,0.01
6,61746,9936,1.0,10156,1500,60246,0.01
6,61752,9937,1.0,10157,1500,60252,0.01
6,61758,9938,1.0,10158,1500,60258,0.01
6,61764,9939,1.0,10159,1500,60264,0.01
6,61770,9940,1.0,10160,1500,60270,0.01
6,61776,9941,1.0,10161,1500,60276,0.01
6,61782,9942,1.0,10162,1500,60282,0.01
6,61788,9943,1.0,10163,1500,60288,0.01
6,61794,9944,1.0,10164,1500,60294,0.01
6,61800,9945,1.0,10165,1500,60300,0.01
6,61806,9946,1.0,10166,1500,60306,0.01
6,61812,9947,1.0,10167,1500,60312,0.01
6,61818,9948,1.0,10168,1501,60317,0.01
6,61824,9949,1.0,10169,1501,60323,0.01
6,61830,9950,1.0,10170,1501,60329,0.01
6,61836,9951,1.0,10171,1501,60335,0.01
6,61842,9952,1.0,10172,1501,60341,0.01
6,61848,9953,1.0,10173,1501,60347,0.01
6,61854,9954,1.0,10174,1501,60353,0.01
6,61860,9955,1.0,10175,1501,60359,0.01
6,61866,9956,1.0,10176,1501,60365,0.01
6,61872,9957,1.0,10177,1501,60371,0.01
6,61878,9958,1.0,10178,1501,60377,0.01
6,61884,9959,1.0,10179,1501,60383,0.01
6,61890,9960,1.0,10180,1501,60389,0.01
6,61896,9961,1.0,10181,1501,60395,0.01
6,61902,9962,1.0,10182,1501,60401,0.01
6,61908,9963,1.0,10183,1501,60407,0.01
6,61914,9964,1.0,10184,1501,60413,0.01
6,61920,9965,1.0,10185,1501,60419,0.01
6,61926,9966,1.0,10186,1501,60425,0.01
6,61932,9967,1.0,10187,1501,60431,0.01
6,61938,9968,1.0,10188,1501,60437,0.01
6,61944,9969,1.0,10189,1501,60443,0.01
6,61950,9970,1.0,10190,1501,60449,0.01
6,61956,9971,1.0,10191,1501,60455,0.01
6,61962,9972,1.0,10192,1501,60461,0.01
6,61968,9973,1.0,10193,1501,60467,0.01
6,61974,9974,1.0,10194,1501,60473,0.01
6,61980,9975,1.0,10195,1501,60479,0.01
6,61986,9976,1.0,10196,1501,60485,0.01
6,61992,9977,1.0,10197,1501,60491,0.01
6,61998,9978,1.0,10198,1501,60497,0.01
4,62002,9978,0.0,10199,1502,60500,0.01
6,62008,9979,1.0,10200,1502,60506,0.01
6,62014,9980,1.0,10201,1502,60512,0.01
6,62020,9981,1.0,10202,1502,60518,0.01
6,62026,9982,1.0,10203,1502,60524,0.01
6,62032,9983,1.0,10204,1502,60530,0.01
6,62038,9984,1.0,10205,1502,60536,0.01
6,62044,9985,1.0,10206,1502,60542,0.01
8,62052,9986,1.0,10207,1503,60549,0.01
6,62058,9987,1.0,10208,1503,60555,0.01
6,62064,9988,1.0,10209,1503,60561,0.01
6,62070,9989,1.0,10210,1503,60567,0.01
6,62076,9990,1.0,10211,1503,60573,0.01
6,62082,9991,1.0,10212,1503,60579,0.01
6,62088,9992,1.0,10213,1503,60585,0.01
6,62094,9993,1.0,10214,1503,60591,0.01
8,62102,9994,1.0,10215,1504,60598,0.01
6,62108,9995,1.0,10216,1504,60604,0.01
6,62114,9996,1.0,10217,1504,60610,0.01
6,62120,9997,1.0,10218,1504,60616,0.01
6,62126,9998,1.0,10219,1504,60622,0.01
6,62132,9999,1.0,10220,1504,60628,0.01
6,62138,10000,1.0,10221,1504,60634,0.01
6,62144,10001,1.0,10222,1504,60640,0.01
6,62150,10002,1.0,10223,1504,60646,0.01
6,62156,10003,1.0,10224,1504,60652,0.01
6,62162,10004,1.0,10225,1505,60657,0.01
6,62168,10005,1.0,10226,1505,60663,0.01
7,62175,10006,1.0,10227,1506,60669,0.01
6,62181,10007,1.0,10228,1506,60675,0.01
6,62187,10008,1.0,10229,1506,60681,0.01
6,62193,10009,1.0,10230,1506,60687,0.01
6,62199,10010,1.0,10231,1506,60693,0.01
6,62205,10011,1.0,10232,1506,60699,0.01
6,62211,10012,1.0,10233,1506,60705,0.01
6,62217,10013,1.0,10234,1506,60711,0.01
6,62223,10014,1.0,10235,1506,60717,0.01
6,62229,10015,1.0,10236,1506,60723,0.01
6,62235,10016,1.0,10237,1506,60729,0.01
6,62241,10017,1.0,10238,1506,60735,0.01
6,62247,10018,1.0,10239,1506,60741,0.01
6,62253,10019,1.0,10240,1506,60747,0.01
6,62259,10020,1.0,10241,1506,60753,0.01
6,62265,10021,1.0,10242,1506,60759,0.01
6,62271,10022,1.0,10243,1506,60765,0.01
6,62277,10023,1.0,10244,1506,60771,0.01
6,62283,10024,1.0,10245,1506,60777,0.01
6,62289,10025,1.0,10246,1506,60783,0.01
6,62295,10026,1.0,10247,1506,60789,0.01
6,62301,10027,1.0,10248,1506,60795,0.01
6,62307,10028,1.0,10249,1506,60801,0.01
6,62313,10029,1.0,10250,1506,60807,0.01
3,62316,10029,0.0,10251,1507,60809,0.01
6,62322,10030,1.0,10252,1507,60815,0.01
6,62328,10031,1.0,10253,1507,60821,0.01
6,62334,10032,1.0,10254,1507,60827,0.01
6,62340,10033,1.0,10255,1507,60833,0.01
6,62346,10034,1.0,10256,1507,60839,0.01
6,62352,10035,1.0,10257,1507,60845,0.01
6,62358,10036,1.0,10258,1508,60850,0.01
6,62364,10037,1.0,10259,1508,60856,0.01
6,62370,10038,1.0,10260,1508,60862,0.01
6,62376,10039,1.0,10261,1508,60868,0.01
6,62382,10040,1.0,10262,1508,60874,0.01
6,62388,10041,1.0,10263,1508,60880,0.01
6,62394,10042,1.0,10264,1508,60886,0.01
6,62400,10043,1.0,10265,1508,60892,0.01
6,62406,10044,1.0,10266,1508,60898,0.01
6,62412,10045,1.0,10267,1508,60904,0.01
6,62418,10046,1.0,10268,1508,60910,0.01
6,62424,10047,1.0,10269,1508,60916,0.01
6,62430,10048,1.0,10270,1508,60922,0.01
6,62436,10049,1.0,10271,1508,60928,0.01
6,62442,10050,1.0,10272,1508,60934,0.01
6,62448,10051,1.0,10273,1508,60940,0.01
6,62454,10052,1.0,10274,1508,60946,0.01
6,62460,10053,1.0,10275,1508,60952,0.01
6,62466,10054,1.0,10276,1508,60958,0.01
6,62472,10055,1.0,10277,1508,60964,0.01
6,62478,10056,1.0,10278,1508,60970,0.01
8,62486,10057,1.0,10279,1509,60977,0.01
6,62492,10058,1.0,10280,1509,60983,0.01
6,62498,10059,1.0,10281,1509,60989,0.01
6,62504,10060,1.0,10282,1509,60995,0.01
6,62510,10061,1.0,10283,1509,61001,0.01
6,62516,10062,1.0,10284,1509,61007,0.01
6,62522,10063,1.0,10285,1509,61013,0.01
6,62528,10064,1.0,10286,1509,61019,0.01
6,62534,10065,1.0,10287,1509,61025,0.01
6,62540,10066,1.0,10288,1509,61031,0.01
6,62546,10067,1.0,10289,1509,61037,0.01
6,62552,10068,1.0,10290,1509,61043,0.01
6,62558,10069,1.0,10291,1509,61049,0.01
6,62564,10070,1.0,10292,1509,61055,0.01
5,62569,10070,0.0,10293,1510,61059,0.01
6,62575,10071,1.0,10294,1510,61065,0.01
6,62581,10072,1.0,10295,1510,61071,0.01
6,62587,10073,1.0,10296,1510,61077,0.01
6,62593,10074,1.0,10297,1510,61083,0.01
6,62599,10075,1.0,10298,1510,61089,0.01
6,62605,10076,1.0,10299,1510,61095,0.01
6,62611,10077,1.0,10300,1510,61101,0.01
6,62617,10078,1.0,10301,1510,61107,0.01
6,62623,10079,1.0,10302,1510,61113,0.01
6,62629,10080,1.0,10303,1510,61119,0.01
6,62635,10081,1.0,10304,1510,61125,0.01
6,62641,10082,1.0,10305,1510,61131,0.01
6,62647,10083,1.0,10306,1510,61137,0.01
6,62653,10084,1.0,10307,1510,61143,0.01
6,62659,10085,1.0,10308,1510,61149,0.01
6,62665,10086,1.0,10309,1510,61155,0.01
6,62671,10087,1.0,10310,1510,61161,0.01
6,62677,10088,1.0,10311,1510,61167,0.01
6,62683,10089,1.0,10312,1510,61173,0.01
6,62689,10090,1.0,10313,1510,61179,0.01
6,62695,10091,1.0,10314,1510,61185,0.01
6,62701,10092,1.0,10315,1510,61191,0.01
6,62707,10093,1.0,10316,1510,61197,0.01
6,62713,10094,1.0,10317,1510,61203,0.01
6,62719,10095,1.0,10318,1510,61209,0.01
6,62725,10096,1.0,10319,1510,61215,0.01
6,62731,10097,1.0,10320,1510,61221,0.01
6,62737,10098,1.0,10321,1510,61227,0.01
6,62743,10099,1.0,10322,1510,61233,0.01
6,62749,10100,1.0,10323,1510,61239,0.01
6,62755,10101,1.0,10324,1510,61245,0.01
6,62761,10102,1.0,10325,1510,61251,0.01
6,62767,10103,1.0,10326,1510,61257,0.01
6,62773,10104,1.0,10327,1510,61263,0.01
8,62781,10105,1.0,10328,1511,61270,0.01
6,62787,10106,1.0,10329,1511,61276,0.01
8,62795,10107,1.0,10330,1512,61283,0.01
6,62801,10108,1.0,10331,1512,61289,0.01
6,62807,10109,1.0,10332,1512,61295,0.01
6,62813,10110,1.0,10333,1512,61301,0.01
6,62819,10111,1.0,10334,1512,61307,0.01
6,62825,10112,1.0,10335,1512,61313,0.01
6,62831,10113,1.0,10336,1512,61319,0.01
6,62837,10114,1.0,10337,1512,61325,0.01
6,62843,10115,1.0,10338,1512,61331,0.01
6,62849,10116,1.0,10339,1512,61337,0.01
6,62855,10117,1.0,10340,1512,61343,0.01
6,62861,10118,1.0,10341,1512,61349,0.01
6,62867,10119,1.0,10342,1512,61355,0.01
6,62873,10120,1.0,10343,1512,61361,0.01
6,62879,10121,1.0,10344,1512,61367,0.01
6,62885,10122,1.0,10345,1512,61373,0.01
6,62891,10123,1.0,10346,1512,61379,0.01
6,62897,10124,1.0,10347,1512,61385,0.01
6,62903,10125,1.0,10348,1512,61391,0.01
6,62909,10126,1.0,10349,1512,61397,0.01
6,62915,10127,1.0,10350,1512,61403,0.01
6,62921,10128,1.0,10351,1512,61409,0.01
6,62927,10129,1.0,10352,1512,61415,0.01
6,62933,10130,1.0,10353,1512,61421,0.01
6,62939,10131,1.0,10354,1512,61427,0.01
6,62945,10132,1.0,10355,1512,61433,0.01
6,62951,10133,1.0,10356,1512,61439,0.01
6,62957,10134,1.0,10357,1512,61445,0.01
2,62959,10134,0.0,10358,1513,61446,0.01
6,62965,10135,1.0,10359,1513,61452,0.01
6,62971,10136,1.0,10360,1513,61458,0.01
6,62977,10137,1.0,10361,1513,61464,0.01
6,62983,10138,1.0,10362,1513,61470,0.01
6,62989,10139,1.0,10363,1513,61476,0.01
6,62995,10140,1.0,10364,1513,61482,0.01
2,62997,10140,0.0,10365,1514,61483,0.01
6,63003,10141,1.0,10366,1514,61489,0.01
6,63009,10142,1.0,10367,1514,61495,0.01
6,63015,10143,1.0,10368,1514,61501,0.01
6,63021,10144,1.0,10369,1514,61507,0.01
6,63027,10145,1.0,10370,1514,61513,0.01
6,63033,10146,1.0,10371,1514,61519,0.01
6,63039,10147,1.0,10372,1514,61525,0.01
6,63045,10148,1.0,10373,1514,61531,0.01
3,63048,10148,0.0,10374,1515,61533,0.01
6,63054,10149,1.0,10375,1515,61539,0.01
6,63060,10150,1.0,10376,1515,61545,0.01
6,63066,10151,1.0,10377,1515,61551,0.01
6,63072,10152,1.0,10378,1515,61557,0.01
6,63078,10153,1.0,10379,1515,61563,0.01
6,63084,10154,1.0,10380,1515,61569,0.01
6,63090,10155,1.0,10381,1515,61575,0.01
6,63096,10156,1.0,10382,1515,61581,0.01
6,63102,10157,1.0,10383,1515,61587,0.01
6,63108,10158,1.0,10384,1515,61593,0.01
6,63114,10159,1.0,10385,1515,61599,0.01
6,63120,10160,1.0,10386,1515,61605,0.01
6,63126,10161,1.0,10387,1515,61611,0.01
6,63132,10162,1.0,10388,1515,61617,0.01
6,63138,10163,1.0,10389,1515,61623,0.01
5,63143,10163,0.0,10390,1516,61627,0.01
6,63149,10164,1.0,10391,1516,61633,0.01
6,63155,10165,1.0,10392,1516,61639,0.01
6,63161,10166,1.0,10393,1516,61645,0.01
6,63167,10167,1.0,10394,1516,61651,0.01
6,63173,10168,1.0,10395,1516,61657,0.01
6,63179,10169,1.0,10396,1516,61663,0.01
6,63185,10170,1.0,10397,1516,61669,0.01
6,63191,10171,1.0,10398,1516,61675,0.01
6,63197,10172,1.0,10399,1517,61680,0.01
6,63203,10173,1.0,10400,1517,61686,0.01
6,63209,10174,1.0,10401,1517,61692,0.01
6,63215,10175,1.0,10402,1517,61698,0.01
6,63221,10176,1.0,10403,1517,61704,0.01
6,63227,10177,1.0,10404,1517,61710,0.01
6,63233,10178,1.0,10405,1517,61716,0.01
6,63239,10179,1.0,10406,1517,61722,0.01
6,63245,10180,1.0,10407,1517,61728,0.01
6,63251,10181,1.0,10408,1517,61734,0.01
6,63257,10182,1.0,10409,1517,61740,0.01
6,63263,10183,1.0,10410,1517,61746,0.01
6,63269,10184,1.0,10411,1517,61752,0.01
6,63275,10185,1.0,10412,1517,61758,0.01
6,63281,10186,1.0,10413,1517,61764,0.01
6,63287,10187,1.0,10414,1517,61770,0.01
6,63293,10188,1.0,10415,1517,61776,0.01
6,63299,10189,1.0,10416,1517,61782,0.01
6,63305,10190,1.0,10417,1517,61788,0.01
6,63311,10191,1.0,10418,1517,61794,0.01
6,63317,10192,1.0,10419,1517,61800,0.01
6,63323,10193,1.0,10420,1517,61806,0.01
6,63329,10194,1.0,10421,1517,61812,0.01
6,63335,10195,1.0,10422,1517,61818,0.01
6,63341,10196,1.0,10423,1517,61824,0.01
6,63347,10197,1.0,10424,1517,61830,0.01
6,63353,10198,1.0,10425,1517,61836,0.01
6,63359,10199,1.0,10426,1517,61842,0.01
6,63365,10200,1.0,10427,1517,61848,0.01
6,63371,10201,1.0,10428,1517,61854,0.01
6,63377,10202,1.0,10429,1517,61860,0.01
6,63383,10203,1.0,10430,1517,61866,0.01
6,63389,10204,1.0,10431,1517,61872,0.01
6,63395,10205,1.0,10432,1517,61878,0.01
6,63401,10206,1.0,10433,1517,61884,0.01
6,63407,10207,1.0,10434,1517,61890,0.01
6,63413,10208,1.0,10435,1517,61896,0.01
6,63419,10209,1.0,10436,1517,61902,0.01
6,63425,10210,1.0,10437,1517,61908,0.01
6,63431,10211,1.0,10438,1517,61914,0.01
6,63437,10212,1.0,10439,1517,61920,0.01
6,63443,10213,1.0,10440,1517,61926,0.01
6,63449,10214,1.0,10441,1517,61932,0.01
6,63455,10215,1.0,10442,1517,61938,0.01
6,63461,10216,1.0,10443,1517,61944,0.01
6,63467,10217,1.0,10444,1517,61950,0.01
6,63473,10218,1.0,10445,1517,61956,0.01
6,63479,10219,1.0,10446,1517,61962,0.01
6,63485,10220,1.0,10447,1517,61968,0.01
6,63491,10221,1.0,10448,1517,61974,0.01
6,63497,10222,1.0,10449,1517,61980,0.01
6,63503,10223,1.0,10450,1517,61986,0.01
4,63507,10223,0.0,10451,1518,61989,0.01
6,63513,10224,1.0,10452,1518,61995,0.01
6,63519,10225,1.0,10453,1518,62001,0.01
6,63525,10226,1.0,10454,1518,62007,0.01
6,63531,10227,1.0,10455,1518,62013,0.01
6,63537,10228,1.0,10456,1518,62019,0.01
6,63543,10229,1.0,10457,1518,62025,0.01
6,63549,10230,1.0,10458,1518,62031,0.01
6,63555,10231,1.0,10459,1518,62037,0.01
6,63561,10232,1.0,10460,1518,62043,0.01
6,63567,10233,1.0,10461,1518,62049,0.01
6,63573,10234,1.0,10462,1518,62055,0.01
6,63579,10235,1.0,10463,1518,62061,0.01
7,63586,10236,1.0,10464,1519,62067,0.01
6,63592,10237,1.0,10465,1519,62073,0.01
6,63598,10238,1.0,10466,1519,62079,0.01
6,63604,10239,1.0,10467,1519,62085,0.01
6,63610,10240,1.0,10468,1519,62091,0.01
6,63616,10241,1.0,10469,1519,62097,0.01
6,63622,10242,1.0,10470,1519,62103,0.01
6,63628,10243,1.0,10471,1519,62109,0.01
6,63634,10244,1.0,10472,1519,62115,0.01
6,63640,10245,1.0,10473,1519,62121,0.01
6,63646,10246,1.0,10474,1519,62127,0.01
6,63652,10247,1.0,10475,1519,62133,0.01
6,63658,10248,1.0,10476,1519,62139,0.01
6,63664,10249,1.0,10477,1519,62145,0.01
6,63670,10250,1.0,10478,1519,62151,0.01
6,63676,10251,1.0,10479,1519,62157,0.01
6,63682,10252,1.0,10480,1519,62163,0.01
6,63688,10253,1.0,10481,1519,62169,0.01
6,63694,10254,1.0,10482,1519,62175,0.01
6,63700,10255,1.0,10483,1519,62181,0.01
6,63706,10256,1.0,10484,1519,62187,0.01
6,63712,10257,1.0,10485,1519,62193,0.01
6,63718,10258,1.0,10486,1519,62199,0.01
6,63724,10259,1.0,10487,1519,62205,0.01
6,63730,10260,1.0,10488,1519,62211,0.01
6,63736,10261,1.0,10489,1519,62217,0.01
6,63742,10262,1.0,10490,1519,62223,0.01
6,63748,10263,1.0,10491,1519,62229,0.01
6,63754,10264,1.0,10492,1519,62235,0.01
6,63760,10265,1.0,10493,1519,62241,0.01
6,63766,10266,1.0,10494,1519,62247,0.01
6,63772,10267,1.0,10495,1519,62253,0.01
6,63778,10268,1.0,10496,1519,62259,0.01
6,63784,10269,1.0,10497,1519,62265,0.01
6,63790,10270,1.0,10498,1519,62271,0.01
6,63796,10271,1.0,10499,1519,62277,0.01
6,63802,10272,1.0,10500,1519,62283,0.01
6,63808,10273,1.0,10501,1519,62289,0.01
6,63814,10274,1.0,10502,1519,62295,0.01
6,63820,10275,1.0,10503,1519,62301,0.01
6,63826,10276,1.0,10504,1519,62307,0.01
6,63832,10277,1.0,10505,1519,62313,0.01
6,63838,10278,1.0,10506,1519,62319,0.01
6,63844,10279,1.0,10507,1519,62325,0.01
6,63850,10280,1.0,10508,1519,62331,0.01
6,63856,10281,1.0,10509,1519,62337,0.01
6,63862,10282,1.0,10510,1519,62343,0.01
6,63868,10283,1.0,10511,1519,62349,0.01
6,63874,10284,1.0,10512,1519,62355,0.01
6,63880,10285,1.0,10513,1519,62361,0.01
6,63886,10286,1.0,10514,1519,62367,0.01
6,63892,10287,1.0,10515,1519,62373,0.01
6,63898,10288,1.0,10516,1519,62379,0.01
6,63904,10289,1.0,10517,1519,62385,0.01
6,63910,10290,1.0,10518,1519,62391,0.01
6,63916,10291,1.0,10519,1519,62397,0.01
6,63922,10292,1.0,10520,1519,62403,0.01
6,63928,10293,1.0,10521,1519,62409,0.01
6,63934,10294,1.0,10522,1519,62415,0.01
6,63940,10295,1.0,10523,1519,62421,0.01
6,63946,10296,1.0,10524,1519,62427,0.01
6,63952,10297,1.0,10525,1519,62433,0.01
6,63958,10298,1.0,10526,1519,62439,0.01
6,63964,10299,1.0,10527,1519,62445,0.01
6,63970,10300,1.0,10528,1519,62451,0.01
6,63976,10301,1.0,10529,1519,62457,0.01
6,63982,10302,1.0,10530,1519,62463,0.01
6,63988,10303,1.0,10531,1519,62469,0.01
6,63994,10304,1.0,10532,1519,62475,0.01
6,64000,10305,1.0,10533,1519,62481,0.01
6,64006,10306,1.0,10534,1519,62487,0.01
6,64012,10307,1.0,10535,1519,62493,0.01
6,64018,10308,1.0,10536,1519,62499,0.01
6,64024,10309,1.0,10537,1519,62505,0.01
6,64030,10310,1.0,10538,1519,62511,0.01
6,64036,10311,1.0,10539,1519,62517,0.01
6,64042,10312,1.0,10540,1519,62523,0.01
6,64048,10313,1.0,10541,1519,62529,0.01
6,64054,10314,1.0,10542,1519,62535,0.01
6,64060,10315,1.0,10543,1519,62541,0.01
6,64066,10316,1.0,10544,1519,62547,0.01
8,64074,10317,1.0,10545,1520,62554,0.01
6,64080,10318,1.0,10546,1520,62560,0.01
6,64086,10319,1.0,10547,1520,62566,0.01
6,64092,10320,1.0,10548,1520,62572,0.01
6,64098,10321,1.0,10549,1520,62578,0.01
6,64104,10322,1.0,10550,1520,62584,0.01
6,64110,10323,1.0,10551,1520,62590,0.01
6,64116,10324,1.0,10552,1520,62596,0.01
6,64122,10325,1.0,10553,1520,62602,0.01
6,64128,10326,1.0,10554,1520,62608,0.01
6,64134,10327,1.0,10555,1520,62614,0.01
6,64140,10328,1.0,10556,1520,62620,0.01
6,64146,10329,1.0,10557,1520,62626,0.01
6,64152,10330,1.0,10558,1520,62632,0.01
6,64158,10331,1.0,10559,1520,62638,0.01
6,64164,10332,1.0,10560,1520,62644,0.01
6,64170,10333,1.0,10561,1520,62650,0.01
6,64176,10334,1.0,10562,1520,62656,0.01
6,64182,10335,1.0,10563,1520,62662,0.01
6,64188,10336,1.0,10564,1520,62668,0.01
6,64194,10337,1.0,10565,1520,62674,0.01
6,64200,10338,1.0,10566,1520,62680,0.01
6,64206,10339,1.0,10567,1520,62686,0.01
6,64212,10340,1.0,10568,1520,62692,0.01
6,64218,10341,1.0,10569,1520,62698,0.01
6,64224,10342,1.0,10570,1520,62704,0.01
6,64230,10343,1.0,10571,1520,62710,0.01
6,64236,10344,1.0,10572,1520,62716,0.01
6,64242,10345,1.0,10573,1520,62722,0.01
6,64248,10346,1.0,10574,1520,62728,0.01
6,64254,10347,1.0,10575,1520,62734,0.01
6,64260,10348,1.0,10576,1520,62740,0.01
6,64266,10349,1.0,10577,1520,62746,0.01
6,64272,10350,1.0,10578,1520,62752,0.01
6,64278,10351,1.0,10579,1520,62758,0.01
6,64284,10352,1.0,10580,1520,62764,0.01
6,64290,10353,1.0,10581,1520,62770,0.01
6,64296,10354,1.0,10582,1520,62776,0.01
6,64302,10355,1.0,10583,1520,62782,0.01
6,64308,10356,1.0,10584,1520,62788,0.01
6,64314,10357,1.0,10585,1520,62794,0.01
6,64320,10358,1.0,10586,1520,62800,0.01
6,64326,10359,1.0,10587,1520,62806,0.01
6,64332,10360,1.0,10588,1520,62812,0.01
6,64338,10361,1.0,10589,1520,62818,0.01
6,64344,10362,1.0,10590,1520,62824,0.01
6,64350,10363,1.0,10591,1520,62830,0.01
6,64356,10364,1.0,10592,1520,62836,0.01
6,64362,10365,1.0,10593,1520,62842,0.01
6,64368,10366,1.0,10594,1520,62848,0.01
6,64374,10367,1.0,10595,1520,62854,0.01
6,64380,10368,1.0,10596,1520,62860,0.01
6,64386,10369,1.0,10597,1520,62866,0.01
6,64392,10370,1.0,10598,1520,62872,0.01
6,64398,10371,1.0,10599,1520,62878,0.01
6,64404,10372,1.0,10600,1520,62884,0.01
6,64410,10373,1.0,10601,1520,62890,0.01
6,64416,10374,1.0,10602,1520,62896,0.01
6,64422,10375,1.0,10603,1520,62902,0.01
6,64428,10376,1.0,10604,1520,62908,0.01
6,64434,10377,1.0,10605,1520,62914,0.01
6,64440,10378,1.0,10606,1520,62920,0.01
6,64446,10379,1.0,10607,1520,62926,0.01
6,64452,10380,1.0,10608,1520,62932,0.01
2,64454,10380,0.0,10609,1521,62933,0.01
6,64460,10381,1.0,10610,1521,62939,0.01
6,64466,10382,1.0,10611,1521,62945,0.01
6,64472,10383,1.0,10612,1521,62951,0.01
6,64478,10384,1.0,10613,1521,62957,0.01
6,64484,10385,1.0,10614,1521,62963,0.01
6,64490,10386,1.0,10615,1522,62968,0.01
6,64496,10387,1.0,10616,1522,62974,0.01
6,64502,10388,1.0,10617,1522,62980,0.01
6,64508,10389,1.0,10618,1522,62986,0.01
6,64514,10390,1.0,10619,1522,62992,0.01
6,64520,10391,1.0,10620,1522,62998,0.01
6,64526,10392,1.0,10621,1522,63004,0.01
6,64532,10393,1.0,10622,1522,63010,0.01
6,64538,10394,1.0,10623,1522,63016,0.01
6,64544,10395,1.0,10624,1522,63022,0.01
6,64550,10396,1.0,10625,1522,63028,0.01
6,64556,10397,1.0,10626,1522,63034,0.01
6,64562,10398,1.0,10627,1522,63040,0.01
6,64568,10399,1.0,10628,1522,63046,0.01
6,64574,10400,1.0,10629,1522,63052,0.01
6,64580,10401,1.0,10630,1522,63058,0.01
6,64586,10402,1.0,10631,1522,63064,0.01
6,64592,10403,1.0,10632,1522,63070,0.01
6,64598,10404,1.0,10633,1522,63076,0.01
6,64604,10405,1.0,10634,1522,63082,0.01
6,64610,10406,1.0,10635,1522,63088,0.01
7,64617,10407,1.0,10636,1523,63094,0.01
6,64623,10408,1.0,10637,1523,63100,0.01
6,64629,10409,1.0,10638,1523,63106,0.01
6,64635,10410,1.0,10639,1523,63112,0.01
6,64641,10411,1.0,10640,1523,63118,0.01
6,64647,10412,1.0,10641,1523,63124,0.01
6,64653,10413,1.0,10642,1523,63130,0.01
6,64659,10414,1.0,10643,1523,63136,0.01
6,64665,10415,1.0,10644,1523,63142,0.01
6,64671,10416,1.0,10645,1523,63148,0.01
6,64677,10417,1.0,10646,1523,63154,0.01
6,64683,10418,1.0,10647,1523,63160,0.01
6,64689,10419,1.0,10648,1523,63166,0.01
6,64695,10420,1.0,10649,1523,63172,0.01
6,64701,10421,1.0,10650,1523,63178,0.01
6,64707,10422,1.0,10651,1523,63184,0.01
6,64713,10423,1.0,10652,1523,63190,0.01
6,64719,10424,1.0,10653,1523,63196,0.01
6,64725,10425,1.0,10654,1523,63202,0.01
6,64731,10426,1.0,10655,1523,63208,0.01
6,64737,10427,1.0,10656,1523,63214,0.01
6,64743,10428,1.0,10657,1523,63220,0.01
6,64749,10429,1.0,10658,1523,63226,0.01
6,64755,10430,1.0,10659,1523,63232,0.01
6,64761,10431,1.0,10660,1523,63238,0.01
6,64767,10432,1.0,10661,1523,63244,0.01
6,64773,10433,1.0,10662,1523,63250,0.01
6,64779,10434,1.0,10663,1523,63256,0.01
6,64785,10435,1.0,10664,1523,63262,0.01
6,64791,10436,1.0,10665,1523,63268,0.01
6,64797,10437,1.0,10666,1523,63274,0.01
6,64803,10438,1.0,10667,1523,63280,0.01
6,64809,10439,1.0,10668,1523,63286,0.01
6,64815,10440,1.0,10669,1523,63292,0.01
6,64821,10441,1.0,10670,1523,63298,0.01
6,64827,10442,1.0,10671,1523,63304,0.01
6,64833,10443,1.0,10672,1523,63310,0.01
6,64839,10444,1.0,10673,1524,63315,0.01
6,64845,10445,1.0,10674,1524,63321,0.01
6,64851,10446,1.0,10675,1524,63327,0.01
8,64859,10447,1.0,10676,1525,63334,0.01
6,64865,10448,1.0,10677,1525,63340,0.01
6,64871,10449,1.0,10678,1525,63346,0.01
6,64877,10450,1.0,10679,1525,63352,0.01
6,64883,10451,1.0,10680,1525,63358,0.01
6,64889,10452,1.0,10681,1525,63364,0.01
6,64895,10453,1.0,10682,1525,63370,0.01
6,64901,10454,1.0,10683,1525,63376,0.01
6,64907,10455,1.0,10684,1525,63382,0.01
6,64913,10456,1.0,10685,1525,63388,0.01
6,64919,10457,1.0,10686,1525,63394,0.01
6,64925,10458,1.0,10687,1525,63400,0.01
6,64931,10459,1.0,10688,1525,63406,0.01
6,64937,10460,1.0,10689,1526,63411,0.01
6,64943,10461,1.0,10690,1526,63417,0.01
6,64949,10462,1.0,10691,1526,63423,0.01
6,64955,10463,1.0,10692,1526,63429,0.01
6,64961,10464,1.0,10693,1526,63435,0.01
6,64967,10465,1.0,10694,1526,63441,0.01
6,64973,10466,1.0,10695,1526,63447,0.01
6,64979,10467,1.0,10696,1526,63453,0.01
6,64985,10468,1.0,10697,1526,63459,0.01
6,64991,10469,1.0,10698,1526,63465,0.01
6,64997,10470,1.0,10699,1526,63471,0.01
6,65003,10471,1.0,10700,1526,63477,0.01
6,65009,10472,1.0,10701,1526,63483,0.01
6,65015,10473,1.0,10702,1526,63489,0.01
6,65021,10474,1.0,10703,1526,63495,0.01
6,65027,10475,1.0,10704,1526,63501,0.01
6,65033,10476,1.0,10705,1526,63507,0.01
6,65039,10477,1.0,10706,1526,63513,0.01
6,65045,10478,1.0,10707,1526,63519,0.01
6,65051,10479,1.0,10708,1526,63525,0.01
6,65057,10480,1.0,10709,1526,63531,0.01
6,65063,10481,1.0,10710,1526,63537,0.01
6,65069,10482,1.0,10711,1526,63543,0.01
6,65075,10483,1.0,10712,1526,63549,0.01
6,65081,10484,1.0,10713,1526,63555,0.01
6,65087,10485,1.0,10714,1526,63561,0.01
6,65093,10486,1.0,10715,1527,63566,0.01
6,65099,10487,1.0,10716,1527,63572,0.01
6,65105,10488,1.0,10717,1527,63578,0.01
6,65111,10489,1.0,10718,1527,63584,0.01
6,65117,10490,1.0,10719,1527,63590,0.01
6,65123,10491,1.0,10720,1527,63596,0.01
6,65129,10492,1.0,10721,1527,63602,0.01
6,65135,10493,1.0,10722,1527,63608,0.01
6,65141,10494,1.0,10723,1527,63614,0.01
6,65147,10495,1.0,10724,1527,63620,0.01
6,65153,10496,1.0,10725,1527,63626,0.01
6,65159,10497,1.0,10726,1527,63632,0.01
6,65165,10498,1.0,10727,1527,63638,0.01
6,65171,10499,1.0,10728,1527,63644,0.01
6,65177,10500,1.0,10729,1527,63650,0.01
6,65183,10501,1.0,10730,1527,63656,0.01
6,65189,10502,1.0,10731,1527,63662,0.01
6,65195,10503,1.0,10732,1527,63668,0.01
6,65201,10504,1.0,10733,1527,63674,0.01
6,65207,10505,1.0,10734,1527,63680,0.01
6,65213,10506,1.0,10735,1527,63686,0.01
6,65219,10507,1.0,10736,1527,63692,0.01
6,65225,10508,1.0,10737,1527,63698,0.01
6,65231,10509,1.0,10738,1527,63704,0.01
6,65237,10510,1.0,10739,1527,63710,0.01
6,65243,10511,1.0,10740,1527,63716,0.01
6,65249,10512,1.0,10741,1527,63722,0.01
6,65255,10513,1.0,10742,1527,63728,0.01
6,65261,10514,1.0,10743,1527,63734,0.01
6,65267,10515,1.0,10744,1527,63740,0.01
6,65273,10516,1.0,10745,1527,63746,0.01
6,65279,10517,1.0,10746,1527,63752,0.01
8,65287,10518,1.0,10747,1528,63759,0.01
6,65293,10519,1.0,10748,1528,63765,0.01
6,65299,10520,1.0,10749,1528,63771,0.01
6,65305,10521,1.0,10750,1528,63777,0.01
6,65311,10522,1.0,10751,1528,63783,0.01
7,65318,10523,1.0,10752,1529,63789,0.01
6,65324,10524,1.0,10753,1529,63795,0.01
6,65330,10525,1.0,10754,1529,63801,0.01
6,65336,10526,1.0,10755,1529,63807,0.01
8,65344,10527,1.0,10756,1530,63814,0.01
6,65350,10528,1.0,10757,1530,63820,0.01
6,65356,10529,1.0,10758,1530,63826,0.01
6,65362,10530,1.0,10759,1530,63832,0.01
6,65368,10531,1.0,10760,1530,63838,0.01
6,65374,10532,1.0,10761,1530,63844,0.01
6,65380,10533,1.0,10762,1530,63850,0.01
6,65386,10534,1.0,10763,1530,63856,0.01
6,65392,10535,1.0,10764,1530,63862,0.01
6,65398,10536,1.0,10765,1530,63868,0.01
6,65404,10537,1.0,10766,1530,63874,0.01
6,65410,10538,1.0,10767,1530,63880,0.01
6,65416,10539,1.0,10768,1530,63886,0.01
6,65422,10540,1.0,10769,1530,63892,0.01
6,65428,10541,1.0,10770,1530,63898,0.01
6,65434,10542,1.0,10771,1530,63904,0.01
6,65440,10543,1.0,10772,1530,63910,0.01
6,65446,10544,1.0,10773,1530,63916,0.01
6,65452,10545,1.0,10774,1530,63922,0.01
6,65458,10546,1.0,10775,1530,63928,0.01
6,65464,10547,1.0,10776,1530,63934,0.01
6,65470,10548,1.0,10777,1530,63940,0.01
7,65477,10549,1.0,10778,1531,63946,0.01
6,65483,10550,1.0,10779,1531,63952,0.01
6,65489,10551,1.0,10780,1531,63958,0.01
6,65495,10552,1.0,10781,1531,63964,0.01
5,65500,10552,0.0,10782,1532,63968,0.01
6,65506,10553,1.0,10783,1532,63974,0.01
8,65514,10554,1.0,10784,1533,63981,0.01
6,65520,10555,1.0,10785,1533,63987,0.01
6,65526,10556,1.0,10786,1533,63993,0.01
6,65532,10557,1.0,10787,1533,63999,0.01
6,65538,10558,1.0,10788,1533,64005,0.01
6,65544,10559,1.0,10789,1533,64011,0.01
8,65552,10560,1.0,10790,1534,64018,0.01
6,65558,10561,1.0,10791,1534,64024,0.01
6,65564,10562,1.0,10792,1534,64030,0.01
6,65570,10563,1.0,10793,1534,64036,0.01
6,65576,10564,1.0,10794,1534,64042,0.01
6,65582,10565,1.0,10795,1534,64048,0.01
6,65588,10566,1.0,10796,1534,64054,0.01
6,65594,10567,1.0,10797,1534,64060,0.01
6,65600,10568,1.0,10798,1534,64066,0.01
6,65606,10569,1.0,10799,1534,64072,0.01
6,65612,10570,1.0,10800,1534,64078,0.01
6,65618,10571,1.0,10801,1534,64084,0.01
6,65624,10572,1.0,10802,1535,64089,0.01
6,65630,10573,1.0,10803,1535,64095,0.01
6,65636,10574,1.0,10804,1535,64101,0.01
6,65642,10575,1.0,10805,1535,64107,0.01
6,65648,10576,1.0,10806,1535,64113,0.01
2,65650,10576,0.0,10807,1536,64114,0.01
6,65656,10577,1.0,10808,1536,64120,0.01
6,65662,10578,1.0,10809,1536,64126,0.01
6,65668,10579,1.0,10810,1536,64132,0.01
6,65674,10580,1.0,10811,1536,64138,0.01
6,65680,10581,1.0,10812,1536,64144,0.01
6,65686,10582,1.0,10813,1536,64150,0.01
6,65692,10583,1.0,10814,1536,64156,0.01
6,65698,10584,1.0,10815,1536,64162,0.01
6,65704,10585,1.0,10816,1536,64168,0.01
8,65712,10586,1.0,10817,1537,64175,0.01
6,65718,10587,1.0,10818,1537,64181,0.01
6,65724,10588,1.0,10819,1537,64187,0.01
6,65730,10589,1.0,10820,1537,64193,0.01
6,65736,10590,1.0,10821,1537,64199,0.01
6,65742,10591,1.0,10822,1537,64205,0.01
6,65748,10592,1.0,10823,1537,64211,0.01
6,65754,10593,1.0,10824,1537,64217,0.01
6,65760,10594,1.0,10825,1537,64223,0.01
6,65766,10595,1.0,10826,1537,64229,0.01
6,65772,10596,1.0,10827,1537,64235,0.01
6,65778,10597,1.0,10828,1537,64241,0.01
6,65784,10598,1.0,10829,1537,64247,0.01
6,65790,10599,1.0,10830,1537,64253,0.01
6,65796,10600,1.0,10831,1537,64259,0.01
6,65802,10601,1.0,10832,1537,64265,0.01
6,65808,10602,1.0,10833,1537,64271,0.01
6,65814,10603,1.0,10834,1537,64277,0.01
6,65820,10604,1.0,10835,1537,64283,0.01
6,65826,10605,1.0,10836,1537,64289,0.01
6,65832,10606,1.0,10837,1537,64295,0.01
6,65838,10607,1.0,10838,1537,64301,0.01
6,65844,10608,1.0,10839,1537,64307,0.01
6,65850,10609,1.0,10840,1537,64313,0.01
6,65856,10610,1.0,10841,1537,64319,0.01
6,65862,10611,1.0,10842,1537,64325,0.01
6,65868,10612,1.0,10843,1537,64331,0.01
6,65874,10613,1.0,10844,1537,64337,0.01
6,65880,10614,1.0,10845,1537,64343,0.01
6,65886,10615,1.0,10846,1537,64349,0.01
6,65892,10616,1.0,10847,1537,64355,0.01
6,65898,10617,1.0,10848,1537,64361,0.01
6,65904,10618,1.0,10849,1537,64367,0.01
6,65910,10619,1.0,10850,1537,64373,0.01
6,65916,10620,1.0,10851,1537,64379,0.01
6,65922,10621,1.0,10852,1537,64385,0.01
6,65928,10622,1.0,10853,1537,64391,0.01
6,65934,10623,1.0,10854,1537,64397,0.01
6,65940,10624,1.0,10855,1537,64403,0.01
6,65946,10625,1.0,10856,1537,64409,0.01
6,65952,10626,1.0,10857,1537,64415,0.01
6,65958,10627,1.0,10858,1537,64421,0.01
6,65964,10628,1.0,10859,1537,64427,0.01
6,65970,10629,1.0,10860,1537,64433,0.01
6,65976,10630,1.0,10861,1537,64439,0.01
6,65982,10631,1.0,10862,1537,64445,0.01
6,65988,10632,1.0,10863,1537,64451,0.01
6,65994,10633,1.0,10864,1537,64457,0.01
5,65999,10633,0.0,10865,1538,64461,0.01
6,66005,10634,1.0,10866,1538,64467,0.01
6,66011,10635,1.0,10867,1538,64473,0.01
6,66017,10636,1.0,10868,1538,64479,0.01
6,66023,10637,1.0,10869,1538,64485,0.01
6,66029,10638,1.0,10870,1538,64491,0.01
6,66035,10639,1.0,10871,1538,64497,0.01
6,66041,10640,1.0,10872,1538,64503,0.01
6,66047,10641,1.0,10873,1538,64509,0.01
6,66053,10642,1.0,10874,1538,64515,0.01
6,66059,10643,1.0,10875,1538,64521,0.01
6,66065,10644,1.0,10876,1538,64527,0.01
6,66071,10645,1.0,10877,1538,64533,0.01
6,66077,10646,1.0,10878,1538,64539,0.01
6,66083,10647,1.0,10879,1538,64545,0.01
6,66089,10648,1.0,10880,1538,64551,0.01
6,66095,10649,1.0,10881,1538,64557,0.01
6,66101,10650,1.0,10882,1538,64563,0.01
6,66107,10651,1.0,10883,1538,64569,0.01
6,66113,10652,1.0,10884,1538,64575,0.01
6,66119,10653,1.0,10885,1538,64581,0.01
6,66125,10654,1.0,10886,1538,64587,0.01
6,66131,10655,1.0,10887,1538,64593,0.01
6,66137,10656,1.0,10888,1538,64599,0.01
6,66143,10657,1.0,10889,1538,64605,0.01
6,66149,10658,1.0,10890,1538,64611,0.01
6,66155,10659,1.0,10891,1538,64617,0.01
6,66161,10660,1.0,10892,1538,64623,0.01
6,66167,10661,1.0,10893,1538,64629,0.01
6,66173,10662,1.0,10894,1538,64635,0.01
6,66179,10663,1.0,10895,1538,64641,0.01
6,66185,10664,1.0,10896,1538,64647,0.01
6,66191,10665,1.0,10897,1538,64653,0.01
6,66197,10666,1.0,10898,1538,64659,0.01
6,66203,10667,1.0,10899,1538,64665,0.01
6,66209,10668,1.0,10900,1538,64671,0.01
6,66215,10669,1.0,10901,1538,64677,0.01
6,66221,10670,1.0,10902,1538,64683,0.01
6,66227,10671,1.0,10903,1538,64689,0.01
6,66233,10672,1.0,10904,1538,64695,0.01
6,66239,10673,1.0,10905,1538,64701,0.01
3,66242,10673,0.0,10906,1539,64703,0.01
6,66248,10674,1.0,10907,1539,64709,0.01
6,66254,10675,1.0,10908,1539,64715,0.01
6,66260,10676,1.0,10909,1539,64721,0.01
6,66266,10677,1.0,10910,1539,64727,0.01
6,66272,10678,1.0,10911,1539,64733,0.01
6,66278,10679,1.0,10912,1539,64739,0.01
6,66284,10680,1.0,10913,1539,64745,0.01
6,66290,10681,1.0,10914,1539,64751,0.01
6,66296,10682,1.0,10915,1539,64757,0.01
6,66302,10683,1.0,10916,1539,64763,0.01
6,66308,10684,1.0,10917,1539,64769,0.01
6,66314,10685,1.0,10918,1539,64775,0.01
6,66320,10686,1.0,10919,1539,64781,0.01
6,66326,10687,1.0,10920,1539,64787,0.01
6,66332,10688,1.0,10921,1539,64793,0.01
6,66338,10689,1.0,10922,1539,64799,0.01
6,66344,10690,1.0,10923,1539,64805,0.01
6,66350,10691,1.0,10924,1539,64811,0.01
6,66356,10692,1.0,10925,1539,64817,0.01
6,66362,10693,1.0,10926,1539,64823,0.01
6,66368,10694,1.0,10927,1540,64828,0.01
6,66374,10695,1.0,10928,1540,64834,0.01
6,66380,10696,1.0,10929,1540,64840,0.01
6,66386,10697,1.0,10930,1540,64846,0.01
3,66389,10697,0.0,10931,1541,64848,0.01
6,66395,10698,1.0,10932,1541,64854,0.01
6,66401,10699,1.0,10933,1541,64860,0.01
6,66407,10700,1.0,10934,1541,64866,0.01
6,66413,10701,1.0,10935,1541,64872,0.01
6,66419,10702,1.0,10936,1541,64878,0.01
6,66425,10703,1.0,10937,1541,64884,0.01
6,66431,10704,1.0,10938,1541,64890,0.01
6,66437,10705,1.0,10939,1541,64896,0.01
6,66443,10706,1.0,10940,1541,64902,0.01
6,66449,10707,1.0,10941,1541,64908,0.01
6,66455,10708,1.0,10942,1541,64914,0.01
6,66461,10709,1.0,10943,1541,64920,0.01
6,66467,10710,1.0,10944,1541,64926,0.01
6,66473,10711,1.0,10945,1541,64932,0.01
6,66479,10712,1.0,10946,1541,64938,0.01
6,66485,10713,1.0,10947,1541,64944,0.01
6,66491,10714,1.0,10948,1541,64950,0.01
6,66497,10715,1.0,10949,1541,64956,0.01
6,66503,10716,1.0,10950,1541,64962,0.01
6,66509,10717,1.0,10951,1541,64968,0.01
6,66515,10718,1.0,10952,1541,64974,0.01
6,66521,10719,1.0,10953,1541,64980,0.01
6,66527,10720,1.0,10954,1541,64986,0.01
6,66533,10721,1.0,10955,1541,64992,0.01
6,66539,10722,1.0,10956,1541,64998,0.01
6,66545,10723,1.0,10957,1541,65004,0.01
6,66551,10724,1.0,10958,1541,65010,0.01
6,66557,10725,1.0,10959,1541,65016,0.01
6,66563,10726,1.0,10960,1541,65022,0.01
6,66569,10727,1.0,10961,1541,65028,0.01
6,66575,10728,1.0,10962,1541,65034,0.01
6,66581,10729,1.0,10963,1541,65040,0.01
6,66587,10730,1.0,10964,1541,65046,0.01
6,66593,10731,1.0,10965,1541,65052,0.01
6,66599,10732,1.0,10966,1541,65058,0.01
6,66605,10733,1.0,10967,1541,65064,0.01
6,66611,10734,1.0,10968,1541,65070,0.01
6,66617,10735,1.0,10969,1541,65076,0.01
8,66625,10736,1.0,10970,1542,65083,0.01
6,66631,10737,1.0,10971,1542,65089,0.01
6,66637,10738,1.0,10972,1542,65095,0.01
6,66643,10739,1.0,10973,1542,65101,0.01
6,66649,10740,1.0,10974,1542,65107,0.01
8,66657,10741,1.0,10975,1543,65114,0.01
6,66663,10742,1.0,10976,1543,65120,0.01
6,66669,10743,1.0,10977,1543,65126,0.01
6,66675,10744,1.0,10978,1543,65132,0.01
6,66681,10745,1.0,10979,1543,65138,0.01
6,66687,10746,1.0,10980,1543,65144,0.01
6,66693,10747,1.0,10981,1543,65150,0.01
6,66699,10748,1.0,10982,1543,65156,0.01
6,66705,10749,1.0,10983,1543,65162,0.01
6,66711,10750,1.0,10984,1543,65168,0.01
6,66717,10751,1.0,10985,1543,65174,0.01
6,66723,10752,1.0,10986,1543,65180,0.01
6,66729,10753,1.0,10987,1543,65186,0.01
6,66735,10754,1.0,10988,1543,65192,0.01
6,66741,10755,1.0,10989,1543,65198,0.01
6,66747,10756,1.0,10990,1543,65204,0.01
6,66753,10757,1.0,10991,1543,65210,0.01
6,66759,10758,1.0,10992,1543,65216,0.01
6,66765,10759,1.0,10993,1543,65222,0.01
8,66773,10760,1.0,10994,1544,65229,0.01
6,66779,10761,1.0,10995,1544,65235,0.01
6,66785,10762,1.0,10996,1544,65241,0.01
6,66791,10763,1.0,10997,1544,65247,0.01
6,66797,10764,1.0,10998,1544,65253,0.01
6,66803,10765,1.0,10999,1544,65259,0.01
6,66809,10766,1.0,11000,1544,65265,0.01
6,66815,10767,1.0,11001,1544,65271,0.01
6,66821,10768,1.0,11002,1544,65277,0.01
6,66827,10769,1.0,11003,1544,65283,0.01
6,66833,10770,1.0,11004,1544,65289,0.01
6,66839,10771,1.0,11005,1544,65295,0.01
6,66845,10772,1.0,11006,1544,65301,0.01
6,66851,10773,1.0,11007,1544,65307,0.01
6,66857,10774,1.0,11008,1544,65313,0.01
6,66863,10775,1.0,11009,1544,65319,0.01
6,66869,10776,1.0,11010,1544,65325,0.01
6,66875,10777,1.0,11011,1544,65331,0.01
8,66883,10778,1.0,11012,1545,65338,0.01
6,66889,10779,1.0,11013,1545,65344,0.01
6,66895,10780,1.0,11014,1545,65350,0.01
7,66902,10781,1.0,11015,1546,65356,0.01
6,66908,10782,1.0,11016,1546,65362,0.01
6,66914,10783,1.0,11017,1546,65368,0.01
6,66920,10784,1.0,11018,1546,65374,0.01
6,66926,10785,1.0,11019,1546,65380,0.01
6,66932,10786,1.0,11020,1546,65386,0.01
6,66938,10787,1.0,11021,1546,65392,0.01
6,66944,10788,1.0,11022,1546,65398,0.01
6,66950,10789,1.0,11023,1546,65404,0.01
6,66956,10790,1.0,11024,1546,65410,0.01
6,66962,10791,1.0,11025,1546,65416,0.01
6,66968,10792,1.0,11026,1546,65422,0.01
6,66974,10793,1.0,11027,1546,65428,0.01
6,66980,10794,1.0,11028,1546,65434,0.01
6,66986,10795,1.0,11029,1546,65440,0.01
6,66992,10796,1.0,11030,1546,65446,0.01
6,66998,10797,1.0,11031,1546,65452,0.01
6,67004,10798,1.0,11032,1546,65458,0.01
6,67010,10799,1.0,11033,1546,65464,0.01
6,67016,10800,1.0,11034,1546,65470,0.01
6,67022,10801,1.0,11035,1546,65476,0.01
6,67028,10802,1.0,11036,1546,65482,0.01
6,67034,10803,1.0,11037,1546,65488,0.01
6,67040,10804,1.0,11038,1546,65494,0.01
6,67046,10805,1.0,11039,1546,65500,0.01
6,67052,10806,1.0,11040,1546,65506,0.01
6,67058,10807,1.0,11041,1546,65512,0.01
6,67064,10808,1.0,11042,1546,65518,0.01
6,67070,10809,1.0,11043,1546,65524,0.01
6,67076,10810,1.0,11044,1546,65530,0.01
6,67082,10811,1.0,11045,1546,65536,0.01
6,67088,10812,1.0,11046,1546,65542,0.01
6,67094,10813,1.0,11047,1546,65548,0.01
6,67100,10814,1.0,11048,1546,65554,0.01
6,67106,10815,1.0,11049,1546,65560,0.01
6,67112,10816,1.0,11050,1546,65566,0.01
6,67118,10817,1.0,11051,1546,65572,0.01
6,67124,10818,1.0,11052,1546,65578,0.01
6,67130,10819,1.0,11053,1546,65584,0.01
6,67136,10820,1.0,11054,1546,65590,0.01
6,67142,10821,1.0,11055,1546,65596,0.01
6,67148,10822,1.0,11056,1546,65602,0.01
6,67154,10823,1.0,11057,1546,65608,0.01
6,67160,10824,1.0,11058,1546,65614,0.01
6,67166,10825,1.0,11059,1546,65620,0.01
6,67172,10826,1.0,11060,1546,65626,0.01
6,67178,10827,1.0,11061,1546,65632,0.01
6,67184,10828,1.0,11062,1546,65638,0.01
6,67190,10829,1.0,11063,1546,65644,0.01
6,67196,10830,1.0,11064,1546,65650,0.01
6,67202,10831,1.0,11065,1547,65655,0.01
6,67208,10832,1.0,11066,1547,65661,0.01
6,67214,10833,1.0,11067,1547,65667,0.01
6,67220,10834,1.0,11068,1547,65673,0.01
6,67226,10835,1.0,11069,1547,65679,0.01
6,67232,10836,1.0,11070,1547,65685,0.01
6,67238,10837,1.0,11071,1548,65690,0.01
5,67243,10837,0.0,11072,1549,65694,0.01
8,67251,10838,1.0,11073,1550,65701,0.01
6,67257,10839,1.0,11074,1550,65707,0.01
6,67263,10840,1.0,11075,1550,65713,0.01
8,67271,10841,1.0,11076,1551,65720,0.01
6,67277,10842,1.0,11077,1551,65726,0.01
6,67283,10843,1.0,11078,1551,65732,0.01
6,67289,10844,1.0,11079,1551,65738,0.01
6,67295,10845,1.0,11080,1551,65744,0.01
6,67301,10846,1.0,11081,1551,65750,0.01
6,67307,10847,1.0,11082,1551,65756,0.01
6,67313,10848,1.0,11083,1551,65762,0.01
6,67319,10849,1.0,11084,1551,65768,0.01
6,67325,10850,1.0,11085,1551,65774,0.01
6,67331,10851,1.0,11086,1551,65780,0.01
6,67337,10852,1.0,11087,1551,65786,0.01
6,67343,10853,1.0,11088,1551,65792,0.01
6,67349,10854,1.0,11089,1551,65798,0.01
8,67357,10855,1.0,11090,1552,65805,0.01
6,67363,10856,1.0,11091,1552,65811,0.01
6,67369,10857,1.0,11092,1552,65817,0.01
6,67375,10858,1.0,11093,1553,65822,0.01
6,67381,10859,1.0,11094,1553,65828,0.01
6,67387,10860,1.0,11095,1553,65834,0.01
6,67393,10861,1.0,11096,1553,65840,0.01
6,67399,10862,1.0,11097,1553,65846,0.01
6,67405,10863,1.0,11098,1553,65852,0.01
6,67411,10864,1.0,11099,1553,65858,0.01
6,67417,10865,1.0,11100,1553,65864,0.01
6,67423,10866,1.0,11101,1553,65870,0.01
7,67430,10867,1.0,11102,1554,65876,0.01
6,67436,10868,1.0,11103,1554,65882,0.01
6,67442,10869,1.0,11104,1554,65888,0.01
6,67448,10870,1.0,11105,1554,65894,0.01
6,67454,10871,1.0,11106,1554,65900,0.01
6,67460,10872,1.0,11107,1554,65906,0.01
6,67466,10873,1.0,11108,1554,65912,0.01
6,67472,10874,1.0,11109,1554,65918,0.01
6,67478,10875,1.0,11110,1554,65924,0.01
6,67484,10876,1.0,11111,1554,65930,0.01
6,67490,10877,1.0,11112,1554,65936,0.01
6,67496,10878,1.0,11113,1554,65942,0.01
6,67502,10879,1.0,11114,1554,65948,0.01
6,67508,10880,1.0,11115,1554,65954,0.01
6,67514,10881,1.0,11116,1554,65960,0.01
6,67520,10882,1.0,11117,1554,65966,0.01
6,67526,10883,1.0,11118,1554,65972,0.01
6,67532,10884,1.0,11119,1554,65978,0.01
6,67538,10885,1.0,11120,1554,65984,0.01
6,67544,10886,1.0,11121,1554,65990,0.01
6,67550,10887,1.0,11122,1554,65996,0.01
6,67556,10888,1.0,11123,1554,66002,0.01
6,67562,10889,1.0,11124,1554,66008,0.01
6,67568,10890,1.0,11125,1554,66014,0.01
6,67574,10891,1.0,11126,1554,66020,0.01
6,67580,10892,1.0,11127,1554,66026,0.01
6,67586,10893,1.0,11128,1554,66032,0.01
6,67592,10894,1.0,11129,1554,66038,0.01
6,67598,10895,1.0,11130,1554,66044,0.01
6,67604,10896,1.0,11131,1554,66050,0.01
6,67610,10897,1.0,11132,1555,66055,0.01
6,67616,10898,1.0,11133,1555,66061,0.01
6,67622,10899,1.0,11134,1555,66067,0.01
6,67628,10900,1.0,11135,1555,66073,0.01
6,67634,10901,1.0,11136,1555,66079,0.01
6,67640,10902,1.0,11137,1555,66085,0.01
6,67646,10903,1.0,11138,1555,66091,0.01
6,67652,10904,1.0,11139,1555,66097,0.01
6,67658,10905,1.0,11140,1555,66103,0.01
6,67664,10906,1.0,11141,1555,66109,0.01
6,67670,10907,1.0,11142,1555,66115,0.01
6,67676,10908,1.0,11143,1555,66121,0.01
6,67682,10909,1.0,11144,1555,66127,0.01
8,67690,10910,1.0,11145,1556,66134,0.01
6,67696,10911,1.0,11146,1556,66140,0.01
6,67702,10912,1.0,11147,1556,66146,0.01
6,67708,10913,1.0,11148,1556,66152,0.01
6,67714,10914,1.0,11149,1556,66158,0.01
6,67720,10915,1.0,11150,1556,66164,0.01
6,67726,10916,1.0,11151,1556,66170,0.01
6,67732,10917,1.0,11152,1556,66176,0.01
6,67738,10918,1.0,11153,1556,66182,0.01
6,67744,10919,1.0,11154,1556,66188,0.01
6,67750,10920,1.0,11155,1556,66194,0.01
6,67756,10921,1.0,11156,1556,66200,0.01
6,67762,10922,1.0,11157,1556,66206,0.01
6,67768,10923,1.0,11158,1556,66212,0.01
6,67774,10924,1.0,11159,1556,66218,0.01
6,67780,10925,1.0,11160,1556,66224,0.01
6,67786,10926,1.0,11161,1556,66230,0.01
6,67792,10927,1.0,11162,1556,66236,0.01
6,67798,10928,1.0,11163,1556,66242,0.01
6,67804,10929,1.0,11164,1556,66248,0.01
6,67810,10930,1.0,11165,1556,66254,0.01
6,67816,10931,1.0,11166,1556,66260,0.01
6,67822,10932,1.0,11167,1556,66266,0.01
6,67828,10933,1.0,11168,1556,66272,0.01
6,67834,10934,1.0,11169,1556,66278,0.01
6,67840,10935,1.0,11170,1556,66284,0.01
6,67846,10936,1.0,11171,1556,66290,0.01
6,67852,10937,1.0,11172,1556,66296,0.01
6,67858,10938,1.0,11173,1556,66302,0.01
6,67864,10939,1.0,11174,1556,66308,0.01
6,67870,10940,1.0,11175,1556,66314,0.01
6,67876,10941,1.0,11176,1556,66320,0.01
6,67882,10942,1.0,11177,1556,66326,0.01
6,67888,10943,1.0,11178,1556,66332,0.01
6,67894,10944,1.0,11179,1556,66338,0.01
6,67900,10945,1.0,11180,1556,66344,0.01
6,67906,10946,1.0,11181,1556,66350,0.01
6,67912,10947,1.0,11182,1556,66356,0.01
6,67918,10948,1.0,11183,1556,66362,0.01
6,67924,10949,1.0,11184,1556,66368,0.01
6,67930,10950,1.0,11185,1556,66374,0.01
6,67936,10951,1.0,11186,1556,66380,0.01
6,67942,10952,1.0,11187,1556,66386,0.01
6,67948,10953,1.0,11188,1556,66392,0.01
6,67954,10954,1.0,11189,1556,66398,0.01
6,67960,10955,1.0,11190,1556,66404,0.01
6,67966,10956,1.0,11191,1556,66410,0.01
6,67972,10957,1.0,11192,1556,66416,0.01
6,67978,10958,1.0,11193,1556,66422,0.01
6,67984,10959,1.0,11194,1556,66428,0.01
6,67990,10960,1.0,11195,1556,66434,0.01
6,67996,10961,1.0,11196,1556,66440,0.01
6,68002,10962,1.0,11197,1556,66446,0.01
6,68008,10963,1.0,11198,1556,66452,0.01
6,68014,10964,1.0,11199,1556,66458,0.01
6,68020,10965,1.0,11200,1556,66464,0.01
6,68026,10966,1.0,11201,1556,66470,0.01
6,68032,10967,1.0,11202,1556,66476,0.01
8,68040,10968,1.0,11203,1557,66483,0.01
6,68046,10969,1.0,11204,1557,66489,0.01
6,68052,10970,1.0,11205,1557,66495,0.01
6,68058,10971,1.0,11206,1557,66501,0.01
6,68064,10972,1.0,11207,1557,66507,0.01
6,68070,10973,1.0,11208,1557,66513,0.01
6,68076,10974,1.0,11209,1557,66519,0.01
6,68082,10975,1.0,11210,1557,66525,0.01
6,68088,10976,1.0,11211,1557,66531,0.01
6,68094,10977,1.0,11212,1557,66537,0.01
7,68101,10978,1.0,11213,1558,66543,0.01
6,68107,10979,1.0,11214,1558,66549,0.01
6,68113,10980,1.0,11215,1558,66555,0.01
6,68119,10981,1.0,11216,1558,66561,0.01
6,68125,10982,1.0,11217,1558,66567,0.01
6,68131,10983,1.0,11218,1559,66572,0.01
8,68139,10984,1.0,11219,1560,66579,0.01
6,68145,10985,1.0,11220,1560,66585,0.01
6,68151,10986,1.0,11221,1560,66591,0.01
6,68157,10987,1.0,11222,1560,66597,0.01
6,68163,10988,1.0,11223,1560,66603,0.01
6,68169,10989,1.0,11224,1560,66609,0.01
6,68175,10990,1.0,11225,1560,66615,0.01
8,68183,10991,1.0,11226,1561,66622,0.01
6,68189,10992,1.0,11227,1561,66628,0.01
6,68195,10993,1.0,11228,1561,66634,0.01
6,68201,10994,1.0,11229,1561,66640,0.01
6,68207,10995,1.0,11230,1561,66646,0.01
6,68213,10996,1.0,11231,1561,66652,0.01
6,68219,10997,1.0,11232,1561,66658,0.01
6,68225,10998,1.0,11233,1561,66664,0.01
6,68231,10999,1.0,11234,1561,66670,0.01
6,68237,11000,1.0,11235,1561,66676,0.01
6,68243,11001,1.0,11236,1561,66682,0.01
6,68249,11002,1.0,11237,1561,66688,0.01
6,68255,11003,1.0,11238,1561,66694,0.01
7,68262,11004,1.0,11239,1562,66700,0.01
8,68270,11005,1.0,11240,1563,66707,0.01
6,68276,11006,1.0,11241,1563,66713,0.01
6,68282,11007,1.0,11242,1563,66719,0.01
6,68288,11008,1.0,11243,1563,66725,0.01
6,68294,11009,1.0,11244,1563,66731,0.01
6,68300,11010,1.0,11245,1563,66737,0.01
6,68306,11011,1.0,11246,1563,66743,0.01
6,68312,11012,1.0,11247,1563,66749,0.01
6,68318,11013,1.0,11248,1563,66755,0.01
6,68324,11014,1.0,11249,1563,66761,0.01
6,68330,11015,1.0,11250,1563,66767,0.01
6,68336,11016,1.0,11251,1563,66773,0.01
6,68342,11017,1.0,11252,1563,66779,0.01
6,68348,11018,1.0,11253,1563,66785,0.01
6,68354,11019,1.0,11254,1563,66791,0.01
6,68360,11020,1.0,11255,1563,66797,0.01
6,68366,11021,1.0,11256,1563,66803,0.01
6,68372,11022,1.0,11257,1563,66809,0.01
6,68378,11023,1.0,11258,1563,66815,0.01
6,68384,11024,1.0,11259,1563,66821,0.01
6,68390,11025,1.0,11260,1563,66827,0.01
6,68396,11026,1.0,11261,1563,66833,0.01
6,68402,11027,1.0,11262,1563,66839,0.01
6,68408,11028,1.0,11263,1563,66845,0.01
6,68414,11029,1.0,11264,1563,66851,0.01
6,68420,11030,1.0,11265,1563,66857,0.01
6,68426,11031,1.0,11266,1563,66863,0.01
6,68432,11032,1.0,11267,1563,66869,0.01
6,68438,11033,1.0,11268,1563,66875,0.01
6,68444,11034,1.0,11269,1563,66881,0.01
6,68450,11035,1.0,11270,1563,66887,0.01
6,68456,11036,1.0,11271,1563,66893,0.01
6,68462,11037,1.0,11272,1563,66899,0.01
6,68468,11038,1.0,11273,1563,66905,0.01
6,68474,11039,1.0,11274,1563,66911,0.01
6,68480,11040,1.0,11275,1563,66917,0.01
8,68488,11041,1.0,11276,1564,66924,0.01
6,68494,11042,1.0,11277,1564,66930,0.01
6,68500,11043,1.0,11278,1564,66936,0.01
6,68506,11044,1.0,11279,1564,66942,0.01
6,68512,11045,1.0,11280,1564,66948,0.01
6,68518,11046,1.0,11281,1564,66954,0.01
6,68524,11047,1.0,11282,1564,66960,0.01
6,68530,11048,1.0,11283,1564,66966,0.01
6,68536,11049,1.0,11284,1564,66972,0.01
6,68542,11050,1.0,11285,1564,66978,0.01
6,68548,11051,1.0,11286,1564,66984,0.01
6,68554,11052,1.0,11287,1564,66990,0.01
6,68560,11053,1.0,11288,1564,66996,0.01
6,68566,11054,1.0,11289,1564,67002,0.01
6,68572,11055,1.0,11290,1564,67008,0.01
6,68578,11056,1.0,11291,1564,67014,0.01
6,68584,11057,1.0,11292,1564,67020,0.01
6,68590,11058,1.0,11293,1564,67026,0.01
6,68596,11059,1.0,11294,1564,67032,0.01
6,68602,11060,1.0,11295,1564,67038,0.01
6,68608,11061,1.0,11296,1564,67044,0.01
6,68614,11062,1.0,11297,1564,67050,0.01
6,68620,11063,1.0,11298,1564,67056,0.01
6,68626,11064,1.0,11299,1564,67062,0.01
6,68632,11065,1.0,11300,1564,67068,0.01
6,68638,11066,1.0,11301,1564,67074,0.01
6,68644,11067,1.0,11302,1564,67080,0.01
6,68650,11068,1.0,11303,1564,67086,0.01
6,68656,11069,1.0,11304,1564,67092,0.01
6,68662,11070,1.0,11305,1564,67098,0.01
6,68668,11071,1.0,11306,1564,67104,0.01
6,68674,11072,1.0,11307,1564,67110,0.01
6,68680,11073,1.0,11308,1564,67116,0.01
6,68686,11074,1.0,11309,1564,67122,0.01
6,68692,11075,1.0,11310,1564,67128,0.01
6,68698,11076,1.0,11311,1564,67134,0.01
6,68704,11077,1.0,11312,1564,67140,0.01
6,68710,11078,1.0,11313,1564,67146,0.01
6,68716,11079,1.0,11314,1564,67152,0.01
6,68722,11080,1.0,11315,1564,67158,0.01
6,68728,11081,1.0,11316,1564,67164,0.01
6,68734,11082,1.0,11317,1564,67170,0.01
6,68740,11083,1.0,11318,1564,67176,0.01
6,68746,11084,1.0,11319,1564,67182,0.01
6,68752,11085,1.0,11320,1564,67188,0.01
6,68758,11086,1.0,11321,1564,67194,0.01
6,68764,11087,1.0,11322,1564,67200,0.01
6,68770,11088,1.0,11323,1564,67206,0.01
6,68776,11089,1.0,11324,1564,67212,0.01
7,68783,11090,1.0,11325,1565,67218,0.01
6,68789,11091,1.0,11326,1565,67224,0.01
6,68795,11092,1.0,11327,1565,67230,0.01
8,68803,11093,1.0,11328,1566,67237,0.01
6,68809,11094,1.0,11329,1566,67243,0.01
6,68815,11095,1.0,11330,1566,67249,0.01
6,68821,11096,1.0,11331,1566,67255,0.01
5,68826,11096,0.0,11332,1567,67259,0.01
6,68832,11097,1.0,11333,1567,67265,0.01
6,68838,11098,1.0,11334,1567,67271,0.01
6,68844,11099,1.0,11335,1567,67277,0.01
6,68850,11100,1.0,11336,1567,67283,0.01
6,68856,11101,1.0,11337,1567,67289,0.01
6,68862,11102,1.0,11338,1567,67295,0.01
6,68868,11103,1.0,11339,1567,67301,0.01
6,68874,11104,1.0,11340,1567,67307,0.01
6,68880,11105,1.0,11341,1567,67313,0.01
6,68886,11106,1.0,11342,1567,67319,0.01
2,68888,11106,0.0,11343,1568,67320,0.01
8,68896,11107,1.0,11344,1569,67327,0.01
6,68902,11108,1.0,11345,1569,67333,0.01
6,68908,11109,1.0,11346,1569,67339,0.01
6,68914,11110,1.0,11347,1569,67345,0.01
6,68920,11111,1.0,11348,1569,67351,0.01
6,68926,11112,1.0,11349,1569,67357,0.01
6,68932,11113,1.0,11350,1569,67363,0.01
8,68940,11114,1.0,11351,1570,67370,0.01
6,68946,11115,1.0,11352,1570,67376,0.01
6,68952,11116,1.0,11353,1570,67382,0.01
6,68958,11117,1.0,11354,1570,67388,0.01
6,68964,11118,1.0,11355,1570,67394,0.01
6,68970,11119,1.0,11356,1570,67400,0.01
6,68976,11120,1.0,11357,1570,67406,0.01
6,68982,11121,1.0,11358,1570,67412,0.01
6,68988,11122,1.0,11359,1570,67418,0.01
6,68994,11123,1.0,11360,1570,67424,0.01
8,69002,11124,1.0,11361,1571,67431,0.01
6,69008,11125,1.0,11362,1571,67437,0.01
6,69014,11126,1.0,11363,1571,67443,0.01
6,69020,11127,1.0,11364,1572,67448,0.01
6,69026,11128,1.0,11365,1572,67454,0.01
6,69032,11129,1.0,11366,1572,67460,0.01
6,69038,11130,1.0,11367,1572,67466,0.01
6,69044,11131,1.0,11368,1572,67472,0.01
6,69050,11132,1.0,11369,1572,67478,0.01
7,69057,11133,1.0,11370,1573,67484,0.01
6,69063,11134,1.0,11371,1573,67490,0.01
6,69069,11135,1.0,11372,1573,67496,0.01
6,69075,11136,1.0,11373,1573,67502,0.01
6,69081,11137,1.0,11374,1573,67508,0.01
6,69087,11138,1.0,11375,1573,67514,0.01
6,69093,11139,1.0,11376,1573,67520,0.01
6,69099,11140,1.0,11377,1573,67526,0.01
6,69105,11141,1.0,11378,1573,67532,0.01
6,69111,11142,1.0,11379,1573,67538,0.01
6,69117,11143,1.0,11380,1573,67544,0.01
6,69123,11144,1.0,11381,1573,67550,0.01
6,69129,11145,1.0,11382,1573,67556,0.01
6,69135,11146,1.0,11383,1573,67562,0.01
6,69141,11147,1.0,11384,1573,67568,0.01
6,69147,11148,1.0,11385,1573,67574,0.01
6,69153,11149,1.0,11386,1573,67580,0.01
6,69159,11150,1.0,11387,1573,67586,0.01
6,69165,11151,1.0,11388,1573,67592,0.01
6,69171,11152,1.0,11389,1573,67598,0.01
6,69177,11153,1.0,11390,1573,67604,0.01
6,69183,11154,1.0,11391,1573,67610,0.01
6,69189,11155,1.0,11392,1573,67616,0.01
6,69195,11156,1.0,11393,1573,67622,0.01
6,69201,11157,1.0,11394,1573,67628,0.01
6,69207,11158,1.0,11395,1573,67634,0.01
6,69213,11159,1.0,11396,1573,67640,0.01
6,69219,11160,1.0,11397,1573,67646,0.01
6,69225,11161,1.0,11398,1573,67652,0.01
6,69231,11162,1.0,11399,1573,67658,0.01
6,69237,11163,1.0,11400,1573,67664,0.01
6,69243,11164,1.0,11401,1573,67670,0.01
6,69249,11165,1.0,11402,1573,67676,0.01
6,69255,11166,1.0,11403,1573,67682,0.01
7,69262,11167,1.0,11404,1574,67688,0.01
6,69268,11168,1.0,11405,1574,67694,0.01
6,69274,11169,1.0,11406,1574,67700,0.01
6,69280,11170,1.0,11407,1574,67706,0.01
6,69286,11171,1.0,11408,1574,67712,0.01
6,69292,11172,1.0,11409,1574,67718,0.01
6,69298,11173,1.0,11410,1574,67724,0.01
6,69304,11174,1.0,11411,1574,67730,0.01
6,69310,11175,1.0,11412,1575,67735,0.01
6,69316,11176,1.0,11413,1575,67741,0.01
6,69322,11177,1.0,11414,1575,67747,0.01
6,69328,11178,1.0,11415,1575,67753,0.01
6,69334,11179,1.0,11416,1575,67759,0.01
6,69340,11180,1.0,11417,1575,67765,0.01
6,69346,11181,1.0,11418,1575,67771,0.01
6,69352,11182,1.0,11419,1575,67777,0.01
6,69358,11183,1.0,11420,1575,67783,0.01
6,69364,11184,1.0,11421,1575,67789,0.01
6,69370,11185,1.0,11422,1575,67795,0.01
6,69376,11186,1.0,11423,1575,67801,0.01
6,69382,11187,1.0,11424,1575,67807,0.01
6,69388,11188,1.0,11425,1575,67813,0.01
6,69394,11189,1.0,11426,1575,67819,0.01
6,69400,11190,1.0,11427,1575,67825,0.01
6,69406,11191,1.0,11428,1575,67831,0.01
6,69412,11192,1.0,11429,1575,67837,0.01
6,69418,11193,1.0,11430,1575,67843,0.01
6,69424,11194,1.0,11431,1575,67849,0.01
6,69430,11195,1.0,11432,1575,67855,0.01
6,69436,11196,1.0,11433,1575,67861,0.01
6,69442,11197,1.0,11434,1575,67867,0.01
6,69448,11198,1.0,11435,1575,67873,0.01
6,69454,11199,1.0,11436,1575,67879,0.01
8,69462,11200,1.0,11437,1576,67886,0.01
6,69468,11201,1.0,11438,1576,67892,0.01
6,69474,11202,1.0,11439,1576,67898,0.01
6,69480,11203,1.0,11440,1576,67904,0.01
6,69486,11204,1.0,11441,1576,67910,0.01
6,69492,11205,1.0,11442,1576,67916,0.01
6,69498,11206,1.0,11443,1576,67922,0.01
6,69504,11207,1.0,11444,1576,67928,0.01
6,69510,11208,1.0,11445,1576,67934,0.01
6,69516,11209,1.0,11446,1576,67940,0.01
6,69522,11210,1.0,11447,1576,67946,0.01
6,69528,11211,1.0,11448,1576,67952,0.01
6,69534,11212,1.0,11449,1576,67958,0.01
6,69540,11213,1.0,11450,1576,67964,0.01
6,69546,11214,1.0,11451,1576,67970,0.01
6,69552,11215,1.0,11452,1576,67976,0.01
6,69558,11216,1.0,11453,1576,67982,0.01
5,69563,11216,0.0,11454,1577,67986,0.01
6,69569,11217,1.0,11455,1577,67992,0.01
6,69575,11218,1.0,11456,1577,67998,0.01
6,69581,11219,1.0,11457,1577,68004,0.01
6,69587,11220,1.0,11458,1577,68010,0.01
6,69593,11221,1.0,11459,1577,68016,0.01
6,69599,11222,1.0,11460,1577,68022,0.01
6,69605,11223,1.0,11461,1577,68028,0.01
6,69611,11224,1.0,11462,1577,68034,0.01
6,69617,11225,1.0,11463,1577,68040,0.01
6,69623,11226,1.0,11464,1577,68046,0.01
6,69629,11227,1.0,11465,1577,68052,0.01
6,69635,11228,1.0,11466,1577,68058,0.01
6,69641,11229,1.0,11467,1577,68064,0.01
6,69647,11230,1.0,11468,1577,68070,0.01
6,69653,11231,1.0,11469,1577,68076,0.01
6,69659,11232,1.0,11470,1577,68082,0.01
6,69665,11233,1.0,11471,1577,68088,0.01
6,69671,11234,1.0,11472,1577,68094,0.01
6,69677,11235,1.0,11473,1577,68100,0.01
6,69683,11236,1.0,11474,1577,68106,0.01
6,69689,11237,1.0,11475,1577,68112,0.01
6,69695,11238,1.0,11476,1577,68118,0.01
6,69701,11239,1.0,11477,1577,68124,0.01
6,69707,11240,1.0,11478,1577,68130,0.01
6,69713,11241,1.0,11479,1577,68136,0.01
6,69719,11242,1.0,11480,1577,68142,0.01
6,69725,11243,1.0,11481,1577,68148,0.01
7,69732,11244,1.0,11482,1578,68154,0.01
6,69738,11245,1.0,11483,1578,68160,0.01
6,69744,11246,1.0,11484,1578,68166,0.01
6,69750,11247,1.0,11485,1579,68171,0.01
6,69756,11248,1.0,11486,1579,68177,0.01
6,69762,11249,1.0,11487,1579,68183,0.01
6,69768,11250,1.0,11488,1579,68189,0.01
6,69774,11251,1.0,11489,1579,68195,0.01
6,69780,11252,1.0,11490,1579,68201,0.01
6,69786,11253,1.0,11491,1579,68207,0.01
6,69792,11254,1.0,11492,1579,68213,0.01
6,69798,11255,1.0,11493,1579,68219,0.01
6,69804,11256,1.0,11494,1579,68225,0.01
6,69810,11257,1.0,11495,1579,68231,0.01
6,69816,11258,1.0,11496,1579,68237,0.01
6,69822,11259,1.0,11497,1579,68243,0.01
6,69828,11260,1.0,11498,1579,68249,0.01
6,69834,11261,1.0,11499,1579,68255,0.01
6,69840,11262,1.0,11500,1579,68261,0.01
6,69846,11263,1.0,11501,1579,68267,0.01
6,69852,11264,1.0,11502,1579,68273,0.01
6,69858,11265,1.0,11503,1579,68279,0.01
6,69864,11266,1.0,11504,1579,68285,0.01
6,69870,11267,1.0,11505,1579,68291,0.01
6,69876,11268,1.0,11506,1579,68297,0.01
6,69882,11269,1.0,11507,1579,68303,0.01
6,69888,11270,1.0,11508,1579,68309,0.01
6,69894,11271,1.0,11509,1579,68315,0.01
6,69900,11272,1.0,11510,1579,68321,0.01
6,69906,11273,1.0,11511,1579,68327,0.01
6,69912,11274,1.0,11512,1579,68333,0.01
6,69918,11275,1.0,11513,1579,68339,0.01
6,69924,11276,1.0,11514,1579,68345,0.01
7,69931,11277,1.0,11515,1580,68351,0.01
6,69937,11278,1.0,11516,1580,68357,0.01
6,69943,11279,1.0,11517,1580,68363,0.01
6,69949,11280,1.0,11518,1580,68369,0.01
6,69955,11281,1.0,11519,1580,68375,0.01
6,69961,11282,1.0,11520,1580,68381,0.01
6,69967,11283,1.0,11521,1580,68387,0.01
6,69973,11284,1.0,11522,1580,68393,0.01
6,69979,11285,1.0,11523,1580,68399,0.01
6,69985,11286,1.0,11524,1580,68405,0.01
6,69991,11287,1.0,11525,1580,68411,0.01
6,69997,11288,1.0,11526,1580,68417,0.01
6,70003,11289,1.0,11527,1580,68423,0.01
6,70009,11290,1.0,11528,1580,68429,0.01
6,70015,11291,1.0,11529,1580,68435,0.01
6,70021,11292,1.0,11530,1580,68441,0.01
6,70027,11293,1.0,11531,1580,68447,0.01
6,70033,11294,1.0,11532,1580,68453,0.01
6,70039,11295,1.0,11533,1580,68459,0.01
6,70045,11296,1.0,11534,1580,68465,0.01
6,70051,11297,1.0,11535,1580,68471,0.01
6,70057,11298,1.0,11536,1580,68477,0.01
6,70063,11299,1.0,11537,1580,68483,0.01
6,70069,11300,1.0,11538,1580,68489,0.01
6,70075,11301,1.0,11539,1580,68495,0.01
6,70081,11302,1.0,11540,1580,68501,0.01
6,70087,11303,1.0,11541,1580,68507,0.01
6,70093,11304,1.0,11542,1580,68513,0.01
6,70099,11305,1.0,11543,1580,68519,0.01
6,70105,11306,1.0,11544,1580,68525,0.01
6,70111,11307,1.0,11545,1580,68531,0.01
6,70117,11308,1.0,11546,1580,68537,0.01
6,70123,11309,1.0,11547,1580,68543,0.01
6,70129,11310,1.0,11548,1580,68549,0.01
6,70135,11311,1.0,11549,1580,68555,0.01
6,70141,11312,1.0,11550,1580,68561,0.01
6,70147,11313,1.0,11551,1580,68567,0.01
6,70153,11314,1.0,11552,1580,68573,0.01
6,70159,11315,1.0,11553,1580,68579,0.01
6,70165,11316,1.0,11554,1580,68585,0.01
6,70171,11317,1.0,11555,1580,68591,0.01
6,70177,11318,1.0,11556,1580,68597,0.01
6,70183,11319,1.0,11557,1580,68603,0.01
6,70189,11320,1.0,11558,1580,68609,0.01
6,70195,11321,1.0,11559,1580,68615,0.01
6,70201,11322,1.0,11560,1580,68621,0.01
6,70207,11323,1.0,11561,1580,68627,0.01
6,70213,11324,1.0,11562,1580,68633,0.01
6,70219,11325,1.0,11563,1580,68639,0.01
6,70225,11326,1.0,11564,1580,68645,0.01
6,70231,11327,1.0,11565,1580,68651,0.01
6,70237,11328,1.0,11566,1580,68657,0.01
6,70243,11329,1.0,11567,1580,68663,0.01
6,70249,11330,1.0,11568,1580,68669,0.01
6,70255,11331,1.0,11569,1580,68675,0.01
6,70261,11332,1.0,11570,1580,68681,0.01
6,70267,11333,1.0,11571,1580,68687,0.01
6,70273,11334,1.0,11572,1580,68693,0.01
6,70279,11335,1.0,11573,1580,68699,0.01
6,70285,11336,1.0,11574,1580,68705,0.01
6,70291,11337,1.0,11575,1580,68711,0.01
6,70297,11338,1.0,11576,1580,68717,0.01
6,70303,11339,1.0,11577,1580,68723,0.01
6,70309,11340,1.0,11578,1580,68729,0.01
6,70315,11341,1.0,11579,1580,68735,0.01
6,70321,11342,1.0,11580,1580,68741,0.01
6,70327,11343,1.0,11581,1580,68747,0.01
6,70333,11344,1.0,11582,1580,68753,0.01
6,70339,11345,1.0,11583,1580,68759,0.01
6,70345,11346,1.0,11584,1580,68765,0.01
6,70351,11347,1.0,11585,1580,68771,0.01
6,70357,11348,1.0,11586,1580,68777,0.01
6,70363,11349,1.0,11587,1580,68783,0.01
6,70369,11350,1.0,11588,1580,68789,0.01
6,70375,11351,1.0,11589,1580,68795,0.01
6,70381,11352,1.0,11590,1580,68801,0.01
6,70387,11353,1.0,11591,1580,68807,0.01
6,70393,11354,1.0,11592,1580,68813,0.01
6,70399,11355,1.0,11593,1580,68819,0.01
6,70405,11356,1.0,11594,1580,68825,0.01
6,70411,11357,1.0,11595,1580,68831,0.01
6,70417,11358,1.0,11596,1580,68837,0.01
6,70423,11359,1.0,11597,1580,68843,0.01
6,70429,11360,1.0,11598,1580,68849,0.01
6,70435,11361,1.0,11599,1580,68855,0.01
6,70441,11362,1.0,11600,1580,68861,0.01
7,70448,11363,1.0,11601,1581,68867,0.01
6,70454,11364,1.0,11602,1581,68873,0.01
6,70460,11365,1.0,11603,1581,68879,0.01
6,70466,11366,1.0,11604,1581,68885,0.01
6,70472,11367,1.0,11605,1581,68891,0.01
6,70478,11368,1.0,11606,1581,68897,0.01
6,70484,11369,1.0,11607,1581,68903,0.01
6,70490,11370,1.0,11608,1581,68909,0.01
6,70496,11371,1.0,11609,1581,68915,0.01
7,70503,11372,1.0,11610,1582,68921,0.01
6,70509,11373,1.0,11611,1582,68927,0.01
6,70515,11374,1.0,11612,1582,68933,0.01
6,70521,11375,1.0,11613,1582,68939,0.01
6,70527,11376,1.0,11614,1582,68945,0.01
8,70535,11377,1.0,11615,1583,68952,0.01
6,70541,11378,1.0,11616,1583,68958,0.01
6,70547,11379,1.0,11617,1583,68964,0.01
6,70553,11380,1.0,11618,1583,68970,0.01
6,70559,11381,1.0,11619,1583,68976,0.01
6,70565,11382,1.0,11620,1583,68982,0.01
6,70571,11383,1.0,11621,1583,68988,0.01
6,70577,11384,1.0,11622,1583,68994,0.01
6,70583,11385,1.0,11623,1583,69000,0.01
6,70589,11386,1.0,11624,1583,69006,0.01
6,70595,11387,1.0,11625,1583,69012,0.01
6,70601,11388,1.0,11626,1583,69018,0.01
6,70607,11389,1.0,11627,1583,69024,0.01
8,70615,11390,1.0,11628,1584,69031,0.01
6,70621,11391,1.0,11629,1584,69037,0.01
6,70627,11392,1.0,11630,1584,69043,0.01
6,70633,11393,1.0,11631,1584,69049,0.01
6,70639,11394,1.0,11632,1584,69055,0.01
6,70645,11395,1.0,11633,1584,69061,0.01
6,70651,11396,1.0,11634,1584,69067,0.01
6,70657,11397,1.0,11635,1584,69073,0.01
6,70663,11398,1.0,11636,1584,69079,0.01
6,70669,11399,1.0,11637,1584,69085,0.01
6,70675,11400,1.0,11638,1584,69091,0.01
6,70681,11401,1.0,11639,1584,69097,0.01
6,70687,11402,1.0,11640,1584,69103,0.01
6,70693,11403,1.0,11641,1584,69109,0.01
6,70699,11404,1.0,11642,1584,69115,0.01
6,70705,11405,1.0,11643,1584,69121,0.01
6,70711,11406,1.0,11644,1584,69127,0.01
6,70717,11407,1.0,11645,1584,69133,0.01
6,70723,11408,1.0,11646,1584,69139,0.01
6,70729,11409,1.0,11647,1584,69145,0.01
6,70735,11410,1.0,11648,1584,69151,0.01
6,70741,11411,1.0,11649,1584,69157,0.01
6,70747,11412,1.0,11650,1584,69163,0.01
6,70753,11413,1.0,11651,1584,69169,0.01
6,70759,11414,1.0,11652,1584,69175,0.01
6,70765,11415,1.0,11653,1584,69181,0.01
6,70771,11416,1.0,11654,1584,69187,0.01
6,70777,11417,1.0,11655,1584,69193,0.01
6,70783,11418,1.0,11656,1584,69199,0.01
6,70789,11419,1.0,11657,1584,69205,0.01
6,70795,11420,1.0,11658,1584,69211,0.01
8,70803,11421,1.0,11659,1585,69218,0.01
6,70809,11422,1.0,11660,1585,69224,0.01
6,70815,11423,1.0,11661,1586,69229,0.01
6,70821,11424,1.0,11662,1586,69235,0.01
8,70829,11425,1.0,11663,1587,69242,0.01
6,70835,11426,1.0,11664,1587,69248,0.01
6,70841,11427,1.0,11665,1587,69254,0.01
6,70847,11428,1.0,11666,1587,69260,0.01
7,70854,11429,1.0,11667,1588,69266,0.01
6,70860,11430,1.0,11668,1588,69272,0.01
6,70866,11431,1.0,11669,1588,69278,0.01
6,70872,11432,1.0,11670,1588,69284,0.01
6,70878,11433,1.0,11671,1588,69290,0.01
6,70884,11434,1.0,11672,1588,69296,0.01
6,70890,11435,1.0,11673,1588,69302,0.01
6,70896,11436,1.0,11674,1588,69308,0.01
6,70902,11437,1.0,11675,1588,69314,0.01
6,70908,11438,1.0,11676,1589,69319,0.01
6,70914,11439,1.0,11677,1589,69325,0.01
6,70920,11440,1.0,11678,1589,69331,0.01
6,70926,11441,1.0,11679,1589,69337,0.01
6,70932,11442,1.0,11680,1589,69343,0.01
6,70938,11443,1.0,11681,1589,69349,0.01
6,70944,11444,1.0,11682,1589,69355,0.01
6,70950,11445,1.0,11683,1589,69361,0.01
6,70956,11446,1.0,11684,1589,69367,0.01
2,70958,11446,0.0,11685,1590,69368,0.01
6,70964,11447,1.0,11686,1590,69374,0.01
6,70970,11448,1.0,11687,1590,69380,0.01
6,70976,11449,1.0,11688,1590,69386,0.01
6,70982,11450,1.0,11689,1590,69392,0.01
6,70988,11451,1.0,11690,1590,69398,0.01
6,70994,11452,1.0,11691,1591,69403,0.01
6,71000,11453,1.0,11692,1591,69409,0.01
6,71006,11454,1.0,11693,1591,69415,0.01
6,71012,11455,1.0,11694,1591,69421,0.01
6,71018,11456,1.0,11695,1591,69427,0.01
6,71024,11457,1.0,11696,1591,69433,0.01
6,71030,11458,1.0,11697,1591,69439,0.01
6,71036,11459,1.0,11698,1591,69445,0.01
6,71042,11460,1.0,11699,1591,69451,0.01
6,71048,11461,1.0,11700,1591,69457,0.01
7,71055,11462,1.0,11701,1592,69463,0.01
6,71061,11463,1.0,11702,1592,69469,0.01
6,71067,11464,1.0,11703,1592,69475,0.01
6,71073,11465,1.0,11704,1592,69481,0.01
6,71079,11466,1.0,11705,1592,69487,0.01
6,71085,11467,1.0,11706,1592,69493,0.01
6,71091,11468,1.0,11707,1592,69499,0.01
6,71097,11469,1.0,11708,1592,69505,0.01
6,71103,11470,1.0,11709,1592,69511,0.01
6,71109,11471,1.0,11710,1592,69517,0.01
6,71115,11472,1.0,11711,1592,69523,0.01
6,71121,11473,1.0,11712,1592,69529,0.01
6,71127,11474,1.0,11713,1592,69535,0.01
6,71133,11475,1.0,11714,1592,69541,0.01
6,71139,11476,1.0,11715,1592,69547,0.01
6,71145,11477,1.0,11716,1592,69553,0.01
6,71151,11478,1.0,11717,1592,69559,0.01
6,71157,11479,1.0,11718,1592,69565,0.01
6,71163,11480,1.0,11719,1592,69571,0.01
6,71169,11481,1.0,11720,1592,69577,0.01
7,71176,11482,1.0,11721,1593,69583,0.01
6,71182,11483,1.0,11722,1593,69589,0.01
6,71188,11484,1.0,11723,1594,69594,0.01
8,71196,11485,1.0,11724,1595,69601,0.01
6,71202,11486,1.0,11725,1595,69607,0.01
6,71208,11487,1.0,11726,1595,69613,0.01
6,71214,11488,1.0,11727,1595,69619,0.01
6,71220,11489,1.0,11728,1595,69625,0.01
6,71226,11490,1.0,11729,1595,69631,0.01
6,71232,11491,1.0,11730,1595,69637,0.01
6,71238,11492,1.0,11731,1595,69643,0.01
6,71244,11493,1.0,11732,1595,69649,0.01
6,71250,11494,1.0,11733,1595,69655,0.01
6,71256,11495,1.0,11734,1595,69661,0.01
6,71262,11496,1.0,11735,1595,69667,0.01
6,71268,11497,1.0,11736,1595,69673,0.01
6,71274,11498,1.0,11737,1595,69679,0.01
6,71280,11499,1.0,11738,1595,69685,0.01
6,71286,11500,1.0,11739,1595,69691,0.01
6,71292,11501,1.0,11740,1595,69697,0.01
6,71298,11502,1.0,11741,1595,69703,0.01
6,71304,11503,1.0,11742,1595,69709,0.01
8,71312,11504,1.0,11743,1596,69716,0.01
7,71319,11505,1.0,11744,1597,69722,0.01
6,71325,11506,1.0,11745,1597,69728,0.01
6,71331,11507,1.0,11746,1597,69734,0.01
6,71337,11508,1.0,11747,1597,69740,0.01
6,71343,11509,1.0,11748,1597,69746,0.01
6,71349,11510,1.0,11749,1597,69752,0.01
6,71355,11511,1.0,11750,1597,69758,0.01
6,71361,11512,1.0,11751,1597,69764,0.01
6,71367,11513,1.0,11752,1597,69770,0.01
6,71373,11514,1.0,11753,1597,69776,0.01
8,71381,11515,1.0,11754,1598,69783,0.01
6,71387,11516,1.0,11755,1598,69789,0.01
6,71393,11517,1.0,11756,1598,69795,0.01
6,71399,11518,1.0,11757,1598,69801,0.01
6,71405,11519,1.0,11758,1598,69807,0.01
6,71411,11520,1.0,11759,1598,69813,0.01
6,71417,11521,1.0,11760,1598,69819,0.01
6,71423,11522,1.0,11761,1598,69825,0.01
6,71429,11523,1.0,11762,1598,69831,0.01
6,71435,11524,1.0,11763,1598,69837,0.01
6,71441,11525,1.0,11764,1598,69843,0.01
6,71447,11526,1.0,11765,1598,69849,0.01
6,71453,11527,1.0,11766,1598,69855,0.01
6,71459,11528,1.0,11767,1598,69861,0.01
7,71466,11529,1.0,11768,1599,69867,0.01
6,71472,11530,1.0,11769,1599,69873,0.01
6,71478,11531,1.0,11770,1599,69879,0.01
6,71484,11532,1.0,11771,1599,69885,0.01
6,71490,11533,1.0,11772,1599,69891,0.01
6,71496,11534,1.0,11773,1599,69897,0.01
6,71502,11535,1.0,11774,1599,69903,0.01
6,71508,11536,1.0,11775,1599,69909,0.01
6,71514,11537,1.0,11776,1599,69915,0.01
6,71520,11538,1.0,11777,1599,69921,0.01
6,71526,11539,1.0,11778,1599,69927,0.01
6,71532,11540,1.0,11779,1599,69933,0.01
6,71538,11541,1.0,11780,1599,69939,0.01
6,71544,11542,1.0,11781,1599,69945,0.01
6,71550,11543,1.0,11782,1599,69951,0.01
6,71556,11544,1.0,11783,1599,69957,0.01
6,71562,11545,1.0,11784,1599,69963,0.01
6,71568,11546,1.0,11785,1599,69969,0.01
6,71574,11547,1.0,11786,1599,69975,0.01
4,71578,11547,0.0,11787,1600,69978,0.01
6,71584,11548,1.0,11788,1601,69983,0.01
6,71590,11549,1.0,11789,1601,69989,0.01
6,71596,11550,1.0,11790,1601,69995,0.01
8,71604,11551,1.0,11791,1602,70002,0.01
6,71610,11552,1.0,11792,1602,70008,0.01
6,71616,11553,1.0,11793,1602,70014,0.01
6,71622,11554,1.0,11794,1602,70020,0.01
6,71628,11555,1.0,11795,1602,70026,0.01
6,71634,11556,1.0,11796,1602,70032,0.01
6,71640,11557,1.0,11797,1602,70038,0.01
6,71646,11558,1.0,11798,1602,70044,0.01
6,71652,11559,1.0,11799,1602,70050,0.01
6,71658,11560,1.0,11800,1602,70056,0.01
6,71664,11561,1.0,11801,1602,70062,0.01
6,71670,11562,1.0,11802,1602,70068,0.01
6,71676,11563,1.0,11803,1602,70074,0.01
6,71682,11564,1.0,11804,1602,70080,0.01
6,71688,11565,1.0,11805,1602,70086,0.01
6,71694,11566,1.0,11806,1602,70092,0.01
6,71700,11567,1.0,11807,1602,70098,0.01
6,71706,11568,1.0,11808,1603,70103,0.01
6,71712,11569,1.0,11809,1603,70109,0.01
6,71718,11570,1.0,11810,1603,70115,0.01
6,71724,11571,1.0,11811,1603,70121,0.01
6,71730,11572,1.0,11812,1603,70127,0.01
6,71736,11573,1.0,11813,1603,70133,0.01
6,71742,11574,1.0,11814,1603,70139,0.01
6,71748,11575,1.0,11815,1603,70145,0.01
6,71754,11576,1.0,11816,1603,70151,0.01
6,71760,11577,1.0,11817,1603,70157,0.01
6,71766,11578,1.0,11818,1603,70163,0.01
6,71772,11579,1.0,11819,1603,70169,0.01
6,71778,11580,1.0,11820,1603,70175,0.01
6,71784,11581,1.0,11821,1603,70181,0.01
6,71790,11582,1.0,11822,1603,70187,0.01
6,71796,11583,1.0,11823,1603,70193,0.01
6,71802,11584,1.0,11824,1603,70199,0.01
6,71808,11585,1.0,11825,1603,70205,0.01
6,71814,11586,1.0,11826,1603,70211,0.01
6,71820,11587,1.0,11827,1603,70217,0.01
6,71826,11588,1.0,11828,1603,70223,0.01
6,71832,11589,1.0,11829,1603,70229,0.01
8,71840,11590,1.0,11830,1604,70236,0.01
6,71846,11591,1.0,11831,1604,70242,0.01
6,71852,11592,1.0,11832,1604,70248,0.01
6,71858,11593,1.0,11833,1604,70254,0.01
6,71864,11594,1.0,11834,1604,70260,0.01
6,71870,11595,1.0,11835,1604,70266,0.01
6,71876,11596,1.0,11836,1604,70272,0.01
6,71882,11597,1.0,11837,1604,70278,0.01
6,71888,11598,1.0,11838,1604,70284,0.01
6,71894,11599,1.0,11839,1604,70290,0.01
6,71900,11600,1.0,11840,1604,70296,0.01
6,71906,11601,1.0,11841,1604,70302,0.01
6,71912,11602,1.0,11842,1604,70308,0.01
6,71918,11603,1.0,11843,1604,70314,0.01
6,71924,11604,1.0,11844,1604,70320,0.01
6,71930,11605,1.0,11845,1604,70326,0.01
6,71936,11606,1.0,11846,1604,70332,0.01
6,71942,11607,1.0,11847,1604,70338,0.01
6,71948,11608,1.0,11848,1604,70344,0.01
6,71954,11609,1.0,11849,1604,70350,0.01
6,71960,11610,1.0,11850,1604,70356,0.01
6,71966,11611,1.0,11851,1604,70362,0.01
6,71972,11612,1.0,11852,1604,70368,0.01
6,71978,11613,1.0,11853,1604,70374,0.01
6,71984,11614,1.0,11854,1604,70380,0.01
6,71990,11615,1.0,11855,1604,70386,0.01
6,71996,11616,1.0,11856,1604,70392,0.01
6,72002,11617,1.0,11857,1604,70398,0.01
6,72008,11618,1.0,11858,1604,70404,0.01
6,72014,11619,1.0,11859,1604,70410,0.01
6,72020,11620,1.0,11860,1604,70416,0.01
6,72026,11621,1.0,11861,1604,70422,0.01
6,72032,11622,1.0,11862,1604,70428,0.01
6,72038,11623,1.0,11863,1604,70434,0.01
6,72044,11624,1.0,11864,1604,70440,0.01
6,72050,11625,1.0,11865,1604,70446,0.01
6,72056,11626,1.0,11866,1604,70452,0.01
6,72062,11627,1.0,11867,1605,70457,0.01
6,72068,11628,1.0,11868,1605,70463,0.01
6,72074,11629,1.0,11869,1605,70469,0.01
6,72080,11630,1.0,11870,1605,70475,0.01
6,72086,11631,1.0,11871,1605,70481,0.01
6,72092,11632,1.0,11872,1605,70487,0.01
6,72098,11633,1.0,11873,1605,70493,0.01
6,72104,11634,1.0,11874,1605,70499,0.01
6,72110,11635,1.0,11875,1605,70505,0.01
6,72116,11636,1.0,11876,1605,70511,0.01
6,72122,11637,1.0,11877,1605,70517,0.01
6,72128,11638,1.0,11878,1605,70523,0.01
6,72134,11639,1.0,11879,1605,70529,0.01
6,72140,11640,1.0,11880,1605,70535,0.01
6,72146,11641,1.0,11881,1605,70541,0.01
6,72152,11642,1.0,11882,1605,70547,0.01
6,72158,11643,1.0,11883,1605,70553,0.01
6,72164,11644,1.0,11884,1605,70559,0.01
6,72170,11645,1.0,11885,1605,70565,0.01
6,72176,11646,1.0,11886,1605,70571,0.01
6,72182,11647,1.0,11887,1605,70577,0.01
6,72188,11648,1.0,11888,1605,70583,0.01
6,72194,11649,1.0,11889,1605,70589,0.01
6,72200,11650,1.0,11890,1605,70595,0.01
6,72206,11651,1.0,11891,1605,70601,0.01
6,72212,11652,1.0,11892,1605,70607,0.01
6,72218,11653,1.0,11893,1605,70613,0.01
6,72224,11654,1.0,11894,1605,70619,0.01
6,72230,11655,1.0,11895,1605,70625,0.01
6,72236,11656,1.0,11896,1605,70631,0.01
6,72242,11657,1.0,11897,1605,70637,0.01
6,72248,11658,1.0,11898,1605,70643,0.01
6,72254,11659,1.0,11899,1605,70649,0.01
6,72260,11660,1.0,11900,1605,70655,0.01
6,72266,11661,1.0,11901,1606,70660,0.01
6,72272,11662,1.0,11902,1606,70666,0.01
6,72278,11663,1.0,11903,1606,70672,0.01
6,72284,11664,1.0,11904,1607,70677,0.01
6,72290,11665,1.0,11905,1607,70683,0.01
6,72296,11666,1.0,11906,1607,70689,0.01
6,72302,11667,1.0,11907,1607,70695,0.01
6,72308,11668,1.0,11908,1607,70701,0.01
6,72314,11669,1.0,11909,1607,70707,0.01
6,72320,11670,1.0,11910,1607,70713,0.01
6,72326,11671,1.0,11911,1607,70719,0.01
6,72332,11672,1.0,11912,1607,70725,0.01
6,72338,11673,1.0,11913,1607,70731,0.01
6,72344,11674,1.0,11914,1607,70737,0.01
6,72350,11675,1.0,11915,1607,70743,0.01
6,72356,11676,1.0,11916,1607,70749,0.01
6,72362,11677,1.0,11917,1607,70755,0.01
6,72368,11678,1.0,11918,1607,70761,0.01
6,72374,11679,1.0,11919,1607,70767,0.01
6,72380,11680,1.0,11920,1607,70773,0.01
6,72386,11681,1.0,11921,1607,70779,0.01
6,72392,11682,1.0,11922,1607,70785,0.01
6,72398,11683,1.0,11923,1607,70791,0.01
6,72404,11684,1.0,11924,1607,70797,0.01
6,72410,11685,1.0,11925,1607,70803,0.01
6,72416,11686,1.0,11926,1608,70808,0.01
6,72422,11687,1.0,11927,1608,70814,0.01
6,72428,11688,1.0,11928,1608,70820,0.01
6,72434,11689,1.0,11929,1608,70826,0.01
6,72440,11690,1.0,11930,1608,70832,0.01
6,72446,11691,1.0,11931,1608,70838,0.01
6,72452,11692,1.0,11932,1608,70844,0.01
6,72458,11693,1.0,11933,1608,70850,0.01
6,72464,11694,1.0,11934,1608,70856,0.01
3,72467,11694,0.0,11935,1609,70858,0.01
6,72473,11695,1.0,11936,1609,70864,0.01
6,72479,11696,1.0,11937,1609,70870,0.01
6,72485,11697,1.0,11938,1609,70876,0.01
6,72491,11698,1.0,11939,1609,70882,0.01
6,72497,11699,1.0,11940,1609,70888,0.01
7,72504,11700,1.0,11941,1610,70894,0.01
6,72510,11701,1.0,11942,1610,70900,0.01
6,72516,11702,1.0,11943,1610,70906,0.01
6,72522,11703,1.0,11944,1610,70912,0.01
6,72528,11704,1.0,11945,1610,70918,0.01
6,72534,11705,1.0,11946,1611,70923,0.01
6,72540,11706,1.0,11947,1611,70929,0.01
6,72546,11707,1.0,11948,1611,70935,0.01
6,72552,11708,1.0,11949,1611,70941,0.01
6,72558,11709,1.0,11950,1611,70947,0.01
6,72564,11710,1.0,11951,1611,70953,0.01
6,72570,11711,1.0,11952,1611,70959,0.01
6,72576,11712,1.0,11953,1611,70965,0.01
6,72582,11713,1.0,11954,1611,70971,0.01
6,72588,11714,1.0,11955,1611,70977,0.01
6,72594,11715,1.0,11956,1611,70983,0.01
6,72600,11716,1.0,11957,1611,70989,0.01
6,72606,11717,1.0,11958,1611,70995,0.01
6,72612,11718,1.0,11959,1611,71001,0.01
6,72618,11719,1.0,11960,1611,71007,0.01
6,72624,11720,1.0,11961,1611,71013,0.01
6,72630,11721,1.0,11962,1611,71019,0.01
6,72636,11722,1.0,11963,1611,71025,0.01
6,72642,11723,1.0,11964,1611,71031,0.01
6,72648,11724,1.0,11965,1611,71037,0.01
6,72654,11725,1.0,11966,1611,71043,0.01
6,72660,11726,1.0,11967,1611,71049,0.01
6,72666,11727,1.0,11968,1611,71055,0.01
6,72672,11728,1.0,11969,1611,71061,0.01
6,72678,11729,1.0,11970,1611,71067,0.01
6,72684,11730,1.0,11971,1611,71073,0.01
2,72686,11730,0.0,11972,1612,71074,0.01
6,72692,11731,1.0,11973,1612,71080,0.01
6,72698,11732,1.0,11974,1612,71086,0.01
6,72704,11733,1.0,11975,1612,71092,0.01
6,72710,11734,1.0,11976,1612,71098,0.01
6,72716,11735,1.0,11977,1612,71104,0.01
6,72722,11736,1.0,11978,1612,71110,0.01
8,72730,11737,1.0,11979,1613,71117,0.01
6,72736,11738,1.0,11980,1613,71123,0.01
6,72742,11739,1.0,11981,1613,71129,0.01
6,72748,11740,1.0,11982,1613,71135,0.01
6,72754,11741,1.0,11983,1613,71141,0.01
6,72760,11742,1.0,11984,1613,71147,0.01
6,72766,11743,1.0,11985,1613,71153,0.01
6,72772,11744,1.0,11986,1613,71159,0.01
6,72778,11745,1.0,11987,1613,71165,0.01
6,72784,11746,1.0,11988,1613,71171,0.01
6,72790,11747,1.0,11989,1613,71177,0.01
6,72796,11748,1.0,11990,1613,71183,0.01
7,72803,11749,1.0,11991,1614,71189,0.01
6,72809,11750,1.0,11992,1614,71195,0.01
6,72815,11751,1.0,11993,1614,71201,0.01
6,72821,11752,1.0,11994,1614,71207,0.01
6,72827,11753,1.0,11995,1614,71213,0.01
6,72833,11754,1.0,11996,1614,71219,0.01
6,72839,11755,1.0,11997,1614,71225,0.01
6,72845,11756,1.0,11998,1614,71231,0.01
6,72851,11757,1.0,11999,1615,71236,0.01
6,72857,11758,1.0,12000,1615,71242,0.01
6,72863,11759,1.0,12001,1615,71248,0.01
6,72869,11760,1.0,12002,1615,71254,0.01
6,72875,11761,1.0,12003,1615,71260,0.01
6,72881,11762,1.0,12004,1615,71266,0.01
6,72887,11763,1.0,12005,1615,71272,0.01
6,72893,11764,1.0,12006,1615,71278,0.01
6,72899,11765,1.0,12007,1615,71284,0.01
6,72905,11766,1.0,12008,1615,71290,0.01
6,72911,11767,1.0,12009,1615,71296,0.01
6,72917,11768,1.0,12010,1615,71302,0.01
6,72923,11769,1.0,12011,1615,71308,0.01
6,72929,11770,1.0,12012,1615,71314,0.01
6,72935,11771,1.0,12013,1615,71320,0.01
6,72941,11772,1.0,12014,1615,71326,0.01
6,72947,11773,1.0,12015,1615,71332,0.01
6,72953,11774,1.0,12016,1615,71338,0.01
6,72959,11775,1.0,12017,1615,71344,0.01
6,72965,11776,1.0,12018,1615,71350,0.01
7,72972,11777,1.0,12019,1616,71356,0.01
6,72978,11778,1.0,12020,1616,71362,0.01
6,72984,11779,1.0,12021,1616,71368,0.01
6,72990,11780,1.0,12022,1616,71374,0.01
6,72996,11781,1.0,12023,1616,71380,0.01
6,73002,11782,1.0,12024,1616,71386,0.01
6,73008,11783,1.0,12025,1616,71392,0.01
6,73014,11784,1.0,12026,1616,71398,0.01
6,73020,11785,1.0,12027,1616,71404,0.01
6,73026,11786,1.0,12028,1616,71410,0.01
6,73032,11787,1.0,12029,1616,71416,0.01
6,73038,11788,1.0,12030,1616,71422,0.01
6,73044,11789,1.0,12031,1616,71428,0.01
6,73050,11790,1.0,12032,1616,71434,0.01
6,73056,11791,1.0,12033,1616,71440,0.01
6,73062,11792,1.0,12034,1616,71446,0.01
6,73068,11793,1.0,12035,1616,71452,0.01
6,73074,11794,1.0,12036,1616,71458,0.01
6,73080,11795,1.0,12037,1616,71464,0.01
6,73086,11796,1.0,12038,1616,71470,0.01
6,73092,11797,1.0,12039,1616,71476,0.01
6,73098,11798,1.0,12040,1616,71482,0.01
6,73104,11799,1.0,12041,1616,71488,0.01
6,73110,11800,1.0,12042,1616,71494,0.01
6,73116,11801,1.0,12043,1616,71500,0.01
6,73122,11802,1.0,12044,1616,71506,0.01
6,73128,11803,1.0,12045,1616,71512,0.01
6,73134,11804,1.0,12046,1616,71518,0.01
6,73140,11805,1.0,12047,1616,71524,0.01
6,73146,11806,1.0,12048,1616,71530,0.01
6,73152,11807,1.0,12049,1616,71536,0.01
6,73158,11808,1.0,12050,1616,71542,0.01
6,73164,11809,1.0,12051,1616,71548,0.01
6,73170,11810,1.0,12052,1616,71554,0.01
6,73176,11811,1.0,12053,1616,71560,0.01
6,73182,11812,1.0,12054,1616,71566,0.01
6,73188,11813,1.0,12055,1616,71572,0.01
6,73194,11814,1.0,12056,1616,71578,0.01
6,73200,11815,1.0,12057,1616,71584,0.01
6,73206,11816,1.0,12058,1616,71590,0.01
6,73212,11817,1.0,12059,1616,71596,0.01
6,73218,11818,1.0,12060,1616,71602,0.01
6,73224,11819,1.0,12061,1616,71608,0.01
6,73230,11820,1.0,12062,1617,71613,0.01
6,73236,11821,1.0,12063,1617,71619,0.01
6,73242,11822,1.0,12064,1617,71625,0.01
6,73248,11823,1.0,12065,1617,71631,0.01
6,73254,11824,1.0,12066,1617,71637,0.01
6,73260,11825,1.0,12067,1617,71643,0.01
6,73266,11826,1.0,12068,1617,71649,0.01
6,73272,11827,1.0,12069,1617,71655,0.01
6,73278,11828,1.0,12070,1617,71661,0.01
6,73284,11829,1.0,12071,1617,71667,0.01
6,73290,11830,1.0,12072,1617,71673,0.01
6,73296,11831,1.0,12073,1617,71679,0.01
6,73302,11832,1.0,12074,1617,71685,0.01
6,73308,11833,1.0,12075,1617,71691,0.01
6,73314,11834,1.0,12076,1617,71697,0.01
6,73320,11835,1.0,12077,1618,71702,0.01
6,73326,11836,1.0,12078,1618,71708,0.01
6,73332,11837,1.0,12079,1618,71714,0.01
6,73338,11838,1.0,12080,1618,71720,0.01
6,73344,11839,1.0,12081,1618,71726,0.01
6,73350,11840,1.0,12082,1618,71732,0.01
6,73356,11841,1.0,12083,1618,71738,0.01
6,73362,11842,1.0,12084,1619,71743,0.01
6,73368,11843,1.0,12085,1619,71749,0.01
6,73374,11844,1.0,12086,1619,71755,0.01
6,73380,11845,1.0,12087,1619,71761,0.01
6,73386,11846,1.0,12088,1619,71767,0.01
6,73392,11847,1.0,12089,1619,71773,0.01
6,73398,11848,1.0,12090,1619,71779,0.01
6,73404,11849,1.0,12091,1619,71785,0.01
6,73410,11850,1.0,12092,1619,71791,0.01
6,73416,11851,1.0,12093,1619,71797,0.01
6,73422,11852,1.0,12094,1619,71803,0.01
6,73428,11853,1.0,12095,1619,71809,0.01
8,73436,11854,1.0,12096,1620,71816,0.01
6,73442,11855,1.0,12097,1620,71822,0.01
6,73448,11856,1.0,12098,1620,71828,0.01
6,73454,11857,1.0,12099,1620,71834,0.01
6,73460,11858,1.0,12100,1620,71840,0.01
6,73466,11859,1.0,12101,1620,71846,0.01
6,73472,11860,1.0,12102,1620,71852,0.01
6,73478,11861,1.0,12103,1620,71858,0.01
6,73484,11862,1.0,12104,1620,71864,0.01
6,73490,11863,1.0,12105,1620,71870,0.01
6,73496,11864,1.0,12106,1620,71876,0.01
6,73502,11865,1.0,12107,1620,71882,0.01
6,73508,11866,1.0,12108,1620,71888,0.01
6,73514,11867,1.0,12109,1620,71894,0.01
6,73520,11868,1.0,12110,1620,71900,0.01
6,73526,11869,1.0,12111,1620,71906,0.01
6,73532,11870,1.0,12112,1620,71912,0.01
6,73538,11871,1.0,12113,1620,71918,0.01
6,73544,11872,1.0,12114,1620,71924,0.01
6,73550,11873,1.0,12115,1620,71930,0.01
6,73556,11874,1.0,12116,1620,71936,0.01
6,73562,11875,1.0,12117,1620,71942,0.01
6,73568,11876,1.0,12118,1620,71948,0.01
6,73574,11877,1.0,12119,1620,71954,0.01
6,73580,11878,1.0,12120,1620,71960,0.01
6,73586,11879,1.0,12121,1620,71966,0.01
6,73592,11880,1.0,12122,1620,71972,0.01
6,73598,11881,1.0,12123,1620,71978,0.01
6,73604,11882,1.0,12124,1620,71984,0.01
6,73610,11883,1.0,12125,1620,71990,0.01
6,73616,11884,1.0,12126,1620,71996,0.01
6,73622,11885,1.0,12127,1620,72002,0.01
6,73628,11886,1.0,12128,1620,72008,0.01
6,73634,11887,1.0,12129,1620,72014,0.01
6,73640,11888,1.0,12130,1620,72020,0.01
6,73646,11889,1.0,12131,1620,72026,0.01
6,73652,11890,1.0,12132,1620,72032,0.01
6,73658,11891,1.0,12133,1620,72038,0.01
6,73664,11892,1.0,12134,1620,72044,0.01
6,73670,11893,1.0,12135,1620,72050,0.01
6,73676,11894,1.0,12136,1620,72056,0.01
6,73682,11895,1.0,12137,1620,72062,0.01
6,73688,11896,1.0,12138,1620,72068,0.01
6,73694,11897,1.0,12139,1620,72074,0.01
6,73700,11898,1.0,12140,1620,72080,0.01
6,73706,11899,1.0,12141,1620,72086,0.01
6,73712,11900,1.0,12142,1620,72092,0.01
6,73718,11901,1.0,12143,1620,72098,0.01
6,73724,11902,1.0,12144,1620,72104,0.01
6,73730,11903,1.0,12145,1620,72110,0.01
6,73736,11904,1.0,12146,1620,72116,0.01
6,73742,11905,1.0,12147,1620,72122,0.01
6,73748,11906,1.0,12148,1620,72128,0.01
6,73754,11907,1.0,12149,1620,72134,0.01
6,73760,11908,1.0,12150,1620,72140,0.01
6,73766,11909,1.0,12151,1620,72146,0.01
6,73772,11910,1.0,12152,1620,72152,0.01
6,73778,11911,1.0,12153,1620,72158,0.01
6,73784,11912,1.0,12154,1620,72164,0.01
6,73790,11913,1.0,12155,1620,72170,0.01
6,73796,11914,1.0,12156,1620,72176,0.01
6,73802,11915,1.0,12157,1620,72182,0.01
6,73808,11916,1.0,12158,1620,72188,0.01
6,73814,11917,1.0,12159,1620,72194,0.01
6,73820,11918,1.0,12160,1620,72200,0.01
6,73826,11919,1.0,12161,1620,72206,0.01
6,73832,11920,1.0,12162,1620,72212,0.01
6,73838,11921,1.0,12163,1620,72218,0.01
6,73844,11922,1.0,12164,1620,72224,0.01
6,73850,11923,1.0,12165,1620,72230,0.01
6,73856,11924,1.0,12166,1620,72236,0.01
6,73862,11925,1.0,12167,1620,72242,0.01
6,73868,11926,1.0,12168,1620,72248,0.01
6,73874,11927,1.0,12169,1620,72254,0.01
6,73880,11928,1.0,12170,1620,72260,0.01
6,73886,11929,1.0,12171,1620,72266,0.01
6,73892,11930,1.0,12172,1620,72272,0.01
6,73898,11931,1.0,12173,1620,72278,0.01
6,73904,11932,1.0,12174,1620,72284,0.01
6,73910,11933,1.0,12175,1620,72290,0.01
6,73916,11934,1.0,12176,1620,72296,0.01
6,73922,11935,1.0,12177,1620,72302,0.01
6,73928,11936,1.0,12178,1620,72308,0.01
6,73934,11937,1.0,12179,1620,72314,0.01
6,73940,11938,1.0,12180,1620,72320,0.01
6,73946,11939,1.0,12181,1620,72326,0.01
6,73952,11940,1.0,12182,1620,72332,0.01
6,73958,11941,1.0,12183,1620,72338,0.01
6,73964,11942,1.0,12184,1620,72344,0.01
6,73970,11943,1.0,12185,1620,72350,0.01
6,73976,11944,1.0,12186,1620,72356,0.01
6,73982,11945,1.0,12187,1620,72362,0.01
6,73988,11946,1.0,12188,1620,72368,0.01
6,73994,11947,1.0,12189,1620,72374,0.01
8,74002,11948,1.0,12190,1621,72381,0.01
6,74008,11949,1.0,12191,1621,72387,0.01
6,74014,11950,1.0,12192,1621,72393,0.01
6,74020,11951,1.0,12193,1621,72399,0.01
6,74026,11952,1.0,12194,1621,72405,0.01
6,74032,11953,1.0,12195,1621,72411,0.01
6,74038,11954,1.0,12196,1621,72417,0.01
6,74044,11955,1.0,12197,1621,72423,0.01
6,74050,11956,1.0,12198,1621,72429,0.01
6,74056,11957,1.0,12199,1621,72435,0.01
6,74062,11958,1.0,12200,1621,72441,0.01
6,74068,11959,1.0,12201,1621,72447,0.01
6,74074,11960,1.0,12202,1621,72453,0.01
6,74080,11961,1.0,12203,1621,72459,0.01
7,74087,11962,1.0,12204,1622,72465,0.01
6,74093,11963,1.0,12205,1622,72471,0.01
6,74099,11964,1.0,12206,1623,72476,0.01
6,74105,11965,1.0,12207,1624,72481,0.01
6,74111,11966,1.0,12208,1624,72487,0.01
6,74117,11967,1.0,12209,1624,72493,0.01
6,74123,11968,1.0,12210,1624,72499,0.01
6,74129,11969,1.0,12211,1624,72505,0.01
6,74135,11970,1.0,12212,1624,72511,0.01
6,74141,11971,1.0,12213,1624,72517,0.01
6,74147,11972,1.0,12214,1624,72523,0.01
6,74153,11973,1.0,12215,1624,72529,0.01
6,74159,11974,1.0,12216,1624,72535,0.01
6,74165,11975,1.0,12217,1624,72541,0.01
6,74171,11976,1.0,12218,1624,72547,0.01
6,74177,11977,1.0,12219,1624,72553,0.01
6,74183,11978,1.0,12220,1624,72559,0.01
6,74189,11979,1.0,12221,1624,72565,0.01
6,74195,11980,1.0,12222,1624,72571,0.01
6,74201,11981,1.0,12223,1624,72577,0.01
6,74207,11982,1.0,12224,1624,72583,0.01
6,74213,11983,1.0,12225,1624,72589,0.01
6,74219,11984,1.0,12226,1624,72595,0.01
6,74225,11985,1.0,12227,1624,72601,0.01
6,74231,11986,1.0,12228,1624,72607,0.01
3,74234,11986,0.0,12229,1625,72609,0.01
6,74240,11987,1.0,12230,1625,72615,0.01
6,74246,11988,1.0,12231,1625,72621,0.01
6,74252,11989,1.0,12232,1625,72627,0.01
4,74256,11989,0.0,12233,1626,72630,0.01
6,74262,11990,1.0,12234,1626,72636,0.01
6,74268,11991,1.0,12235,1626,72642,0.01
6,74274,11992,1.0,12236,1627,72647,0.01
6,74280,11993,1.0,12237,1627,72653,0.01
6,74286,11994,1.0,12238,1627,72659,0.01
6,74292,11995,1.0,12239,1627,72665,0.01
6,74298,11996,1.0,12240,1627,72671,0.01
6,74304,11997,1.0,12241,1627,72677,0.01
6,74310,11998,1.0,12242,1627,72683,0.01
6,74316,11999,1.0,12243,1627,72689,0.01
6,74322,12000,1.0,12244,1627,72695,0.01
8,74330,12001,1.0,12245,1628,72702,0.01
6,74336,12002,1.0,12246,1628,72708,0.01
6,74342,12003,1.0,12247,1628,72714,0.01
6,74348,12004,1.0,12248,1629,72719,0.01
6,74354,12005,1.0,12249,1629,72725,0.01
6,74360,12006,1.0,12250,1629,72731,0.01
6,74366,12007,1.0,12251,1629,72737,0.01
6,74372,12008,1.0,12252,1629,72743,0.01
6,74378,12009,1.0,12253,1629,72749,0.01
6,74384,12010,1.0,12254,1629,72755,0.01
6,74390,12011,1.0,12255,1629,72761,0.01
6,74396,12012,1.0,12256,1629,72767,0.01
6,74402,12013,1.0,12257,1629,72773,0.01
6,74408,12014,1.0,12258,1629,72779,0.01
6,74414,12015,1.0,12259,1629,72785,0.01
6,74420,12016,1.0,12260,1629,72791,0.01
6,74426,12017,1.0,12261,1629,72797,0.01
6,74432,12018,1.0,12262,1629,72803,0.01
6,74438,12019,1.0,12263,1630,72808,0.01
7,74445,12020,1.0,12264,1631,72814,0.01
6,74451,12021,1.0,12265,1631,72820,0.01
6,74457,12022,1.0,12266,1631,72826,0.01
6,74463,12023,1.0,12267,1631,72832,0.01
6,74469,12024,1.0,12268,1631,72838,0.01
6,74475,12025,1.0,12269,1631,72844,0.01
6,74481,12026,1.0,12270,1631,72850,0.01
6,74487,12027,1.0,12271,1631,72856,0.01
6,74493,12028,1.0,12272,1631,72862,0.01
6,74499,12029,1.0,12273,1631,72868,0.01
6,74505,12030,1.0,12274,1631,72874,0.01
6,74511,12031,1.0,12275,1631,72880,0.01
6,74517,12032,1.0,12276,1631,72886,0.01
6,74523,12033,1.0,12277,1631,72892,0.01
6,74529,12034,1.0,12278,1631,72898,0.01
6,74535,12035,1.0,12279,1631,72904,0.01
6,74541,12036,1.0,12280,1631,72910,0.01
6,74547,12037,1.0,12281,1631,72916,0.01
6,74553,12038,1.0,12282,1631,72922,0.01
6,74559,12039,1.0,12283,1631,72928,0.01
6,74565,12040,1.0,12284,1631,72934,0.01
6,74571,12041,1.0,12285,1631,72940,0.01
6,74577,12042,1.0,12286,1631,72946,0.01
6,74583,12043,1.0,12287,1631,72952,0.01
6,74589,12044,1.0,12288,1631,72958,0.01
6,74595,12045,1.0,12289,1631,72964,0.01
6,74601,12046,1.0,12290,1631,72970,0.01
6,74607,12047,1.0,12291,1631,72976,0.01
6,74613,12048,1.0,12292,1631,72982,0.01
6,74619,12049,1.0,12293,1631,72988,0.01
6,74625,12050,1.0,12294,1631,72994,0.01
6,74631,12051,1.0,12295,1631,73000,0.01
6,74637,12052,1.0,12296,1631,73006,0.01
6,74643,12053,1.0,12297,1631,73012,0.01
6,74649,12054,1.0,12298,1631,73018,0.01
6,74655,12055,1.0,12299,1631,73024,0.01
6,74661,12056,1.0,12300,1631,73030,0.01
6,74667,12057,1.0,12301,1631,73036,0.01
6,74673,12058,1.0,12302,1631,73042,0.01
6,74679,12059,1.0,12303,1631,73048,0.01
6,74685,12060,1.0,12304,1631,73054,0.01
6,74691,12061,1.0,12305,1631,73060,0.01
6,74697,12062,1.0,12306,1631,73066,0.01
6,74703,12063,1.0,12307,1631,73072,0.01
6,74709,12064,1.0,12308,1631,73078,0.01
6,74715,12065,1.0,12309,1631,73084,0.01
6,74721,12066,1.0,12310,1631,73090,0.01
6,74727,12067,1.0,12311,1631,73096,0.01
6,74733,12068,1.0,12312,1631,73102,0.01
6,74739,12069,1.0,12313,1631,73108,0.01
6,74745,12070,1.0,12314,1631,73114,0.01
6,74751,12071,1.0,12315,1631,73120,0.01
6,74757,12072,1.0,12316,1631,73126,0.01
6,74763,12073,1.0,12317,1631,73132,0.01
6,74769,12074,1.0,12318,1632,73137,0.01
6,74775,12075,1.0,12319,1632,73143,0.01
6,74781,12076,1.0,12320,1632,73149,0.01
6,74787,12077,1.0,12321,1632,73155,0.01
6,74793,12078,1.0,12322,1632,73161,0.01
6,74799,12079,1.0,12323,1632,73167,0.01
6,74805,12080,1.0,12324,1632,73173,0.01
6,74811,12081,1.0,12325,1632,73179,0.01
6,74817,12082,1.0,12326,1632,73185,0.01
6,74823,12083,1.0,12327,1632,73191,0.01
6,74829,12084,1.0,12328,1632,73197,0.01
6,74835,12085,1.0,12329,1632,73203,0.01
6,74841,12086,1.0,12330,1632,73209,0.01
6,74847,12087,1.0,12331,1632,73215,0.01
6,74853,12088,1.0,12332,1632,73221,0.01
6,74859,12089,1.0,12333,1632,73227,0.01
6,74865,12090,1.0,12334,1632,73233,0.01
6,74871,12091,1.0,12335,1632,73239,0.01
6,74877,12092,1.0,12336,1632,73245,0.01
6,74883,12093,1.0,12337,1632,73251,0.01
6,74889,12094,1.0,12338,1632,73257,0.01
6,74895,12095,1.0,12339,1632,73263,0.01
6,74901,12096,1.0,12340,1632,73269,0.01
6,74907,12097,1.0,12341,1632,73275,0.01
6,74913,12098,1.0,12342,1632,73281,0.01
6,74919,12099,1.0,12343,1632,73287,0.01
6,74925,12100,1.0,12344,1633,73292,0.01
6,74931,12101,1.0,12345,1633,73298,0.01
6,74937,12102,1.0,12346,1633,73304,0.01
6,74943,12103,1.0,12347,1633,73310,0.01
6,74949,12104,1.0,12348,1633,73316,0.01
6,74955,12105,1.0,12349,1633,73322,0.01
8,74963,12106,1.0,12350,1634,73329,0.01
6,74969,12107,1.0,12351,1634,73335,0.01
6,74975,12108,1.0,12352,1634,73341,0.01
8,74983,12109,1.0,12353,1635,73348,0.01
6,74989,12110,1.0,12354,1635,73354,0.01
6,74995,12111,1.0,12355,1635,73360,0.01
6,75001,12112,1.0,12356,1635,73366,0.01
6,75007,12113,1.0,12357,1635,73372,0.01
6,75013,12114,1.0,12358,1635,73378,0.01
6,75019,12115,1.0,12359,1635,73384,0.01
6,75025,12116,1.0,12360,1635,73390,0.01
6,75031,12117,1.0,12361,1635,73396,0.01
6,75037,12118,1.0,12362,1635,73402,0.01
6,75043,12119,1.0,12363,1635,73408,0.01
6,75049,12120,1.0,12364,1635,73414,0.01
6,75055,12121,1.0,12365,1635,73420,0.01
6,75061,12122,1.0,12366,1635,73426,0.01
6,75067,12123,1.0,12367,1635,73432,0.01
8,75075,12124,1.0,12368,1636,73439,0.01
6,75081,12125,1.0,12369,1636,73445,0.01
6,75087,12126,1.0,12370,1636,73451,0.01
6,75093,12127,1.0,12371,1636,73457,0.01
6,75099,12128,1.0,12372,1636,73463,0.01
6,75105,12129,1.0,12373,1636,73469,0.01
6,75111,12130,1.0,12374,1636,73475,0.01
6,75117,12131,1.0,12375,1636,73481,0.01
6,75123,12132,1.0,12376,1636,73487,0.01
6,75129,12133,1.0,12377,1636,73493,0.01
6,75135,12134,1.0,12378,1636,73499,0.01
6,75141,12135,1.0,12379,1636,73505,0.01
6,75147,12136,1.0,12380,1636,73511,0.01
3,75150,12136,0.0,12381,1637,73513,0.01
6,75156,12137,1.0,12382,1637,73519,0.01
6,75162,12138,1.0,12383,1637,73525,0.01
6,75168,12139,1.0,12384,1637,73531,0.01
6,75174,12140,1.0,12385,1637,73537,0.01
6,75180,12141,1.0,12386,1637,73543,0.01
8,75188,12142,1.0,12387,1638,73550,0.01
6,75194,12143,1.0,12388,1638,73556,0.01
6,75200,12144,1.0,12389,1638,73562,0.01
6,75206,12145,1.0,12390,1638,73568,0.01
6,75212,12146,1.0,12391,1638,73574,0.01
6,75218,12147,1.0,12392,1638,73580,0.01
6,75224,12148,1.0,12393,1638,73586,0.01
6,75230,12149,1.0,12394,1638,73592,0.01
6,75236,12150,1.0,12395,1638,73598,0.01
6,75242,12151,1.0,12396,1638,73604,0.01
6,75248,12152,1.0,12397,1638,73610,0.01
6,75254,12153,1.0,12398,1638,73616,0.01
6,75260,12154,1.0,12399,1638,73622,0.01
6,75266,12155,1.0,12400,1638,73628,0.01
6,75272,12156,1.0,12401,1638,73634,0.01
6,75278,12157,1.0,12402,1638,73640,0.01
6,75284,12158,1.0,12403,1638,73646,0.01
6,75290,12159,1.0,12404,1638,73652,0.01
6,75296,12160,1.0,12405,1638,73658,0.01
6,75302,12161,1.0,12406,1638,73664,0.01
6,75308,12162,1.0,12407,1638,73670,0.01
6,75314,12163,1.0,12408,1638,73676,0.01
6,75320,12164,1.0,12409,1638,73682,0.01
6,75326,12165,1.0,12410,1638,73688,0.01
6,75332,12166,1.0,12411,1638,73694,0.01
6,75338,12167,1.0,12412,1638,73700,0.01
6,75344,12168,1.0,12413,1638,73706,0.01
6,75350,12169,1.0,12414,1638,73712,0.01
6,75356,12170,1.0,12415,1638,73718,0.01
6,75362,12171,1.0,12416,1638,73724,0.01
6,75368,12172,1.0,12417,1638,73730,0.01
6,75374,12173,1.0,12418,1638,73736,0.01
6,75380,12174,1.0,12419,1638,73742,0.01
6,75386,12175,1.0,12420,1638,73748,0.01
6,75392,12176,1.0,12421,1638,73754,0.01
6,75398,12177,1.0,12422,1638,73760,0.01
6,75404,12178,1.0,12423,1638,73766,0.01
6,75410,12179,1.0,12424,1638,73772,0.01
6,75416,12180,1.0,12425,1638,73778,0.01
6,75422,12181,1.0,12426,1638,73784,0.01
6,75428,12182,1.0,12427,1638,73790,0.01
6,75434,12183,1.0,12428,1638,73796,0.01
6,75440,12184,1.0,12429,1638,73802,0.01
6,75446,12185,1.0,12430,1638,73808,0.01
6,75452,12186,1.0,12431,1638,73814,0.01
6,75458,12187,1.0,12432,1638,73820,0.01
6,75464,12188,1.0,12433,1638,73826,0.01
6,75470,12189,1.0,12434,1638,73832,0.01
6,75476,12190,1.0,12435,1638,73838,0.01
6,75482,12191,1.0,12436,1638,73844,0.01
6,75488,12192,1.0,12437,1638,73850,0.01
6,75494,12193,1.0,12438,1638,73856,0.01
8,75502,12194,1.0,12439,1639,73863,0.01
6,75508,12195,1.0,12440,1639,73869,0.01
6,75514,12196,1.0,12441,1639,73875,0.01
6,75520,12197,1.0,12442,1639,73881,0.01
6,75526,12198,1.0,12443,1639,73887,0.01
6,75532,12199,1.0,12444,1639,73893,0.01
6,75538,12200,1.0,12445,1639,73899,0.01
6,75544,12201,1.0,12446,1639,73905,0.01
6,75550,12202,1.0,12447,1639,73911,0.01
6,75556,12203,1.0,12448,1639,73917,0.01
6,75562,12204,1.0,12449,1639,73923,0.01
6,75568,12205,1.0,12450,1639,73929,0.01
6,75574,12206,1.0,12451,1639,73935,0.01
6,75580,12207,1.0,12452,1639,73941,0.01
6,75586,12208,1.0,12453,1639,73947,0.01
6,75592,12209,1.0,12454,1639,73953,0.01
6,75598,12210,1.0,12455,1639,73959,0.01
6,75604,12211,1.0,12456,1639,73965,0.01
6,75610,12212,1.0,12457,1639,73971,0.01
6,75616,12213,1.0,12458,1639,73977,0.01
6,75622,12214,1.0,12459,1639,73983,0.01
6,75628,12215,1.0,12460,1639,73989,0.01
6,75634,12216,1.0,12461,1639,73995,0.01
6,75640,12217,1.0,12462,1639,74001,0.01
6,75646,12218,1.0,12463,1639,74007,0.01
6,75652,12219,1.0,12464,1639,74013,0.01
6,75658,12220,1.0,12465,1639,74019,0.01
6,75664,12221,1.0,12466,1639,74025,0.01
6,75670,12222,1.0,12467,1639,74031,0.01
6,75676,12223,1.0,12468,1639,74037,0.01
6,75682,12224,1.0,12469,1639,74043,0.01
6,75688,12225,1.0,12470,1639,74049,0.01
6,75694,12226,1.0,12471,1639,74055,0.01
6,75700,12227,1.0,12472,1639,74061,0.01
6,75706,12228,1.0,12473,1639,74067,0.01
6,75712,12229,1.0,12474,1639,74073,0.01
6,75718,12230,1.0,12475,1639,74079,0.01
6,75724,12231,1.0,12476,1639,74085,0.01
6,75730,12232,1.0,12477,1639,74091,0.01
6,75736,12233,1.0,12478,1639,74097,0.01
6,75742,12234,1.0,12479,1640,74102,0.01
6,75748,12235,1.0,12480,1640,74108,0.01
6,75754,12236,1.0,12481,1640,74114,0.01
8,75762,12237,1.0,12482,1641,74121,0.01
6,75768,12238,1.0,12483,1641,74127,0.01
6,75774,12239,1.0,12484,1641,74133,0.01
6,75780,12240,1.0,12485,1641,74139,0.01
6,75786,12241,1.0,12486,1641,74145,0.01
6,75792,12242,1.0,12487,1641,74151,0.01
6,75798,12243,1.0,12488,1641,74157,0.01
6,75804,12244,1.0,12489,1641,74163,0.01
6,75810,12245,1.0,12490,1641,74169,0.01
6,75816,12246,1.0,12491,1641,74175,0.01
6,75822,12247,1.0,12492,1642,74180,0.01
8,75830,12248,1.0,12493,1643,74187,0.01
6,75836,12249,1.0,12494,1643,74193,0.01
8,75844,12250,1.0,12495,1644,74200,0.01
6,75850,12251,1.0,12496,1644,74206,0.01
6,75856,12252,1.0,12497,1644,74212,0.01
6,75862,12253,1.0,12498,1644,74218,0.01
6,75868,12254,1.0,12499,1644,74224,0.01
6,75874,12255,1.0,12500,1644,74230,0.01
6,75880,12256,1.0,12501,1644,74236,0.01
6,75886,12257,1.0,12502,1644,74242,0.01
6,75892,12258,1.0,12503,1644,74248,0.01
6,75898,12259,1.0,12504,1644,74254,0.01
6,75904,12260,1.0,12505,1644,74260,0.01
6,75910,12261,1.0,12506,1644,74266,0.01
6,75916,12262,1.0,12507,1644,74272,0.01
6,75922,12263,1.0,12508,1644,74278,0.01
6,75928,12264,1.0,12509,1644,74284,0.01
6,75934,12265,1.0,12510,1644,74290,0.01
6,75940,12266,1.0,12511,1644,74296,0.01
6,75946,12267,1.0,12512,1644,74302,0.01
6,75952,12268,1.0,12513,1644,74308,0.01
6,75958,12269,1.0,12514,1644,74314,0.01
6,75964,12270,1.0,12515,1644,74320,0.01
6,75970,12271,1.0,12516,1644,74326,0.01
6,75976,12272,1.0,12517,1644,74332,0.01
6,75982,12273,1.0,12518,1644,74338,0.01
6,75988,12274,1.0,12519,1644,74344,0.01
6,75994,12275,1.0,12520,1644,74350,0.01
6,76000,12276,1.0,12521,1645,74355,0.01
6,76006,12277,1.0,12522,1645,74361,0.01
6,76012,12278,1.0,12523,1645,74367,0.01
6,76018,12279,1.0,12524,1645,74373,0.01
6,76024,12280,1.0,12525,1645,74379,0.01
6,76030,12281,1.0,12526,1645,74385,0.01
6,76036,12282,1.0,12527,1645,74391,0.01
6,76042,12283,1.0,12528,1645,74397,0.01
6,76048,12284,1.0,12529,1645,74403,0.01
6,76054,12285,1.0,12530,1645,74409,0.01
8,76062,12286,1.0,12531,1646,74416,0.01
6,76068,12287,1.0,12532,1646,74422,0.01
6,76074,12288,1.0,12533,1646,74428,0.01
6,76080,12289,1.0,12534,1646,74434,0.01
6,76086,12290,1.0,12535,1646,74440,0.01
6,76092,12291,1.0,12536,1646,74446,0.01
6,76098,12292,1.0,12537,1646,74452,0.01
6,76104,12293,1.0,12538,1646,74458,0.01
6,76110,12294,1.0,12539,1646,74464,0.01
6,76116,12295,1.0,12540,1646,74470,0.01
6,76122,12296,1.0,12541,1646,74476,0.01
6,76128,12297,1.0,12542,1646,74482,0.01
6,76134,12298,1.0,12543,1646,74488,0.01
6,76140,12299,1.0,12544,1646,74494,0.01
6,76146,12300,1.0,12545,1646,74500,0.01
6,76152,12301,1.0,12546,1646,74506,0.01
6,76158,12302,1.0,12547,1646,74512,0.01
6,76164,12303,1.0,12548,1646,74518,0.01
6,76170,12304,1.0,12549,1646,74524,0.01
6,76176,12305,1.0,12550,1646,74530,0.01
6,76182,12306,1.0,12551,1646,74536,0.01
6,76188,12307,1.0,12552,1646,74542,0.01
6,76194,12308,1.0,12553,1646,74548,0.01
6,76200,12309,1.0,12554,1646,74554,0.01
2,76202,12309,0.0,12555,1647,74555,0.01
4,76206,12309,0.0,12556,1648,74558,0.01
6,76212,12310,1.0,12557,1648,74564,0.01
6,76218,12311,1.0,12558,1648,74570,0.01
6,76224,12312,1.0,12559,1648,74576,0.01
6,76230,12313,1.0,12560,1648,74582,0.01
6,76236,12314,1.0,12561,1648,74588,0.01
6,76242,12315,1.0,12562,1648,74594,0.01
6,76248,12316,1.0,12563,1648,74600,0.01
6,76254,12317,1.0,12564,1648,74606,0.01
6,76260,12318,1.0,12565,1648,74612,0.01
6,76266,12319,1.0,12566,1648,74618,0.01
6,76272,12320,1.0,12567,1648,74624,0.01
6,76278,12321,1.0,12568,1648,74630,0.01
6,76284,12322,1.0,12569,1648,74636,0.01
6,76290,12323,1.0,12570,1648,74642,0.01
6,76296,12324,1.0,12571,1648,74648,0.01
6,76302,12325,1.0,12572,1648,74654,0.01
5,76307,12325,0.0,12573,1649,74658,0.01
6,76313,12326,1.0,12574,1649,74664,0.01
6,76319,12327,1.0,12575,1649,74670,0.01
6,76325,12328,1.0,12576,1649,74676,0.01
6,76331,12329,1.0,12577,1649,74682,0.01
6,76337,12330,1.0,12578,1649,74688,0.01
6,76343,12331,1.0,12579,1649,74694,0.01
7,76350,12332,1.0,12580,1650,74700,0.01
6,76356,12333,1.0,12581,1650,74706,0.01
6,76362,12334,1.0,12582,1650,74712,0.01
6,76368,12335,1.0,12583,1650,74718,0.01
6,76374,12336,1.0,12584,1650,74724,0.01
6,76380,12337,1.0,12585,1650,74730,0.01
6,76386,12338,1.0,12586,1650,74736,0.01
6,76392,12339,1.0,12587,1650,74742,0.01
6,76398,12340,1.0,12588,1650,74748,0.01
6,76404,12341,1.0,12589,1650,74754,0.01
6,76410,12342,1.0,12590,1650,74760,0.01
6,76416,12343,1.0,12591,1650,74766,0.01
6,76422,12344,1.0,12592,1650,74772,0.01
6,76428,12345,1.0,12593,1650,74778,0.01
6,76434,12346,1.0,12594,1650,74784,0.01
6,76440,12347,1.0,12595,1650,74790,0.01
6,76446,12348,1.0,12596,1650,74796,0.01
6,76452,12349,1.0,12597,1650,74802,0.01
6,76458,12350,1.0,12598,1650,74808,0.01
6,76464,12351,1.0,12599,1650,74814,0.01
6,76470,12352,1.0,12600,1650,74820,0.01
6,76476,12353,1.0,12601,1650,74826,0.01
6,76482,12354,1.0,12602,1650,74832,0.01
6,76488,12355,1.0,12603,1650,74838,0.01
6,76494,12356,1.0,12604,1650,74844,0.01
6,76500,12357,1.0,12605,1650,74850,0.01
6,76506,12358,1.0,12606,1650,74856,0.01
6,76512,12359,1.0,12607,1650,74862,0.01
6,76518,12360,1.0,12608,1650,74868,0.01
6,76524,12361,1.0,12609,1650,74874,0.01
6,76530,12362,1.0,12610,1650,74880,0.01
6,76536,12363,1.0,12611,1650,74886,0.01
6,76542,12364,1.0,12612,1650,74892,0.01
6,76548,12365,1.0,12613,1650,74898,0.01
6,76554,12366,1.0,12614,1650,74904,0.01
6,76560,12367,1.0,12615,1650,74910,0.01
6,76566,12368,1.0,12616,1650,74916,0.01
6,76572,12369,1.0,12617,1650,74922,0.01
6,76578,12370,1.0,12618,1650,74928,0.01
6,76584,12371,1.0,12619,1650,74934,0.01
6,76590,12372,1.0,12620,1650,74940,0.01
6,76596,12373,1.0,12621,1650,74946,0.01
6,76602,12374,1.0,12622,1650,74952,0.01
6,76608,12375,1.0,12623,1650,74958,0.01
6,76614,12376,1.0,12624,1650,74964,0.01
6,76620,12377,1.0,12625,1650,74970,0.01
6,76626,12378,1.0,12626,1650,74976,0.01
6,76632,12379,1.0,12627,1650,74982,0.01
6,76638,12380,1.0,12628,1650,74988,0.01
6,76644,12381,1.0,12629,1650,74994,0.01
6,76650,12382,1.0,12630,1650,75000,0.01
6,76656,12383,1.0,12631,1650,75006,0.01
6,76662,12384,1.0,12632,1650,75012,0.01
6,76668,12385,1.0,12633,1650,75018,0.01
5,76673,12385,0.0,12634,1651,75022,0.01
6,76679,12386,1.0,12635,1651,75028,0.01
6,76685,12387,1.0,12636,1651,75034,0.01
6,76691,12388,1.0,12637,1651,75040,0.01
6,76697,12389,1.0,12638,1651,75046,0.01
6,76703,12390,1.0,12639,1651,75052,0.01
6,76709,12391,1.0,12640,1651,75058,0.01
6,76715,12392,1.0,12641,1651,75064,0.01
6,76721,12393,1.0,12642,1651,75070,0.01
6,76727,12394,1.0,12643,1651,75076,0.01
6,76733,12395,1.0,12644,1651,75082,0.01
6,76739,12396,1.0,12645,1651,75088,0.01
6,76745,12397,1.0,12646,1651,75094,0.01
6,76751,12398,1.0,12647,1651,75100,0.01
6,76757,12399,1.0,12648,1651,75106,0.01
6,76763,12400,1.0,12649,1651,75112,0.01
6,76769,12401,1.0,12650,1651,75118,0.01
6,76775,12402,1.0,12651,1651,75124,0.01
6,76781,12403,1.0,12652,1651,75130,0.01
6,76787,12404,1.0,12653,1651,75136,0.01
6,76793,12405,1.0,12654,1651,75142,0.01
6,76799,12406,1.0,12655,1651,75148,0.01
6,76805,12407,1.0,12656,1651,75154,0.01
6,76811,12408,1.0,12657,1651,75160,0.01
6,76817,12409,1.0,12658,1651,75166,0.01
6,76823,12410,1.0,12659,1651,75172,0.01
6,76829,12411,1.0,12660,1651,75178,0.01
6,76835,12412,1.0,12661,1651,75184,0.01
6,76841,12413,1.0,12662,1651,75190,0.01
6,76847,12414,1.0,12663,1651,75196,0.01
6,76853,12415,1.0,12664,1651,75202,0.01
6,76859,12416,1.0,12665,1651,75208,0.01
6,76865,12417,1.0,12666,1651,75214,0.01
8,76873,12418,1.0,12667,1652,75221,0.01
6,76879,12419,1.0,12668,1652,75227,0.01
6,76885,12420,1.0,12669,1652,75233,0.01
6,76891,12421,1.0,12670,1653,75238,0.01
6,76897,12422,1.0,12671,1653,75244,0.01
6,76903,12423,1.0,12672,1653,75250,0.01
6,76909,12424,1.0,12673,1653,75256,0.01
6,76915,12425,1.0,12674,1653,75262,0.01
6,76921,12426,1.0,12675,1653,75268,0.01
6,76927,12427,1.0,12676,1653,75274,0.01
6,76933,12428,1.0,12677,1653,75280,0.01
6,76939,12429,1.0,12678,1653,75286,0.01
6,76945,12430,1.0,12679,1653,75292,0.01
6,76951,12431,1.0,12680,1653,75298,0.01
6,76957,12432,1.0,12681,1653,75304,0.01
6,76963,12433,1.0,12682,1653,75310,0.01
6,76969,12434,1.0,12683,1653,75316,0.01
6,76975,12435,1.0,12684,1653,75322,0.01
6,76981,12436,1.0,12685,1653,75328,0.01
6,76987,12437,1.0,12686,1653,75334,0.01
6,76993,12438,1.0,12687,1653,75340,0.01
6,76999,12439,1.0,12688,1653,75346,0.01
6,77005,12440,1.0,12689,1653,75352,0.01
6,77011,12441,1.0,12690,1653,75358,0.01
6,77017,12442,1.0,12691,1653,75364,0.01
6,77023,12443,1.0,12692,1653,75370,0.01
6,77029,12444,1.0,12693,1653,75376,0.01
6,77035,12445,1.0,12694,1653,75382,0.01
6,77041,12446,1.0,12695,1653,75388,0.01
6,77047,12447,1.0,12696,1653,75394,0.01
2,77049,12447,0.0,12697,1654,75395,0.01
6,77055,12448,1.0,12698,1654,75401,0.01
6,77061,12449,1.0,12699,1654,75407,0.01
6,77067,12450,1.0,12700,1654,75413,0.01
6,77073,12451,1.0,12701,1654,75419,0.01
6,77079,12452,1.0,12702,1654,75425,0.01
6,77085,12453,1.0,12703,1654,75431,0.01
6,77091,12454,1.0,12704,1654,75437,0.01
6,77097,12455,1.0,12705,1654,75443,0.01
6,77103,12456,1.0,12706,1654,75449,0.01
6,77109,12457,1.0,12707,1654,75455,0.01
6,77115,12458,1.0,12708,1654,75461,0.01
6,77121,12459,1.0,12709,1654,75467,0.01
6,77127,12460,1.0,12710,1654,75473,0.01
6,77133,12461,1.0,12711,1654,75479,0.01
6,77139,12462,1.0,12712,1654,75485,0.01
6,77145,12463,1.0,12713,1654,75491,0.01
6,77151,12464,1.0,12714,1654,75497,0.01
7,77158,12465,1.0,12715,1655,75503,0.01
6,77164,12466,1.0,12716,1655,75509,0.01
6,77170,12467,1.0,12717,1655,75515,0.01
6,77176,12468,1.0,12718,1655,75521,0.01
6,77182,12469,1.0,12719,1655,75527,0.01
6,77188,12470,1.0,12720,1655,75533,0.01
6,77194,12471,1.0,12721,1655,75539,0.01
6,77200,12472,1.0,12722,1655,75545,0.01
8,77208,12473,1.0,12723,1656,75552,0.01
6,77214,12474,1.0,12724,1656,75558,0.01
6,77220,12475,1.0,12725,1656,75564,0.01
8,77228,12476,1.0,12726,1657,75571,0.01
6,77234,12477,1.0,12727,1657,75577,0.01
6,77240,12478,1.0,12728,1657,75583,0.01
6,77246,12479,1.0,12729,1657,75589,0.01
6,77252,12480,1.0,12730,1658,75594,0.01
6,77258,12481,1.0,12731,1658,75600,0.01
6,77264,12482,1.0,12732,1658,75606,0.01
6,77270,12483,1.0,12733,1658,75612,0.01
6,77276,12484,1.0,12734,1658,75618,0.01
6,77282,12485,1.0,12735,1658,75624,0.01
6,77288,12486,1.0,12736,1658,75630,0.01
6,77294,12487,1.0,12737,1658,75636,0.01
6,77300,12488,1.0,12738,1658,75642,0.01
6,77306,12489,1.0,12739,1658,75648,0.01
6,77312,12490,1.0,12740,1658,75654,0.01
6,77318,12491,1.0,12741,1658,75660,0.01
6,77324,12492,1.0,12742,1658,75666,0.01
6,77330,12493,1.0,12743,1658,75672,0.01
6,77336,12494,1.0,12744,1658,75678,0.01
6,77342,12495,1.0,12745,1658,75684,0.01
6,77348,12496,1.0,12746,1658,75690,0.01
6,77354,12497,1.0,12747,1658,75696,0.01
6,77360,12498,1.0,12748,1658,75702,0.01
6,77366,12499,1.0,12749,1658,75708,0.01
6,77372,12500,1.0,12750,1658,75714,0.01
6,77378,12501,1.0,12751,1658,75720,0.01
6,77384,12502,1.0,12752,1658,75726,0.01
6,77390,12503,1.0,12753,1658,75732,0.01
6,77396,12504,1.0,12754,1658,75738,0.01
6,77402,12505,1.0,12755,1658,75744,0.01
6,77408,12506,1.0,12756,1658,75750,0.01
6,77414,12507,1.0,12757,1658,75756,0.01
6,77420,12508,1.0,12758,1658,75762,0.01
8,77428,12509,1.0,12759,1659,75769,0.01
6,77434,12510,1.0,12760,1659,75775,0.01
6,77440,12511,1.0,12761,1659,75781,0.01
6,77446,12512,1.0,12762,1659,75787,0.01
6,77452,12513,1.0,12763,1659,75793,0.01
6,77458,12514,1.0,12764,1659,75799,0.01
6,77464,12515,1.0,12765,1659,75805,0.01
6,77470,12516,1.0,12766,1659,75811,0.01
6,77476,12517,1.0,12767,1660,75816,0.01
6,77482,12518,1.0,12768,1660,75822,0.01
6,77488,12519,1.0,12769,1660,75828,0.01
6,77494,12520,1.0,12770,1660,75834,0.01
6,77500,12521,1.0,12771,1660,75840,0.01
6,77506,12522,1.0,12772,1660,75846,0.01
6,77512,12523,1.0,12773,1661,75851,0.01
7,77519,12524,1.0,12774,1662,75857,0.01
6,77525,12525,1.0,12775,1662,75863,0.01
6,77531,12526,1.0,12776,1662,75869,0.01
6,77537,12527,1.0,12777,1662,75875,0.01
6,77543,12528,1.0,12778,1662,75881,0.01
6,77549,12529,1.0,12779,1662,75887,0.01
7,77556,12530,1.0,12780,1663,75893,0.01
6,77562,12531,1.0,12781,1663,75899,0.01
6,77568,12532,1.0,12782,1663,75905,0.01
6,77574,12533,1.0,12783,1663,75911,0.01
6,77580,12534,1.0,12784,1663,75917,0.01
6,77586,12535,1.0,12785,1663,75923,0.01
6,77592,12536,1.0,12786,1663,75929,0.01
6,77598,12537,1.0,12787,1663,75935,0.01
6,77604,12538,1.0,12788,1663,75941,0.01
6,77610,12539,1.0,12789,1663,75947,0.01
6,77616,12540,1.0,12790,1663,75953,0.01
6,77622,12541,1.0,12791,1663,75959,0.01
6,77628,12542,1.0,12792,1663,75965,0.01
6,77634,12543,1.0,12793,1663,75971,0.01
6,77640,12544,1.0,12794,1663,75977,0.01
6,77646,12545,1.0,12795,1663,75983,0.01
6,77652,12546,1.0,12796,1663,75989,0.01
6,77658,12547,1.0,12797,1663,75995,0.01
6,77664,12548,1.0,12798,1663,76001,0.01
6,77670,12549,1.0,12799,1663,76007,0.01
6,77676,12550,1.0,12800,1663,76013,0.01
6,77682,12551,1.0,12801,1663,76019,0.01
6,77688,12552,1.0,12802,1663,76025,0.01
6,77694,12553,1.0,12803,1663,76031,0.01
6,77700,12554,1.0,12804,1663,76037,0.01
6,77706,12555,1.0,12805,1663,76043,0.01
6,77712,12556,1.0,12806,1663,76049,0.01
6,77718,12557,1.0,12807,1663,76055,0.01
6,77724,12558,1.0,12808,1663,76061,0.01
6,77730,12559,1.0,12809,1663,76067,0.01
6,77736,12560,1.0,12810,1663,76073,0.01
6,77742,12561,1.0,12811,1663,76079,0.01
6,77748,12562,1.0,12812,1663,76085,0.01
6,77754,12563,1.0,12813,1663,76091,0.01
6,77760,12564,1.0,12814,1663,76097,0.01
7,77767,12565,1.0,12815,1664,76103,0.01
6,77773,12566,1.0,12816,1665,76108,0.01
4,77777,12566,0.0,12817,1666,76111,0.01
6,77783,12567,1.0,12818,1666,76117,0.01
6,77789,12568,1.0,12819,1666,76123,0.01
6,77795,12569,1.0,12820,1666,76129,0.01
6,77801,12570,1.0,12821,1666,76135,0.01
6,77807,12571,1.0,12822,1666,76141,0.01
6,77813,12572,1.0,12823,1666,76147,0.01
6,77819,12573,1.0,12824,1666,76153,0.01
6,77825,12574,1.0,12825,1666,76159,0.01
6,77831,12575,1.0,12826,1666,76165,0.01
6,77837,12576,1.0,12827,1666,76171,0.01
8,77845,12577,1.0,12828,1667,76178,0.01
6,77851,12578,1.0,12829,1667,76184,0.01
6,77857,12579,1.0,12830,1668,76189,0.01
6,77863,12580,1.0,12831,1668,76195,0.01
6,77869,12581,1.0,12832,1668,76201,0.01
6,77875,12582,1.0,12833,1668,76207,0.01
6,77881,12583,1.0,12834,1668,76213,0.01
6,77887,12584,1.0,12835,1668,76219,0.01
6,77893,12585,1.0,12836,1668,76225,0.01
6,77899,12586,1.0,12837,1668,76231,0.01
6,77905,12587,1.0,12838,1668,76237,0.01
6,77911,12588,1.0,12839,1669,76242,0.01
6,77917,12589,1.0,12840,1669,76248,0.01
6,77923,12590,1.0,12841,1669,76254,0.01
6,77929,12591,1.0,12842,1669,76260,0.01
6,77935,12592,1.0,12843,1669,76266,0.01
6,77941,12593,1.0,12844,1669,76272,0.01
6,77947,12594,1.0,12845,1669,76278,0.01
6,77953,12595,1.0,12846,1669,76284,0.01
6,77959,12596,1.0,12847,1669,76290,0.01
6,77965,12597,1.0,12848,1669,76296,0.01
6,77971,12598,1.0,12849,1669,76302,0.01
6,77977,12599,1.0,12850,1669,76308,0.01
6,77983,12600,1.0,12851,1669,76314,0.01
4,77987,12600,0.0,12852,1670,76317,0.01
6,77993,12601,1.0,12853,1671,76322,0.01
6,77999,12602,1.0,12854,1671,76328,0.01
6,78005,12603,1.0,12855,1671,76334,0.01
6,78011,12604,1.0,12856,1671,76340,0.01
6,78017,12605,1.0,12857,1671,76346,0.01
6,78023,12606,1.0,12858,1671,76352,0.01
6,78029,12607,1.0,12859,1671,76358,0.01
6,78035,12608,1.0,12860,1671,76364,0.01
6,78041,12609,1.0,12861,1671,76370,0.01
6,78047,12610,1.0,12862,1671,76376,0.01
6,78053,12611,1.0,12863,1671,76382,0.01
6,78059,12612,1.0,12864,1671,76388,0.01
6,78065,12613,1.0,12865,1671,76394,0.01
6,78071,12614,1.0,12866,1671,76400,0.01
6,78077,12615,1.0,12867,1671,76406,0.01
6,78083,12616,1.0,12868,1671,76412,0.01
6,78089,12617,1.0,12869,1671,76418,0.01
6,78095,12618,1.0,12870,1671,76424,0.01
6,78101,12619,1.0,12871,1671,76430,0.01
6,78107,12620,1.0,12872,1671,76436,0.01
6,78113,12621,1.0,12873,1671,76442,0.01
6,78119,12622,1.0,12874,1671,76448,0.01
6,78125,12623,1.0,12875,1671,76454,0.01
6,78131,12624,1.0,12876,1671,76460,0.01
6,78137,12625,1.0,12877,1671,76466,0.01
6,78143,12626,1.0,12878,1671,76472,0.01
6,78149,12627,1.0,12879,1671,76478,0.01
6,78155,12628,1.0,12880,1671,76484,0.01
6,78161,12629,1.0,12881,1671,76490,0.01
6,78167,12630,1.0,12882,1671,76496,0.01
6,78173,12631,1.0,12883,1671,76502,0.01
6,78179,12632,1.0,12884,1671,76508,0.01
6,78185,12633,1.0,12885,1671,76514,0.01
6,78191,12634,1.0,12886,1671,76520,0.01
6,78197,12635,1.0,12887,1671,76526,0.01
6,78203,12636,1.0,12888,1671,76532,0.01
6,78209,12637,1.0,12889,1671,76538,0.01
6,78215,12638,1.0,12890,1671,76544,0.01
6,78221,12639,1.0,12891,1671,76550,0.01
6,78227,12640,1.0,12892,1671,76556,0.01
6,78233,12641,1.0,12893,1671,76562,0.01
6,78239,12642,1.0,12894,1671,76568,0.01
6,78245,12643,1.0,12895,1671,76574,0.01
6,78251,12644,1.0,12896,1671,76580,0.01
6,78257,12645,1.0,12897,1671,76586,0.01
6,78263,12646,1.0,12898,1671,76592,0.01
6,78269,12647,1.0,12899,1671,76598,0.01
6,78275,12648,1.0,12900,1671,76604,0.01
6,78281,12649,1.0,12901,1671,76610,0.01
6,78287,12650,1.0,12902,1671,76616,0.01
6,78293,12651,1.0,12903,1671,76622,0.01
6,78299,12652,1.0,12904,1671,76628,0.01
6,78305,12653,1.0,12905,1671,76634,0.01
6,78311,12654,1.0,12906,1671,76640,0.01
6,78317,12655,1.0,12907,1671,76646,0.01
6,78323,12656,1.0,12908,1671,76652,0.01
7,78330,12657,1.0,12909,1672,76658,0.01
6,78336,12658,1.0,12910,1672,76664,0.01
6,78342,12659,1.0,12911,1672,76670,0.01
6,78348,12660,1.0,12912,1672,76676,0.01
6,78354,12661,1.0,12913,1672,76682,0.01
6,78360,12662,1.0,12914,1672,76688,0.01
6,78366,12663,1.0,12915,1672,76694,0.01
6,78372,12664,1.0,12916,1672,76700,0.01
6,78378,12665,1.0,12917,1672,76706,0.01
6,78384,12666,1.0,12918,1672,76712,0.01
6,78390,12667,1.0,12919,1672,76718,0.01
6,78396,12668,1.0,12920,1672,76724,0.01
6,78402,12669,1.0,12921,1672,76730,0.01
6,78408,12670,1.0,12922,1672,76736,0.01
6,78414,12671,1.0,12923,1672,76742,0.01
6,78420,12672,1.0,12924,1672,76748,0.01
6,78426,12673,1.0,12925,1672,76754,0.01
6,78432,12674,1.0,12926,1672,76760,0.01
6,78438,12675,1.0,12927,1672,76766,0.01
6,78444,12676,1.0,12928,1672,76772,0.01
6,78450,12677,1.0,12929,1672,76778,0.01
6,78456,12678,1.0,12930,1672,76784,0.01
6,78462,12679,1.0,12931,1672,76790,0.01
6,78468,12680,1.0,12932,1672,76796,0.01
6,78474,12681,1.0,12933,1672,76802,0.01
6,78480,12682,1.0,12934,1672,76808,0.01
6,78486,12683,1.0,12935,1672,76814,0.01
6,78492,12684,1.0,12936,1672,76820,0.01
6,78498,12685,1.0,12937,1672,76826,0.01
6,78504,12686,1.0,12938,1672,76832,0.01
6,78510,12687,1.0,12939,1672,76838,0.01
6,78516,12688,1.0,12940,1672,76844,0.01
6,78522,12689,1.0,12941,1672,76850,0.01
6,78528,12690,1.0,12942,1672,76856,0.01
6,78534,12691,1.0,12943,1672,76862,0.01
6,78540,12692,1.0,12944,1672,76868,0.01
6,78546,12693,1.0,12945,1672,76874,0.01
6,78552,12694,1.0,12946,1672,76880,0.01
6,78558,12695,1.0,12947,1672,76886,0.01
6,78564,12696,1.0,12948,1672,76892,0.01
6,78570,12697,1.0,12949,1672,76898,0.01
6,78576,12698,1.0,12950,1672,76904,0.01
6,78582,12699,1.0,12951,1672,76910,0.01
6,78588,12700,1.0,12952,1672,76916,0.01
6,78594,12701,1.0,12953,1672,76922,0.01
7,78601,12702,1.0,12954,1673,76928,0.01
6,78607,12703,1.0,12955,1673,76934,0.01
5,78612,12703,0.0,12956,1674,76938,0.01
6,78618,12704,1.0,12957,1674,76944,0.01
6,78624,12705,1.0,12958,1674,76950,0.01
6,78630,12706,1.0,12959,1674,76956,0.01
6,78636,12707,1.0,12960,1674,76962,0.01
6,78642,12708,1.0,12961,1674,76968,0.01
6,78648,12709,1.0,12962,1674,76974,0.01
6,78654,12710,1.0,12963,1674,76980,0.01
6,78660,12711,1.0,12964,1674,76986,0.01
6,78666,12712,1.0,12965,1674,76992,0.01
6,78672,12713,1.0,12966,1674,76998,0.01
6,78678,12714,1.0,12967,1674,77004,0.01
6,78684,12715,1.0,12968,1674,77010,0.01
6,78690,12716,1.0,12969,1674,77016,0.01
6,78696,12717,1.0,12970,1674,77022,0.01
6,78702,12718,1.0,12971,1674,77028,0.01
6,78708,12719,1.0,12972,1674,77034,0.01
6,78714,12720,1.0,12973,1674,77040,0.01
6,78720,12721,1.0,12974,1674,77046,0.01
6,78726,12722,1.0,12975,1674,77052,0.01
6,78732,12723,1.0,12976,1674,77058,0.01
6,78738,12724,1.0,12977,1674,77064,0.01
6,78744,12725,1.0,12978,1674,77070,0.01
6,78750,12726,1.0,12979,1674,77076,0.01
6,78756,12727,1.0,12980,1674,77082,0.01
6,78762,12728,1.0,12981,1674,77088,0.01
6,78768,12729,1.0,12982,1674,77094,0.01
6,78774,12730,1.0,12983,1674,77100,0.01
6,78780,12731,1.0,12984,1674,77106,0.01
6,78786,12732,1.0,12985,1674,77112,0.01
6,78792,12733,1.0,12986,1674,77118,0.01
6,78798,12734,1.0,12987,1674,77124,0.01
7,78805,12735,1.0,12988,1675,77130,0.01
6,78811,12736,1.0,12989,1675,77136,0.01
6,78817,12737,1.0,12990,1675,77142,0.01
6,78823,12738,1.0,12991,1675,77148,0.01
6,78829,12739,1.0,12992,1675,77154,0.01
6,78835,12740,1.0,12993,1675,77160,0.01
6,78841,12741,1.0,12994,1675,77166,0.01
6,78847,12742,1.0,12995,1675,77172,0.01
6,78853,12743,1.0,12996,1675,77178,0.01
6,78859,12744,1.0,12997,1675,77184,0.01
6,78865,12745,1.0,12998,1675,77190,0.01
6,78871,12746,1.0,12999,1675,77196,0.01
6,78877,12747,1.0,13000,1675,77202,0.01
6,78883,12748,1.0,13001,1675,77208,0.01
6,78889,12749,1.0,13002,1675,77214,0.01
6,78895,12750,1.0,13003,1675,77220,0.01
6,78901,12751,1.0,13004,1675,77226,0.01
6,78907,12752,1.0,13005,1675,77232,0.01
6,78913,12753,1.0,13006,1675,77238,0.01
6,78919,12754,1.0,13007,1675,77244,0.01
6,78925,12755,1.0,13008,1675,77250,0.01
6,78931,12756,1.0,13009,1675,77256,0.01
6,78937,12757,1.0,13010,1675,77262,0.01
6,78943,12758,1.0,13011,1675,77268,0.01
6,78949,12759,1.0,13012,1675,77274,0.01
6,78955,12760,1.0,13013,1675,77280,0.01
6,78961,12761,1.0,13014,1675,77286,0.01
6,78967,12762,1.0,13015,1675,77292,0.01
6,78973,12763,1.0,13016,1675,77298,0.01
6,78979,12764,1.0,13017,1675,77304,0.01
8,78987,12765,1.0,13018,1676,77311,0.01
6,78993,12766,1.0,13019,1676,77317,0.01
6,78999,12767,1.0,13020,1676,77323,0.01
6,79005,12768,1.0,13021,1676,77329,0.01
6,79011,12769,1.0,13022,1676,77335,0.01
6,79017,12770,1.0,13023,1676,77341,0.01
6,79023,12771,1.0,13024,1676,77347,0.01
6,79029,12772,1.0,13025,1676,77353,0.01
6,79035,12773,1.0,13026,1676,77359,0.01
6,79041,12774,1.0,13027,1676,77365,0.01
6,79047,12775,1.0,13028,1676,77371,0.01
6,79053,12776,1.0,13029,1676,77377,0.01
6,79059,12777,1.0,13030,1676,77383,0.01
7,79066,12778,1.0,13031,1677,77389,0.01
6,79072,12779,1.0,13032,1677,77395,0.01
7,79079,12780,1.0,13033,1678,77401,0.01
6,79085,12781,1.0,13034,1678,77407,0.01
6,79091,12782,1.0,13035,1678,77413,0.01
8,79099,12783,1.0,13036,1679,77420,0.01
6,79105,12784,1.0,13037,1679,77426,0.01
6,79111,12785,1.0,13038,1679,77432,0.01
6,79117,12786,1.0,13039,1679,77438,0.01
6,79123,12787,1.0,13040,1679,77444,0.01
6,79129,12788,1.0,13041,1679,77450,0.01
6,79135,12789,1.0,13042,1679,77456,0.01
6,79141,12790,1.0,13043,1679,77462,0.01
6,79147,12791,1.0,13044,1679,77468,0.01
6,79153,12792,1.0,13045,1679,77474,0.01
6,79159,12793,1.0,13046,1679,77480,0.01
6,79165,12794,1.0,13047,1679,77486,0.01
6,79171,12795,1.0,13048,1679,77492,0.01
6,79177,12796,1.0,13049,1679,77498,0.01
6,79183,12797,1.0,13050,1679,77504,0.01
6,79189,12798,1.0,13051,1679,77510,0.01
6,79195,12799,1.0,13052,1679,77516,0.01
6,79201,12800,1.0,13053,1680,77521,0.01
6,79207,12801,1.0,13054,1680,77527,0.01
6,79213,12802,1.0,13055,1680,77533,0.01
6,79219,12803,1.0,13056,1680,77539,0.01
5,79224,12803,0.0,13057,1681,77543,0.01
6,79230,12804,1.0,13058,1681,77549,0.01
6,79236,12805,1.0,13059,1681,77555,0.01
6,79242,12806,1.0,13060,1681,77561,0.01
6,79248,12807,1.0,13061,1681,77567,0.01
6,79254,12808,1.0,13062,1681,77573,0.01
6,79260,12809,1.0,13063,1681,77579,0.01
6,79266,12810,1.0,13064,1681,77585,0.01
6,79272,12811,1.0,13065,1681,77591,0.01
6,79278,12812,1.0,13066,1681,77597,0.01
6,79284,12813,1.0,13067,1681,77603,0.01
6,79290,12814,1.0,13068,1681,77609,0.01
6,79296,12815,1.0,13069,1681,77615,0.01
6,79302,12816,1.0,13070,1681,77621,0.01
6,79308,12817,1.0,13071,1681,77627,0.01
6,79314,12818,1.0,13072,1681,77633,0.01
6,79320,12819,1.0,13073,1681,77639,0.01
6,79326,12820,1.0,13074,1681,77645,0.01
6,79332,12821,1.0,13075,1681,77651,0.01
6,79338,12822,1.0,13076,1681,77657,0.01
8,79346,12823,1.0,13077,1682,77664,0.01
6,79352,12824,1.0,13078,1682,77670,0.01
6,79358,12825,1.0,13079,1682,77676,0.01
6,79364,12826,1.0,13080,1682,77682,0.01
6,79370,12827,1.0,13081,1682,77688,0.01
6,79376,12828,1.0,13082,1682,77694,0.01
6,79382,12829,1.0,13083,1682,77700,0.01
6,79388,12830,1.0,13084,1682,77706,0.01
8,79396,12831,1.0,13085,1683,77713,0.01
6,79402,12832,1.0,13086,1683,77719,0.01
6,79408,12833,1.0,13087,1683,77725,0.01
6,79414,12834,1.0,13088,1683,77731,0.01
6,79420,12835,1.0,13089,1683,77737,0.01
6,79426,12836,1.0,13090,1683,77743,0.01
6,79432,12837,1.0,13091,1683,77749,0.01
6,79438,12838,1.0,13092,1683,77755,0.01
6,79444,12839,1.0,13093,1683,77761,0.01
6,79450,12840,1.0,13094,1683,77767,0.01
6,79456,12841,1.0,13095,1683,77773,0.01
6,79462,12842,1.0,13096,1683,77779,0.01
6,79468,12843,1.0,13097,1683,77785,0.01
6,79474,12844,1.0,13098,1683,77791,0.01
6,79480,12845,1.0,13099,1683,77797,0.01
6,79486,12846,1.0,13100,1683,77803,0.01
6,79492,12847,1.0,13101,1683,77809,0.01
6,79498,12848,1.0,13102,1683,77815,0.01
6,79504,12849,1.0,13103,1683,77821,0.01
6,79510,12850,1.0,13104,1683,77827,0.01
6,79516,12851,1.0,13105,1683,77833,0.01
6,79522,12852,1.0,13106,1683,77839,0.01
6,79528,12853,1.0,13107,1683,77845,0.01
6,79534,12854,1.0,13108,1683,77851,0.01
6,79540,12855,1.0,13109,1683,77857,0.01
6,79546,12856,1.0,13110,1683,77863,0.01
6,79552,12857,1.0,13111,1683,77869,0.01
6,79558,12858,1.0,13112,1683,77875,0.01
6,79564,12859,1.0,13113,1683,77881,0.01
6,79570,12860,1.0,13114,1683,77887,0.01
6,79576,12861,1.0,13115,1683,77893,0.01
6,79582,12862,1.0,13116,1683,77899,0.01
6,79588,12863,1.0,13117,1683,77905,0.01
6,79594,12864,1.0,13118,1683,77911,0.01
6,79600,12865,1.0,13119,1683,77917,0.01
8,79608,12866,1.0,13120,1684,77924,0.01
6,79614,12867,1.0,13121,1684,77930,0.01
6,79620,12868,1.0,13122,1684,77936,0.01
6,79626,12869,1.0,13123,1684,77942,0.01
6,79632,12870,1.0,13124,1684,77948,0.01
6,79638,12871,1.0,13125,1684,77954,0.01
6,79644,12872,1.0,13126,1684,77960,0.01
6,79650,12873,1.0,13127,1684,77966,0.01
6,79656,12874,1.0,13128,1684,77972,0.01
6,79662,12875,1.0,13129,1684,77978,0.01
6,79668,12876,1.0,13130,1684,77984,0.01
6,79674,12877,1.0,13131,1684,77990,0.01
6,79680,12878,1.0,13132,1684,77996,0.01
6,79686,12879,1.0,13133,1684,78002,0.01
6,79692,12880,1.0,13134,1684,78008,0.01
6,79698,12881,1.0,13135,1684,78014,0.01
6,79704,12882,1.0,13136,1684,78020,0.01
6,79710,12883,1.0,13137,1684,78026,0.01
6,79716,12884,1.0,13138,1684,78032,0.01
6,79722,12885,1.0,13139,1684,78038,0.01
6,79728,12886,1.0,13140,1684,78044,0.01
6,79734,12887,1.0,13141,1684,78050,0.01
6,79740,12888,1.0,13142,1684,78056,0.01
7,79747,12889,1.0,13143,1685,78062,0.01
6,79753,12890,1.0,13144,1685,78068,0.01
6,79759,12891,1.0,13145,1685,78074,0.01
6,79765,12892,1.0,13146,1685,78080,0.01
6,79771,12893,1.0,13147,1685,78086,0.01
6,79777,12894,1.0,13148,1685,78092,0.01
6,79783,12895,1.0,13149,1685,78098,0.01
6,79789,12896,1.0,13150,1685,78104,0.01
6,79795,12897,1.0,13151,1685,78110,0.01
5,79800,12897,0.0,13152,1686,78114,0.01
6,79806,12898,1.0,13153,1686,78120,0.01
6,79812,12899,1.0,13154,1686,78126,0.01
6,79818,12900,1.0,13155,1686,78132,0.01
6,79824,12901,1.0,13156,1686,78138,0.01
6,79830,12902,1.0,13157,1687,78143,0.01
6,79836,12903,1.0,13158,1687,78149,0.01
6,79842,12904,1.0,13159,1687,78155,0.01
6,79848,12905,1.0,13160,1687,78161,0.01
6,79854,12906,1.0,13161,1687,78167,0.01
6,79860,12907,1.0,13162,1687,78173,0.01
6,79866,12908,1.0,13163,1687,78179,0.01
6,79872,12909,1.0,13164,1687,78185,0.01
6,79878,12910,1.0,13165,1687,78191,0.01
6,79884,12911,1.0,13166,1687,78197,0.01
6,79890,12912,1.0,13167,1687,78203,0.01
6,79896,12913,1.0,13168,1687,78209,0.01
6,79902,12914,1.0,13169,1687,78215,0.01
6,79908,12915,1.0,13170,1687,78221,0.01
6,79914,12916,1.0,13171,1687,78227,0.01
8,79922,12917,1.0,13172,1688,78234,0.01
6,79928,12918,1.0,13173,1688,78240,0.01
6,79934,12919,1.0,13174,1688,78246,0.01
6,79940,12920,1.0,13175,1689,78251,0.01
6,79946,12921,1.0,13176,1689,78257,0.01
6,79952,12922,1.0,13177,1689,78263,0.01
6,79958,12923,1.0,13178,1689,78269,0.01
6,79964,12924,1.0,13179,1689,78275,0.01
6,79970,12925,1.0,13180,1689,78281,0.01
6,79976,12926,1.0,13181,1689,78287,0.01
6,79982,12927,1.0,13182,1689,78293,0.01
6,79988,12928,1.0,13183,1689,78299,0.01
6,79994,12929,1.0,13184,1689,78305,0.01
6,80000,12930,1.0,13185,1689,78311,0.01
6,80006,12931,1.0,13186,1689,78317,0.01
6,80012,12932,1.0,13187,1689,78323,0.01
6,80018,12933,1.0,13188,1689,78329,0.01
6,80024,12934,1.0,13189,1689,78335,0.01
6,80030,12935,1.0,13190,1689,78341,0.01
6,80036,12936,1.0,13191,1689,78347,0.01
6,80042,12937,1.0,13192,1689,78353,0.01
8,80050,12938,1.0,13193,1690,78360,0.01
6,80056,12939,1.0,13194,1690,78366,0.01
6,80062,12940,1.0,13195,1690,78372,0.01
6,80068,12941,1.0,13196,1690,78378,0.01
8,80076,12942,1.0,13197,1691,78385,0.01
6,80082,12943,1.0,13198,1691,78391,0.01
6,80088,12944,1.0,13199,1691,78397,0.01
6,80094,12945,1.0,13200,1691,78403,0.01
6,80100,12946,1.0,13201,1691,78409,0.01
6,80106,12947,1.0,13202,1691,78415,0.01
6,80112,12948,1.0,13203,1691,78421,0.01
6,80118,12949,1.0,13204,1691,78427,0.01
6,80124,12950,1.0,13205,1691,78433,0.01
6,80130,12951,1.0,13206,1691,78439,0.01
6,80136,12952,1.0,13207,1691,78445,0.01
6,80142,12953,1.0,13208,1691,78451,0.01
6,80148,12954,1.0,13209,1691,78457,0.01
6,80154,12955,1.0,13210,1691,78463,0.01
6,80160,12956,1.0,13211,1691,78469,0.01
6,80166,12957,1.0,13212,1691,78475,0.01
6,80172,12958,1.0,13213,1691,78481,0.01
6,80178,12959,1.0,13214,1691,78487,0.01
6,80184,12960,1.0,13215,1691,78493,0.01
6,80190,12961,1.0,13216,1691,78499,0.01
6,80196,12962,1.0,13217,1691,78505,0.01
6,80202,12963,1.0,13218,1691,78511,0.01
6,80208,12964,1.0,13219,1691,78517,0.01
6,80214,12965,1.0,13220,1691,78523,0.01
7,80221,12966,1.0,13221,1692,78529,0.01
6,80227,12967,1.0,13222,1692,78535,0.01
6,80233,12968,1.0,13223,1692,78541,0.01
6,80239,12969,1.0,13224,1692,78547,0.01
6,80245,12970,1.0,13225,1692,78553,0.01
6,80251,12971,1.0,13226,1692,78559,0.01
6,80257,12972,1.0,13227,1692,78565,0.01
6,80263,12973,1.0,13228,1692,78571,0.01
6,80269,12974,1.0,13229,1692,78577,0.01
7,80276,12975,1.0,13230,1693,78583,0.01
6,80282,12976,1.0,13231,1693,78589,0.01
6,80288,12977,1.0,13232,1693,78595,0.01
6,80294,12978,1.0,13233,1693,78601,0.01
6,80300,12979,1.0,13234,1693,78607,0.01
6,80306,12980,1.0,13235,1693,78613,0.01
6,80312,12981,1.0,13236,1693,78619,0.01
6,80318,12982,1.0,13237,1693,78625,0.01
6,80324,12983,1.0,13238,1693,78631,0.01
6,80330,12984,1.0,13239,1693,78637,0.01
6,80336,12985,1.0,13240,1693,78643,0.01
6,80342,12986,1.0,13241,1693,78649,0.01
6,80348,12987,1.0,13242,1693,78655,0.01
6,80354,12988,1.0,13243,1693,78661,0.01
6,80360,12989,1.0,13244,1693,78667,0.01
6,80366,12990,1.0,13245,1693,78673,0.01
6,80372,12991,1.0,13246,1693,78679,0.01
6,80378,12992,1.0,13247,1693,78685,0.01
6,80384,12993,1.0,13248,1693,78691,0.01
6,80390,12994,1.0,13249,1693,78697,0.01
6,80396,12995,1.0,13250,1693,78703,0.01
6,80402,12996,1.0,13251,1693,78709,0.01
6,80408,12997,1.0,13252,1693,78715,0.01
6,80414,12998,1.0,13253,1693,78721,0.01
6,80420,12999,1.0,13254,1693,78727,0.01
6,80426,13000,1.0,13255,1694,78732,0.01
6,80432,13001,1.0,13256,1694,78738,0.01
6,80438,13002,1.0,13257,1694,78744,0.01
6,80444,13003,1.0,13258,1694,78750,0.01
6,80450,13004,1.0,13259,1694,78756,0.01
6,80456,13005,1.0,13260,1694,78762,0.01
6,80462,13006,1.0,13261,1694,78768,0.01
6,80468,13007,1.0,13262,1694,78774,0.01
6,80474,13008,1.0,13263,1694,78780,0.01
6,80480,13009,1.0,13264,1694,78786,0.01
6,80486,13010,1.0,13265,1694,78792,0.01
6,80492,13011,1.0,13266,1694,78798,0.01
6,80498,13012,1.0,13267,1694,78804,0.01
6,80504,13013,1.0,13268,1694,78810,0.01
6,80510,13014,1.0,13269,1694,78816,0.01
6,80516,13015,1.0,13270,1694,78822,0.01
6,80522,13016,1.0,13271,1694,78828,0.01
6,80528,13017,1.0,13272,1694,78834,0.01
6,80534,13018,1.0,13273,1694,78840,0.01
6,80540,13019,1.0,13274,1694,78846,0.01
6,80546,13020,1.0,13275,1694,78852,0.01
6,80552,13021,1.0,13276,1694,78858,0.01
6,80558,13022,1.0,13277,1694,78864,0.01
6,80564,13023,1.0,13278,1694,78870,0.01
6,80570,13024,1.0,13279,1694,78876,0.01
6,80576,13025,1.0,13280,1694,78882,0.01
6,80582,13026,1.0,13281,1694,78888,0.01
6,80588,13027,1.0,13282,1694,78894,0.01
6,80594,13028,1.0,13283,1694,78900,0.01
6,80600,13029,1.0,13284,1694,78906,0.01
6,80606,13030,1.0,13285,1694,78912,0.01
6,80612,13031,1.0,13286,1694,78918,0.01
6,80618,13032,1.0,13287,1694,78924,0.01
6,80624,13033,1.0,13288,1694,78930,0.01
6,80630,13034,1.0,13289,1694,78936,0.01
6,80636,13035,1.0,13290,1694,78942,0.01
6,80642,13036,1.0,13291,1694,78948,0.01
6,80648,13037,1.0,13292,1694,78954,0.01
6,80654,13038,1.0,13293,1694,78960,0.01
6,80660,13039,1.0,13294,1694,78966,0.01
6,80666,13040,1.0,13295,1694,78972,0.01
6,80672,13041,1.0,13296,1694,78978,0.01
6,80678,13042,1.0,13297,1694,78984,0.01
6,80684,13043,1.0,13298,1694,78990,0.01
6,80690,13044,1.0,13299,1694,78996,0.01
6,80696,13045,1.0,13300,1694,79002,0.01
6,80702,13046,1.0,13301,1694,79008,0.01
6,80708,13047,1.0,13302,1694,79014,0.01
6,80714,13048,1.0,13303,1694,79020,0.01
6,80720,13049,1.0,13304,1694,79026,0.01
6,80726,13050,1.0,13305,1694,79032,0.01
6,80732,13051,1.0,13306,1694,79038,0.01
6,80738,13052,1.0,13307,1694,79044,0.01
6,80744,13053,1.0,13308,1694,79050,0.01
6,80750,13054,1.0,13309,1694,79056,0.01
6,80756,13055,1.0,13310,1694,79062,0.01
6,80762,13056,1.0,13311,1694,79068,0.01
6,80768,13057,1.0,13312,1694,79074,0.01
6,80774,13058,1.0,13313,1694,79080,0.01
6,80780,13059,1.0,13314,1694,79086,0.01
6,80786,13060,1.0,13315,1694,79092,0.01
6,80792,13061,1.0,13316,1694,79098,0.01
6,80798,13062,1.0,13317,1694,79104,0.01
6,80804,13063,1.0,13318,1694,79110,0.01
6,80810,13064,1.0,13319,1694,79116,0.01
6,80816,13065,1.0,13320,1694,79122,0.01
7,80823,13066,1.0,13321,1695,79128,0.01
6,80829,13067,1.0,13322,1695,79134,0.01
6,80835,13068,1.0,13323,1696,79139,0.01
6,80841,13069,1.0,13324,1696,79145,0.01
6,80847,13070,1.0,13325,1696,79151,0.01
6,80853,13071,1.0,13326,1696,79157,0.01
6,80859,13072,1.0,13327,1696,79163,0.01
6,80865,13073,1.0,13328,1696,79169,0.01
6,80871,13074,1.0,13329,1696,79175,0.01
6,80877,13075,1.0,13330,1696,79181,0.01
6,80883,13076,1.0,13331,1696,79187,0.01
6,80889,13077,1.0,13332,1696,79193,0.01
6,80895,13078,1.0,13333,1696,79199,0.01
6,80901,13079,1.0,13334,1696,79205,0.01
6,80907,13080,1.0,13335,1696,79211,0.01
6,80913,13081,1.0,13336,1696,79217,0.01
6,80919,13082,1.0,13337,1696,79223,0.01
6,80925,13083,1.0,13338,1696,79229,0.01
6,80931,13084,1.0,13339,1696,79235,0.01
6,80937,13085,1.0,13340,1696,79241,0.01
6,80943,13086,1.0,13341,1696,79247,0.01
6,80949,13087,1.0,13342,1696,79253,0.01
6,80955,13088,1.0,13343,1696,79259,0.01
6,80961,13089,1.0,13344,1696,79265,0.01
6,80967,13090,1.0,13345,1696,79271,0.01
6,80973,13091,1.0,13346,1696,79277,0.01
6,80979,13092,1.0,13347,1696,79283,0.01
6,80985,13093,1.0,13348,1696,79289,0.01
6,80991,13094,1.0,13349,1696,79295,0.01
6,80997,13095,1.0,13350,1696,79301,0.01
8,81005,13096,1.0,13351,1697,79308,0.01
6,81011,13097,1.0,13352,1697,79314,0.01
6,81017,13098,1.0,13353,1697,79320,0.01
6,81023,13099,1.0,13354,1697,79326,0.01
6,81029,13100,1.0,13355,1697,79332,0.01
6,81035,13101,1.0,13356,1697,79338,0.01
6,81041,13102,1.0,13357,1697,79344,0.01
10,81051,13103,1.0,13358,1699,79352,0.01
6,81057,13104,1.0,13359,1699,79358,0.01
6,81063,13105,1.0,13360,1700,79363,0.01
6,81069,13106,1.0,13361,1700,79369,0.01
6,81075,13107,1.0,13362,1700,79375,0.01
7,81082,13108,1.0,13363,1701,79381,0.01
6,81088,13109,1.0,13364,1701,79387,0.01
6,81094,13110,1.0,13365,1701,79393,0.01
6,81100,13111,1.0,13366,1701,79399,0.01
6,81106,13112,1.0,13367,1701,79405,0.01
6,81112,13113,1.0,13368,1701,79411,0.01
6,81118,13114,1.0,13369,1701,79417,0.01
6,81124,13115,1.0,13370,1701,79423,0.01
6,81130,13116,1.0,13371,1701,79429,0.01
6,81136,13117,1.0,13372,1701,79435,0.01
6,81142,13118,1.0,13373,1701,79441,0.01
6,81148,13119,1.0,13374,1701,79447,0.01
6,81154,13120,1.0,13375,1701,79453,0.01
6,81160,13121,1.0,13376,1701,79459,0.01
6,81166,13122,1.0,13377,1701,79465,0.01
6,81172,13123,1.0,13378,1701,79471,0.01
6,81178,13124,1.0,13379,1701,79477,0.01
6,81184,13125,1.0,13380,1701,79483,0.01
6,81190,13126,1.0,13381,1701,79489,0.01
6,81196,13127,1.0,13382,1701,79495,0.01
6,81202,13128,1.0,13383,1701,79501,0.01
6,81208,13129,1.0,13384,1701,79507,0.01
6,81214,13130,1.0,13385,1701,79513,0.01
6,81220,13131,1.0,13386,1701,79519,0.01
6,81226,13132,1.0,13387,1701,79525,0.01
6,81232,13133,1.0,13388,1701,79531,0.01
6,81238,13134,1.0,13389,1701,79537,0.01
6,81244,13135,1.0,13390,1701,79543,0.01
4,81248,13135,0.0,13391,1702,79546,0.01
6,81254,13136,1.0,13392,1702,79552,0.01
7,81261,13137,1.0,13393,1703,79558,0.01
8,81269,13138,1.0,13394,1704,79565,0.01
8,81277,13139,1.0,13395,1705,79572,0.01
6,81283,13140,1.0,13396,1705,79578,0.01
6,81289,13141,1.0,13397,1705,79584,0.01
6,81295,13142,1.0,13398,1705,79590,0.01
6,81301,13143,1.0,13399,1705,79596,0.01
6,81307,13144,1.0,13400,1705,79602,0.01
6,81313,13145,1.0,13401,1705,79608,0.01
6,81319,13146,1.0,13402,1705,79614,0.01
4,81323,13146,0.0,13403,1706,79617,0.01
6,81329,13147,1.0,13404,1706,79623,0.01
6,81335,13148,1.0,13405,1706,79629,0.01
6,81341,13149,1.0,13406,1706,79635,0.01
6,81347,13150,1.0,13407,1706,79641,0.01
6,81353,13151,1.0,13408,1706,79647,0.01
6,81359,13152,1.0,13409,1706,79653,0.01
6,81365,13153,1.0,13410,1706,79659,0.01
6,81371,13154,1.0,13411,1706,79665,0.01
6,81377,13155,1.0,13412,1706,79671,0.01
6,81383,13156,1.0,13413,1706,79677,0.01
8,81391,13157,1.0,13414,1707,79684,0.01
8,81399,13158,1.0,13415,1708,79691,0.01
6,81405,13159,1.0,13416,1708,79697,0.01
6,81411,13160,1.0,13417,1708,79703,0.01
6,81417,13161,1.0,13418,1708,79709,0.01
6,81423,13162,1.0,13419,1708,79715,0.01
6,81429,13163,1.0,13420,1708,79721,0.01
6,81435,13164,1.0,13421,1708,79727,0.01
6,81441,13165,1.0,13422,1708,79733,0.01
6,81447,13166,1.0,13423,1708,79739,0.01
7,81454,13167,1.0,13424,1709,79745,0.01
7,81461,13168,1.0,13425,1710,79751,0.01
6,81467,13169,1.0,13426,1710,79757,0.01
6,81473,13170,1.0,13427,1710,79763,0.01
6,81479,13171,1.0,13428,1710,79769,0.01
6,81485,13172,1.0,13429,1710,79775,0.01
6,81491,13173,1.0,13430,1710,79781,0.01
6,81497,13174,1.0,13431,1710,79787,0.01
6,81503,13175,1.0,13432,1710,79793,0.01
6,81509,13176,1.0,13433,1710,79799,0.01
6,81515,13177,1.0,13434,1710,79805,0.01
6,81521,13178,1.0,13435,1710,79811,0.01
6,81527,13179,1.0,13436,1710,79817,0.01
6,81533,13180,1.0,13437,1710,79823,0.01
6,81539,13181,1.0,13438,1710,79829,0.01
6,81545,13182,1.0,13439,1710,79835,0.01
6,81551,13183,1.0,13440,1710,79841,0.01
6,81557,13184,1.0,13441,1710,79847,0.01
6,81563,13185,1.0,13442,1710,79853,0.01
6,81569,13186,1.0,13443,1710,79859,0.01
6,81575,13187,1.0,13444,1710,79865,0.01
6,81581,13188,1.0,13445,1710,79871,0.01
6,81587,13189,1.0,13446,1710,79877,0.01
6,81593,13190,1.0,13447,1710,79883,0.01
6,81599,13191,1.0,13448,1710,79889,0.01
6,81605,13192,1.0,13449,1710,79895,0.01
7,81612,13193,1.0,13450,1711,79901,0.01
6,81618,13194,1.0,13451,1711,79907,0.01
6,81624,13195,1.0,13452,1711,79913,0.01
6,81630,13196,1.0,13453,1711,79919,0.01
6,81636,13197,1.0,13454,1711,79925,0.01
6,81642,13198,1.0,13455,1711,79931,0.01
6,81648,13199,1.0,13456,1711,79937,0.01
6,81654,13200,1.0,13457,1711,79943,0.01
6,81660,13201,1.0,13458,1711,79949,0.01
6,81666,13202,1.0,13459,1711,79955,0.01
6,81672,13203,1.0,13460,1711,79961,0.01
6,81678,13204,1.0,13461,1711,79967,0.01
6,81684,13205,1.0,13462,1711,79973,0.01
6,81690,13206,1.0,13463,1711,79979,0.01
6,81696,13207,1.0,13464,1711,79985,0.01
6,81702,13208,1.0,13465,1711,79991,0.01
6,81708,13209,1.0,13466,1711,79997,0.01
6,81714,13210,1.0,13467,1711,80003,0.01
8,81722,13211,1.0,13468,1712,80010,0.01
6,81728,13212,1.0,13469,1712,80016,0.01
6,81734,13213,1.0,13470,1712,80022,0.01
6,81740,13214,1.0,13471,1712,80028,0.01
6,81746,13215,1.0,13472,1712,80034,0.01
6,81752,13216,1.0,13473,1712,80040,0.01
6,81758,13217,1.0,13474,1712,80046,0.01
6,81764,13218,1.0,13475,1712,80052,0.01
6,81770,13219,1.0,13476,1712,80058,0.01
6,81776,13220,1.0,13477,1712,80064,0.01
6,81782,13221,1.0,13478,1712,80070,0.01
6,81788,13222,1.0,13479,1712,80076,0.01
6,81794,13223,1.0,13480,1712,80082,0.01
6,81800,13224,1.0,13481,1712,80088,0.01
6,81806,13225,1.0,13482,1712,80094,0.01
6,81812,13226,1.0,13483,1712,80100,0.01
6,81818,13227,1.0,13484,1712,80106,0.01
6,81824,13228,1.0,13485,1712,80112,0.01
6,81830,13229,1.0,13486,1712,80118,0.01
6,81836,13230,1.0,13487,1712,80124,0.01
6,81842,13231,1.0,13488,1712,80130,0.01
6,81848,13232,1.0,13489,1712,80136,0.01
6,81854,13233,1.0,13490,1712,80142,0.01
8,81862,13234,1.0,13491,1713,80149,0.01
6,81868,13235,1.0,13492,1713,80155,0.01
6,81874,13236,1.0,13493,1713,80161,0.01
6,81880,13237,1.0,13494,1713,80167,0.01
6,81886,13238,1.0,13495,1713,80173,0.01
6,81892,13239,1.0,13496,1713,80179,0.01
6,81898,13240,1.0,13497,1713,80185,0.01
6,81904,13241,1.0,13498,1713,80191,0.01
6,81910,13242,1.0,13499,1713,80197,0.01
6,81916,13243,1.0,13500,1713,80203,0.01
6,81922,13244,1.0,13501,1714,80208,0.01
6,81928,13245,1.0,13502,1714,80214,0.01
6,81934,13246,1.0,13503,1714,80220,0.01
6,81940,13247,1.0,13504,1714,80226,0.01
6,81946,13248,1.0,13505,1714,80232,0.01
6,81952,13249,1.0,13506,1714,80238,0.01
6,81958,13250,1.0,13507,1714,80244,0.01
8,81966,13251,1.0,13508,1715,80251,0.01
6,81972,13252,1.0,13509,1715,80257,0.01
6,81978,13253,1.0,13510,1715,80263,0.01
6,81984,13254,1.0,13511,1715,80269,0.01
6,81990,13255,1.0,13512,1715,80275,0.01
6,81996,13256,1.0,13513,1715,80281,0.01
6,82002,13257,1.0,13514,1715,80287,0.01
6,82008,13258,1.0,13515,1715,80293,0.01
6,82014,13259,1.0,13516,1715,80299,0.01
6,82020,13260,1.0,13517,1715,80305,0.01
6,82026,13261,1.0,13518,1715,80311,0.01
6,82032,13262,1.0,13519,1715,80317,0.01
6,82038,13263,1.0,13520,1715,80323,0.01
6,82044,13264,1.0,13521,1715,80329,0.01
7,82051,13265,1.0,13522,1716,80335,0.01
6,82057,13266,1.0,13523,1716,80341,0.01
6,82063,13267,1.0,13524,1716,80347,0.01
6,82069,13268,1.0,13525,1716,80353,0.01
6,82075,13269,1.0,13526,1716,80359,0.01
6,82081,13270,1.0,13527,1716,80365,0.01
6,82087,13271,1.0,13528,1716,80371,0.01
6,82093,13272,1.0,13529,1716,80377,0.01
6,82099,13273,1.0,13530,1716,80383,0.01
6,82105,13274,1.0,13531,1716,80389,0.01
6,82111,13275,1.0,13532,1716,80395,0.01
6,82117,13276,1.0,13533,1716,80401,0.01
6,82123,13277,1.0,13534,1717,80406,0.01
6,82129,13278,1.0,13535,1717,80412,0.01
6,82135,13279,1.0,13536,1717,80418,0.01
6,82141,13280,1.0,13537,1717,80424,0.01
6,82147,13281,1.0,13538,1717,80430,0.01
6,82153,13282,1.0,13539,1717,80436,0.01
6,82159,13283,1.0,13540,1717,80442,0.01
6,82165,13284,1.0,13541,1717,80448,0.01
6,82171,13285,1.0,13542,1717,80454,0.01
6,82177,13286,1.0,13543,1717,80460,0.01
6,82183,13287,1.0,13544,1717,80466,0.01
6,82189,13288,1.0,13545,1717,80472,0.01
6,82195,13289,1.0,13546,1717,80478,0.01
6,82201,13290,1.0,13547,1717,80484,0.01
6,82207,13291,1.0,13548,1717,80490,0.01
6,82213,13292,1.0,13549,1717,80496,0.01
6,82219,13293,1.0,13550,1717,80502,0.01
6,82225,13294,1.0,13551,1717,80508,0.01
6,82231,13295,1.0,13552,1717,80514,0.01
6,82237,13296,1.0,13553,1717,80520,0.01
6,82243,13297,1.0,13554,1717,80526,0.01
6,82249,13298,1.0,13555,1717,80532,0.01
6,82255,13299,1.0,13556,1717,80538,0.01
6,82261,13300,1.0,13557,1717,80544,0.01
6,82267,13301,1.0,13558,1717,80550,0.01
6,82273,13302,1.0,13559,1717,80556,0.01
6,82279,13303,1.0,13560,1717,80562,0.01
6,82285,13304,1.0,13561,1717,80568,0.01
6,82291,13305,1.0,13562,1717,80574,0.01
6,82297,13306,1.0,13563,1717,80580,0.01
6,82303,13307,1.0,13564,1717,80586,0.01
6,82309,13308,1.0,13565,1717,80592,0.01
6,82315,13309,1.0,13566,1717,80598,0.01
6,82321,13310,1.0,13567,1717,80604,0.01
3,82324,13310,0.0,13568,1718,80606,0.01
6,82330,13311,1.0,13569,1718,80612,0.01
6,82336,13312,1.0,13570,1718,80618,0.01
6,82342,13313,1.0,13571,1718,80624,0.01
6,82348,13314,1.0,13572,1718,80630,0.01
6,82354,13315,1.0,13573,1718,80636,0.01
6,82360,13316,1.0,13574,1718,80642,0.01
6,82366,13317,1.0,13575,1718,80648,0.01
7,82373,13318,1.0,13576,1719,80654,0.01
6,82379,13319,1.0,13577,1719,80660,0.01
6,82385,13320,1.0,13578,1719,80666,0.01
6,82391,13321,1.0,13579,1720,80671,0.01
6,82397,13322,1.0,13580,1720,80677,0.01
6,82403,13323,1.0,13581,1720,80683,0.01
6,82409,13324,1.0,13582,1720,80689,0.01
6,82415,13325,1.0,13583,1720,80695,0.01
6,82421,13326,1.0,13584,1720,80701,0.01
6,82427,13327,1.0,13585,1720,80707,0.01
6,82433,13328,1.0,13586,1720,80713,0.01
6,82439,13329,1.0,13587,1720,80719,0.01
6,82445,13330,1.0,13588,1720,80725,0.01
6,82451,13331,1.0,13589,1720,80731,0.01
6,82457,13332,1.0,13590,1720,80737,0.01
6,82463,13333,1.0,13591,1720,80743,0.01
6,82469,13334,1.0,13592,1720,80749,0.01
6,82475,13335,1.0,13593,1720,80755,0.01
6,82481,13336,1.0,13594,1720,80761,0.01
6,82487,13337,1.0,13595,1720,80767,0.01
6,82493,13338,1.0,13596,1720,80773,0.01
6,82499,13339,1.0,13597,1720,80779,0.01
6,82505,13340,1.0,13598,1720,80785,0.01
6,82511,13341,1.0,13599,1720,80791,0.01
6,82517,13342,1.0,13600,1720,80797,0.01
6,82523,13343,1.0,13601,1720,80803,0.01
6,82529,13344,1.0,13602,1720,80809,0.01
6,82535,13345,1.0,13603,1720,80815,0.01
6,82541,13346,1.0,13604,1720,80821,0.01
6,82547,13347,1.0,13605,1720,80827,0.01
6,82553,13348,1.0,13606,1720,80833,0.01
6,82559,13349,1.0,13607,1720,80839,0.01
6,82565,13350,1.0,13608,1720,80845,0.01
6,82571,13351,1.0,13609,1720,80851,0.01
6,82577,13352,1.0,13610,1720,80857,0.01
6,82583,13353,1.0,13611,1720,80863,0.01
6,82589,13354,1.0,13612,1720,80869,0.01
6,82595,13355,1.0,13613,1720,80875,0.01
6,82601,13356,1.0,13614,1720,80881,0.01
6,82607,13357,1.0,13615,1720,80887,0.01
6,82613,13358,1.0,13616,1720,80893,0.01
6,82619,13359,1.0,13617,1720,80899,0.01
6,82625,13360,1.0,13618,1720,80905,0.01
6,82631,13361,1.0,13619,1720,80911,0.01
6,82637,13362,1.0,13620,1720,80917,0.01
6,82643,13363,1.0,13621,1720,80923,0.01
6,82649,13364,1.0,13622,1720,80929,0.01
6,82655,13365,1.0,13623,1720,80935,0.01
8,82663,13366,1.0,13624,1721,80942,0.01
6,82669,13367,1.0,13625,1721,80948,0.01
5,82674,13367,0.0,13626,1722,80952,0.01
6,82680,13368,1.0,13627,1722,80958,0.01
6,82686,13369,1.0,13628,1722,80964,0.01
6,82692,13370,1.0,13629,1722,80970,0.01
6,82698,13371,1.0,13630,1722,80976,0.01
6,82704,13372,1.0,13631,1722,80982,0.01
6,82710,13373,1.0,13632,1722,80988,0.01
6,82716,13374,1.0,13633,1722,80994,0.01
6,82722,13375,1.0,13634,1722,81000,0.01
6,82728,13376,1.0,13635,1722,81006,0.01
6,82734,13377,1.0,13636,1722,81012,0.01
6,82740,13378,1.0,13637,1722,81018,0.01
6,82746,13379,1.0,13638,1722,81024,0.01
6,82752,13380,1.0,13639,1722,81030,0.01
6,82758,13381,1.0,13640,1722,81036,0.01
6,82764,13382,1.0,13641,1722,81042,0.01
6,82770,13383,1.0,13642,1722,81048,0.01
6,82776,13384,1.0,13643,1722,81054,0.01
6,82782,13385,1.0,13644,1722,81060,0.01
6,82788,13386,1.0,13645,1722,81066,0.01
6,82794,13387,1.0,13646,1722,81072,0.01
6,82800,13388,1.0,13647,1722,81078,0.01
6,82806,13389,1.0,13648,1722,81084,0.01
6,82812,13390,1.0,13649,1722,81090,0.01
6,82818,13391,1.0,13650,1722,81096,0.01
6,82824,13392,1.0,13651,1722,81102,0.01
6,82830,13393,1.0,13652,1722,81108,0.01
7,82837,13394,1.0,13653,1723,81114,0.01
6,82843,13395,1.0,13654,1723,81120,0.01
6,82849,13396,1.0,13655,1724,81125,0.01
6,82855,13397,1.0,13656,1724,81131,0.01
6,82861,13398,1.0,13657,1724,81137,0.01
6,82867,13399,1.0,13658,1724,81143,0.01
6,82873,13400,1.0,13659,1724,81149,0.01
6,82879,13401,1.0,13660,1724,81155,0.01
5,82884,13401,0.0,13661,1725,81159,0.01
6,82890,13402,1.0,13662,1725,81165,0.01
6,82896,13403,1.0,13663,1725,81171,0.01
6,82902,13404,1.0,13664,1725,81177,0.01
6,82908,13405,1.0,13665,1725,81183,0.01
6,82914,13406,1.0,13666,1725,81189,0.01
6,82920,13407,1.0,13667,1725,81195,0.01
6,82926,13408,1.0,13668,1725,81201,0.01
6,82932,13409,1.0,13669,1725,81207,0.01
6,82938,13410,1.0,13670,1725,81213,0.01
6,82944,13411,1.0,13671,1725,81219,0.01
6,82950,13412,1.0,13672,1725,81225,0.01
6,82956,13413,1.0,13673,1725,81231,0.01
6,82962,13414,1.0,13674,1725,81237,0.01
6,82968,13415,1.0,13675,1725,81243,0.01
6,82974,13416,1.0,13676,1725,81249,0.01
6,82980,13417,1.0,13677,1725,81255,0.01
7,82987,13418,1.0,13678,1726,81261,0.01
7,82994,13419,1.0,13679,1727,81267,0.01
6,83000,13420,1.0,13680,1727,81273,0.01
6,83006,13421,1.0,13681,1727,81279,0.01
6,83012,13422,1.0,13682,1727,81285,0.01
6,83018,13423,1.0,13683,1727,81291,0.01
6,83024,13424,1.0,13684,1727,81297,0.01
6,83030,13425,1.0,13685,1727,81303,0.01
6,83036,13426,1.0,13686,1727,81309,0.01
6,83042,13427,1.0,13687,1727,81315,0.01
6,83048,13428,1.0,13688,1727,81321,0.01
6,83054,13429,1.0,13689,1727,81327,0.01
6,83060,13430,1.0,13690,1727,81333,0.01
6,83066,13431,1.0,13691,1727,81339,0.01
7,83073,13432,1.0,13692,1728,81345,0.01
6,83079,13433,1.0,13693,1728,81351,0.01
6,83085,13434,1.0,13694,1728,81357,0.01
6,83091,13435,1.0,13695,1728,81363,0.01
6,83097,13436,1.0,13696,1728,81369,0.01
6,83103,13437,1.0,13697,1728,81375,0.01
6,83109,13438,1.0,13698,1728,81381,0.01
6,83115,13439,1.0,13699,1728,81387,0.01
6,83121,13440,1.0,13700,1728,81393,0.01
6,83127,13441,1.0,13701,1728,81399,0.01
6,83133,13442,1.0,13702,1728,81405,0.01
6,83139,13443,1.0,13703,1728,81411,0.01
6,83145,13444,1.0,13704,1728,81417,0.01
6,83151,13445,1.0,13705,1728,81423,0.01
7,83158,13446,1.0,13706,1729,81429,0.01
6,83164,13447,1.0,13707,1729,81435,0.01
6,83170,13448,1.0,13708,1729,81441,0.01
6,83176,13449,1.0,13709,1729,81447,0.01
6,83182,13450,1.0,13710,1729,81453,0.01
6,83188,13451,1.0,13711,1729,81459,0.01
6,83194,13452,1.0,13712,1729,81465,0.01
6,83200,13453,1.0,13713,1729,81471,0.01
6,83206,13454,1.0,13714,1729,81477,0.01
6,83212,13455,1.0,13715,1729,81483,0.01
6,83218,13456,1.0,13716,1729,81489,0.01
6,83224,13457,1.0,13717,1729,81495,0.01
6,83230,13458,1.0,13718,1729,81501,0.01
6,83236,13459,1.0,13719,1729,81507,0.01
6,83242,13460,1.0,13720,1729,81513,0.01
6,83248,13461,1.0,13721,1729,81519,0.01
6,83254,13462,1.0,13722,1729,81525,0.01
6,83260,13463,1.0,13723,1729,81531,0.01
6,83266,13464,1.0,13724,1729,81537,0.01
6,83272,13465,1.0,13725,1729,81543,0.01
6,83278,13466,1.0,13726,1729,81549,0.01
6,83284,13467,1.0,13727,1729,81555,0.01
4,83288,13467,0.0,13728,1731,81557,0.01
6,83294,13468,1.0,13729,1731,81563,0.01
6,83300,13469,1.0,13730,1731,81569,0.01
6,83306,13470,1.0,13731,1731,81575,0.01
6,83312,13471,1.0,13732,1731,81581,0.01
6,83318,13472,1.0,13733,1731,81587,0.01
6,83324,13473,1.0,13734,1731,81593,0.01
6,83330,13474,1.0,13735,1731,81599,0.01
6,83336,13475,1.0,13736,1731,81605,0.01
6,83342,13476,1.0,13737,1731,81611,0.01
6,83348,13477,1.0,13738,1731,81617,0.01
6,83354,13478,1.0,13739,1731,81623,0.01
7,83361,13479,1.0,13740,1732,81629,0.01
6,83367,13480,1.0,13741,1732,81635,0.01
6,83373,13481,1.0,13742,1732,81641,0.01
6,83379,13482,1.0,13743,1732,81647,0.01
6,83385,13483,1.0,13744,1732,81653,0.01
6,83391,13484,1.0,13745,1732,81659,0.01
6,83397,13485,1.0,13746,1732,81665,0.01
6,83403,13486,1.0,13747,1732,81671,0.01
6,83409,13487,1.0,13748,1732,81677,0.01
6,83415,13488,1.0,13749,1732,81683,0.01
6,83421,13489,1.0,13750,1732,81689,0.01
6,83427,13490,1.0,13751,1732,81695,0.01
6,83433,13491,1.0,13752,1732,81701,0.01
6,83439,13492,1.0,13753,1732,81707,0.01
6,83445,13493,1.0,13754,1732,81713,0.01
7,83452,13494,1.0,13755,1733,81719,0.01
6,83458,13495,1.0,13756,1733,81725,0.01
6,83464,13496,1.0,13757,1733,81731,0.01
6,83470,13497,1.0,13758,1733,81737,0.01
6,83476,13498,1.0,13759,1734,81742,0.01
6,83482,13499,1.0,13760,1734,81748,0.01
6,83488,13500,1.0,13761,1734,81754,0.01
6,83494,13501,1.0,13762,1734,81760,0.01
6,83500,13502,1.0,13763,1734,81766,0.01
6,83506,13503,1.0,13764,1734,81772,0.01
6,83512,13504,1.0,13765,1734,81778,0.01
6,83518,13505,1.0,13766,1734,81784,0.01
6,83524,13506,1.0,13767,1734,81790,0.01
6,83530,13507,1.0,13768,1734,81796,0.01
6,83536,13508,1.0,13769,1735,81801,0.01
6,83542,13509,1.0,13770,1735,81807,0.01
6,83548,13510,1.0,13771,1735,81813,0.01
6,83554,13511,1.0,13772,1735,81819,0.01
6,83560,13512,1.0,13773,1735,81825,0.01
6,83566,13513,1.0,13774,1735,81831,0.01
6,83572,13514,1.0,13775,1735,81837,0.01
8,83580,13515,1.0,13776,1736,81844,0.01
6,83586,13516,1.0,13777,1736,81850,0.01
6,83592,13517,1.0,13778,1736,81856,0.01
6,83598,13518,1.0,13779,1736,81862,0.01
6,83604,13519,1.0,13780,1736,81868,0.01
6,83610,13520,1.0,13781,1736,81874,0.01
6,83616,13521,1.0,13782,1736,81880,0.01
6,83622,13522,1.0,13783,1736,81886,0.01
6,83628,13523,1.0,13784,1736,81892,0.01
9,83637,13524,1.0,13785,1738,81899,0.01
6,83643,13525,1.0,13786,1738,81905,0.01
6,83649,13526,1.0,13787,1738,81911,0.01
6,83655,13527,1.0,13788,1738,81917,0.01
6,83661,13528,1.0,13789,1738,81923,0.01
8,83669,13529,1.0,13790,1739,81930,0.01
6,83675,13530,1.0,13791,1739,81936,0.01
6,83681,13531,1.0,13792,1739,81942,0.01
6,83687,13532,1.0,13793,1739,81948,0.01
6,83693,13533,1.0,13794,1739,81954,0.01
6,83699,13534,1.0,13795,1739,81960,0.01
6,83705,13535,1.0,13796,1739,81966,0.01
6,83711,13536,1.0,13797,1739,81972,0.01
6,83717,13537,1.0,13798,1739,81978,0.01
6,83723,13538,1.0,13799,1739,81984,0.01
3,83726,13538,0.0,13800,1740,81986,0.01
6,83732,13539,1.0,13801,1740,81992,0.01
3,83735,13539,0.0,13802,1741,81994,0.01
6,83741,13540,1.0,13803,1741,82000,0.01
6,83747,13541,1.0,13804,1741,82006,0.01
6,83753,13542,1.0,13805,1741,82012,0.01
6,83759,13543,1.0,13806,1741,82018,0.01
2,83761,13543,0.0,13807,1742,82019,0.01
6,83767,13544,1.0,13808,1742,82025,0.01
6,83773,13545,1.0,13809,1742,82031,0.01
6,83779,13546,1.0,13810,1742,82037,0.01
6,83785,13547,1.0,13811,1742,82043,0.01
6,83791,13548,1.0,13812,1742,82049,0.01
6,83797,13549,1.0,13813,1742,82055,0.01
6,83803,13550,1.0,13814,1742,82061,0.01
6,83809,13551,1.0,13815,1742,82067,0.01
6,83815,13552,1.0,13816,1742,82073,0.01
6,83821,13553,1.0,13817,1742,82079,0.01
6,83827,13554,1.0,13818,1742,82085,0.01
6,83833,13555,1.0,13819,1742,82091,0.01
6,83839,13556,1.0,13820,1742,82097,0.01
6,83845,13557,1.0,13821,1742,82103,0.01
6,83851,13558,1.0,13822,1742,82109,0.01
6,83857,13559,1.0,13823,1742,82115,0.01
6,83863,13560,1.0,13824,1742,82121,0.01
6,83869,13561,1.0,13825,1742,82127,0.01
6,83875,13562,1.0,13826,1742,82133,0.01
6,83881,13563,1.0,13827,1742,82139,0.01
6,83887,13564,1.0,13828,1742,82145,0.01
6,83893,13565,1.0,13829,1742,82151,0.01
6,83899,13566,1.0,13830,1742,82157,0.01
6,83905,13567,1.0,13831,1742,82163,0.01
6,83911,13568,1.0,13832,1743,82168,0.01
6,83917,13569,1.0,13833,1743,82174,0.01
6,83923,13570,1.0,13834,1743,82180,0.01
6,83929,13571,1.0,13835,1743,82186,0.01
6,83935,13572,1.0,13836,1743,82192,0.01
6,83941,13573,1.0,13837,1743,82198,0.01
6,83947,13574,1.0,13838,1743,82204,0.01
6,83953,13575,1.0,13839,1743,82210,0.01
6,83959,13576,1.0,13840,1743,82216,0.01
6,83965,13577,1.0,13841,1743,82222,0.01
6,83971,13578,1.0,13842,1743,82228,0.01
6,83977,13579,1.0,13843,1743,82234,0.01
6,83983,13580,1.0,13844,1743,82240,0.01
6,83989,13581,1.0,13845,1743,82246,0.01
7,83996,13582,1.0,13846,1744,82252,0.01
6,84002,13583,1.0,13847,1744,82258,0.01
6,84008,13584,1.0,13848,1744,82264,0.01
6,84014,13585,1.0,13849,1744,82270,0.01
6,84020,13586,1.0,13850,1744,82276,0.01
6,84026,13587,1.0,13851,1744,82282,0.01
6,84032,13588,1.0,13852,1744,82288,0.01
6,84038,13589,1.0,13853,1744,82294,0.01
6,84044,13590,1.0,13854,1744,82300,0.01
6,84050,13591,1.0,13855,1744,82306,0.01
6,84056,13592,1.0,13856,1744,82312,0.01
6,84062,13593,1.0,13857,1744,82318,0.01
6,84068,13594,1.0,13858,1744,82324,0.01
8,84076,13595,1.0,13859,1745,82331,0.01
6,84082,13596,1.0,13860,1745,82337,0.01
6,84088,13597,1.0,13861,1745,82343,0.01
6,84094,13598,1.0,13862,1745,82349,0.01
6,84100,13599,1.0,13863,1745,82355,0.01
6,84106,13600,1.0,13864,1745,82361,0.01
6,84112,13601,1.0,13865,1745,82367,0.01
6,84118,13602,1.0,13866,1745,82373,0.01
6,84124,13603,1.0,13867,1745,82379,0.01
6,84130,13604,1.0,13868,1745,82385,0.01
6,84136,13605,1.0,13869,1745,82391,0.01
6,84142,13606,1.0,13870,1745,82397,0.01
6,84148,13607,1.0,13871,1745,82403,0.01
6,84154,13608,1.0,13872,1745,82409,0.01
6,84160,13609,1.0,13873,1745,82415,0.01
6,84166,13610,1.0,13874,1745,82421,0.01
6,84172,13611,1.0,13875,1745,82427,0.01
6,84178,13612,1.0,13876,1745,82433,0.01
6,84184,13613,1.0,13877,1745,82439,0.01
6,84190,13614,1.0,13878,1745,82445,0.01
6,84196,13615,1.0,13879,1745,82451,0.01
6,84202,13616,1.0,13880,1745,82457,0.01
6,84208,13617,1.0,13881,1745,82463,0.01
6,84214,13618,1.0,13882,1745,82469,0.01
6,84220,13619,1.0,13883,1745,82475,0.01
6,84226,13620,1.0,13884,1745,82481,0.01
6,84232,13621,1.0,13885,1745,82487,0.01
6,84238,13622,1.0,13886,1745,82493,0.01
6,84244,13623,1.0,13887,1745,82499,0.01
6,84250,13624,1.0,13888,1745,82505,0.01
6,84256,13625,1.0,13889,1745,82511,0.01
8,84264,13626,1.0,13890,1746,82518,0.01
6,84270,13627,1.0,13891,1746,82524,0.01
6,84276,13628,1.0,13892,1746,82530,0.01
6,84282,13629,1.0,13893,1746,82536,0.01
6,84288,13630,1.0,13894,1746,82542,0.01
6,84294,13631,1.0,13895,1746,82548,0.01
6,84300,13632,1.0,13896,1746,82554,0.01
6,84306,13633,1.0,13897,1746,82560,0.01
6,84312,13634,1.0,13898,1746,82566,0.01
6,84318,13635,1.0,13899,1746,82572,0.01
6,84324,13636,1.0,13900,1746,82578,0.01
6,84330,13637,1.0,13901,1746,82584,0.01
6,84336,13638,1.0,13902,1746,82590,0.01
6,84342,13639,1.0,13903,1746,82596,0.01
6,84348,13640,1.0,13904,1746,82602,0.01
6,84354,13641,1.0,13905,1746,82608,0.01
6,84360,13642,1.0,13906,1746,82614,0.01
6,84366,13643,1.0,13907,1746,82620,0.01
6,84372,13644,1.0,13908,1746,82626,0.01
6,84378,13645,1.0,13909,1746,82632,0.01
6,84384,13646,1.0,13910,1746,82638,0.01
7,84391,13647,1.0,13911,1747,82644,0.01
6,84397,13648,1.0,13912,1747,82650,0.01
6,84403,13649,1.0,13913,1747,82656,0.01
6,84409,13650,1.0,13914,1747,82662,0.01
6,84415,13651,1.0,13915,1747,82668,0.01
6,84421,13652,1.0,13916,1747,82674,0.01
6,84427,13653,1.0,13917,1748,82679,0.01
6,84433,13654,1.0,13918,1748,82685,0.01
6,84439,13655,1.0,13919,1749,82690,0.01
6,84445,13656,1.0,13920,1749,82696,0.01
6,84451,13657,1.0,13921,1749,82702,0.01
6,84457,13658,1.0,13922,1749,82708,0.01
6,84463,13659,1.0,13923,1749,82714,0.01
6,84469,13660,1.0,13924,1749,82720,0.01
6,84475,13661,1.0,13925,1749,82726,0.01
7,84482,13662,1.0,13926,1751,82731,0.01
6,84488,13663,1.0,13927,1751,82737,0.01
6,84494,13664,1.0,13928,1751,82743,0.01
6,84500,13665,1.0,13929,1751,82749,0.01
6,84506,13666,1.0,13930,1751,82755,0.01
6,84512,13667,1.0,13931,1751,82761,0.01
9,84521,13668,1.0,13932,1753,82768,0.01
6,84527,13669,1.0,13933,1753,82774,0.01
6,84533,13670,1.0,13934,1753,82780,0.01
6,84539,13671,1.0,13935,1753,82786,0.01
6,84545,13672,1.0,13936,1753,82792,0.01
6,84551,13673,1.0,13937,1753,82798,0.01
6,84557,13674,1.0,13938,1753,82804,0.01
6,84563,13675,1.0,13939,1753,82810,0.01
6,84569,13676,1.0,13940,1753,82816,0.01
6,84575,13677,1.0,13941,1753,82822,0.01
6,84581,13678,1.0,13942,1753,82828,0.01
6,84587,13679,1.0,13943,1753,82834,0.01
6,84593,13680,1.0,13944,1753,82840,0.01
6,84599,13681,1.0,13945,1753,82846,0.01
6,84605,13682,1.0,13946,1753,82852,0.01
6,84611,13683,1.0,13947,1753,82858,0.01
6,84617,13684,1.0,13948,1753,82864,0.01
6,84623,13685,1.0,13949,1753,82870,0.01
6,84629,13686,1.0,13950,1753,82876,0.01
6,84635,13687,1.0,13951,1753,82882,0.01
6,84641,13688,1.0,13952,1753,82888,0.01
6,84647,13689,1.0,13953,1753,82894,0.01
6,84653,13690,1.0,13954,1753,82900,0.01
6,84659,13691,1.0,13955,1753,82906,0.01
6,84665,13692,1.0,13956,1753,82912,0.01
6,84671,13693,1.0,13957,1753,82918,0.01
6,84677,13694,1.0,13958,1753,82924,0.01
6,84683,13695,1.0,13959,1753,82930,0.01
6,84689,13696,1.0,13960,1753,82936,0.01
6,84695,13697,1.0,13961,1753,82942,0.01
6,84701,13698,1.0,13962,1753,82948,0.01
6,84707,13699,1.0,13963,1753,82954,0.01
6,84713,13700,1.0,13964,1753,82960,0.01
6,84719,13701,1.0,13965,1753,82966,0.01
6,84725,13702,1.0,13966,1753,82972,0.01
6,84731,13703,1.0,13967,1753,82978,0.01
6,84737,13704,1.0,13968,1753,82984,0.01
6,84743,13705,1.0,13969,1753,82990,0.01
6,84749,13706,1.0,13970,1753,82996,0.01
6,84755,13707,1.0,13971,1753,83002,0.01
6,84761,13708,1.0,13972,1753,83008,0.01
6,84767,13709,1.0,13973,1753,83014,0.01
6,84773,13710,1.0,13974,1753,83020,0.01
6,84779,13711,1.0,13975,1753,83026,0.01
6,84785,13712,1.0,13976,1753,83032,0.01
6,84791,13713,1.0,13977,1753,83038,0.01
6,84797,13714,1.0,13978,1753,83044,0.01
6,84803,13715,1.0,13979,1753,83050,0.01
6,84809,13716,1.0,13980,1753,83056,0.01
6,84815,13717,1.0,13981,1753,83062,0.01
6,84821,13718,1.0,13982,1753,83068,0.01
6,84827,13719,1.0,13983,1753,83074,0.01
6,84833,13720,1.0,13984,1753,83080,0.01
6,84839,13721,1.0,13985,1753,83086,0.01
6,84845,13722,1.0,13986,1753,83092,0.01
6,84851,13723,1.0,13987,1753,83098,0.01
6,84857,13724,1.0,13988,1753,83104,0.01
6,84863,13725,1.0,13989,1753,83110,0.01
6,84869,13726,1.0,13990,1753,83116,0.01
6,84875,13727,1.0,13991,1753,83122,0.01
6,84881,13728,1.0,13992,1753,83128,0.01
6,84887,13729,1.0,13993,1753,83134,0.01
6,84893,13730,1.0,13994,1753,83140,0.01
6,84899,13731,1.0,13995,1753,83146,0.01
6,84905,13732,1.0,13996,1753,83152,0.01
6,84911,13733,1.0,13997,1753,83158,0.01
6,84917,13734,1.0,13998,1753,83164,0.01
6,84923,13735,1.0,13999,1753,83170,0.01
6,84929,13736,1.0,14000,1753,83176,0.01
6,84935,13737,1.0,14001,1753,83182,0.01
6,84941,13738,1.0,14002,1753,83188,0.01
6,84947,13739,1.0,14003,1753,83194,0.01
6,84953,13740,1.0,14004,1753,83200,0.01
7,84960,13741,1.0,14005,1754,83206,0.01
6,84966,13742,1.0,14006,1754,83212,0.01
6,84972,13743,1.0,14007,1754,83218,0.01
6,84978,13744,1.0,14008,1754,83224,0.01
6,84984,13745,1.0,14009,1754,83230,0.01
6,84990,13746,1.0,14010,1754,83236,0.01
6,84996,13747,1.0,14011,1754,83242,0.01
6,85002,13748,1.0,14012,1754,83248,0.01
6,85008,13749,1.0,14013,1754,83254,0.01
6,85014,13750,1.0,14014,1754,83260,0.01
6,85020,13751,1.0,14015,1754,83266,0.01
6,85026,13752,1.0,14016,1754,83272,0.01
6,85032,13753,1.0,14017,1754,83278,0.01
6,85038,13754,1.0,14018,1754,83284,0.01
6,85044,13755,1.0,14019,1754,83290,0.01
6,85050,13756,1.0,14020,1754,83296,0.01
6,85056,13757,1.0,14021,1754,83302,0.01
6,85062,13758,1.0,14022,1754,83308,0.01
6,85068,13759,1.0,14023,1754,83314,0.01
6,85074,13760,1.0,14024,1754,83320,0.01
6,85080,13761,1.0,14025,1754,83326,0.01
6,85086,13762,1.0,14026,1754,83332,0.01
6,85092,13763,1.0,14027,1754,83338,0.01
6,85098,13764,1.0,14028,1754,83344,0.01
4,85102,13764,0.0,14029,1755,83347,0.01
6,85108,13765,1.0,14030,1755,83353,0.01
6,85114,13766,1.0,14031,1755,83359,0.01
6,85120,13767,1.0,14032,1755,83365,0.01
6,85126,13768,1.0,14033,1755,83371,0.01
6,85132,13769,1.0,14034,1755,83377,0.01
6,85138,13770,1.0,14035,1755,83383,0.01
6,85144,13771,1.0,14036,1755,83389,0.01
6,85150,13772,1.0,14037,1755,83395,0.01
6,85156,13773,1.0,14038,1755,83401,0.01
6,85162,13774,1.0,14039,1755,83407,0.01
6,85168,13775,1.0,14040,1755,83413,0.01
6,85174,13776,1.0,14041,1755,83419,0.01
6,85180,13777,1.0,14042,1755,83425,0.01
6,85186,13778,1.0,14043,1755,83431,0.01
6,85192,13779,1.0,14044,1755,83437,0.01
6,85198,13780,1.0,14045,1755,83443,0.01
6,85204,13781,1.0,14046,1755,83449,0.01
6,85210,13782,1.0,14047,1755,83455,0.01
6,85216,13783,1.0,14048,1755,83461,0.01
6,85222,13784,1.0,14049,1755,83467,0.01
6,85228,13785,1.0,14050,1755,83473,0.01
6,85234,13786,1.0,14051,1755,83479,0.01
6,85240,13787,1.0,14052,1755,83485,0.01
6,85246,13788,1.0,14053,1755,83491,0.01
6,85252,13789,1.0,14054,1755,83497,0.01
6,85258,13790,1.0,14055,1755,83503,0.01
6,85264,13791,1.0,14056,1755,83509,0.01
6,85270,13792,1.0,14057,1755,83515,0.01
6,85276,13793,1.0,14058,1755,83521,0.01
6,85282,13794,1.0,14059,1755,83527,0.01
6,85288,13795,1.0,14060,1755,83533,0.01
6,85294,13796,1.0,14061,1755,83539,0.01
6,85300,13797,1.0,14062,1755,83545,0.01
6,85306,13798,1.0,14063,1755,83551,0.01
6,85312,13799,1.0,14064,1755,83557,0.01
6,85318,13800,1.0,14065,1755,83563,0.01
6,85324,13801,1.0,14066,1755,83569,0.01
6,85330,13802,1.0,14067,1755,83575,0.01
6,85336,13803,1.0,14068,1755,83581,0.01
6,85342,13804,1.0,14069,1755,83587,0.01
6,85348,13805,1.0,14070,1755,83593,0.01
6,85354,13806,1.0,14071,1755,83599,0.01
6,85360,13807,1.0,14072,1755,83605,0.01
6,85366,13808,1.0,14073,1755,83611,0.01
6,85372,13809,1.0,14074,1755,83617,0.01
6,85378,13810,1.0,14075,1755,83623,0.01
6,85384,13811,1.0,14076,1755,83629,0.01
6,85390,13812,1.0,14077,1755,83635,0.01
6,85396,13813,1.0,14078,1755,83641,0.01
6,85402,13814,1.0,14079,1755,83647,0.01
6,85408,13815,1.0,14080,1755,83653,0.01
6,85414,13816,1.0,14081,1755,83659,0.01
6,85420,13817,1.0,14082,1755,83665,0.01
6,85426,13818,1.0,14083,1755,83671,0.01
6,85432,13819,1.0,14084,1755,83677,0.01
6,85438,13820,1.0,14085,1755,83683,0.01
6,85444,13821,1.0,14086,1755,83689,0.01
6,85450,13822,1.0,14087,1755,83695,0.01
6,85456,13823,1.0,14088,1755,83701,0.01
6,85462,13824,1.0,14089,1755,83707,0.01
6,85468,13825,1.0,14090,1755,83713,0.01
6,85474,13826,1.0,14091,1755,83719,0.01
5,85479,13826,0.0,14092,1756,83723,0.01
6,85485,13827,1.0,14093,1756,83729,0.01
6,85491,13828,1.0,14094,1756,83735,0.01
6,85497,13829,1.0,14095,1756,83741,0.01
6,85503,13830,1.0,14096,1756,83747,0.01
6,85509,13831,1.0,14097,1756,83753,0.01
6,85515,13832,1.0,14098,1756,83759,0.01
6,85521,13833,1.0,14099,1756,83765,0.01
6,85527,13834,1.0,14100,1756,83771,0.01
6,85533,13835,1.0,14101,1756,83777,0.01
6,85539,13836,1.0,14102,1756,83783,0.01
6,85545,13837,1.0,14103,1756,83789,0.01
6,85551,13838,1.0,14104,1756,83795,0.01
6,85557,13839,1.0,14105,1756,83801,0.01
6,85563,13840,1.0,14106,1756,83807,0.01
6,85569,13841,1.0,14107,1756,83813,0.01
6,85575,13842,1.0,14108,1756,83819,0.01
6,85581,13843,1.0,14109,1756,83825,0.01
6,85587,13844,1.0,14110,1756,83831,0.01
6,85593,13845,1.0,14111,1756,83837,0.01
6,85599,13846,1.0,14112,1756,83843,0.01
6,85605,13847,1.0,14113,1756,83849,0.01
6,85611,13848,1.0,14114,1756,83855,0.01
6,85617,13849,1.0,14115,1756,83861,0.01
6,85623,13850,1.0,14116,1756,83867,0.01
6,85629,13851,1.0,14117,1756,83873,0.01
6,85635,13852,1.0,14118,1756,83879,0.01
6,85641,13853,1.0,14119,1756,83885,0.01
6,85647,13854,1.0,14120,1757,83890,0.01
6,85653,13855,1.0,14121,1757,83896,0.01
6,85659,13856,1.0,14122,1757,83902,0.01
6,85665,13857,1.0,14123,1757,83908,0.01
8,85673,13858,1.0,14124,1758,83915,0.01
6,85679,13859,1.0,14125,1759,83920,0.01
6,85685,13860,1.0,14126,1759,83926,0.01
6,85691,13861,1.0,14127,1759,83932,0.01
8,85699,13862,1.0,14128,1760,83939,0.01
6,85705,13863,1.0,14129,1760,83945,0.01
6,85711,13864,1.0,14130,1760,83951,0.01
6,85717,13865,1.0,14131,1760,83957,0.01
6,85723,13866,1.0,14132,1760,83963,0.01
6,85729,13867,1.0,14133,1760,83969,0.01
6,85735,13868,1.0,14134,1760,83975,0.01
6,85741,13869,1.0,14135,1760,83981,0.01
6,85747,13870,1.0,14136,1760,83987,0.01
6,85753,13871,1.0,14137,1760,83993,0.01
6,85759,13872,1.0,14138,1760,83999,0.01
6,85765,13873,1.0,14139,1760,84005,0.01
6,85771,13874,1.0,14140,1760,84011,0.01
6,85777,13875,1.0,14141,1760,84017,0.01
6,85783,13876,1.0,14142,1760,84023,0.01
6,85789,13877,1.0,14143,1760,84029,0.01
6,85795,13878,1.0,14144,1760,84035,0.01
6,85801,13879,1.0,14145,1760,84041,0.01
6,85807,13880,1.0,14146,1760,84047,0.01
6,85813,13881,1.0,14147,1760,84053,0.01
6,85819,13882,1.0,14148,1760,84059,0.01
6,85825,13883,1.0,14149,1760,84065,0.01
6,85831,13884,1.0,14150,1760,84071,0.01
6,85837,13885,1.0,14151,1760,84077,0.01
6,85843,13886,1.0,14152,1760,84083,0.01
6,85849,13887,1.0,14153,1760,84089,0.01
6,85855,13888,1.0,14154,1760,84095,0.01
6,85861,13889,1.0,14155,1760,84101,0.01
6,85867,13890,1.0,14156,1760,84107,0.01
6,85873,13891,1.0,14157,1760,84113,0.01
6,85879,13892,1.0,14158,1760,84119,0.01
6,85885,13893,1.0,14159,1760,84125,0.01
6,85891,13894,1.0,14160,1760,84131,0.01
6,85897,13895,1.0,14161,1760,84137,0.01
6,85903,13896,1.0,14162,1760,84143,0.01
6,85909,13897,1.0,14163,1760,84149,0.01
6,85915,13898,1.0,14164,1760,84155,0.01
6,85921,13899,1.0,14165,1760,84161,0.01
6,85927,13900,1.0,14166,1760,84167,0.01
6,85933,13901,1.0,14167,1760,84173,0.01
6,85939,13902,1.0,14168,1760,84179,0.01
6,85945,13903,1.0,14169,1760,84185,0.01
6,85951,13904,1.0,14170,1760,84191,0.01
6,85957,13905,1.0,14171,1760,84197,0.01
6,85963,13906,1.0,14172,1760,84203,0.01
6,85969,13907,1.0,14173,1760,84209,0.01
6,85975,13908,1.0,14174,1760,84215,0.01
6,85981,13909,1.0,14175,1760,84221,0.01
6,85987,13910,1.0,14176,1760,84227,0.01
6,85993,13911,1.0,14177,1760,84233,0.01
6,85999,13912,1.0,14178,1760,84239,0.01
6,86005,13913,1.0,14179,1760,84245,0.01
6,86011,13914,1.0,14180,1760,84251,0.01
6,86017,13915,1.0,14181,1760,84257,0.01
6,86023,13916,1.0,14182,1760,84263,0.01
6,86029,13917,1.0,14183,1760,84269,0.01
6,86035,13918,1.0,14184,1760,84275,0.01
6,86041,13919,1.0,14185,1760,84281,0.01
6,86047,13920,1.0,14186,1760,84287,0.01
6,86053,13921,1.0,14187,1760,84293,0.01
6,86059,13922,1.0,14188,1760,84299,0.01
6,86065,13923,1.0,14189,1760,84305,0.01
6,86071,13924,1.0,14190,1760,84311,0.01
8,86079,13925,1.0,14191,1761,84318,0.01
6,86085,13926,1.0,14192,1761,84324,0.01
6,86091,13927,1.0,14193,1761,84330,0.01
6,86097,13928,1.0,14194,1761,84336,0.01
6,86103,13929,1.0,14195,1761,84342,0.01
6,86109,13930,1.0,14196,1761,84348,0.01
6,86115,13931,1.0,14197,1761,84354,0.01
8,86123,13932,1.0,14198,1762,84361,0.01
6,86129,13933,1.0,14199,1762,84367,0.01
6,86135,13934,1.0,14200,1762,84373,0.01
6,86141,13935,1.0,14201,1762,84379,0.01
6,86147,13936,1.0,14202,1762,84385,0.01
6,86153,13937,1.0,14203,1762,84391,0.01
6,86159,13938,1.0,14204,1762,84397,0.01
3,86162,13938,0.0,14205,1763,84399,0.01
6,86168,13939,1.0,14206,1763,84405,0.01
6,86174,13940,1.0,14207,1763,84411,0.01
6,86180,13941,1.0,14208,1763,84417,0.01
6,86186,13942,1.0,14209,1763,84423,0.01
6,86192,13943,1.0,14210,1763,84429,0.01
6,86198,13944,1.0,14211,1763,84435,0.01
6,86204,13945,1.0,14212,1763,84441,0.01
6,86210,13946,1.0,14213,1763,84447,0.01
6,86216,13947,1.0,14214,1763,84453,0.01
6,86222,13948,1.0,14215,1763,84459,0.01
6,86228,13949,1.0,14216,1763,84465,0.01
6,86234,13950,1.0,14217,1763,84471,0.01
6,86240,13951,1.0,14218,1763,84477,0.01
6,86246,13952,1.0,14219,1763,84483,0.01
6,86252,13953,1.0,14220,1763,84489,0.01
6,86258,13954,1.0,14221,1763,84495,0.01
6,86264,13955,1.0,14222,1763,84501,0.01
7,86271,13956,1.0,14223,1764,84507,0.01
6,86277,13957,1.0,14224,1765,84512,0.01
6,86283,13958,1.0,14225,1765,84518,0.01
6,86289,13959,1.0,14226,1765,84524,0.01
6,86295,13960,1.0,14227,1765,84530,0.01
6,86301,13961,1.0,14228,1765,84536,0.01
6,86307,13962,1.0,14229,1765,84542,0.01
6,86313,13963,1.0,14230,1765,84548,0.01
6,86319,13964,1.0,14231,1765,84554,0.01
6,86325,13965,1.0,14232,1765,84560,0.01
6,86331,13966,1.0,14233,1765,84566,0.01
6,86337,13967,1.0,14234,1765,84572,0.01
6,86343,13968,1.0,14235,1765,84578,0.01
6,86349,13969,1.0,14236,1766,84583,0.01
6,86355,13970,1.0,14237,1766,84589,0.01
6,86361,13971,1.0,14238,1766,84595,0.01
6,86367,13972,1.0,14239,1766,84601,0.01
6,86373,13973,1.0,14240,1767,84606,0.01
2,86375,13973,0.0,14241,1768,84607,0.01
6,86381,13974,1.0,14242,1768,84613,0.01
6,86387,13975,1.0,14243,1768,84619,0.01
6,86393,13976,1.0,14244,1768,84625,0.01
6,86399,13977,1.0,14245,1768,84631,0.01
6,86405,13978,1.0,14246,1768,84637,0.01
6,86411,13979,1.0,14247,1768,84643,0.01
6,86417,13980,1.0,14248,1768,84649,0.01
6,86423,13981,1.0,14249,1768,84655,0.01
6,86429,13982,1.0,14250,1768,84661,0.01
6,86435,13983,1.0,14251,1768,84667,0.01
6,86441,13984,1.0,14252,1768,84673,0.01
6,86447,13985,1.0,14253,1768,84679,0.01
6,86453,13986,1.0,14254,1768,84685,0.01
6,86459,13987,1.0,14255,1768,84691,0.01
6,86465,13988,1.0,14256,1768,84697,0.01
6,86471,13989,1.0,14257,1768,84703,0.01
6,86477,13990,1.0,14258,1768,84709,0.01
6,86483,13991,1.0,14259,1768,84715,0.01
6,86489,13992,1.0,14260,1768,84721,0.01
6,86495,13993,1.0,14261,1768,84727,0.01
6,86501,13994,1.0,14262,1768,84733,0.01
6,86507,13995,1.0,14263,1768,84739,0.01
6,86513,13996,1.0,14264,1768,84745,0.01
6,86519,13997,1.0,14265,1768,84751,0.01
6,86525,13998,1.0,14266,1768,84757,0.01
7,86532,13999,1.0,14267,1769,84763,0.01
6,86538,14000,1.0,14268,1769,84769,0.01
6,86544,14001,1.0,14269,1769,84775,0.01
6,86550,14002,1.0,14270,1769,84781,0.01
6,86556,14003,1.0,14271,1769,84787,0.01
7,86563,14004,1.0,14272,1771,84792,0.01
6,86569,14005,1.0,14273,1771,84798,0.01
6,86575,14006,1.0,14274,1771,84804,0.01
6,86581,14007,1.0,14275,1771,84810,0.01
6,86587,14008,1.0,14276,1771,84816,0.01
6,86593,14009,1.0,14277,1771,84822,0.01
6,86599,14010,1.0,14278,1771,84828,0.01
6,86605,14011,1.0,14279,1771,84834,0.01
6,86611,14012,1.0,14280,1771,84840,0.01
6,86617,14013,1.0,14281,1771,84846,0.01
6,86623,14014,1.0,14282,1771,84852,0.01
6,86629,14015,1.0,14283,1771,84858,0.01
6,86635,14016,1.0,14284,1771,84864,0.01
6,86641,14017,1.0,14285,1771,84870,0.01
6,86647,14018,1.0,14286,1771,84876,0.01
6,86653,14019,1.0,14287,1771,84882,0.01
6,86659,14020,1.0,14288,1771,84888,0.01
6,86665,14021,1.0,14289,1771,84894,0.01
6,86671,14022,1.0,14290,1771,84900,0.01
6,86677,14023,1.0,14291,1771,84906,0.01
6,86683,14024,1.0,14292,1771,84912,0.01
6,86689,14025,1.0,14293,1771,84918,0.01
8,86697,14026,1.0,14294,1772,84925,0.01
6,86703,14027,1.0,14295,1772,84931,0.01
6,86709,14028,1.0,14296,1772,84937,0.01
6,86715,14029,1.0,14297,1772,84943,0.01
6,86721,14030,1.0,14298,1772,84949,0.01
6,86727,14031,1.0,14299,1772,84955,0.01
6,86733,14032,1.0,14300,1772,84961,0.01
6,86739,14033,1.0,14301,1772,84967,0.01
6,86745,14034,1.0,14302,1772,84973,0.01
6,86751,14035,1.0,14303,1772,84979,0.01
6,86757,14036,1.0,14304,1772,84985,0.01
6,86763,14037,1.0,14305,1772,84991,0.01
6,86769,14038,1.0,14306,1772,84997,0.01
6,86775,14039,1.0,14307,1772,85003,0.01
6,86781,14040,1.0,14308,1772,85009,0.01
6,86787,14041,1.0,14309,1772,85015,0.01
6,86793,14042,1.0,14310,1772,85021,0.01
6,86799,14043,1.0,14311,1772,85027,0.01
6,86805,14044,1.0,14312,1772,85033,0.01
6,86811,14045,1.0,14313,1772,85039,0.01
6,86817,14046,1.0,14314,1772,85045,0.01
6,86823,14047,1.0,14315,1772,85051,0.01
6,86829,14048,1.0,14316,1772,85057,0.01
6,86835,14049,1.0,14317,1772,85063,0.01
6,86841,14050,1.0,14318,1772,85069,0.01
6,86847,14051,1.0,14319,1772,85075,0.01
6,86853,14052,1.0,14320,1772,85081,0.01
6,86859,14053,1.0,14321,1772,85087,0.01
6,86865,14054,1.0,14322,1772,85093,0.01
6,86871,14055,1.0,14323,1772,85099,0.01
6,86877,14056,1.0,14324,1772,85105,0.01
6,86883,14057,1.0,14325,1772,85111,0.01
6,86889,14058,1.0,14326,1772,85117,0.01
6,86895,14059,1.0,14327,1772,85123,0.01
6,86901,14060,1.0,14328,1772,85129,0.01
6,86907,14061,1.0,14329,1772,85135,0.01
6,86913,14062,1.0,14330,1772,85141,0.01
6,86919,14063,1.0,14331,1772,85147,0.01
6,86925,14064,1.0,14332,1772,85153,0.01
6,86931,14065,1.0,14333,1772,85159,0.01
6,86937,14066,1.0,14334,1772,85165,0.01
6,86943,14067,1.0,14335,1772,85171,0.01
6,86949,14068,1.0,14336,1772,85177,0.01
6,86955,14069,1.0,14337,1772,85183,0.01
6,86961,14070,1.0,14338,1772,85189,0.01
6,86967,14071,1.0,14339,1772,85195,0.01
6,86973,14072,1.0,14340,1772,85201,0.01
6,86979,14073,1.0,14341,1772,85207,0.01
6,86985,14074,1.0,14342,1772,85213,0.01
6,86991,14075,1.0,14343,1772,85219,0.01
6,86997,14076,1.0,14344,1772,85225,0.01
6,87003,14077,1.0,14345,1772,85231,0.01
6,87009,14078,1.0,14346,1772,85237,0.01
6,87015,14079,1.0,14347,1772,85243,0.01
6,87021,14080,1.0,14348,1772,85249,0.01
6,87027,14081,1.0,14349,1772,85255,0.01
6,87033,14082,1.0,14350,1772,85261,0.01
6,87039,14083,1.0,14351,1772,85267,0.01
8,87047,14084,1.0,14352,1773,85274,0.01
6,87053,14085,1.0,14353,1773,85280,0.01
6,87059,14086,1.0,14354,1773,85286,0.01
6,87065,14087,1.0,14355,1773,85292,0.01
6,87071,14088,1.0,14356,1773,85298,0.01
6,87077,14089,1.0,14357,1773,85304,0.01
6,87083,14090,1.0,14358,1773,85310,0.01
6,87089,14091,1.0,14359,1774,85315,0.01
6,87095,14092,1.0,14360,1774,85321,0.01
6,87101,14093,1.0,14361,1774,85327,0.01
6,87107,14094,1.0,14362,1774,85333,0.01
6,87113,14095,1.0,14363,1774,85339,0.01
6,87119,14096,1.0,14364,1774,85345,0.01
6,87125,14097,1.0,14365,1774,85351,0.01
6,87131,14098,1.0,14366,1774,85357,0.01
6,87137,14099,1.0,14367,1774,85363,0.01
6,87143,14100,1.0,14368,1774,85369,0.01
6,87149,14101,1.0,14369,1774,85375,0.01
6,87155,14102,1.0,14370,1774,85381,0.01
6,87161,14103,1.0,14371,1774,85387,0.01
6,87167,14104,1.0,14372,1774,85393,0.01
6,87173,14105,1.0,14373,1774,85399,0.01
6,87179,14106,1.0,14374,1774,85405,0.01
6,87185,14107,1.0,14375,1774,85411,0.01
6,87191,14108,1.0,14376,1774,85417,0.01
6,87197,14109,1.0,14377,1774,85423,0.01
6,87203,14110,1.0,14378,1774,85429,0.01
6,87209,14111,1.0,14379,1774,85435,0.01
6,87215,14112,1.0,14380,1774,85441,0.01
6,87221,14113,1.0,14381,1774,85447,0.01
6,87227,14114,1.0,14382,1774,85453,0.01
6,87233,14115,1.0,14383,1774,85459,0.01
6,87239,14116,1.0,14384,1774,85465,0.01
6,87245,14117,1.0,14385,1774,85471,0.01
6,87251,14118,1.0,14386,1774,85477,0.01
6,87257,14119,1.0,14387,1774,85483,0.01
6,87263,14120,1.0,14388,1774,85489,0.01
6,87269,14121,1.0,14389,1774,85495,0.01
6,87275,14122,1.0,14390,1774,85501,0.01
6,87281,14123,1.0,14391,1774,85507,0.01
6,87287,14124,1.0,14392,1774,85513,0.01
6,87293,14125,1.0,14393,1774,85519,0.01
6,87299,14126,1.0,14394,1774,85525,0.01
6,87305,14127,1.0,14395,1774,85531,0.01
6,87311,14128,1.0,14396,1774,85537,0.01
6,87317,14129,1.0,14397,1774,85543,0.01
6,87323,14130,1.0,14398,1774,85549,0.01
6,87329,14131,1.0,14399,1774,85555,0.01
6,87335,14132,1.0,14400,1774,85561,0.01
6,87341,14133,1.0,14401,1774,85567,0.01
6,87347,14134,1.0,14402,1774,85573,0.01
6,87353,14135,1.0,14403,1774,85579,0.01
6,87359,14136,1.0,14404,1774,85585,0.01
6,87365,14137,1.0,14405,1774,85591,0.01
6,87371,14138,1.0,14406,1774,85597,0.01
6,87377,14139,1.0,14407,1774,85603,0.01
3,87380,14139,0.0,14408,1775,85605,0.01
6,87386,14140,1.0,14409,1775,85611,0.01
6,87392,14141,1.0,14410,1775,85617,0.01
6,87398,14142,1.0,14411,1775,85623,0.01
6,87404,14143,1.0,14412,1775,85629,0.01
6,87410,14144,1.0,14413,1775,85635,0.01
6,87416,14145,1.0,14414,1775,85641,0.01
6,87422,14146,1.0,14415,1775,85647,0.01
6,87428,14147,1.0,14416,1775,85653,0.01
6,87434,14148,1.0,14417,1775,85659,0.01
6,87440,14149,1.0,14418,1775,85665,0.01
6,87446,14150,1.0,14419,1775,85671,0.01
7,87453,14151,1.0,14420,1776,85677,0.01
6,87459,14152,1.0,14421,1776,85683,0.01
6,87465,14153,1.0,14422,1776,85689,0.01
6,87471,14154,1.0,14423,1776,85695,0.01
6,87477,14155,1.0,14424,1776,85701,0.01
6,87483,14156,1.0,14425,1776,85707,0.01
6,87489,14157,1.0,14426,1776,85713,0.01
6,87495,14158,1.0,14427,1776,85719,0.01
6,87501,14159,1.0,14428,1776,85725,0.01
6,87507,14160,1.0,14429,1776,85731,0.01
6,87513,14161,1.0,14430,1776,85737,0.01
6,87519,14162,1.0,14431,1776,85743,0.01
6,87525,14163,1.0,14432,1777,85748,0.01
6,87531,14164,1.0,14433,1777,85754,0.01
6,87537,14165,1.0,14434,1777,85760,0.01
6,87543,14166,1.0,14435,1777,85766,0.01
6,87549,14167,1.0,14436,1777,85772,0.01
6,87555,14168,1.0,14437,1777,85778,0.01
6,87561,14169,1.0,14438,1777,85784,0.01
7,87568,14170,1.0,14439,1778,85790,0.01
6,87574,14171,1.0,14440,1778,85796,0.01
6,87580,14172,1.0,14441,1778,85802,0.01
6,87586,14173,1.0,14442,1778,85808,0.01
6,87592,14174,1.0,14443,1778,85814,0.01
6,87598,14175,1.0,14444,1778,85820,0.01
6,87604,14176,1.0,14445,1778,85826,0.01
8,87612,14177,1.0,14446,1779,85833,0.01
6,87618,14178,1.0,14447,1779,85839,0.01
6,87624,14179,1.0,14448,1779,85845,0.01
6,87630,14180,1.0,14449,1779,85851,0.01
6,87636,14181,1.0,14450,1779,85857,0.01
6,87642,14182,1.0,14451,1779,85863,0.01
6,87648,14183,1.0,14452,1779,85869,0.01
6,87654,14184,1.0,14453,1779,85875,0.01
6,87660,14185,1.0,14454,1779,85881,0.01
6,87666,14186,1.0,14455,1779,85887,0.01
6,87672,14187,1.0,14456,1779,85893,0.01
6,87678,14188,1.0,14457,1779,85899,0.01
6,87684,14189,1.0,14458,1779,85905,0.01
6,87690,14190,1.0,14459,1779,85911,0.01
6,87696,14191,1.0,14460,1779,85917,0.01
6,87702,14192,1.0,14461,1779,85923,0.01
6,87708,14193,1.0,14462,1779,85929,0.01
6,87714,14194,1.0,14463,1779,85935,0.01
6,87720,14195,1.0,14464,1779,85941,0.01
6,87726,14196,1.0,14465,1779,85947,0.01
6,87732,14197,1.0,14466,1779,85953,0.01
6,87738,14198,1.0,14467,1779,85959,0.01
6,87744,14199,1.0,14468,1779,85965,0.01
6,87750,14200,1.0,14469,1779,85971,0.01
6,87756,14201,1.0,14470,1779,85977,0.01
6,87762,14202,1.0,14471,1779,85983,0.01
6,87768,14203,1.0,14472,1779,85989,0.01
6,87774,14204,1.0,14473,1779,85995,0.01
6,87780,14205,1.0,14474,1779,86001,0.01
6,87786,14206,1.0,14475,1779,86007,0.01
6,87792,14207,1.0,14476,1779,86013,0.01
6,87798,14208,1.0,14477,1779,86019,0.01
6,87804,14209,1.0,14478,1779,86025,0.01
6,87810,14210,1.0,14479,1779,86031,0.01
6,87816,14211,1.0,14480,1779,86037,0.01
6,87822,14212,1.0,14481,1779,86043,0.01
6,87828,14213,1.0,14482,1779,86049,0.01
6,87834,14214,1.0,14483,1779,86055,0.01
6,87840,14215,1.0,14484,1779,86061,0.01
6,87846,14216,1.0,14485,1779,86067,0.01
6,87852,14217,1.0,14486,1779,86073,0.01
6,87858,14218,1.0,14487,1779,86079,0.01
6,87864,14219,1.0,14488,1779,86085,0.01
6,87870,14220,1.0,14489,1779,86091,0.01
6,87876,14221,1.0,14490,1779,86097,0.01
6,87882,14222,1.0,14491,1779,86103,0.01
6,87888,14223,1.0,14492,1779,86109,0.01
6,87894,14224,1.0,14493,1779,86115,0.01
6,87900,14225,1.0,14494,1779,86121,0.01
6,87906,14226,1.0,14495,1779,86127,0.01
6,87912,14227,1.0,14496,1779,86133,0.01
6,87918,14228,1.0,14497,1779,86139,0.01
6,87924,14229,1.0,14498,1779,86145,0.01
6,87930,14230,1.0,14499,1779,86151,0.01
6,87936,14231,1.0,14500,1779,86157,0.01
6,87942,14232,1.0,14501,1779,86163,0.01
6,87948,14233,1.0,14502,1779,86169,0.01
6,87954,14234,1.0,14503,1779,86175,0.01
6,87960,14235,1.0,14504,1779,86181,0.01
6,87966,14236,1.0,14505,1779,86187,0.01
6,87972,14237,1.0,14506,1779,86193,0.01
6,87978,14238,1.0,14507,1779,86199,0.01
6,87984,14239,1.0,14508,1780,86204,0.01
6,87990,14240,1.0,14509,1780,86210,0.01
6,87996,14241,1.0,14510,1780,86216,0.01
6,88002,14242,1.0,14511,1781,86221,0.01
6,88008,14243,1.0,14512,1781,86227,0.01
6,88014,14244,1.0,14513,1781,86233,0.01
6,88020,14245,1.0,14514,1781,86239,0.01
6,88026,14246,1.0,14515,1781,86245,0.01
6,88032,14247,1.0,14516,1781,86251,0.01
6,88038,14248,1.0,14517,1782,86256,0.01
6,88044,14249,1.0,14518,1782,86262,0.01
6,88050,14250,1.0,14519,1782,86268,0.01
6,88056,14251,1.0,14520,1782,86274,0.01
6,88062,14252,1.0,14521,1782,86280,0.01
6,88068,14253,1.0,14522,1782,86286,0.01
6,88074,14254,1.0,14523,1782,86292,0.01
6,88080,14255,1.0,14524,1782,86298,0.01
6,88086,14256,1.0,14525,1782,86304,0.01
6,88092,14257,1.0,14526,1782,86310,0.01
6,88098,14258,1.0,14527,1782,86316,0.01
6,88104,14259,1.0,14528,1782,86322,0.01
6,88110,14260,1.0,14529,1782,86328,0.01
6,88116,14261,1.0,14530,1782,86334,0.01
6,88122,14262,1.0,14531,1782,86340,0.01
6,88128,14263,1.0,14532,1782,86346,0.01
6,88134,14264,1.0,14533,1782,86352,0.01
6,88140,14265,1.0,14534,1782,86358,0.01
6,88146,14266,1.0,14535,1782,86364,0.01
6,88152,14267,1.0,14536,1782,86370,0.01
6,88158,14268,1.0,14537,1782,86376,0.01
6,88164,14269,1.0,14538,1782,86382,0.01
6,88170,14270,1.0,14539,1782,86388,0.01
6,88176,14271,1.0,14540,1782,86394,0.01
6,88182,14272,1.0,14541,1782,86400,0.01
6,88188,14273,1.0,14542,1782,86406,0.01
6,88194,14274,1.0,14543,1782,86412,0.01
6,88200,14275,1.0,14544,1782,86418,0.01
7,88207,14276,1.0,14545,1783,86424,0.01
6,88213,14277,1.0,14546,1783,86430,0.01
6,88219,14278,1.0,14547,1783,86436,0.01
6,88225,14279,1.0,14548,1783,86442,0.01
6,88231,14280,1.0,14549,1783,86448,0.01
6,88237,14281,1.0,14550,1783,86454,0.01
6,88243,14282,1.0,14551,1783,86460,0.01
6,88249,14283,1.0,14552,1783,86466,0.01
6,88255,14284,1.0,14553,1783,86472,0.01
6,88261,14285,1.0,14554,1783,86478,0.01
6,88267,14286,1.0,14555,1783,86484,0.01
6,88273,14287,1.0,14556,1783,86490,0.01
6,88279,14288,1.0,14557,1783,86496,0.01
6,88285,14289,1.0,14558,1783,86502,0.01
7,88292,14290,1.0,14559,1784,86508,0.01
6,88298,14291,1.0,14560,1784,86514,0.01
6,88304,14292,1.0,14561,1784,86520,0.01
6,88310,14293,1.0,14562,1784,86526,0.01
6,88316,14294,1.0,14563,1784,86532,0.01
6,88322,14295,1.0,14564,1784,86538,0.01
6,88328,14296,1.0,14565,1784,86544,0.01
6,88334,14297,1.0,14566,1784,86550,0.01
6,88340,14298,1.0,14567,1784,86556,0.01
6,88346,14299,1.0,14568,1784,86562,0.01
6,88352,14300,1.0,14569,1784,86568,0.01
6,88358,14301,1.0,14570,1784,86574,0.01
6,88364,14302,1.0,14571,1784,86580,0.01
6,88370,14303,1.0,14572,1784,86586,0.01
6,88376,14304,1.0,14573,1784,86592,0.01
6,88382,14305,1.0,14574,1784,86598,0.01
6,88388,14306,1.0,14575,1784,86604,0.01
6,88394,14307,1.0,14576,1784,86610,0.01
6,88400,14308,1.0,14577,1784,86616,0.01
6,88406,14309,1.0,14578,1784,86622,0.01
6,88412,14310,1.0,14579,1784,86628,0.01
6,88418,14311,1.0,14580,1784,86634,0.01
6,88424,14312,1.0,14581,1784,86640,0.01
6,88430,14313,1.0,14582,1784,86646,0.01
6,88436,14314,1.0,14583,1784,86652,0.01
6,88442,14315,1.0,14584,1784,86658,0.01
6,88448,14316,1.0,14585,1784,86664,0.01
6,88454,14317,1.0,14586,1784,86670,0.01
6,88460,14318,1.0,14587,1784,86676,0.01
6,88466,14319,1.0,14588,1784,86682,0.01
6,88472,14320,1.0,14589,1784,86688,0.01
6,88478,14321,1.0,14590,1784,86694,0.01
6,88484,14322,1.0,14591,1784,86700,0.01
6,88490,14323,1.0,14592,1784,86706,0.01
6,88496,14324,1.0,14593,1784,86712,0.01
6,88502,14325,1.0,14594,1784,86718,0.01
6,88508,14326,1.0,14595,1784,86724,0.01
7,88515,14327,1.0,14596,1785,86730,0.01
6,88521,14328,1.0,14597,1785,86736,0.01
6,88527,14329,1.0,14598,1785,86742,0.01
6,88533,14330,1.0,14599,1785,86748,0.01
6,88539,14331,1.0,14600,1785,86754,0.01
6,88545,14332,1.0,14601,1785,86760,0.01
6,88551,14333,1.0,14602,1785,86766,0.01
6,88557,14334,1.0,14603,1785,86772,0.01
6,88563,14335,1.0,14604,1785,86778,0.01
6,88569,14336,1.0,14605,1785,86784,0.01
6,88575,14337,1.0,14606,1785,86790,0.01
6,88581,14338,1.0,14607,1785,86796,0.01
7,88588,14339,1.0,14608,1786,86802,0.01
6,88594,14340,1.0,14609,1786,86808,0.01
6,88600,14341,1.0,14610,1786,86814,0.01
6,88606,14342,1.0,14611,1786,86820,0.01
6,88612,14343,1.0,14612,1786,86826,0.01
6,88618,14344,1.0,14613,1786,86832,0.01
6,88624,14345,1.0,14614,1786,86838,0.01
6,88630,14346,1.0,14615,1786,86844,0.01
6,88636,14347,1.0,14616,1786,86850,0.01
6,88642,14348,1.0,14617,1786,86856,0.01
6,88648,14349,1.0,14618,1786,86862,0.01
6,88654,14350,1.0,14619,1786,86868,0.01
6,88660,14351,1.0,14620,1786,86874,0.01
6,88666,14352,1.0,14621,1786,86880,0.01
6,88672,14353,1.0,14622,1786,86886,0.01
6,88678,14354,1.0,14623,1786,86892,0.01
6,88684,14355,1.0,14624,1786,86898,0.01
6,88690,14356,1.0,14625,1786,86904,0.01
6,88696,14357,1.0,14626,1786,86910,0.01
6,88702,14358,1.0,14627,1786,86916,0.01
8,88710,14359,1.0,14628,1787,86923,0.01
6,88716,14360,1.0,14629,1787,86929,0.01
6,88722,14361,1.0,14630,1787,86935,0.01
6,88728,14362,1.0,14631,1787,86941,0.01
6,88734,14363,1.0,14632,1787,86947,0.01
6,88740,14364,1.0,14633,1787,86953,0.01
6,88746,14365,1.0,14634,1787,86959,0.01
6,88752,14366,1.0,14635,1787,86965,0.01
6,88758,14367,1.0,14636,1787,86971,0.01
7,88765,14368,1.0,14637,1788,86977,0.01
6,88771,14369,1.0,14638,1788,86983,0.01
6,88777,14370,1.0,14639,1788,86989,0.01
6,88783,14371,1.0,14640,1788,86995,0.01
6,88789,14372,1.0,14641,1788,87001,0.01
8,88797,14373,1.0,14642,1789,87008,0.01
6,88803,14374,1.0,14643,1789,87014,0.01
6,88809,14375,1.0,14644,1790,87019,0.01
6,88815,14376,1.0,14645,1790,87025,0.01
6,88821,14377,1.0,14646,1790,87031,0.01
6,88827,14378,1.0,14647,1790,87037,0.01
6,88833,14379,1.0,14648,1790,87043,0.01
6,88839,14380,1.0,14649,1790,87049,0.01
6,88845,14381,1.0,14650,1790,87055,0.01
6,88851,14382,1.0,14651,1790,87061,0.01
6,88857,14383,1.0,14652,1790,87067,0.01
6,88863,14384,1.0,14653,1790,87073,0.01
7,88870,14385,1.0,14654,1791,87079,0.01
6,88876,14386,1.0,14655,1791,87085,0.01
6,88882,14387,1.0,14656,1791,87091,0.01
6,88888,14388,1.0,14657,1791,87097,0.01
6,88894,14389,1.0,14658,1791,87103,0.01
6,88900,14390,1.0,14659,1792,87108,0.01
6,88906,14391,1.0,14660,1792,87114,0.01
6,88912,14392,1.0,14661,1792,87120,0.01
6,88918,14393,1.0,14662,1792,87126,0.01
6,88924,14394,1.0,14663,1792,87132,0.01
6,88930,14395,1.0,14664,1792,87138,0.01
6,88936,14396,1.0,14665,1792,87144,0.01
6,88942,14397,1.0,14666,1792,87150,0.01
6,88948,14398,1.0,14667,1792,87156,0.01
6,88954,14399,1.0,14668,1792,87162,0.01
6,88960,14400,1.0,14669,1792,87168,0.01
6,88966,14401,1.0,14670,1792,87174,0.01
6,88972,14402,1.0,14671,1792,87180,0.01
6,88978,14403,1.0,14672,1792,87186,0.01
6,88984,14404,1.0,14673,1792,87192,0.01
6,88990,14405,1.0,14674,1792,87198,0.01
6,88996,14406,1.0,14675,1792,87204,0.01
6,89002,14407,1.0,14676,1792,87210,0.01
6,89008,14408,1.0,14677,1792,87216,0.01
6,89014,14409,1.0,14678,1792,87222,0.01
8,89022,14410,1.0,14679,1793,87229,0.01
6,89028,14411,1.0,14680,1793,87235,0.01
6,89034,14412,1.0,14681,1793,87241,0.01
6,89040,14413,1.0,14682,1793,87247,0.01
6,89046,14414,1.0,14683,1793,87253,0.01
6,89052,14415,1.0,14684,1793,87259,0.01
6,89058,14416,1.0,14685,1793,87265,0.01
6,89064,14417,1.0,14686,1793,87271,0.01
6,89070,14418,1.0,14687,1793,87277,0.01
6,89076,14419,1.0,14688,1793,87283,0.01
6,89082,14420,1.0,14689,1793,87289,0.01
6,89088,14421,1.0,14690,1793,87295,0.01
6,89094,14422,1.0,14691,1793,87301,0.01
6,89100,14423,1.0,14692,1793,87307,0.01
6,89106,14424,1.0,14693,1793,87313,0.01
6,89112,14425,1.0,14694,1793,87319,0.01
6,89118,14426,1.0,14695,1793,87325,0.01
6,89124,14427,1.0,14696,1793,87331,0.01
6,89130,14428,1.0,14697,1793,87337,0.01
6,89136,14429,1.0,14698,1793,87343,0.01
6,89142,14430,1.0,14699,1793,87349,0.01
6,89148,14431,1.0,14700,1793,87355,0.01
6,89154,14432,1.0,14701,1793,87361,0.01
6,89160,14433,1.0,14702,1793,87367,0.01
6,89166,14434,1.0,14703,1793,87373,0.01
6,89172,14435,1.0,14704,1793,87379,0.01
6,89178,14436,1.0,14705,1793,87385,0.01
7,89185,14437,1.0,14706,1794,87391,0.01
6,89191,14438,1.0,14707,1794,87397,0.01
6,89197,14439,1.0,14708,1794,87403,0.01
6,89203,14440,1.0,14709,1794,87409,0.01
6,89209,14441,1.0,14710,1794,87415,0.01
6,89215,14442,1.0,14711,1794,87421,0.01
6,89221,14443,1.0,14712,1794,87427,0.01
6,89227,14444,1.0,14713,1794,87433,0.01
6,89233,14445,1.0,14714,1794,87439,0.01
6,89239,14446,1.0,14715,1794,87445,0.01
6,89245,14447,1.0,14716,1794,87451,0.01
6,89251,14448,1.0,14717,1794,87457,0.01
6,89257,14449,1.0,14718,1794,87463,0.01
6,89263,14450,1.0,14719,1794,87469,0.01
6,89269,14451,1.0,14720,1794,87475,0.01
6,89275,14452,1.0,14721,1794,87481,0.01
6,89281,14453,1.0,14722,1794,87487,0.01
6,89287,14454,1.0,14723,1794,87493,0.01
6,89293,14455,1.0,14724,1794,87499,0.01
6,89299,14456,1.0,14725,1794,87505,0.01
6,89305,14457,1.0,14726,1794,87511,0.01
7,89312,14458,1.0,14727,1795,87517,0.01
6,89318,14459,1.0,14728,1795,87523,0.01
6,89324,14460,1.0,14729,1795,87529,0.01
6,89330,14461,1.0,14730,1795,87535,0.01
6,89336,14462,1.0,14731,1795,87541,0.01
6,89342,14463,1.0,14732,1795,87547,0.01
6,89348,14464,1.0,14733,1795,87553,0.01
6,89354,14465,1.0,14734,1795,87559,0.01
6,89360,14466,1.0,14735,1795,87565,0.01
6,89366,14467,1.0,14736,1795,87571,0.01
7,89373,14468,1.0,14737,1796,87577,0.01
6,89379,14469,1.0,14738,1796,87583,0.01
6,89385,14470,1.0,14739,1796,87589,0.01
6,89391,14471,1.0,14740,1796,87595,0.01
6,89397,14472,1.0,14741,1796,87601,0.01
6,89403,14473,1.0,14742,1796,87607,0.01
6,89409,14474,1.0,14743,1796,87613,0.01
6,89415,14475,1.0,14744,1796,87619,0.01
6,89421,14476,1.0,14745,1796,87625,0.01
6,89427,14477,1.0,14746,1796,87631,0.01
6,89433,14478,1.0,14747,1796,87637,0.01
6,89439,14479,1.0,14748,1796,87643,0.01
8,89447,14480,1.0,14749,1797,87650,0.01
6,89453,14481,1.0,14750,1797,87656,0.01
6,89459,14482,1.0,14751,1797,87662,0.01
6,89465,14483,1.0,14752,1797,87668,0.01
6,89471,14484,1.0,14753,1797,87674,0.01
7,89478,14485,1.0,14754,1798,87680,0.01
6,89484,14486,1.0,14755,1798,87686,0.01
6,89490,14487,1.0,14756,1798,87692,0.01
6,89496,14488,1.0,14757,1798,87698,0.01
6,89502,14489,1.0,14758,1798,87704,0.01
6,89508,14490,1.0,14759,1798,87710,0.01
6,89514,14491,1.0,14760,1798,87716,0.01
6,89520,14492,1.0,14761,1798,87722,0.01
6,89526,14493,1.0,14762,1798,87728,0.01
6,89532,14494,1.0,14763,1798,87734,0.01
6,89538,14495,1.0,14764,1798,87740,0.01
6,89544,14496,1.0,14765,1798,87746,0.01
6,89550,14497,1.0,14766,1798,87752,0.01
6,89556,14498,1.0,14767,1798,87758,0.01
6,89562,14499,1.0,14768,1798,87764,0.01
6,89568,14500,1.0,14769,1798,87770,0.01
6,89574,14501,1.0,14770,1798,87776,0.01
6,89580,14502,1.0,14771,1798,87782,0.01
6,89586,14503,1.0,14772,1798,87788,0.01
6,89592,14504,1.0,14773,1798,87794,0.01
6,89598,14505,1.0,14774,1798,87800,0.01
6,89604,14506,1.0,14775,1798,87806,0.01
6,89610,14507,1.0,14776,1798,87812,0.01
6,89616,14508,1.0,14777,1798,87818,0.01
6,89622,14509,1.0,14778,1798,87824,0.01
6,89628,14510,1.0,14779,1798,87830,0.01
6,89634,14511,1.0,14780,1798,87836,0.01
6,89640,14512,1.0,14781,1798,87842,0.01
6,89646,14513,1.0,14782,1799,87847,0.01
6,89652,14514,1.0,14783,1799,87853,0.01
6,89658,14515,1.0,14784,1799,87859,0.01
6,89664,14516,1.0,14785,1799,87865,0.01
6,89670,14517,1.0,14786,1799,87871,0.01
6,89676,14518,1.0,14787,1799,87877,0.01
6,89682,14519,1.0,14788,1799,87883,0.01
6,89688,14520,1.0,14789,1799,87889,0.01
6,89694,14521,1.0,14790,1799,87895,0.01
6,89700,14522,1.0,14791,1799,87901,0.01
6,89706,14523,1.0,14792,1799,87907,0.01
6,89712,14524,1.0,14793,1799,87913,0.01
6,89718,14525,1.0,14794,1799,87919,0.01
6,89724,14526,1.0,14795,1799,87925,0.01
6,89730,14527,1.0,14796,1799,87931,0.01
6,89736,14528,1.0,14797,1799,87937,0.01
6,89742,14529,1.0,14798,1799,87943,0.01
6,89748,14530,1.0,14799,1799,87949,0.01
6,89754,14531,1.0,14800,1799,87955,0.01
6,89760,14532,1.0,14801,1799,87961,0.01
6,89766,14533,1.0,14802,1799,87967,0.01
6,89772,14534,1.0,14803,1799,87973,0.01
6,89778,14535,1.0,14804,1799,87979,0.01
6,89784,14536,1.0,14805,1799,87985,0.01
6,89790,14537,1.0,14806,1799,87991,0.01
6,89796,14538,1.0,14807,1799,87997,0.01
6,89802,14539,1.0,14808,1799,88003,0.01
6,89808,14540,1.0,14809,1799,88009,0.01
6,89814,14541,1.0,14810,1799,88015,0.01
6,89820,14542,1.0,14811,1799,88021,0.01
6,89826,14543,1.0,14812,1799,88027,0.01
6,89832,14544,1.0,14813,1799,88033,0.01
8,89840,14545,1.0,14814,1800,88040,0.01
6,89846,14546,1.0,14815,1800,88046,0.01
6,89852,14547,1.0,14816,1800,88052,0.01
6,89858,14548,1.0,14817,1800,88058,0.01
6,89864,14549,1.0,14818,1800,88064,0.01
6,89870,14550,1.0,14819,1800,88070,0.01
6,89876,14551,1.0,14820,1800,88076,0.01
6,89882,14552,1.0,14821,1800,88082,0.01
6,89888,14553,1.0,14822,1800,88088,0.01
6,89894,14554,1.0,14823,1800,88094,0.01
6,89900,14555,1.0,14824,1800,88100,0.01
6,89906,14556,1.0,14825,1800,88106,0.01
6,89912,14557,1.0,14826,1800,88112,0.01
6,89918,14558,1.0,14827,1800,88118,0.01
6,89924,14559,1.0,14828,1800,88124,0.01
6,89930,14560,1.0,14829,1800,88130,0.01
6,89936,14561,1.0,14830,1800,88136,0.01
6,89942,14562,1.0,14831,1800,88142,0.01
6,89948,14563,1.0,14832,1800,88148,0.01
6,89954,14564,1.0,14833,1800,88154,0.01
6,89960,14565,1.0,14834,1800,88160,0.01
6,89966,14566,1.0,14835,1800,88166,0.01
6,89972,14567,1.0,14836,1800,88172,0.01
7,89979,14568,1.0,14837,1801,88178,0.01
6,89985,14569,1.0,14838,1801,88184,0.01
6,89991,14570,1.0,14839,1801,88190,0.01
6,89997,14571,1.0,14840,1801,88196,0.01
6,90003,14572,1.0,14841,1801,88202,0.01
6,90009,14573,1.0,14842,1801,88208,0.01
6,90015,14574,1.0,14843,1801,88214,0.01
6,90021,14575,1.0,14844,1801,88220,0.01
6,90027,14576,1.0,14845,1801,88226,0.01
6,90033,14577,1.0,14846,1801,88232,0.01
6,90039,14578,1.0,14847,1801,88238,0.01
6,90045,14579,1.0,14848,1801,88244,0.01
6,90051,14580,1.0,14849,1801,88250,0.01
6,90057,14581,1.0,14850,1801,88256,0.01
6,90063,14582,1.0,14851,1801,88262,0.01
6,90069,14583,1.0,14852,1801,88268,0.01
6,90075,14584,1.0,14853,1801,88274,0.01
6,90081,14585,1.0,14854,1801,88280,0.01
6,90087,14586,1.0,14855,1801,88286,0.01
6,90093,14587,1.0,14856,1801,88292,0.01
6,90099,14588,1.0,14857,1801,88298,0.01
6,90105,14589,1.0,14858,1801,88304,0.01
6,90111,14590,1.0,14859,1801,88310,0.01
6,90117,14591,1.0,14860,1801,88316,0.01
6,90123,14592,1.0,14861,1801,88322,0.01
6,90129,14593,1.0,14862,1801,88328,0.01
6,90135,14594,1.0,14863,1801,88334,0.01
6,90141,14595,1.0,14864,1801,88340,0.01
6,90147,14596,1.0,14865,1801,88346,0.01
6,90153,14597,1.0,14866,1801,88352,0.01
6,90159,14598,1.0,14867,1801,88358,0.01
6,90165,14599,1.0,14868,1802,88363,0.01
6,90171,14600,1.0,14869,1802,88369,0.01
6,90177,14601,1.0,14870,1802,88375,0.01
6,90183,14602,1.0,14871,1802,88381,0.01
6,90189,14603,1.0,14872,1802,88387,0.01
6,90195,14604,1.0,14873,1802,88393,0.01
6,90201,14605,1.0,14874,1802,88399,0.01
6,90207,14606,1.0,14875,1802,88405,0.01
6,90213,14607,1.0,14876,1802,88411,0.01
6,90219,14608,1.0,14877,1802,88417,0.01
6,90225,14609,1.0,14878,1802,88423,0.01
6,90231,14610,1.0,14879,1802,88429,0.01
6,90237,14611,1.0,14880,1802,88435,0.01
6,90243,14612,1.0,14881,1803,88440,0.01
6,90249,14613,1.0,14882,1803,88446,0.01
6,90255,14614,1.0,14883,1803,88452,0.01
6,90261,14615,1.0,14884,1803,88458,0.01
6,90267,14616,1.0,14885,1803,88464,0.01
6,90273,14617,1.0,14886,1803,88470,0.01
6,90279,14618,1.0,14887,1803,88476,0.01
6,90285,14619,1.0,14888,1803,88482,0.01
6,90291,14620,1.0,14889,1803,88488,0.01
7,90298,14621,1.0,14890,1804,88494,0.01
8,90306,14622,1.0,14891,1805,88501,0.01
6,90312,14623,1.0,14892,1805,88507,0.01
6,90318,14624,1.0,14893,1805,88513,0.01
6,90324,14625,1.0,14894,1805,88519,0.01
6,90330,14626,1.0,14895,1805,88525,0.01
6,90336,14627,1.0,14896,1805,88531,0.01
6,90342,14628,1.0,14897,1805,88537,0.01
5,90347,14628,0.0,14898,1806,88541,0.01
6,90353,14629,1.0,14899,1806,88547,0.01
6,90359,14630,1.0,14900,1806,88553,0.01
6,90365,14631,1.0,14901,1806,88559,0.01
6,90371,14632,1.0,14902,1806,88565,0.01
6,90377,14633,1.0,14903,1806,88571,0.01
6,90383,14634,1.0,14904,1806,88577,0.01
6,90389,14635,1.0,14905,1806,88583,0.01
6,90395,14636,1.0,14906,1806,88589,0.01
6,90401,14637,1.0,14907,1806,88595,0.01
6,90407,14638,1.0,14908,1806,88601,0.01
6,90413,14639,1.0,14909,1806,88607,0.01
6,90419,14640,1.0,14910,1806,88613,0.01
6,90425,14641,1.0,14911,1806,88619,0.01
6,90431,14642,1.0,14912,1806,88625,0.01
6,90437,14643,1.0,14913,1806,88631,0.01
6,90443,14644,1.0,14914,1806,88637,0.01
6,90449,14645,1.0,14915,1806,88643,0.01
6,90455,14646,1.0,14916,1806,88649,0.01
6,90461,14647,1.0,14917,1806,88655,0.01
6,90467,14648,1.0,14918,1806,88661,0.01
6,90473,14649,1.0,14919,1806,88667,0.01
6,90479,14650,1.0,14920,1806,88673,0.01
6,90485,14651,1.0,14921,1806,88679,0.01
6,90491,14652,1.0,14922,1806,88685,0.01
6,90497,14653,1.0,14923,1806,88691,0.01
6,90503,14654,1.0,14924,1806,88697,0.01
6,90509,14655,1.0,14925,1806,88703,0.01
6,90515,14656,1.0,14926,1806,88709,0.01
6,90521,14657,1.0,14927,1806,88715,0.01
6,90527,14658,1.0,14928,1806,88721,0.01
6,90533,14659,1.0,14929,1806,88727,0.01
6,90539,14660,1.0,14930,1806,88733,0.01
6,90545,14661,1.0,14931,1806,88739,0.01
6,90551,14662,1.0,14932,1806,88745,0.01
6,90557,14663,1.0,14933,1806,88751,0.01
6,90563,14664,1.0,14934,1806,88757,0.01
6,90569,14665,1.0,14935,1806,88763,0.01
6,90575,14666,1.0,14936,1806,88769,0.01
6,90581,14667,1.0,14937,1806,88775,0.01
6,90587,14668,1.0,14938,1806,88781,0.01
6,90593,14669,1.0,14939,1806,88787,0.01
6,90599,14670,1.0,14940,1806,88793,0.01
6,90605,14671,1.0,14941,1806,88799,0.01
6,90611,14672,1.0,14942,1806,88805,0.01
6,90617,14673,1.0,14943,1806,88811,0.01
6,90623,14674,1.0,14944,1806,88817,0.01
6,90629,14675,1.0,14945,1807,88822,0.01
6,90635,14676,1.0,14946,1807,88828,0.01
6,90641,14677,1.0,14947,1807,88834,0.01
6,90647,14678,1.0,14948,1807,88840,0.01
6,90653,14679,1.0,14949,1807,88846,0.01
6,90659,14680,1.0,14950,1807,88852,0.01
6,90665,14681,1.0,14951,1807,88858,0.01
6,90671,14682,1.0,14952,1807,88864,0.01
6,90677,14683,1.0,14953,1807,88870,0.01
7,90684,14684,1.0,14954,1808,88876,0.01
6,90690,14685,1.0,14955,1808,88882,0.01
6,90696,14686,1.0,14956,1808,88888,0.01
6,90702,14687,1.0,14957,1808,88894,0.01
6,90708,14688,1.0,14958,1808,88900,0.01
6,90714,14689,1.0,14959,1808,88906,0.01
6,90720,14690,1.0,14960,1808,88912,0.01
6,90726,14691,1.0,14961,1808,88918,0.01
6,90732,14692,1.0,14962,1809,88923,0.01
6,90738,14693,1.0,14963,1809,88929,0.01
6,90744,14694,1.0,14964,1810,88934,0.01
6,90750,14695,1.0,14965,1810,88940,0.01
6,90756,14696,1.0,14966,1810,88946,0.01
6,90762,14697,1.0,14967,1810,88952,0.01
6,90768,14698,1.0,14968,1810,88958,0.01
6,90774,14699,1.0,14969,1810,88964,0.01
6,90780,14700,1.0,14970,1810,88970,0.01
6,90786,14701,1.0,14971,1810,88976,0.01
6,90792,14702,1.0,14972,1810,88982,0.01
6,90798,14703,1.0,14973,1810,88988,0.01
6,90804,14704,1.0,14974,1810,88994,0.01
6,90810,14705,1.0,14975,1810,89000,0.01
6,90816,14706,1.0,14976,1810,89006,0.01
6,90822,14707,1.0,14977,1810,89012,0.01
6,90828,14708,1.0,14978,1810,89018,0.01
6,90834,14709,1.0,14979,1810,89024,0.01
6,90840,14710,1.0,14980,1810,89030,0.01
6,90846,14711,1.0,14981,1810,89036,0.01
6,90852,14712,1.0,14982,1810,89042,0.01
6,90858,14713,1.0,14983,1810,89048,0.01
6,90864,14714,1.0,14984,1810,89054,0.01
6,90870,14715,1.0,14985,1810,89060,0.01
6,90876,14716,1.0,14986,1810,89066,0.01
6,90882,14717,1.0,14987,1810,89072,0.01
6,90888,14718,1.0,14988,1810,89078,0.01
6,90894,14719,1.0,14989,1810,89084,0.01
6,90900,14720,1.0,14990,1810,89090,0.01
6,90906,14721,1.0,14991,1810,89096,0.01
6,90912,14722,1.0,14992,1810,89102,0.01
6,90918,14723,1.0,14993,1810,89108,0.01
6,90924,14724,1.0,14994,1810,89114,0.01
6,90930,14725,1.0,14995,1810,89120,0.01
6,90936,14726,1.0,14996,1810,89126,0.01
7,90943,14727,1.0,14997,1811,89132,0.01
6,90949,14728,1.0,14998,1811,89138,0.01
6,90955,14729,1.0,14999,1811,89144,0.01
6,90961,14730,1.0,15000,1811,89150,0.01
6,90967,14731,1.0,15001,1811,89156,0.01
6,90973,14732,1.0,15002,1811,89162,0.01
6,90979,14733,1.0,15003,1811,89168,0.01
6,90985,14734,1.0,15004,1811,89174,0.01
6,90991,14735,1.0,15005,1811,89180,0.01
6,90997,14736,1.0,15006,1811,89186,0.01
6,91003,14737,1.0,15007,1811,89192,0.01
6,91009,14738,1.0,15008,1811,89198,0.01
6,91015,14739,1.0,15009,1811,89204,0.01
6,91021,14740,1.0,15010,1811,89210,0.01
6,91027,14741,1.0,15011,1811,89216,0.01
6,91033,14742,1.0,15012,1811,89222,0.01
6,91039,14743,1.0,15013,1811,89228,0.01
6,91045,14744,1.0,15014,1811,89234,0.01
6,91051,14745,1.0,15015,1811,89240,0.01
6,91057,14746,1.0,15016,1811,89246,0.01
2,91059,14746,0.0,15017,1812,89247,0.01
6,91065,14747,1.0,15018,1812,89253,0.01
6,91071,14748,1.0,15019,1812,89259,0.01
6,91077,14749,1.0,15020,1812,89265,0.01
6,91083,14750,1.0,15021,1812,89271,0.01
6,91089,14751,1.0,15022,1812,89277,0.01
6,91095,14752,1.0,15023,1812,89283,0.01
6,91101,14753,1.0,15024,1812,89289,0.01
6,91107,14754,1.0,15025,1812,89295,0.01
6,91113,14755,1.0,15026,1812,89301,0.01
6,91119,14756,1.0,15027,1812,89307,0.01
6,91125,14757,1.0,15028,1812,89313,0.01
5,91130,14757,0.0,15029,1813,89317,0.01
6,91136,14758,1.0,15030,1813,89323,0.01
6,91142,14759,1.0,15031,1813,89329,0.01
6,91148,14760,1.0,15032,1813,89335,0.01
6,91154,14761,1.0,15033,1813,89341,0.01
6,91160,14762,1.0,15034,1813,89347,0.01
6,91166,14763,1.0,15035,1813,89353,0.01
6,91172,14764,1.0,15036,1813,89359,0.01
6,91178,14765,1.0,15037,1813,89365,0.01
6,91184,14766,1.0,15038,1813,89371,0.01
6,91190,14767,1.0,15039,1813,89377,0.01
6,91196,14768,1.0,15040,1813,89383,0.01
6,91202,14769,1.0,15041,1813,89389,0.01
6,91208,14770,1.0,15042,1813,89395,0.01
6,91214,14771,1.0,15043,1813,89401,0.01
6,91220,14772,1.0,15044,1813,89407,0.01
6,91226,14773,1.0,15045,1813,89413,0.01
6,91232,14774,1.0,15046,1813,89419,0.01
6,91238,14775,1.0,15047,1813,89425,0.01
6,91244,14776,1.0,15048,1813,89431,0.01
6,91250,14777,1.0,15049,1813,89437,0.01
6,91256,14778,1.0,15050,1813,89443,0.01
6,91262,14779,1.0,15051,1813,89449,0.01
6,91268,14780,1.0,15052,1813,89455,0.01
6,91274,14781,1.0,15053,1813,89461,0.01
6,91280,14782,1.0,15054,1813,89467,0.01
6,91286,14783,1.0,15055,1813,89473,0.01
6,91292,14784,1.0,15056,1813,89479,0.01
6,91298,14785,1.0,15057,1813,89485,0.01
6,91304,14786,1.0,15058,1813,89491,0.01
6,91310,14787,1.0,15059,1813,89497,0.01
6,91316,14788,1.0,15060,1813,89503,0.01
6,91322,14789,1.0,15061,1813,89509,0.01
6,91328,14790,1.0,15062,1813,89515,0.01
6,91334,14791,1.0,15063,1813,89521,0.01
6,91340,14792,1.0,15064,1813,89527,0.01
7,91347,14793,1.0,15065,1815,89532,0.01
6,91353,14794,1.0,15066,1815,89538,0.01
6,91359,14795,1.0,15067,1815,89544,0.01
6,91365,14796,1.0,15068,1815,89550,0.01
6,91371,14797,1.0,15069,1815,89556,0.01
6,91377,14798,1.0,15070,1815,89562,0.01
6,91383,14799,1.0,15071,1815,89568,0.01
6,91389,14800,1.0,15072,1815,89574,0.01
6,91395,14801,1.0,15073,1815,89580,0.01
6,91401,14802,1.0,15074,1815,89586,0.01
6,91407,14803,1.0,15075,1815,89592,0.01
6,91413,14804,1.0,15076,1815,89598,0.01
6,91419,14805,1.0,15077,1815,89604,0.01
6,91425,14806,1.0,15078,1815,89610,0.01
6,91431,14807,1.0,15079,1815,89616,0.01
6,91437,14808,1.0,15080,1815,89622,0.01
6,91443,14809,1.0,15081,1815,89628,0.01
6,91449,14810,1.0,15082,1815,89634,0.01
6,91455,14811,1.0,15083,1815,89640,0.01
6,91461,14812,1.0,15084,1815,89646,0.01
6,91467,14813,1.0,15085,1815,89652,0.01
6,91473,14814,1.0,15086,1815,89658,0.01
6,91479,14815,1.0,15087,1815,89664,0.01
6,91485,14816,1.0,15088,1815,89670,0.01
6,91491,14817,1.0,15089,1815,89676,0.01
6,91497,14818,1.0,15090,1815,89682,0.01
6,91503,14819,1.0,15091,1815,89688,0.01
6,91509,14820,1.0,15092,1815,89694,0.01
6,91515,14821,1.0,15093,1815,89700,0.01
6,91521,14822,1.0,15094,1815,89706,0.01
6,91527,14823,1.0,15095,1815,89712,0.01
6,91533,14824,1.0,15096,1815,89718,0.01
6,91539,14825,1.0,15097,1815,89724,0.01
6,91545,14826,1.0,15098,1815,89730,0.01
6,91551,14827,1.0,15099,1815,89736,0.01
6,91557,14828,1.0,15100,1815,89742,0.01
6,91563,14829,1.0,15101,1815,89748,0.01
6,91569,14830,1.0,15102,1815,89754,0.01
6,91575,14831,1.0,15103,1815,89760,0.01
6,91581,14832,1.0,15104,1815,89766,0.01
6,91587,14833,1.0,15105,1815,89772,0.01
6,91593,14834,1.0,15106,1815,89778,0.01
6,91599,14835,1.0,15107,1815,89784,0.01
6,91605,14836,1.0,15108,1815,89790,0.01
7,91612,14837,1.0,15109,1816,89796,0.01
6,91618,14838,1.0,15110,1816,89802,0.01
6,91624,14839,1.0,15111,1816,89808,0.01
6,91630,14840,1.0,15112,1816,89814,0.01
6,91636,14841,1.0,15113,1816,89820,0.01
6,91642,14842,1.0,15114,1816,89826,0.01
6,91648,14843,1.0,15115,1816,89832,0.01
6,91654,14844,1.0,15116,1816,89838,0.01
6,91660,14845,1.0,15117,1816,89844,0.01
6,91666,14846,1.0,15118,1816,89850,0.01
6,91672,14847,1.0,15119,1816,89856,0.01
6,91678,14848,1.0,15120,1816,89862,0.01
6,91684,14849,1.0,15121,1816,89868,0.01
6,91690,14850,1.0,15122,1816,89874,0.01
5,91695,14850,0.0,15123,1817,89878,0.01
6,91701,14851,1.0,15124,1818,89883,0.01
6,91707,14852,1.0,15125,1818,89889,0.01
6,91713,14853,1.0,15126,1818,89895,0.01
6,91719,14854,1.0,15127,1818,89901,0.01
6,91725,14855,1.0,15128,1818,89907,0.01
6,91731,14856,1.0,15129,1818,89913,0.01
6,91737,14857,1.0,15130,1818,89919,0.01
6,91743,14858,1.0,15131,1818,89925,0.01
6,91749,14859,1.0,15132,1818,89931,0.01
6,91755,14860,1.0,15133,1818,89937,0.01
6,91761,14861,1.0,15134,1818,89943,0.01
6,91767,14862,1.0,15135,1818,89949,0.01
6,91773,14863,1.0,15136,1818,89955,0.01
6,91779,14864,1.0,15137,1818,89961,0.01
6,91785,14865,1.0,15138,1818,89967,0.01
6,91791,14866,1.0,15139,1818,89973,0.01
6,91797,14867,1.0,15140,1818,89979,0.01
6,91803,14868,1.0,15141,1818,89985,0.01
6,91809,14869,1.0,15142,1818,89991,0.01
6,91815,14870,1.0,15143,1818,89997,0.01
6,91821,14871,1.0,15144,1818,90003,0.01
6,91827,14872,1.0,15145,1818,90009,0.01
6,91833,14873,1.0,15146,1818,90015,0.01
6,91839,14874,1.0,15147,1818,90021,0.01
6,91845,14875,1.0,15148,1818,90027,0.01
6,91851,14876,1.0,15149,1818,90033,0.01
6,91857,14877,1.0,15150,1818,90039,0.01
6,91863,14878,1.0,15151,1818,90045,0.01
6,91869,14879,1.0,15152,1818,90051,0.01
6,91875,14880,1.0,15153,1818,90057,0.01
6,91881,14881,1.0,15154,1818,90063,0.01
6,91887,14882,1.0,15155,1818,90069,0.01
6,91893,14883,1.0,15156,1818,90075,0.01
6,91899,14884,1.0,15157,1818,90081,0.01
6,91905,14885,1.0,15158,1818,90087,0.01
6,91911,14886,1.0,15159,1818,90093,0.01
6,91917,14887,1.0,15160,1818,90099,0.01
6,91923,14888,1.0,15161,1818,90105,0.01
6,91929,14889,1.0,15162,1818,90111,0.01
6,91935,14890,1.0,15163,1818,90117,0.01
6,91941,14891,1.0,15164,1818,90123,0.01
6,91947,14892,1.0,15165,1818,90129,0.01
6,91953,14893,1.0,15166,1818,90135,0.01
6,91959,14894,1.0,15167,1818,90141,0.01
6,91965,14895,1.0,15168,1818,90147,0.01
6,91971,14896,1.0,15169,1818,90153,0.01
6,91977,14897,1.0,15170,1818,90159,0.01
6,91983,14898,1.0,15171,1818,90165,0.01
6,91989,14899,1.0,15172,1818,90171,0.01
6,91995,14900,1.0,15173,1818,90177,0.01
8,92003,14901,1.0,15174,1819,90184,0.01
6,92009,14902,1.0,15175,1819,90190,0.01
6,92015,14903,1.0,15176,1820,90195,0.01
6,92021,14904,1.0,15177,1820,90201,0.01
6,92027,14905,1.0,15178,1820,90207,0.01
6,92033,14906,1.0,15179,1820,90213,0.01
6,92039,14907,1.0,15180,1821,90218,0.01
6,92045,14908,1.0,15181,1821,90224,0.01
6,92051,14909,1.0,15182,1821,90230,0.01
6,92057,14910,1.0,15183,1821,90236,0.01
6,92063,14911,1.0,15184,1821,90242,0.01
6,92069,14912,1.0,15185,1821,90248,0.01
6,92075,14913,1.0,15186,1821,90254,0.01
6,92081,14914,1.0,15187,1821,90260,0.01
6,92087,14915,1.0,15188,1821,90266,0.01
6,92093,14916,1.0,15189,1821,90272,0.01
6,92099,14917,1.0,15190,1821,90278,0.01
6,92105,14918,1.0,15191,1821,90284,0.01
6,92111,14919,1.0,15192,1821,90290,0.01
6,92117,14920,1.0,15193,1821,90296,0.01
6,92123,14921,1.0,15194,1821,90302,0.01
6,92129,14922,1.0,15195,1821,90308,0.01
6,92135,14923,1.0,15196,1821,90314,0.01
6,92141,14924,1.0,15197,1821,90320,0.01
6,92147,14925,1.0,15198,1821,90326,0.01
6,92153,14926,1.0,15199,1821,90332,0.01
6,92159,14927,1.0,15200,1821,90338,0.01
6,92165,14928,1.0,15201,1821,90344,0.01
6,92171,14929,1.0,15202,1821,90350,0.01
6,92177,14930,1.0,15203,1821,90356,0.01
6,92183,14931,1.0,15204,1821,90362,0.01
6,92189,14932,1.0,15205,1821,90368,0.01
7,92196,14933,1.0,15206,1822,90374,0.01
6,92202,14934,1.0,15207,1822,90380,0.01
6,92208,14935,1.0,15208,1822,90386,0.01
7,92215,14936,1.0,15209,1823,90392,0.01
6,92221,14937,1.0,15210,1823,90398,0.01
6,92227,14938,1.0,15211,1823,90404,0.01
6,92233,14939,1.0,15212,1823,90410,0.01
6,92239,14940,1.0,15213,1823,90416,0.01
6,92245,14941,1.0,15214,1823,90422,0.01
6,92251,14942,1.0,15215,1823,90428,0.01
6,92257,14943,1.0,15216,1823,90434,0.01
6,92263,14944,1.0,15217,1823,90440,0.01
6,92269,14945,1.0,15218,1823,90446,0.01
6,92275,14946,1.0,15219,1823,90452,0.01
6,92281,14947,1.0,15220,1823,90458,0.01
6,92287,14948,1.0,15221,1823,90464,0.01
6,92293,14949,1.0,15222,1823,90470,0.01
6,92299,14950,1.0,15223,1823,90476,0.01
6,92305,14951,1.0,15224,1823,90482,0.01
6,92311,14952,1.0,15225,1823,90488,0.01
6,92317,14953,1.0,15226,1823,90494,0.01
6,92323,14954,1.0,15227,1823,90500,0.01
6,92329,14955,1.0,15228,1823,90506,0.01
6,92335,14956,1.0,15229,1823,90512,0.01
6,92341,14957,1.0,15230,1823,90518,0.01
6,92347,14958,1.0,15231,1823,90524,0.01
6,92353,14959,1.0,15232,1823,90530,0.01
7,92360,14960,1.0,15233,1824,90536,0.01
6,92366,14961,1.0,15234,1824,90542,0.01
6,92372,14962,1.0,15235,1825,90547,0.01
6,92378,14963,1.0,15236,1825,90553,0.01
6,92384,14964,1.0,15237,1825,90559,0.01
6,92390,14965,1.0,15238,1825,90565,0.01
6,92396,14966,1.0,15239,1825,90571,0.01
6,92402,14967,1.0,15240,1825,90577,0.01
5,92407,14967,0.0,15241,1826,90581,0.01
6,92413,14968,1.0,15242,1826,90587,0.01
6,92419,14969,1.0,15243,1826,90593,0.01
6,92425,14970,1.0,15244,1826,90599,0.01
6,92431,14971,1.0,15245,1826,90605,0.01
6,92437,14972,1.0,15246,1826,90611,0.01
6,92443,14973,1.0,15247,1826,90617,0.01
6,92449,14974,1.0,15248,1826,90623,0.01
6,92455,14975,1.0,15249,1826,90629,0.01
6,92461,14976,1.0,15250,1826,90635,0.01
6,92467,14977,1.0,15251,1826,90641,0.01
7,92474,14978,1.0,15252,1827,90647,0.01
6,92480,14979,1.0,15253,1827,90653,0.01
6,92486,14980,1.0,15254,1827,90659,0.01
6,92492,14981,1.0,15255,1827,90665,0.01
6,92498,14982,1.0,15256,1827,90671,0.01
6,92504,14983,1.0,15257,1827,90677,0.01
6,92510,14984,1.0,15258,1827,90683,0.01
6,92516,14985,1.0,15259,1827,90689,0.01
6,92522,14986,1.0,15260,1827,90695,0.01
6,92528,14987,1.0,15261,1827,90701,0.01
6,92534,14988,1.0,15262,1827,90707,0.01
6,92540,14989,1.0,15263,1827,90713,0.01
6,92546,14990,1.0,15264,1827,90719,0.01
8,92554,14991,1.0,15265,1828,90726,0.01
6,92560,14992,1.0,15266,1828,90732,0.01
4,92564,14992,0.0,15267,1829,90735,0.01
6,92570,14993,1.0,15268,1830,90740,0.01
6,92576,14994,1.0,15269,1830,90746,0.01
6,92582,14995,1.0,15270,1830,90752,0.01
6,92588,14996,1.0,15271,1830,90758,0.01
6,92594,14997,1.0,15272,1830,90764,0.01
6,92600,14998,1.0,15273,1830,90770,0.01
6,92606,14999,1.0,15274,1830,90776,0.01
6,92612,15000,1.0,15275,1830,90782,0.01
6,92618,15001,1.0,15276,1830,90788,0.01
6,92624,15002,1.0,15277,1830,90794,0.01
6,92630,15003,1.0,15278,1830,90800,0.01
6,92636,15004,1.0,15279,1830,90806,0.01
6,92642,15005,1.0,15280,1830,90812,0.01
6,92648,15006,1.0,15281,1830,90818,0.01
6,92654,15007,1.0,15282,1830,90824,0.01
6,92660,15008,1.0,15283,1830,90830,0.01
6,92666,15009,1.0,15284,1830,90836,0.01
6,92672,15010,1.0,15285,1830,90842,0.01
8,92680,15011,1.0,15286,1831,90849,0.01
6,92686,15012,1.0,15287,1831,90855,0.01
6,92692,15013,1.0,15288,1831,90861,0.01
6,92698,15014,1.0,15289,1831,90867,0.01
6,92704,15015,1.0,15290,1831,90873,0.01
7,92711,15016,1.0,15291,1832,90879,0.01
6,92717,15017,1.0,15292,1832,90885,0.01
6,92723,15018,1.0,15293,1832,90891,0.01
6,92729,15019,1.0,15294,1832,90897,0.01
6,92735,15020,1.0,15295,1832,90903,0.01
6,92741,15021,1.0,15296,1832,90909,0.01
6,92747,15022,1.0,15297,1832,90915,0.01
6,92753,15023,1.0,15298,1832,90921,0.01
6,92759,15024,1.0,15299,1832,90927,0.01
6,92765,15025,1.0,15300,1832,90933,0.01
6,92771,15026,1.0,15301,1832,90939,0.01
6,92777,15027,1.0,15302,1832,90945,0.01
6,92783,15028,1.0,15303,1832,90951,0.01
6,92789,15029,1.0,15304,1832,90957,0.01
6,92795,15030,1.0,15305,1832,90963,0.01
6,92801,15031,1.0,15306,1832,90969,0.01
6,92807,15032,1.0,15307,1832,90975,0.01
6,92813,15033,1.0,15308,1832,90981,0.01
6,92819,15034,1.0,15309,1832,90987,0.01
6,92825,15035,1.0,15310,1832,90993,0.01
6,92831,15036,1.0,15311,1832,90999,0.01
6,92837,15037,1.0,15312,1832,91005,0.01
6,92843,15038,1.0,15313,1832,91011,0.01
6,92849,15039,1.0,15314,1832,91017,0.01
6,92855,15040,1.0,15315,1832,91023,0.01
6,92861,15041,1.0,15316,1833,91028,0.01
6,92867,15042,1.0,15317,1833,91034,0.01
6,92873,15043,1.0,15318,1833,91040,0.01
6,92879,15044,1.0,15319,1833,91046,0.01
6,92885,15045,1.0,15320,1833,91052,0.01
6,92891,15046,1.0,15321,1833,91058,0.01
6,92897,15047,1.0,15322,1833,91064,0.01
6,92903,15048,1.0,15323,1833,91070,0.01
6,92909,15049,1.0,15324,1833,91076,0.01
6,92915,15050,1.0,15325,1833,91082,0.01
6,92921,15051,1.0,15326,1833,91088,0.01
6,92927,15052,1.0,15327,1833,91094,0.01
6,92933,15053,1.0,15328,1833,91100,0.01
6,92939,15054,1.0,15329,1833,91106,0.01
6,92945,15055,1.0,15330,1833,91112,0.01
6,92951,15056,1.0,15331,1833,91118,0.01
6,92957,15057,1.0,15332,1833,91124,0.01
6,92963,15058,1.0,15333,1833,91130,0.01
6,92969,15059,1.0,15334,1833,91136,0.01
6,92975,15060,1.0,15335,1833,91142,0.01
6,92981,15061,1.0,15336,1833,91148,0.01
8,92989,15062,1.0,15337,1834,91155,0.01
6,92995,15063,1.0,15338,1834,91161,0.01
6,93001,15064,1.0,15339,1834,91167,0.01
6,93007,15065,1.0,15340,1834,91173,0.01
6,93013,15066,1.0,15341,1834,91179,0.01
6,93019,15067,1.0,15342,1834,91185,0.01
6,93025,15068,1.0,15343,1834,91191,0.01
6,93031,15069,1.0,15344,1834,91197,0.01
6,93037,15070,1.0,15345,1834,91203,0.01
6,93043,15071,1.0,15346,1834,91209,0.01
6,93049,15072,1.0,15347,1834,91215,0.01
6,93055,15073,1.0,15348,1834,91221,0.01
6,93061,15074,1.0,15349,1834,91227,0.01
6,93067,15075,1.0,15350,1834,91233,0.01
6,93073,15076,1.0,15351,1834,91239,0.01
6,93079,15077,1.0,15352,1834,91245,0.01
6,93085,15078,1.0,15353,1834,91251,0.01
7,93092,15079,1.0,15354,1835,91257,0.01
6,93098,15080,1.0,15355,1835,91263,0.01
6,93104,15081,1.0,15356,1835,91269,0.01
6,93110,15082,1.0,15357,1835,91275,0.01
6,93116,15083,1.0,15358,1835,91281,0.01
6,93122,15084,1.0,15359,1835,91287,0.01
6,93128,15085,1.0,15360,1835,91293,0.01
6,93134,15086,1.0,15361,1835,91299,0.01
6,93140,15087,1.0,15362,1835,91305,0.01
6,93146,15088,1.0,15363,1835,91311,0.01
6,93152,15089,1.0,15364,1835,91317,0.01
6,93158,15090,1.0,15365,1835,91323,0.01
6,93164,15091,1.0,15366,1835,91329,0.01
6,93170,15092,1.0,15367,1835,91335,0.01
6,93176,15093,1.0,15368,1835,91341,0.01
6,93182,15094,1.0,15369,1835,91347,0.01
6,93188,15095,1.0,15370,1835,91353,0.01
6,93194,15096,1.0,15371,1835,91359,0.01
6,93200,15097,1.0,15372,1835,91365,0.01
6,93206,15098,1.0,15373,1835,91371,0.01
6,93212,15099,1.0,15374,1835,91377,0.01
6,93218,15100,1.0,15375,1835,91383,0.01
6,93224,15101,1.0,15376,1835,91389,0.01
6,93230,15102,1.0,15377,1835,91395,0.01
6,93236,15103,1.0,15378,1835,91401,0.01
6,93242,15104,1.0,15379,1835,91407,0.01
6,93248,15105,1.0,15380,1835,91413,0.01
6,93254,15106,1.0,15381,1835,91419,0.01
6,93260,15107,1.0,15382,1835,91425,0.01
6,93266,15108,1.0,15383,1835,91431,0.01
6,93272,15109,1.0,15384,1835,91437,0.01
6,93278,15110,1.0,15385,1835,91443,0.01
6,93284,15111,1.0,15386,1835,91449,0.01
6,93290,15112,1.0,15387,1835,91455,0.01
6,93296,15113,1.0,15388,1835,91461,0.01
6,93302,15114,1.0,15389,1835,91467,0.01
6,93308,15115,1.0,15390,1835,91473,0.01
6,93314,15116,1.0,15391,1835,91479,0.01
8,93322,15117,1.0,15392,1837,91485,0.01
6,93328,15118,1.0,15393,1837,91491,0.01
6,93334,15119,1.0,15394,1837,91497,0.01
6,93340,15120,1.0,15395,1837,91503,0.01
6,93346,15121,1.0,15396,1837,91509,0.01
6,93352,15122,1.0,15397,1837,91515,0.01
6,93358,15123,1.0,15398,1837,91521,0.01
6,93364,15124,1.0,15399,1837,91527,0.01
6,93370,15125,1.0,15400,1837,91533,0.01
6,93376,15126,1.0,15401,1837,91539,0.01
6,93382,15127,1.0,15402,1837,91545,0.01
6,93388,15128,1.0,15403,1837,91551,0.01
6,93394,15129,1.0,15404,1837,91557,0.01
6,93400,15130,1.0,15405,1837,91563,0.01
6,93406,15131,1.0,15406,1837,91569,0.01
6,93412,15132,1.0,15407,1837,91575,0.01
6,93418,15133,1.0,15408,1837,91581,0.01
6,93424,15134,1.0,15409,1837,91587,0.01
6,93430,15135,1.0,15410,1837,91593,0.01
6,93436,15136,1.0,15411,1837,91599,0.01
6,93442,15137,1.0,15412,1837,91605,0.01
6,93448,15138,1.0,15413,1837,91611,0.01
6,93454,15139,1.0,15414,1837,91617,0.01
6,93460,15140,1.0,15415,1837,91623,0.01
6,93466,15141,1.0,15416,1837,91629,0.01
6,93472,15142,1.0,15417,1837,91635,0.01
6,93478,15143,1.0,15418,1837,91641,0.01
6,93484,15144,1.0,15419,1837,91647,0.01
6,93490,15145,1.0,15420,1837,91653,0.01
6,93496,15146,1.0,15421,1837,91659,0.01
8,93504,15147,1.0,15422,1838,91666,0.01
6,93510,15148,1.0,15423,1838,91672,0.01
6,93516,15149,1.0,15424,1838,91678,0.01
6,93522,15150,1.0,15425,1838,91684,0.01
6,93528,15151,1.0,15426,1838,91690,0.01
6,93534,15152,1.0,15427,1838,91696,0.01
6,93540,15153,1.0,15428,1838,91702,0.01
6,93546,15154,1.0,15429,1838,91708,0.01
6,93552,15155,1.0,15430,1838,91714,0.01
6,93558,15156,1.0,15431,1838,91720,0.01
6,93564,15157,1.0,15432,1838,91726,0.01
6,93570,15158,1.0,15433,1838,91732,0.01
6,93576,15159,1.0,15434,1838,91738,0.01
6,93582,15160,1.0,15435,1838,91744,0.01
6,93588,15161,1.0,15436,1838,91750,0.01
6,93594,15162,1.0,15437,1838,91756,0.01
6,93600,15163,1.0,15438,1838,91762,0.01
6,93606,15164,1.0,15439,1838,91768,0.01
6,93612,15165,1.0,15440,1838,91774,0.01
6,93618,15166,1.0,15441,1838,91780,0.01
6,93624,15167,1.0,15442,1838,91786,0.01
6,93630,15168,1.0,15443,1838,91792,0.01
6,93636,15169,1.0,15444,1838,91798,0.01
6,93642,15170,1.0,15445,1838,91804,0.01
6,93648,15171,1.0,15446,1838,91810,0.01
6,93654,15172,1.0,15447,1838,91816,0.01
6,93660,15173,1.0,15448,1838,91822,0.01
6,93666,15174,1.0,15449,1838,91828,0.01
6,93672,15175,1.0,15450,1838,91834,0.01
6,93678,15176,1.0,15451,1838,91840,0.01
6,93684,15177,1.0,15452,1839,91845,0.01
6,93690,15178,1.0,15453,1839,91851,0.01
6,93696,15179,1.0,15454,1839,91857,0.01
6,93702,15180,1.0,15455,1839,91863,0.01
6,93708,15181,1.0,15456,1839,91869,0.01
6,93714,15182,1.0,15457,1839,91875,0.01
6,93720,15183,1.0,15458,1839,91881,0.01
6,93726,15184,1.0,15459,1839,91887,0.01
6,93732,15185,1.0,15460,1839,91893,0.01
6,93738,15186,1.0,15461,1839,91899,0.01
6,93744,15187,1.0,15462,1839,91905,0.01
6,93750,15188,1.0,15463,1839,91911,0.01
6,93756,15189,1.0,15464,1839,91917,0.01
6,93762,15190,1.0,15465,1839,91923,0.01
6,93768,15191,1.0,15466,1839,91929,0.01
6,93774,15192,1.0,15467,1839,91935,0.01
6,93780,15193,1.0,15468,1839,91941,0.01
6,93786,15194,1.0,15469,1839,91947,0.01
6,93792,15195,1.0,15470,1839,91953,0.01
6,93798,15196,1.0,15471,1839,91959,0.01
6,93804,15197,1.0,15472,1839,91965,0.01
6,93810,15198,1.0,15473,1839,91971,0.01
6,93816,15199,1.0,15474,1839,91977,0.01
6,93822,15200,1.0,15475,1839,91983,0.01
6,93828,15201,1.0,15476,1839,91989,0.01
6,93834,15202,1.0,15477,1839,91995,0.01
6,93840,15203,1.0,15478,1839,92001,0.01
6,93846,15204,1.0,15479,1839,92007,0.01
6,93852,15205,1.0,15480,1839,92013,0.01
6,93858,15206,1.0,15481,1839,92019,0.01
6,93864,15207,1.0,15482,1839,92025,0.01
6,93870,15208,1.0,15483,1839,92031,0.01
6,93876,15209,1.0,15484,1839,92037,0.01
6,93882,15210,1.0,15485,1839,92043,0.01
6,93888,15211,1.0,15486,1839,92049,0.01
6,93894,15212,1.0,15487,1839,92055,0.01
6,93900,15213,1.0,15488,1839,92061,0.01
8,93908,15214,1.0,15489,1840,92068,0.01
6,93914,15215,1.0,15490,1840,92074,0.01
6,93920,15216,1.0,15491,1840,92080,0.01
6,93926,15217,1.0,15492,1840,92086,0.01
6,93932,15218,1.0,15493,1840,92092,0.01
7,93939,15219,1.0,15494,1841,92098,0.01
8,93947,15220,1.0,15495,1842,92105,0.01
6,93953,15221,1.0,15496,1842,92111,0.01
6,93959,15222,1.0,15497,1842,92117,0.01
6,93965,15223,1.0,15498,1842,92123,0.01
6,93971,15224,1.0,15499,1842,92129,0.01
6,93977,15225,1.0,15500,1842,92135,0.01
6,93983,15226,1.0,15501,1842,92141,0.01
6,93989,15227,1.0,15502,1842,92147,0.01
6,93995,15228,1.0,15503,1842,92153,0.01
6,94001,15229,1.0,15504,1842,92159,0.01
6,94007,15230,1.0,15505,1842,92165,0.01
6,94013,15231,1.0,15506,1842,92171,0.01
6,94019,15232,1.0,15507,1842,92177,0.01
6,94025,15233,1.0,15508,1842,92183,0.01
8,94033,15234,1.0,15509,1843,92190,0.01
6,94039,15235,1.0,15510,1843,92196,0.01
6,94045,15236,1.0,15511,1843,92202,0.01
6,94051,15237,1.0,15512,1843,92208,0.01
6,94057,15238,1.0,15513,1843,92214,0.01
6,94063,15239,1.0,15514,1843,92220,0.01
6,94069,15240,1.0,15515,1843,92226,0.01
6,94075,15241,1.0,15516,1843,92232,0.01
6,94081,15242,1.0,15517,1843,92238,0.01
6,94087,15243,1.0,15518,1843,92244,0.01
6,94093,15244,1.0,15519,1843,92250,0.01
6,94099,15245,1.0,15520,1843,92256,0.01
6,94105,15246,1.0,15521,1843,92262,0.01
6,94111,15247,1.0,15522,1843,92268,0.01
6,94117,15248,1.0,15523,1843,92274,0.01
6,94123,15249,1.0,15524,1843,92280,0.01
6,94129,15250,1.0,15525,1843,92286,0.01
3,94132,15250,0.0,15526,1844,92288,0.01
6,94138,15251,1.0,15527,1844,92294,0.01
6,94144,15252,1.0,15528,1844,92300,0.01
6,94150,15253,1.0,15529,1844,92306,0.01
6,94156,15254,1.0,15530,1844,92312,0.01
6,94162,15255,1.0,15531,1844,92318,0.01
6,94168,15256,1.0,15532,1844,92324,0.01
6,94174,15257,1.0,15533,1844,92330,0.01
6,94180,15258,1.0,15534,1844,92336,0.01
6,94186,15259,1.0,15535,1844,92342,0.01
6,94192,15260,1.0,15536,1844,92348,0.01
6,94198,15261,1.0,15537,1844,92354,0.01
6,94204,15262,1.0,15538,1844,92360,0.01
6,94210,15263,1.0,15539,1844,92366,0.01
6,94216,15264,1.0,15540,1844,92372,0.01
6,94222,15265,1.0,15541,1844,92378,0.01
6,94228,15266,1.0,15542,1844,92384,0.01
6,94234,15267,1.0,15543,1844,92390,0.01
6,94240,15268,1.0,15544,1844,92396,0.01
8,94248,15269,1.0,15545,1845,92403,0.01
6,94254,15270,1.0,15546,1845,92409,0.01
6,94260,15271,1.0,15547,1845,92415,0.01
6,94266,15272,1.0,15548,1845,92421,0.01
6,94272,15273,1.0,15549,1845,92427,0.01
8,94280,15274,1.0,15550,1846,92434,0.01
6,94286,15275,1.0,15551,1846,92440,0.01
6,94292,15276,1.0,15552,1846,92446,0.01
6,94298,15277,1.0,15553,1846,92452,0.01
6,94304,15278,1.0,15554,1846,92458,0.01
6,94310,15279,1.0,15555,1846,92464,0.01
6,94316,15280,1.0,15556,1846,92470,0.01
6,94322,15281,1.0,15557,1846,92476,0.01
6,94328,15282,1.0,15558,1846,92482,0.01
6,94334,15283,1.0,15559,1846,92488,0.01
6,94340,15284,1.0,15560,1846,92494,0.01
6,94346,15285,1.0,15561,1846,92500,0.01
6,94352,15286,1.0,15562,1846,92506,0.01
6,94358,15287,1.0,15563,1846,92512,0.01
6,94364,15288,1.0,15564,1846,92518,0.01
6,94370,15289,1.0,15565,1846,92524,0.01
6,94376,15290,1.0,15566,1846,92530,0.01
6,94382,15291,1.0,15567,1846,92536,0.01
6,94388,15292,1.0,15568,1846,92542,0.01
6,94394,15293,1.0,15569,1846,92548,0.01
6,94400,15294,1.0,15570,1846,92554,0.01
6,94406,15295,1.0,15571,1846,92560,0.01
6,94412,15296,1.0,15572,1846,92566,0.01
6,94418,15297,1.0,15573,1846,92572,0.01
6,94424,15298,1.0,15574,1846,92578,0.01
6,94430,15299,1.0,15575,1846,92584,0.01
6,94436,15300,1.0,15576,1846,92590,0.01
6,94442,15301,1.0,15577,1846,92596,0.01
6,94448,15302,1.0,15578,1846,92602,0.01
6,94454,15303,1.0,15579,1846,92608,0.01
6,94460,15304,1.0,15580,1846,92614,0.01
6,94466,15305,1.0,15581,1846,92620,0.01
6,94472,15306,1.0,15582,1846,92626,0.01
6,94478,15307,1.0,15583,1846,92632,0.01
6,94484,15308,1.0,15584,1846,92638,0.01
6,94490,15309,1.0,15585,1846,92644,0.01
6,94496,15310,1.0,15586,1846,92650,0.01
6,94502,15311,1.0,15587,1846,92656,0.01
6,94508,15312,1.0,15588,1846,92662,0.01
6,94514,15313,1.0,15589,1846,92668,0.01
6,94520,15314,1.0,15590,1846,92674,0.01
6,94526,15315,1.0,15591,1846,92680,0.01
7,94533,15316,1.0,15592,1847,92686,0.01
6,94539,15317,1.0,15593,1847,92692,0.01
6,94545,15318,1.0,15594,1847,92698,0.01
6,94551,15319,1.0,15595,1847,92704,0.01
6,94557,15320,1.0,15596,1847,92710,0.01
6,94563,15321,1.0,15597,1847,92716,0.01
6,94569,15322,1.0,15598,1847,92722,0.01
6,94575,15323,1.0,15599,1847,92728,0.01
6,94581,15324,1.0,15600,1847,92734,0.01
6,94587,15325,1.0,15601,1847,92740,0.01
6,94593,15326,1.0,15602,1847,92746,0.01
6,94599,15327,1.0,15603,1847,92752,0.01
6,94605,15328,1.0,15604,1847,92758,0.01
6,94611,15329,1.0,15605,1847,92764,0.01
6,94617,15330,1.0,15606,1847,92770,0.01
6,94623,15331,1.0,15607,1847,92776,0.01
6,94629,15332,1.0,15608,1847,92782,0.01
6,94635,15333,1.0,15609,1847,92788,0.01
6,94641,15334,1.0,15610,1847,92794,0.01
6,94647,15335,1.0,15611,1847,92800,0.01
6,94653,15336,1.0,15612,1847,92806,0.01
6,94659,15337,1.0,15613,1847,92812,0.01
6,94665,15338,1.0,15614,1847,92818,0.01
6,94671,15339,1.0,15615,1847,92824,0.01
6,94677,15340,1.0,15616,1847,92830,0.01
6,94683,15341,1.0,15617,1847,92836,0.01
6,94689,15342,1.0,15618,1847,92842,0.01
6,94695,15343,1.0,15619,1847,92848,0.01
6,94701,15344,1.0,15620,1847,92854,0.01
4,94705,15344,0.0,15621,1848,92857,0.01
6,94711,15345,1.0,15622,1848,92863,0.01
6,94717,15346,1.0,15623,1848,92869,0.01
6,94723,15347,1.0,15624,1848,92875,0.01
6,94729,15348,1.0,15625,1848,92881,0.01
6,94735,15349,1.0,15626,1849,92886,0.01
6,94741,15350,1.0,15627,1849,92892,0.01
6,94747,15351,1.0,15628,1849,92898,0.01
6,94753,15352,1.0,15629,1849,92904,0.01
6,94759,15353,1.0,15630,1849,92910,0.01
6,94765,15354,1.0,15631,1849,92916,0.01
6,94771,15355,1.0,15632,1849,92922,0.01
6,94777,15356,1.0,15633,1849,92928,0.01
6,94783,15357,1.0,15634,1849,92934,0.01
6,94789,15358,1.0,15635,1849,92940,0.01
6,94795,15359,1.0,15636,1849,92946,0.01
6,94801,15360,1.0,15637,1849,92952,0.01
6,94807,15361,1.0,15638,1849,92958,0.01
6,94813,15362,1.0,15639,1849,92964,0.01
6,94819,15363,1.0,15640,1849,92970,0.01
6,94825,15364,1.0,15641,1849,92976,0.01
6,94831,15365,1.0,15642,1849,92982,0.01
6,94837,15366,1.0,15643,1849,92988,0.01
6,94843,15367,1.0,15644,1849,92994,0.01
6,94849,15368,1.0,15645,1849,93000,0.01
6,94855,15369,1.0,15646,1849,93006,0.01
6,94861,15370,1.0,15647,1849,93012,0.01
7,94868,15371,1.0,15648,1850,93018,0.01
6,94874,15372,1.0,15649,1851,93023,0.01
6,94880,15373,1.0,15650,1851,93029,0.01
6,94886,15374,1.0,15651,1851,93035,0.01
6,94892,15375,1.0,15652,1851,93041,0.01
6,94898,15376,1.0,15653,1851,93047,0.01
6,94904,15377,1.0,15654,1851,93053,0.01
6,94910,15378,1.0,15655,1851,93059,0.01
6,94916,15379,1.0,15656,1852,93064,0.01
6,94922,15380,1.0,15657,1852,93070,0.01
8,94930,15381,1.0,15658,1853,93077,0.01
6,94936,15382,1.0,15659,1853,93083,0.01
6,94942,15383,1.0,15660,1853,93089,0.01
6,94948,15384,1.0,15661,1853,93095,0.01
6,94954,15385,1.0,15662,1853,93101,0.01
6,94960,15386,1.0,15663,1853,93107,0.01
6,94966,15387,1.0,15664,1853,93113,0.01
6,94972,15388,1.0,15665,1853,93119,0.01
6,94978,15389,1.0,15666,1853,93125,0.01
6,94984,15390,1.0,15667,1853,93131,0.01
6,94990,15391,1.0,15668,1853,93137,0.01
6,94996,15392,1.0,15669,1853,93143,0.01
6,95002,15393,1.0,15670,1853,93149,0.01
6,95008,15394,1.0,15671,1853,93155,0.01
6,95014,15395,1.0,15672,1853,93161,0.01
6,95020,15396,1.0,15673,1853,93167,0.01
6,95026,15397,1.0,15674,1853,93173,0.01
6,95032,15398,1.0,15675,1853,93179,0.01
6,95038,15399,1.0,15676,1853,93185,0.01
6,95044,15400,1.0,15677,1853,93191,0.01
6,95050,15401,1.0,15678,1853,93197,0.01
6,95056,15402,1.0,15679,1853,93203,0.01
6,95062,15403,1.0,15680,1853,93209,0.01
6,95068,15404,1.0,15681,1853,93215,0.01
6,95074,15405,1.0,15682,1853,93221,0.01
6,95080,15406,1.0,15683,1853,93227,0.01
6,95086,15407,1.0,15684,1853,93233,0.01
6,95092,15408,1.0,15685,1853,93239,0.01
7,95099,15409,1.0,15686,1854,93245,0.01
6,95105,15410,1.0,15687,1854,93251,0.01
6,95111,15411,1.0,15688,1854,93257,0.01
6,95117,15412,1.0,15689,1854,93263,0.01
6,95123,15413,1.0,15690,1854,93269,0.01
6,95129,15414,1.0,15691,1854,93275,0.01
6,95135,15415,1.0,15692,1854,93281,0.01
6,95141,15416,1.0,15693,1854,93287,0.01
6,95147,15417,1.0,15694,1854,93293,0.01
6,95153,15418,1.0,15695,1854,93299,0.01
6,95159,15419,1.0,15696,1854,93305,0.01
6,95165,15420,1.0,15697,1854,93311,0.01
6,95171,15421,1.0,15698,1854,93317,0.01
6,95177,15422,1.0,15699,1854,93323,0.01
6,95183,15423,1.0,15700,1854,93329,0.01
6,95189,15424,1.0,15701,1854,93335,0.01
6,95195,15425,1.0,15702,1854,93341,0.01
6,95201,15426,1.0,15703,1854,93347,0.01
6,95207,15427,1.0,15704,1854,93353,0.01
6,95213,15428,1.0,15705,1854,93359,0.01
6,95219,15429,1.0,15706,1854,93365,0.01
6,95225,15430,1.0,15707,1854,93371,0.01
6,95231,15431,1.0,15708,1854,93377,0.01
6,95237,15432,1.0,15709,1854,93383,0.01
6,95243,15433,1.0,15710,1854,93389,0.01
6,95249,15434,1.0,15711,1854,93395,0.01
6,95255,15435,1.0,15712,1854,93401,0.01
6,95261,15436,1.0,15713,1854,93407,0.01
6,95267,15437,1.0,15714,1854,93413,0.01
6,95273,15438,1.0,15715,1854,93419,0.01
6,95279,15439,1.0,15716,1854,93425,0.01
6,95285,15440,1.0,15717,1854,93431,0.01
6,95291,15441,1.0,15718,1854,93437,0.01
6,95297,15442,1.0,15719,1854,93443,0.01
6,95303,15443,1.0,15720,1854,93449,0.01
6,95309,15444,1.0,15721,1854,93455,0.01
6,95315,15445,1.0,15722,1854,93461,0.01
6,95321,15446,1.0,15723,1855,93466,0.01
6,95327,15447,1.0,15724,1855,93472,0.01
6,95333,15448,1.0,15725,1855,93478,0.01
6,95339,15449,1.0,15726,1855,93484,0.01
6,95345,15450,1.0,15727,1855,93490,0.01
6,95351,15451,1.0,15728,1855,93496,0.01
6,95357,15452,1.0,15729,1855,93502,0.01
6,95363,15453,1.0,15730,1855,93508,0.01
6,95369,15454,1.0,15731,1855,93514,0.01
6,95375,15455,1.0,15732,1855,93520,0.01
6,95381,15456,1.0,15733,1855,93526,0.01
6,95387,15457,1.0,15734,1855,93532,0.01
6,95393,15458,1.0,15735,1855,93538,0.01
6,95399,15459,1.0,15736,1855,93544,0.01
6,95405,15460,1.0,15737,1855,93550,0.01
6,95411,15461,1.0,15738,1855,93556,0.01
6,95417,15462,1.0,15739,1855,93562,0.01
6,95423,15463,1.0,15740,1855,93568,0.01
6,95429,15464,1.0,15741,1855,93574,0.01
6,95435,15465,1.0,15742,1855,93580,0.01
6,95441,15466,1.0,15743,1855,93586,0.01
6,95447,15467,1.0,15744,1855,93592,0.01
6,95453,15468,1.0,15745,1855,93598,0.01
6,95459,15469,1.0,15746,1855,93604,0.01
6,95465,15470,1.0,15747,1855,93610,0.01
6,95471,15471,1.0,15748,1855,93616,0.01
6,95477,15472,1.0,15749,1855,93622,0.01
6,95483,15473,1.0,15750,1855,93628,0.01
6,95489,15474,1.0,15751,1855,93634,0.01
6,95495,15475,1.0,15752,1855,93640,0.01
6,95501,15476,1.0,15753,1855,93646,0.01
6,95507,15477,1.0,15754,1855,93652,0.01
6,95513,15478,1.0,15755,1855,93658,0.01
6,95519,15479,1.0,15756,1855,93664,0.01
6,95525,15480,1.0,15757,1855,93670,0.01
6,95531,15481,1.0,15758,1855,93676,0.01
6,95537,15482,1.0,15759,1855,93682,0.01
6,95543,15483,1.0,15760,1855,93688,0.01
6,95549,15484,1.0,15761,1855,93694,0.01
6,95555,15485,1.0,15762,1855,93700,0.01
6,95561,15486,1.0,15763,1855,93706,0.01
6,95567,15487,1.0,15764,1855,93712,0.01
6,95573,15488,1.0,15765,1855,93718,0.01
6,95579,15489,1.0,15766,1855,93724,0.01
6,95585,15490,1.0,15767,1855,93730,0.01
6,95591,15491,1.0,15768,1855,93736,0.01
6,95597,15492,1.0,15769,1855,93742,0.01
6,95603,15493,1.0,15770,1855,93748,0.01
6,95609,15494,1.0,15771,1855,93754,0.01
6,95615,15495,1.0,15772,1855,93760,0.01
6,95621,15496,1.0,15773,1855,93766,0.01
6,95627,15497,1.0,15774,1855,93772,0.01
7,95634,15498,1.0,15775,1856,93778,0.01
6,95640,15499,1.0,15776,1856,93784,0.01
6,95646,15500,1.0,15777,1856,93790,0.01
6,95652,15501,1.0,15778,1856,93796,0.01
6,95658,15502,1.0,15779,1856,93802,0.01
6,95664,15503,1.0,15780,1856,93808,0.01
6,95670,15504,1.0,15781,1856,93814,0.01
6,95676,15505,1.0,15782,1856,93820,0.01
6,95682,15506,1.0,15783,1856,93826,0.01
6,95688,15507,1.0,15784,1856,93832,0.01
6,95694,15508,1.0,15785,1856,93838,0.01
6,95700,15509,1.0,15786,1856,93844,0.01
6,95706,15510,1.0,15787,1856,93850,0.01
7,95713,15511,1.0,15788,1857,93856,0.01
6,95719,15512,1.0,15789,1857,93862,0.01
6,95725,15513,1.0,15790,1857,93868,0.01
6,95731,15514,1.0,15791,1857,93874,0.01
6,95737,15515,1.0,15792,1857,93880,0.01
6,95743,15516,1.0,15793,1857,93886,0.01
6,95749,15517,1.0,15794,1857,93892,0.01
6,95755,15518,1.0,15795,1857,93898,0.01
6,95761,15519,1.0,15796,1857,93904,0.01
6,95767,15520,1.0,15797,1857,93910,0.01
6,95773,15521,1.0,15798,1857,93916,0.01
6,95779,15522,1.0,15799,1857,93922,0.01
6,95785,15523,1.0,15800,1857,93928,0.01
6,95791,15524,1.0,15801,1857,93934,0.01
6,95797,15525,1.0,15802,1857,93940,0.01
6,95803,15526,1.0,15803,1857,93946,0.01
6,95809,15527,1.0,15804,1857,93952,0.01
6,95815,15528,1.0,15805,1857,93958,0.01
6,95821,15529,1.0,15806,1857,93964,0.01
6,95827,15530,1.0,15807,1857,93970,0.01
6,95833,15531,1.0,15808,1857,93976,0.01
6,95839,15532,1.0,15809,1857,93982,0.01
6,95845,15533,1.0,15810,1858,93987,0.01
6,95851,15534,1.0,15811,1858,93993,0.01
6,95857,15535,1.0,15812,1858,93999,0.01
6,95863,15536,1.0,15813,1858,94005,0.01
6,95869,15537,1.0,15814,1858,94011,0.01
6,95875,15538,1.0,15815,1858,94017,0.01
6,95881,15539,1.0,15816,1858,94023,0.01
6,95887,15540,1.0,15817,1858,94029,0.01
6,95893,15541,1.0,15818,1858,94035,0.01
6,95899,15542,1.0,15819,1858,94041,0.01
6,95905,15543,1.0,15820,1858,94047,0.01
6,95911,15544,1.0,15821,1858,94053,0.01
6,95917,15545,1.0,15822,1858,94059,0.01
6,95923,15546,1.0,15823,1858,94065,0.01
6,95929,15547,1.0,15824,1858,94071,0.01
6,95935,15548,1.0,15825,1858,94077,0.01
6,95941,15549,1.0,15826,1858,94083,0.01
6,95947,15550,1.0,15827,1858,94089,0.01
6,95953,15551,1.0,15828,1858,94095,0.01
6,95959,15552,1.0,15829,1858,94101,0.01
6,95965,15553,1.0,15830,1859,94106,0.01
6,95971,15554,1.0,15831,1859,94112,0.01
6,95977,15555,1.0,15832,1859,94118,0.01
6,95983,15556,1.0,15833,1859,94124,0.01
6,95989,15557,1.0,15834,1859,94130,0.01
6,95995,15558,1.0,15835,1859,94136,0.01
6,96001,15559,1.0,15836,1859,94142,0.01
6,96007,15560,1.0,15837,1859,94148,0.01
6,96013,15561,1.0,15838,1859,94154,0.01
6,96019,15562,1.0,15839,1859,94160,0.01
6,96025,15563,1.0,15840,1859,94166,0.01
6,96031,15564,1.0,15841,1859,94172,0.01
6,96037,15565,1.0,15842,1859,94178,0.01
6,96043,15566,1.0,15843,1859,94184,0.01
6,96049,15567,1.0,15844,1859,94190,0.01
6,96055,15568,1.0,15845,1859,94196,0.01
6,96061,15569,1.0,15846,1859,94202,0.01
8,96069,15570,1.0,15847,1860,94209,0.01
6,96075,15571,1.0,15848,1860,94215,0.01
6,96081,15572,1.0,15849,1860,94221,0.01
6,96087,15573,1.0,15850,1860,94227,0.01
6,96093,15574,1.0,15851,1860,94233,0.01
6,96099,15575,1.0,15852,1860,94239,0.01
6,96105,15576,1.0,15853,1860,94245,0.01
6,96111,15577,1.0,15854,1860,94251,0.01
6,96117,15578,1.0,15855,1860,94257,0.01
6,96123,15579,1.0,15856,1860,94263,0.01
6,96129,15580,1.0,15857,1860,94269,0.01
6,96135,15581,1.0,15858,1860,94275,0.01
6,96141,15582,1.0,15859,1860,94281,0.01
6,96147,15583,1.0,15860,1860,94287,0.01
6,96153,15584,1.0,15861,1860,94293,0.01
6,96159,15585,1.0,15862,1860,94299,0.01
6,96165,15586,1.0,15863,1860,94305,0.01
6,96171,15587,1.0,15864,1860,94311,0.01
6,96177,15588,1.0,15865,1860,94317,0.01
6,96183,15589,1.0,15866,1860,94323,0.01
6,96189,15590,1.0,15867,1860,94329,0.01
6,96195,15591,1.0,15868,1860,94335,0.01
6,96201,15592,1.0,15869,1860,94341,0.01
6,96207,15593,1.0,15870,1860,94347,0.01
6,96213,15594,1.0,15871,1860,94353,0.01
6,96219,15595,1.0,15872,1860,94359,0.01
6,96225,15596,1.0,15873,1860,94365,0.01
6,96231,15597,1.0,15874,1860,94371,0.01
6,96237,15598,1.0,15875,1860,94377,0.01
6,96243,15599,1.0,15876,1860,94383,0.01
6,96249,15600,1.0,15877,1860,94389,0.01
6,96255,15601,1.0,15878,1860,94395,0.01
6,96261,15602,1.0,15879,1860,94401,0.01
6,96267,15603,1.0,15880,1860,94407,0.01
6,96273,15604,1.0,15881,1860,94413,0.01
6,96279,15605,1.0,15882,1860,94419,0.01
6,96285,15606,1.0,15883,1860,94425,0.01
3,96288,15606,0.0,15884,1861,94427,0.01
6,96294,15607,1.0,15885,1861,94433,0.01
6,96300,15608,1.0,15886,1861,94439,0.01
6,96306,15609,1.0,15887,1861,94445,0.01
6,96312,15610,1.0,15888,1861,94451,0.01
6,96318,15611,1.0,15889,1861,94457,0.01
6,96324,15612,1.0,15890,1861,94463,0.01
8,96332,15613,1.0,15891,1862,94470,0.01
6,96338,15614,1.0,15892,1862,94476,0.01
6,96344,15615,1.0,15893,1862,94482,0.01
6,96350,15616,1.0,15894,1862,94488,0.01
6,96356,15617,1.0,15895,1862,94494,0.01
6,96362,15618,1.0,15896,1862,94500,0.01
6,96368,15619,1.0,15897,1862,94506,0.01
6,96374,15620,1.0,15898,1862,94512,0.01
6,96380,15621,1.0,15899,1862,94518,0.01
6,96386,15622,1.0,15900,1863,94523,0.01
6,96392,15623,1.0,15901,1863,94529,0.01
6,96398,15624,1.0,15902,1863,94535,0.01
4,96402,15624,0.0,15903,1864,94538,0.01
6,96408,15625,1.0,15904,1864,94544,0.01
6,96414,15626,1.0,15905,1864,94550,0.01
6,96420,15627,1.0,15906,1864,94556,0.01
6,96426,15628,1.0,15907,1864,94562,0.01
6,96432,15629,1.0,15908,1864,94568,0.01
6,96438,15630,1.0,15909,1864,94574,0.01
6,96444,15631,1.0,15910,1864,94580,0.01
6,96450,15632,1.0,15911,1864,94586,0.01
6,96456,15633,1.0,15912,1864,94592,0.01
6,96462,15634,1.0,15913,1864,94598,0.01
6,96468,15635,1.0,15914,1864,94604,0.01
6,96474,15636,1.0,15915,1864,94610,0.01
6,96480,15637,1.0,15916,1864,94616,0.01
6,96486,15638,1.0,15917,1864,94622,0.01
6,96492,15639,1.0,15918,1864,94628,0.01
6,96498,15640,1.0,15919,1864,94634,0.01
6,96504,15641,1.0,15920,1864,94640,0.01
6,96510,15642,1.0,15921,1864,94646,0.01
6,96516,15643,1.0,15922,1864,94652,0.01
6,96522,15644,1.0,15923,1864,94658,0.01
6,96528,15645,1.0,15924,1864,94664,0.01
6,96534,15646,1.0,15925,1864,94670,0.01
6,96540,15647,1.0,15926,1864,94676,0.01
6,96546,15648,1.0,15927,1864,94682,0.01
6,96552,15649,1.0,15928,1864,94688,0.01
6,96558,15650,1.0,15929,1864,94694,0.01
6,96564,15651,1.0,15930,1864,94700,0.01
6,96570,15652,1.0,15931,1864,94706,0.01
6,96576,15653,1.0,15932,1864,94712,0.01
6,96582,15654,1.0,15933,1864,94718,0.01
6,96588,15655,1.0,15934,1864,94724,0.01
6,96594,15656,1.0,15935,1864,94730,0.01
6,96600,15657,1.0,15936,1864,94736,0.01
6,96606,15658,1.0,15937,1864,94742,0.01
6,96612,15659,1.0,15938,1864,94748,0.01
6,96618,15660,1.0,15939,1864,94754,0.01
6,96624,15661,1.0,15940,1864,94760,0.01
6,96630,15662,1.0,15941,1864,94766,0.01
6,96636,15663,1.0,15942,1864,94772,0.01
6,96642,15664,1.0,15943,1864,94778,0.01
6,96648,15665,1.0,15944,1864,94784,0.01
6,96654,15666,1.0,15945,1864,94790,0.01
6,96660,15667,1.0,15946,1864,94796,0.01
6,96666,15668,1.0,15947,1864,94802,0.01
6,96672,15669,1.0,15948,1864,94808,0.01
6,96678,15670,1.0,15949,1864,94814,0.01
6,96684,15671,1.0,15950,1864,94820,0.01
6,96690,15672,1.0,15951,1864,94826,0.01
6,96696,15673,1.0,15952,1864,94832,0.01
6,96702,15674,1.0,15953,1864,94838,0.01
6,96708,15675,1.0,15954,1864,94844,0.01
6,96714,15676,1.0,15955,1864,94850,0.01
6,96720,15677,1.0,15956,1864,94856,0.01
6,96726,15678,1.0,15957,1864,94862,0.01
6,96732,15679,1.0,15958,1864,94868,0.01
6,96738,15680,1.0,15959,1864,94874,0.01
6,96744,15681,1.0,15960,1864,94880,0.01
6,96750,15682,1.0,15961,1864,94886,0.01
6,96756,15683,1.0,15962,1864,94892,0.01
6,96762,15684,1.0,15963,1864,94898,0.01
6,96768,15685,1.0,15964,1864,94904,0.01
6,96774,15686,1.0,15965,1864,94910,0.01
6,96780,15687,1.0,15966,1864,94916,0.01
6,96786,15688,1.0,15967,1864,94922,0.01
6,96792,15689,1.0,15968,1864,94928,0.01
6,96798,15690,1.0,15969,1865,94933,0.01
6,96804,15691,1.0,15970,1865,94939,0.01
6,96810,15692,1.0,15971,1865,94945,0.01
6,96816,15693,1.0,15972,1865,94951,0.01
6,96822,15694,1.0,15973,1865,94957,0.01
6,96828,15695,1.0,15974,1865,94963,0.01
6,96834,15696,1.0,15975,1865,94969,0.01
4,96838,15696,0.0,15976,1866,94972,0.01
6,96844,15697,1.0,15977,1866,94978,0.01
6,96850,15698,1.0,15978,1866,94984,0.01
6,96856,15699,1.0,15979,1866,94990,0.01
6,96862,15700,1.0,15980,1866,94996,0.01
6,96868,15701,1.0,15981,1866,95002,0.01
6,96874,15702,1.0,15982,1866,95008,0.01
6,96880,15703,1.0,15983,1866,95014,0.01
6,96886,15704,1.0,15984,1866,95020,0.01
6,96892,15705,1.0,15985,1866,95026,0.01
6,96898,15706,1.0,15986,1866,95032,0.01
6,96904,15707,1.0,15987,1866,95038,0.01
6,96910,15708,1.0,15988,1866,95044,0.01
6,96916,15709,1.0,15989,1866,95050,0.01
6,96922,15710,1.0,15990,1866,95056,0.01
6,96928,15711,1.0,15991,1866,95062,0.01
6,96934,15712,1.0,15992,1866,95068,0.01
6,96940,15713,1.0,15993,1866,95074,0.01
6,96946,15714,1.0,15994,1866,95080,0.01
6,96952,15715,1.0,15995,1866,95086,0.01
6,96958,15716,1.0,15996,1866,95092,0.01
6,96964,15717,1.0,15997,1866,95098,0.01
6,96970,15718,1.0,15998,1866,95104,0.01
6,96976,15719,1.0,15999,1866,95110,0.01
6,96982,15720,1.0,16000,1866,95116,0.01
6,96988,15721,1.0,16001,1866,95122,0.01
6,96994,15722,1.0,16002,1866,95128,0.01
6,97000,15723,1.0,16003,1866,95134,0.01
8,97008,15724,1.0,16004,1867,95141,0.01
6,97014,15725,1.0,16005,1867,95147,0.01
6,97020,15726,1.0,16006,1867,95153,0.01
6,97026,15727,1.0,16007,1867,95159,0.01
6,97032,15728,1.0,16008,1867,95165,0.01
6,97038,15729,1.0,16009,1867,95171,0.01
6,97044,15730,1.0,16010,1867,95177,0.01
6,97050,15731,1.0,16011,1867,95183,0.01
6,97056,15732,1.0,16012,1867,95189,0.01
6,97062,15733,1.0,16013,1867,95195,0.01
6,97068,15734,1.0,16014,1867,95201,0.01
6,97074,15735,1.0,16015,1867,95207,0.01
6,97080,15736,1.0,16016,1867,95213,0.01
6,97086,15737,1.0,16017,1867,95219,0.01
6,97092,15738,1.0,16018,1867,95225,0.01
6,97098,15739,1.0,16019,1867,95231,0.01
6,97104,15740,1.0,16020,1867,95237,0.01
6,97110,15741,1.0,16021,1867,95243,0.01
6,97116,15742,1.0,16022,1867,95249,0.01
6,97122,15743,1.0,16023,1867,95255,0.01
6,97128,15744,1.0,16024,1867,95261,0.01
6,97134,15745,1.0,16025,1867,95267,0.01
6,97140,15746,1.0,16026,1867,95273,0.01
6,97146,15747,1.0,16027,1867,95279,0.01
6,97152,15748,1.0,16028,1867,95285,0.01
6,97158,15749,1.0,16029,1867,95291,0.01
6,97164,15750,1.0,16030,1867,95297,0.01
6,97170,15751,1.0,16031,1867,95303,0.01
6,97176,15752,1.0,16032,1867,95309,0.01
6,97182,15753,1.0,16033,1867,95315,0.01
6,97188,15754,1.0,16034,1867,95321,0.01
6,97194,15755,1.0,16035,1867,95327,0.01
6,97200,15756,1.0,16036,1867,95333,0.01
6,97206,15757,1.0,16037,1867,95339,0.01
6,97212,15758,1.0,16038,1867,95345,0.01
6,97218,15759,1.0,16039,1867,95351,0.01
7,97225,15760,1.0,16040,1868,95357,0.01
6,97231,15761,1.0,16041,1868,95363,0.01
6,97237,15762,1.0,16042,1868,95369,0.01
6,97243,15763,1.0,16043,1868,95375,0.01
6,97249,15764,1.0,16044,1868,95381,0.01
6,97255,15765,1.0,16045,1868,95387,0.01
6,97261,15766,1.0,16046,1868,95393,0.01
6,97267,15767,1.0,16047,1868,95399,0.01
6,97273,15768,1.0,16048,1868,95405,0.01
6,97279,15769,1.0,16049,1868,95411,0.01
6,97285,15770,1.0,16050,1868,95417,0.01
6,97291,15771,1.0,16051,1868,95423,0.01
6,97297,15772,1.0,16052,1868,95429,0.01
6,97303,15773,1.0,16053,1868,95435,0.01
6,97309,15774,1.0,16054,1868,95441,0.01
6,97315,15775,1.0,16055,1868,95447,0.01
7,97322,15776,1.0,16056,1869,95453,0.01
6,97328,15777,1.0,16057,1869,95459,0.01
6,97334,15778,1.0,16058,1869,95465,0.01
6,97340,15779,1.0,16059,1869,95471,0.01
8,97348,15780,1.0,16060,1870,95478,0.01
6,97354,15781,1.0,16061,1870,95484,0.01
6,97360,15782,1.0,16062,1870,95490,0.01
6,97366,15783,1.0,16063,1870,95496,0.01
6,97372,15784,1.0,16064,1870,95502,0.01
6,97378,15785,1.0,16065,1870,95508,0.01
6,97384,15786,1.0,16066,1870,95514,0.01
6,97390,15787,1.0,16067,1870,95520,0.01
6,97396,15788,1.0,16068,1870,95526,0.01
6,97402,15789,1.0,16069,1870,95532,0.01
6,97408,15790,1.0,16070,1870,95538,0.01
6,97414,15791,1.0,16071,1870,95544,0.01
6,97420,15792,1.0,16072,1870,95550,0.01
6,97426,15793,1.0,16073,1870,95556,0.01
6,97432,15794,1.0,16074,1870,95562,0.01
6,97438,15795,1.0,16075,1870,95568,0.01
6,97444,15796,1.0,16076,1871,95573,0.01
6,97450,15797,1.0,16077,1871,95579,0.01
6,97456,15798,1.0,16078,1871,95585,0.01
6,97462,15799,1.0,16079,1871,95591,0.01
6,97468,15800,1.0,16080,1871,95597,0.01
6,97474,15801,1.0,16081,1871,95603,0.01
6,97480,15802,1.0,16082,1871,95609,0.01
8,97488,15803,1.0,16083,1872,95616,0.01
6,97494,15804,1.0,16084,1872,95622,0.01
6,97500,15805,1.0,16085,1872,95628,0.01
6,97506,15806,1.0,16086,1872,95634,0.01
6,97512,15807,1.0,16087,1872,95640,0.01
6,97518,15808,1.0,16088,1872,95646,0.01
6,97524,15809,1.0,16089,1872,95652,0.01
6,97530,15810,1.0,16090,1872,95658,0.01
6,97536,15811,1.0,16091,1872,95664,0.01
6,97542,15812,1.0,16092,1872,95670,0.01
8,97550,15813,1.0,16093,1873,95677,0.01
6,97556,15814,1.0,16094,1873,95683,0.01
6,97562,15815,1.0,16095,1873,95689,0.01
6,97568,15816,1.0,16096,1873,95695,0.01
6,97574,15817,1.0,16097,1873,95701,0.01
6,97580,15818,1.0,16098,1873,95707,0.01
6,97586,15819,1.0,16099,1873,95713,0.01
6,97592,15820,1.0,16100,1873,95719,0.01
6,97598,15821,1.0,16101,1873,95725,0.01
6,97604,15822,1.0,16102,1873,95731,0.01
6,97610,15823,1.0,16103,1873,95737,0.01
6,97616,15824,1.0,16104,1873,95743,0.01
6,97622,15825,1.0,16105,1873,95749,0.01
7,97629,15826,1.0,16106,1874,95755,0.01
6,97635,15827,1.0,16107,1874,95761,0.01
6,97641,15828,1.0,16108,1874,95767,0.01
6,97647,15829,1.0,16109,1874,95773,0.01
6,97653,15830,1.0,16110,1874,95779,0.01
6,97659,15831,1.0,16111,1874,95785,0.01
6,97665,15832,1.0,16112,1874,95791,0.01
6,97671,15833,1.0,16113,1874,95797,0.01
6,97677,15834,1.0,16114,1874,95803,0.01
6,97683,15835,1.0,16115,1874,95809,0.01
6,97689,15836,1.0,16116,1874,95815,0.01
6,97695,15837,1.0,16117,1874,95821,0.01
6,97701,15838,1.0,16118,1874,95827,0.01
6,97707,15839,1.0,16119,1874,95833,0.01
6,97713,15840,1.0,16120,1874,95839,0.01
6,97719,15841,1.0,16121,1874,95845,0.01
6,97725,15842,1.0,16122,1874,95851,0.01
6,97731,15843,1.0,16123,1874,95857,0.01
6,97737,15844,1.0,16124,1875,95862,0.01
6,97743,15845,1.0,16125,1875,95868,0.01
6,97749,15846,1.0,16126,1875,95874,0.01
6,97755,15847,1.0,16127,1875,95880,0.01
6,97761,15848,1.0,16128,1875,95886,0.01
6,97767,15849,1.0,16129,1875,95892,0.01
6,97773,15850,1.0,16130,1875,95898,0.01
6,97779,15851,1.0,16131,1875,95904,0.01
6,97785,15852,1.0,16132,1875,95910,0.01
6,97791,15853,1.0,16133,1875,95916,0.01
6,97797,15854,1.0,16134,1875,95922,0.01
6,97803,15855,1.0,16135,1875,95928,0.01
6,97809,15856,1.0,16136,1875,95934,0.01
6,97815,15857,1.0,16137,1875,95940,0.01
6,97821,15858,1.0,16138,1876,95945,0.01
6,97827,15859,1.0,16139,1876,95951,0.01
6,97833,15860,1.0,16140,1876,95957,0.01
6,97839,15861,1.0,16141,1876,95963,0.01
6,97845,15862,1.0,16142,1876,95969,0.01
6,97851,15863,1.0,16143,1876,95975,0.01
6,97857,15864,1.0,16144,1876,95981,0.01
8,97865,15865,1.0,16145,1877,95988,0.01
6,97871,15866,1.0,16146,1877,95994,0.01
6,97877,15867,1.0,16147,1877,96000,0.01
6,97883,15868,1.0,16148,1877,96006,0.01
6,97889,15869,1.0,16149,1877,96012,0.01
6,97895,15870,1.0,16150,1877,96018,0.01
6,97901,15871,1.0,16151,1877,96024,0.01
6,97907,15872,1.0,16152,1877,96030,0.01
6,97913,15873,1.0,16153,1877,96036,0.01
6,97919,15874,1.0,16154,1877,96042,0.01
6,97925,15875,1.0,16155,1877,96048,0.01
6,97931,15876,1.0,16156,1877,96054,0.01
6,97937,15877,1.0,16157,1877,96060,0.01
6,97943,15878,1.0,16158,1877,96066,0.01
6,97949,15879,1.0,16159,1877,96072,0.01
6,97955,15880,1.0,16160,1877,96078,0.01
6,97961,15881,1.0,16161,1877,96084,0.01
6,97967,15882,1.0,16162,1877,96090,0.01
6,97973,15883,1.0,16163,1877,96096,0.01
6,97979,15884,1.0,16164,1877,96102,0.01
6,97985,15885,1.0,16165,1877,96108,0.01
6,97991,15886,1.0,16166,1877,96114,0.01
6,97997,15887,1.0,16167,1877,96120,0.01
6,98003,15888,1.0,16168,1877,96126,0.01
6,98009,15889,1.0,16169,1877,96132,0.01
6,98015,15890,1.0,16170,1877,96138,0.01
6,98021,15891,1.0,16171,1877,96144,0.01
6,98027,15892,1.0,16172,1877,96150,0.01
6,98033,15893,1.0,16173,1877,96156,0.01
6,98039,15894,1.0,16174,1877,96162,0.01
6,98045,15895,1.0,16175,1877,96168,0.01
6,98051,15896,1.0,16176,1877,96174,0.01
6,98057,15897,1.0,16177,1877,96180,0.01
6,98063,15898,1.0,16178,1877,96186,0.01
6,98069,15899,1.0,16179,1877,96192,0.01
6,98075,15900,1.0,16180,1877,96198,0.01
6,98081,15901,1.0,16181,1877,96204,0.01
6,98087,15902,1.0,16182,1877,96210,0.01
6,98093,15903,1.0,16183,1877,96216,0.01
6,98099,15904,1.0,16184,1877,96222,0.01
6,98105,15905,1.0,16185,1877,96228,0.01
6,98111,15906,1.0,16186,1877,96234,0.01
6,98117,15907,1.0,16187,1877,96240,0.01
6,98123,15908,1.0,16188,1877,96246,0.01
6,98129,15909,1.0,16189,1877,96252,0.01
6,98135,15910,1.0,16190,1877,96258,0.01
6,98141,15911,1.0,16191,1877,96264,0.01
6,98147,15912,1.0,16192,1877,96270,0.01
6,98153,15913,1.0,16193,1877,96276,0.01
6,98159,15914,1.0,16194,1877,96282,0.01
6,98165,15915,1.0,16195,1877,96288,0.01
6,98171,15916,1.0,16196,1877,96294,0.01
6,98177,15917,1.0,16197,1877,96300,0.01
6,98183,15918,1.0,16198,1877,96306,0.01
6,98189,15919,1.0,16199,1877,96312,0.01
6,98195,15920,1.0,16200,1877,96318,0.01
6,98201,15921,1.0,16201,1877,96324,0.01
6,98207,15922,1.0,16202,1877,96330,0.01
6,98213,15923,1.0,16203,1877,96336,0.01
6,98219,15924,1.0,16204,1877,96342,0.01
6,98225,15925,1.0,16205,1877,96348,0.01
6,98231,15926,1.0,16206,1877,96354,0.01
6,98237,15927,1.0,16207,1878,96359,0.01
5,98242,15927,0.0,16208,1879,96363,0.01
7,98249,15928,1.0,16209,1880,96369,0.01
6,98255,15929,1.0,16210,1880,96375,0.01
6,98261,15930,1.0,16211,1880,96381,0.01
6,98267,15931,1.0,16212,1880,96387,0.01
6,98273,15932,1.0,16213,1880,96393,0.01
7,98280,15933,1.0,16214,1881,96399,0.01
6,98286,15934,1.0,16215,1881,96405,0.01
6,98292,15935,1.0,16216,1881,96411,0.01
6,98298,15936,1.0,16217,1881,96417,0.01
6,98304,15937,1.0,16218,1881,96423,0.01
6,98310,15938,1.0,16219,1881,96429,0.01
6,98316,15939,1.0,16220,1881,96435,0.01
6,98322,15940,1.0,16221,1881,96441,0.01
6,98328,15941,1.0,16222,1881,96447,0.01
6,98334,15942,1.0,16223,1881,96453,0.01
6,98340,15943,1.0,16224,1882,96458,0.01
6,98346,15944,1.0,16225,1882,96464,0.01
6,98352,15945,1.0,16226,1882,96470,0.01
6,98358,15946,1.0,16227,1882,96476,0.01
6,98364,15947,1.0,16228,1882,96482,0.01
6,98370,15948,1.0,16229,1882,96488,0.01
6,98376,15949,1.0,16230,1882,96494,0.01
6,98382,15950,1.0,16231,1882,96500,0.01
6,98388,15951,1.0,16232,1882,96506,0.01
6,98394,15952,1.0,16233,1882,96512,0.01
6,98400,15953,1.0,16234,1882,96518,0.01
6,98406,15954,1.0,16235,1882,96524,0.01
6,98412,15955,1.0,16236,1882,96530,0.01
6,98418,15956,1.0,16237,1882,96536,0.01
6,98424,15957,1.0,16238,1882,96542,0.01
6,98430,15958,1.0,16239,1882,96548,0.01
6,98436,15959,1.0,16240,1882,96554,0.01
6,98442,15960,1.0,16241,1882,96560,0.01
6,98448,15961,1.0,16242,1882,96566,0.01
6,98454,15962,1.0,16243,1883,96571,0.01
6,98460,15963,1.0,16244,1883,96577,0.01
7,98467,15964,1.0,16245,1884,96583,0.01
6,98473,15965,1.0,16246,1884,96589,0.01
6,98479,15966,1.0,16247,1884,96595,0.01
6,98485,15967,1.0,16248,1884,96601,0.01
6,98491,15968,1.0,16249,1884,96607,0.01
6,98497,15969,1.0,16250,1884,96613,0.01
6,98503,15970,1.0,16251,1884,96619,0.01
6,98509,15971,1.0,16252,1884,96625,0.01
6,98515,15972,1.0,16253,1884,96631,0.01
6,98521,15973,1.0,16254,1884,96637,0.01
6,98527,15974,1.0,16255,1884,96643,0.01
6,98533,15975,1.0,16256,1884,96649,0.01
6,98539,15976,1.0,16257,1884,96655,0.01
6,98545,15977,1.0,16258,1884,96661,0.01
6,98551,15978,1.0,16259,1884,96667,0.01
6,98557,15979,1.0,16260,1884,96673,0.01
6,98563,15980,1.0,16261,1884,96679,0.01
6,98569,15981,1.0,16262,1884,96685,0.01
6,98575,15982,1.0,16263,1884,96691,0.01
6,98581,15983,1.0,16264,1884,96697,0.01
6,98587,15984,1.0,16265,1884,96703,0.01
6,98593,15985,1.0,16266,1884,96709,0.01
6,98599,15986,1.0,16267,1884,96715,0.01
6,98605,15987,1.0,16268,1884,96721,0.01
6,98611,15988,1.0,16269,1884,96727,0.01
6,98617,15989,1.0,16270,1884,96733,0.01
6,98623,15990,1.0,16271,1884,96739,0.01
8,98631,15991,1.0,16272,1885,96746,0.01
6,98637,15992,1.0,16273,1885,96752,0.01
6,98643,15993,1.0,16274,1885,96758,0.01
6,98649,15994,1.0,16275,1885,96764,0.01
6,98655,15995,1.0,16276,1885,96770,0.01
6,98661,15996,1.0,16277,1885,96776,0.01
6,98667,15997,1.0,16278,1885,96782,0.01
6,98673,15998,1.0,16279,1885,96788,0.01
6,98679,15999,1.0,16280,1885,96794,0.01
6,98685,16000,1.0,16281,1886,96799,0.01
6,98691,16001,1.0,16282,1886,96805,0.01
6,98697,16002,1.0,16283,1886,96811,0.01
6,98703,16003,1.0,16284,1886,96817,0.01
6,98709,16004,1.0,16285,1886,96823,0.01
6,98715,16005,1.0,16286,1886,96829,0.01
6,98721,16006,1.0,16287,1886,96835,0.01
6,98727,16007,1.0,16288,1886,96841,0.01
6,98733,16008,1.0,16289,1886,96847,0.01
6,98739,16009,1.0,16290,1886,96853,0.01
6,98745,16010,1.0,16291,1886,96859,0.01
6,98751,16011,1.0,16292,1886,96865,0.01
6,98757,16012,1.0,16293,1886,96871,0.01
6,98763,16013,1.0,16294,1886,96877,0.01
6,98769,16014,1.0,16295,1886,96883,0.01
6,98775,16015,1.0,16296,1886,96889,0.01
6,98781,16016,1.0,16297,1886,96895,0.01
6,98787,16017,1.0,16298,1886,96901,0.01
6,98793,16018,1.0,16299,1886,96907,0.01
6,98799,16019,1.0,16300,1886,96913,0.01
6,98805,16020,1.0,16301,1886,96919,0.01
6,98811,16021,1.0,16302,1886,96925,0.01
6,98817,16022,1.0,16303,1886,96931,0.01
6,98823,16023,1.0,16304,1886,96937,0.01
6,98829,16024,1.0,16305,1886,96943,0.01
6,98835,16025,1.0,16306,1886,96949,0.01
6,98841,16026,1.0,16307,1886,96955,0.01
6,98847,16027,1.0,16308,1886,96961,0.01
6,98853,16028,1.0,16309,1886,96967,0.01
6,98859,16029,1.0,16310,1886,96973,0.01
6,98865,16030,1.0,16311,1886,96979,0.01
6,98871,16031,1.0,16312,1886,96985,0.01
6,98877,16032,1.0,16313,1886,96991,0.01
6,98883,16033,1.0,16314,1887,96996,0.01
6,98889,16034,1.0,16315,1887,97002,0.01
6,98895,16035,1.0,16316,1887,97008,0.01
6,98901,16036,1.0,16317,1887,97014,0.01
6,98907,16037,1.0,16318,1887,97020,0.01
6,98913,16038,1.0,16319,1887,97026,0.01
6,98919,16039,1.0,16320,1887,97032,0.01
6,98925,16040,1.0,16321,1887,97038,0.01
6,98931,16041,1.0,16322,1887,97044,0.01
6,98937,16042,1.0,16323,1887,97050,0.01
6,98943,16043,1.0,16324,1887,97056,0.01
6,98949,16044,1.0,16325,1887,97062,0.01
6,98955,16045,1.0,16326,1887,97068,0.01
6,98961,16046,1.0,16327,1887,97074,0.01
6,98967,16047,1.0,16328,1887,97080,0.01
6,98973,16048,1.0,16329,1887,97086,0.01
6,98979,16049,1.0,16330,1887,97092,0.01
6,98985,16050,1.0,16331,1887,97098,0.01
6,98991,16051,1.0,16332,1887,97104,0.01
6,98997,16052,1.0,16333,1887,97110,0.01
6,99003,16053,1.0,16334,1887,97116,0.01
6,99009,16054,1.0,16335,1887,97122,0.01
6,99015,16055,1.0,16336,1887,97128,0.01
6,99021,16056,1.0,16337,1887,97134,0.01
6,99027,16057,1.0,16338,1887,97140,0.01
6,99033,16058,1.0,16339,1887,97146,0.01
6,99039,16059,1.0,16340,1888,97151,0.01
6,99045,16060,1.0,16341,1888,97157,0.01
6,99051,16061,1.0,16342,1888,97163,0.01
6,99057,16062,1.0,16343,1888,97169,0.01
6,99063,16063,1.0,16344,1888,97175,0.01
6,99069,16064,1.0,16345,1888,97181,0.01
6,99075,16065,1.0,16346,1888,97187,0.01
6,99081,16066,1.0,16347,1888,97193,0.01
6,99087,16067,1.0,16348,1888,97199,0.01
6,99093,16068,1.0,16349,1889,97204,0.01
6,99099,16069,1.0,16350,1889,97210,0.01
6,99105,16070,1.0,16351,1889,97216,0.01
6,99111,16071,1.0,16352,1889,97222,0.01
6,99117,16072,1.0,16353,1889,97228,0.01
6,99123,16073,1.0,16354,1889,97234,0.01
6,99129,16074,1.0,16355,1889,97240,0.01
6,99135,16075,1.0,16356,1889,97246,0.01
6,99141,16076,1.0,16357,1889,97252,0.01
6,99147,16077,1.0,16358,1889,97258,0.01
6,99153,16078,1.0,16359,1890,97263,0.01
6,99159,16079,1.0,16360,1890,97269,0.01
6,99165,16080,1.0,16361,1890,97275,0.01
6,99171,16081,1.0,16362,1890,97281,0.01
6,99177,16082,1.0,16363,1890,97287,0.01
6,99183,16083,1.0,16364,1890,97293,0.01
6,99189,16084,1.0,16365,1890,97299,0.01
6,99195,16085,1.0,16366,1890,97305,0.01
6,99201,16086,1.0,16367,1890,97311,0.01
6,99207,16087,1.0,16368,1890,97317,0.01
6,99213,16088,1.0,16369,1890,97323,0.01
6,99219,16089,1.0,16370,1890,97329,0.01
6,99225,16090,1.0,16371,1890,97335,0.01
6,99231,16091,1.0,16372,1890,97341,0.01
6,99237,16092,1.0,16373,1890,97347,0.01
6,99243,16093,1.0,16374,1890,97353,0.01
6,99249,16094,1.0,16375,1890,97359,0.01
6,99255,16095,1.0,16376,1890,97365,0.01
6,99261,16096,1.0,16377,1890,97371,0.01
6,99267,16097,1.0,16378,1890,97377,0.01
6,99273,16098,1.0,16379,1890,97383,0.01
6,99279,16099,1.0,16380,1890,97389,0.01
6,99285,16100,1.0,16381,1890,97395,0.01
6,99291,16101,1.0,16382,1890,97401,0.01
6,99297,16102,1.0,16383,1890,97407,0.01
6,99303,16103,1.0,16384,1890,97413,0.01
6,99309,16104,1.0,16385,1890,97419,0.01
6,99315,16105,1.0,16386,1890,97425,0.01
6,99321,16106,1.0,16387,1890,97431,0.01
6,99327,16107,1.0,16388,1890,97437,0.01
6,99333,16108,1.0,16389,1890,97443,0.01
7,99340,16109,1.0,16390,1891,97449,0.01
6,99346,16110,1.0,16391,1891,97455,0.01
6,99352,16111,1.0,16392,1891,97461,0.01
6,99358,16112,1.0,16393,1891,97467,0.01
6,99364,16113,1.0,16394,1891,97473,0.01
6,99370,16114,1.0,16395,1891,97479,0.01
6,99376,16115,1.0,16396,1891,97485,0.01
6,99382,16116,1.0,16397,1891,97491,0.01
6,99388,16117,1.0,16398,1891,97497,0.01
6,99394,16118,1.0,16399,1891,97503,0.01
6,99400,16119,1.0,16400,1891,97509,0.01
6,99406,16120,1.0,16401,1891,97515,0.01
6,99412,16121,1.0,16402,1891,97521,0.01
6,99418,16122,1.0,16403,1891,97527,0.01
6,99424,16123,1.0,16404,1891,97533,0.01
6,99430,16124,1.0,16405,1891,97539,0.01
6,99436,16125,1.0,16406,1891,97545,0.01
6,99442,16126,1.0,16407,1891,97551,0.01
6,99448,16127,1.0,16408,1891,97557,0.01
6,99454,16128,1.0,16409,1891,97563,0.01
6,99460,16129,1.0,16410,1891,97569,0.01
6,99466,16130,1.0,16411,1891,97575,0.01
6,99472,16131,1.0,16412,1891,97581,0.01
6,99478,16132,1.0,16413,1891,97587,0.01
6,99484,16133,1.0,16414,1891,97593,0.01
6,99490,16134,1.0,16415,1891,97599,0.01
6,99496,16135,1.0,16416,1891,97605,0.01
6,99502,16136,1.0,16417,1891,97611,0.01
6,99508,16137,1.0,16418,1891,97617,0.01
6,99514,16138,1.0,16419,1891,97623,0.01
6,99520,16139,1.0,16420,1891,97629,0.01
6,99526,16140,1.0,16421,1891,97635,0.01
6,99532,16141,1.0,16422,1891,97641,0.01
6,99538,16142,1.0,16423,1891,97647,0.01
6,99544,16143,1.0,16424,1891,97653,0.01
6,99550,16144,1.0,16425,1891,97659,0.01
6,99556,16145,1.0,16426,1891,97665,0.01
6,99562,16146,1.0,16427,1891,97671,0.01
6,99568,16147,1.0,16428,1891,97677,0.01
6,99574,16148,1.0,16429,1891,97683,0.01
6,99580,16149,1.0,16430,1891,97689,0.01
6,99586,16150,1.0,16431,1891,97695,0.01
6,99592,16151,1.0,16432,1891,97701,0.01
6,99598,16152,1.0,16433,1891,97707,0.01
6,99604,16153,1.0,16434,1891,97713,0.01
6,99610,16154,1.0,16435,1891,97719,0.01
6,99616,16155,1.0,16436,1891,97725,0.01
6,99622,16156,1.0,16437,1891,97731,0.01
6,99628,16157,1.0,16438,1891,97737,0.01
7,99635,16158,1.0,16439,1892,97743,0.01
6,99641,16159,1.0,16440,1892,97749,0.01
6,99647,16160,1.0,16441,1892,97755,0.01
6,99653,16161,1.0,16442,1892,97761,0.01
6,99659,16162,1.0,16443,1892,97767,0.01
6,99665,16163,1.0,16444,1892,97773,0.01
7,99672,16164,1.0,16445,1893,97779,0.01
6,99678,16165,1.0,16446,1893,97785,0.01
6,99684,16166,1.0,16447,1893,97791,0.01
6,99690,16167,1.0,16448,1893,97797,0.01
6,99696,16168,1.0,16449,1893,97803,0.01
6,99702,16169,1.0,16450,1893,97809,0.01
5,99707,16169,0.0,16451,1894,97813,0.01
6,99713,16170,1.0,16452,1894,97819,0.01
6,99719,16171,1.0,16453,1894,97825,0.01
6,99725,16172,1.0,16454,1894,97831,0.01
6,99731,16173,1.0,16455,1894,97837,0.01
6,99737,16174,1.0,16456,1894,97843,0.01
6,99743,16175,1.0,16457,1894,97849,0.01
6,99749,16176,1.0,16458,1894,97855,0.01
6,99755,16177,1.0,16459,1894,97861,0.01
6,99761,16178,1.0,16460,1894,97867,0.01
6,99767,16179,1.0,16461,1894,97873,0.01
6,99773,16180,1.0,16462,1894,97879,0.01
6,99779,16181,1.0,16463,1894,97885,0.01
6,99785,16182,1.0,16464,1894,97891,0.01
6,99791,16183,1.0,16465,1894,97897,0.01
6,99797,16184,1.0,16466,1894,97903,0.01
6,99803,16185,1.0,16467,1894,97909,0.01
6,99809,16186,1.0,16468,1894,97915,0.01
6,99815,16187,1.0,16469,1894,97921,0.01
6,99821,16188,1.0,16470,1894,97927,0.01
6,99827,16189,1.0,16471,1894,97933,0.01
6,99833,16190,1.0,16472,1894,97939,0.01
6,99839,16191,1.0,16473,1894,97945,0.01
6,99845,16192,1.0,16474,1894,97951,0.01
6,99851,16193,1.0,16475,1894,97957,0.01
6,99857,16194,1.0,16476,1894,97963,0.01
6,99863,16195,1.0,16477,1894,97969,0.01
6,99869,16196,1.0,16478,1894,97975,0.01
6,99875,16197,1.0,16479,1894,97981,0.01
6,99881,16198,1.0,16480,1894,97987,0.01
6,99887,16199,1.0,16481,1894,97993,0.01
6,99893,16200,1.0,16482,1894,97999,0.01
6,99899,16201,1.0,16483,1894,98005,0.01
6,99905,16202,1.0,16484,1894,98011,0.01
6,99911,16203,1.0,16485,1894,98017,0.01
6,99917,16204,1.0,16486,1895,98022,0.01
6,99923,16205,1.0,16487,1895,98028,0.01
6,99929,16206,1.0,16488,1895,98034,0.01
6,99935,16207,1.0,16489,1895,98040,0.01
6,99941,16208,1.0,16490,1895,98046,0.01
6,99947,16209,1.0,16491,1895,98052,0.01
6,99953,16210,1.0,16492,1895,98058,0.01
6,99959,16211,1.0,16493,1895,98064,0.01
6,99965,16212,1.0,16494,1895,98070,0.01
6,99971,16213,1.0,16495,1895,98076,0.01
6,99977,16214,1.0,16496,1895,98082,0.01
7,99984,16215,1.0,16497,1896,98088,0.01
6,99990,16216,1.0,16498,1896,98094,0.01
6,99996,16217,1.0,16499,1896,98100,0.01
