iteration,successes,successes_episode,reward_episode,episode_count,random_act,timestep,epsilon
27,27,0,0.0,1,27,0,1.0
26,53,0,0.0,2,52,1,0.9901493354116764
49,102,0,0.0,3,101,1,0.9803966865736877
16,118,0,0.0,4,117,1,0.970741078213023
10,128,0,0.0,5,127,1,0.9611815447608
25,153,0,0.0,6,148,5,0.9517171302557069
29,182,0,0.0,7,174,8,0.9423468882484062
26,208,0,0.0,8,200,8,0.9330698817068888
42,250,0,0.0,9,238,12,0.9238851829227694
21,271,0,0.0,10,257,14,0.9147918734185159
100,371,0,0.0,11,348,23,0.9057890438555999
19,390,0,0.0,12,367,23,0.896875793943563
31,421,0,0.0,13,398,23,0.888051232349986
14,435,0,0.0,14,410,25,0.8793144766113556
35,470,0,0.0,15,438,32,0.8706646530448178
23,493,0,0.0,16,456,37,0.8621008966608072
40,533,0,0.0,17,493,40,0.8536223510765493
14,547,0,0.0,18,504,43,0.8452281684304199
17,564,0,0.0,19,519,45,0.8369175092971592
100,664,0,0.0,20,600,64,0.8286895426039287
32,696,0,0.0,21,628,68,0.820543445547202
14,710,0,0.0,22,636,74,0.8124784035104852
38,748,0,0.0,23,668,80,0.8044936099828537
49,797,0,0.0,24,712,85,0.7965882664783007
26,823,0,0.0,25,734,89,0.7887615824558879
15,838,0,0.0,26,746,92,0.7810127752406908
16,854,0,0.0,27,758,96,0.7733410699455306
36,890,0,0.0,28,787,103,0.7657456993934846
29,919,0,0.0,29,811,108,0.7582259040411682
9,928,0,0.0,30,820,108,0.7507809319027796
83,1011,0,0.0,31,883,128,0.7434100384749007
45,1056,0,0.0,32,917,139,0.7361124866620463
28,1084,0,0.0,33,942,142,0.7288875467029541
19,1103,0,0.0,34,959,144,0.7217344960976069
24,1127,0,0.0,35,975,152,0.7146526195349836
19,1146,0,0.0,36,990,156,0.7076412088215263
31,1177,0,0.0,37,1008,169,0.7006995628103208
40,1217,0,0.0,38,1035,182,0.6938269873309811
22,1239,0,0.0,39,1052,187,0.6870227951202322
46,1285,0,0.0,40,1087,198,0.680286305753183
28,1313,0,0.0,41,1104,209,0.6736168455752829
15,1328,0,0.0,42,1115,213,0.6670137476349562
45,1373,0,0.0,43,1142,231,0.6604763516169062
41,1414,0,0.0,44,1169,245,0.6540040037760834
24,1438,0,0.0,45,1184,254,0.64759605687231
13,1451,0,0.0,46,1194,257,0.6412518701055556
84,1535,0,0.0,47,1250,285,0.6349708090518567
27,1562,0,0.0,48,1268,294,0.6287522455998737
27,1589,0,0.0,49,1285,304,0.6225955578880794
18,1607,0,0.0,50,1300,307,0.616500130242572
51,1658,0,0.0,51,1330,328,0.6104653531155071
25,1683,0,0.0,52,1341,342,0.6044906230241432
73,1756,0,0.0,53,1391,365,0.5985753424904925
25,1781,0,0.0,54,1409,372,0.5927189199815717
25,1806,0,0.0,55,1423,383,0.5869207698502498
61,1867,0,0.0,56,1452,415,0.5811803122766818
10,1877,0,0.0,57,1458,419,0.5754969732103268
28,1905,0,0.0,58,1473,432,0.5698701843125418
33,1938,0,0.0,59,1489,449,0.564299382899748
81,2019,0,0.0,60,1537,482,0.558784011887162
56,2075,0,0.0,61,1561,514,0.5533235197330862
100,2175,0,0.0,62,1618,557,0.5479173603837548
38,2213,0,0.0,63,1637,576,0.5425649932187278
21,2234,0,0.0,64,1650,584,0.5372658829968282
35,2269,0,0.0,65,1673,596,0.5320194998026181
25,2294,0,0.0,66,1683,611,0.5268253189934059
64,2358,0,0.0,67,1716,642,0.5216828211467822
19,2377,0,0.0,68,1728,649,0.516591492008677
37,2414,0,0.0,69,1748,666,0.5115508224419336
37,2451,0,0.0,70,1769,682,0.5065603083753949
21,2472,0,0.0,71,1784,688,0.5016194507534953
60,2532,0,0.0,72,1811,721,0.49672775548635545
29,2561,0,0.0,73,1825,736,0.491884733400372
77,2638,0,0.0,74,1868,770,0.48708990018930043
26,2664,0,0.0,75,1879,785,0.48234277636582407
39,2703,0,0.0,76,1903,800,0.47764288721360454
69,2772,0,0.0,77,1934,838,0.47298976273981014
26,2798,0,0.0,78,1946,852,0.4683829376281158
22,2820,0,0.0,79,1959,861,0.4638219511921713
28,2848,0,0.0,80,1972,876,0.4593063473295323
21,2869,0,0.0,81,1981,888,0.45483567447604933
31,2900,0,0.0,82,1997,903,0.4504094855607117
99,2999,0,0.0,83,2047,952,0.44602733796093924
79,3078,0,0.0,84,2081,997,0.4416887934583202
73,3151,0,0.0,85,2112,1039,0.43739341819478894
28,3179,0,0.0,86,2127,1052,0.43314078262923944
77,3256,0,0.0,87,2154,1102,0.4289304614945713
26,3282,0,0.0,88,2163,1119,0.42476203375516264
17,3299,0,0.0,89,2171,1128,0.42063508256476556
95,3394,0,0.0,90,2210,1184,0.41654919522482203
26,3420,0,0.0,91,2221,1199,0.4125039631431931
32,3452,0,0.0,92,2239,1213,0.40849898179329963
25,3477,0,0.0,93,2251,1226,0.404533850673669
39,3516,0,0.0,94,2264,1252,0.40060817326788506
38,3554,0,0.0,95,2285,1269,0.3967215570049359
60,3614,0,0.0,96,2308,1306,0.3928736132199562
68,3682,0,0.0,97,2340,1342,0.38906395711536096
22,3704,0,0.0,98,2351,1353,0.38529220772236483
59,3763,0,0.0,99,2372,1391,0.3815579878628856
31,3794,0,0.0,100,2388,1406,0.37786092411182526
26,3820,0,0.0,101,2406,1414,0.3742006467597279
50,3870,0,0.0,102,2418,1452,0.3705767897758081
29,3899,0,0.0,103,2429,1470,0.3669889907713475
95,3994,0,0.0,104,2461,1533,0.36343689096345594
80,4074,0,0.0,105,2489,1585,0.35992013513919235
19,4093,0,0.0,106,2493,1600,0.35643837162004377
22,4115,0,0.0,107,2500,1615,0.3529912522267568
30,4145,0,0.0,108,2510,1635,0.34957843224451957
23,4168,0,0.0,109,2514,1654,0.34619957038848975
84,4252,0,0.0,110,2537,1715,0.34285432876966604
62,4314,0,0.0,111,2567,1747,0.3395423728610988
52,4366,0,0.0,112,2585,1781,0.3362633714644372
28,4394,0,0.0,113,2597,1797,0.33301699667680906
79,4473,0,0.0,114,2626,1847,0.3298029238580304
60,4533,0,0.0,115,2642,1891,0.3266208315981408
24,4557,0,0.0,116,2648,1909,0.32347040168526264
30,4587,0,0.0,117,2654,1933,0.3203513190737793
86,4673,0,0.0,118,2679,1994,0.3172632718528302
25,4698,0,0.0,119,2690,2008,0.31420595121511996
58,4756,0,0.0,120,2705,2051,0.311179051426037
85,4841,0,0.0,121,2735,2106,0.3081822697930801
68,4909,0,0.0,122,2752,2157,0.3052153066355885
23,4932,0,0.0,123,2762,2170,0.30227786525477407
60,4992,0,0.0,124,2778,2214,0.29936965190405085
24,5016,0,0.0,125,2785,2231,0.29649037575966014
41,5057,0,0.0,126,2793,2264,0.29363974889158817
56,5113,0,0.0,127,2811,2302,0.2908174862347727
86,5199,0,0.0,128,2837,2362,0.28802330556059597
51,5250,0,0.0,129,2850,2400,0.2852569274486622
55,5305,0,0.0,130,2864,2441,0.2825180752588548
86,5391,0,0.0,131,2884,2507,0.27980647510367246
100,5491,0,0.0,132,2909,2582,0.2771218558208399
54,5545,0,0.0,133,2921,2624,0.27446394894619186
69,5614,0,0.0,134,2938,2676,0.27183248868682575
100,5714,0,0.0,135,2977,2737,0.26922721189452276
26,5740,0,0.0,136,2986,2754,0.2666478580394326
55,5795,0,0.0,137,3000,2795,0.26409416918402034
76,5871,0,0.0,138,3019,2852,0.26156588995727226
100,5971,0,0.0,139,3042,2929,0.2590627675291589
28,5999,0,0.0,140,3053,2946,0.2565845515853515
81,6080,0,0.0,141,3078,3002,0.2541309943021904
60,6140,0,0.0,142,3094,3046,0.25170185032190273
59,6199,0,0.0,143,3106,3093,0.24929687672806608
22,6221,0,0.0,144,3115,3106,0.246915833021317
60,6281,0,0.0,145,3130,3151,0.24455848109530054
27,6308,0,0.0,146,3137,3171,0.2422245852128597
33,6341,0,0.0,147,3147,3194,0.23991391198246126
96,6437,0,0.0,148,3170,3267,0.2376262303348566
86,6523,0,0.0,149,3188,3335,0.2353613114999746
82,6605,0,0.0,150,3201,3404,0.23311892898404435
31,6636,0,0.0,151,3212,3424,0.23089885854694553
60,6696,0,0.0,152,3227,3469,0.22870087817978443
100,6796,0,0.0,153,3245,3551,0.22652476808269262
28,6824,0,0.0,154,3250,3574,0.22437031064284702
100,6924,0,0.0,155,3268,3656,0.22223729041270818
98,7022,0,0.0,156,3292,3730,0.22012549408847562
99,7121,0,0.0,157,3324,3797,0.21803471048875708
100,7221,0,0.0,158,3342,3879,0.21596473053345028
56,7277,0,0.0,159,3354,3923,0.21391534722283462
77,7354,0,0.0,160,3374,3980,0.2118863556168713
64,7418,0,0.0,161,3385,4033,0.20987755281470882
55,7473,0,0.0,162,3392,4081,0.20788873793439305
77,7550,0,0.0,163,3403,4147,0.2059197120927785
27,7577,0,0.0,164,3411,4166,0.20397027838564025
55,7632,0,0.0,165,3425,4207,0.20204024186798297
79,7711,0,0.0,166,3446,4265,0.20012940953454655
96,7807,0,0.0,167,3465,4342,0.1982375903005053
16,7823,0,0.0,168,3469,4354,0.19636459498235934
27,7850,0,0.0,169,3472,4378,0.19451023627901587
94,7944,0,0.0,170,3494,4450,0.19267432875305937
100,8044,0,0.0,171,3510,4534,0.19085668881220733
29,8073,0,0.0,172,3517,4556,0.1890571346909509
99,8172,0,0.0,173,3535,4637,0.1872754864323783
18,8190,0,0.0,174,3540,4650,0.18551156587017906
90,8280,0,0.0,175,3554,4726,0.1837651966108269
28,8308,0,0.0,176,3562,4746,0.1820362040159407
100,8408,0,0.0,177,3571,4837,0.18032441518482004
34,8442,0,0.0,178,3575,4867,0.17862965893715535
24,8466,0,0.0,179,3581,4885,0.17695176579590954
60,8526,0,0.0,180,3588,4938,0.1752905679703703
18,8544,0,0.0,181,3593,4951,0.17364589933937066
28,8572,0,0.0,182,3596,4976,0.172017595434677
100,8672,0,0.0,183,3614,5058,0.17040549342454195
22,8694,0,0.0,184,3617,5077,0.16880943209742102
100,8794,0,0.0,185,3635,5159,0.16722925184585147
60,8854,0,0.0,186,3644,5210,0.16566479465049133
62,8916,0,0.0,187,3654,5262,0.16411590406431734
60,8976,0,0.0,188,3662,5314,0.1625824251969801
64,9040,0,0.0,189,3676,5364,0.16106420469931504
69,9109,0,0.0,190,3694,5415,0.15956109074800714
87,9196,0,0.0,191,3708,5488,0.1580729330304087
68,9264,0,0.0,192,3725,5539,0.15659958272950783
77,9341,0,0.0,193,3737,5604,0.15514089250904667
61,9402,0,0.0,194,3753,5649,0.1536967164987875
36,9438,0,0.0,195,3761,5677,0.1522669102799259
97,9535,0,0.0,196,3777,5758,0.15085133087064845
32,9567,0,0.0,197,3783,5784,0.14944983671183457
20,9587,0,0.0,198,3785,5802,0.14806228765290044
53,9640,0,0.0,199,3792,5848,0.1466885449377839
100,9740,0,0.0,200,3808,5932,0.14532847119106862
36,9776,0,0.0,201,3814,5962,0.1439819304042466
71,9847,0,0.0,202,3824,6023,0.14264878792211688
29,9876,0,0.0,203,3828,6048,0.1413289104293205
100,9976,0,0.0,204,3836,6140,0.14002216593700811
65,10041,0,0.0,205,3844,6197,0.13872842376964165
28,10069,0,0.0,206,3847,6222,0.1374475545519262
62,10131,0,0.0,207,3853,6278,0.13617943019587256
75,10206,0,0.0,208,3863,6343,0.13492392388798838
37,10243,0,0.0,209,3868,6375,0.13368091007659658
98,10341,0,0.0,210,3887,6454,0.1324502644592803
28,10369,0,0.0,211,3890,6479,0.13123186397045208
100,10469,0,0.0,212,3902,6567,0.13002558676904785
71,10540,0,0.0,213,3912,6628,0.12883131222634217
60,10600,0,0.0,214,3919,6681,0.12764892091388555
26,10626,0,0.0,215,3923,6703,0.1264782945915614
77,10703,0,0.0,216,3931,6772,0.125319316195762
100,10803,0,0.0,217,3944,6859,0.12417186982768189
100,10903,0,0.0,218,3958,6945,0.12303584074172813
62,10965,0,0.0,219,3964,7001,0.12191111533404535
94,11059,0,0.0,220,3974,7085,0.12079758113115559
26,11085,0,0.0,221,3977,7108,0.11969512677871053
91,11176,0,0.0,222,3983,7193,0.11860364203035628
100,11276,0,0.0,223,3998,7278,0.11752301773670837
84,11360,0,0.0,224,4010,7350,0.116453145834437
90,11450,0,0.0,225,4016,7434,0.11539391933546027
93,11543,0,0.0,226,4029,7514,0.11434523231624569
83,11626,0,0.0,227,4040,7586,0.11330697990721733
79,11705,0,0.0,228,4048,7657,0.1122790582822692
100,11805,0,0.0,229,4057,7748,0.11126136464838206
100,11905,0,0.0,230,4068,7837,0.11025379723534455
73,11978,0,0.0,231,4075,7903,0.10925625528557566
60,12038,0,0.0,232,4082,7956,0.1082686390440492
60,12098,0,0.0,233,4087,8011,0.10729084974831793
100,12198,0,0.0,234,4097,8101,0.10632278961863742
100,12298,0,0.0,235,4102,8196,0.10536436184818809
94,12392,0,0.0,236,4112,8280,0.10441547059339411
80,12472,0,0.0,237,4122,8350,0.10347602096433932
59,12531,0,0.0,238,4129,8402,0.10254591901527788
92,12623,0,0.0,239,4137,8486,0.10162507173523985
100,12723,0,0.0,240,4145,8578,0.10071338703872978
44,12767,0,0.0,241,4150,8617,0.09981077375651838
100,12867,0,0.0,242,4158,8709,0.09891714162652515
25,12892,0,0.0,243,4163,8729,0.09803240128479247
25,12917,0,0.0,244,4165,8752,0.09715646425654882
69,12986,0,0.0,245,4170,8816,0.09628924294736148
61,13047,0,0.0,246,4181,8866,0.09543065063437678
100,13147,0,0.0,247,4188,8959,0.09458060145764802
30,13177,0,0.0,248,4192,8985,0.09373901041154904
79,13256,0,0.0,249,4199,9057,0.092905793336274
100,13356,0,0.0,250,4208,9148,0.09208086690942092
82,13438,0,0.0,251,4218,9220,0.0912641486376598
100,13538,0,0.0,252,4222,9316,0.09045555684848275
29,13567,0,0.0,253,4223,9344,0.08965501068203711
100,13667,0,0.0,254,4231,9436,0.08886243008303903
100,13767,0,0.0,255,4238,9529,0.08807773579276819
30,13797,0,0.0,256,4240,9557,0.08730084934114159
100,13897,0,0.0,257,4250,9647,0.08653169303886674
88,13985,0,0.0,258,4255,9730,0.0857701899696724
87,14072,0,0.0,259,4259,9813,0.08501626398261702
61,14133,0,0.0,260,4265,9868,0.0842698396844737
100,14233,0,0.0,261,4276,9957,0.08353084243219053
100,14333,0,0.0,262,4279,10054,0.08279919832542652
100,14433,0,0.0,263,4289,10144,0.08207483419916123
71,14504,0,0.0,264,4296,10208,0.08135767761637844
26,14530,0,0.0,265,4299,10231,0.08064765686082219
70,14600,0,0.0,266,4306,10294,0.0799447009298253
94,14694,0,0.0,267,4314,10380,0.0792487395272088
70,14764,0,0.0,268,4324,10440,0.07855970305625253
100,14864,0,0.0,269,4331,10533,0.07787752261273513
46,14910,0,0.0,270,4342,10568,0.07720212997804382
75,14985,0,0.0,271,4347,10638,0.07653345761235225
100,15085,0,0.0,272,4359,10726,0.07587143864786668
63,15148,0,0.0,273,4362,10786,0.07521600688213892
62,15210,0,0.0,274,4368,10842,0.07456709677144624
100,15310,0,0.0,275,4378,10932,0.07392464342423678
28,15338,0,0.0,276,4383,10955,0.0732885825946405
96,15434,0,0.0,277,4386,11048,0.07265885067604429
100,15534,0,0.0,278,4390,11144,0.07203538469473161
69,15603,0,0.0,279,4396,11207,0.0714181223035847
75,15678,0,0.0,280,4405,11273,0.07080700177585013
100,15778,0,0.0,281,4411,11367,0.07020196199896576
93,15871,0,0.0,282,4420,11451,0.06960294246844981
74,15945,0,0.0,283,4425,11520,0.06900988328184997
100,16045,0,0.0,284,4428,11617,0.06842272513275337
96,16141,0,0.0,285,4438,11703,0.06784140930485581
100,16241,0,0.0,286,4445,11796,0.06726587766609007
100,16341,0,0.0,287,4446,11895,0.06669607266281269
100,16441,0,0.0,288,4453,11988,0.06613193731404843
26,16467,0,0.0,289,4455,12012,0.06557341520579238
100,16567,0,0.0,290,4459,12108,0.06502045048536823
100,16667,0,0.0,291,4466,12201,0.06447298785584316
60,16727,0,0.0,292,4471,12256,0.06393097257049796
28,16755,0,0.0,293,4472,12283,0.06339435042735246
95,16850,0,0.0,294,4477,12373,0.06286306776374512
100,16950,0,0.0,295,4484,12466,0.06233707145096687
79,17029,0,0.0,296,4488,12541,0.06181630888894806
100,17129,0,0.0,297,4496,12633,0.061300728000998575
30,17159,0,0.0,298,4499,12660,0.06079027722859992
89,17248,0,0.0,299,4507,12741,0.060284905526249516
79,17327,0,0.0,300,4515,12812,0.05978456235635595
90,17417,0,0.0,301,4524,12893,0.05928919768418531
100,17517,0,0.0,302,4525,12992,0.05879876197285753
92,17609,0,0.0,303,4533,13076,0.058313206178392835
100,17709,0,0.0,304,4538,13171,0.05783248174480709
68,17777,0,0.0,305,4542,13235,0.057356540599256385
100,17877,0,0.0,306,4545,13332,0.0568853351472295
100,17977,0,0.0,307,4548,13429,0.0564188182677886
100,18077,0,0.0,308,4557,13520,0.05595694330885694
100,18177,0,0.0,309,4561,13616,0.05549966408255377
100,18277,0,0.0,310,4566,13711,0.05504693486057535
100,18377,0,0.0,311,4568,13809,0.05459871036962222
95,18472,0,0.0,312,4569,13903,0.05415494578687179
100,18572,0,0.0,313,4573,13999,0.05371559673549593
100,18672,0,0.0,314,4578,14094,0.053280619280223436
100,18772,0,0.0,315,4581,14191,0.05284996992294624
80,18852,0,0.0,316,4586,14266,0.05242360559836979
87,18939,0,0.0,317,4589,14350,0.05200148366970627
88,19027,0,0.0,318,4595,14432,0.051583561924411096
25,19052,0,0.0,319,4597,14455,0.05116979856996143
89,19141,0,0.0,320,4603,14538,0.050760152229677065
100,19241,0,0.0,321,4610,14631,0.05035458193858255
100,19341,0,0.0,322,4615,14726,0.049953047139310834
100,19441,0,0.0,323,4621,14820,0.04955550767804736
100,19541,0,0.0,324,4623,14918,0.04916192380051474
100,19641,0,0.0,325,4630,15011,0.0487722561479972
100,19741,0,0.0,326,4635,15106,0.04838646575340479
31,19772,0,0.0,327,4639,15133,0.04800451403737654
100,19872,0,0.0,328,4642,15230,0.04762636280442257
100,19972,0,0.0,329,4643,15329,0.04725197423910444
100,20072,0,0.0,330,4646,15426,0.04688131090225365
100,20172,0,0.0,331,4648,15524,0.046514335727227595
100,20272,0,0.0,332,4651,15621,0.046151012016203
100,20372,0,0.0,333,4653,15719,0.04579130343650595
79,20451,0,0.0,334,4657,15794,0.04543517401697875
100,20551,0,0.0,335,4660,15891,0.04508258814438266
100,20651,0,0.0,336,4665,15986,0.04473351055983658
100,20751,0,0.0,337,4670,16081,0.044387906355291176
79,20830,0,0.0,338,4677,16153,0.04404574097003798
79,20909,0,0.0,339,4679,16230,0.04370698018725335
100,21009,0,0.0,340,4683,16326,0.043371590130576676
24,21033,0,0.0,341,4686,16347,0.04303953726072282
100,21133,0,0.0,342,4694,16439,0.042710788372128064
33,21166,0,0.0,343,4698,16468,0.042385310589629625
100,21266,0,0.0,344,4703,16563,0.04206307136517797
100,21366,0,0.0,345,4711,16655,0.04174403847458216
100,21466,0,0.0,346,4716,16750,0.04142818001428726
34,21500,0,0.0,347,4719,16781,0.04111546439818403
87,21587,0,0.0,348,4721,16866,0.04080586035445025
100,21687,0,0.0,349,4724,16963,0.040499336922423565
100,21787,0,0.0,350,4726,17061,0.040195863449505306
98,21885,0,0.0,351,4729,17156,0.039895409588095315
100,21985,0,0.0,352,4732,17253,0.039597945292557044
100,22085,0,0.0,353,4733,17352,0.03930344081621308
100,22185,0,0.0,354,4736,17449,0.03901186670837034
100,22285,0,0.0,355,4740,17545,0.03872319381137508
100,22385,0,0.0,356,4741,17644,0.03843739325769703
100,22485,0,0.0,357,4742,17743,0.03815443646704266
91,22576,0,0.0,358,4747,17829,0.03787429514349709
100,22676,0,0.0,359,4751,17925,0.03759694127269454
100,22776,0,0.0,360,4754,18022,0.037322347119016795
100,22876,0,0.0,361,4757,18119,0.03705048522281963
100,22976,0,0.0,362,4762,18214,0.03678132839768691
100,23076,0,0.0,363,4764,18312,0.036514849727711796
66,23142,0,0.0,364,4768,18374,0.03625102256480524
100,23242,0,0.0,365,4772,18470,0.03598982052603108
100,23342,0,0.0,366,4773,18569,0.0357312174909678
79,23421,0,0.0,367,4776,18645,0.03547518759909634
100,23521,0,0.0,368,4777,18744,0.035221705247214206
61,23582,0,0.0,369,4780,18802,0.03497074508687494
100,23682,0,0.0,370,4784,18898,0.034722282021853394
100,23782,0,0.0,371,4791,18991,0.034476291205635994
100,23882,0,0.0,372,4792,19090,0.034232748038936146
65,23947,0,0.0,373,4794,19153,0.0339916281672342
100,24047,0,0.0,374,4799,19248,0.03375290747834208
100,24147,0,0.0,375,4801,19346,0.033516562099991945
100,24247,0,0.0,376,4802,19445,0.03328256839744902
100,24347,0,0.0,377,4804,19543,0.03305090297114803
97,24444,0,0.0,378,4810,19634,0.03282154265435332
72,24516,0,0.0,379,4811,19705,0.03259446451084204
100,24616,0,0.0,380,4814,19802,0.03236964583261064
100,24716,0,0.0,381,4817,19899,0.03214706413760394
100,24816,0,0.0,382,4818,19998,0.03192669716746694
100,24916,0,0.0,383,4820,20096,0.031708522885318995
100,25016,0,0.0,384,4825,20191,0.031492519473550085
89,25105,0,0.0,385,4828,20277,0.031278665331639026
62,25167,0,0.0,386,4832,20335,0.031066939073993396
100,25267,0,0.0,387,4834,20433,0.030857319527811018
100,25367,0,0.0,388,4836,20531,0.030649785730962574
100,25467,0,0.0,389,4839,20628,0.030444316929895437
100,25567,0,0.0,390,4841,20726,0.030240892577558277
100,25667,0,0.0,391,4845,20822,0.030039492331346347
25,25692,0,0.0,392,4846,20846,0.029840096051067175
100,25792,0,0.0,393,4849,20943,0.029642683796926583
100,25892,0,0.0,394,4850,21042,0.02944723582753464
100,25992,0,0.0,395,4855,21137,0.029253732597931535
100,26092,0,0.0,396,4855,21237,0.029062154757633053
100,26192,0,0.0,397,4856,21336,0.02887248314869552
89,26281,0,0.0,398,4861,21420,0.028684698803799973
100,26381,0,0.0,399,4865,21516,0.02849878294435545
90,26471,0,0.0,400,4869,21602,0.02831471697862105
100,26571,0,0.0,401,4870,21701,0.028132482499846838
29,26600,0,0.0,402,4871,21729,0.027952061284433068
100,26700,0,0.0,403,4876,21824,0.02777343529010782
100,26800,0,0.0,404,4879,21921,0.027596586654122846
100,26900,0,0.0,405,4881,22019,0.027421497691467157
100,27000,0,0.0,406,4883,22117,0.02724815089309858
100,27100,0,0.0,407,4887,22213,0.0270765289241928
100,27200,0,0.0,408,4891,22309,0.026906614622409945
100,27300,0,0.0,409,4895,22405,0.026738390996178224
62,27362,0,0.0,410,4898,22464,0.026571841222994823
100,27462,0,0.0,411,4901,22561,0.026406948647743643
36,27498,0,0.0,412,4903,22595,0.026243696781029717
58,27556,0,0.0,413,4905,22651,0.026082069297530375
55,27611,0,0.0,414,4908,22703,0.02592205003436255
100,27711,0,0.0,415,4911,22800,0.025763622989466578
60,27771,0,0.0,416,4913,22858,0.025606772320005942
100,27871,0,0.0,417,4918,22953,0.025451482340783003
88,27959,0,0.0,418,4924,23035,0.02529773752267042
100,28059,0,0.0,419,4927,23132,0.025145522491058264
100,28159,0,0.0,420,4929,23230,0.02499482202431651
100,28259,0,0.0,421,4933,23326,0.024845621052272927
100,28359,0,0.0,422,4936,23423,0.024697904654705963
100,28459,0,0.0,423,4937,23522,0.024551658059852766
72,28531,0,0.0,424,4939,23592,0.024406866642931964
100,28631,0,0.0,425,4942,23689,0.024263515924681227
100,28731,0,0.0,426,4944,23787,0.024121591569909263
100,28831,0,0.0,427,4946,23885,0.023981079386062323
100,28931,0,0.0,428,4947,23984,0.023841965321804916
91,29022,0,0.0,429,4950,24072,0.023704235465614704
100,29122,0,0.0,430,4954,24168,0.023567876044391298
100,29222,0,0.0,431,4955,24267,0.023432873422078924
86,29308,0,0.0,432,4959,24349,0.02329921409830285
29,29337,0,0.0,433,4961,24376,0.02316688470701933
100,29437,0,0.0,434,4962,24475,0.023035872015178954
100,29537,0,0.0,435,4963,24574,0.022906162921403357
100,29637,0,0.0,436,4967,24670,0.022777744454675064
100,29737,0,0.0,437,4974,24763,0.0226506037730404
100,29837,0,0.0,438,4976,24861,0.02252472816232525
31,29868,0,0.0,439,4977,24891,0.022400105034863643
100,29968,0,0.0,440,4979,24989,0.02227672192823897
100,30068,0,0.0,441,4985,25083,0.02215456650403775
100,30168,0,0.0,442,4986,25182,0.022033626546615788
100,30268,0,0.0,443,4988,25280,0.021913889961876536
100,30368,0,0.0,444,4990,25378,0.02179534477606175
87,30455,0,0.0,445,4993,25462,0.02167797913455405
100,30555,0,0.0,446,4995,25560,0.021561781300691488
100,30655,0,0.0,447,4996,25659,0.02144673965459385
100,30755,0,0.0,448,4999,25756,0.021332842692000656
100,30855,0,0.0,449,5001,25854,0.021220079023120713
100,30955,0,0.0,450,5002,25953,0.02110843737149319
100,31055,0,0.0,451,5004,26051,0.02099790657285988
100,31155,0,0.0,452,5006,26149,0.020888475574048812
100,31255,0,0.0,453,5008,26247,0.020780133431868894
100,31355,0,0.0,454,5011,26344,0.020672869312015653
79,31434,0,0.0,455,5013,26421,0.020566672487987697
100,31534,0,0.0,456,5017,26517,0.02046153234001413
100,31634,0,0.0,457,5018,26616,0.02035743835399253
100,31734,0,0.0,458,5020,26714,0.020254380120437558
100,31834,0,0.0,459,5022,26812,0.02015234733343998
100,31934,0,0.0,460,5024,26910,0.020051329789636065
100,32034,0,0.0,461,5029,27005,0.01995131738718724
100,32134,0,0.0,462,5029,27105,0.019852300124769934
100,32234,0,0.0,463,5032,27202,0.019754268100575387
100,32334,0,0.0,464,5032,27302,0.019657211511319474
100,32434,0,0.0,465,5033,27401,0.0195611206512624
100,32534,0,0.0,466,5036,27498,0.01946598591123807
100,32634,0,0.0,467,5038,27596,0.01937179777769322
60,32694,0,0.0,468,5041,27653,0.019278546831735997
100,32794,0,0.0,469,5041,27753,0.019186223748194096
100,32894,0,0.0,470,5042,27852,0.01909481929468222
100,32994,0,0.0,471,5044,27950,0.019004324330678855
100,33094,0,0.0,472,5045,28049,0.018914729806612192
100,33194,0,0.0,473,5047,28147,0.01882602676295516
59,33253,0,0.0,474,5048,28205,0.018738206329329453
100,33353,0,0.0,475,5048,28305,0.018651259723618557
100,33453,0,0.0,476,5048,28405,0.01856517825108943
100,33553,0,0.0,477,5049,28504,0.018479953303523082
100,33653,0,0.0,478,5049,28604,0.018395576358353725
100,33753,0,0.0,479,5050,28703,0.018312038977816556
100,33853,0,0.0,480,5050,28803,0.018229332808103887
100,33953,0,0.0,481,5051,28902,0.01814744957852983
100,34053,0,0.0,482,5052,29001,0.01806638110070318
100,34153,0,0.0,483,5052,29101,0.01798611926770862
100,34253,0,0.0,484,5052,29201,0.017906656053295947
92,34345,0,0.0,485,5054,29291,0.017827983511077505
100,34445,0,0.0,486,5054,29391,0.01775009377373351
100,34545,0,0.0,487,5055,29490,0.017672979052225327
100,34645,0,0.0,488,5055,29590,0.017596631635016534
100,34745,0,0.0,489,5055,29690,0.01752104388730179
97,34842,0,0.0,490,5056,29786,0.017446208250243338
89,34931,0,0.0,491,5059,29872,0.017372117240215094
100,35031,0,0.0,492,5059,29972,0.01729876344805433
100,35131,0,0.0,493,5060,30071,0.0172261395383207
100,35231,0,0.0,494,5063,30168,0.017154238248562697
100,35331,0,0.0,495,5065,30266,0.017083052388591435
100,35431,0,0.0,496,5065,30366,0.017012574839761596
100,35531,0,0.0,497,5067,30464,0.01694279855425957
100,35631,0,0.0,498,5068,30563,0.016873716554398652
100,35731,0,0.0,499,5071,30660,0.016805321931921288
100,35831,0,0.0,500,5074,30757,0.01673760784730824
100,35931,0,0.0,501,5074,30857,0.016670567529094613
100,36031,0,0.0,502,5077,30954,0.01660419427319272
100,36131,0,0.0,503,5078,31053,0.016538481442221656
100,36231,0,0.0,504,5081,31150,0.016473422464843575
100,36331,0,0.0,505,5082,31249,0.01640901083510651
100,36431,0,0.0,506,5084,31347,0.01634524011179382
100,36531,0,0.0,507,5084,31447,0.016282103917780018
86,36617,0,0.0,508,5089,31528,0.01621959593939311
94,36711,0,0.0,509,5092,31619,0.016157709925783147
27,36738,0,0.0,510,5093,31645,0.016096439688297208
75,36813,0,0.0,511,5094,31719,0.016035779099860478
100,36913,0,0.0,512,5096,31817,0.01597572209436357
100,37013,0,0.0,513,5096,31917,0.015916262666055885
100,37113,0,0.0,514,5096,32017,0.015857394868945038
76,37189,0,0.0,515,5098,32091,0.015799112816202266
100,37289,0,0.0,516,5100,32189,0.01574141067957372
100,37389,0,0.0,517,5103,32286,0.01568428268879766
100,37489,0,0.0,518,5104,32385,0.0156277231310274
100,37589,0,0.0,519,5107,32482,0.015571726350260025
100,37689,0,0.0,520,5110,32579,0.015516286746770792
100,37789,0,0.0,521,5110,32679,0.015461398776553163
27,37816,0,0.0,522,5112,32704,0.015407056950764372
100,37916,0,0.0,523,5113,32803,0.01535325583517655
73,37989,0,0.0,524,5115,32874,0.015299990049633304
100,38089,0,0.0,525,5117,32972,0.015247254267511699
100,38189,0,0.0,526,5117,33072,0.015195043215189571
100,38289,0,0.0,527,5119,33170,0.015143351671518179
100,38389,0,0.0,528,5121,33268,0.015092174467300075
100,38489,0,0.0,529,5122,33367,0.015041506484772198
100,38589,0,0.0,530,5122,33467,0.01499134265709407
100,38689,0,0.0,531,5123,33566,0.014941677967841115
100,38789,0,0.0,532,5123,33666,0.01489250745050302
100,38889,0,0.0,533,5125,33764,0.014843826187987082
100,38989,0,0.0,534,5126,33863,0.014795629312126479
100,39089,0,0.0,535,5128,33961,0.014747912003193458
100,39189,0,0.0,536,5130,34059,0.014700669489417359
89,39278,0,0.0,537,5132,34146,0.014653897046507443
68,39346,0,0.0,538,5133,34213,0.01460758999718044
100,39446,0,0.0,539,5137,34309,0.014561743710692824
100,39546,0,0.0,540,5137,34409,0.014516353602377746
100,39646,0,0.0,541,5137,34509,0.01447141513318654
100,39746,0,0.0,542,5138,34608,0.014426923809234849
100,39846,0,0.0,543,5142,34704,0.014382875181353196
100,39946,0,0.0,544,5143,34803,0.01433926484464209
100,40046,0,0.0,545,5145,34901,0.014296088438031505
100,40146,0,0.0,546,5148,34998,0.014253341643844817
100,40246,0,0.0,547,5149,35097,0.014211020187366974
100,40346,0,0.0,548,5150,35196,0.014169119836417065
100,40446,0,0.0,549,5151,35295,0.01412763640092507
100,40546,0,0.0,550,5153,35393,0.014086565732512882
31,40577,0,0.0,551,5154,35423,0.014045903724079427
100,40677,0,0.0,552,5156,35521,0.014005646309389977
100,40777,0,0.0,553,5157,35620,0.013965789462669513
100,40877,0,0.0,554,5158,35719,0.013926329198200155
100,40977,0,0.0,555,5159,35818,0.013887261569922569
100,41077,0,0.0,556,5160,35917,0.01384858267104137
100,41177,0,0.0,557,5162,36015,0.013810288633634434
100,41277,0,0.0,558,5163,36114,0.013772375628266116
100,41377,0,0.0,559,5165,36212,0.013734839863604284
100,41477,0,0.0,560,5169,36308,0.013697677586041186
100,41577,0,0.0,561,5171,36406,0.0136608850793181
97,41674,0,0.0,562,5172,36502,0.013624458664153696
100,41774,0,0.0,563,5174,36600,0.013588394697876097
100,41874,0,0.0,564,5176,36698,0.013552689574058628
100,41974,0,0.0,565,5176,36798,0.013517339722159148
100,42074,0,0.0,566,5179,36895,0.013482341607163007
100,42174,0,0.0,567,5180,36994,0.013447691729229546
100,42274,0,0.0,568,5181,37093,0.013413386623342096
100,42374,0,0.0,569,5182,37192,0.013379422858961477
100,42474,0,0.0,570,5183,37291,0.013345797039682946
100,42574,0,0.0,571,5183,37391,0.01331250580289656
100,42674,0,0.0,572,5183,37491,0.013279545819450893
100,42774,0,0.0,573,5184,37590,0.013246913793320138
100,42874,0,0.0,574,5186,37688,0.01321460646127448
100,42974,0,0.0,575,5187,37787,0.013182620592553802
100,43074,0,0.0,576,5189,37885,0.01315095298854457
100,43174,0,0.0,577,5190,37984,0.013119600482459998
100,43274,0,0.0,578,5191,38083,0.013088559939023343
100,43374,0,0.0,579,5192,38182,0.013057828254154401
100,43474,0,0.0,580,5193,38281,0.013027402354659073
100,43574,0,0.0,581,5194,38380,0.012997279197922058
97,43671,0,0.0,582,5195,38476,0.012967455771602571
100,43771,0,0.0,583,5195,38576,0.012937929093333135
100,43871,0,0.0,584,5196,38675,0.012908696210421315
100,43971,0,0.0,585,5197,38774,0.012879754199554458
100,44071,0,0.0,586,5198,38873,0.012851100166507357
100,44171,0,0.0,587,5201,38970,0.012822731245852837
100,44271,0,0.0,588,5201,39070,0.012794644600675184
100,44371,0,0.0,589,5202,39169,0.012766837422286476
100,44471,0,0.0,590,5203,39268,0.012739306929945703
100,44571,0,0.0,591,5204,39367,0.012712050370580685
100,44671,0,0.0,592,5204,39467,0.012685065018512777
100,44771,0,0.0,593,5205,39566,0.012658348175184284
100,44871,0,0.0,594,5206,39665,0.012631897168888604
100,44971,0,0.0,595,5206,39765,0.012605709354503067
100,45071,0,0.0,596,5206,39865,0.012579782113224414
100,45171,0,0.0,597,5210,39961,0.012554112852306908
100,45271,0,0.0,598,5210,40061,0.012528699004803068
100,45371,0,0.0,599,5213,40158,0.012503538029306963
73,45444,0,0.0,600,5215,40229,0.012478627409700078
100,45544,0,0.0,601,5215,40329,0.012453964654899695
100,45644,0,0.0,602,5215,40429,0.012429547298609778
100,45744,0,0.0,603,5216,40528,0.01240537289907435
100,45844,0,0.0,604,5217,40627,0.012381439038833314
100,45944,0,0.0,605,5219,40725,0.012357743324480702
100,46044,0,0.0,606,5220,40824,0.01233428338642533
100,46144,0,0.0,607,5221,40923,0.012311056878653841
100,46244,0,0.0,608,5222,41022,0.012288061478496108
100,46344,0,0.0,609,5223,41121,0.012265294886392948
100,46444,0,0.0,610,5223,41221,0.01224275482566618
100,46544,0,0.0,611,5223,41321,0.012220439042290943
100,46644,0,0.0,612,5223,41421,0.012198345304670311
100,46744,0,0.0,613,5223,41521,0.012176471403412107
100,46844,0,0.0,614,5223,41621,0.012154815151107974
100,46944,0,0.0,615,5224,41720,0.012133374382114637
100,47044,0,0.0,616,5224,41820,0.012112146952337331
74,47118,0,0.0,617,5225,41893,0.012091130739015387
100,47218,0,0.0,618,5226,41992,0.012070323640509958
100,47318,0,0.0,619,5229,42089,0.012049723576093858
100,47418,0,0.0,620,5231,42187,0.012029328485743472
100,47518,0,0.0,621,5232,42286,0.012009136329932777
100,47618,0,0.0,622,5232,42386,0.01198914508942936
100,47718,0,0.0,623,5232,42486,0.011969352765092513
100,47818,0,0.0,624,5233,42585,0.011949757377673304
60,47878,0,0.0,625,5235,42643,0.01193035696761667
100,47978,0,0.0,626,5235,42743,0.011911149594865432
100,48078,0,0.0,627,5235,42843,0.011892133338666311
100,48178,0,0.0,628,5236,42942,0.01187330629737784
35,48213,0,0.0,629,5238,42975,0.011854666588280199
100,48313,0,0.0,630,5241,43072,0.011836212347386948
100,48413,0,0.0,631,5242,43171,0.011817941729258619
100,48513,0,0.0,632,5242,43271,0.011799852906818169
100,48613,0,0.0,633,5243,43370,0.011781944071168286
100,48713,0,0.0,634,5243,43470,0.011764213431410478
100,48813,0,0.0,635,5244,43569,0.011746659214465993
100,48913,0,0.0,636,5247,43666,0.011729279664898506
100,49013,0,0.0,637,5249,43764,0.011712073044738584
100,49113,0,0.0,638,5249,43864,0.011695037633309868
100,49213,0,0.0,639,5251,43962,0.011678171727057018
100,49313,0,0.0,640,5251,44062,0.011661473639375353
87,49400,0,0.0,641,5253,44147,0.011644941700442194
100,49500,0,0.0,642,5254,44246,0.011628574257049868
100,49600,0,0.0,643,5254,44346,0.011612369672440398
100,49700,0,0.0,644,5255,44445,0.011596326326141817
92,49792,0,0.0,645,5256,44536,0.011580442613806126
100,49892,0,0.0,646,5256,44636,0.011564716947048855
100,49992,0,0.0,647,5259,44733,0.011549147753290225
100,50092,0,0.0,648,5262,44830,0.011533733475597885
100,50192,0,0.0,649,5263,44929,0.011518472572531219
100,50292,0,0.0,650,5264,45028,0.011503363517987204
100,50392,0,0.0,651,5264,45128,0.011488404801047796
100,50492,0,0.0,652,5267,45225,0.011473594925828836
100,50592,0,0.0,653,5270,45322,0.011458932411330456
100,50692,0,0.0,654,5270,45422,0.01144441579128899
100,50792,0,0.0,655,5270,45522,0.011430043614030338
100,50892,0,0.0,656,5272,45620,0.011415814442324796
100,50992,0,0.0,657,5275,45717,0.011401726853243335
100,51092,0,0.0,658,5278,45814,0.011387779438015309
100,51192,0,0.0,659,5280,45912,0.011373970801887569
100,51292,0,0.0,660,5280,46012,0.011360299563985
100,51392,0,0.0,661,5280,46112,0.011346764357172414
100,51492,0,0.0,662,5282,46210,0.011333363827917855
62,51554,0,0.0,663,5283,46271,0.011320096636157226
100,51654,0,0.0,664,5284,46370,0.011306961455160297
100,51754,0,0.0,665,5284,46470,0.011293956971398022
100,51854,0,0.0,666,5284,46570,0.01128108188441119
65,51919,0,0.0,667,5286,46633,0.01126833490668037
100,52019,0,0.0,668,5287,46732,0.011255714763497167
100,52119,0,0.0,669,5288,46831,0.011243220192836747
100,52219,0,0.0,670,5288,46931,0.011230849945231628
100,52319,0,0.0,671,5289,47030,0.011218602783646746
100,52419,0,0.0,672,5294,47125,0.011206477483355735
100,52519,0,0.0,673,5294,47225,0.01119447283181846
100,52619,0,0.0,674,5295,47324,0.011182587628559764
100,52719,0,0.0,675,5295,47424,0.011170820685049418
100,52819,0,0.0,676,5296,47523,0.011159170824583262
100,52919,0,0.0,677,5296,47623,0.011147636882165546
100,53019,0,0.0,678,5298,47721,0.011136217704392411
100,53119,0,0.0,679,5298,47821,0.011124912149336568
100,53219,0,0.0,680,5300,47919,0.01111371908643309
100,53319,0,0.0,681,5301,48018,0.011102637396366355
100,53419,0,0.0,682,5302,48117,0.011091665970958125
100,53519,0,0.0,683,5303,48216,0.011080803713056716
92,53611,0,0.0,684,5304,48307,0.011070049536427285
100,53711,0,0.0,685,5304,48407,0.011059402365643208
90,53801,0,0.0,686,5305,48496,0.011048861135978534
100,53901,0,0.0,687,5305,48596,0.011038424793301511
100,54001,0,0.0,688,5305,48696,0.011028092293969175
100,54101,0,0.0,689,5305,48796,0.011017862604722983
100,54201,0,0.0,690,5306,48895,0.011007734702585483
100,54301,0,0.0,691,5307,48994,0.010997707574758025
100,54401,0,0.0,692,5308,49093,0.010987780218519469
100,54501,0,0.0,693,5308,49193,0.010977951641125918
100,54601,0,0.0,694,5309,49292,0.010968220859711442
100,54701,0,0.0,695,5310,49391,0.010958586901189789
100,54801,0,0.0,696,5314,49487,0.01094904880215708
100,54901,0,0.0,697,5314,49587,0.010939605608795464
87,54988,0,0.0,698,5315,49673,0.010930256376777735
100,55088,0,0.0,699,5315,49773,0.010921000171172899
100,55188,0,0.0,700,5316,49872,0.010911836066352685
100,55288,0,0.0,701,5318,49970,0.010902763145898971
100,55388,0,0.0,702,5318,50070,0.010893780502512152
100,55488,0,0.0,703,5318,50170,0.010884887237920403
100,55588,0,0.0,704,5320,50268,0.010876082462789857
100,55688,0,0.0,705,5320,50368,0.010867365296635659
100,55788,0,0.0,706,5321,50467,0.010858734867733933
74,55862,0,0.0,707,5322,50540,0.010850190313034594
100,55962,0,0.0,708,5322,50640,0.010841730778075053
100,56062,0,0.0,709,5322,50740,0.010833355416894765
100,56162,0,0.0,710,5322,50840,0.01082506339195063
100,56262,0,0.0,711,5322,50940,0.010816853874033245
100,56362,0,0.0,712,5322,51040,0.010808726042183978
100,56462,0,0.0,713,5322,51140,0.01080067908361287
100,56562,0,0.0,714,5323,51239,0.01079271219361736
100,56662,0,0.0,715,5323,51339,0.010784824575501804
74,56736,0,0.0,716,5324,51412,0.010777015440497823
100,56836,0,0.0,717,5325,51511,0.010769284007685407
100,56936,0,0.0,718,5325,51611,0.01076162950391483
100,57036,0,0.0,719,5325,51711,0.01075405116372934
100,57136,0,0.0,720,5325,51811,0.010746548229288598
100,57236,0,0.0,721,5326,51910,0.010739119950292912
100,57336,0,0.0,722,5326,52010,0.010731765583908192
88,57424,0,0.0,723,5328,52096,0.010724484394691668
100,57524,0,0.0,724,5329,52195,0.010717275654518353
100,57624,0,0.0,725,5329,52295,0.010710138642508221
100,57724,0,0.0,726,5329,52395,0.010703072644954124
100,57824,0,0.0,727,5330,52494,0.010696076955250418
100,57924,0,0.0,728,5330,52594,0.010689150873822304
100,58024,0,0.0,729,5331,52693,0.010682293708055865
100,58124,0,0.0,730,5333,52791,0.010675504772228813
100,58224,0,0.0,731,5333,52891,0.010668783387441906
100,58324,0,0.0,732,5333,52991,0.010662128881551065
88,58412,0,0.0,733,5336,53076,0.010655540589100154
100,58512,0,0.0,734,5338,53174,0.010649017851254439
100,58612,0,0.0,735,5338,53274,0.0106425600157347
100,58712,0,0.0,736,5338,53374,0.010636166436752002
100,58812,0,0.0,737,5339,53473,0.01062983647494312
71,58883,0,0.0,738,5341,53542,0.010623569497306598
100,58983,0,0.0,739,5343,53640,0.01061736487713945
100,59083,0,0.0,740,5343,53740,0.010611221993974488
97,59180,0,0.0,741,5348,53832,0.010605140233518277
79,59259,0,0.0,742,5350,53909,0.010599118987589702
100,59359,0,0.0,743,5350,54009,0.010593157654059155
31,59390,0,0.0,744,5351,54039,0.010587255636788313
100,59490,0,0.0,745,5354,54136,0.01058141234557053
31,59521,0,0.0,746,5355,54166,0.01057562719607182
100,59621,0,0.0,747,5356,54265,0.010569899609772403
100,59721,0,0.0,748,5359,54362,0.010564229013908884
100,59821,0,0.0,749,5362,54459,0.010558614841416947
100,59921,0,0.0,750,5363,54558,0.010553056530874667
100,60021,0,0.0,751,5364,54657,0.010547553526446355
100,60121,0,0.0,752,5367,54754,0.010542105277826985
100,60221,0,0.0,753,5367,54854,0.010536711240187152
100,60321,0,0.0,754,5370,54951,0.0105313708741186
100,60421,0,0.0,755,5370,55051,0.01052608364558027
100,60521,0,0.0,756,5372,55149,0.010520849025844903
100,60621,0,0.0,757,5374,55247,0.010515666491446161
100,60721,0,0.0,758,5375,55346,0.01051053552412629
100,60821,0,0.0,759,5375,55446,0.010505455610784278
100,60921,0,0.0,760,5377,55544,0.010500426243424558
100,61021,0,0.0,761,5378,55643,0.010495446919106205
100,61121,0,0.0,762,5378,55743,0.010490517139892635
100,61221,0,0.0,763,5379,55842,0.010485636412801822
25,61246,0,0.0,764,5380,55866,0.010480804249756986
100,61346,0,0.0,765,5383,55963,0.010476020167537797
100,61446,0,0.0,766,5383,56063,0.010471283687732046
100,61546,0,0.0,767,5383,56163,0.010466594336687809
100,61646,0,0.0,768,5383,56263,0.010461951645466068
59,61705,0,0.0,769,5384,56321,0.010457355149793835
100,61805,0,0.0,770,5384,56421,0.010452804390017712
100,61905,0,0.0,771,5385,56520,0.010448298911057929
100,62005,0,0.0,772,5386,56619,0.010443838262362837
79,62084,0,0.0,773,5387,56697,0.010439421997863846
100,62184,0,0.0,774,5389,56795,0.010435049675930827
100,62284,0,0.0,775,5389,56895,0.010430720859327945
100,62384,0,0.0,776,5389,56995,0.01042643511516993
97,62481,0,0.0,777,5390,57091,0.010422192014878798
100,62581,0,0.0,778,5390,57191,0.01041799113414098
100,62681,0,0.0,779,5390,57291,0.010413832052864903
100,62781,0,0.0,780,5390,57391,0.010409714355138974
31,62812,0,0.0,781,5391,57421,0.010405637629189989
100,62912,0,0.0,782,5391,57521,0.010401601467341955
94,63006,0,0.0,783,5394,57612,0.010397605465975325
100,63106,0,0.0,784,5394,57712,0.01039364922548663
100,63206,0,0.0,785,5398,57808,0.010389732350248527
28,63234,0,0.0,786,5399,57835,0.010385854448570228
79,63313,0,0.0,787,5400,57913,0.01038201513265833
100,63413,0,0.0,788,5403,58010,0.010378214018578047
100,63513,0,0.0,789,5405,58108,0.0103744507262148
100,63613,0,0.0,790,5405,58208,0.010370724879236218
100,63713,0,0.0,791,5405,58308,0.010367036105054498
100,63813,0,0.0,792,5407,58406,0.010363384034789147
100,63913,0,0.0,793,5408,58505,0.010359768303230097
100,64013,0,0.0,794,5409,58604,0.010356188548801179
100,64113,0,0.0,795,5410,58703,0.010352644413523964
100,64213,0,0.0,796,5411,58802,0.010349135542981974
100,64313,0,0.0,797,5411,58902,0.010345661586285228
100,64413,0,0.0,798,5411,59002,0.010342222196035164
100,64513,0,0.0,799,5413,59100,0.01033881702828989
100,64613,0,0.0,800,5416,59197,0.010335445742529792
100,64713,0,0.0,801,5416,59297,0.010332108001623487
100,64813,0,0.0,802,5417,59396,0.010328803471794101
100,64913,0,0.0,803,5420,59493,0.0103255318225859
100,65013,0,0.0,804,5420,59593,0.010322292726831234
79,65092,0,0.0,805,5422,59670,0.01031908586061783
100,65192,0,0.0,806,5422,59770,0.010315910903256391
100,65292,0,0.0,807,5422,59870,0.01031276753724854
59,65351,0,0.0,808,5423,59928,0.010309655448255054
100,65451,0,0.0,809,5423,60028,0.01030657432506444
100,65551,0,0.0,810,5423,60128,0.010303523859561813
91,65642,0,0.0,811,5424,60218,0.01030050374669808
28,65670,0,0.0,812,5425,60245,0.010297513684459435
100,65770,0,0.0,813,5425,60345,0.010294553373837166
86,65856,0,0.0,814,5427,60429,0.010291622518797741
100,65956,0,0.0,815,5427,60529,0.010288720826253218
100,66056,0,0.0,816,5427,60629,0.010285848006031922
100,66156,0,0.0,817,5427,60729,0.010283003770849435
100,66256,0,0.0,818,5428,60828,0.010280187836279871
100,66356,0,0.0,819,5429,60927,0.010277399920727424
100,66456,0,0.0,820,5432,61024,0.01027463974539822
91,66547,0,0.0,821,5434,61113,0.010271907034272422
100,66647,0,0.0,822,5434,61213,0.01026920151407664
100,66747,0,0.0,823,5435,61312,0.010266522914256601
100,66847,0,0.0,824,5436,61411,0.010263870966950093
100,66947,0,0.0,825,5436,61511,0.01026124540696017
100,67047,0,0.0,826,5438,61609,0.010258645971728651
100,67147,0,0.0,827,5439,61708,0.010256072401309843
100,67247,0,0.0,828,5443,61804,0.01025352443834456
100,67347,0,0.0,829,5445,61902,0.010251001828034383
100,67447,0,0.0,830,5445,62002,0.010248504318116178
100,67547,0,0.0,831,5445,62102,0.010246031658836873
100,67647,0,0.0,832,5446,62201,0.010243583602928479
100,67747,0,0.0,833,5446,62301,0.010241159905583363
62,67809,0,0.0,834,5447,62362,0.010238760324429774
100,67909,0,0.0,835,5448,62461,0.010236384619507594
100,68009,0,0.0,836,5449,62560,0.010234032553244354
37,68046,0,0.0,837,5451,62595,0.010231703890431466
100,68146,0,0.0,838,5451,62695,0.01022939839820071
70,68216,0,0.0,839,5454,62762,0.010227115846000938
100,68316,0,0.0,840,5454,62862,0.01022485600557503
100,68416,0,0.0,841,5455,62961,0.01022261865093706
100,68516,0,0.0,842,5456,63060,0.010220403558349701
100,68616,0,0.0,843,5456,63160,0.010218210506301846
100,68716,0,0.0,844,5456,63260,0.010216039275486465
100,68816,0,0.0,845,5456,63360,0.010213889648778665
100,68916,0,0.0,846,5457,63459,0.010211761411213984
100,69016,0,0.0,847,5462,63554,0.010209654349966894
100,69116,0,0.0,848,5463,63653,0.010207568254329514
100,69216,0,0.0,849,5464,63752,0.01020550291569054
100,69316,0,0.0,850,5466,63850,0.010203458127514388
100,69416,0,0.0,851,5467,63949,0.010201433685320538
100,69516,0,0.0,852,5467,64049,0.010199429386663081
100,69616,0,0.0,853,5468,64148,0.010197445031110482
100,69716,0,0.0,854,5470,64246,0.010195480420225531
100,69816,0,0.0,855,5472,64344,0.010193535357545505
100,69916,0,0.0,856,5474,64442,0.010191609648562514
100,70016,0,0.0,857,5476,64540,0.010189703100704052
100,70116,0,0.0,858,5476,64640,0.01018781552331375
100,70216,0,0.0,859,5476,64740,0.01018594672763229
100,70316,0,0.0,860,5477,64839,0.010184096526778551
100,70416,0,0.0,861,5478,64938,0.010182264735730903
100,70516,0,0.0,862,5478,65038,0.010180451171308717
100,70616,0,0.0,863,5478,65138,0.010178655652154037
100,70716,0,0.0,864,5481,65235,0.010176877998713455
100,70816,0,0.0,865,5482,65334,0.01017511803322014
100,70916,0,0.0,866,5482,65434,0.010173375579676082
100,71016,0,0.0,867,5483,65533,0.01017165046383447
100,71116,0,0.0,868,5483,65633,0.010169942513182286
100,71216,0,0.0,869,5483,65733,0.010168251556923037
100,71316,0,0.0,870,5484,65832,0.010166577425959692
65,71381,0,0.0,871,5485,65896,0.010164919952877757
100,71481,0,0.0,872,5487,65994,0.010163278971928544
100,71581,0,0.0,873,5488,66093,0.01016165431901259
100,71681,0,0.0,874,5488,66193,0.01016004583166325
100,71781,0,0.0,875,5488,66293,0.010158453349030448
100,71881,0,0.0,876,5488,66393,0.010156876711864594
100,71981,0,0.0,877,5488,66493,0.010155315762500658
100,72081,0,0.0,878,5488,66593,0.0101537703448424
60,72141,0,0.0,879,5490,66651,0.010152240304346772
100,72241,0,0.0,880,5492,66749,0.010150725488008444
100,72341,0,0.0,881,5492,66849,0.010149225744344521
100,72441,0,0.0,882,5497,66944,0.01014774092337939
91,72532,0,0.0,883,5498,67034,0.010146270876629714
100,72632,0,0.0,884,5499,67133,0.010144815457089593
100,72732,0,0.0,885,5500,67232,0.010143374519215861
100,72832,0,0.0,886,5500,67332,0.01014194791891353
100,72932,0,0.0,887,5501,67431,0.01014053551352138
100,73032,0,0.0,888,5502,67530,0.010139137161797698
100,73132,0,0.0,889,5503,67629,0.010137752723906142
100,73232,0,0.0,890,5503,67729,0.01013638206140177
100,73332,0,0.0,891,5505,67827,0.010135025037217192
100,73432,0,0.0,892,5505,67927,0.010133681515648855
100,73532,0,0.0,893,5506,68026,0.010132351362343486
100,73632,0,0.0,894,5508,68124,0.010131034444284644
100,73732,0,0.0,895,5509,68223,0.010129730629779427
100,73832,0,0.0,896,5509,68323,0.010128439788445296
73,73905,0,0.0,897,5512,68393,0.010127161791197044
100,74005,0,0.0,898,5513,68492,0.01012589651023388
100,74105,0,0.0,899,5513,68592,0.010124643819026653
100,74205,0,0.0,900,5513,68692,0.0101234035923052
100,74305,0,0.0,901,5514,68791,0.010122175706045813
100,74405,0,0.0,902,5514,68891,0.010120960037458845
100,74505,0,0.0,903,5517,68988,0.010119756464976423
100,74605,0,0.0,904,5517,69088,0.010118564868240294
100,74705,0,0.0,905,5517,69188,0.010117385128089795
100,74805,0,0.0,906,5517,69288,0.010116217126549927
100,74905,0,0.0,907,5519,69386,0.010115060746819561
100,75005,0,0.0,908,5519,69486,0.010113915873259762
100,75105,0,0.0,909,5520,69585,0.010112782391382219
100,75205,0,0.0,910,5523,69682,0.010111660187837799
100,75305,0,0.0,911,5523,69782,0.010110549150405214
100,75405,0,0.0,912,5523,69882,0.010109449167979795
100,75505,0,0.0,913,5525,69980,0.010108360130562379
100,75605,0,0.0,914,5526,70079,0.010107281929248322
100,75705,0,0.0,915,5528,70177,0.010106214456216591
100,75805,0,0.0,916,5528,70277,0.010105157604718994
60,75865,0,0.0,917,5530,70335,0.010104111269069502
100,75965,0,0.0,918,5531,70434,0.010103075344633675
100,76065,0,0.0,919,5531,70534,0.010102049727818207
86,76151,0,0.0,920,5532,70619,0.010101034316060565
29,76180,0,0.0,921,5533,70647,0.010100029007818723
100,76280,0,0.0,922,5535,70745,0.01009903370256102
100,76380,0,0.0,923,5536,70844,0.010098048300756102
100,76480,0,0.0,924,5539,70941,0.010097072703862968
100,76580,0,0.0,925,5539,71041,0.010096106814321115
100,76680,0,0.0,926,5542,71138,0.01009515053554078
100,76780,0,0.0,927,5542,71238,0.010094203771893295
100,76880,0,0.0,928,5543,71337,0.010093266428701501
100,76980,0,0.0,929,5544,71436,0.0100923384122303
100,77080,0,0.0,930,5545,71535,0.01009141962967727
100,77180,0,0.0,931,5546,71634,0.010090509989163391
100,77280,0,0.0,932,5547,71733,0.010089609399723856
100,77380,0,0.0,933,5548,71832,0.010088717771298966
100,77480,0,0.0,934,5550,71930,0.010087835014725138
100,77580,0,0.0,935,5550,72030,0.010086961041725979
100,77680,0,0.0,936,5550,72130,0.01008609576490346
100,77780,0,0.0,937,5552,72228,0.010085239097729176
100,77880,0,0.0,938,5552,72328,0.0100843909545357
100,77980,0,0.0,939,5555,72425,0.010083551250508005
100,78080,0,0.0,940,5555,72525,0.010082719901674985
100,78180,0,0.0,941,5557,72623,0.010081896824901066
100,78280,0,0.0,942,5558,72722,0.010081081937877885
100,78380,0,0.0,943,5558,72822,0.01008027515911606
100,78480,0,0.0,944,5559,72921,0.010079476407937044
100,78580,0,0.0,945,5562,73018,0.010078685604465051
100,78680,0,0.0,946,5562,73118,0.010077902669619077
100,78780,0,0.0,947,5563,73217,0.010077127525104984
100,78880,0,0.0,948,5563,73317,0.010076360093407673
100,78980,0,0.0,949,5565,73415,0.010075600297783338
100,79080,0,0.0,950,5566,73514,0.010074848062251781
100,79180,0,0.0,951,5568,73612,0.010074103311588823
100,79280,0,0.0,952,5571,73709,0.010073365971318778
100,79380,0,0.0,953,5572,73808,0.010072635967707003
100,79480,0,0.0,954,5573,73907,0.010071913227752527
100,79580,0,0.0,955,5574,74006,0.010071197679180756
100,79680,0,0.0,956,5577,74103,0.010070489250436234
100,79780,0,0.0,957,5578,74202,0.010069787870675497
100,79880,0,0.0,958,5578,74302,0.010069093469759984
100,79980,0,0.0,959,5579,74401,0.010068405978249026
100,80080,0,0.0,960,5579,74501,0.010067725327392897
100,80180,0,0.0,961,5580,74600,0.010067051449125945
100,80280,0,0.0,962,5583,74697,0.010066384276059784
100,80380,0,0.0,963,5584,74796,0.010065723741476547
100,80480,0,0.0,964,5585,74895,0.01006506977932223
100,80580,0,0.0,965,5586,74994,0.010064422324200068
100,80680,0,0.0,966,5586,75094,0.010063781311364012
100,80780,0,0.0,967,5588,75192,0.010063146676712244
100,80880,0,0.0,968,5591,75289,0.01006251835678077
100,80980,0,0.0,969,5591,75389,0.010061896288737071
100,81080,0,0.0,970,5591,75489,0.01006128041037383
100,81180,0,0.0,971,5591,75589,0.01006067066010269
100,81280,0,0.0,972,5593,75687,0.01006006697694812
100,81380,0,0.0,973,5595,75785,0.010059469300541302
100,81480,0,0.0,974,5596,75884,0.010058877571114096
100,81580,0,0.0,975,5596,75984,0.010058291729493065
100,81680,0,0.0,976,5598,76082,0.01005771171709356
100,81780,0,0.0,977,5598,76182,0.010057137475913858
100,81880,0,0.0,978,5598,76282,0.010056568948529363
100,81980,0,0.0,979,5600,76380,0.010056006078086861
100,82080,0,0.0,980,5603,76477,0.01005544880829884
100,82180,0,0.0,981,5603,76577,0.010054897083437856
100,82280,0,0.0,982,5603,76677,0.010054350848330963
100,82380,0,0.0,983,5603,76777,0.010053810048354195
100,82480,0,0.0,984,5603,76877,0.010053274629427107
100,82580,0,0.0,985,5606,76974,0.010052744538007355
86,82666,0,0.0,986,5608,77058,0.01005221972108536
100,82766,0,0.0,987,5609,77157,0.010051700126178988
100,82866,0,0.0,988,5610,77256,0.010051185701328317
100,82966,0,0.0,989,5610,77356,0.010050676395090436
100,83066,0,0.0,990,5610,77456,0.010050172156534292
100,83166,0,0.0,991,5610,77556,0.010049672935235614
100,83266,0,0.0,992,5611,77655,0.010049178681271852
100,83366,0,0.0,993,5612,77754,0.010048689345217202
100,83466,0,0.0,994,5613,77853,0.010048204878137646
100,83566,0,0.0,995,5614,77952,0.010047725231586075
100,83666,0,0.0,996,5614,78052,0.010047250357597435
100,83766,0,0.0,997,5614,78152,0.010046780208683928
100,83866,0,0.0,998,5615,78251,0.010046314737830275
100,83966,0,0.0,999,5616,78350,0.010045853898488999
100,84066,0,0.0,1000,5616,78450,0.010045397644575786
100,84166,0,0.0,1001,5616,78550,0.010044945930464861
100,84266,0,0.0,1002,5617,78649,0.010044498710984437
100,84366,0,0.0,1003,5618,78748,0.010044055941412194
100,84466,0,0.0,1004,5619,78847,0.010043617577470805
79,84545,0,0.0,1005,5623,78922,0.010043183575323512
100,84645,0,0.0,1006,5625,79020,0.010042753891569738
75,84720,0,0.0,1007,5626,79094,0.01004232848324075
100,84820,0,0.0,1008,5628,79192,0.010041907307795358
100,84920,0,0.0,1009,5628,79292,0.01004149032311567
100,85020,0,0.0,1010,5631,79389,0.010041077487502869
100,85120,0,0.0,1011,5631,79489,0.010040668759673048
100,85220,0,0.0,1012,5632,79588,0.010040264098753086
100,85320,0,0.0,1013,5633,79687,0.010039863464276553
100,85420,0,0.0,1014,5634,79786,0.010039466816179668
100,85520,0,0.0,1015,5635,79885,0.010039074114797288
79,85599,0,0.0,1016,5637,79962,0.01003868532085895
100,85699,0,0.0,1017,5637,80062,0.010038300395484938
100,85799,0,0.0,1018,5639,80160,0.01003791930018239
100,85899,0,0.0,1019,5641,80258,0.01003754199684146
100,85999,0,0.0,1020,5641,80358,0.0100371684477315
100,86099,0,0.0,1021,5641,80458,0.010036798615497286
100,86199,0,0.0,1022,5645,80554,0.010036432463155286
100,86299,0,0.0,1023,5646,80653,0.010036069954089965
100,86399,0,0.0,1024,5648,80751,0.01003571105205011
100,86499,0,0.0,1025,5649,80850,0.01003535572114522
100,86599,0,0.0,1026,5649,80950,0.010035003925841906
100,86699,0,0.0,1027,5652,81047,0.010034655630960348
100,86799,0,0.0,1028,5654,81145,0.010034310801670764
100,86899,0,0.0,1029,5654,81245,0.010033969403489941
100,86999,0,0.0,1030,5655,81344,0.010033631402277775
100,87099,0,0.0,1031,5655,81444,0.010033296764233863
100,87199,0,0.0,1032,5655,81544,0.01003296545589412
100,87299,0,0.0,1033,5656,81643,0.01003263744412744
71,87370,0,0.0,1034,5658,81712,0.010032312696132369
100,87470,0,0.0,1035,5659,81811,0.01003199117943384
100,87570,0,0.0,1036,5659,81911,0.010031672861879913
100,87670,0,0.0,1037,5661,82009,0.010031357711638567
100,87770,0,0.0,1038,5662,82108,0.010031045697194518
100,87870,0,0.0,1039,5662,82208,0.01003073678734606
100,87970,0,0.0,1040,5664,82306,0.01003043095120195
100,88070,0,0.0,1041,5664,82406,0.01003012815817832
100,88170,0,0.0,1042,5664,82506,0.010029828377995615
100,88270,0,0.0,1043,5666,82604,0.010029531580675564
100,88370,0,0.0,1044,5668,82702,0.010029237736538193
100,88470,0,0.0,1045,5669,82801,0.01002894681619884
100,88570,0,0.0,1046,5669,82901,0.010028658790565229
100,88670,0,0.0,1047,5670,83000,0.010028373630834558
100,88770,0,0.0,1048,5670,83100,0.010028091308490614
100,88870,0,0.0,1049,5671,83199,0.010027811795300929
100,88970,0,0.0,1050,5672,83298,0.01002753506331395
100,89070,0,0.0,1051,5673,83397,0.01002726108485625
100,89170,0,0.0,1052,5673,83497,0.010026989832529752
100,89270,0,0.0,1053,5674,83596,0.010026721279208999
100,89370,0,0.0,1054,5674,83696,0.010026455398038434
100,89470,0,0.0,1055,5674,83796,0.01002619216242972
100,89570,0,0.0,1056,5675,83895,0.010025931546059077
100,89670,0,0.0,1057,5675,83995,0.010025673522864646
100,89770,0,0.0,1058,5675,84095,0.0100254180670439
100,89870,0,0.0,1059,5675,84195,0.010025165153051038
100,89970,0,0.0,1060,5676,84294,0.010024914755594453
100,90070,0,0.0,1061,5676,84394,0.01002466684963419
62,90132,0,0.0,1062,5677,84455,0.010024421410379444
88,90220,0,0.0,1063,5679,84541,0.01002417841328609
100,90320,0,0.0,1064,5682,84638,0.010023937834054211
100,90420,0,0.0,1065,5684,84736,0.010023699648625687
100,90520,0,0.0,1066,5684,84836,0.010023463833181775
100,90620,0,0.0,1067,5684,84936,0.010023230364140734
100,90720,0,0.0,1068,5686,85034,0.010022999218155467
100,90820,0,0.0,1069,5686,85134,0.01002277037211118
100,90920,0,0.0,1070,5688,85232,0.01002254380312308
100,91020,0,0.0,1071,5689,85331,0.01002231948853408
100,91120,0,0.0,1072,5689,85431,0.010022097405912533
100,91220,0,0.0,1073,5689,85531,0.010021877533049992
100,91320,0,0.0,1074,5689,85631,0.010021659847958985
100,91420,0,0.0,1075,5689,85731,0.010021444328870826
100,91520,0,0.0,1076,5691,85829,0.010021230954233424
100,91620,0,0.0,1077,5691,85929,0.010021019702709136
100,91720,0,0.0,1078,5693,86027,0.010020810553172638
100,91820,0,0.0,1079,5693,86127,0.010020603484708799
100,91920,0,0.0,1080,5694,86226,0.0100203984766106
100,92020,0,0.0,1081,5694,86326,0.01002019550837706
31,92051,0,0.0,1082,5695,86356,0.010019994559711188
100,92151,0,0.0,1083,5696,86455,0.01001979561051795
100,92251,0,0.0,1084,5698,86553,0.01001959864090226
100,92351,0,0.0,1085,5699,86652,0.010019403631166992
100,92451,0,0.0,1086,5701,86750,0.01001921056181101
65,92516,0,0.0,1087,5702,86814,0.01001901941352722
100,92616,0,0.0,1088,5703,86913,0.01001883016720063
100,92716,0,0.0,1089,5704,87012,0.010018642803906453
100,92816,0,0.0,1090,5705,87111,0.010018457304908203
100,92916,0,0.0,1091,5705,87211,0.010018273651655822
100,93016,0,0.0,1092,5705,87311,0.010018091825783837
100,93116,0,0.0,1093,5705,87411,0.010017911809109508
100,93216,0,0.0,1094,5708,87508,0.010017733583631014
100,93316,0,0.0,1095,5710,87606,0.010017557131525663
100,93416,0,0.0,1096,5711,87705,0.010017382435148095
90,93506,0,0.0,1097,5714,87792,0.010017209477028527
100,93606,0,0.0,1098,5715,87891,0.010017038239871004
100,93706,0,0.0,1099,5715,87991,0.010016868706551666
100,93806,0,0.0,1100,5715,88091,0.01001670086011704
100,93906,0,0.0,1101,5717,88189,0.010016534683782344
100,94006,0,0.0,1102,5717,88289,0.010016370160929804
100,94106,0,0.0,1103,5719,88387,0.010016207275107
62,94168,0,0.0,1104,5720,88448,0.010016046010025212
100,94268,0,0.0,1105,5721,88547,0.0100158863495578
100,94368,0,0.0,1106,5722,88646,0.01001572827773858
100,94468,0,0.0,1107,5724,88744,0.010015571778760241
100,94568,0,0.0,1108,5725,88843,0.010015416836972756
100,94668,0,0.0,1109,5725,88943,0.010015263436881815
100,94768,0,0.0,1110,5726,89042,0.010015111563147282
100,94868,0,0.0,1111,5727,89141,0.010014961200581656
100,94968,0,0.0,1112,5727,89241,0.010014812334148557
100,95068,0,0.0,1113,5727,89341,0.010014664948961216
100,95168,0,0.0,1114,5728,89440,0.010014519030280992
100,95268,0,0.0,1115,5729,89539,0.010014374563515895
100,95368,0,0.0,1116,5731,89637,0.01001423153421913
100,95468,0,0.0,1117,5732,89736,0.010014089928087644
100,95568,0,0.0,1118,5732,89836,0.01001394973096071
100,95668,0,0.0,1119,5734,89934,0.010013810928818496
100,95768,0,0.0,1120,5737,90031,0.010013673507780674
100,95868,0,0.0,1121,5739,90129,0.010013537454105024
100,95968,0,0.0,1122,5740,90228,0.010013402754186067
100,96068,0,0.0,1123,5740,90328,0.010013269394553695
100,96168,0,0.0,1124,5740,90428,0.010013137361871838
100,96268,0,0.0,1125,5741,90527,0.010013006642937116
100,96368,0,0.0,1126,5742,90626,0.010012877224677526
100,96468,0,0.0,1127,5742,90726,0.010012749094151136
100,96568,0,0.0,1128,5744,90824,0.010012622238544785
100,96668,0,0.0,1129,5746,90922,0.010012496645172807
100,96768,0,0.0,1130,5747,91021,0.01001237230147576
71,96839,0,0.0,1131,5750,91089,0.01001224919501917
100,96939,0,0.0,1132,5751,91188,0.01001212731349229
100,97039,0,0.0,1133,5752,91287,0.010012006644706866
100,97139,0,0.0,1134,5752,91387,0.010011887176595919
58,97197,0,0.0,1135,5754,91443,0.010011768897212536
100,97297,0,0.0,1136,5754,91543,0.010011651794728682
100,97397,0,0.0,1137,5756,91641,0.010011535857434011
100,97497,0,0.0,1138,5756,91741,0.010011421073734697
100,97597,0,0.0,1139,5756,91841,0.010011307432152275
100,97697,0,0.0,1140,5756,91941,0.01001119492132249
100,97797,0,0.0,1141,5759,92038,0.010011083529994165
100,97897,0,0.0,1142,5759,92138,0.010010973247028078
100,97997,0,0.0,1143,5761,92236,0.010010864061395836
100,98097,0,0.0,1144,5762,92335,0.01001075596217879
100,98197,0,0.0,1145,5762,92435,0.010010648938566923
100,98297,0,0.0,1146,5763,92534,0.010010542979857786
100,98397,0,0.0,1147,5764,92633,0.010010438075455421
100,98497,0,0.0,1148,5766,92731,0.010010334214869302
100,98597,0,0.0,1149,5768,92829,0.010010231387713281
29,98626,0,0.0,1150,5771,92855,0.010010129583704556
100,98726,0,0.0,1151,5772,92954,0.010010028792662645
100,98826,0,0.0,1152,5774,93052,0.010009929004508356
100,98926,0,0.0,1153,5774,93152,0.010009830209262792
100,99026,0,0.0,1154,5775,93251,0.010009732397046348
100,99126,0,0.0,1155,5776,93350,0.010009635558077717
100,99226,0,0.0,1156,5777,93449,0.010009539682672925
100,99326,0,0.0,1157,5779,93547,0.010009444761244348
100,99426,0,0.0,1158,5782,93644,0.010009350784299768
98,99524,0,0.0,1159,5786,93738,0.01000925774244141
79,99603,0,0.0,1160,5789,93814,0.01000916562636501
60,99663,0,0.0,1161,5790,93873,0.010009074426858885
100,99763,0,0.0,1162,5790,93973,0.010008984134803008
100,99863,0,0.0,1163,5790,94073,0.010008894741168098
100,99963,0,0.0,1164,5792,94171,0.010008806237014717
