iteration,successes,successes_episode,reward_episode,episode_count,random_act,timestep,epsilon
93,93,0,0.0,1,93,0,1.0
27,120,0,0.0,2,119,1,0.9901493354116764
19,139,0,0.0,3,138,1,0.9803966865736877
70,209,0,0.0,4,205,4,0.970741078213023
54,263,0,0.0,5,255,8,0.9611815447608
18,281,0,0.0,6,272,9,0.9517171302557069
24,305,0,0.0,7,295,10,0.9423468882484062
12,317,0,0.0,8,305,12,0.9330698817068888
15,332,0,0.0,9,319,13,0.9238851829227694
52,384,0,0.0,10,368,16,0.9147918734185159
7,391,0,0.0,11,375,16,0.9057890438555999
47,438,0,0.0,12,416,22,0.896875793943563
30,468,0,0.0,13,444,24,0.888051232349986
12,480,0,0.0,14,455,25,0.8793144766113556
40,520,0,0.0,15,489,31,0.8706646530448178
7,527,0,0.0,16,495,32,0.8621008966608072
54,581,0,0.0,17,545,36,0.8536223510765493
98,679,0,0.0,18,631,48,0.8452281684304199
13,692,0,0.0,19,644,48,0.8369175092971592
10,702,0,0.0,20,651,51,0.8286895426039287
30,732,0,0.0,21,674,58,0.820543445547202
82,814,0,0.0,22,731,83,0.8124784035104852
100,914,0,0.0,23,809,105,0.8044936099828537
15,929,0,0.0,24,821,108,0.7965882664783007
11,940,0,0.0,25,831,109,0.7887615824558879
58,998,0,0.0,26,875,123,0.7810127752406908
49,1047,0,0.0,27,913,134,0.7733410699455306
33,1080,0,0.0,28,943,137,0.7657456993934846
38,1118,0,0.0,29,970,148,0.7582259040411682
10,1128,0,0.0,30,979,149,0.7507809319027796
19,1147,0,0.0,31,994,153,0.7434100384749007
26,1173,0,0.0,32,1014,159,0.7361124866620463
19,1192,0,0.0,33,1029,163,0.7288875467029541
11,1203,0,0.0,34,1038,165,0.7217344960976069
12,1215,0,0.0,35,1044,171,0.7146526195349836
42,1257,0,0.0,36,1073,184,0.7076412088215263
11,1268,0,0.0,37,1081,187,0.7006995628103208
11,1279,0,0.0,38,1090,189,0.6938269873309811
10,1289,0,0.0,39,1096,193,0.6870227951202322
12,1301,0,0.0,40,1102,199,0.680286305753183
16,1317,0,0.0,41,1114,203,0.6736168455752829
96,1413,0,0.0,42,1177,236,0.6670137476349562
35,1448,0,0.0,43,1201,247,0.6604763516169062
10,1458,0,0.0,44,1210,248,0.6540040037760834
17,1475,0,0.0,45,1221,254,0.64759605687231
28,1503,0,0.0,46,1238,265,0.6412518701055556
11,1514,0,0.0,47,1247,267,0.6349708090518567
23,1537,0,0.0,48,1262,275,0.6287522455998737
22,1559,0,0.0,49,1276,283,0.6225955578880794
38,1597,0,0.0,50,1299,298,0.616500130242572
82,1679,0,0.0,51,1349,330,0.6104653531155071
8,1687,0,0.0,52,1355,332,0.6044906230241432
22,1709,0,0.0,53,1369,340,0.5985753424904925
100,1809,0,0.0,54,1426,383,0.5927189199815717
10,1819,0,0.0,55,1434,385,0.5869207698502498
20,1839,0,0.0,56,1445,394,0.5811803122766818
87,1926,0,0.0,57,1502,424,0.5754969732103268
65,1991,0,0.0,58,1542,449,0.5698701843125418
41,2032,0,0.0,59,1565,467,0.564299382899748
74,2106,0,0.0,60,1618,488,0.558784011887162
51,2157,0,0.0,61,1644,513,0.5533235197330862
66,2223,0,0.0,62,1674,549,0.5479173603837548
10,2233,0,0.0,63,1677,556,0.5425649932187278
44,2277,0,0.0,64,1700,577,0.5372658829968282
32,2309,0,0.0,65,1715,594,0.5320194998026181
39,2348,0,0.0,66,1734,614,0.5268253189934059
39,2387,0,0.0,67,1756,631,0.5216828211467822
9,2396,0,0.0,68,1760,636,0.516591492008677
54,2450,0,0.0,69,1786,664,0.5115508224419336
100,2550,0,0.0,70,1836,714,0.5065603083753949
17,2567,0,0.0,71,1845,722,0.5016194507534953
32,2599,0,0.0,72,1856,743,0.49672775548635545
38,2637,0,0.0,73,1873,764,0.491884733400372
39,2676,0,0.0,74,1892,784,0.48708990018930043
13,2689,0,0.0,75,1903,786,0.48234277636582407
28,2717,0,0.0,76,1916,801,0.47764288721360454
81,2798,0,0.0,77,1954,844,0.47298976273981014
21,2819,0,0.0,78,1962,857,0.4683829376281158
27,2846,0,0.0,79,1976,870,0.4638219511921713
16,2862,0,0.0,80,1985,877,0.4593063473295323
33,2895,0,0.0,81,2002,893,0.45483567447604933
49,2944,0,0.0,82,2021,923,0.4504094855607117
11,2955,0,0.0,83,2026,929,0.44602733796093924
100,3055,0,0.0,84,2068,987,0.4416887934583202
15,3070,0,0.0,85,2076,994,0.43739341819478894
10,3080,0,0.0,86,2080,1000,0.43314078262923944
12,3092,0,0.0,87,2085,1007,0.4289304614945713
10,3102,0,0.0,88,2089,1013,0.42476203375516264
26,3128,0,0.0,89,2100,1028,0.42063508256476556
13,3141,0,0.0,90,2108,1033,0.41654919522482203
9,3150,0,0.0,91,2113,1037,0.4125039631431931
26,3176,0,0.0,92,2126,1050,0.40849898179329963
38,3214,0,0.0,93,2141,1073,0.404533850673669
32,3246,0,0.0,94,2159,1087,0.40060817326788506
12,3258,0,0.0,95,2163,1095,0.3967215570049359
77,3335,0,0.0,96,2196,1139,0.3928736132199562
29,3364,0,0.0,97,2206,1158,0.38906395711536096
91,3455,0,0.0,98,2235,1220,0.38529220772236483
35,3490,0,0.0,99,2242,1248,0.3815579878628856
9,3499,0,0.0,100,2245,1254,0.37786092411182526
17,3516,0,0.0,101,2253,1263,0.3742006467597279
42,3558,0,0.0,102,2274,1284,0.3705767897758081
32,3590,0,0.0,103,2282,1308,0.3669889907713475
40,3630,0,0.0,104,2290,1340,0.36343689096345594
97,3727,0,0.0,105,2326,1401,0.35992013513919235
84,3811,0,0.0,106,2362,1449,0.35643837162004377
39,3850,0,0.0,107,2377,1473,0.3529912522267568
10,3860,0,0.0,108,2380,1480,0.34957843224451957
10,3870,0,0.0,109,2383,1487,0.34619957038848975
78,3948,0,0.0,110,2412,1536,0.34285432876966604
100,4048,0,0.0,111,2443,1605,0.3395423728610988
36,4084,0,0.0,112,2448,1636,0.3362633714644372
50,4134,0,0.0,113,2468,1666,0.33301699667680906
40,4174,0,0.0,114,2478,1696,0.3298029238580304
10,4184,0,0.0,115,2481,1703,0.3266208315981408
15,4199,0,0.0,116,2487,1712,0.32347040168526264
54,4253,0,0.0,117,2503,1750,0.3203513190737793
40,4293,0,0.0,118,2516,1777,0.3172632718528302
76,4369,0,0.0,119,2547,1822,0.31420595121511996
12,4381,0,0.0,120,2550,1831,0.311179051426037
45,4426,0,0.0,121,2565,1861,0.3081822697930801
47,4473,0,0.0,122,2582,1891,0.3052153066355885
17,4490,0,0.0,123,2587,1903,0.30227786525477407
85,4575,0,0.0,124,2613,1962,0.29936965190405085
12,4587,0,0.0,125,2616,1971,0.29649037575966014
14,4601,0,0.0,126,2622,1979,0.29363974889158817
48,4649,0,0.0,127,2635,2014,0.2908174862347727
94,4743,0,0.0,128,2667,2076,0.28802330556059597
13,4756,0,0.0,129,2671,2085,0.2852569274486622
100,4856,0,0.0,130,2686,2170,0.2825180752588548
92,4948,0,0.0,131,2716,2232,0.27980647510367246
37,4985,0,0.0,132,2730,2255,0.2771218558208399
99,5084,0,0.0,133,2752,2332,0.27446394894619186
32,5116,0,0.0,134,2759,2357,0.27183248868682575
26,5142,0,0.0,135,2768,2374,0.26922721189452276
15,5157,0,0.0,136,2772,2385,0.2666478580394326
27,5184,0,0.0,137,2781,2403,0.26409416918402034
19,5203,0,0.0,138,2786,2417,0.26156588995727226
47,5250,0,0.0,139,2795,2455,0.2590627675291589
25,5275,0,0.0,140,2805,2470,0.2565845515853515
10,5285,0,0.0,141,2808,2477,0.2541309943021904
37,5322,0,0.0,142,2820,2502,0.25170185032190273
46,5368,0,0.0,143,2831,2537,0.24929687672806608
89,5457,0,0.0,144,2859,2598,0.246915833021317
29,5486,0,0.0,145,2867,2619,0.24455848109530054
49,5535,0,0.0,146,2877,2658,0.2422245852128597
24,5559,0,0.0,147,2883,2676,0.23991391198246126
41,5600,0,0.0,148,2893,2707,0.2376262303348566
100,5700,0,0.0,149,2910,2790,0.2353613114999746
36,5736,0,0.0,150,2918,2818,0.23311892898404435
29,5765,0,0.0,151,2928,2837,0.23089885854694553
55,5820,0,0.0,152,2944,2876,0.22870087817978443
36,5856,0,0.0,153,2953,2903,0.22652476808269262
78,5934,0,0.0,154,2969,2965,0.22437031064284702
100,6034,0,0.0,155,2987,3047,0.22223729041270818
31,6065,0,0.0,156,2991,3074,0.22012549408847562
14,6079,0,0.0,157,2994,3085,0.21803471048875708
100,6179,0,0.0,158,3014,3165,0.21596473053345028
38,6217,0,0.0,159,3021,3196,0.21391534722283462
40,6257,0,0.0,160,3028,3229,0.2118863556168713
93,6350,0,0.0,161,3051,3299,0.20987755281470882
100,6450,0,0.0,162,3082,3368,0.20788873793439305
10,6460,0,0.0,163,3084,3376,0.2059197120927785
35,6495,0,0.0,164,3089,3406,0.20397027838564025
96,6591,0,0.0,165,3111,3480,0.20204024186798297
10,6601,0,0.0,166,3114,3487,0.20012940953454655
30,6631,0,0.0,167,3118,3513,0.1982375903005053
12,6643,0,0.0,168,3123,3520,0.19636459498235934
43,6686,0,0.0,169,3127,3559,0.19451023627901587
41,6727,0,0.0,170,3133,3594,0.19267432875305937
67,6794,0,0.0,171,3149,3645,0.19085668881220733
55,6849,0,0.0,172,3161,3688,0.1890571346909509
30,6879,0,0.0,173,3171,3708,0.1872754864323783
9,6888,0,0.0,174,3174,3714,0.18551156587017906
17,6905,0,0.0,175,3175,3730,0.1837651966108269
32,6937,0,0.0,176,3182,3755,0.1820362040159407
28,6965,0,0.0,177,3185,3780,0.18032441518482004
15,6980,0,0.0,178,3187,3793,0.17862965893715535
40,7020,0,0.0,179,3197,3823,0.17695176579590954
89,7109,0,0.0,180,3212,3897,0.1752905679703703
38,7147,0,0.0,181,3216,3931,0.17364589933937066
59,7206,0,0.0,182,3226,3980,0.172017595434677
44,7250,0,0.0,183,3231,4019,0.17040549342454195
18,7268,0,0.0,184,3236,4032,0.16880943209742102
10,7278,0,0.0,185,3237,4041,0.16722925184585147
55,7333,0,0.0,186,3241,4092,0.16566479465049133
59,7392,0,0.0,187,3251,4141,0.16411590406431734
100,7492,0,0.0,188,3265,4227,0.1625824251969801
43,7535,0,0.0,189,3271,4264,0.16106420469931504
10,7545,0,0.0,190,3272,4273,0.15956109074800714
12,7557,0,0.0,191,3275,4282,0.1580729330304087
27,7584,0,0.0,192,3282,4302,0.15659958272950783
41,7625,0,0.0,193,3289,4336,0.15514089250904667
37,7662,0,0.0,194,3297,4365,0.1536967164987875
41,7703,0,0.0,195,3305,4398,0.1522669102799259
85,7788,0,0.0,196,3322,4466,0.15085133087064845
98,7886,0,0.0,197,3333,4553,0.14944983671183457
42,7928,0,0.0,198,3339,4589,0.14806228765290044
88,8016,0,0.0,199,3352,4664,0.1466885449377839
13,8029,0,0.0,200,3353,4676,0.14532847119106862
100,8129,0,0.0,201,3374,4755,0.1439819304042466
33,8162,0,0.0,202,3379,4783,0.14264878792211688
80,8242,0,0.0,203,3392,4850,0.1413289104293205
10,8252,0,0.0,204,3394,4858,0.14002216593700811
59,8311,0,0.0,205,3402,4909,0.13872842376964165
39,8350,0,0.0,206,3407,4943,0.1374475545519262
80,8430,0,0.0,207,3418,5012,0.13617943019587256
50,8480,0,0.0,208,3423,5057,0.13492392388798838
29,8509,0,0.0,209,3429,5080,0.13368091007659658
96,8605,0,0.0,210,3440,5165,0.1324502644592803
100,8705,0,0.0,211,3455,5250,0.13123186397045208
100,8805,0,0.0,212,3465,5340,0.13002558676904785
33,8838,0,0.0,213,3470,5368,0.12883131222634217
44,8882,0,0.0,214,3477,5405,0.12764892091388555
92,8974,0,0.0,215,3487,5487,0.1264782945915614
35,9009,0,0.0,216,3494,5515,0.125319316195762
50,9059,0,0.0,217,3501,5558,0.12417186982768189
30,9089,0,0.0,218,3506,5583,0.12303584074172813
37,9126,0,0.0,219,3512,5614,0.12191111533404535
35,9161,0,0.0,220,3515,5646,0.12079758113115559
10,9171,0,0.0,221,3516,5655,0.11969512677871053
41,9212,0,0.0,222,3521,5691,0.11860364203035628
12,9224,0,0.0,223,3523,5701,0.11752301773670837
58,9282,0,0.0,224,3531,5751,0.116453145834437
100,9382,0,0.0,225,3541,5841,0.11539391933546027
17,9399,0,0.0,226,3543,5856,0.11434523231624569
100,9499,0,0.0,227,3557,5942,0.11330697990721733
49,9548,0,0.0,228,3565,5983,0.1122790582822692
88,9636,0,0.0,229,3573,6063,0.11126136464838206
49,9685,0,0.0,230,3579,6106,0.11025379723534455
49,9734,0,0.0,231,3582,6152,0.10925625528557566
100,9834,0,0.0,232,3589,6245,0.1082686390440492
100,9934,0,0.0,233,3596,6338,0.10729084974831793
55,9989,0,0.0,234,3603,6386,0.10632278961863742
81,10070,0,0.0,235,3610,6460,0.10536436184818809
43,10113,0,0.0,236,3615,6498,0.10441547059339411
28,10141,0,0.0,237,3618,6523,0.10347602096433932
100,10241,0,0.0,238,3628,6613,0.10254591901527788
41,10282,0,0.0,239,3633,6649,0.10162507173523985
13,10295,0,0.0,240,3635,6660,0.10071338703872978
100,10395,0,0.0,241,3644,6751,0.09981077375651838
12,10407,0,0.0,242,3646,6761,0.09891714162652515
100,10507,0,0.0,243,3652,6855,0.09803240128479247
100,10607,0,0.0,244,3663,6944,0.09715646425654882
35,10642,0,0.0,245,3665,6977,0.09628924294736148
30,10672,0,0.0,246,3669,7003,0.09543065063437678
80,10752,0,0.0,247,3673,7079,0.09458060145764802
88,10840,0,0.0,248,3684,7156,0.09373901041154904
33,10873,0,0.0,249,3688,7185,0.092905793336274
100,10973,0,0.0,250,3693,7280,0.09208086690942092
28,11001,0,0.0,251,3696,7305,0.0912641486376598
28,11029,0,0.0,252,3697,7332,0.09045555684848275
100,11129,0,0.0,253,3705,7424,0.08965501068203711
100,11229,0,0.0,254,3712,7517,0.08886243008303903
96,11325,0,0.0,255,3714,7611,0.08807773579276819
21,11346,0,0.0,256,3717,7629,0.08730084934114159
100,11446,0,0.0,257,3723,7723,0.08653169303886674
46,11492,0,0.0,258,3729,7763,0.0857701899696724
92,11584,0,0.0,259,3737,7847,0.08501626398261702
37,11621,0,0.0,260,3743,7878,0.0842698396844737
38,11659,0,0.0,261,3750,7909,0.08353084243219053
33,11692,0,0.0,262,3753,7939,0.08279919832542652
100,11792,0,0.0,263,3763,8029,0.08207483419916123
57,11849,0,0.0,264,3770,8079,0.08135767761637844
33,11882,0,0.0,265,3774,8108,0.08064765686082219
42,11924,0,0.0,266,3776,8148,0.0799447009298253
66,11990,0,0.0,267,3784,8206,0.0792487395272088
13,12003,0,0.0,268,3786,8217,0.07855970305625253
18,12021,0,0.0,269,3787,8234,0.07787752261273513
100,12121,0,0.0,270,3797,8324,0.07720212997804382
52,12173,0,0.0,271,3801,8372,0.07653345761235225
34,12207,0,0.0,272,3805,8402,0.07587143864786668
100,12307,0,0.0,273,3813,8494,0.07521600688213892
12,12319,0,0.0,274,3815,8504,0.07456709677144624
100,12419,0,0.0,275,3817,8602,0.07392464342423678
100,12519,0,0.0,276,3820,8699,0.0732885825946405
100,12619,0,0.0,277,3822,8797,0.07265885067604429
30,12649,0,0.0,278,3826,8823,0.07203538469473161
32,12681,0,0.0,279,3828,8853,0.0714181223035847
88,12769,0,0.0,280,3836,8933,0.07080700177585013
100,12869,0,0.0,281,3840,9029,0.07020196199896576
100,12969,0,0.0,282,3846,9123,0.06960294246844981
100,13069,0,0.0,283,3849,9220,0.06900988328184997
100,13169,0,0.0,284,3855,9314,0.06842272513275337
45,13214,0,0.0,285,3860,9354,0.06784140930485581
100,13314,0,0.0,286,3870,9444,0.06726587766609007
41,13355,0,0.0,287,3876,9479,0.06669607266281269
28,13383,0,0.0,288,3878,9505,0.06613193731404843
92,13475,0,0.0,289,3883,9592,0.06557341520579238
14,13489,0,0.0,290,3886,9603,0.06502045048536823
100,13589,0,0.0,291,3887,9702,0.06447298785584316
100,13689,0,0.0,292,3893,9796,0.06393097257049796
53,13742,0,0.0,293,3896,9846,0.06339435042735246
45,13787,0,0.0,294,3899,9888,0.06286306776374512
92,13879,0,0.0,295,3908,9971,0.06233707145096687
20,13899,0,0.0,296,3912,9987,0.06181630888894806
80,13979,0,0.0,297,3922,10057,0.061300728000998575
59,14038,0,0.0,298,3929,10109,0.06079027722859992
18,14056,0,0.0,299,3930,10126,0.060284905526249516
92,14148,0,0.0,300,3935,10213,0.05978456235635595
100,14248,0,0.0,301,3940,10308,0.05928919768418531
100,14348,0,0.0,302,3948,10400,0.05879876197285753
32,14380,0,0.0,303,3951,10429,0.058313206178392835
100,14480,0,0.0,304,3956,10524,0.05783248174480709
100,14580,0,0.0,305,3965,10615,0.057356540599256385
100,14680,0,0.0,306,3967,10713,0.0568853351472295
100,14780,0,0.0,307,3970,10810,0.0564188182677886
100,14880,0,0.0,308,3973,10907,0.05595694330885694
100,14980,0,0.0,309,3980,11000,0.05549966408255377
100,15080,0,0.0,310,3985,11095,0.05504693486057535
100,15180,0,0.0,311,3990,11190,0.05459871036962222
100,15280,0,0.0,312,3993,11287,0.05415494578687179
53,15333,0,0.0,313,3997,11336,0.05371559673549593
77,15410,0,0.0,314,4001,11409,0.053280619280223436
13,15423,0,0.0,315,4002,11421,0.05284996992294624
88,15511,0,0.0,316,4007,11504,0.05242360559836979
100,15611,0,0.0,317,4014,11597,0.05200148366970627
84,15695,0,0.0,318,4018,11677,0.051583561924411096
47,15742,0,0.0,319,4022,11720,0.05116979856996143
97,15839,0,0.0,320,4031,11808,0.050760152229677065
46,15885,0,0.0,321,4033,11852,0.05035458193858255
45,15930,0,0.0,322,4037,11893,0.049953047139310834
37,15967,0,0.0,323,4039,11928,0.04955550767804736
100,16067,0,0.0,324,4040,12027,0.04916192380051474
100,16167,0,0.0,325,4043,12124,0.0487722561479972
44,16211,0,0.0,326,4047,12164,0.04838646575340479
92,16303,0,0.0,327,4052,12251,0.04800451403737654
100,16403,0,0.0,328,4054,12349,0.04762636280442257
92,16495,0,0.0,329,4060,12435,0.04725197423910444
100,16595,0,0.0,330,4064,12531,0.04688131090225365
100,16695,0,0.0,331,4069,12626,0.046514335727227595
10,16705,0,0.0,332,4073,12632,0.046151012016203
32,16737,0,0.0,333,4076,12661,0.04579130343650595
100,16837,0,0.0,334,4081,12756,0.04543517401697875
100,16937,0,0.0,335,4085,12852,0.04508258814438266
100,17037,0,0.0,336,4088,12949,0.04473351055983658
35,17072,0,0.0,337,4090,12982,0.044387906355291176
100,17172,0,0.0,338,4096,13076,0.04404574097003798
100,17272,0,0.0,339,4096,13176,0.04370698018725335
18,17290,0,0.0,340,4097,13193,0.043371590130576676
79,17369,0,0.0,341,4098,13271,0.04303953726072282
30,17399,0,0.0,342,4099,13300,0.042710788372128064
100,17499,0,0.0,343,4101,13398,0.042385310589629625
100,17599,0,0.0,344,4104,13495,0.04206307136517797
100,17699,0,0.0,345,4108,13591,0.04174403847458216
82,17781,0,0.0,346,4111,13670,0.04142818001428726
36,17817,0,0.0,347,4115,13702,0.04111546439818403
80,17897,0,0.0,348,4120,13777,0.04080586035445025
38,17935,0,0.0,349,4123,13812,0.040499336922423565
100,18035,0,0.0,350,4124,13911,0.040195863449505306
100,18135,0,0.0,351,4126,14009,0.039895409588095315
52,18187,0,0.0,352,4129,14058,0.039597945292557044
100,18287,0,0.0,353,4131,14156,0.03930344081621308
100,18387,0,0.0,354,4138,14249,0.03901186670837034
15,18402,0,0.0,355,4139,14263,0.03872319381137508
100,18502,0,0.0,356,4140,14362,0.03843739325769703
100,18602,0,0.0,357,4143,14459,0.03815443646704266
88,18690,0,0.0,358,4148,14542,0.03787429514349709
55,18745,0,0.0,359,4150,14595,0.03759694127269454
100,18845,0,0.0,360,4151,14694,0.037322347119016795
100,18945,0,0.0,361,4157,14788,0.03705048522281963
100,19045,0,0.0,362,4160,14885,0.03678132839768691
11,19056,0,0.0,363,4161,14895,0.036514849727711796
31,19087,0,0.0,364,4163,14924,0.03625102256480524
100,19187,0,0.0,365,4166,15021,0.03598982052603108
100,19287,0,0.0,366,4168,15119,0.0357312174909678
100,19387,0,0.0,367,4173,15214,0.03547518759909634
30,19417,0,0.0,368,4174,15243,0.035221705247214206
35,19452,0,0.0,369,4177,15275,0.03497074508687494
28,19480,0,0.0,370,4181,15299,0.034722282021853394
100,19580,0,0.0,371,4184,15396,0.034476291205635994
100,19680,0,0.0,372,4187,15493,0.034232748038936146
15,19695,0,0.0,373,4189,15506,0.0339916281672342
57,19752,0,0.0,374,4190,15562,0.03375290747834208
9,19761,0,0.0,375,4192,15569,0.033516562099991945
32,19793,0,0.0,376,4194,15599,0.03328256839744902
96,19889,0,0.0,377,4198,15691,0.03305090297114803
100,19989,0,0.0,378,4201,15788,0.03282154265435332
100,20089,0,0.0,379,4209,15880,0.03259446451084204
100,20189,0,0.0,380,4210,15979,0.03236964583261064
43,20232,0,0.0,381,4213,16019,0.03214706413760394
100,20332,0,0.0,382,4216,16116,0.03192669716746694
100,20432,0,0.0,383,4221,16211,0.031708522885318995
100,20532,0,0.0,384,4222,16310,0.031492519473550085
100,20632,0,0.0,385,4228,16404,0.031278665331639026
30,20662,0,0.0,386,4230,16432,0.031066939073993396
54,20716,0,0.0,387,4232,16484,0.030857319527811018
100,20816,0,0.0,388,4232,16584,0.030649785730962574
79,20895,0,0.0,389,4235,16660,0.030444316929895437
100,20995,0,0.0,390,4237,16758,0.030240892577558277
83,21078,0,0.0,391,4239,16839,0.030039492331346347
88,21166,0,0.0,392,4243,16923,0.029840096051067175
48,21214,0,0.0,393,4245,16969,0.029642683796926583
15,21229,0,0.0,394,4246,16983,0.02944723582753464
100,21329,0,0.0,395,4249,17080,0.029253732597931535
100,21429,0,0.0,396,4251,17178,0.029062154757633053
100,21529,0,0.0,397,4254,17275,0.02887248314869552
28,21557,0,0.0,398,4256,17301,0.028684698803799973
43,21600,0,0.0,399,4257,17343,0.02849878294435545
100,21700,0,0.0,400,4260,17440,0.02831471697862105
100,21800,0,0.0,401,4261,17539,0.028132482499846838
30,21830,0,0.0,402,4263,17567,0.027952061284433068
100,21930,0,0.0,403,4265,17665,0.02777343529010782
100,22030,0,0.0,404,4269,17761,0.027596586654122846
100,22130,0,0.0,405,4272,17858,0.027421497691467157
100,22230,0,0.0,406,4275,17955,0.02724815089309858
10,22240,0,0.0,407,4276,17964,0.0270765289241928
100,22340,0,0.0,408,4277,18063,0.026906614622409945
100,22440,0,0.0,409,4280,18160,0.026738390996178224
52,22492,0,0.0,410,4281,18211,0.026571841222994823
89,22581,0,0.0,411,4284,18297,0.026406948647743643
96,22677,0,0.0,412,4288,18389,0.026243696781029717
14,22691,0,0.0,413,4290,18401,0.026082069297530375
58,22749,0,0.0,414,4292,18457,0.02592205003436255
100,22849,0,0.0,415,4293,18556,0.025763622989466578
100,22949,0,0.0,416,4294,18655,0.025606772320005942
100,23049,0,0.0,417,4296,18753,0.025451482340783003
100,23149,0,0.0,418,4298,18851,0.02529773752267042
100,23249,0,0.0,419,4299,18950,0.025145522491058264
36,23285,0,0.0,420,4301,18984,0.02499482202431651
100,23385,0,0.0,421,4303,19082,0.024845621052272927
100,23485,0,0.0,422,4305,19180,0.024697904654705963
88,23573,0,0.0,423,4307,19266,0.024551658059852766
100,23673,0,0.0,424,4311,19362,0.024406866642931964
42,23715,0,0.0,425,4312,19403,0.024263515924681227
100,23815,0,0.0,426,4312,19503,0.024121591569909263
100,23915,0,0.0,427,4313,19602,0.023981079386062323
100,24015,0,0.0,428,4314,19701,0.023841965321804916
100,24115,0,0.0,429,4316,19799,0.023704235465614704
100,24215,0,0.0,430,4322,19893,0.023567876044391298
100,24315,0,0.0,431,4324,19991,0.023432873422078924
100,24415,0,0.0,432,4327,20088,0.02329921409830285
100,24515,0,0.0,433,4328,20187,0.02316688470701933
100,24615,0,0.0,434,4331,20284,0.023035872015178954
100,24715,0,0.0,435,4333,20382,0.022906162921403357
100,24815,0,0.0,436,4338,20477,0.022777744454675064
100,24915,0,0.0,437,4339,20576,0.0226506037730404
88,25003,0,0.0,438,4343,20660,0.02252472816232525
100,25103,0,0.0,439,4344,20759,0.022400105034863643
100,25203,0,0.0,440,4344,20859,0.02227672192823897
100,25303,0,0.0,441,4345,20958,0.02215456650403775
100,25403,0,0.0,442,4347,21056,0.022033626546615788
59,25462,0,0.0,443,4351,21111,0.021913889961876536
36,25498,0,0.0,444,4352,21146,0.02179534477606175
100,25598,0,0.0,445,4356,21242,0.02167797913455405
100,25698,0,0.0,446,4358,21340,0.021561781300691488
100,25798,0,0.0,447,4359,21439,0.02144673965459385
29,25827,0,0.0,448,4360,21467,0.021332842692000656
100,25927,0,0.0,449,4364,21563,0.021220079023120713
88,26015,0,0.0,450,4366,21649,0.02110843737149319
100,26115,0,0.0,451,4367,21748,0.02099790657285988
32,26147,0,0.0,452,4369,21778,0.020888475574048812
100,26247,0,0.0,453,4369,21878,0.020780133431868894
100,26347,0,0.0,454,4375,21972,0.020672869312015653
100,26447,0,0.0,455,4375,22072,0.020566672487987697
31,26478,0,0.0,456,4378,22100,0.02046153234001413
88,26566,0,0.0,457,4379,22187,0.02035743835399253
100,26666,0,0.0,458,4382,22284,0.020254380120437558
100,26766,0,0.0,459,4384,22382,0.02015234733343998
100,26866,0,0.0,460,4386,22480,0.020051329789636065
100,26966,0,0.0,461,4388,22578,0.01995131738718724
92,27058,0,0.0,462,4393,22665,0.019852300124769934
100,27158,0,0.0,463,4394,22764,0.019754268100575387
100,27258,0,0.0,464,4395,22863,0.019657211511319474
100,27358,0,0.0,465,4396,22962,0.0195611206512624
52,27410,0,0.0,466,4397,23013,0.01946598591123807
100,27510,0,0.0,467,4397,23113,0.01937179777769322
100,27610,0,0.0,468,4398,23212,0.019278546831735997
100,27710,0,0.0,469,4400,23310,0.019186223748194096
100,27810,0,0.0,470,4406,23404,0.01909481929468222
100,27910,0,0.0,471,4407,23503,0.019004324330678855
100,28010,0,0.0,472,4407,23603,0.018914729806612192
100,28110,0,0.0,473,4409,23701,0.01882602676295516
100,28210,0,0.0,474,4411,23799,0.018738206329329453
100,28310,0,0.0,475,4413,23897,0.018651259723618557
100,28410,0,0.0,476,4415,23995,0.01856517825108943
100,28510,0,0.0,477,4415,24095,0.018479953303523082
100,28610,0,0.0,478,4418,24192,0.018395576358353725
32,28642,0,0.0,479,4420,24222,0.018312038977816556
30,28672,0,0.0,480,4421,24251,0.018229332808103887
100,28772,0,0.0,481,4421,24351,0.01814744957852983
100,28872,0,0.0,482,4421,24451,0.01806638110070318
100,28972,0,0.0,483,4423,24549,0.01798611926770862
100,29072,0,0.0,484,4424,24648,0.017906656053295947
17,29089,0,0.0,485,4425,24664,0.017827983511077505
15,29104,0,0.0,486,4426,24678,0.01775009377373351
100,29204,0,0.0,487,4427,24777,0.017672979052225327
100,29304,0,0.0,488,4432,24872,0.017596631635016534
100,29404,0,0.0,489,4434,24970,0.01752104388730179
100,29504,0,0.0,490,4435,25069,0.017446208250243338
100,29604,0,0.0,491,4437,25167,0.017372117240215094
100,29704,0,0.0,492,4438,25266,0.01729876344805433
100,29804,0,0.0,493,4438,25366,0.0172261395383207
100,29904,0,0.0,494,4440,25464,0.017154238248562697
100,30004,0,0.0,495,4441,25563,0.017083052388591435
44,30048,0,0.0,496,4442,25606,0.017012574839761596
100,30148,0,0.0,497,4442,25706,0.01694279855425957
100,30248,0,0.0,498,4445,25803,0.016873716554398652
100,30348,0,0.0,499,4445,25903,0.016805321931921288
100,30448,0,0.0,500,4446,26002,0.01673760784730824
100,30548,0,0.0,501,4446,26102,0.016670567529094613
100,30648,0,0.0,502,4449,26199,0.01660419427319272
100,30748,0,0.0,503,4452,26296,0.016538481442221656
100,30848,0,0.0,504,4453,26395,0.016473422464843575
100,30948,0,0.0,505,4454,26494,0.01640901083510651
100,31048,0,0.0,506,4455,26593,0.01634524011179382
35,31083,0,0.0,507,4456,26627,0.016282103917780018
100,31183,0,0.0,508,4458,26725,0.01621959593939311
100,31283,0,0.0,509,4458,26825,0.016157709925783147
100,31383,0,0.0,510,4460,26923,0.016096439688297208
100,31483,0,0.0,511,4466,27017,0.016035779099860478
100,31583,0,0.0,512,4470,27113,0.01597572209436357
47,31630,0,0.0,513,4471,27159,0.015916262666055885
100,31730,0,0.0,514,4474,27256,0.015857394868945038
54,31784,0,0.0,515,4476,27308,0.015799112816202266
15,31799,0,0.0,516,4477,27322,0.01574141067957372
100,31899,0,0.0,517,4477,27422,0.01568428268879766
100,31999,0,0.0,518,4478,27521,0.0156277231310274
92,32091,0,0.0,519,4480,27611,0.015571726350260025
100,32191,0,0.0,520,4480,27711,0.015516286746770792
100,32291,0,0.0,521,4481,27810,0.015461398776553163
59,32350,0,0.0,522,4482,27868,0.015407056950764372
100,32450,0,0.0,523,4485,27965,0.01535325583517655
100,32550,0,0.0,524,4489,28061,0.015299990049633304
28,32578,0,0.0,525,4490,28088,0.015247254267511699
100,32678,0,0.0,526,4490,28188,0.015195043215189571
100,32778,0,0.0,527,4490,28288,0.015143351671518179
100,32878,0,0.0,528,4490,28388,0.015092174467300075
100,32978,0,0.0,529,4490,28488,0.015041506484772198
100,33078,0,0.0,530,4493,28585,0.01499134265709407
15,33093,0,0.0,531,4494,28599,0.014941677967841115
82,33175,0,0.0,532,4495,28680,0.01489250745050302
100,33275,0,0.0,533,4497,28778,0.014843826187987082
100,33375,0,0.0,534,4500,28875,0.014795629312126479
100,33475,0,0.0,535,4500,28975,0.014747912003193458
58,33533,0,0.0,536,4501,29032,0.014700669489417359
100,33633,0,0.0,537,4502,29131,0.014653897046507443
100,33733,0,0.0,538,4502,29231,0.01460758999718044
100,33833,0,0.0,539,4503,29330,0.014561743710692824
100,33933,0,0.0,540,4504,29429,0.014516353602377746
100,34033,0,0.0,541,4504,29529,0.01447141513318654
100,34133,0,0.0,542,4507,29626,0.014426923809234849
100,34233,0,0.0,543,4507,29726,0.014382875181353196
100,34333,0,0.0,544,4509,29824,0.01433926484464209
100,34433,0,0.0,545,4511,29922,0.014296088438031505
100,34533,0,0.0,546,4511,30022,0.014253341643844817
100,34633,0,0.0,547,4513,30120,0.014211020187366974
100,34733,0,0.0,548,4514,30219,0.014169119836417065
92,34825,0,0.0,549,4515,30310,0.01412763640092507
83,34908,0,0.0,550,4517,30391,0.014086565732512882
100,35008,0,0.0,551,4517,30491,0.014045903724079427
100,35108,0,0.0,552,4517,30591,0.014005646309389977
100,35208,0,0.0,553,4519,30689,0.013965789462669513
45,35253,0,0.0,554,4520,30733,0.013926329198200155
89,35342,0,0.0,555,4523,30819,0.013887261569922569
100,35442,0,0.0,556,4523,30919,0.01384858267104137
100,35542,0,0.0,557,4525,31017,0.013810288633634434
100,35642,0,0.0,558,4525,31117,0.013772375628266116
100,35742,0,0.0,559,4526,31216,0.013734839863604284
100,35842,0,0.0,560,4527,31315,0.013697677586041186
100,35942,0,0.0,561,4527,31415,0.0136608850793181
100,36042,0,0.0,562,4528,31514,0.013624458664153696
100,36142,0,0.0,563,4529,31613,0.013588394697876097
100,36242,0,0.0,564,4531,31711,0.013552689574058628
55,36297,0,0.0,565,4532,31765,0.013517339722159148
100,36397,0,0.0,566,4534,31863,0.013482341607163007
100,36497,0,0.0,567,4535,31962,0.013447691729229546
100,36597,0,0.0,568,4536,32061,0.013413386623342096
100,36697,0,0.0,569,4537,32160,0.013379422858961477
100,36797,0,0.0,570,4537,32260,0.013345797039682946
84,36881,0,0.0,571,4540,32341,0.01331250580289656
32,36913,0,0.0,572,4541,32372,0.013279545819450893
41,36954,0,0.0,573,4542,32412,0.013246913793320138
32,36986,0,0.0,574,4543,32443,0.01321460646127448
100,37086,0,0.0,575,4546,32540,0.013182620592553802
100,37186,0,0.0,576,4546,32640,0.01315095298854457
100,37286,0,0.0,577,4547,32739,0.013119600482459998
100,37386,0,0.0,578,4547,32839,0.013088559939023343
89,37475,0,0.0,579,4548,32927,0.013057828254154401
100,37575,0,0.0,580,4548,33027,0.013027402354659073
100,37675,0,0.0,581,4549,33126,0.012997279197922058
100,37775,0,0.0,582,4549,33226,0.012967455771602571
100,37875,0,0.0,583,4551,33324,0.012937929093333135
100,37975,0,0.0,584,4551,33424,0.012908696210421315
100,38075,0,0.0,585,4553,33522,0.012879754199554458
100,38175,0,0.0,586,4555,33620,0.012851100166507357
100,38275,0,0.0,587,4555,33720,0.012822731245852837
100,38375,0,0.0,588,4556,33819,0.012794644600675184
100,38475,0,0.0,589,4556,33919,0.012766837422286476
100,38575,0,0.0,590,4556,34019,0.012739306929945703
100,38675,0,0.0,591,4556,34119,0.012712050370580685
100,38775,0,0.0,592,4556,34219,0.012685065018512777
100,38875,0,0.0,593,4558,34317,0.012658348175184284
100,38975,0,0.0,594,4559,34416,0.012631897168888604
100,39075,0,0.0,595,4559,34516,0.012605709354503067
100,39175,0,0.0,596,4561,34614,0.012579782113224414
100,39275,0,0.0,597,4561,34714,0.012554112852306908
100,39375,0,0.0,598,4564,34811,0.012528699004803068
100,39475,0,0.0,599,4565,34910,0.012503538029306963
100,39575,0,0.0,600,4567,35008,0.012478627409700078
100,39675,0,0.0,601,4567,35108,0.012453964654899695
96,39771,0,0.0,602,4568,35203,0.012429547298609778
100,39871,0,0.0,603,4568,35303,0.01240537289907435
100,39971,0,0.0,604,4568,35403,0.012381439038833314
100,40071,0,0.0,605,4568,35503,0.012357743324480702
100,40171,0,0.0,606,4568,35603,0.01233428338642533
100,40271,0,0.0,607,4569,35702,0.012311056878653841
100,40371,0,0.0,608,4569,35802,0.012288061478496108
15,40386,0,0.0,609,4570,35816,0.012265294886392948
56,40442,0,0.0,610,4572,35870,0.01224275482566618
100,40542,0,0.0,611,4572,35970,0.012220439042290943
55,40597,0,0.0,612,4573,36024,0.012198345304670311
100,40697,0,0.0,613,4575,36122,0.012176471403412107
100,40797,0,0.0,614,4575,36222,0.012154815151107974
100,40897,0,0.0,615,4578,36319,0.012133374382114637
100,40997,0,0.0,616,4580,36417,0.012112146952337331
100,41097,0,0.0,617,4580,36517,0.012091130739015387
100,41197,0,0.0,618,4582,36615,0.012070323640509958
100,41297,0,0.0,619,4585,36712,0.012049723576093858
100,41397,0,0.0,620,4585,36812,0.012029328485743472
100,41497,0,0.0,621,4586,36911,0.012009136329932777
100,41597,0,0.0,622,4589,37008,0.01198914508942936
100,41697,0,0.0,623,4589,37108,0.011969352765092513
93,41790,0,0.0,624,4590,37200,0.011949757377673304
100,41890,0,0.0,625,4592,37298,0.01193035696761667
100,41990,0,0.0,626,4593,37397,0.011911149594865432
100,42090,0,0.0,627,4594,37496,0.011892133338666311
100,42190,0,0.0,628,4596,37594,0.01187330629737784
100,42290,0,0.0,629,4598,37692,0.011854666588280199
100,42390,0,0.0,630,4599,37791,0.011836212347386948
100,42490,0,0.0,631,4599,37891,0.011817941729258619
100,42590,0,0.0,632,4600,37990,0.011799852906818169
100,42690,0,0.0,633,4601,38089,0.011781944071168286
100,42790,0,0.0,634,4601,38189,0.011764213431410478
92,42882,0,0.0,635,4603,38279,0.011746659214465993
100,42982,0,0.0,636,4605,38377,0.011729279664898506
100,43082,0,0.0,637,4606,38476,0.011712073044738584
100,43182,0,0.0,638,4608,38574,0.011695037633309868
100,43282,0,0.0,639,4608,38674,0.011678171727057018
100,43382,0,0.0,640,4608,38774,0.011661473639375353
100,43482,0,0.0,641,4608,38874,0.011644941700442194
100,43582,0,0.0,642,4611,38971,0.011628574257049868
100,43682,0,0.0,643,4613,39069,0.011612369672440398
100,43782,0,0.0,644,4613,39169,0.011596326326141817
100,43882,0,0.0,645,4613,39269,0.011580442613806126
52,43934,0,0.0,646,4614,39320,0.011564716947048855
100,44034,0,0.0,647,4614,39420,0.011549147753290225
32,44066,0,0.0,648,4615,39451,0.011533733475597885
100,44166,0,0.0,649,4616,39550,0.011518472572531219
100,44266,0,0.0,650,4617,39649,0.011503363517987204
100,44366,0,0.0,651,4617,39749,0.011488404801047796
100,44466,0,0.0,652,4617,39849,0.011473594925828836
100,44566,0,0.0,653,4617,39949,0.011458932411330456
100,44666,0,0.0,654,4620,40046,0.01144441579128899
100,44766,0,0.0,655,4620,40146,0.011430043614030338
100,44866,0,0.0,656,4622,40244,0.011415814442324796
100,44966,0,0.0,657,4623,40343,0.011401726853243335
100,45066,0,0.0,658,4624,40442,0.011387779438015309
100,45166,0,0.0,659,4625,40541,0.011373970801887569
100,45266,0,0.0,660,4625,40641,0.011360299563985
100,45366,0,0.0,661,4626,40740,0.011346764357172414
100,45466,0,0.0,662,4629,40837,0.011333363827917855
100,45566,0,0.0,663,4633,40933,0.011320096636157226
33,45599,0,0.0,664,4634,40965,0.011306961455160297
100,45699,0,0.0,665,4635,41064,0.011293956971398022
100,45799,0,0.0,666,4637,41162,0.01128108188441119
100,45899,0,0.0,667,4638,41261,0.01126833490668037
100,45999,0,0.0,668,4638,41361,0.011255714763497167
100,46099,0,0.0,669,4640,41459,0.011243220192836747
100,46199,0,0.0,670,4641,41558,0.011230849945231628
100,46299,0,0.0,671,4642,41657,0.011218602783646746
100,46399,0,0.0,672,4644,41755,0.011206477483355735
100,46499,0,0.0,673,4644,41855,0.01119447283181846
100,46599,0,0.0,674,4647,41952,0.011182587628559764
100,46699,0,0.0,675,4648,42051,0.011170820685049418
100,46799,0,0.0,676,4648,42151,0.011159170824583262
100,46899,0,0.0,677,4650,42249,0.011147636882165546
100,46999,0,0.0,678,4651,42348,0.011136217704392411
100,47099,0,0.0,679,4651,42448,0.011124912149336568
100,47199,0,0.0,680,4653,42546,0.01111371908643309
100,47299,0,0.0,681,4653,42646,0.011102637396366355
100,47399,0,0.0,682,4653,42746,0.011091665970958125
100,47499,0,0.0,683,4654,42845,0.011080803713056716
100,47599,0,0.0,684,4656,42943,0.011070049536427285
100,47699,0,0.0,685,4657,43042,0.011059402365643208
32,47731,0,0.0,686,4660,43071,0.011048861135978534
58,47789,0,0.0,687,4661,43128,0.011038424793301511
100,47889,0,0.0,688,4662,43227,0.011028092293969175
100,47989,0,0.0,689,4663,43326,0.011017862604722983
59,48048,0,0.0,690,4664,43384,0.011007734702585483
100,48148,0,0.0,691,4665,43483,0.010997707574758025
100,48248,0,0.0,692,4665,43583,0.010987780218519469
100,48348,0,0.0,693,4666,43682,0.010977951641125918
100,48448,0,0.0,694,4668,43780,0.010968220859711442
100,48548,0,0.0,695,4671,43877,0.010958586901189789
100,48648,0,0.0,696,4672,43976,0.01094904880215708
100,48748,0,0.0,697,4673,44075,0.010939605608795464
52,48800,0,0.0,698,4676,44124,0.010930256376777735
100,48900,0,0.0,699,4678,44222,0.010921000171172899
100,49000,0,0.0,700,4679,44321,0.010911836066352685
100,49100,0,0.0,701,4681,44419,0.010902763145898971
100,49200,0,0.0,702,4681,44519,0.010893780502512152
100,49300,0,0.0,703,4683,44617,0.010884887237920403
100,49400,0,0.0,704,4683,44717,0.010876082462789857
100,49500,0,0.0,705,4683,44817,0.010867365296635659
100,49600,0,0.0,706,4684,44916,0.010858734867733933
100,49700,0,0.0,707,4686,45014,0.010850190313034594
100,49800,0,0.0,708,4686,45114,0.010841730778075053
100,49900,0,0.0,709,4687,45213,0.010833355416894765
100,50000,0,0.0,710,4687,45313,0.01082506339195063
100,50100,0,0.0,711,4688,45412,0.010816853874033245
100,50200,0,0.0,712,4689,45511,0.010808726042183978
43,50243,0,0.0,713,4690,45553,0.01080067908361287
100,50343,0,0.0,714,4691,45652,0.01079271219361736
100,50443,0,0.0,715,4692,45751,0.010784824575501804
100,50543,0,0.0,716,4693,45850,0.010777015440497823
100,50643,0,0.0,717,4694,45949,0.010769284007685407
100,50743,0,0.0,718,4696,46047,0.01076162950391483
100,50843,0,0.0,719,4697,46146,0.01075405116372934
100,50943,0,0.0,720,4700,46243,0.010746548229288598
100,51043,0,0.0,721,4700,46343,0.010739119950292912
100,51143,0,0.0,722,4702,46441,0.010731765583908192
100,51243,0,0.0,723,4703,46540,0.010724484394691668
100,51343,0,0.0,724,4704,46639,0.010717275654518353
100,51443,0,0.0,725,4704,46739,0.010710138642508221
100,51543,0,0.0,726,4705,46838,0.010703072644954124
100,51643,0,0.0,727,4705,46938,0.010696076955250418
53,51696,0,0.0,728,4707,46989,0.010689150873822304
100,51796,0,0.0,729,4708,47088,0.010682293708055865
100,51896,0,0.0,730,4708,47188,0.010675504772228813
36,51932,0,0.0,731,4711,47221,0.010668783387441906
100,52032,0,0.0,732,4711,47321,0.010662128881551065
100,52132,0,0.0,733,4711,47421,0.010655540589100154
100,52232,0,0.0,734,4711,47521,0.010649017851254439
17,52249,0,0.0,735,4713,47536,0.0106425600157347
100,52349,0,0.0,736,4715,47634,0.010636166436752002
100,52449,0,0.0,737,4715,47734,0.01062983647494312
100,52549,0,0.0,738,4715,47834,0.010623569497306598
100,52649,0,0.0,739,4716,47933,0.01061736487713945
49,52698,0,0.0,740,4717,47981,0.010611221993974488
100,52798,0,0.0,741,4719,48079,0.010605140233518277
100,52898,0,0.0,742,4720,48178,0.010599118987589702
100,52998,0,0.0,743,4720,48278,0.010593157654059155
100,53098,0,0.0,744,4720,48378,0.010587255636788313
100,53198,0,0.0,745,4720,48478,0.01058141234557053
100,53298,0,0.0,746,4720,48578,0.01057562719607182
100,53398,0,0.0,747,4721,48677,0.010569899609772403
100,53498,0,0.0,748,4721,48777,0.010564229013908884
100,53598,0,0.0,749,4722,48876,0.010558614841416947
100,53698,0,0.0,750,4722,48976,0.010553056530874667
100,53798,0,0.0,751,4723,49075,0.010547553526446355
100,53898,0,0.0,752,4723,49175,0.010542105277826985
100,53998,0,0.0,753,4724,49274,0.010536711240187152
100,54098,0,0.0,754,4724,49374,0.0105313708741186
100,54198,0,0.0,755,4725,49473,0.01052608364558027
100,54298,0,0.0,756,4726,49572,0.010520849025844903
100,54398,0,0.0,757,4726,49672,0.010515666491446161
100,54498,0,0.0,758,4727,49771,0.01051053552412629
100,54598,0,0.0,759,4729,49869,0.010505455610784278
100,54698,0,0.0,760,4731,49967,0.010500426243424558
100,54798,0,0.0,761,4731,50067,0.010495446919106205
37,54835,0,0.0,762,4732,50103,0.010490517139892635
88,54923,0,0.0,763,4736,50187,0.010485636412801822
100,55023,0,0.0,764,4737,50286,0.010480804249756986
100,55123,0,0.0,765,4739,50384,0.010476020167537797
100,55223,0,0.0,766,4740,50483,0.010471283687732046
100,55323,0,0.0,767,4741,50582,0.010466594336687809
100,55423,0,0.0,768,4741,50682,0.010461951645466068
100,55523,0,0.0,769,4742,50781,0.010457355149793835
100,55623,0,0.0,770,4742,50881,0.010452804390017712
82,55705,0,0.0,771,4743,50962,0.010448298911057929
100,55805,0,0.0,772,4744,51061,0.010443838262362837
100,55905,0,0.0,773,4745,51160,0.010439421997863846
100,56005,0,0.0,774,4746,51259,0.010435049675930827
33,56038,0,0.0,775,4747,51291,0.010430720859327945
100,56138,0,0.0,776,4747,51391,0.01042643511516993
100,56238,0,0.0,777,4747,51491,0.010422192014878798
100,56338,0,0.0,778,4748,51590,0.01041799113414098
100,56438,0,0.0,779,4749,51689,0.010413832052864903
100,56538,0,0.0,780,4749,51789,0.010409714355138974
92,56630,0,0.0,781,4750,51880,0.010405637629189989
19,56649,0,0.0,782,4752,51897,0.010401601467341955
100,56749,0,0.0,783,4752,51997,0.010397605465975325
100,56849,0,0.0,784,4752,52097,0.01039364922548663
15,56864,0,0.0,785,4753,52111,0.010389732350248527
100,56964,0,0.0,786,4753,52211,0.010385854448570228
100,57064,0,0.0,787,4755,52309,0.01038201513265833
100,57164,0,0.0,788,4755,52409,0.010378214018578047
100,57264,0,0.0,789,4755,52509,0.0103744507262148
89,57353,0,0.0,790,4756,52597,0.010370724879236218
100,57453,0,0.0,791,4756,52697,0.010367036105054498
100,57553,0,0.0,792,4757,52796,0.010363384034789147
100,57653,0,0.0,793,4757,52896,0.010359768303230097
100,57753,0,0.0,794,4758,52995,0.010356188548801179
100,57853,0,0.0,795,4759,53094,0.010352644413523964
15,57868,0,0.0,796,4760,53108,0.010349135542981974
100,57968,0,0.0,797,4763,53205,0.010345661586285228
100,58068,0,0.0,798,4765,53303,0.010342222196035164
100,58168,0,0.0,799,4766,53402,0.01033881702828989
100,58268,0,0.0,800,4768,53500,0.010335445742529792
100,58368,0,0.0,801,4769,53599,0.010332108001623487
100,58468,0,0.0,802,4773,53695,0.010328803471794101
100,58568,0,0.0,803,4775,53793,0.0103255318225859
100,58668,0,0.0,804,4776,53892,0.010322292726831234
100,58768,0,0.0,805,4777,53991,0.01031908586061783
100,58868,0,0.0,806,4778,54090,0.010315910903256391
81,58949,0,0.0,807,4780,54169,0.01031276753724854
100,59049,0,0.0,808,4780,54269,0.010309655448255054
15,59064,0,0.0,809,4781,54283,0.01030657432506444
100,59164,0,0.0,810,4782,54382,0.010303523859561813
100,59264,0,0.0,811,4782,54482,0.01030050374669808
100,59364,0,0.0,812,4782,54582,0.010297513684459435
100,59464,0,0.0,813,4782,54682,0.010294553373837166
100,59564,0,0.0,814,4782,54782,0.010291622518797741
100,59664,0,0.0,815,4783,54881,0.010288720826253218
100,59764,0,0.0,816,4783,54981,0.010285848006031922
100,59864,0,0.0,817,4785,55079,0.010283003770849435
100,59964,0,0.0,818,4785,55179,0.010280187836279871
100,60064,0,0.0,819,4788,55276,0.010277399920727424
100,60164,0,0.0,820,4788,55376,0.01027463974539822
100,60264,0,0.0,821,4788,55476,0.010271907034272422
100,60364,0,0.0,822,4789,55575,0.01026920151407664
100,60464,0,0.0,823,4789,55675,0.010266522914256601
100,60564,0,0.0,824,4789,55775,0.010263870966950093
100,60664,0,0.0,825,4790,55874,0.01026124540696017
82,60746,0,0.0,826,4792,55954,0.010258645971728651
100,60846,0,0.0,827,4793,56053,0.010256072401309843
100,60946,0,0.0,828,4794,56152,0.01025352443834456
100,61046,0,0.0,829,4795,56251,0.010251001828034383
100,61146,0,0.0,830,4797,56349,0.010248504318116178
100,61246,0,0.0,831,4797,56449,0.010246031658836873
100,61346,0,0.0,832,4798,56548,0.010243583602928479
100,61446,0,0.0,833,4798,56648,0.010241159905583363
100,61546,0,0.0,834,4800,56746,0.010238760324429774
100,61646,0,0.0,835,4800,56846,0.010236384619507594
100,61746,0,0.0,836,4801,56945,0.010234032553244354
73,61819,0,0.0,837,4804,57015,0.010231703890431466
28,61847,0,0.0,838,4805,57042,0.01022939839820071
100,61947,0,0.0,839,4806,57141,0.010227115846000938
100,62047,0,0.0,840,4807,57240,0.01022485600557503
42,62089,0,0.0,841,4808,57281,0.01022261865093706
100,62189,0,0.0,842,4810,57379,0.010220403558349701
100,62289,0,0.0,843,4812,57477,0.010218210506301846
100,62389,0,0.0,844,4813,57576,0.010216039275486465
100,62489,0,0.0,845,4813,57676,0.010213889648778665
38,62527,0,0.0,846,4816,57711,0.010211761411213984
100,62627,0,0.0,847,4817,57810,0.010209654349966894
100,62727,0,0.0,848,4817,57910,0.010207568254329514
100,62827,0,0.0,849,4819,58008,0.01020550291569054
100,62927,0,0.0,850,4820,58107,0.010203458127514388
100,63027,0,0.0,851,4821,58206,0.010201433685320538
100,63127,0,0.0,852,4822,58305,0.010199429386663081
100,63227,0,0.0,853,4822,58405,0.010197445031110482
100,63327,0,0.0,854,4824,58503,0.010195480420225531
100,63427,0,0.0,855,4825,58602,0.010193535357545505
100,63527,0,0.0,856,4827,58700,0.010191609648562514
100,63627,0,0.0,857,4827,58800,0.010189703100704052
100,63727,0,0.0,858,4827,58900,0.01018781552331375
100,63827,0,0.0,859,4829,58998,0.01018594672763229
100,63927,0,0.0,860,4832,59095,0.010184096526778551
100,64027,0,0.0,861,4835,59192,0.010182264735730903
100,64127,0,0.0,862,4836,59291,0.010180451171308717
100,64227,0,0.0,863,4837,59390,0.010178655652154037
100,64327,0,0.0,864,4838,59489,0.010176877998713455
100,64427,0,0.0,865,4838,59589,0.01017511803322014
47,64474,0,0.0,866,4840,59634,0.010173375579676082
100,64574,0,0.0,867,4841,59733,0.01017165046383447
100,64674,0,0.0,868,4843,59831,0.010169942513182286
100,64774,0,0.0,869,4845,59929,0.010168251556923037
100,64874,0,0.0,870,4846,60028,0.010166577425959692
100,64974,0,0.0,871,4847,60127,0.010164919952877757
100,65074,0,0.0,872,4849,60225,0.010163278971928544
100,65174,0,0.0,873,4851,60323,0.01016165431901259
100,65274,0,0.0,874,4852,60422,0.01016004583166325
100,65374,0,0.0,875,4852,60522,0.010158453349030448
100,65474,0,0.0,876,4853,60621,0.010156876711864594
100,65574,0,0.0,877,4854,60720,0.010155315762500658
100,65674,0,0.0,878,4854,60820,0.0101537703448424
100,65774,0,0.0,879,4855,60919,0.010152240304346772
100,65874,0,0.0,880,4855,61019,0.010150725488008444
100,65974,0,0.0,881,4855,61119,0.010149225744344521
100,66074,0,0.0,882,4855,61219,0.01014774092337939
100,66174,0,0.0,883,4855,61319,0.010146270876629714
100,66274,0,0.0,884,4857,61417,0.010144815457089593
100,66374,0,0.0,885,4857,61517,0.010143374519215861
100,66474,0,0.0,886,4857,61617,0.01014194791891353
100,66574,0,0.0,887,4857,61717,0.01014053551352138
100,66674,0,0.0,888,4860,61814,0.010139137161797698
100,66774,0,0.0,889,4860,61914,0.010137752723906142
100,66874,0,0.0,890,4862,62012,0.01013638206140177
100,66974,0,0.0,891,4864,62110,0.010135025037217192
77,67051,0,0.0,892,4866,62185,0.010133681515648855
100,67151,0,0.0,893,4867,62284,0.010132351362343486
100,67251,0,0.0,894,4869,62382,0.010131034444284644
100,67351,0,0.0,895,4869,62482,0.010129730629779427
100,67451,0,0.0,896,4870,62581,0.010128439788445296
100,67551,0,0.0,897,4870,62681,0.010127161791197044
100,67651,0,0.0,898,4870,62781,0.01012589651023388
100,67751,0,0.0,899,4873,62878,0.010124643819026653
100,67851,0,0.0,900,4874,62977,0.0101234035923052
100,67951,0,0.0,901,4875,63076,0.010122175706045813
100,68051,0,0.0,902,4875,63176,0.010120960037458845
100,68151,0,0.0,903,4876,63275,0.010119756464976423
100,68251,0,0.0,904,4879,63372,0.010118564868240294
100,68351,0,0.0,905,4882,63469,0.010117385128089795
100,68451,0,0.0,906,4883,63568,0.010116217126549927
100,68551,0,0.0,907,4884,63667,0.010115060746819561
100,68651,0,0.0,908,4887,63764,0.010113915873259762
100,68751,0,0.0,909,4891,63860,0.010112782391382219
100,68851,0,0.0,910,4892,63959,0.010111660187837799
100,68951,0,0.0,911,4893,64058,0.010110549150405214
100,69051,0,0.0,912,4893,64158,0.010109449167979795
49,69100,0,0.0,913,4895,64205,0.010108360130562379
100,69200,0,0.0,914,4897,64303,0.010107281929248322
100,69300,0,0.0,915,4897,64403,0.010106214456216591
100,69400,0,0.0,916,4899,64501,0.010105157604718994
100,69500,0,0.0,917,4899,64601,0.010104111269069502
100,69600,0,0.0,918,4902,64698,0.010103075344633675
100,69700,0,0.0,919,4903,64797,0.010102049727818207
100,69800,0,0.0,920,4905,64895,0.010101034316060565
100,69900,0,0.0,921,4908,64992,0.010100029007818723
100,70000,0,0.0,922,4912,65088,0.01009903370256102
100,70100,0,0.0,923,4915,65185,0.010098048300756102
100,70200,0,0.0,924,4917,65283,0.010097072703862968
100,70300,0,0.0,925,4917,65383,0.010096106814321115
100,70400,0,0.0,926,4918,65482,0.01009515053554078
100,70500,0,0.0,927,4918,65582,0.010094203771893295
100,70600,0,0.0,928,4920,65680,0.010093266428701501
100,70700,0,0.0,929,4921,65779,0.0100923384122303
100,70800,0,0.0,930,4921,65879,0.01009141962967727
93,70893,0,0.0,931,4923,65970,0.010090509989163391
100,70993,0,0.0,932,4924,66069,0.010089609399723856
100,71093,0,0.0,933,4925,66168,0.010088717771298966
100,71193,0,0.0,934,4925,66268,0.010087835014725138
100,71293,0,0.0,935,4925,66368,0.010086961041725979
100,71393,0,0.0,936,4925,66468,0.01008609576490346
100,71493,0,0.0,937,4928,66565,0.010085239097729176
100,71593,0,0.0,938,4928,66665,0.0100843909545357
100,71693,0,0.0,939,4929,66764,0.010083551250508005
100,71793,0,0.0,940,4930,66863,0.010082719901674985
100,71893,0,0.0,941,4930,66963,0.010081896824901066
47,71940,0,0.0,942,4931,67009,0.010081081937877885
100,72040,0,0.0,943,4932,67108,0.01008027515911606
100,72140,0,0.0,944,4932,67208,0.010079476407937044
100,72240,0,0.0,945,4932,67308,0.010078685604465051
100,72340,0,0.0,946,4934,67406,0.010077902669619077
100,72440,0,0.0,947,4934,67506,0.010077127525104984
100,72540,0,0.0,948,4934,67606,0.010076360093407673
100,72640,0,0.0,949,4935,67705,0.010075600297783338
10,72650,0,0.0,950,4936,67714,0.010074848062251781
100,72750,0,0.0,951,4936,67814,0.010074103311588823
100,72850,0,0.0,952,4938,67912,0.010073365971318778
100,72950,0,0.0,953,4938,68012,0.010072635967707003
100,73050,0,0.0,954,4939,68111,0.010071913227752527
100,73150,0,0.0,955,4939,68211,0.010071197679180756
100,73250,0,0.0,956,4941,68309,0.010070489250436234
100,73350,0,0.0,957,4941,68409,0.010069787870675497
100,73450,0,0.0,958,4943,68507,0.010069093469759984
100,73550,0,0.0,959,4943,68607,0.010068405978249026
100,73650,0,0.0,960,4943,68707,0.010067725327392897
100,73750,0,0.0,961,4945,68805,0.010067051449125945
100,73850,0,0.0,962,4946,68904,0.010066384276059784
100,73950,0,0.0,963,4946,69004,0.010065723741476547
100,74050,0,0.0,964,4946,69104,0.01006506977932223
100,74150,0,0.0,965,4947,69203,0.010064422324200068
100,74250,0,0.0,966,4947,69303,0.010063781311364012
100,74350,0,0.0,967,4947,69403,0.010063146676712244
100,74450,0,0.0,968,4949,69501,0.01006251835678077
100,74550,0,0.0,969,4950,69600,0.010061896288737071
100,74650,0,0.0,970,4952,69698,0.01006128041037383
52,74702,0,0.0,971,4953,69749,0.01006067066010269
100,74802,0,0.0,972,4953,69849,0.01006006697694812
100,74902,0,0.0,973,4955,69947,0.010059469300541302
100,75002,0,0.0,974,4955,70047,0.010058877571114096
100,75102,0,0.0,975,4955,70147,0.010058291729493065
100,75202,0,0.0,976,4956,70246,0.01005771171709356
100,75302,0,0.0,977,4956,70346,0.010057137475913858
100,75402,0,0.0,978,4956,70446,0.010056568948529363
27,75429,0,0.0,979,4957,70472,0.010056006078086861
100,75529,0,0.0,980,4957,70572,0.01005544880829884
100,75629,0,0.0,981,4958,70671,0.010054897083437856
100,75729,0,0.0,982,4958,70771,0.010054350848330963
28,75757,0,0.0,983,4959,70798,0.010053810048354195
100,75857,0,0.0,984,4959,70898,0.010053274629427107
100,75957,0,0.0,985,4959,70998,0.010052744538007355
100,76057,0,0.0,986,4959,71098,0.01005221972108536
100,76157,0,0.0,987,4959,71198,0.010051700126178988
100,76257,0,0.0,988,4959,71298,0.010051185701328317
100,76357,0,0.0,989,4960,71397,0.010050676395090436
100,76457,0,0.0,990,4962,71495,0.010050172156534292
100,76557,0,0.0,991,4962,71595,0.010049672935235614
100,76657,0,0.0,992,4963,71694,0.010049178681271852
100,76757,0,0.0,993,4963,71794,0.010048689345217202
100,76857,0,0.0,994,4964,71893,0.010048204878137646
100,76957,0,0.0,995,4966,71991,0.010047725231586075
100,77057,0,0.0,996,4967,72090,0.010047250357597435
100,77157,0,0.0,997,4968,72189,0.010046780208683928
28,77185,0,0.0,998,4970,72215,0.010046314737830275
100,77285,0,0.0,999,4972,72313,0.010045853898488999
43,77328,0,0.0,1000,4973,72355,0.010045397644575786
100,77428,0,0.0,1001,4975,72453,0.010044945930464861
100,77528,0,0.0,1002,4975,72553,0.010044498710984437
100,77628,0,0.0,1003,4977,72651,0.010044055941412194
100,77728,0,0.0,1004,4977,72751,0.010043617577470805
100,77828,0,0.0,1005,4979,72849,0.010043183575323512
100,77928,0,0.0,1006,4979,72949,0.010042753891569738
100,78028,0,0.0,1007,4981,73047,0.01004232848324075
100,78128,0,0.0,1008,4982,73146,0.010041907307795358
100,78228,0,0.0,1009,4983,73245,0.01004149032311567
100,78328,0,0.0,1010,4984,73344,0.010041077487502869
100,78428,0,0.0,1011,4984,73444,0.010040668759673048
100,78528,0,0.0,1012,4986,73542,0.010040264098753086
100,78628,0,0.0,1013,4987,73641,0.010039863464276553
100,78728,0,0.0,1014,4989,73739,0.010039466816179668
100,78828,0,0.0,1015,4989,73839,0.010039074114797288
100,78928,0,0.0,1016,4989,73939,0.01003868532085895
37,78965,0,0.0,1017,4990,73975,0.010038300395484938
100,79065,0,0.0,1018,4991,74074,0.01003791930018239
100,79165,0,0.0,1019,4992,74173,0.01003754199684146
100,79265,0,0.0,1020,4994,74271,0.0100371684477315
100,79365,0,0.0,1021,4994,74371,0.010036798615497286
100,79465,0,0.0,1022,4995,74470,0.010036432463155286
100,79565,0,0.0,1023,4997,74568,0.010036069954089965
100,79665,0,0.0,1024,4998,74667,0.01003571105205011
100,79765,0,0.0,1025,4998,74767,0.01003535572114522
100,79865,0,0.0,1026,5002,74863,0.010035003925841906
28,79893,0,0.0,1027,5003,74890,0.010034655630960348
100,79993,0,0.0,1028,5004,74989,0.010034310801670764
100,80093,0,0.0,1029,5005,75088,0.010033969403489941
100,80193,0,0.0,1030,5005,75188,0.010033631402277775
17,80210,0,0.0,1031,5006,75204,0.010033296764233863
100,80310,0,0.0,1032,5006,75304,0.01003296545589412
100,80410,0,0.0,1033,5006,75404,0.01003263744412744
100,80510,0,0.0,1034,5006,75504,0.010032312696132369
100,80610,0,0.0,1035,5006,75604,0.01003199117943384
100,80710,0,0.0,1036,5006,75704,0.010031672861879913
100,80810,0,0.0,1037,5008,75802,0.010031357711638567
100,80910,0,0.0,1038,5008,75902,0.010031045697194518
100,81010,0,0.0,1039,5008,76002,0.01003073678734606
100,81110,0,0.0,1040,5008,76102,0.01003043095120195
100,81210,0,0.0,1041,5009,76201,0.01003012815817832
100,81310,0,0.0,1042,5011,76299,0.010029828377995615
100,81410,0,0.0,1043,5014,76396,0.010029531580675564
100,81510,0,0.0,1044,5015,76495,0.010029237736538193
100,81610,0,0.0,1045,5015,76595,0.01002894681619884
100,81710,0,0.0,1046,5015,76695,0.010028658790565229
100,81810,0,0.0,1047,5016,76794,0.010028373630834558
100,81910,0,0.0,1048,5017,76893,0.010028091308490614
100,82010,0,0.0,1049,5019,76991,0.010027811795300929
100,82110,0,0.0,1050,5021,77089,0.01002753506331395
100,82210,0,0.0,1051,5022,77188,0.01002726108485625
100,82310,0,0.0,1052,5023,77287,0.010026989832529752
100,82410,0,0.0,1053,5023,77387,0.010026721279208999
100,82510,0,0.0,1054,5025,77485,0.010026455398038434
100,82610,0,0.0,1055,5026,77584,0.01002619216242972
100,82710,0,0.0,1056,5026,77684,0.010025931546059077
100,82810,0,0.0,1057,5027,77783,0.010025673522864646
29,82839,0,0.0,1058,5028,77811,0.0100254180670439
100,82939,0,0.0,1059,5028,77911,0.010025165153051038
100,83039,0,0.0,1060,5031,78008,0.010024914755594453
100,83139,0,0.0,1061,5036,78103,0.01002466684963419
100,83239,0,0.0,1062,5037,78202,0.010024421410379444
100,83339,0,0.0,1063,5038,78301,0.01002417841328609
100,83439,0,0.0,1064,5039,78400,0.010023937834054211
100,83539,0,0.0,1065,5040,78499,0.010023699648625687
100,83639,0,0.0,1066,5041,78598,0.010023463833181775
100,83739,0,0.0,1067,5041,78698,0.010023230364140734
100,83839,0,0.0,1068,5042,78797,0.010022999218155467
77,83916,0,0.0,1069,5045,78871,0.01002277037211118
100,84016,0,0.0,1070,5045,78971,0.01002254380312308
100,84116,0,0.0,1071,5046,79070,0.01002231948853408
100,84216,0,0.0,1072,5046,79170,0.010022097405912533
100,84316,0,0.0,1073,5047,79269,0.010021877533049992
100,84416,0,0.0,1074,5048,79368,0.010021659847958985
100,84516,0,0.0,1075,5048,79468,0.010021444328870826
100,84616,0,0.0,1076,5049,79567,0.010021230954233424
100,84716,0,0.0,1077,5050,79666,0.010021019702709136
100,84816,0,0.0,1078,5051,79765,0.010020810553172638
100,84916,0,0.0,1079,5052,79864,0.010020603484708799
100,85016,0,0.0,1080,5053,79963,0.0100203984766106
100,85116,0,0.0,1081,5054,80062,0.01002019550837706
100,85216,0,0.0,1082,5056,80160,0.010019994559711188
100,85316,0,0.0,1083,5057,80259,0.01001979561051795
100,85416,0,0.0,1084,5058,80358,0.01001959864090226
100,85516,0,0.0,1085,5059,80457,0.010019403631166992
100,85616,0,0.0,1086,5060,80556,0.01001921056181101
100,85716,0,0.0,1087,5061,80655,0.01001901941352722
100,85816,0,0.0,1088,5062,80754,0.01001883016720063
100,85916,0,0.0,1089,5062,80854,0.010018642803906453
100,86016,0,0.0,1090,5062,80954,0.010018457304908203
59,86075,0,0.0,1091,5064,81011,0.010018273651655822
100,86175,0,0.0,1092,5065,81110,0.010018091825783837
100,86275,0,0.0,1093,5067,81208,0.010017911809109508
100,86375,0,0.0,1094,5067,81308,0.010017733583631014
100,86475,0,0.0,1095,5072,81403,0.010017557131525663
100,86575,0,0.0,1096,5072,81503,0.010017382435148095
100,86675,0,0.0,1097,5074,81601,0.010017209477028527
100,86775,0,0.0,1098,5077,81698,0.010017038239871004
100,86875,0,0.0,1099,5078,81797,0.010016868706551666
100,86975,0,0.0,1100,5078,81897,0.01001670086011704
100,87075,0,0.0,1101,5081,81994,0.010016534683782344
100,87175,0,0.0,1102,5082,82093,0.010016370160929804
28,87203,0,0.0,1103,5084,82119,0.010016207275107
100,87303,0,0.0,1104,5085,82218,0.010016046010025212
100,87403,0,0.0,1105,5085,82318,0.0100158863495578
100,87503,0,0.0,1106,5089,82414,0.01001572827773858
92,87595,0,0.0,1107,5090,82505,0.010015571778760241
100,87695,0,0.0,1108,5090,82605,0.010015416836972756
100,87795,0,0.0,1109,5090,82705,0.010015263436881815
100,87895,0,0.0,1110,5090,82805,0.010015111563147282
100,87995,0,0.0,1111,5090,82905,0.010014961200581656
35,88030,0,0.0,1112,5092,82938,0.010014812334148557
100,88130,0,0.0,1113,5092,83038,0.010014664948961216
100,88230,0,0.0,1114,5092,83138,0.010014519030280992
100,88330,0,0.0,1115,5095,83235,0.010014374563515895
100,88430,0,0.0,1116,5095,83335,0.01001423153421913
100,88530,0,0.0,1117,5097,83433,0.010014089928087644
100,88630,0,0.0,1118,5097,83533,0.01001394973096071
100,88730,0,0.0,1119,5097,83633,0.010013810928818496
29,88759,0,0.0,1120,5098,83661,0.010013673507780674
100,88859,0,0.0,1121,5099,83760,0.010013537454105024
100,88959,0,0.0,1122,5100,83859,0.010013402754186067
80,89039,0,0.0,1123,5101,83938,0.010013269394553695
100,89139,0,0.0,1124,5102,84037,0.010013137361871838
100,89239,0,0.0,1125,5102,84137,0.010013006642937116
100,89339,0,0.0,1126,5103,84236,0.010012877224677526
100,89439,0,0.0,1127,5105,84334,0.010012749094151136
100,89539,0,0.0,1128,5105,84434,0.010012622238544785
100,89639,0,0.0,1129,5105,84534,0.010012496645172807
100,89739,0,0.0,1130,5107,84632,0.01001237230147576
100,89839,0,0.0,1131,5108,84731,0.01001224919501917
100,89939,0,0.0,1132,5108,84831,0.01001212731349229
100,90039,0,0.0,1133,5109,84930,0.010012006644706866
88,90127,0,0.0,1134,5110,85017,0.010011887176595919
100,90227,0,0.0,1135,5112,85115,0.010011768897212536
100,90327,0,0.0,1136,5114,85213,0.010011651794728682
100,90427,0,0.0,1137,5115,85312,0.010011535857434011
100,90527,0,0.0,1138,5116,85411,0.010011421073734697
100,90627,0,0.0,1139,5117,85510,0.010011307432152275
100,90727,0,0.0,1140,5117,85610,0.01001119492132249
100,90827,0,0.0,1141,5119,85708,0.010011083529994165
96,90923,0,0.0,1142,5120,85803,0.010010973247028078
100,91023,0,0.0,1143,5120,85903,0.010010864061395836
100,91123,0,0.0,1144,5120,86003,0.01001075596217879
100,91223,0,0.0,1145,5120,86103,0.010010648938566923
100,91323,0,0.0,1146,5121,86202,0.010010542979857786
100,91423,0,0.0,1147,5122,86301,0.010010438075455421
100,91523,0,0.0,1148,5123,86400,0.010010334214869302
100,91623,0,0.0,1149,5124,86499,0.010010231387713281
100,91723,0,0.0,1150,5124,86599,0.010010129583704556
100,91823,0,0.0,1151,5125,86698,0.010010028792662645
100,91923,0,0.0,1152,5126,86797,0.010009929004508356
100,92023,0,0.0,1153,5128,86895,0.010009830209262792
100,92123,0,0.0,1154,5128,86995,0.010009732397046348
100,92223,0,0.0,1155,5129,87094,0.010009635558077717
100,92323,0,0.0,1156,5129,87194,0.010009539682672925
100,92423,0,0.0,1157,5130,87293,0.010009444761244348
92,92515,0,0.0,1158,5132,87383,0.010009350784299768
57,92572,0,0.0,1159,5133,87439,0.01000925774244141
100,92672,0,0.0,1160,5134,87538,0.01000916562636501
100,92772,0,0.0,1161,5134,87638,0.010009074426858885
100,92872,0,0.0,1162,5137,87735,0.010008984134803008
100,92972,0,0.0,1163,5139,87833,0.010008894741168098
100,93072,0,0.0,1164,5139,87933,0.010008806237014717
50,93122,0,0.0,1165,5140,87982,0.010008718613492376
100,93222,0,0.0,1166,5141,88081,0.010008631861838651
100,93322,0,0.0,1167,5142,88180,0.010008545973378302
100,93422,0,0.0,1168,5142,88280,0.010008460939522413
100,93522,0,0.0,1169,5142,88380,0.010008376751767528
100,93622,0,0.0,1170,5143,88479,0.010008293401694799
100,93722,0,0.0,1171,5143,88579,0.01000821088096915
100,93822,0,0.0,1172,5143,88679,0.010008129181338442
100,93922,0,0.0,1173,5143,88779,0.01000804829463264
100,94022,0,0.0,1174,5143,88879,0.01000796821276301
54,94076,0,0.0,1175,5145,88931,0.010007888927721297
100,94176,0,0.0,1176,5146,89030,0.010007810431578928
100,94276,0,0.0,1177,5147,89129,0.010007732716486228
100,94376,0,0.0,1178,5147,89229,0.01000765577467162
100,94476,0,0.0,1179,5149,89327,0.010007579598440857
100,94576,0,0.0,1180,5149,89427,0.010007504180176256
100,94676,0,0.0,1181,5149,89527,0.010007429512335927
100,94776,0,0.0,1182,5149,89627,0.010007355587453021
56,94832,0,0.0,1183,5151,89681,0.010007282398134991
100,94932,0,0.0,1184,5151,89781,0.010007209937062844
15,94947,0,0.0,1185,5152,89795,0.01000713819699041
100,95047,0,0.0,1186,5154,89893,0.010007067170743624
93,95140,0,0.0,1187,5155,89985,0.010006996851219802
100,95240,0,0.0,1188,5155,90085,0.010006927231386933
100,95340,0,0.0,1189,5155,90185,0.010006858304282974
100,95440,0,0.0,1190,5156,90284,0.01000679006301516
100,95540,0,0.0,1191,5157,90383,0.010006722500759306
100,95640,0,0.0,1192,5158,90482,0.010006655610759129
100,95740,0,0.0,1193,5159,90581,0.010006589386325575
100,95840,0,0.0,1194,5160,90680,0.010006523820836145
100,95940,0,0.0,1195,5161,90779,0.010006458907734234
100,96040,0,0.0,1196,5162,90878,0.010006394640528481
100,96140,0,0.0,1197,5162,90978,0.010006331012792108
53,96193,0,0.0,1198,5164,91029,0.01000626801816229
100,96293,0,0.0,1199,5166,91127,0.010006205650339512
100,96393,0,0.0,1200,5166,91227,0.010006143903086939
100,96493,0,0.0,1201,5168,91325,0.010006082770229794
100,96593,0,0.0,1202,5169,91424,0.010006022245654743
100,96693,0,0.0,1203,5169,91524,0.010005962323309275
100,96793,0,0.0,1204,5169,91624,0.010005902997201107
28,96821,0,0.0,1205,5170,91651,0.010005844261397577
100,96921,0,0.0,1206,5172,91749,0.010005786110025058
100,97021,0,0.0,1207,5172,91849,0.010005728537268364
100,97121,0,0.0,1208,5173,91948,0.010005671537370168
100,97221,0,0.0,1209,5174,92047,0.010005615104630439
18,97239,0,0.0,1210,5175,92064,0.01000555923340585
100,97339,0,0.0,1211,5175,92164,0.010005503918109233
28,97367,0,0.0,1212,5176,92191,0.010005449153209016
100,97467,0,0.0,1213,5178,92289,0.01000539493322866
100,97567,0,0.0,1214,5178,92389,0.010005341252746124
100,97667,0,0.0,1215,5178,92489,0.010005288106393312
92,97759,0,0.0,1216,5179,92580,0.010005235488855546
96,97855,0,0.0,1217,5181,92674,0.010005183394871029
100,97955,0,0.0,1218,5181,92774,0.010005131819230318
13,97968,0,0.0,1219,5182,92786,0.010005080756775806
100,98068,0,0.0,1220,5182,92886,0.010005030202401208
100,98168,0,0.0,1221,5183,92985,0.01000498015105104
100,98268,0,0.0,1222,5185,93083,0.010004930597720129
100,98368,0,0.0,1223,5187,93181,0.010004881537453098
100,98468,0,0.0,1224,5188,93280,0.01000483296534388
100,98568,0,0.0,1225,5189,93379,0.010004784876535224
100,98668,0,0.0,1226,5191,93477,0.010004737266218209
100,98768,0,0.0,1227,5191,93577,0.010004690129631762
100,98868,0,0.0,1228,5191,93677,0.010004643462062188
100,98968,0,0.0,1229,5193,93775,0.01000459725884269
100,99068,0,0.0,1230,5193,93875,0.010004551515352907
100,99168,0,0.0,1231,5193,93975,0.010004506227018452
100,99268,0,0.0,1232,5194,94074,0.010004461389310455
100,99368,0,0.0,1233,5194,94174,0.010004416997745106
100,99468,0,0.0,1234,5194,94274,0.010004373047883213
100,99568,0,0.0,1235,5196,94372,0.010004329535329752
100,99668,0,0.0,1236,5196,94472,0.010004286455733433
100,99768,0,0.0,1237,5198,94570,0.010004243804786258
100,99868,0,0.0,1238,5199,94669,0.010004201578223099
100,99968,0,0.0,1239,5202,94766,0.010004159771821263
