iteration,successes,successes_episode,reward_episode,episode_count,random_act,timestep
19,19,0,0.0,1,11,8
72,91,0,0.0,2,61,30
9,100,0,0.0,3,70,30
14,114,0,0.0,4,82,32
73,187,0,0.0,5,141,46
33,220,0,0.0,6,165,55
44,264,0,0.0,7,201,63
16,280,0,0.0,8,212,68
61,341,0,0.0,9,258,83
11,352,0,0.0,10,267,85
10,362,0,0.0,11,277,85
16,378,0,0.0,12,291,87
43,421,0,0.0,13,331,90
12,433,0,0.0,14,342,91
34,467,0,0.0,15,368,99
39,506,0,0.0,16,398,108
16,522,0,0.0,17,410,112
56,578,0,0.0,18,454,124
13,591,0,0.0,19,466,125
78,669,0,0.0,20,529,140
20,689,0,0.0,21,547,142
31,720,0,0.0,22,570,150
16,736,0,0.0,23,582,154
100,836,0,0.0,24,666,170
72,908,0,0.0,25,725,183
36,944,0,0.0,26,748,196
5,949,0,0.0,27,750,199
26,975,0,0.0,28,772,203
46,1021,0,0.0,29,811,210
11,1032,0,0.0,30,820,212
19,1051,0,0.0,31,836,215
73,1124,0,0.0,32,891,233
15,1139,0,0.0,33,904,235
8,1147,0,0.0,34,911,236
9,1156,0,0.0,35,916,240
44,1200,0,0.0,36,952,248
32,1232,0,0.0,37,977,255
16,1248,0,0.0,38,993,255
48,1296,0,0.0,39,1033,263
11,1307,0,0.0,40,1042,265
56,1363,0,0.0,41,1085,278
42,1405,0,0.0,42,1116,289
35,1440,0,0.0,43,1142,298
16,1456,0,0.0,44,1152,304
30,1486,0,0.0,45,1179,307
16,1502,0,0.0,46,1193,309
62,1564,0,0.0,47,1243,321
59,1623,0,0.0,48,1291,332
16,1639,0,0.0,49,1306,333
17,1656,0,0.0,50,1319,337
19,1675,0,0.0,51,1334,341
23,1698,0,0.0,52,1351,347
6,1704,0,0.0,53,1357,347
12,1716,0,0.0,54,1368,348
82,1798,0,0.0,55,1436,362
46,1844,0,0.0,56,1473,371
35,1879,0,0.0,57,1499,380
7,1886,0,0.0,58,1503,383
18,1904,0,0.0,59,1520,384
14,1918,0,0.0,60,1533,385
16,1934,0,0.0,61,1548,386
30,1964,0,0.0,62,1572,392
19,1983,0,0.0,63,1587,396
17,2000,0,0.0,64,1600,400
7,2007,0,0.0,65,1606,401
63,2070,0,0.0,66,1654,416
22,2092,0,0.0,67,1672,420
9,2101,0,0.0,68,1680,421
60,2161,0,0.0,69,1727,434
43,2204,0,0.0,70,1763,441
42,2246,0,0.0,71,1792,454
8,2254,0,0.0,72,1797,457
51,2305,0,0.0,73,1837,468
36,2341,0,0.0,74,1866,475
13,2354,0,0.0,75,1875,479
31,2385,0,0.0,76,1901,484
26,2411,0,0.0,77,1921,490
20,2431,0,0.0,78,1935,496
24,2455,0,0.0,79,1955,500
22,2477,0,0.0,80,1970,507
35,2512,0,0.0,81,1999,513
22,2534,0,0.0,82,2017,517
33,2567,0,0.0,83,2043,524
15,2582,0,0.0,84,2056,526
17,2599,0,0.0,85,2070,529
14,2613,0,0.0,86,2079,534
49,2662,0,0.0,87,2121,541
21,2683,0,0.0,88,2140,543
21,2704,0,0.0,89,2157,547
30,2734,0,0.0,90,2184,550
9,2743,0,0.0,91,2188,555
7,2750,0,0.0,92,2194,556
19,2769,0,0.0,93,2210,559
17,2786,0,0.0,94,2219,567
15,2801,0,0.0,95,2234,567
32,2833,0,0.0,96,2259,574
58,2891,0,0.0,97,2299,592
5,2896,0,0.0,98,2304,592
15,2911,0,0.0,99,2316,595
67,2978,0,0.0,100,2371,607
83,3061,0,0.0,101,2436,625
66,3127,0,0.0,102,2492,635
47,3174,0,0.0,103,2531,643
31,3205,0,0.0,104,2555,650
18,3223,0,0.0,105,2569,654
26,3249,0,0.0,106,2590,659
19,3268,0,0.0,107,2608,660
43,3311,0,0.0,108,2641,670
98,3409,0,0.0,109,2718,691
53,3462,0,0.0,110,2755,707
34,3496,0,0.0,111,2779,717
53,3549,0,0.0,112,2820,729
23,3572,0,0.0,113,2837,735
100,3672,0,0.0,114,2913,759
8,3680,0,0.0,115,2919,761
27,3707,0,0.0,116,2943,764
22,3729,0,0.0,117,2965,764
40,3769,0,0.0,118,2998,771
34,3803,0,0.0,119,3024,779
19,3822,0,0.0,120,3040,782
33,3855,0,0.0,121,3068,787
24,3879,0,0.0,122,3088,791
13,3892,0,0.0,123,3099,793
9,3901,0,0.0,124,3105,796
13,3914,0,0.0,125,3116,798
16,3930,0,0.0,126,3131,799
25,3955,0,0.0,127,3147,808
100,4055,0,0.0,128,3232,823
19,4074,0,0.0,129,3246,828
18,4092,0,0.0,130,3259,833
13,4105,0,0.0,131,3272,833
12,4117,0,0.0,132,3281,836
7,4124,0,0.0,133,3284,840
28,4152,0,0.0,134,3309,843
43,4195,0,0.0,135,3340,855
36,4231,0,0.0,136,3363,868
26,4257,0,0.0,137,3380,877
34,4291,0,0.0,138,3405,886
42,4333,0,0.0,139,3439,894
30,4363,0,0.0,140,3464,899
30,4393,0,0.0,141,3483,910
42,4435,0,0.0,142,3517,918
12,4447,0,0.0,143,3526,921
12,4459,0,0.0,144,3538,921
13,4472,0,0.0,145,3551,921
13,4485,0,0.0,146,3563,922
18,4503,0,0.0,147,3578,925
26,4529,0,0.0,148,3593,936
30,4559,0,0.0,149,3618,941
17,4576,0,0.0,150,3631,945
16,4592,0,0.0,151,3646,946
59,4651,0,0.0,152,3694,957
23,4674,0,0.0,153,3707,967
14,4688,0,0.0,154,3720,968
28,4716,0,0.0,155,3744,972
30,4746,0,0.0,156,3767,979
19,4765,0,0.0,157,3785,980
33,4798,0,0.0,158,3812,986
8,4806,0,0.0,159,3818,988
65,4871,0,0.0,160,3870,1001
83,4954,0,0.0,161,3927,1027
8,4962,0,0.0,162,3932,1030
28,4990,0,0.0,163,3956,1034
38,5028,0,0.0,164,3987,1041
23,5051,0,0.0,165,4009,1042
52,5103,0,0.0,166,4057,1046
35,5138,0,0.0,167,4086,1052
33,5171,0,0.0,168,4112,1059
22,5193,0,0.0,169,4127,1066
20,5213,0,0.0,170,4144,1069
100,5313,0,0.0,171,4222,1091
86,5399,0,0.0,172,4296,1103
20,5419,0,0.0,173,4310,1109
37,5456,0,0.0,174,4343,1113
25,5481,0,0.0,175,4365,1116
43,5524,0,0.0,176,4404,1120
36,5560,0,0.0,177,4433,1127
8,5568,0,0.0,178,4438,1130
10,5578,0,0.0,179,4445,1133
30,5608,0,0.0,180,4473,1135
42,5650,0,0.0,181,4507,1143
46,5696,0,0.0,182,4547,1149
38,5734,0,0.0,183,4575,1159
46,5780,0,0.0,184,4617,1163
13,5793,0,0.0,185,4625,1168
82,5875,1,1.0,186,4696,1179
16,5891,1,0.0,187,4699,1192
100,5991,1,0.0,188,4713,1278
40,6031,1,0.0,189,4717,1314
28,6059,1,0.0,190,4718,1341
31,6090,1,0.0,191,4724,1366
16,6106,1,0.0,192,4726,1380
84,6190,1,0.0,193,4735,1455
31,6221,1,0.0,194,4737,1484
35,6256,1,0.0,195,4740,1516
29,6285,1,0.0,196,4742,1543
62,6347,1,0.0,197,4750,1597
100,6447,1,0.0,198,4755,1692
29,6476,1,0.0,199,4757,1719
9,6485,1,0.0,200,4758,1727
31,6516,1,0.0,201,4761,1755
27,6543,1,0.0,202,4762,1781
58,6601,1,0.0,203,4767,1834
20,6621,1,0.0,204,4769,1852
11,6632,1,0.0,205,4770,1862
47,6679,1,0.0,206,4777,1902
31,6710,1,0.0,207,4781,1929
21,6731,1,0.0,208,4783,1948
9,6740,1,0.0,209,4785,1955
68,6808,1,0.0,210,4794,2014
14,6822,1,0.0,211,4795,2027
41,6863,1,0.0,212,4803,2060
64,6927,1,0.0,213,4811,2116
74,7001,1,0.0,214,4824,2177
10,7011,1,0.0,215,4827,2184
21,7032,1,0.0,216,4832,2200
34,7066,1,0.0,217,4838,2228
52,7118,1,0.0,218,4843,2275
22,7140,1,0.0,219,4845,2295
35,7175,1,0.0,220,4847,2328
8,7183,1,0.0,221,4848,2335
12,7195,1,0.0,222,4849,2346
35,7230,1,0.0,223,4851,2379
30,7260,1,0.0,224,4852,2408
36,7296,1,0.0,225,4856,2440
8,7304,1,0.0,226,4857,2447
56,7360,1,0.0,227,4862,2498
51,7411,1,0.0,228,4867,2544
28,7439,1,0.0,229,4869,2570
7,7446,1,0.0,230,4869,2577
21,7467,1,0.0,231,4870,2597
100,7567,1,0.0,232,4876,2691
21,7588,1,0.0,233,4877,2711
17,7605,1,0.0,234,4879,2726
8,7613,1,0.0,235,4879,2734
5,7618,1,0.0,236,4879,2739
18,7636,1,0.0,237,4880,2756
20,7656,1,0.0,238,4882,2774
37,7693,1,0.0,239,4890,2803
16,7709,1,0.0,240,4892,2817
50,7759,1,0.0,241,4895,2864
48,7807,1,0.0,242,4901,2906
31,7838,1,0.0,243,4905,2933
43,7881,1,0.0,244,4911,2970
31,7912,1,0.0,245,4912,3000
44,7956,1,0.0,246,4918,3038
73,8029,1,0.0,247,4926,3103
37,8066,1,0.0,248,4928,3138
52,8118,1,0.0,249,4939,3179
7,8125,1,0.0,250,4939,3186
37,8162,1,0.0,251,4942,3220
10,8172,1,0.0,252,4942,3230
74,8246,1,0.0,253,4948,3298
25,8271,1,0.0,254,4952,3319
26,8297,1,0.0,255,4956,3341
9,8306,1,0.0,256,4956,3350
25,8331,1,0.0,257,4958,3373
6,8337,1,0.0,258,4958,3379
52,8389,1,0.0,259,4967,3422
39,8428,1,0.0,260,4971,3457
27,8455,1,0.0,261,4975,3480
90,8545,1,0.0,262,4982,3563
100,8645,1,0.0,263,4988,3657
33,8678,1,0.0,264,4992,3686
39,8717,1,0.0,265,4996,3721
37,8754,1,0.0,266,5001,3753
53,8807,1,0.0,267,5006,3801
32,8839,1,0.0,268,5010,3829
30,8869,1,0.0,269,5012,3857
19,8888,1,0.0,270,5012,3876
74,8962,1,0.0,271,5021,3941
26,8988,1,0.0,272,5023,3965
75,9063,1,0.0,273,5034,4029
27,9090,1,0.0,274,5038,4052
56,9146,1,0.0,275,5044,4102
17,9163,1,0.0,276,5045,4118
11,9174,1,0.0,277,5045,4129
33,9207,1,0.0,278,5048,4159
20,9227,1,0.0,279,5052,4175
64,9291,1,0.0,280,5062,4229
5,9296,1,0.0,281,5062,4234
10,9306,1,0.0,282,5063,4243
28,9334,1,0.0,283,5063,4271
26,9360,1,0.0,284,5066,4294
19,9379,1,0.0,285,5066,4313
11,9390,1,0.0,286,5067,4323
81,9471,1,0.0,287,5078,4393
34,9505,1,0.0,288,5081,4424
17,9522,1,0.0,289,5084,4438
14,9536,1,0.0,290,5086,4450
24,9560,1,0.0,291,5089,4471
16,9576,1,0.0,292,5089,4487
32,9608,1,0.0,293,5094,4514
51,9659,2,1.0,294,5099,4560
10,9669,2,0.0,295,5099,4570
75,9744,2,0.0,296,5099,4645
6,9750,2,0.0,297,5099,4651
78,9828,2,0.0,298,5099,4729
8,9836,2,0.0,299,5099,4737
37,9873,2,0.0,300,5099,4774
26,9899,2,0.0,301,5099,4800
30,9929,2,0.0,302,5099,4830
25,9954,2,0.0,303,5099,4855
35,9989,2,0.0,304,5099,4890
15,10004,2,0.0,305,5099,4905
71,10075,2,0.0,306,5100,4975
68,10143,2,0.0,307,5100,5043
8,10151,2,0.0,308,5100,5051
61,10212,2,0.0,309,5101,5111
14,10226,2,0.0,310,5101,5125
21,10247,2,0.0,311,5101,5146
14,10261,2,0.0,312,5101,5160
17,10278,2,0.0,313,5101,5177
19,10297,2,0.0,314,5103,5194
10,10307,2,0.0,315,5103,5204
28,10335,2,0.0,316,5103,5232
78,10413,2,0.0,317,5103,5310
5,10418,2,0.0,318,5103,5315
8,10426,2,0.0,319,5104,5322
12,10438,2,0.0,320,5104,5334
9,10447,2,0.0,321,5104,5343
15,10462,2,0.0,322,5104,5358
46,10508,2,0.0,323,5104,5404
9,10517,2,0.0,324,5104,5413
31,10548,2,0.0,325,5104,5444
7,10555,2,0.0,326,5104,5451
37,10592,2,0.0,327,5104,5488
20,10612,3,1.0,328,5104,5508
20,10632,3,0.0,329,5104,5528
15,10647,3,0.0,330,5104,5543
14,10661,3,0.0,331,5104,5557
18,10679,3,0.0,332,5104,5575
49,10728,3,0.0,333,5104,5624
65,10793,3,0.0,334,5104,5689
34,10827,3,0.0,335,5104,5723
33,10860,3,0.0,336,5104,5756
18,10878,3,0.0,337,5104,5774
53,10931,3,0.0,338,5104,5827
48,10979,3,0.0,339,5104,5875
44,11023,3,0.0,340,5104,5919
24,11047,3,0.0,341,5104,5943
16,11063,3,0.0,342,5104,5959
34,11097,3,0.0,343,5104,5993
27,11124,3,0.0,344,5104,6020
14,11138,3,0.0,345,5104,6034
40,11178,3,0.0,346,5104,6074
56,11234,3,0.0,347,5104,6130
10,11244,3,0.0,348,5104,6140
16,11260,3,0.0,349,5104,6156
36,11296,3,0.0,350,5104,6192
26,11322,3,0.0,351,5104,6218
27,11349,3,0.0,352,5105,6244
24,11373,3,0.0,353,5105,6268
9,11382,3,0.0,354,5105,6277
12,11394,3,0.0,355,5105,6289
25,11419,3,0.0,356,5105,6314
32,11451,3,0.0,357,5105,6346
11,11462,3,0.0,358,5105,6357
35,11497,3,0.0,359,5105,6392
11,11508,3,0.0,360,5105,6403
13,11521,3,0.0,361,5105,6416
21,11542,3,0.0,362,5105,6437
20,11562,3,0.0,363,5105,6457
19,11581,3,0.0,364,5105,6476
17,11598,3,0.0,365,5105,6493
16,11614,3,0.0,366,5105,6509
11,11625,3,0.0,367,5105,6520
34,11659,3,0.0,368,5105,6554
41,11700,3,0.0,369,5105,6595
27,11727,3,0.0,370,5105,6622
16,11743,3,0.0,371,5105,6638
12,11755,3,0.0,372,5105,6650
40,11795,3,0.0,373,5105,6690
14,11809,3,0.0,374,5105,6704
25,11834,3,0.0,375,5105,6729
28,11862,3,0.0,376,5105,6757
21,11883,3,0.0,377,5105,6778
34,11917,3,0.0,378,5105,6812
29,11946,3,0.0,379,5105,6841
78,12024,3,0.0,380,5105,6919
14,12038,3,0.0,381,5105,6933
16,12054,3,0.0,382,5105,6949
23,12077,3,0.0,383,5105,6972
13,12090,3,0.0,384,5105,6985
33,12123,3,0.0,385,5105,7018
7,12130,3,0.0,386,5105,7025
13,12143,3,0.0,387,5105,7038
35,12178,3,0.0,388,5105,7073
42,12220,3,0.0,389,5105,7115
49,12269,3,0.0,390,5105,7164
12,12281,3,0.0,391,5106,7175
35,12316,3,0.0,392,5106,7210
33,12349,3,0.0,393,5106,7243
35,12384,3,0.0,394,5106,7278
23,12407,3,0.0,395,5106,7301
13,12420,3,0.0,396,5106,7314
23,12443,3,0.0,397,5106,7337
13,12456,3,0.0,398,5106,7350
39,12495,3,0.0,399,5106,7389
25,12520,3,0.0,400,5106,7414
38,12558,3,0.0,401,5106,7452
15,12573,3,0.0,402,5106,7467
61,12634,3,0.0,403,5107,7527
7,12641,3,0.0,404,5107,7534
23,12664,3,0.0,405,5107,7557
46,12710,3,0.0,406,5107,7603
25,12735,3,0.0,407,5107,7628
27,12762,3,0.0,408,5107,7655
20,12782,3,0.0,409,5107,7675
28,12810,3,0.0,410,5107,7703
26,12836,3,0.0,411,5107,7729
22,12858,3,0.0,412,5107,7751
14,12872,3,0.0,413,5107,7765
9,12881,3,0.0,414,5107,7774
37,12918,3,0.0,415,5107,7811
100,13018,3,0.0,416,5107,7911
60,13078,3,0.0,417,5107,7971
52,13130,3,0.0,418,5108,8022
39,13169,3,0.0,419,5108,8061
9,13178,3,0.0,420,5108,8070
15,13193,3,0.0,421,5108,8085
34,13227,3,0.0,422,5108,8119
26,13253,3,0.0,423,5108,8145
16,13269,3,0.0,424,5108,8161
13,13282,3,0.0,425,5108,8174
22,13304,3,0.0,426,5108,8196
71,13375,3,0.0,427,5108,8267
7,13382,3,0.0,428,5108,8274
10,13392,3,0.0,429,5108,8284
38,13430,3,0.0,430,5108,8322
32,13462,3,0.0,431,5108,8354
71,13533,3,0.0,432,5108,8425
17,13550,3,0.0,433,5108,8442
27,13577,3,0.0,434,5108,8469
43,13620,3,0.0,435,5108,8512
25,13645,3,0.0,436,5108,8537
9,13654,3,0.0,437,5108,8546
13,13667,3,0.0,438,5108,8559
65,13732,3,0.0,439,5110,8622
9,13741,3,0.0,440,5110,8631
57,13798,3,0.0,441,5110,8688
54,13852,3,0.0,442,5110,8742
35,13887,3,0.0,443,5110,8777
9,13896,3,0.0,444,5110,8786
15,13911,3,0.0,445,5110,8801
61,13972,3,0.0,446,5110,8862
52,14024,3,0.0,447,5110,8914
25,14049,3,0.0,448,5111,8938
26,14075,3,0.0,449,5111,8964
35,14110,3,0.0,450,5111,8999
9,14119,3,0.0,451,5111,9008
7,14126,3,0.0,452,5111,9015
25,14151,3,0.0,453,5111,9040
63,14214,3,0.0,454,5111,9103
9,14223,3,0.0,455,5111,9112
20,14243,3,0.0,456,5111,9132
9,14252,3,0.0,457,5111,9141
46,14298,3,0.0,458,5112,9186
38,14336,3,0.0,459,5113,9223
15,14351,3,0.0,460,5113,9238
16,14367,3,0.0,461,5113,9254
32,14399,3,0.0,462,5113,9286
14,14413,3,0.0,463,5113,9300
25,14438,3,0.0,464,5113,9325
28,14466,3,0.0,465,5113,9353
49,14515,3,0.0,466,5113,9402
56,14571,3,0.0,467,5113,9458
35,14606,3,0.0,468,5114,9492
25,14631,3,0.0,469,5114,9517
17,14648,3,0.0,470,5114,9534
20,14668,3,0.0,471,5114,9554
23,14691,3,0.0,472,5115,9576
31,14722,3,0.0,473,5115,9607
9,14731,3,0.0,474,5115,9616
18,14749,3,0.0,475,5115,9634
28,14777,3,0.0,476,5115,9662
8,14785,3,0.0,477,5115,9670
39,14824,3,0.0,478,5115,9709
29,14853,3,0.0,479,5115,9738
12,14865,3,0.0,480,5115,9750
11,14876,3,0.0,481,5115,9761
51,14927,3,0.0,482,5115,9812
69,14996,3,0.0,483,5115,9881
66,15062,3,0.0,484,5116,9946
20,15082,3,0.0,485,5116,9966
11,15093,3,0.0,486,5116,9977
50,15143,3,0.0,487,5116,10027
27,15170,3,0.0,488,5116,10054
70,15240,3,0.0,489,5116,10124
29,15269,3,0.0,490,5116,10153
77,15346,3,0.0,491,5116,10230
38,15384,3,0.0,492,5117,10267
30,15414,3,0.0,493,5117,10297
17,15431,3,0.0,494,5118,10313
39,15470,3,0.0,495,5118,10352
21,15491,3,0.0,496,5118,10373
32,15523,3,0.0,497,5118,10405
13,15536,3,0.0,498,5118,10418
19,15555,3,0.0,499,5118,10437
5,15560,3,0.0,500,5118,10442
9,15569,3,0.0,501,5118,10451
33,15602,3,0.0,502,5118,10484
69,15671,3,0.0,503,5118,10553
19,15690,3,0.0,504,5118,10572
32,15722,3,0.0,505,5118,10604
19,15741,3,0.0,506,5118,10623
22,15763,3,0.0,507,5118,10645
11,15774,3,0.0,508,5118,10656
21,15795,3,0.0,509,5118,10677
39,15834,3,0.0,510,5118,10716
42,15876,3,0.0,511,5118,10758
38,15914,3,0.0,512,5118,10796
15,15929,3,0.0,513,5118,10811
34,15963,3,0.0,514,5118,10845
11,15974,3,0.0,515,5118,10856
43,16017,3,0.0,516,5118,10899
13,16030,3,0.0,517,5118,10912
33,16063,3,0.0,518,5118,10945
19,16082,3,0.0,519,5118,10964
51,16133,3,0.0,520,5118,11015
100,16233,3,0.0,521,5119,11114
21,16254,3,0.0,522,5119,11135
5,16259,3,0.0,523,5119,11140
14,16273,3,0.0,524,5119,11154
48,16321,3,0.0,525,5119,11202
47,16368,3,0.0,526,5120,11248
64,16432,3,0.0,527,5120,11312
51,16483,3,0.0,528,5120,11363
42,16525,3,0.0,529,5120,11405
33,16558,3,0.0,530,5120,11438
13,16571,3,0.0,531,5120,11451
89,16660,3,0.0,532,5121,11539
41,16701,4,1.0,533,5122,11579
10,16711,4,0.0,534,5122,11589
11,16722,4,0.0,535,5122,11600
21,16743,4,0.0,536,5122,11621
9,16752,4,0.0,537,5122,11630
18,16770,4,0.0,538,5122,11648
35,16805,4,0.0,539,5122,11683
22,16827,4,0.0,540,5122,11705
20,16847,4,0.0,541,5122,11725
41,16888,4,0.0,542,5122,11766
19,16907,4,0.0,543,5122,11785
23,16930,4,0.0,544,5122,11808
49,16979,4,0.0,545,5122,11857
12,16991,4,0.0,546,5122,11869
23,17014,4,0.0,547,5122,11892
33,17047,4,0.0,548,5122,11925
15,17062,4,0.0,549,5122,11940
11,17073,4,0.0,550,5122,11951
17,17090,4,0.0,551,5122,11968
14,17104,4,0.0,552,5122,11982
15,17119,4,0.0,553,5122,11997
8,17127,4,0.0,554,5122,12005
42,17169,4,0.0,555,5122,12047
21,17190,4,0.0,556,5122,12068
35,17225,4,0.0,557,5122,12103
55,17280,4,0.0,558,5122,12158
14,17294,4,0.0,559,5122,12172
100,17394,4,0.0,560,5122,12272
41,17435,4,0.0,561,5122,12313
28,17463,4,0.0,562,5122,12341
22,17485,4,0.0,563,5122,12363
57,17542,4,0.0,564,5122,12420
19,17561,4,0.0,565,5122,12439
55,17616,4,0.0,566,5122,12494
17,17633,4,0.0,567,5122,12511
38,17671,4,0.0,568,5122,12549
17,17688,4,0.0,569,5122,12566
13,17701,4,0.0,570,5122,12579
52,17753,4,0.0,571,5122,12631
100,17853,4,0.0,572,5122,12731
48,17901,4,0.0,573,5122,12779
44,17945,4,0.0,574,5122,12823
27,17972,4,0.0,575,5122,12850
9,17981,4,0.0,576,5122,12859
13,17994,4,0.0,577,5122,12872
11,18005,4,0.0,578,5122,12883
58,18063,4,0.0,579,5122,12941
24,18087,4,0.0,580,5122,12965
64,18151,4,0.0,581,5123,13028
5,18156,4,0.0,582,5123,13033
100,18256,4,0.0,583,5124,13132
52,18308,4,0.0,584,5124,13184
76,18384,4,0.0,585,5124,13260
36,18420,4,0.0,586,5124,13296
12,18432,4,0.0,587,5125,13307
78,18510,4,0.0,588,5125,13385
26,18536,4,0.0,589,5125,13411
18,18554,4,0.0,590,5125,13429
42,18596,4,0.0,591,5125,13471
95,18691,4,0.0,592,5126,13565
8,18699,4,0.0,593,5126,13573
14,18713,4,0.0,594,5126,13587
17,18730,4,0.0,595,5126,13604
45,18775,4,0.0,596,5126,13649
20,18795,4,0.0,597,5126,13669
13,18808,4,0.0,598,5126,13682
41,18849,4,0.0,599,5126,13723
13,18862,4,0.0,600,5126,13736
43,18905,4,0.0,601,5126,13779
25,18930,4,0.0,602,5126,13804
86,19016,4,0.0,603,5126,13890
52,19068,4,0.0,604,5126,13942
16,19084,4,0.0,605,5126,13958
32,19116,4,0.0,606,5126,13990
35,19151,4,0.0,607,5126,14025
30,19181,4,0.0,608,5126,14055
70,19251,4,0.0,609,5126,14125
16,19267,4,0.0,610,5126,14141
27,19294,4,0.0,611,5126,14168
26,19320,4,0.0,612,5126,14194
17,19337,4,0.0,613,5126,14211
15,19352,4,0.0,614,5126,14226
84,19436,4,0.0,615,5126,14310
39,19475,4,0.0,616,5126,14349
26,19501,4,0.0,617,5126,14375
47,19548,4,0.0,618,5126,14422
9,19557,4,0.0,619,5126,14431
34,19591,4,0.0,620,5126,14465
16,19607,4,0.0,621,5126,14481
26,19633,4,0.0,622,5126,14507
24,19657,4,0.0,623,5126,14531
29,19686,4,0.0,624,5126,14560
8,19694,4,0.0,625,5126,14568
20,19714,4,0.0,626,5126,14588
78,19792,5,1.0,627,5126,14666
21,19813,5,0.0,628,5126,14687
52,19865,5,0.0,629,5126,14739
51,19916,5,0.0,630,5126,14790
19,19935,5,0.0,631,5126,14809
8,19943,5,0.0,632,5126,14817
29,19972,5,0.0,633,5126,14846
17,19989,5,0.0,634,5126,14863
8,19997,5,0.0,635,5126,14871
51,20048,5,0.0,636,5126,14922
28,20076,5,0.0,637,5126,14950
14,20090,5,0.0,638,5126,14964
35,20125,5,0.0,639,5126,14999
22,20147,5,0.0,640,5126,15021
12,20159,5,0.0,641,5126,15033
80,20239,5,0.0,642,5126,15113
38,20277,5,0.0,643,5126,15151
10,20287,5,0.0,644,5126,15161
35,20322,5,0.0,645,5126,15196
22,20344,5,0.0,646,5126,15218
33,20377,5,0.0,647,5126,15251
24,20401,5,0.0,648,5126,15275
10,20411,5,0.0,649,5126,15285
73,20484,5,0.0,650,5126,15358
67,20551,5,0.0,651,5126,15425
44,20595,5,0.0,652,5126,15469
15,20610,5,0.0,653,5126,15484
12,20622,5,0.0,654,5126,15496
30,20652,5,0.0,655,5126,15526
20,20672,5,0.0,656,5126,15546
5,20677,5,0.0,657,5126,15551
15,20692,5,0.0,658,5126,15566
33,20725,5,0.0,659,5126,15599
26,20751,5,0.0,660,5126,15625
18,20769,5,0.0,661,5126,15643
11,20780,5,0.0,662,5126,15654
40,20820,5,0.0,663,5126,15694
58,20878,5,0.0,664,5126,15752
14,20892,5,0.0,665,5126,15766
7,20899,5,0.0,666,5126,15773
41,20940,6,1.0,667,5126,15814
31,20971,6,0.0,668,5126,15845
35,21006,6,0.0,669,5126,15880
14,21020,6,0.0,670,5126,15894
17,21037,6,0.0,671,5126,15911
5,21042,6,0.0,672,5126,15916
9,21051,6,0.0,673,5126,15925
35,21086,7,1.0,674,5126,15960
28,21114,8,1.0,675,5126,15988
84,21198,8,0.0,676,5126,16072
13,21211,8,0.0,677,5126,16085
29,21240,8,0.0,678,5126,16114
35,21275,8,0.0,679,5126,16149
20,21295,8,0.0,680,5126,16169
23,21318,8,0.0,681,5126,16192
11,21329,8,0.0,682,5126,16203
20,21349,8,0.0,683,5126,16223
15,21364,8,0.0,684,5126,16238
13,21377,8,0.0,685,5126,16251
12,21389,8,0.0,686,5126,16263
14,21403,8,0.0,687,5126,16277
7,21410,8,0.0,688,5126,16284
28,21438,8,0.0,689,5126,16312
7,21445,8,0.0,690,5126,16319
15,21460,8,0.0,691,5126,16334
19,21479,8,0.0,692,5126,16353
24,21503,8,0.0,693,5126,16377
42,21545,8,0.0,694,5126,16419
53,21598,8,0.0,695,5126,16472
28,21626,8,0.0,696,5126,16500
57,21683,9,1.0,697,5126,16557
14,21697,9,0.0,698,5126,16571
8,21705,9,0.0,699,5126,16579
12,21717,9,0.0,700,5126,16591
23,21740,9,0.0,701,5126,16614
18,21758,9,0.0,702,5126,16632
44,21802,9,0.0,703,5126,16676
28,21830,9,0.0,704,5126,16704
17,21847,9,0.0,705,5126,16721
24,21871,9,0.0,706,5126,16745
24,21895,9,0.0,707,5126,16769
6,21901,9,0.0,708,5126,16775
21,21922,9,0.0,709,5126,16796
17,21939,9,0.0,710,5126,16813
90,22029,9,0.0,711,5126,16903
30,22059,9,0.0,712,5126,16933
46,22105,9,0.0,713,5126,16979
100,22205,9,0.0,714,5126,17079
20,22225,9,0.0,715,5126,17099
29,22254,9,0.0,716,5126,17128
42,22296,10,1.0,717,5126,17170
25,22321,10,0.0,718,5126,17195
28,22349,11,1.0,719,5126,17223
10,22359,11,0.0,720,5126,17233
64,22423,11,0.0,721,5126,17297
23,22446,11,0.0,722,5126,17320
42,22488,11,0.0,723,5126,17362
20,22508,11,0.0,724,5126,17382
26,22534,11,0.0,725,5126,17408
43,22577,11,0.0,726,5126,17451
58,22635,12,1.0,727,5126,17509
30,22665,12,0.0,728,5126,17539
15,22680,12,0.0,729,5126,17554
70,22750,12,0.0,730,5126,17624
26,22776,12,0.0,731,5126,17650
26,22802,12,0.0,732,5126,17676
19,22821,12,0.0,733,5126,17695
10,22831,12,0.0,734,5126,17705
49,22880,12,0.0,735,5126,17754
37,22917,12,0.0,736,5126,17791
58,22975,12,0.0,737,5126,17849
43,23018,12,0.0,738,5126,17892
17,23035,12,0.0,739,5126,17909
8,23043,12,0.0,740,5126,17917
31,23074,12,0.0,741,5126,17948
18,23092,12,0.0,742,5126,17966
51,23143,12,0.0,743,5126,18017
7,23150,12,0.0,744,5126,18024
62,23212,12,0.0,745,5126,18086
20,23232,12,0.0,746,5126,18106
61,23293,12,0.0,747,5126,18167
25,23318,12,0.0,748,5126,18192
14,23332,12,0.0,749,5126,18206
23,23355,12,0.0,750,5126,18229
28,23383,13,1.0,751,5126,18257
19,23402,13,0.0,752,5126,18276
9,23411,13,0.0,753,5126,18285
22,23433,13,0.0,754,5126,18307
67,23500,13,0.0,755,5126,18374
12,23512,13,0.0,756,5126,18386
18,23530,13,0.0,757,5126,18404
68,23598,13,0.0,758,5126,18472
9,23607,13,0.0,759,5126,18481
28,23635,13,0.0,760,5126,18509
16,23651,13,0.0,761,5126,18525
71,23722,13,0.0,762,5126,18596
16,23738,13,0.0,763,5126,18612
28,23766,13,0.0,764,5126,18640
23,23789,13,0.0,765,5126,18663
36,23825,13,0.0,766,5126,18699
14,23839,13,0.0,767,5126,18713
40,23879,13,0.0,768,5126,18753
20,23899,13,0.0,769,5126,18773
16,23915,13,0.0,770,5126,18789
19,23934,13,0.0,771,5126,18808
42,23976,13,0.0,772,5126,18850
42,24018,14,1.0,773,5126,18892
78,24096,14,0.0,774,5126,18970
92,24188,14,0.0,775,5126,19062
16,24204,14,0.0,776,5126,19078
23,24227,14,0.0,777,5126,19101
55,24282,14,0.0,778,5126,19156
100,24382,14,0.0,779,5126,19256
12,24394,14,0.0,780,5126,19268
40,24434,14,0.0,781,5126,19308
30,24464,15,1.0,782,5126,19338
51,24515,16,1.0,783,5126,19389
21,24536,16,0.0,784,5126,19410
17,24553,16,0.0,785,5126,19427
69,24622,16,0.0,786,5126,19496
11,24633,16,0.0,787,5126,19507
14,24647,16,0.0,788,5126,19521
27,24674,16,0.0,789,5126,19548
24,24698,16,0.0,790,5126,19572
30,24728,16,0.0,791,5126,19602
18,24746,16,0.0,792,5126,19620
51,24797,17,1.0,793,5126,19671
18,24815,17,0.0,794,5126,19689
29,24844,17,0.0,795,5126,19718
21,24865,17,0.0,796,5126,19739
23,24888,17,0.0,797,5126,19762
54,24942,17,0.0,798,5126,19816
11,24953,17,0.0,799,5126,19827
34,24987,17,0.0,800,5126,19861
14,25001,17,0.0,801,5126,19875
21,25022,17,0.0,802,5126,19896
13,25035,17,0.0,803,5126,19909
25,25060,17,0.0,804,5126,19934
26,25086,17,0.0,805,5126,19960
6,25092,17,0.0,806,5126,19966
16,25108,17,0.0,807,5126,19982
7,25115,17,0.0,808,5126,19989
12,25127,17,0.0,809,5126,20001
31,25158,17,0.0,810,5126,20032
24,25182,18,1.0,811,5126,20056
14,25196,18,0.0,812,5126,20070
26,25222,18,0.0,813,5126,20096
70,25292,19,1.0,814,5126,20166
43,25335,19,0.0,815,5126,20209
21,25356,19,0.0,816,5126,20230
16,25372,19,0.0,817,5126,20246
11,25383,19,0.0,818,5126,20257
22,25405,19,0.0,819,5126,20279
13,25418,19,0.0,820,5126,20292
21,25439,19,0.0,821,5126,20313
32,25471,19,0.0,822,5126,20345
62,25533,19,0.0,823,5126,20407
36,25569,19,0.0,824,5126,20443
73,25642,19,0.0,825,5126,20516
22,25664,19,0.0,826,5126,20538
12,25676,19,0.0,827,5126,20550
31,25707,19,0.0,828,5126,20581
50,25757,19,0.0,829,5126,20631
17,25774,19,0.0,830,5126,20648
11,25785,19,0.0,831,5126,20659
41,25826,19,0.0,832,5126,20700
9,25835,19,0.0,833,5126,20709
32,25867,19,0.0,834,5126,20741
10,25877,19,0.0,835,5126,20751
18,25895,19,0.0,836,5126,20769
10,25905,19,0.0,837,5126,20779
22,25927,19,0.0,838,5126,20801
16,25943,19,0.0,839,5126,20817
33,25976,19,0.0,840,5126,20850
34,26010,19,0.0,841,5126,20884
26,26036,19,0.0,842,5126,20910
18,26054,19,0.0,843,5126,20928
13,26067,19,0.0,844,5126,20941
22,26089,19,0.0,845,5126,20963
20,26109,19,0.0,846,5126,20983
60,26169,19,0.0,847,5126,21043
18,26187,19,0.0,848,5126,21061
72,26259,19,0.0,849,5126,21133
8,26267,19,0.0,850,5126,21141
72,26339,19,0.0,851,5126,21213
36,26375,19,0.0,852,5126,21249
44,26419,19,0.0,853,5126,21293
74,26493,19,0.0,854,5126,21367
35,26528,19,0.0,855,5126,21402
42,26570,19,0.0,856,5126,21444
46,26616,19,0.0,857,5126,21490
44,26660,19,0.0,858,5126,21534
59,26719,19,0.0,859,5126,21593
94,26813,19,0.0,860,5126,21687
25,26838,19,0.0,861,5126,21712
19,26857,19,0.0,862,5126,21731
18,26875,19,0.0,863,5126,21749
13,26888,19,0.0,864,5126,21762
37,26925,19,0.0,865,5126,21799
43,26968,19,0.0,866,5126,21842
27,26995,19,0.0,867,5126,21869
8,27003,19,0.0,868,5126,21877
35,27038,19,0.0,869,5126,21912
19,27057,19,0.0,870,5126,21931
100,27157,19,0.0,871,5126,22031
52,27209,20,1.0,872,5126,22083
36,27245,20,0.0,873,5126,22119
8,27253,20,0.0,874,5126,22127
37,27290,20,0.0,875,5126,22164
12,27302,20,0.0,876,5126,22176
11,27313,20,0.0,877,5126,22187
62,27375,20,0.0,878,5126,22249
69,27444,20,0.0,879,5126,22318
26,27470,20,0.0,880,5126,22344
31,27501,20,0.0,881,5126,22375
28,27529,20,0.0,882,5126,22403
56,27585,20,0.0,883,5126,22459
38,27623,20,0.0,884,5126,22497
29,27652,20,0.0,885,5126,22526
11,27663,20,0.0,886,5126,22537
14,27677,20,0.0,887,5126,22551
17,27694,20,0.0,888,5126,22568
16,27710,20,0.0,889,5126,22584
70,27780,20,0.0,890,5126,22654
12,27792,20,0.0,891,5126,22666
53,27845,20,0.0,892,5126,22719
32,27877,20,0.0,893,5126,22751
44,27921,20,0.0,894,5126,22795
36,27957,20,0.0,895,5126,22831
14,27971,20,0.0,896,5126,22845
53,28024,20,0.0,897,5126,22898
17,28041,20,0.0,898,5126,22915
9,28050,20,0.0,899,5126,22924
39,28089,20,0.0,900,5126,22963
55,28144,20,0.0,901,5126,23018
58,28202,20,0.0,902,5126,23076
37,28239,20,0.0,903,5126,23113
13,28252,20,0.0,904,5126,23126
26,28278,20,0.0,905,5126,23152
10,28288,20,0.0,906,5126,23162
24,28312,20,0.0,907,5126,23186
29,28341,20,0.0,908,5126,23215
32,28373,20,0.0,909,5126,23247
27,28400,20,0.0,910,5126,23274
32,28432,20,0.0,911,5126,23306
6,28438,20,0.0,912,5126,23312
24,28462,20,0.0,913,5126,23336
9,28471,20,0.0,914,5126,23345
35,28506,21,1.0,915,5126,23380
25,28531,21,0.0,916,5126,23405
24,28555,22,1.0,917,5126,23429
66,28621,23,1.0,918,5126,23495
60,28681,23,0.0,919,5126,23555
36,28717,24,1.0,920,5126,23591
5,28722,24,0.0,921,5126,23596
10,28732,24,0.0,922,5126,23606
16,28748,24,0.0,923,5126,23622
14,28762,24,0.0,924,5126,23636
73,28835,24,0.0,925,5126,23709
35,28870,24,0.0,926,5126,23744
15,28885,24,0.0,927,5126,23759
5,28890,24,0.0,928,5126,23764
17,28907,25,1.0,929,5126,23781
37,28944,25,0.0,930,5126,23818
34,28978,26,1.0,931,5126,23852
40,29018,27,1.0,932,5126,23892
16,29034,27,0.0,933,5126,23908
24,29058,27,0.0,934,5126,23932
9,29067,27,0.0,935,5126,23941
20,29087,27,0.0,936,5126,23961
27,29114,27,0.0,937,5126,23988
34,29148,27,0.0,938,5126,24022
32,29180,27,0.0,939,5126,24054
30,29210,27,0.0,940,5126,24084
72,29282,28,1.0,941,5126,24156
51,29333,28,0.0,942,5126,24207
13,29346,28,0.0,943,5126,24220
12,29358,28,0.0,944,5126,24232
25,29383,28,0.0,945,5126,24257
29,29412,28,0.0,946,5126,24286
49,29461,29,1.0,947,5126,24335
18,29479,29,0.0,948,5126,24353
33,29512,29,0.0,949,5126,24386
23,29535,29,0.0,950,5126,24409
10,29545,29,0.0,951,5126,24419
20,29565,29,0.0,952,5126,24439
27,29592,29,0.0,953,5126,24466
46,29638,29,0.0,954,5126,24512
44,29682,29,0.0,955,5126,24556
24,29706,29,0.0,956,5126,24580
10,29716,29,0.0,957,5126,24590
24,29740,29,0.0,958,5126,24614
26,29766,29,0.0,959,5126,24640
9,29775,29,0.0,960,5126,24649
76,29851,29,0.0,961,5126,24725
11,29862,29,0.0,962,5126,24736
11,29873,29,0.0,963,5126,24747
29,29902,29,0.0,964,5126,24776
30,29932,29,0.0,965,5126,24806
48,29980,29,0.0,966,5126,24854
21,30001,29,0.0,967,5126,24875
20,30021,29,0.0,968,5126,24895
14,30035,29,0.0,969,5126,24909
25,30060,29,0.0,970,5126,24934
32,30092,29,0.0,971,5126,24966
15,30107,29,0.0,972,5126,24981
25,30132,29,0.0,973,5126,25006
22,30154,29,0.0,974,5126,25028
10,30164,29,0.0,975,5126,25038
83,30247,29,0.0,976,5126,25121
23,30270,29,0.0,977,5126,25144
22,30292,29,0.0,978,5126,25166
56,30348,29,0.0,979,5126,25222
29,30377,29,0.0,980,5126,25251
27,30404,29,0.0,981,5126,25278
58,30462,29,0.0,982,5126,25336
31,30493,29,0.0,983,5126,25367
24,30517,29,0.0,984,5126,25391
22,30539,29,0.0,985,5126,25413
58,30597,30,1.0,986,5126,25471
29,30626,30,0.0,987,5126,25500
20,30646,30,0.0,988,5126,25520
35,30681,30,0.0,989,5126,25555
9,30690,30,0.0,990,5126,25564
14,30704,30,0.0,991,5126,25578
10,30714,30,0.0,992,5126,25588
51,30765,30,0.0,993,5126,25639
26,30791,30,0.0,994,5126,25665
25,30816,30,0.0,995,5126,25690
7,30823,30,0.0,996,5126,25697
42,30865,30,0.0,997,5126,25739
28,30893,30,0.0,998,5126,25767
9,30902,30,0.0,999,5126,25776
18,30920,30,0.0,1000,5126,25794
6,30926,30,0.0,1001,5126,25800
33,30959,30,0.0,1002,5126,25833
23,30982,30,0.0,1003,5126,25856
25,31007,30,0.0,1004,5126,25881
39,31046,30,0.0,1005,5126,25920
68,31114,30,0.0,1006,5126,25988
83,31197,30,0.0,1007,5126,26071
15,31212,30,0.0,1008,5126,26086
63,31275,31,1.0,1009,5126,26149
47,31322,31,0.0,1010,5126,26196
22,31344,31,0.0,1011,5126,26218
13,31357,31,0.0,1012,5126,26231
47,31404,31,0.0,1013,5126,26278
11,31415,31,0.0,1014,5126,26289
30,31445,32,1.0,1015,5126,26319
25,31470,32,0.0,1016,5126,26344
32,31502,32,0.0,1017,5126,26376
52,31554,32,0.0,1018,5126,26428
25,31579,32,0.0,1019,5126,26453
5,31584,32,0.0,1020,5126,26458
18,31602,32,0.0,1021,5126,26476
65,31667,32,0.0,1022,5126,26541
10,31677,32,0.0,1023,5126,26551
45,31722,32,0.0,1024,5126,26596
21,31743,32,0.0,1025,5126,26617
15,31758,32,0.0,1026,5126,26632
17,31775,32,0.0,1027,5126,26649
18,31793,32,0.0,1028,5126,26667
15,31808,32,0.0,1029,5126,26682
17,31825,32,0.0,1030,5126,26699
15,31840,32,0.0,1031,5126,26714
23,31863,33,1.0,1032,5126,26737
24,31887,33,0.0,1033,5126,26761
7,31894,33,0.0,1034,5126,26768
39,31933,33,0.0,1035,5126,26807
21,31954,33,0.0,1036,5126,26828
28,31982,34,1.0,1037,5126,26856
62,32044,34,0.0,1038,5126,26918
60,32104,35,1.0,1039,5126,26978
37,32141,35,0.0,1040,5126,27015
28,32169,35,0.0,1041,5126,27043
12,32181,35,0.0,1042,5126,27055
14,32195,35,0.0,1043,5126,27069
14,32209,35,0.0,1044,5126,27083
18,32227,35,0.0,1045,5126,27101
100,32327,35,0.0,1046,5126,27201
35,32362,35,0.0,1047,5126,27236
16,32378,35,0.0,1048,5126,27252
21,32399,35,0.0,1049,5126,27273
30,32429,35,0.0,1050,5126,27303
39,32468,35,0.0,1051,5126,27342
43,32511,35,0.0,1052,5126,27385
26,32537,35,0.0,1053,5126,27411
24,32561,35,0.0,1054,5126,27435
23,32584,35,0.0,1055,5126,27458
28,32612,35,0.0,1056,5126,27486
25,32637,35,0.0,1057,5126,27511
41,32678,35,0.0,1058,5126,27552
15,32693,35,0.0,1059,5126,27567
21,32714,35,0.0,1060,5126,27588
13,32727,35,0.0,1061,5126,27601
9,32736,35,0.0,1062,5126,27610
27,32763,35,0.0,1063,5126,27637
57,32820,35,0.0,1064,5126,27694
19,32839,35,0.0,1065,5126,27713
23,32862,35,0.0,1066,5126,27736
27,32889,35,0.0,1067,5126,27763
24,32913,35,0.0,1068,5126,27787
24,32937,36,1.0,1069,5126,27811
11,32948,36,0.0,1070,5126,27822
47,32995,36,0.0,1071,5126,27869
49,33044,36,0.0,1072,5126,27918
18,33062,36,0.0,1073,5126,27936
16,33078,36,0.0,1074,5126,27952
76,33154,36,0.0,1075,5126,28028
7,33161,36,0.0,1076,5126,28035
77,33238,37,1.0,1077,5126,28112
35,33273,37,0.0,1078,5126,28147
19,33292,37,0.0,1079,5126,28166
21,33313,38,1.0,1080,5126,28187
31,33344,38,0.0,1081,5126,28218
26,33370,38,0.0,1082,5126,28244
19,33389,38,0.0,1083,5126,28263
13,33402,38,0.0,1084,5126,28276
40,33442,38,0.0,1085,5126,28316
12,33454,38,0.0,1086,5126,28328
29,33483,38,0.0,1087,5126,28357
52,33535,39,1.0,1088,5126,28409
12,33547,39,0.0,1089,5126,28421
13,33560,39,0.0,1090,5126,28434
27,33587,39,0.0,1091,5126,28461
21,33608,39,0.0,1092,5126,28482
31,33639,39,0.0,1093,5126,28513
14,33653,39,0.0,1094,5126,28527
16,33669,39,0.0,1095,5126,28543
35,33704,39,0.0,1096,5126,28578
34,33738,39,0.0,1097,5126,28612
14,33752,39,0.0,1098,5126,28626
37,33789,40,1.0,1099,5126,28663
48,33837,40,0.0,1100,5126,28711
35,33872,40,0.0,1101,5126,28746
10,33882,40,0.0,1102,5126,28756
19,33901,40,0.0,1103,5126,28775
7,33908,40,0.0,1104,5126,28782
27,33935,40,0.0,1105,5126,28809
10,33945,40,0.0,1106,5126,28819
21,33966,41,1.0,1107,5126,28840
71,34037,41,0.0,1108,5126,28911
31,34068,41,0.0,1109,5126,28942
10,34078,41,0.0,1110,5126,28952
26,34104,41,0.0,1111,5126,28978
19,34123,41,0.0,1112,5126,28997
32,34155,41,0.0,1113,5126,29029
43,34198,42,1.0,1114,5126,29072
28,34226,42,0.0,1115,5126,29100
36,34262,42,0.0,1116,5126,29136
48,34310,42,0.0,1117,5126,29184
62,34372,42,0.0,1118,5126,29246
25,34397,42,0.0,1119,5126,29271
14,34411,42,0.0,1120,5126,29285
32,34443,42,0.0,1121,5126,29317
71,34514,42,0.0,1122,5126,29388
45,34559,42,0.0,1123,5126,29433
48,34607,42,0.0,1124,5126,29481
51,34658,42,0.0,1125,5126,29532
46,34704,43,1.0,1126,5126,29578
17,34721,43,0.0,1127,5126,29595
18,34739,43,0.0,1128,5126,29613
100,34839,43,0.0,1129,5126,29713
8,34847,43,0.0,1130,5126,29721
28,34875,43,0.0,1131,5126,29749
31,34906,43,0.0,1132,5126,29780
28,34934,43,0.0,1133,5126,29808
11,34945,43,0.0,1134,5126,29819
14,34959,43,0.0,1135,5126,29833
5,34964,43,0.0,1136,5126,29838
23,34987,43,0.0,1137,5126,29861
13,35000,43,0.0,1138,5126,29874
49,35049,43,0.0,1139,5126,29923
10,35059,43,0.0,1140,5126,29933
40,35099,43,0.0,1141,5126,29973
12,35111,43,0.0,1142,5126,29985
47,35158,43,0.0,1143,5126,30032
24,35182,43,0.0,1144,5126,30056
11,35193,43,0.0,1145,5126,30067
14,35207,43,0.0,1146,5126,30081
21,35228,43,0.0,1147,5126,30102
21,35249,43,0.0,1148,5126,30123
27,35276,43,0.0,1149,5126,30150
16,35292,43,0.0,1150,5126,30166
17,35309,43,0.0,1151,5126,30183
23,35332,43,0.0,1152,5126,30206
9,35341,43,0.0,1153,5126,30215
91,35432,43,0.0,1154,5126,30306
73,35505,43,0.0,1155,5126,30379
8,35513,43,0.0,1156,5126,30387
20,35533,43,0.0,1157,5126,30407
12,35545,43,0.0,1158,5126,30419
9,35554,43,0.0,1159,5126,30428
8,35562,43,0.0,1160,5126,30436
30,35592,43,0.0,1161,5126,30466
15,35607,43,0.0,1162,5126,30481
10,35617,43,0.0,1163,5126,30491
41,35658,43,0.0,1164,5126,30532
23,35681,43,0.0,1165,5126,30555
16,35697,43,0.0,1166,5126,30571
75,35772,43,0.0,1167,5126,30646
22,35794,43,0.0,1168,5126,30668
24,35818,43,0.0,1169,5126,30692
19,35837,43,0.0,1170,5126,30711
75,35912,43,0.0,1171,5126,30786
86,35998,43,0.0,1172,5126,30872
9,36007,43,0.0,1173,5126,30881
7,36014,43,0.0,1174,5126,30888
17,36031,43,0.0,1175,5126,30905
15,36046,43,0.0,1176,5126,30920
68,36114,43,0.0,1177,5126,30988
30,36144,43,0.0,1178,5126,31018
16,36160,43,0.0,1179,5126,31034
6,36166,43,0.0,1180,5126,31040
20,36186,43,0.0,1181,5126,31060
12,36198,43,0.0,1182,5126,31072
62,36260,43,0.0,1183,5126,31134
26,36286,43,0.0,1184,5126,31160
12,36298,43,0.0,1185,5126,31172
47,36345,43,0.0,1186,5126,31219
31,36376,43,0.0,1187,5126,31250
82,36458,43,0.0,1188,5126,31332
46,36504,43,0.0,1189,5126,31378
12,36516,43,0.0,1190,5126,31390
12,36528,43,0.0,1191,5126,31402
89,36617,44,1.0,1192,5126,31491
20,36637,44,0.0,1193,5126,31511
21,36658,44,0.0,1194,5126,31532
24,36682,44,0.0,1195,5126,31556
21,36703,44,0.0,1196,5126,31577
21,36724,44,0.0,1197,5126,31598
28,36752,44,0.0,1198,5126,31626
40,36792,44,0.0,1199,5126,31666
30,36822,44,0.0,1200,5126,31696
25,36847,45,1.0,1201,5126,31721
72,36919,45,0.0,1202,5126,31793
11,36930,45,0.0,1203,5126,31804
42,36972,45,0.0,1204,5126,31846
49,37021,45,0.0,1205,5126,31895
44,37065,45,0.0,1206,5126,31939
43,37108,45,0.0,1207,5126,31982
20,37128,45,0.0,1208,5126,32002
15,37143,45,0.0,1209,5126,32017
40,37183,45,0.0,1210,5126,32057
20,37203,45,0.0,1211,5126,32077
19,37222,45,0.0,1212,5126,32096
7,37229,45,0.0,1213,5126,32103
10,37239,45,0.0,1214,5126,32113
62,37301,45,0.0,1215,5126,32175
23,37324,45,0.0,1216,5126,32198
38,37362,45,0.0,1217,5126,32236
21,37383,45,0.0,1218,5126,32257
7,37390,45,0.0,1219,5126,32264
46,37436,46,1.0,1220,5126,32310
49,37485,47,1.0,1221,5126,32359
13,37498,47,0.0,1222,5126,32372
9,37507,47,0.0,1223,5126,32381
11,37518,47,0.0,1224,5126,32392
35,37553,47,0.0,1225,5126,32427
94,37647,47,0.0,1226,5126,32521
19,37666,47,0.0,1227,5126,32540
35,37701,47,0.0,1228,5126,32575
26,37727,47,0.0,1229,5126,32601
22,37749,47,0.0,1230,5126,32623
72,37821,47,0.0,1231,5126,32695
35,37856,48,1.0,1232,5126,32730
10,37866,48,0.0,1233,5126,32740
59,37925,49,1.0,1234,5126,32799
51,37976,50,1.0,1235,5126,32850
42,38018,50,0.0,1236,5126,32892
43,38061,50,0.0,1237,5126,32935
26,38087,50,0.0,1238,5126,32961
10,38097,50,0.0,1239,5126,32971
10,38107,50,0.0,1240,5126,32981
27,38134,50,0.0,1241,5126,33008
15,38149,50,0.0,1242,5126,33023
36,38185,50,0.0,1243,5126,33059
53,38238,50,0.0,1244,5126,33112
38,38276,51,1.0,1245,5126,33150
28,38304,51,0.0,1246,5126,33178
36,38340,51,0.0,1247,5126,33214
19,38359,51,0.0,1248,5126,33233
23,38382,51,0.0,1249,5126,33256
61,38443,51,0.0,1250,5126,33317
8,38451,51,0.0,1251,5126,33325
27,38478,52,1.0,1252,5126,33352
6,38484,52,0.0,1253,5126,33358
23,38507,52,0.0,1254,5126,33381
18,38525,52,0.0,1255,5126,33399
29,38554,52,0.0,1256,5126,33428
27,38581,52,0.0,1257,5126,33455
24,38605,52,0.0,1258,5126,33479
28,38633,52,0.0,1259,5126,33507
15,38648,52,0.0,1260,5126,33522
5,38653,52,0.0,1261,5126,33527
50,38703,52,0.0,1262,5126,33577
18,38721,52,0.0,1263,5126,33595
90,38811,52,0.0,1264,5126,33685
14,38825,52,0.0,1265,5126,33699
26,38851,52,0.0,1266,5126,33725
15,38866,52,0.0,1267,5126,33740
15,38881,52,0.0,1268,5126,33755
12,38893,52,0.0,1269,5126,33767
59,38952,53,1.0,1270,5126,33826
32,38984,53,0.0,1271,5126,33858
13,38997,53,0.0,1272,5126,33871
24,39021,53,0.0,1273,5126,33895
15,39036,53,0.0,1274,5126,33910
49,39085,53,0.0,1275,5126,33959
51,39136,53,0.0,1276,5126,34010
64,39200,53,0.0,1277,5126,34074
16,39216,53,0.0,1278,5126,34090
16,39232,53,0.0,1279,5126,34106
20,39252,53,0.0,1280,5126,34126
9,39261,53,0.0,1281,5126,34135
100,39361,53,0.0,1282,5126,34235
22,39383,53,0.0,1283,5126,34257
35,39418,53,0.0,1284,5126,34292
59,39477,53,0.0,1285,5126,34351
36,39513,54,1.0,1286,5126,34387
22,39535,54,0.0,1287,5126,34409
32,39567,54,0.0,1288,5126,34441
27,39594,54,0.0,1289,5126,34468
48,39642,55,1.0,1290,5126,34516
7,39649,55,0.0,1291,5126,34523
33,39682,55,0.0,1292,5126,34556
10,39692,55,0.0,1293,5126,34566
16,39708,55,0.0,1294,5126,34582
44,39752,55,0.0,1295,5126,34626
45,39797,55,0.0,1296,5126,34671
24,39821,55,0.0,1297,5126,34695
16,39837,55,0.0,1298,5126,34711
26,39863,55,0.0,1299,5126,34737
44,39907,55,0.0,1300,5126,34781
10,39917,55,0.0,1301,5126,34791
22,39939,55,0.0,1302,5126,34813
11,39950,55,0.0,1303,5126,34824
20,39970,55,0.0,1304,5126,34844
27,39997,55,0.0,1305,5126,34871
38,40035,55,0.0,1306,5126,34909
21,40056,55,0.0,1307,5126,34930
89,40145,55,0.0,1308,5126,35019
14,40159,55,0.0,1309,5126,35033
25,40184,55,0.0,1310,5126,35058
100,40284,55,0.0,1311,5126,35158
7,40291,55,0.0,1312,5126,35165
9,40300,55,0.0,1313,5126,35174
34,40334,56,1.0,1314,5126,35208
40,40374,56,0.0,1315,5126,35248
32,40406,56,0.0,1316,5126,35280
16,40422,56,0.0,1317,5126,35296
16,40438,56,0.0,1318,5126,35312
10,40448,56,0.0,1319,5126,35322
39,40487,56,0.0,1320,5126,35361
15,40502,56,0.0,1321,5126,35376
7,40509,56,0.0,1322,5126,35383
30,40539,56,0.0,1323,5126,35413
10,40549,56,0.0,1324,5126,35423
29,40578,56,0.0,1325,5126,35452
20,40598,56,0.0,1326,5126,35472
17,40615,56,0.0,1327,5126,35489
58,40673,57,1.0,1328,5126,35547
17,40690,57,0.0,1329,5126,35564
12,40702,57,0.0,1330,5126,35576
18,40720,57,0.0,1331,5126,35594
11,40731,57,0.0,1332,5126,35605
17,40748,57,0.0,1333,5126,35622
10,40758,57,0.0,1334,5126,35632
18,40776,57,0.0,1335,5126,35650
28,40804,57,0.0,1336,5126,35678
51,40855,57,0.0,1337,5126,35729
42,40897,57,0.0,1338,5126,35771
14,40911,57,0.0,1339,5126,35785
23,40934,57,0.0,1340,5126,35808
61,40995,57,0.0,1341,5126,35869
14,41009,57,0.0,1342,5126,35883
31,41040,58,1.0,1343,5126,35914
85,41125,58,0.0,1344,5126,35999
22,41147,58,0.0,1345,5126,36021
30,41177,58,0.0,1346,5126,36051
38,41215,58,0.0,1347,5126,36089
47,41262,59,1.0,1348,5126,36136
16,41278,59,0.0,1349,5126,36152
44,41322,59,0.0,1350,5126,36196
38,41360,59,0.0,1351,5126,36234
13,41373,59,0.0,1352,5126,36247
21,41394,59,0.0,1353,5126,36268
24,41418,59,0.0,1354,5126,36292
22,41440,59,0.0,1355,5126,36314
22,41462,59,0.0,1356,5126,36336
19,41481,59,0.0,1357,5126,36355
11,41492,59,0.0,1358,5126,36366
24,41516,59,0.0,1359,5126,36390
100,41616,59,0.0,1360,5126,36490
61,41677,59,0.0,1361,5126,36551
9,41686,59,0.0,1362,5126,36560
17,41703,59,0.0,1363,5126,36577
5,41708,59,0.0,1364,5126,36582
5,41713,59,0.0,1365,5126,36587
23,41736,59,0.0,1366,5126,36610
17,41753,59,0.0,1367,5126,36627
17,41770,59,0.0,1368,5126,36644
20,41790,59,0.0,1369,5126,36664
21,41811,59,0.0,1370,5126,36685
15,41826,59,0.0,1371,5126,36700
19,41845,59,0.0,1372,5126,36719
16,41861,59,0.0,1373,5126,36735
33,41894,59,0.0,1374,5126,36768
34,41928,59,0.0,1375,5126,36802
18,41946,59,0.0,1376,5126,36820
29,41975,59,0.0,1377,5126,36849
5,41980,59,0.0,1378,5126,36854
49,42029,59,0.0,1379,5126,36903
77,42106,59,0.0,1380,5126,36980
41,42147,59,0.0,1381,5126,37021
28,42175,59,0.0,1382,5126,37049
9,42184,59,0.0,1383,5126,37058
30,42214,59,0.0,1384,5126,37088
12,42226,59,0.0,1385,5126,37100
40,42266,60,1.0,1386,5126,37140
28,42294,60,0.0,1387,5126,37168
9,42303,60,0.0,1388,5126,37177
11,42314,60,0.0,1389,5126,37188
22,42336,60,0.0,1390,5126,37210
18,42354,60,0.0,1391,5126,37228
71,42425,60,0.0,1392,5126,37299
13,42438,60,0.0,1393,5126,37312
49,42487,60,0.0,1394,5126,37361
41,42528,60,0.0,1395,5126,37402
53,42581,60,0.0,1396,5126,37455
80,42661,61,1.0,1397,5126,37535
9,42670,61,0.0,1398,5126,37544
58,42728,61,0.0,1399,5126,37602
22,42750,61,0.0,1400,5126,37624
11,42761,61,0.0,1401,5126,37635
57,42818,61,0.0,1402,5126,37692
19,42837,61,0.0,1403,5126,37711
27,42864,61,0.0,1404,5126,37738
96,42960,61,0.0,1405,5126,37834
33,42993,61,0.0,1406,5126,37867
31,43024,62,1.0,1407,5126,37898
13,43037,62,0.0,1408,5126,37911
78,43115,62,0.0,1409,5126,37989
15,43130,62,0.0,1410,5126,38004
80,43210,63,1.0,1411,5126,38084
21,43231,63,0.0,1412,5126,38105
22,43253,63,0.0,1413,5126,38127
35,43288,63,0.0,1414,5126,38162
5,43293,63,0.0,1415,5126,38167
31,43324,63,0.0,1416,5126,38198
49,43373,63,0.0,1417,5126,38247
24,43397,63,0.0,1418,5126,38271
52,43449,64,1.0,1419,5126,38323
8,43457,64,0.0,1420,5126,38331
38,43495,65,1.0,1421,5126,38369
28,43523,65,0.0,1422,5126,38397
28,43551,65,0.0,1423,5126,38425
13,43564,65,0.0,1424,5126,38438
38,43602,65,0.0,1425,5126,38476
47,43649,65,0.0,1426,5126,38523
26,43675,65,0.0,1427,5126,38549
22,43697,65,0.0,1428,5126,38571
10,43707,65,0.0,1429,5126,38581
7,43714,65,0.0,1430,5126,38588
22,43736,65,0.0,1431,5126,38610
31,43767,65,0.0,1432,5126,38641
55,43822,65,0.0,1433,5126,38696
26,43848,65,0.0,1434,5126,38722
35,43883,65,0.0,1435,5126,38757
9,43892,65,0.0,1436,5126,38766
25,43917,66,1.0,1437,5126,38791
28,43945,66,0.0,1438,5126,38819
27,43972,66,0.0,1439,5126,38846
31,44003,66,0.0,1440,5126,38877
57,44060,66,0.0,1441,5126,38934
64,44124,66,0.0,1442,5126,38998
8,44132,66,0.0,1443,5126,39006
22,44154,66,0.0,1444,5126,39028
24,44178,66,0.0,1445,5126,39052
17,44195,66,0.0,1446,5126,39069
100,44295,66,0.0,1447,5126,39169
14,44309,66,0.0,1448,5126,39183
37,44346,66,0.0,1449,5126,39220
100,44446,66,0.0,1450,5126,39320
30,44476,66,0.0,1451,5126,39350
10,44486,66,0.0,1452,5126,39360
35,44521,66,0.0,1453,5126,39395
62,44583,66,0.0,1454,5126,39457
29,44612,66,0.0,1455,5126,39486
31,44643,66,0.0,1456,5126,39517
7,44650,66,0.0,1457,5126,39524
13,44663,66,0.0,1458,5126,39537
62,44725,66,0.0,1459,5126,39599
18,44743,66,0.0,1460,5126,39617
19,44762,66,0.0,1461,5126,39636
48,44810,66,0.0,1462,5126,39684
15,44825,66,0.0,1463,5126,39699
24,44849,66,0.0,1464,5126,39723
9,44858,66,0.0,1465,5126,39732
18,44876,66,0.0,1466,5126,39750
32,44908,66,0.0,1467,5126,39782
31,44939,66,0.0,1468,5126,39813
24,44963,66,0.0,1469,5126,39837
7,44970,66,0.0,1470,5126,39844
8,44978,66,0.0,1471,5126,39852
14,44992,66,0.0,1472,5126,39866
6,44998,66,0.0,1473,5126,39872
41,45039,66,0.0,1474,5126,39913
32,45071,67,1.0,1475,5126,39945
29,45100,67,0.0,1476,5126,39974
14,45114,67,0.0,1477,5126,39988
11,45125,67,0.0,1478,5126,39999
16,45141,67,0.0,1479,5126,40015
18,45159,67,0.0,1480,5126,40033
19,45178,67,0.0,1481,5126,40052
28,45206,67,0.0,1482,5126,40080
24,45230,67,0.0,1483,5126,40104
10,45240,67,0.0,1484,5126,40114
37,45277,67,0.0,1485,5126,40151
12,45289,67,0.0,1486,5126,40163
13,45302,67,0.0,1487,5126,40176
17,45319,67,0.0,1488,5126,40193
15,45334,67,0.0,1489,5126,40208
8,45342,67,0.0,1490,5126,40216
19,45361,67,0.0,1491,5126,40235
44,45405,67,0.0,1492,5126,40279
15,45420,67,0.0,1493,5126,40294
11,45431,67,0.0,1494,5126,40305
42,45473,68,1.0,1495,5126,40347
11,45484,68,0.0,1496,5126,40358
26,45510,68,0.0,1497,5126,40384
18,45528,68,0.0,1498,5126,40402
32,45560,68,0.0,1499,5126,40434
9,45569,68,0.0,1500,5126,40443
18,45587,68,0.0,1501,5126,40461
10,45597,68,0.0,1502,5126,40471
63,45660,68,0.0,1503,5126,40534
23,45683,68,0.0,1504,5126,40557
48,45731,68,0.0,1505,5126,40605
39,45770,68,0.0,1506,5126,40644
17,45787,68,0.0,1507,5126,40661
77,45864,69,1.0,1508,5126,40738
70,45934,69,0.0,1509,5126,40808
23,45957,69,0.0,1510,5126,40831
19,45976,69,0.0,1511,5126,40850
13,45989,69,0.0,1512,5126,40863
60,46049,69,0.0,1513,5126,40923
20,46069,69,0.0,1514,5126,40943
34,46103,69,0.0,1515,5126,40977
12,46115,69,0.0,1516,5126,40989
16,46131,69,0.0,1517,5126,41005
23,46154,69,0.0,1518,5126,41028
40,46194,69,0.0,1519,5126,41068
11,46205,69,0.0,1520,5126,41079
47,46252,69,0.0,1521,5126,41126
22,46274,69,0.0,1522,5126,41148
21,46295,69,0.0,1523,5126,41169
35,46330,69,0.0,1524,5126,41204
30,46360,69,0.0,1525,5126,41234
24,46384,69,0.0,1526,5126,41258
62,46446,70,1.0,1527,5126,41320
6,46452,70,0.0,1528,5126,41326
20,46472,70,0.0,1529,5126,41346
34,46506,70,0.0,1530,5126,41380
13,46519,70,0.0,1531,5126,41393
51,46570,70,0.0,1532,5126,41444
36,46606,70,0.0,1533,5126,41480
6,46612,70,0.0,1534,5126,41486
9,46621,70,0.0,1535,5126,41495
39,46660,71,1.0,1536,5126,41534
23,46683,71,0.0,1537,5126,41557
22,46705,71,0.0,1538,5126,41579
20,46725,71,0.0,1539,5126,41599
16,46741,71,0.0,1540,5126,41615
14,46755,71,0.0,1541,5126,41629
36,46791,72,1.0,1542,5126,41665
33,46824,73,1.0,1543,5126,41698
79,46903,73,0.0,1544,5126,41777
17,46920,73,0.0,1545,5126,41794
35,46955,73,0.0,1546,5126,41829
38,46993,74,1.0,1547,5126,41867
31,47024,74,0.0,1548,5126,41898
28,47052,74,0.0,1549,5126,41926
42,47094,74,0.0,1550,5126,41968
12,47106,74,0.0,1551,5126,41980
22,47128,74,0.0,1552,5126,42002
21,47149,74,0.0,1553,5126,42023
14,47163,74,0.0,1554,5126,42037
61,47224,75,1.0,1555,5126,42098
56,47280,76,1.0,1556,5126,42154
32,47312,76,0.0,1557,5126,42186
32,47344,76,0.0,1558,5126,42218
22,47366,76,0.0,1559,5126,42240
57,47423,77,1.0,1560,5126,42297
56,47479,77,0.0,1561,5126,42353
27,47506,77,0.0,1562,5126,42380
51,47557,77,0.0,1563,5126,42431
53,47610,77,0.0,1564,5126,42484
11,47621,77,0.0,1565,5126,42495
23,47644,77,0.0,1566,5126,42518
34,47678,77,0.0,1567,5126,42552
11,47689,77,0.0,1568,5126,42563
28,47717,77,0.0,1569,5126,42591
26,47743,77,0.0,1570,5126,42617
68,47811,77,0.0,1571,5126,42685
13,47824,77,0.0,1572,5126,42698
36,47860,77,0.0,1573,5126,42734
20,47880,77,0.0,1574,5126,42754
21,47901,77,0.0,1575,5126,42775
7,47908,77,0.0,1576,5126,42782
47,47955,77,0.0,1577,5126,42829
29,47984,77,0.0,1578,5126,42858
9,47993,77,0.0,1579,5126,42867
6,47999,77,0.0,1580,5126,42873
57,48056,78,1.0,1581,5126,42930
33,48089,78,0.0,1582,5126,42963
27,48116,78,0.0,1583,5126,42990
76,48192,79,1.0,1584,5126,43066
100,48292,79,0.0,1585,5126,43166
28,48320,80,1.0,1586,5126,43194
21,48341,80,0.0,1587,5126,43215
12,48353,80,0.0,1588,5126,43227
29,48382,80,0.0,1589,5126,43256
24,48406,80,0.0,1590,5126,43280
43,48449,80,0.0,1591,5126,43323
21,48470,80,0.0,1592,5126,43344
41,48511,81,1.0,1593,5126,43385
25,48536,81,0.0,1594,5126,43410
28,48564,81,0.0,1595,5126,43438
36,48600,82,1.0,1596,5126,43474
11,48611,82,0.0,1597,5126,43485
54,48665,83,1.0,1598,5126,43539
25,48690,83,0.0,1599,5126,43564
29,48719,83,0.0,1600,5126,43593
31,48750,83,0.0,1601,5126,43624
16,48766,83,0.0,1602,5126,43640
27,48793,83,0.0,1603,5126,43667
65,48858,83,0.0,1604,5126,43732
18,48876,83,0.0,1605,5126,43750
47,48923,83,0.0,1606,5126,43797
16,48939,83,0.0,1607,5126,43813
6,48945,83,0.0,1608,5126,43819
18,48963,83,0.0,1609,5126,43837
46,49009,83,0.0,1610,5126,43883
37,49046,84,1.0,1611,5126,43920
12,49058,84,0.0,1612,5126,43932
15,49073,84,0.0,1613,5126,43947
15,49088,84,0.0,1614,5126,43962
10,49098,84,0.0,1615,5126,43972
17,49115,84,0.0,1616,5126,43989
27,49142,84,0.0,1617,5126,44016
21,49163,84,0.0,1618,5126,44037
18,49181,84,0.0,1619,5126,44055
61,49242,84,0.0,1620,5126,44116
15,49257,84,0.0,1621,5126,44131
23,49280,84,0.0,1622,5126,44154
14,49294,84,0.0,1623,5126,44168
9,49303,84,0.0,1624,5126,44177
27,49330,84,0.0,1625,5126,44204
38,49368,84,0.0,1626,5126,44242
69,49437,84,0.0,1627,5126,44311
34,49471,84,0.0,1628,5126,44345
31,49502,84,0.0,1629,5126,44376
22,49524,84,0.0,1630,5126,44398
11,49535,84,0.0,1631,5126,44409
9,49544,84,0.0,1632,5126,44418
22,49566,85,1.0,1633,5126,44440
18,49584,85,0.0,1634,5126,44458
21,49605,86,1.0,1635,5126,44479
33,49638,86,0.0,1636,5126,44512
43,49681,86,0.0,1637,5126,44555
34,49715,86,0.0,1638,5126,44589
32,49747,86,0.0,1639,5126,44621
15,49762,86,0.0,1640,5126,44636
13,49775,86,0.0,1641,5126,44649
9,49784,86,0.0,1642,5126,44658
10,49794,86,0.0,1643,5126,44668
37,49831,87,1.0,1644,5126,44705
22,49853,88,1.0,1645,5126,44727
27,49880,88,0.0,1646,5126,44754
38,49918,88,0.0,1647,5126,44792
14,49932,88,0.0,1648,5126,44806
12,49944,88,0.0,1649,5126,44818
8,49952,88,0.0,1650,5126,44826
13,49965,88,0.0,1651,5126,44839
32,49997,88,0.0,1652,5126,44871
25,50022,88,0.0,1653,5126,44896
77,50099,89,1.0,1654,5126,44973
45,50144,89,0.0,1655,5126,45018
31,50175,89,0.0,1656,5126,45049
11,50186,89,0.0,1657,5126,45060
12,50198,89,0.0,1658,5126,45072
27,50225,89,0.0,1659,5126,45099
31,50256,89,0.0,1660,5126,45130
12,50268,89,0.0,1661,5126,45142
6,50274,89,0.0,1662,5126,45148
54,50328,90,1.0,1663,5126,45202
40,50368,91,1.0,1664,5126,45242
18,50386,91,0.0,1665,5126,45260
27,50413,91,0.0,1666,5126,45287
29,50442,91,0.0,1667,5126,45316
37,50479,91,0.0,1668,5126,45353
8,50487,91,0.0,1669,5126,45361
25,50512,91,0.0,1670,5126,45386
78,50590,92,1.0,1671,5126,45464
50,50640,92,0.0,1672,5126,45514
15,50655,92,0.0,1673,5126,45529
75,50730,92,0.0,1674,5126,45604
24,50754,92,0.0,1675,5126,45628
9,50763,92,0.0,1676,5126,45637
13,50776,92,0.0,1677,5126,45650
22,50798,92,0.0,1678,5126,45672
46,50844,92,0.0,1679,5126,45718
42,50886,92,0.0,1680,5126,45760
34,50920,92,0.0,1681,5126,45794
30,50950,92,0.0,1682,5126,45824
36,50986,93,1.0,1683,5126,45860
41,51027,93,0.0,1684,5126,45901
34,51061,93,0.0,1685,5126,45935
20,51081,93,0.0,1686,5126,45955
10,51091,93,0.0,1687,5126,45965
46,51137,94,1.0,1688,5126,46011
9,51146,94,0.0,1689,5126,46020
60,51206,95,1.0,1690,5126,46080
43,51249,96,1.0,1691,5126,46123
16,51265,96,0.0,1692,5126,46139
17,51282,96,0.0,1693,5126,46156
25,51307,96,0.0,1694,5126,46181
19,51326,96,0.0,1695,5126,46200
76,51402,97,1.0,1696,5126,46276
43,51445,97,0.0,1697,5126,46319
9,51454,97,0.0,1698,5126,46328
38,51492,97,0.0,1699,5126,46366
13,51505,97,0.0,1700,5126,46379
43,51548,97,0.0,1701,5126,46422
17,51565,97,0.0,1702,5126,46439
17,51582,97,0.0,1703,5126,46456
30,51612,97,0.0,1704,5126,46486
11,51623,97,0.0,1705,5126,46497
54,51677,98,1.0,1706,5126,46551
34,51711,98,0.0,1707,5126,46585
18,51729,98,0.0,1708,5126,46603
10,51739,98,0.0,1709,5126,46613
48,51787,98,0.0,1710,5126,46661
41,51828,98,0.0,1711,5126,46702
28,51856,98,0.0,1712,5126,46730
10,51866,98,0.0,1713,5126,46740
35,51901,98,0.0,1714,5126,46775
28,51929,98,0.0,1715,5126,46803
35,51964,98,0.0,1716,5126,46838
26,51990,98,0.0,1717,5126,46864
39,52029,98,0.0,1718,5126,46903
25,52054,98,0.0,1719,5126,46928
13,52067,98,0.0,1720,5126,46941
35,52102,98,0.0,1721,5126,46976
44,52146,99,1.0,1722,5126,47020
21,52167,99,0.0,1723,5126,47041
19,52186,99,0.0,1724,5126,47060
28,52214,100,1.0,1725,5126,47088
74,52288,101,1.0,1726,5126,47162
45,52333,101,0.0,1727,5126,47207
8,52341,101,0.0,1728,5126,47215
15,52356,101,0.0,1729,5126,47230
54,52410,101,0.0,1730,5126,47284
17,52427,101,0.0,1731,5126,47301
37,52464,101,0.0,1732,5126,47338
26,52490,101,0.0,1733,5126,47364
17,52507,101,0.0,1734,5126,47381
53,52560,101,0.0,1735,5126,47434
20,52580,101,0.0,1736,5126,47454
28,52608,102,1.0,1737,5126,47482
26,52634,102,0.0,1738,5126,47508
45,52679,102,0.0,1739,5126,47553
26,52705,102,0.0,1740,5126,47579
26,52731,102,0.0,1741,5126,47605
59,52790,102,0.0,1742,5126,47664
15,52805,102,0.0,1743,5126,47679
15,52820,102,0.0,1744,5126,47694
39,52859,102,0.0,1745,5126,47733
30,52889,102,0.0,1746,5126,47763
51,52940,103,1.0,1747,5126,47814
98,53038,103,0.0,1748,5126,47912
11,53049,103,0.0,1749,5126,47923
40,53089,104,1.0,1750,5126,47963
41,53130,104,0.0,1751,5126,48004
33,53163,104,0.0,1752,5126,48037
54,53217,104,0.0,1753,5126,48091
28,53245,104,0.0,1754,5126,48119
13,53258,104,0.0,1755,5126,48132
31,53289,104,0.0,1756,5126,48163
17,53306,104,0.0,1757,5126,48180
69,53375,104,0.0,1758,5126,48249
38,53413,104,0.0,1759,5126,48287
11,53424,104,0.0,1760,5126,48298
35,53459,104,0.0,1761,5126,48333
33,53492,104,0.0,1762,5126,48366
11,53503,104,0.0,1763,5126,48377
21,53524,104,0.0,1764,5126,48398
10,53534,104,0.0,1765,5126,48408
38,53572,104,0.0,1766,5126,48446
30,53602,104,0.0,1767,5126,48476
42,53644,105,1.0,1768,5126,48518
25,53669,106,1.0,1769,5126,48543
19,53688,106,0.0,1770,5126,48562
15,53703,106,0.0,1771,5126,48577
13,53716,106,0.0,1772,5126,48590
36,53752,106,0.0,1773,5126,48626
10,53762,106,0.0,1774,5126,48636
15,53777,106,0.0,1775,5126,48651
44,53821,107,1.0,1776,5126,48695
24,53845,108,1.0,1777,5126,48719
69,53914,108,0.0,1778,5126,48788
16,53930,108,0.0,1779,5126,48804
43,53973,108,0.0,1780,5126,48847
29,54002,108,0.0,1781,5126,48876
71,54073,108,0.0,1782,5126,48947
44,54117,108,0.0,1783,5126,48991
34,54151,108,0.0,1784,5126,49025
17,54168,108,0.0,1785,5126,49042
25,54193,108,0.0,1786,5126,49067
29,54222,108,0.0,1787,5126,49096
20,54242,108,0.0,1788,5126,49116
12,54254,108,0.0,1789,5126,49128
23,54277,108,0.0,1790,5126,49151
64,54341,108,0.0,1791,5126,49215
25,54366,108,0.0,1792,5126,49240
76,54442,108,0.0,1793,5126,49316
5,54447,108,0.0,1794,5126,49321
38,54485,108,0.0,1795,5126,49359
59,54544,108,0.0,1796,5126,49418
33,54577,108,0.0,1797,5126,49451
11,54588,108,0.0,1798,5126,49462
29,54617,108,0.0,1799,5126,49491
22,54639,108,0.0,1800,5126,49513
18,54657,108,0.0,1801,5126,49531
16,54673,108,0.0,1802,5126,49547
26,54699,108,0.0,1803,5126,49573
52,54751,108,0.0,1804,5126,49625
27,54778,108,0.0,1805,5126,49652
22,54800,109,1.0,1806,5126,49674
81,54881,109,0.0,1807,5126,49755
17,54898,109,0.0,1808,5126,49772
18,54916,109,0.0,1809,5126,49790
36,54952,109,0.0,1810,5126,49826
15,54967,109,0.0,1811,5126,49841
48,55015,109,0.0,1812,5126,49889
29,55044,109,0.0,1813,5126,49918
30,55074,109,0.0,1814,5126,49948
12,55086,109,0.0,1815,5126,49960
27,55113,109,0.0,1816,5126,49987
13,55126,109,0.0,1817,5126,50000
20,55146,109,0.0,1818,5126,50020
27,55173,109,0.0,1819,5126,50047
97,55270,109,0.0,1820,5126,50144
25,55295,109,0.0,1821,5126,50169
22,55317,109,0.0,1822,5126,50191
7,55324,109,0.0,1823,5126,50198
9,55333,109,0.0,1824,5126,50207
39,55372,109,0.0,1825,5126,50246
27,55399,109,0.0,1826,5126,50273
19,55418,109,0.0,1827,5126,50292
27,55445,109,0.0,1828,5126,50319
41,55486,110,1.0,1829,5126,50360
69,55555,110,0.0,1830,5126,50429
27,55582,110,0.0,1831,5126,50456
16,55598,110,0.0,1832,5126,50472
12,55610,110,0.0,1833,5126,50484
6,55616,110,0.0,1834,5126,50490
44,55660,110,0.0,1835,5126,50534
19,55679,110,0.0,1836,5126,50553
11,55690,110,0.0,1837,5126,50564
19,55709,110,0.0,1838,5126,50583
31,55740,110,0.0,1839,5126,50614
63,55803,111,1.0,1840,5126,50677
9,55812,111,0.0,1841,5126,50686
43,55855,111,0.0,1842,5126,50729
39,55894,111,0.0,1843,5126,50768
8,55902,111,0.0,1844,5126,50776
25,55927,111,0.0,1845,5126,50801
31,55958,111,0.0,1846,5126,50832
12,55970,111,0.0,1847,5126,50844
57,56027,111,0.0,1848,5126,50901
59,56086,111,0.0,1849,5126,50960
16,56102,111,0.0,1850,5126,50976
31,56133,111,0.0,1851,5126,51007
19,56152,112,1.0,1852,5126,51026
9,56161,112,0.0,1853,5126,51035
38,56199,112,0.0,1854,5126,51073
18,56217,112,0.0,1855,5126,51091
42,56259,112,0.0,1856,5126,51133
39,56298,112,0.0,1857,5126,51172
6,56304,112,0.0,1858,5126,51178
11,56315,112,0.0,1859,5126,51189
9,56324,112,0.0,1860,5126,51198
11,56335,112,0.0,1861,5126,51209
35,56370,112,0.0,1862,5126,51244
17,56387,112,0.0,1863,5126,51261
24,56411,112,0.0,1864,5126,51285
11,56422,112,0.0,1865,5126,51296
40,56462,112,0.0,1866,5126,51336
27,56489,112,0.0,1867,5126,51363
17,56506,112,0.0,1868,5126,51380
28,56534,112,0.0,1869,5126,51408
27,56561,113,1.0,1870,5126,51435
18,56579,113,0.0,1871,5126,51453
50,56629,114,1.0,1872,5126,51503
15,56644,114,0.0,1873,5126,51518
24,56668,114,0.0,1874,5126,51542
32,56700,114,0.0,1875,5126,51574
22,56722,114,0.0,1876,5126,51596
57,56779,114,0.0,1877,5126,51653
37,56816,114,0.0,1878,5126,51690
11,56827,114,0.0,1879,5126,51701
21,56848,115,1.0,1880,5126,51722
49,56897,115,0.0,1881,5126,51771
82,56979,115,0.0,1882,5126,51853
27,57006,116,1.0,1883,5126,51880
11,57017,116,0.0,1884,5126,51891
8,57025,116,0.0,1885,5126,51899
14,57039,116,0.0,1886,5126,51913
56,57095,116,0.0,1887,5126,51969
27,57122,116,0.0,1888,5126,51996
13,57135,116,0.0,1889,5126,52009
63,57198,116,0.0,1890,5126,52072
18,57216,116,0.0,1891,5126,52090
8,57224,116,0.0,1892,5126,52098
49,57273,116,0.0,1893,5126,52147
8,57281,116,0.0,1894,5126,52155
15,57296,116,0.0,1895,5126,52170
17,57313,116,0.0,1896,5126,52187
23,57336,117,1.0,1897,5126,52210
42,57378,117,0.0,1898,5126,52252
14,57392,117,0.0,1899,5126,52266
18,57410,118,1.0,1900,5126,52284
50,57460,118,0.0,1901,5126,52334
29,57489,118,0.0,1902,5126,52363
20,57509,118,0.0,1903,5126,52383
57,57566,118,0.0,1904,5126,52440
5,57571,118,0.0,1905,5126,52445
13,57584,118,0.0,1906,5126,52458
88,57672,118,0.0,1907,5126,52546
38,57710,119,1.0,1908,5126,52584
26,57736,120,1.0,1909,5126,52610
60,57796,121,1.0,1910,5126,52670
73,57869,121,0.0,1911,5126,52743
48,57917,121,0.0,1912,5126,52791
51,57968,121,0.0,1913,5126,52842
13,57981,121,0.0,1914,5126,52855
37,58018,121,0.0,1915,5126,52892
85,58103,121,0.0,1916,5126,52977
31,58134,121,0.0,1917,5126,53008
21,58155,121,0.0,1918,5126,53029
13,58168,121,0.0,1919,5126,53042
7,58175,121,0.0,1920,5126,53049
39,58214,121,0.0,1921,5126,53088
36,58250,121,0.0,1922,5126,53124
28,58278,121,0.0,1923,5126,53152
23,58301,121,0.0,1924,5126,53175
27,58328,121,0.0,1925,5126,53202
13,58341,121,0.0,1926,5126,53215
30,58371,121,0.0,1927,5126,53245
39,58410,121,0.0,1928,5126,53284
12,58422,121,0.0,1929,5126,53296
40,58462,121,0.0,1930,5126,53336
44,58506,121,0.0,1931,5126,53380
19,58525,121,0.0,1932,5126,53399
49,58574,121,0.0,1933,5126,53448
19,58593,121,0.0,1934,5126,53467
30,58623,122,1.0,1935,5126,53497
52,58675,122,0.0,1936,5126,53549
28,58703,122,0.0,1937,5126,53577
17,58720,122,0.0,1938,5126,53594
33,58753,123,1.0,1939,5126,53627
9,58762,123,0.0,1940,5126,53636
31,58793,123,0.0,1941,5126,53667
26,58819,123,0.0,1942,5126,53693
29,58848,123,0.0,1943,5126,53722
41,58889,123,0.0,1944,5126,53763
26,58915,123,0.0,1945,5126,53789
5,58920,123,0.0,1946,5126,53794
66,58986,123,0.0,1947,5126,53860
14,59000,123,0.0,1948,5126,53874
25,59025,123,0.0,1949,5126,53899
18,59043,123,0.0,1950,5126,53917
28,59071,123,0.0,1951,5126,53945
34,59105,124,1.0,1952,5126,53979
49,59154,124,0.0,1953,5126,54028
13,59167,124,0.0,1954,5126,54041
6,59173,124,0.0,1955,5126,54047
9,59182,124,0.0,1956,5126,54056
35,59217,124,0.0,1957,5126,54091
28,59245,125,1.0,1958,5126,54119
32,59277,125,0.0,1959,5126,54151
100,59377,125,0.0,1960,5126,54251
27,59404,125,0.0,1961,5126,54278
26,59430,126,1.0,1962,5126,54304
36,59466,126,0.0,1963,5126,54340
5,59471,126,0.0,1964,5126,54345
5,59476,126,0.0,1965,5126,54350
23,59499,126,0.0,1966,5126,54373
9,59508,126,0.0,1967,5126,54382
86,59594,126,0.0,1968,5126,54468
21,59615,126,0.0,1969,5126,54489
12,59627,126,0.0,1970,5126,54501
9,59636,126,0.0,1971,5126,54510
26,59662,126,0.0,1972,5126,54536
100,59762,126,0.0,1973,5126,54636
25,59787,126,0.0,1974,5126,54661
8,59795,126,0.0,1975,5126,54669
37,59832,127,1.0,1976,5126,54706
17,59849,127,0.0,1977,5126,54723
28,59877,127,0.0,1978,5126,54751
21,59898,128,1.0,1979,5126,54772
23,59921,128,0.0,1980,5126,54795
11,59932,128,0.0,1981,5126,54806
26,59958,128,0.0,1982,5126,54832
18,59976,128,0.0,1983,5126,54850
13,59989,128,0.0,1984,5126,54863
18,60007,128,0.0,1985,5126,54881
52,60059,129,1.0,1986,5126,54933
23,60082,129,0.0,1987,5126,54956
13,60095,129,0.0,1988,5126,54969
41,60136,130,1.0,1989,5126,55010
49,60185,130,0.0,1990,5126,55059
53,60238,130,0.0,1991,5126,55112
11,60249,130,0.0,1992,5126,55123
25,60274,130,0.0,1993,5126,55148
24,60298,130,0.0,1994,5126,55172
32,60330,130,0.0,1995,5126,55204
24,60354,130,0.0,1996,5126,55228
47,60401,130,0.0,1997,5126,55275
9,60410,130,0.0,1998,5126,55284
40,60450,131,1.0,1999,5126,55324
17,60467,131,0.0,2000,5126,55341
17,60484,131,0.0,2001,5126,55358
12,60496,131,0.0,2002,5126,55370
7,60503,131,0.0,2003,5126,55377
9,60512,131,0.0,2004,5126,55386
17,60529,131,0.0,2005,5126,55403
29,60558,131,0.0,2006,5126,55432
26,60584,131,0.0,2007,5126,55458
25,60609,131,0.0,2008,5126,55483
34,60643,131,0.0,2009,5126,55517
55,60698,131,0.0,2010,5126,55572
30,60728,131,0.0,2011,5126,55602
16,60744,131,0.0,2012,5126,55618
18,60762,131,0.0,2013,5126,55636
29,60791,131,0.0,2014,5126,55665
7,60798,131,0.0,2015,5126,55672
19,60817,131,0.0,2016,5126,55691
22,60839,131,0.0,2017,5126,55713
13,60852,131,0.0,2018,5126,55726
25,60877,131,0.0,2019,5126,55751
24,60901,131,0.0,2020,5126,55775
12,60913,131,0.0,2021,5126,55787
44,60957,131,0.0,2022,5126,55831
8,60965,131,0.0,2023,5126,55839
28,60993,131,0.0,2024,5126,55867
33,61026,131,0.0,2025,5126,55900
68,61094,131,0.0,2026,5126,55968
48,61142,131,0.0,2027,5126,56016
19,61161,131,0.0,2028,5126,56035
73,61234,131,0.0,2029,5126,56108
34,61268,131,0.0,2030,5126,56142
21,61289,131,0.0,2031,5126,56163
16,61305,131,0.0,2032,5126,56179
19,61324,131,0.0,2033,5126,56198
35,61359,131,0.0,2034,5126,56233
35,61394,131,0.0,2035,5126,56268
19,61413,131,0.0,2036,5126,56287
42,61455,132,1.0,2037,5126,56329
24,61479,133,1.0,2038,5126,56353
55,61534,133,0.0,2039,5126,56408
60,61594,133,0.0,2040,5126,56468
43,61637,133,0.0,2041,5126,56511
18,61655,133,0.0,2042,5126,56529
34,61689,133,0.0,2043,5126,56563
11,61700,133,0.0,2044,5126,56574
14,61714,133,0.0,2045,5126,56588
51,61765,133,0.0,2046,5126,56639
17,61782,133,0.0,2047,5126,56656
11,61793,133,0.0,2048,5126,56667
10,61803,133,0.0,2049,5126,56677
11,61814,133,0.0,2050,5126,56688
16,61830,133,0.0,2051,5126,56704
41,61871,133,0.0,2052,5126,56745
10,61881,133,0.0,2053,5126,56755
98,61979,134,1.0,2054,5126,56853
46,62025,134,0.0,2055,5126,56899
10,62035,134,0.0,2056,5126,56909
87,62122,134,0.0,2057,5126,56996
9,62131,134,0.0,2058,5126,57005
50,62181,134,0.0,2059,5126,57055
6,62187,134,0.0,2060,5126,57061
22,62209,134,0.0,2061,5126,57083
49,62258,134,0.0,2062,5126,57132
14,62272,134,0.0,2063,5126,57146
13,62285,134,0.0,2064,5126,57159
24,62309,134,0.0,2065,5126,57183
15,62324,134,0.0,2066,5126,57198
41,62365,134,0.0,2067,5126,57239
10,62375,134,0.0,2068,5126,57249
45,62420,134,0.0,2069,5126,57294
13,62433,134,0.0,2070,5126,57307
7,62440,134,0.0,2071,5126,57314
13,62453,134,0.0,2072,5126,57327
18,62471,134,0.0,2073,5126,57345
22,62493,134,0.0,2074,5126,57367
19,62512,134,0.0,2075,5126,57386
22,62534,134,0.0,2076,5126,57408
30,62564,134,0.0,2077,5126,57438
17,62581,134,0.0,2078,5126,57455
16,62597,134,0.0,2079,5126,57471
29,62626,134,0.0,2080,5126,57500
43,62669,134,0.0,2081,5126,57543
13,62682,134,0.0,2082,5126,57556
16,62698,134,0.0,2083,5126,57572
10,62708,134,0.0,2084,5126,57582
24,62732,134,0.0,2085,5126,57606
21,62753,134,0.0,2086,5126,57627
17,62770,134,0.0,2087,5126,57644
19,62789,134,0.0,2088,5126,57663
29,62818,134,0.0,2089,5126,57692
15,62833,134,0.0,2090,5126,57707
26,62859,134,0.0,2091,5126,57733
76,62935,135,1.0,2092,5126,57809
22,62957,135,0.0,2093,5126,57831
96,63053,135,0.0,2094,5126,57927
49,63102,135,0.0,2095,5126,57976
21,63123,135,0.0,2096,5126,57997
39,63162,136,1.0,2097,5126,58036
12,63174,136,0.0,2098,5126,58048
23,63197,136,0.0,2099,5126,58071
43,63240,136,0.0,2100,5126,58114
9,63249,136,0.0,2101,5126,58123
17,63266,136,0.0,2102,5126,58140
13,63279,136,0.0,2103,5126,58153
14,63293,136,0.0,2104,5126,58167
26,63319,136,0.0,2105,5126,58193
10,63329,136,0.0,2106,5126,58203
60,63389,136,0.0,2107,5126,58263
22,63411,136,0.0,2108,5126,58285
18,63429,136,0.0,2109,5126,58303
17,63446,136,0.0,2110,5126,58320
9,63455,136,0.0,2111,5126,58329
54,63509,136,0.0,2112,5126,58383
60,63569,136,0.0,2113,5126,58443
25,63594,136,0.0,2114,5126,58468
28,63622,136,0.0,2115,5126,58496
30,63652,136,0.0,2116,5126,58526
36,63688,136,0.0,2117,5126,58562
54,63742,136,0.0,2118,5126,58616
38,63780,136,0.0,2119,5126,58654
45,63825,136,0.0,2120,5126,58699
18,63843,136,0.0,2121,5126,58717
100,63943,136,0.0,2122,5126,58817
63,64006,136,0.0,2123,5126,58880
9,64015,136,0.0,2124,5126,58889
36,64051,136,0.0,2125,5126,58925
25,64076,137,1.0,2126,5126,58950
30,64106,137,0.0,2127,5126,58980
41,64147,138,1.0,2128,5126,59021
25,64172,139,1.0,2129,5126,59046
12,64184,139,0.0,2130,5126,59058
91,64275,139,0.0,2131,5126,59149
47,64322,140,1.0,2132,5126,59196
23,64345,140,0.0,2133,5126,59219
9,64354,140,0.0,2134,5126,59228
7,64361,140,0.0,2135,5126,59235
21,64382,140,0.0,2136,5126,59256
11,64393,140,0.0,2137,5126,59267
18,64411,140,0.0,2138,5126,59285
11,64422,140,0.0,2139,5126,59296
29,64451,140,0.0,2140,5126,59325
33,64484,140,0.0,2141,5126,59358
36,64520,140,0.0,2142,5126,59394
42,64562,140,0.0,2143,5126,59436
19,64581,140,0.0,2144,5126,59455
19,64600,140,0.0,2145,5126,59474
16,64616,140,0.0,2146,5126,59490
36,64652,140,0.0,2147,5126,59526
43,64695,140,0.0,2148,5126,59569
43,64738,140,0.0,2149,5126,59612
21,64759,141,1.0,2150,5126,59633
71,64830,142,1.0,2151,5126,59704
49,64879,143,1.0,2152,5126,59753
7,64886,143,0.0,2153,5126,59760
24,64910,143,0.0,2154,5126,59784
31,64941,143,0.0,2155,5126,59815
87,65028,143,0.0,2156,5126,59902
21,65049,143,0.0,2157,5126,59923
69,65118,143,0.0,2158,5126,59992
22,65140,143,0.0,2159,5126,60014
21,65161,144,1.0,2160,5126,60035
36,65197,145,1.0,2161,5126,60071
42,65239,145,0.0,2162,5126,60113
17,65256,145,0.0,2163,5126,60130
25,65281,145,0.0,2164,5126,60155
26,65307,146,1.0,2165,5126,60181
89,65396,146,0.0,2166,5126,60270
22,65418,146,0.0,2167,5126,60292
24,65442,146,0.0,2168,5126,60316
14,65456,146,0.0,2169,5126,60330
33,65489,146,0.0,2170,5126,60363
11,65500,146,0.0,2171,5126,60374
33,65533,147,1.0,2172,5126,60407
40,65573,147,0.0,2173,5126,60447
9,65582,147,0.0,2174,5126,60456
14,65596,147,0.0,2175,5126,60470
56,65652,147,0.0,2176,5126,60526
28,65680,148,1.0,2177,5126,60554
59,65739,148,0.0,2178,5126,60613
46,65785,149,1.0,2179,5126,60659
24,65809,149,0.0,2180,5126,60683
16,65825,149,0.0,2181,5126,60699
50,65875,149,0.0,2182,5126,60749
7,65882,149,0.0,2183,5126,60756
41,65923,149,0.0,2184,5126,60797
29,65952,150,1.0,2185,5126,60826
27,65979,150,0.0,2186,5126,60853
9,65988,150,0.0,2187,5126,60862
20,66008,150,0.0,2188,5126,60882
11,66019,150,0.0,2189,5126,60893
32,66051,150,0.0,2190,5126,60925
18,66069,150,0.0,2191,5126,60943
23,66092,150,0.0,2192,5126,60966
67,66159,150,0.0,2193,5126,61033
49,66208,150,0.0,2194,5126,61082
22,66230,150,0.0,2195,5126,61104
20,66250,150,0.0,2196,5126,61124
21,66271,150,0.0,2197,5126,61145
35,66306,151,1.0,2198,5126,61180
24,66330,151,0.0,2199,5126,61204
13,66343,151,0.0,2200,5126,61217
47,66390,151,0.0,2201,5126,61264
13,66403,151,0.0,2202,5126,61277
9,66412,151,0.0,2203,5126,61286
64,66476,152,1.0,2204,5126,61350
72,66548,152,0.0,2205,5126,61422
81,66629,152,0.0,2206,5126,61503
39,66668,152,0.0,2207,5126,61542
88,66756,152,0.0,2208,5126,61630
18,66774,152,0.0,2209,5126,61648
20,66794,152,0.0,2210,5126,61668
26,66820,152,0.0,2211,5126,61694
10,66830,152,0.0,2212,5126,61704
56,66886,153,1.0,2213,5126,61760
52,66938,154,1.0,2214,5126,61812
37,66975,154,0.0,2215,5126,61849
41,67016,155,1.0,2216,5126,61890
10,67026,155,0.0,2217,5126,61900
22,67048,155,0.0,2218,5126,61922
9,67057,155,0.0,2219,5126,61931
33,67090,155,0.0,2220,5126,61964
58,67148,156,1.0,2221,5126,62022
72,67220,156,0.0,2222,5126,62094
20,67240,156,0.0,2223,5126,62114
13,67253,156,0.0,2224,5126,62127
11,67264,156,0.0,2225,5126,62138
37,67301,157,1.0,2226,5126,62175
27,67328,157,0.0,2227,5126,62202
8,67336,157,0.0,2228,5126,62210
26,67362,157,0.0,2229,5126,62236
38,67400,157,0.0,2230,5126,62274
28,67428,157,0.0,2231,5126,62302
30,67458,157,0.0,2232,5126,62332
19,67477,157,0.0,2233,5126,62351
8,67485,157,0.0,2234,5126,62359
17,67502,157,0.0,2235,5126,62376
30,67532,157,0.0,2236,5126,62406
70,67602,157,0.0,2237,5126,62476
13,67615,157,0.0,2238,5126,62489
7,67622,157,0.0,2239,5126,62496
29,67651,157,0.0,2240,5126,62525
32,67683,157,0.0,2241,5126,62557
24,67707,157,0.0,2242,5126,62581
73,67780,158,1.0,2243,5126,62654
55,67835,159,1.0,2244,5126,62709
54,67889,159,0.0,2245,5126,62763
14,67903,159,0.0,2246,5126,62777
33,67936,159,0.0,2247,5126,62810
20,67956,159,0.0,2248,5126,62830
25,67981,159,0.0,2249,5126,62855
22,68003,159,0.0,2250,5126,62877
29,68032,159,0.0,2251,5126,62906
42,68074,159,0.0,2252,5126,62948
13,68087,159,0.0,2253,5126,62961
58,68145,159,0.0,2254,5126,63019
11,68156,159,0.0,2255,5126,63030
78,68234,159,0.0,2256,5126,63108
19,68253,159,0.0,2257,5126,63127
9,68262,159,0.0,2258,5126,63136
44,68306,159,0.0,2259,5126,63180
27,68333,159,0.0,2260,5126,63207
17,68350,159,0.0,2261,5126,63224
22,68372,159,0.0,2262,5126,63246
16,68388,159,0.0,2263,5126,63262
18,68406,159,0.0,2264,5126,63280
27,68433,159,0.0,2265,5126,63307
14,68447,159,0.0,2266,5126,63321
27,68474,159,0.0,2267,5126,63348
9,68483,159,0.0,2268,5126,63357
84,68567,159,0.0,2269,5126,63441
15,68582,159,0.0,2270,5126,63456
37,68619,159,0.0,2271,5126,63493
29,68648,160,1.0,2272,5126,63522
17,68665,160,0.0,2273,5126,63539
28,68693,160,0.0,2274,5126,63567
7,68700,160,0.0,2275,5126,63574
83,68783,160,0.0,2276,5126,63657
22,68805,160,0.0,2277,5126,63679
50,68855,160,0.0,2278,5126,63729
63,68918,160,0.0,2279,5126,63792
28,68946,160,0.0,2280,5126,63820
42,68988,160,0.0,2281,5126,63862
35,69023,160,0.0,2282,5126,63897
55,69078,160,0.0,2283,5126,63952
19,69097,160,0.0,2284,5126,63971
6,69103,160,0.0,2285,5126,63977
26,69129,160,0.0,2286,5126,64003
57,69186,161,1.0,2287,5126,64060
12,69198,161,0.0,2288,5126,64072
66,69264,161,0.0,2289,5126,64138
78,69342,161,0.0,2290,5126,64216
11,69353,161,0.0,2291,5126,64227
31,69384,161,0.0,2292,5126,64258
57,69441,161,0.0,2293,5126,64315
32,69473,162,1.0,2294,5126,64347
62,69535,162,0.0,2295,5126,64409
77,69612,162,0.0,2296,5126,64486
30,69642,163,1.0,2297,5126,64516
19,69661,163,0.0,2298,5126,64535
32,69693,163,0.0,2299,5126,64567
21,69714,163,0.0,2300,5126,64588
52,69766,163,0.0,2301,5126,64640
32,69798,163,0.0,2302,5126,64672
7,69805,163,0.0,2303,5126,64679
32,69837,163,0.0,2304,5126,64711
12,69849,163,0.0,2305,5126,64723
52,69901,163,0.0,2306,5126,64775
49,69950,163,0.0,2307,5126,64824
9,69959,163,0.0,2308,5126,64833
18,69977,164,1.0,2309,5126,64851
42,70019,164,0.0,2310,5126,64893
19,70038,164,0.0,2311,5126,64912
10,70048,164,0.0,2312,5126,64922
25,70073,164,0.0,2313,5126,64947
13,70086,164,0.0,2314,5126,64960
53,70139,164,0.0,2315,5126,65013
23,70162,164,0.0,2316,5126,65036
35,70197,164,0.0,2317,5126,65071
41,70238,164,0.0,2318,5126,65112
49,70287,164,0.0,2319,5126,65161
27,70314,164,0.0,2320,5126,65188
25,70339,164,0.0,2321,5126,65213
17,70356,164,0.0,2322,5126,65230
61,70417,164,0.0,2323,5126,65291
11,70428,164,0.0,2324,5126,65302
53,70481,164,0.0,2325,5126,65355
26,70507,165,1.0,2326,5126,65381
10,70517,165,0.0,2327,5126,65391
26,70543,165,0.0,2328,5126,65417
27,70570,165,0.0,2329,5126,65444
100,70670,165,0.0,2330,5126,65544
100,70770,165,0.0,2331,5126,65644
47,70817,165,0.0,2332,5126,65691
18,70835,165,0.0,2333,5126,65709
8,70843,165,0.0,2334,5126,65717
14,70857,165,0.0,2335,5126,65731
23,70880,165,0.0,2336,5126,65754
33,70913,166,1.0,2337,5126,65787
100,71013,166,0.0,2338,5126,65887
10,71023,166,0.0,2339,5126,65897
37,71060,166,0.0,2340,5126,65934
5,71065,166,0.0,2341,5126,65939
28,71093,166,0.0,2342,5126,65967
54,71147,167,1.0,2343,5126,66021
54,71201,167,0.0,2344,5126,66075
7,71208,167,0.0,2345,5126,66082
26,71234,168,1.0,2346,5126,66108
24,71258,168,0.0,2347,5126,66132
77,71335,168,0.0,2348,5126,66209
5,71340,168,0.0,2349,5126,66214
11,71351,168,0.0,2350,5126,66225
34,71385,168,0.0,2351,5126,66259
19,71404,168,0.0,2352,5126,66278
54,71458,169,1.0,2353,5126,66332
40,71498,169,0.0,2354,5126,66372
10,71508,169,0.0,2355,5126,66382
19,71527,169,0.0,2356,5126,66401
9,71536,169,0.0,2357,5126,66410
12,71548,169,0.0,2358,5126,66422
26,71574,169,0.0,2359,5126,66448
26,71600,169,0.0,2360,5126,66474
21,71621,169,0.0,2361,5126,66495
15,71636,169,0.0,2362,5126,66510
22,71658,169,0.0,2363,5126,66532
31,71689,169,0.0,2364,5126,66563
42,71731,170,1.0,2365,5126,66605
16,71747,170,0.0,2366,5126,66621
29,71776,170,0.0,2367,5126,66650
9,71785,170,0.0,2368,5126,66659
28,71813,170,0.0,2369,5126,66687
80,71893,170,0.0,2370,5126,66767
62,71955,170,0.0,2371,5126,66829
14,71969,170,0.0,2372,5126,66843
11,71980,170,0.0,2373,5126,66854
21,72001,170,0.0,2374,5126,66875
11,72012,170,0.0,2375,5126,66886
28,72040,170,0.0,2376,5126,66914
30,72070,170,0.0,2377,5126,66944
10,72080,170,0.0,2378,5126,66954
47,72127,171,1.0,2379,5126,67001
39,72166,171,0.0,2380,5126,67040
26,72192,171,0.0,2381,5126,67066
19,72211,171,0.0,2382,5126,67085
54,72265,171,0.0,2383,5126,67139
56,72321,171,0.0,2384,5126,67195
20,72341,171,0.0,2385,5126,67215
64,72405,171,0.0,2386,5126,67279
13,72418,171,0.0,2387,5126,67292
34,72452,171,0.0,2388,5126,67326
33,72485,172,1.0,2389,5126,67359
9,72494,172,0.0,2390,5126,67368
20,72514,172,0.0,2391,5126,67388
24,72538,173,1.0,2392,5126,67412
11,72549,173,0.0,2393,5126,67423
48,72597,173,0.0,2394,5126,67471
18,72615,173,0.0,2395,5126,67489
14,72629,173,0.0,2396,5126,67503
15,72644,173,0.0,2397,5126,67518
28,72672,173,0.0,2398,5126,67546
45,72717,173,0.0,2399,5126,67591
34,72751,173,0.0,2400,5126,67625
31,72782,173,0.0,2401,5126,67656
19,72801,173,0.0,2402,5126,67675
32,72833,173,0.0,2403,5126,67707
23,72856,173,0.0,2404,5126,67730
100,72956,173,0.0,2405,5126,67830
16,72972,173,0.0,2406,5126,67846
33,73005,173,0.0,2407,5126,67879
10,73015,173,0.0,2408,5126,67889
16,73031,173,0.0,2409,5126,67905
39,73070,173,0.0,2410,5126,67944
12,73082,173,0.0,2411,5126,67956
49,73131,173,0.0,2412,5126,68005
22,73153,173,0.0,2413,5126,68027
26,73179,173,0.0,2414,5126,68053
41,73220,173,0.0,2415,5126,68094
36,73256,173,0.0,2416,5126,68130
23,73279,173,0.0,2417,5126,68153
20,73299,173,0.0,2418,5126,68173
26,73325,173,0.0,2419,5126,68199
17,73342,173,0.0,2420,5126,68216
13,73355,173,0.0,2421,5126,68229
36,73391,173,0.0,2422,5126,68265
12,73403,173,0.0,2423,5126,68277
26,73429,173,0.0,2424,5126,68303
8,73437,173,0.0,2425,5126,68311
28,73465,174,1.0,2426,5126,68339
22,73487,174,0.0,2427,5126,68361
69,73556,174,0.0,2428,5126,68430
19,73575,174,0.0,2429,5126,68449
22,73597,175,1.0,2430,5126,68471
77,73674,175,0.0,2431,5126,68548
40,73714,175,0.0,2432,5126,68588
11,73725,175,0.0,2433,5126,68599
8,73733,175,0.0,2434,5126,68607
14,73747,175,0.0,2435,5126,68621
41,73788,175,0.0,2436,5126,68662
17,73805,175,0.0,2437,5126,68679
28,73833,175,0.0,2438,5126,68707
31,73864,175,0.0,2439,5126,68738
31,73895,175,0.0,2440,5126,68769
14,73909,175,0.0,2441,5126,68783
15,73924,175,0.0,2442,5126,68798
43,73967,175,0.0,2443,5126,68841
14,73981,175,0.0,2444,5126,68855
19,74000,175,0.0,2445,5126,68874
16,74016,175,0.0,2446,5126,68890
42,74058,175,0.0,2447,5126,68932
16,74074,175,0.0,2448,5126,68948
31,74105,175,0.0,2449,5126,68979
38,74143,175,0.0,2450,5126,69017
46,74189,175,0.0,2451,5126,69063
41,74230,175,0.0,2452,5126,69104
8,74238,175,0.0,2453,5126,69112
31,74269,176,1.0,2454,5126,69143
24,74293,176,0.0,2455,5126,69167
9,74302,176,0.0,2456,5126,69176
21,74323,176,0.0,2457,5126,69197
10,74333,176,0.0,2458,5126,69207
11,74344,176,0.0,2459,5126,69218
35,74379,176,0.0,2460,5126,69253
23,74402,176,0.0,2461,5126,69276
56,74458,176,0.0,2462,5126,69332
14,74472,176,0.0,2463,5126,69346
7,74479,176,0.0,2464,5126,69353
13,74492,176,0.0,2465,5126,69366
29,74521,176,0.0,2466,5126,69395
71,74592,176,0.0,2467,5126,69466
100,74692,176,0.0,2468,5126,69566
33,74725,176,0.0,2469,5126,69599
21,74746,176,0.0,2470,5126,69620
35,74781,176,0.0,2471,5126,69655
43,74824,176,0.0,2472,5126,69698
8,74832,176,0.0,2473,5126,69706
11,74843,176,0.0,2474,5126,69717
37,74880,176,0.0,2475,5126,69754
21,74901,176,0.0,2476,5126,69775
100,75001,176,0.0,2477,5126,69875
39,75040,177,1.0,2478,5126,69914
39,75079,177,0.0,2479,5126,69953
26,75105,177,0.0,2480,5126,69979
11,75116,177,0.0,2481,5126,69990
16,75132,177,0.0,2482,5126,70006
100,75232,177,0.0,2483,5126,70106
7,75239,177,0.0,2484,5126,70113
59,75298,177,0.0,2485,5126,70172
23,75321,177,0.0,2486,5126,70195
15,75336,177,0.0,2487,5126,70210
35,75371,177,0.0,2488,5126,70245
31,75402,177,0.0,2489,5126,70276
16,75418,177,0.0,2490,5126,70292
30,75448,177,0.0,2491,5126,70322
38,75486,177,0.0,2492,5126,70360
79,75565,177,0.0,2493,5126,70439
8,75573,177,0.0,2494,5126,70447
50,75623,177,0.0,2495,5126,70497
9,75632,177,0.0,2496,5126,70506
30,75662,177,0.0,2497,5126,70536
16,75678,177,0.0,2498,5126,70552
19,75697,177,0.0,2499,5126,70571
28,75725,177,0.0,2500,5126,70599
28,75753,178,1.0,2501,5126,70627
33,75786,178,0.0,2502,5126,70660
13,75799,178,0.0,2503,5126,70673
14,75813,178,0.0,2504,5126,70687
21,75834,178,0.0,2505,5126,70708
8,75842,178,0.0,2506,5126,70716
32,75874,178,0.0,2507,5126,70748
12,75886,178,0.0,2508,5126,70760
10,75896,178,0.0,2509,5126,70770
29,75925,178,0.0,2510,5126,70799
13,75938,178,0.0,2511,5126,70812
29,75967,178,0.0,2512,5126,70841
22,75989,178,0.0,2513,5126,70863
26,76015,178,0.0,2514,5126,70889
6,76021,178,0.0,2515,5126,70895
30,76051,178,0.0,2516,5126,70925
67,76118,178,0.0,2517,5126,70992
35,76153,178,0.0,2518,5126,71027
73,76226,178,0.0,2519,5126,71100
19,76245,178,0.0,2520,5126,71119
58,76303,179,1.0,2521,5126,71177
45,76348,179,0.0,2522,5126,71222
64,76412,179,0.0,2523,5126,71286
27,76439,179,0.0,2524,5126,71313
20,76459,180,1.0,2525,5126,71333
40,76499,180,0.0,2526,5126,71373
11,76510,180,0.0,2527,5126,71384
20,76530,180,0.0,2528,5126,71404
13,76543,180,0.0,2529,5126,71417
10,76553,180,0.0,2530,5126,71427
40,76593,181,1.0,2531,5126,71467
21,76614,181,0.0,2532,5126,71488
28,76642,181,0.0,2533,5126,71516
17,76659,181,0.0,2534,5126,71533
46,76705,181,0.0,2535,5126,71579
26,76731,181,0.0,2536,5126,71605
23,76754,181,0.0,2537,5126,71628
43,76797,181,0.0,2538,5126,71671
12,76809,181,0.0,2539,5126,71683
23,76832,181,0.0,2540,5126,71706
28,76860,181,0.0,2541,5126,71734
44,76904,181,0.0,2542,5126,71778
30,76934,182,1.0,2543,5126,71808
15,76949,182,0.0,2544,5126,71823
12,76961,182,0.0,2545,5126,71835
30,76991,183,1.0,2546,5126,71865
17,77008,183,0.0,2547,5126,71882
42,77050,183,0.0,2548,5126,71924
11,77061,183,0.0,2549,5126,71935
30,77091,183,0.0,2550,5126,71965
20,77111,184,1.0,2551,5126,71985
26,77137,184,0.0,2552,5126,72011
55,77192,184,0.0,2553,5126,72066
42,77234,184,0.0,2554,5126,72108
44,77278,184,0.0,2555,5126,72152
20,77298,184,0.0,2556,5126,72172
24,77322,185,1.0,2557,5126,72196
13,77335,185,0.0,2558,5126,72209
27,77362,185,0.0,2559,5126,72236
26,77388,185,0.0,2560,5126,72262
16,77404,185,0.0,2561,5126,72278
15,77419,185,0.0,2562,5126,72293
16,77435,185,0.0,2563,5126,72309
21,77456,185,0.0,2564,5126,72330
15,77471,185,0.0,2565,5126,72345
94,77565,186,1.0,2566,5126,72439
40,77605,186,0.0,2567,5126,72479
21,77626,186,0.0,2568,5126,72500
8,77634,186,0.0,2569,5126,72508
26,77660,186,0.0,2570,5126,72534
23,77683,186,0.0,2571,5126,72557
32,77715,186,0.0,2572,5126,72589
74,77789,186,0.0,2573,5126,72663
10,77799,186,0.0,2574,5126,72673
21,77820,186,0.0,2575,5126,72694
16,77836,186,0.0,2576,5126,72710
21,77857,186,0.0,2577,5126,72731
16,77873,186,0.0,2578,5126,72747
45,77918,186,0.0,2579,5126,72792
32,77950,186,0.0,2580,5126,72824
8,77958,186,0.0,2581,5126,72832
8,77966,186,0.0,2582,5126,72840
10,77976,186,0.0,2583,5126,72850
18,77994,186,0.0,2584,5126,72868
50,78044,186,0.0,2585,5126,72918
6,78050,186,0.0,2586,5126,72924
56,78106,186,0.0,2587,5126,72980
38,78144,186,0.0,2588,5126,73018
9,78153,186,0.0,2589,5126,73027
17,78170,186,0.0,2590,5126,73044
7,78177,186,0.0,2591,5126,73051
14,78191,186,0.0,2592,5126,73065
23,78214,186,0.0,2593,5126,73088
20,78234,186,0.0,2594,5126,73108
22,78256,187,1.0,2595,5126,73130
21,78277,187,0.0,2596,5126,73151
21,78298,187,0.0,2597,5126,73172
58,78356,187,0.0,2598,5126,73230
26,78382,187,0.0,2599,5126,73256
23,78405,187,0.0,2600,5126,73279
9,78414,187,0.0,2601,5126,73288
15,78429,187,0.0,2602,5126,73303
8,78437,187,0.0,2603,5126,73311
23,78460,187,0.0,2604,5126,73334
20,78480,187,0.0,2605,5126,73354
49,78529,187,0.0,2606,5126,73403
45,78574,187,0.0,2607,5126,73448
27,78601,187,0.0,2608,5126,73475
43,78644,187,0.0,2609,5126,73518
10,78654,187,0.0,2610,5126,73528
14,78668,187,0.0,2611,5126,73542
14,78682,187,0.0,2612,5126,73556
19,78701,187,0.0,2613,5126,73575
21,78722,187,0.0,2614,5126,73596
38,78760,187,0.0,2615,5126,73634
38,78798,187,0.0,2616,5126,73672
29,78827,188,1.0,2617,5126,73701
74,78901,189,1.0,2618,5126,73775
28,78929,189,0.0,2619,5126,73803
34,78963,190,1.0,2620,5126,73837
66,79029,190,0.0,2621,5126,73903
18,79047,190,0.0,2622,5126,73921
19,79066,190,0.0,2623,5126,73940
13,79079,190,0.0,2624,5126,73953
33,79112,190,0.0,2625,5126,73986
11,79123,190,0.0,2626,5126,73997
18,79141,190,0.0,2627,5126,74015
22,79163,191,1.0,2628,5126,74037
23,79186,191,0.0,2629,5126,74060
31,79217,191,0.0,2630,5126,74091
19,79236,191,0.0,2631,5126,74110
73,79309,191,0.0,2632,5126,74183
9,79318,191,0.0,2633,5126,74192
68,79386,191,0.0,2634,5126,74260
11,79397,191,0.0,2635,5126,74271
28,79425,191,0.0,2636,5126,74299
19,79444,191,0.0,2637,5126,74318
26,79470,191,0.0,2638,5126,74344
20,79490,191,0.0,2639,5126,74364
14,79504,191,0.0,2640,5126,74378
17,79521,191,0.0,2641,5126,74395
34,79555,191,0.0,2642,5126,74429
10,79565,191,0.0,2643,5126,74439
73,79638,191,0.0,2644,5126,74512
26,79664,191,0.0,2645,5126,74538
49,79713,192,1.0,2646,5126,74587
71,79784,192,0.0,2647,5126,74658
11,79795,192,0.0,2648,5126,74669
7,79802,192,0.0,2649,5126,74676
10,79812,192,0.0,2650,5126,74686
15,79827,192,0.0,2651,5126,74701
13,79840,192,0.0,2652,5126,74714
11,79851,192,0.0,2653,5126,74725
31,79882,192,0.0,2654,5126,74756
75,79957,192,0.0,2655,5126,74831
45,80002,192,0.0,2656,5126,74876
8,80010,192,0.0,2657,5126,74884
81,80091,193,1.0,2658,5126,74965
29,80120,193,0.0,2659,5126,74994
27,80147,193,0.0,2660,5126,75021
12,80159,193,0.0,2661,5126,75033
19,80178,193,0.0,2662,5126,75052
64,80242,193,0.0,2663,5126,75116
64,80306,193,0.0,2664,5126,75180
50,80356,194,1.0,2665,5126,75230
51,80407,194,0.0,2666,5126,75281
13,80420,194,0.0,2667,5126,75294
51,80471,194,0.0,2668,5126,75345
26,80497,194,0.0,2669,5126,75371
24,80521,194,0.0,2670,5126,75395
21,80542,194,0.0,2671,5126,75416
15,80557,194,0.0,2672,5126,75431
61,80618,194,0.0,2673,5126,75492
43,80661,194,0.0,2674,5126,75535
33,80694,195,1.0,2675,5126,75568
18,80712,195,0.0,2676,5126,75586
30,80742,196,1.0,2677,5126,75616
7,80749,196,0.0,2678,5126,75623
25,80774,197,1.0,2679,5126,75648
28,80802,198,1.0,2680,5126,75676
14,80816,198,0.0,2681,5126,75690
11,80827,198,0.0,2682,5126,75701
44,80871,199,1.0,2683,5126,75745
32,80903,200,1.0,2684,5126,75777
17,80920,200,0.0,2685,5126,75794
31,80951,201,1.0,2686,5126,75825
13,80964,201,0.0,2687,5126,75838
58,81022,201,0.0,2688,5126,75896
14,81036,201,0.0,2689,5126,75910
19,81055,201,0.0,2690,5126,75929
17,81072,201,0.0,2691,5126,75946
51,81123,202,1.0,2692,5126,75997
13,81136,202,0.0,2693,5126,76010
13,81149,202,0.0,2694,5126,76023
32,81181,202,0.0,2695,5126,76055
40,81221,202,0.0,2696,5126,76095
63,81284,202,0.0,2697,5126,76158
15,81299,202,0.0,2698,5126,76173
25,81324,202,0.0,2699,5126,76198
23,81347,202,0.0,2700,5126,76221
34,81381,202,0.0,2701,5126,76255
17,81398,202,0.0,2702,5126,76272
14,81412,202,0.0,2703,5126,76286
41,81453,203,1.0,2704,5126,76327
33,81486,203,0.0,2705,5126,76360
19,81505,203,0.0,2706,5126,76379
10,81515,203,0.0,2707,5126,76389
19,81534,203,0.0,2708,5126,76408
18,81552,203,0.0,2709,5126,76426
12,81564,203,0.0,2710,5126,76438
17,81581,203,0.0,2711,5126,76455
6,81587,203,0.0,2712,5126,76461
27,81614,203,0.0,2713,5126,76488
20,81634,203,0.0,2714,5126,76508
12,81646,203,0.0,2715,5126,76520
7,81653,203,0.0,2716,5126,76527
23,81676,203,0.0,2717,5126,76550
32,81708,203,0.0,2718,5126,76582
57,81765,203,0.0,2719,5126,76639
20,81785,203,0.0,2720,5126,76659
31,81816,204,1.0,2721,5126,76690
9,81825,204,0.0,2722,5126,76699
5,81830,204,0.0,2723,5126,76704
9,81839,204,0.0,2724,5126,76713
28,81867,204,0.0,2725,5126,76741
19,81886,204,0.0,2726,5126,76760
14,81900,204,0.0,2727,5126,76774
19,81919,204,0.0,2728,5126,76793
9,81928,204,0.0,2729,5126,76802
50,81978,204,0.0,2730,5126,76852
17,81995,204,0.0,2731,5126,76869
41,82036,205,1.0,2732,5126,76910
10,82046,205,0.0,2733,5126,76920
8,82054,205,0.0,2734,5126,76928
6,82060,205,0.0,2735,5126,76934
29,82089,205,0.0,2736,5126,76963
26,82115,205,0.0,2737,5126,76989
12,82127,205,0.0,2738,5126,77001
51,82178,205,0.0,2739,5126,77052
48,82226,205,0.0,2740,5126,77100
20,82246,205,0.0,2741,5126,77120
26,82272,205,0.0,2742,5126,77146
14,82286,205,0.0,2743,5126,77160
11,82297,205,0.0,2744,5126,77171
38,82335,205,0.0,2745,5126,77209
30,82365,205,0.0,2746,5126,77239
79,82444,205,0.0,2747,5126,77318
11,82455,205,0.0,2748,5126,77329
10,82465,205,0.0,2749,5126,77339
10,82475,205,0.0,2750,5126,77349
7,82482,205,0.0,2751,5126,77356
18,82500,205,0.0,2752,5126,77374
14,82514,205,0.0,2753,5126,77388
19,82533,205,0.0,2754,5126,77407
58,82591,205,0.0,2755,5126,77465
16,82607,205,0.0,2756,5126,77481
33,82640,205,0.0,2757,5126,77514
25,82665,205,0.0,2758,5126,77539
84,82749,205,0.0,2759,5126,77623
7,82756,205,0.0,2760,5126,77630
11,82767,205,0.0,2761,5126,77641
53,82820,205,0.0,2762,5126,77694
18,82838,205,0.0,2763,5126,77712
23,82861,205,0.0,2764,5126,77735
53,82914,205,0.0,2765,5126,77788
41,82955,206,1.0,2766,5126,77829
40,82995,206,0.0,2767,5126,77869
14,83009,206,0.0,2768,5126,77883
13,83022,206,0.0,2769,5126,77896
49,83071,206,0.0,2770,5126,77945
32,83103,206,0.0,2771,5126,77977
42,83145,206,0.0,2772,5126,78019
16,83161,206,0.0,2773,5126,78035
40,83201,207,1.0,2774,5126,78075
22,83223,207,0.0,2775,5126,78097
100,83323,207,0.0,2776,5126,78197
7,83330,207,0.0,2777,5126,78204
33,83363,207,0.0,2778,5126,78237
9,83372,207,0.0,2779,5126,78246
13,83385,207,0.0,2780,5126,78259
43,83428,207,0.0,2781,5126,78302
58,83486,207,0.0,2782,5126,78360
20,83506,207,0.0,2783,5126,78380
9,83515,207,0.0,2784,5126,78389
52,83567,207,0.0,2785,5126,78441
11,83578,207,0.0,2786,5126,78452
45,83623,207,0.0,2787,5126,78497
64,83687,207,0.0,2788,5126,78561
9,83696,207,0.0,2789,5126,78570
22,83718,208,1.0,2790,5126,78592
34,83752,208,0.0,2791,5126,78626
12,83764,208,0.0,2792,5126,78638
50,83814,209,1.0,2793,5126,78688
12,83826,209,0.0,2794,5126,78700
25,83851,210,1.0,2795,5126,78725
15,83866,210,0.0,2796,5126,78740
23,83889,210,0.0,2797,5126,78763
45,83934,210,0.0,2798,5126,78808
15,83949,210,0.0,2799,5126,78823
25,83974,210,0.0,2800,5126,78848
30,84004,210,0.0,2801,5126,78878
17,84021,210,0.0,2802,5126,78895
14,84035,210,0.0,2803,5126,78909
35,84070,211,1.0,2804,5126,78944
12,84082,211,0.0,2805,5126,78956
43,84125,211,0.0,2806,5126,78999
30,84155,211,0.0,2807,5126,79029
32,84187,211,0.0,2808,5126,79061
21,84208,212,1.0,2809,5126,79082
18,84226,212,0.0,2810,5126,79100
23,84249,212,0.0,2811,5126,79123
22,84271,212,0.0,2812,5126,79145
24,84295,212,0.0,2813,5126,79169
32,84327,212,0.0,2814,5126,79201
20,84347,212,0.0,2815,5126,79221
9,84356,212,0.0,2816,5126,79230
97,84453,213,1.0,2817,5126,79327
64,84517,213,0.0,2818,5126,79391
35,84552,213,0.0,2819,5126,79426
29,84581,213,0.0,2820,5126,79455
24,84605,213,0.0,2821,5126,79479
18,84623,213,0.0,2822,5126,79497
54,84677,213,0.0,2823,5126,79551
97,84774,213,0.0,2824,5126,79648
9,84783,213,0.0,2825,5126,79657
11,84794,213,0.0,2826,5126,79668
21,84815,213,0.0,2827,5126,79689
18,84833,214,1.0,2828,5126,79707
12,84845,214,0.0,2829,5126,79719
29,84874,214,0.0,2830,5126,79748
8,84882,214,0.0,2831,5126,79756
21,84903,214,0.0,2832,5126,79777
22,84925,214,0.0,2833,5126,79799
16,84941,214,0.0,2834,5126,79815
15,84956,214,0.0,2835,5126,79830
23,84979,214,0.0,2836,5126,79853
21,85000,214,0.0,2837,5126,79874
25,85025,214,0.0,2838,5126,79899
29,85054,214,0.0,2839,5126,79928
15,85069,214,0.0,2840,5126,79943
29,85098,214,0.0,2841,5126,79972
18,85116,214,0.0,2842,5126,79990
19,85135,214,0.0,2843,5126,80009
29,85164,214,0.0,2844,5126,80038
9,85173,214,0.0,2845,5126,80047
53,85226,214,0.0,2846,5126,80100
58,85284,214,0.0,2847,5126,80158
20,85304,214,0.0,2848,5126,80178
32,85336,215,1.0,2849,5126,80210
24,85360,215,0.0,2850,5126,80234
22,85382,215,0.0,2851,5126,80256
15,85397,215,0.0,2852,5126,80271
53,85450,215,0.0,2853,5126,80324
41,85491,215,0.0,2854,5126,80365
7,85498,215,0.0,2855,5126,80372
24,85522,215,0.0,2856,5126,80396
35,85557,216,1.0,2857,5126,80431
17,85574,216,0.0,2858,5126,80448
15,85589,216,0.0,2859,5126,80463
13,85602,216,0.0,2860,5126,80476
57,85659,216,0.0,2861,5126,80533
32,85691,217,1.0,2862,5126,80565
57,85748,217,0.0,2863,5126,80622
15,85763,217,0.0,2864,5126,80637
16,85779,217,0.0,2865,5126,80653
19,85798,217,0.0,2866,5126,80672
48,85846,217,0.0,2867,5126,80720
72,85918,217,0.0,2868,5126,80792
29,85947,217,0.0,2869,5126,80821
9,85956,217,0.0,2870,5126,80830
9,85965,217,0.0,2871,5126,80839
15,85980,217,0.0,2872,5126,80854
43,86023,218,1.0,2873,5126,80897
21,86044,218,0.0,2874,5126,80918
21,86065,218,0.0,2875,5126,80939
25,86090,219,1.0,2876,5126,80964
8,86098,219,0.0,2877,5126,80972
57,86155,219,0.0,2878,5126,81029
13,86168,219,0.0,2879,5126,81042
74,86242,220,1.0,2880,5126,81116
19,86261,220,0.0,2881,5126,81135
18,86279,220,0.0,2882,5126,81153
65,86344,220,0.0,2883,5126,81218
25,86369,220,0.0,2884,5126,81243
52,86421,220,0.0,2885,5126,81295
31,86452,220,0.0,2886,5126,81326
6,86458,220,0.0,2887,5126,81332
21,86479,221,1.0,2888,5126,81353
16,86495,221,0.0,2889,5126,81369
23,86518,221,0.0,2890,5126,81392
31,86549,221,0.0,2891,5126,81423
12,86561,221,0.0,2892,5126,81435
5,86566,221,0.0,2893,5126,81440
20,86586,221,0.0,2894,5126,81460
23,86609,222,1.0,2895,5126,81483
20,86629,222,0.0,2896,5126,81503
8,86637,222,0.0,2897,5126,81511
46,86683,223,1.0,2898,5126,81557
5,86688,223,0.0,2899,5126,81562
55,86743,224,1.0,2900,5126,81617
57,86800,224,0.0,2901,5126,81674
12,86812,224,0.0,2902,5126,81686
16,86828,224,0.0,2903,5126,81702
29,86857,225,1.0,2904,5126,81731
26,86883,225,0.0,2905,5126,81757
22,86905,225,0.0,2906,5126,81779
16,86921,225,0.0,2907,5126,81795
38,86959,225,0.0,2908,5126,81833
13,86972,225,0.0,2909,5126,81846
19,86991,225,0.0,2910,5126,81865
40,87031,225,0.0,2911,5126,81905
25,87056,225,0.0,2912,5126,81930
6,87062,225,0.0,2913,5126,81936
52,87114,225,0.0,2914,5126,81988
20,87134,225,0.0,2915,5126,82008
22,87156,226,1.0,2916,5126,82030
34,87190,226,0.0,2917,5126,82064
22,87212,226,0.0,2918,5126,82086
19,87231,226,0.0,2919,5126,82105
31,87262,227,1.0,2920,5126,82136
17,87279,227,0.0,2921,5126,82153
5,87284,227,0.0,2922,5126,82158
17,87301,227,0.0,2923,5126,82175
10,87311,227,0.0,2924,5126,82185
48,87359,227,0.0,2925,5126,82233
11,87370,227,0.0,2926,5126,82244
17,87387,227,0.0,2927,5126,82261
45,87432,227,0.0,2928,5126,82306
13,87445,227,0.0,2929,5126,82319
99,87544,227,0.0,2930,5126,82418
33,87577,227,0.0,2931,5126,82451
71,87648,227,0.0,2932,5126,82522
16,87664,227,0.0,2933,5126,82538
16,87680,227,0.0,2934,5126,82554
23,87703,227,0.0,2935,5126,82577
20,87723,227,0.0,2936,5126,82597
11,87734,227,0.0,2937,5126,82608
48,87782,227,0.0,2938,5126,82656
44,87826,227,0.0,2939,5126,82700
55,87881,227,0.0,2940,5126,82755
90,87971,227,0.0,2941,5126,82845
19,87990,227,0.0,2942,5126,82864
23,88013,227,0.0,2943,5126,82887
41,88054,227,0.0,2944,5126,82928
23,88077,227,0.0,2945,5126,82951
10,88087,227,0.0,2946,5126,82961
50,88137,227,0.0,2947,5126,83011
36,88173,227,0.0,2948,5126,83047
13,88186,227,0.0,2949,5126,83060
55,88241,227,0.0,2950,5126,83115
20,88261,227,0.0,2951,5126,83135
13,88274,227,0.0,2952,5126,83148
15,88289,227,0.0,2953,5126,83163
53,88342,227,0.0,2954,5126,83216
25,88367,227,0.0,2955,5126,83241
33,88400,227,0.0,2956,5126,83274
10,88410,227,0.0,2957,5126,83284
24,88434,227,0.0,2958,5126,83308
42,88476,227,0.0,2959,5126,83350
15,88491,227,0.0,2960,5126,83365
59,88550,227,0.0,2961,5126,83424
55,88605,228,1.0,2962,5126,83479
17,88622,228,0.0,2963,5126,83496
32,88654,228,0.0,2964,5126,83528
18,88672,228,0.0,2965,5126,83546
37,88709,228,0.0,2966,5126,83583
21,88730,228,0.0,2967,5126,83604
11,88741,228,0.0,2968,5126,83615
15,88756,228,0.0,2969,5126,83630
22,88778,228,0.0,2970,5126,83652
7,88785,228,0.0,2971,5126,83659
28,88813,228,0.0,2972,5126,83687
29,88842,228,0.0,2973,5126,83716
13,88855,228,0.0,2974,5126,83729
21,88876,228,0.0,2975,5126,83750
21,88897,228,0.0,2976,5126,83771
33,88930,228,0.0,2977,5126,83804
25,88955,228,0.0,2978,5126,83829
18,88973,228,0.0,2979,5126,83847
33,89006,229,1.0,2980,5126,83880
30,89036,229,0.0,2981,5126,83910
16,89052,229,0.0,2982,5126,83926
40,89092,229,0.0,2983,5126,83966
24,89116,229,0.0,2984,5126,83990
8,89124,229,0.0,2985,5126,83998
41,89165,229,0.0,2986,5126,84039
6,89171,229,0.0,2987,5126,84045
41,89212,229,0.0,2988,5126,84086
14,89226,229,0.0,2989,5126,84100
9,89235,229,0.0,2990,5126,84109
37,89272,229,0.0,2991,5126,84146
33,89305,229,0.0,2992,5126,84179
15,89320,229,0.0,2993,5126,84194
24,89344,229,0.0,2994,5126,84218
27,89371,229,0.0,2995,5126,84245
34,89405,229,0.0,2996,5126,84279
30,89435,229,0.0,2997,5126,84309
34,89469,229,0.0,2998,5126,84343
18,89487,229,0.0,2999,5126,84361
12,89499,229,0.0,3000,5126,84373
53,89552,230,1.0,3001,5126,84426
23,89575,230,0.0,3002,5126,84449
23,89598,230,0.0,3003,5126,84472
75,89673,230,0.0,3004,5126,84547
57,89730,230,0.0,3005,5126,84604
59,89789,231,1.0,3006,5126,84663
20,89809,231,0.0,3007,5126,84683
16,89825,231,0.0,3008,5126,84699
32,89857,232,1.0,3009,5126,84731
41,89898,232,0.0,3010,5126,84772
24,89922,232,0.0,3011,5126,84796
5,89927,232,0.0,3012,5126,84801
28,89955,232,0.0,3013,5126,84829
41,89996,232,0.0,3014,5126,84870
7,90003,232,0.0,3015,5126,84877
25,90028,232,0.0,3016,5126,84902
54,90082,232,0.0,3017,5126,84956
19,90101,232,0.0,3018,5126,84975
56,90157,232,0.0,3019,5126,85031
11,90168,232,0.0,3020,5126,85042
18,90186,232,0.0,3021,5126,85060
36,90222,232,0.0,3022,5126,85096
27,90249,232,0.0,3023,5126,85123
27,90276,232,0.0,3024,5126,85150
45,90321,232,0.0,3025,5126,85195
24,90345,232,0.0,3026,5126,85219
29,90374,232,0.0,3027,5126,85248
21,90395,232,0.0,3028,5126,85269
28,90423,232,0.0,3029,5126,85297
24,90447,232,0.0,3030,5126,85321
40,90487,232,0.0,3031,5126,85361
47,90534,232,0.0,3032,5126,85408
10,90544,232,0.0,3033,5126,85418
9,90553,232,0.0,3034,5126,85427
7,90560,232,0.0,3035,5126,85434
23,90583,232,0.0,3036,5126,85457
18,90601,232,0.0,3037,5126,85475
46,90647,232,0.0,3038,5126,85521
44,90691,233,1.0,3039,5126,85565
7,90698,233,0.0,3040,5126,85572
20,90718,233,0.0,3041,5126,85592
55,90773,233,0.0,3042,5126,85647
27,90800,233,0.0,3043,5126,85674
8,90808,233,0.0,3044,5126,85682
13,90821,233,0.0,3045,5126,85695
14,90835,233,0.0,3046,5126,85709
9,90844,233,0.0,3047,5126,85718
26,90870,233,0.0,3048,5126,85744
22,90892,233,0.0,3049,5126,85766
20,90912,233,0.0,3050,5126,85786
46,90958,233,0.0,3051,5126,85832
12,90970,233,0.0,3052,5126,85844
19,90989,233,0.0,3053,5126,85863
38,91027,233,0.0,3054,5126,85901
10,91037,233,0.0,3055,5126,85911
37,91074,234,1.0,3056,5126,85948
23,91097,234,0.0,3057,5126,85971
19,91116,234,0.0,3058,5126,85990
34,91150,234,0.0,3059,5126,86024
15,91165,234,0.0,3060,5126,86039
42,91207,234,0.0,3061,5126,86081
13,91220,234,0.0,3062,5126,86094
29,91249,235,1.0,3063,5126,86123
38,91287,235,0.0,3064,5126,86161
17,91304,235,0.0,3065,5126,86178
11,91315,235,0.0,3066,5126,86189
32,91347,235,0.0,3067,5126,86221
42,91389,235,0.0,3068,5126,86263
47,91436,235,0.0,3069,5126,86310
22,91458,235,0.0,3070,5126,86332
22,91480,235,0.0,3071,5126,86354
37,91517,236,1.0,3072,5126,86391
50,91567,236,0.0,3073,5126,86441
5,91572,236,0.0,3074,5126,86446
31,91603,236,0.0,3075,5126,86477
24,91627,237,1.0,3076,5126,86501
11,91638,237,0.0,3077,5126,86512
44,91682,237,0.0,3078,5126,86556
22,91704,237,0.0,3079,5126,86578
40,91744,237,0.0,3080,5126,86618
27,91771,237,0.0,3081,5126,86645
23,91794,237,0.0,3082,5126,86668
28,91822,237,0.0,3083,5126,86696
33,91855,237,0.0,3084,5126,86729
12,91867,237,0.0,3085,5126,86741
18,91885,237,0.0,3086,5126,86759
33,91918,237,0.0,3087,5126,86792
16,91934,237,0.0,3088,5126,86808
14,91948,237,0.0,3089,5126,86822
62,92010,237,0.0,3090,5126,86884
38,92048,237,0.0,3091,5126,86922
43,92091,237,0.0,3092,5126,86965
35,92126,237,0.0,3093,5126,87000
11,92137,237,0.0,3094,5126,87011
26,92163,237,0.0,3095,5126,87037
20,92183,237,0.0,3096,5126,87057
25,92208,237,0.0,3097,5126,87082
20,92228,237,0.0,3098,5126,87102
43,92271,238,1.0,3099,5126,87145
31,92302,238,0.0,3100,5126,87176
16,92318,238,0.0,3101,5126,87192
21,92339,238,0.0,3102,5126,87213
15,92354,238,0.0,3103,5126,87228
23,92377,238,0.0,3104,5126,87251
29,92406,238,0.0,3105,5126,87280
14,92420,238,0.0,3106,5126,87294
8,92428,238,0.0,3107,5126,87302
15,92443,238,0.0,3108,5126,87317
15,92458,238,0.0,3109,5126,87332
35,92493,239,1.0,3110,5126,87367
32,92525,239,0.0,3111,5126,87399
26,92551,239,0.0,3112,5126,87425
61,92612,240,1.0,3113,5126,87486
26,92638,241,1.0,3114,5126,87512
64,92702,241,0.0,3115,5126,87576
65,92767,241,0.0,3116,5126,87641
100,92867,241,0.0,3117,5126,87741
37,92904,242,1.0,3118,5126,87778
33,92937,242,0.0,3119,5126,87811
14,92951,242,0.0,3120,5126,87825
19,92970,243,1.0,3121,5126,87844
57,93027,243,0.0,3122,5126,87901
25,93052,243,0.0,3123,5126,87926
12,93064,243,0.0,3124,5126,87938
20,93084,243,0.0,3125,5126,87958
37,93121,243,0.0,3126,5126,87995
36,93157,243,0.0,3127,5126,88031
28,93185,243,0.0,3128,5126,88059
19,93204,244,1.0,3129,5126,88078
15,93219,244,0.0,3130,5126,88093
33,93252,244,0.0,3131,5126,88126
14,93266,244,0.0,3132,5126,88140
20,93286,245,1.0,3133,5126,88160
17,93303,245,0.0,3134,5126,88177
23,93326,245,0.0,3135,5126,88200
21,93347,245,0.0,3136,5126,88221
9,93356,245,0.0,3137,5126,88230
35,93391,245,0.0,3138,5126,88265
22,93413,245,0.0,3139,5126,88287
17,93430,245,0.0,3140,5126,88304
21,93451,245,0.0,3141,5126,88325
19,93470,245,0.0,3142,5126,88344
61,93531,245,0.0,3143,5126,88405
14,93545,245,0.0,3144,5126,88419
22,93567,245,0.0,3145,5126,88441
17,93584,245,0.0,3146,5126,88458
11,93595,245,0.0,3147,5126,88469
6,93601,245,0.0,3148,5126,88475
51,93652,246,1.0,3149,5126,88526
6,93658,246,0.0,3150,5126,88532
27,93685,246,0.0,3151,5126,88559
10,93695,246,0.0,3152,5126,88569
18,93713,246,0.0,3153,5126,88587
6,93719,246,0.0,3154,5126,88593
65,93784,246,0.0,3155,5126,88658
32,93816,246,0.0,3156,5126,88690
20,93836,246,0.0,3157,5126,88710
94,93930,246,0.0,3158,5126,88804
27,93957,247,1.0,3159,5126,88831
50,94007,247,0.0,3160,5126,88881
8,94015,247,0.0,3161,5126,88889
62,94077,247,0.0,3162,5126,88951
7,94084,247,0.0,3163,5126,88958
16,94100,247,0.0,3164,5126,88974
14,94114,247,0.0,3165,5126,88988
15,94129,247,0.0,3166,5126,89003
10,94139,247,0.0,3167,5126,89013
23,94162,247,0.0,3168,5126,89036
31,94193,247,0.0,3169,5126,89067
21,94214,247,0.0,3170,5126,89088
32,94246,248,1.0,3171,5126,89120
27,94273,248,0.0,3172,5126,89147
22,94295,248,0.0,3173,5126,89169
16,94311,248,0.0,3174,5126,89185
24,94335,248,0.0,3175,5126,89209
66,94401,248,0.0,3176,5126,89275
24,94425,248,0.0,3177,5126,89299
61,94486,248,0.0,3178,5126,89360
16,94502,248,0.0,3179,5126,89376
37,94539,248,0.0,3180,5126,89413
46,94585,248,0.0,3181,5126,89459
8,94593,248,0.0,3182,5126,89467
60,94653,248,0.0,3183,5126,89527
13,94666,248,0.0,3184,5126,89540
8,94674,248,0.0,3185,5126,89548
18,94692,248,0.0,3186,5126,89566
10,94702,248,0.0,3187,5126,89576
15,94717,248,0.0,3188,5126,89591
41,94758,248,0.0,3189,5126,89632
22,94780,248,0.0,3190,5126,89654
8,94788,248,0.0,3191,5126,89662
33,94821,248,0.0,3192,5126,89695
10,94831,248,0.0,3193,5126,89705
22,94853,248,0.0,3194,5126,89727
35,94888,248,0.0,3195,5126,89762
62,94950,248,0.0,3196,5126,89824
74,95024,248,0.0,3197,5126,89898
26,95050,248,0.0,3198,5126,89924
29,95079,248,0.0,3199,5126,89953
32,95111,249,1.0,3200,5126,89985
41,95152,250,1.0,3201,5126,90026
9,95161,250,0.0,3202,5126,90035
11,95172,250,0.0,3203,5126,90046
19,95191,250,0.0,3204,5126,90065
17,95208,250,0.0,3205,5126,90082
28,95236,250,0.0,3206,5126,90110
29,95265,250,0.0,3207,5126,90139
38,95303,250,0.0,3208,5126,90177
30,95333,250,0.0,3209,5126,90207
13,95346,250,0.0,3210,5126,90220
22,95368,250,0.0,3211,5126,90242
18,95386,250,0.0,3212,5126,90260
11,95397,250,0.0,3213,5126,90271
40,95437,250,0.0,3214,5126,90311
14,95451,250,0.0,3215,5126,90325
13,95464,250,0.0,3216,5126,90338
40,95504,250,0.0,3217,5126,90378
16,95520,250,0.0,3218,5126,90394
14,95534,250,0.0,3219,5126,90408
12,95546,250,0.0,3220,5126,90420
24,95570,250,0.0,3221,5126,90444
7,95577,250,0.0,3222,5126,90451
21,95598,250,0.0,3223,5126,90472
56,95654,250,0.0,3224,5126,90528
100,95754,250,0.0,3225,5126,90628
21,95775,250,0.0,3226,5126,90649
24,95799,250,0.0,3227,5126,90673
24,95823,250,0.0,3228,5126,90697
21,95844,250,0.0,3229,5126,90718
45,95889,250,0.0,3230,5126,90763
8,95897,250,0.0,3231,5126,90771
14,95911,250,0.0,3232,5126,90785
50,95961,250,0.0,3233,5126,90835
100,96061,250,0.0,3234,5126,90935
14,96075,250,0.0,3235,5126,90949
10,96085,250,0.0,3236,5126,90959
61,96146,251,1.0,3237,5126,91020
14,96160,251,0.0,3238,5126,91034
65,96225,251,0.0,3239,5126,91099
24,96249,251,0.0,3240,5126,91123
16,96265,251,0.0,3241,5126,91139
13,96278,251,0.0,3242,5126,91152
23,96301,251,0.0,3243,5126,91175
5,96306,251,0.0,3244,5126,91180
12,96318,251,0.0,3245,5126,91192
46,96364,251,0.0,3246,5126,91238
23,96387,252,1.0,3247,5126,91261
10,96397,252,0.0,3248,5126,91271
66,96463,252,0.0,3249,5126,91337
25,96488,253,1.0,3250,5126,91362
18,96506,253,0.0,3251,5126,91380
13,96519,253,0.0,3252,5126,91393
47,96566,253,0.0,3253,5126,91440
14,96580,253,0.0,3254,5126,91454
20,96600,253,0.0,3255,5126,91474
17,96617,253,0.0,3256,5126,91491
7,96624,253,0.0,3257,5126,91498
32,96656,253,0.0,3258,5126,91530
69,96725,253,0.0,3259,5126,91599
13,96738,253,0.0,3260,5126,91612
8,96746,253,0.0,3261,5126,91620
20,96766,253,0.0,3262,5126,91640
45,96811,253,0.0,3263,5126,91685
10,96821,253,0.0,3264,5126,91695
56,96877,253,0.0,3265,5126,91751
7,96884,253,0.0,3266,5126,91758
27,96911,253,0.0,3267,5126,91785
45,96956,254,1.0,3268,5126,91830
21,96977,254,0.0,3269,5126,91851
21,96998,254,0.0,3270,5126,91872
10,97008,254,0.0,3271,5126,91882
13,97021,254,0.0,3272,5126,91895
15,97036,254,0.0,3273,5126,91910
10,97046,254,0.0,3274,5126,91920
14,97060,254,0.0,3275,5126,91934
13,97073,254,0.0,3276,5126,91947
7,97080,254,0.0,3277,5126,91954
12,97092,254,0.0,3278,5126,91966
10,97102,254,0.0,3279,5126,91976
28,97130,254,0.0,3280,5126,92004
25,97155,255,1.0,3281,5126,92029
18,97173,255,0.0,3282,5126,92047
28,97201,255,0.0,3283,5126,92075
27,97228,255,0.0,3284,5126,92102
18,97246,255,0.0,3285,5126,92120
30,97276,255,0.0,3286,5126,92150
12,97288,255,0.0,3287,5126,92162
29,97317,255,0.0,3288,5126,92191
11,97328,255,0.0,3289,5126,92202
32,97360,255,0.0,3290,5126,92234
18,97378,255,0.0,3291,5126,92252
15,97393,255,0.0,3292,5126,92267
20,97413,256,1.0,3293,5126,92287
31,97444,256,0.0,3294,5126,92318
36,97480,257,1.0,3295,5126,92354
24,97504,258,1.0,3296,5126,92378
23,97527,258,0.0,3297,5126,92401
23,97550,258,0.0,3298,5126,92424
9,97559,258,0.0,3299,5126,92433
24,97583,258,0.0,3300,5126,92457
16,97599,258,0.0,3301,5126,92473
18,97617,258,0.0,3302,5126,92491
10,97627,258,0.0,3303,5126,92501
31,97658,258,0.0,3304,5126,92532
24,97682,258,0.0,3305,5126,92556
53,97735,258,0.0,3306,5126,92609
25,97760,258,0.0,3307,5126,92634
46,97806,259,1.0,3308,5126,92680
15,97821,259,0.0,3309,5126,92695
37,97858,260,1.0,3310,5126,92732
50,97908,260,0.0,3311,5126,92782
20,97928,260,0.0,3312,5126,92802
21,97949,261,1.0,3313,5126,92823
25,97974,261,0.0,3314,5126,92848
24,97998,261,0.0,3315,5126,92872
5,98003,261,0.0,3316,5126,92877
11,98014,261,0.0,3317,5126,92888
55,98069,262,1.0,3318,5126,92943
36,98105,262,0.0,3319,5126,92979
17,98122,262,0.0,3320,5126,92996
13,98135,262,0.0,3321,5126,93009
23,98158,262,0.0,3322,5126,93032
45,98203,262,0.0,3323,5126,93077
26,98229,262,0.0,3324,5126,93103
28,98257,262,0.0,3325,5126,93131
68,98325,263,1.0,3326,5126,93199
48,98373,263,0.0,3327,5126,93247
33,98406,263,0.0,3328,5126,93280
19,98425,263,0.0,3329,5126,93299
50,98475,263,0.0,3330,5126,93349
32,98507,263,0.0,3331,5126,93381
15,98522,263,0.0,3332,5126,93396
46,98568,263,0.0,3333,5126,93442
18,98586,263,0.0,3334,5126,93460
88,98674,263,0.0,3335,5126,93548
10,98684,263,0.0,3336,5126,93558
64,98748,263,0.0,3337,5126,93622
8,98756,263,0.0,3338,5126,93630
50,98806,264,1.0,3339,5126,93680
11,98817,264,0.0,3340,5126,93691
32,98849,264,0.0,3341,5126,93723
42,98891,264,0.0,3342,5126,93765
63,98954,265,1.0,3343,5126,93828
13,98967,265,0.0,3344,5126,93841
30,98997,265,0.0,3345,5126,93871
34,99031,265,0.0,3346,5126,93905
33,99064,265,0.0,3347,5126,93938
26,99090,266,1.0,3348,5126,93964
51,99141,266,0.0,3349,5126,94015
17,99158,266,0.0,3350,5126,94032
52,99210,267,1.0,3351,5126,94084
16,99226,267,0.0,3352,5126,94100
18,99244,267,0.0,3353,5126,94118
24,99268,267,0.0,3354,5126,94142
15,99283,267,0.0,3355,5126,94157
50,99333,267,0.0,3356,5126,94207
98,99431,268,1.0,3357,5126,94305
34,99465,268,0.0,3358,5126,94339
36,99501,268,0.0,3359,5126,94375
13,99514,268,0.0,3360,5126,94388
74,99588,268,0.0,3361,5126,94462
17,99605,268,0.0,3362,5126,94479
56,99661,268,0.0,3363,5126,94535
10,99671,268,0.0,3364,5126,94545
39,99710,269,1.0,3365,5126,94584
15,99725,269,0.0,3366,5126,94599
12,99737,269,0.0,3367,5126,94611
20,99757,269,0.0,3368,5126,94631
46,99803,270,1.0,3369,5126,94677
47,99850,270,0.0,3370,5126,94724
30,99880,270,0.0,3371,5126,94754
41,99921,270,0.0,3372,5126,94795
15,99936,270,0.0,3373,5126,94810
17,99953,270,0.0,3374,5126,94827
20,99973,270,0.0,3375,5126,94847
13,99986,270,0.0,3376,5126,94860
