iteration,successes,successes_episode,reward_episode,episode_count,random_act,timestep,epsilon
69,69,0,0.0,1,69,0,1.0
16,85,0,0.0,2,85,0,0.9901493354116764
81,166,0,0.0,3,166,0,0.9803966865736877
78,244,0,0.0,4,243,1,0.970741078213023
26,270,0,0.0,5,267,3,0.9611815447608
19,289,0,0.0,6,283,6,0.9517171302557069
63,352,0,0.0,7,345,7,0.9423468882484062
33,385,0,0.0,8,378,7,0.9330698817068888
32,417,0,0.0,9,408,9,0.9238851829227694
28,445,0,0.0,10,432,13,0.9147918734185159
100,545,0,0.0,11,521,24,0.9057890438555999
94,639,1,1.0,12,604,35,0.896875793943563
14,653,1,0.0,13,617,36,0.888051232349986
16,669,1,0.0,14,630,39,0.8793144766113556
42,711,1,0.0,15,670,41,0.8706646530448178
82,793,1,0.0,16,735,58,0.8621008966608072
51,844,1,0.0,17,779,65,0.8536223510765493
32,876,1,0.0,18,807,69,0.8452281684304199
16,892,1,0.0,19,819,73,0.8369175092971592
41,933,1,0.0,20,853,80,0.8286895426039287
63,996,2,1.0,21,908,88,0.820543445547202
30,1026,2,0.0,22,928,98,0.8124784035104852
56,1082,2,0.0,23,974,108,0.8044936099828537
35,1117,2,0.0,24,1004,113,0.7965882664783007
37,1154,2,0.0,25,1034,120,0.7887615824558879
14,1168,2,0.0,26,1046,122,0.7810127752406908
31,1199,2,0.0,27,1066,133,0.7733410699455306
12,1211,2,0.0,28,1077,134,0.7657456993934846
17,1228,2,0.0,29,1089,139,0.7582259040411682
20,1248,2,0.0,30,1103,145,0.7507809319027796
25,1273,2,0.0,31,1120,153,0.7434100384749007
26,1299,2,0.0,32,1140,159,0.7361124866620463
24,1323,2,0.0,33,1156,167,0.7288875467029541
24,1347,2,0.0,34,1175,172,0.7217344960976069
14,1361,2,0.0,35,1183,178,0.7146526195349836
27,1388,2,0.0,36,1206,182,0.7076412088215263
17,1405,2,0.0,37,1218,187,0.7006995628103208
26,1431,2,0.0,38,1237,194,0.6938269873309811
24,1455,2,0.0,39,1255,200,0.6870227951202322
26,1481,2,0.0,40,1273,208,0.680286305753183
19,1500,2,0.0,41,1288,212,0.6736168455752829
31,1531,2,0.0,42,1310,221,0.6670137476349562
26,1557,2,0.0,43,1328,229,0.6604763516169062
92,1649,2,0.0,44,1383,266,0.6540040037760834
68,1717,2,0.0,45,1424,293,0.64759605687231
24,1741,2,0.0,46,1437,304,0.6412518701055556
26,1767,2,0.0,47,1454,313,0.6349708090518567
26,1793,2,0.0,48,1470,323,0.6287522455998737
20,1813,2,0.0,49,1488,325,0.6225955578880794
26,1839,2,0.0,50,1503,336,0.616500130242572
58,1897,2,0.0,51,1538,359,0.6104653531155071
15,1912,2,0.0,52,1548,364,0.6044906230241432
15,1927,2,0.0,53,1558,369,0.5985753424904925
15,1942,2,0.0,54,1565,377,0.5927189199815717
26,1968,2,0.0,55,1586,382,0.5869207698502498
28,1996,2,0.0,56,1602,394,0.5811803122766818
13,2009,2,0.0,57,1609,400,0.5754969732103268
25,2034,2,0.0,58,1620,414,0.5698701843125418
69,2103,2,0.0,59,1665,438,0.564299382899748
15,2118,2,0.0,60,1675,443,0.558784011887162
41,2159,2,0.0,61,1696,463,0.5533235197330862
7,2166,2,0.0,62,1699,467,0.5479173603837548
14,2180,2,0.0,63,1706,474,0.5425649932187278
24,2204,2,0.0,64,1718,486,0.5372658829968282
28,2232,2,0.0,65,1735,497,0.5320194998026181
15,2247,2,0.0,66,1739,508,0.5268253189934059
17,2264,2,0.0,67,1746,518,0.5216828211467822
21,2285,2,0.0,68,1753,532,0.516591492008677
47,2332,2,0.0,69,1778,554,0.5115508224419336
23,2355,2,0.0,70,1788,567,0.5065603083753949
25,2380,2,0.0,71,1803,577,0.5016194507534953
12,2392,2,0.0,72,1809,583,0.49672775548635545
24,2416,2,0.0,73,1818,598,0.491884733400372
21,2437,2,0.0,74,1829,608,0.48708990018930043
73,2510,2,0.0,75,1867,643,0.48234277636582407
10,2520,2,0.0,76,1874,646,0.47764288721360454
62,2582,2,0.0,77,1900,682,0.47298976273981014
8,2590,2,0.0,78,1904,686,0.4683829376281158
25,2615,2,0.0,79,1915,700,0.4638219511921713
86,2701,2,0.0,80,1953,748,0.4593063473295323
60,2761,2,0.0,81,1978,783,0.45483567447604933
16,2777,2,0.0,82,1984,793,0.4504094855607117
29,2806,2,0.0,83,1996,810,0.44602733796093924
52,2858,2,0.0,84,2019,839,0.4416887934583202
21,2879,2,0.0,85,2032,847,0.43739341819478894
17,2896,2,0.0,86,2040,856,0.43314078262923944
32,2928,2,0.0,87,2055,873,0.4289304614945713
26,2954,2,0.0,88,2070,884,0.42476203375516264
8,2962,2,0.0,89,2076,886,0.42063508256476556
23,2985,2,0.0,90,2087,898,0.41654919522482203
77,3062,2,0.0,91,2119,943,0.4125039631431931
14,3076,2,0.0,92,2123,953,0.40849898179329963
91,3167,2,0.0,93,2152,1015,0.404533850673669
14,3181,2,0.0,94,2157,1024,0.40060817326788506
16,3197,2,0.0,95,2162,1035,0.3967215570049359
22,3219,2,0.0,96,2169,1050,0.3928736132199562
23,3242,2,0.0,97,2177,1065,0.38906395711536096
19,3261,2,0.0,98,2185,1076,0.38529220772236483
10,3271,2,0.0,99,2190,1081,0.3815579878628856
45,3316,2,0.0,100,2207,1109,0.37786092411182526
14,3330,2,0.0,101,2213,1117,0.3742006467597279
8,3338,2,0.0,102,2217,1121,0.3705767897758081
18,3356,2,0.0,103,2227,1129,0.3669889907713475
33,3389,2,0.0,104,2236,1153,0.36343689096345594
22,3411,2,0.0,105,2243,1168,0.35992013513919235
18,3429,2,0.0,106,2247,1182,0.35643837162004377
35,3464,2,0.0,107,2260,1204,0.3529912522267568
82,3546,2,0.0,108,2286,1260,0.34957843224451957
14,3560,2,0.0,109,2292,1268,0.34619957038848975
24,3584,2,0.0,110,2300,1284,0.34285432876966604
31,3615,2,0.0,111,2310,1305,0.3395423728610988
30,3645,2,0.0,112,2316,1329,0.3362633714644372
88,3733,2,0.0,113,2341,1392,0.33301699667680906
10,3743,2,0.0,114,2345,1398,0.3298029238580304
25,3768,2,0.0,115,2355,1413,0.3266208315981408
17,3785,2,0.0,116,2360,1425,0.32347040168526264
14,3799,2,0.0,117,2366,1433,0.3203513190737793
7,3806,2,0.0,118,2368,1438,0.3172632718528302
23,3829,2,0.0,119,2371,1458,0.31420595121511996
24,3853,2,0.0,120,2381,1472,0.311179051426037
8,3861,2,0.0,121,2382,1479,0.3081822697930801
26,3887,2,0.0,122,2391,1496,0.3052153066355885
30,3917,2,0.0,123,2400,1517,0.30227786525477407
41,3958,2,0.0,124,2420,1538,0.29936965190405085
25,3983,2,0.0,125,2427,1556,0.29649037575966014
28,4011,2,0.0,126,2441,1570,0.29363974889158817
19,4030,2,0.0,127,2445,1585,0.2908174862347727
36,4066,2,0.0,128,2464,1602,0.28802330556059597
8,4074,2,0.0,129,2465,1609,0.2852569274486622
100,4174,2,0.0,130,2496,1678,0.2825180752588548
22,4196,2,0.0,131,2500,1696,0.27980647510367246
29,4225,2,0.0,132,2506,1719,0.2771218558208399
14,4239,2,0.0,133,2514,1725,0.27446394894619186
38,4277,2,0.0,134,2527,1750,0.27183248868682575
14,4291,2,0.0,135,2529,1762,0.26922721189452276
100,4391,2,0.0,136,2564,1827,0.2666478580394326
26,4417,2,0.0,137,2570,1847,0.26409416918402034
19,4436,2,0.0,138,2572,1864,0.26156588995727226
89,4525,2,0.0,139,2588,1937,0.2590627675291589
15,4540,2,0.0,140,2589,1951,0.2565845515853515
7,4547,2,0.0,141,2590,1957,0.2541309943021904
18,4565,2,0.0,142,2595,1970,0.25170185032190273
23,4588,2,0.0,143,2602,1986,0.24929687672806608
89,4677,2,0.0,144,2625,2052,0.246915833021317
61,4738,2,0.0,145,2646,2092,0.24455848109530054
66,4804,2,0.0,146,2661,2143,0.2422245852128597
89,4893,2,0.0,147,2683,2210,0.23991391198246126
46,4939,2,0.0,148,2694,2245,0.2376262303348566
29,4968,2,0.0,149,2705,2263,0.2353613114999746
14,4982,2,0.0,150,2706,2276,0.23311892898404435
100,5082,2,0.0,151,2728,2354,0.23089885854694553
23,5105,2,0.0,152,2731,2374,0.22870087817978443
28,5133,2,0.0,153,2743,2390,0.22652476808269262
28,5161,2,0.0,154,2752,2409,0.22437031064284702
21,5182,2,0.0,155,2759,2423,0.22223729041270818
16,5198,2,0.0,156,2764,2434,0.22012549408847562
88,5286,2,0.0,157,2784,2502,0.21803471048875708
89,5375,2,0.0,158,2808,2567,0.21596473053345028
100,5475,2,0.0,159,2833,2642,0.21391534722283462
23,5498,2,0.0,160,2837,2661,0.2118863556168713
20,5518,2,0.0,161,2841,2677,0.20987755281470882
89,5607,2,0.0,162,2855,2752,0.20788873793439305
38,5645,2,0.0,163,2861,2784,0.2059197120927785
29,5674,2,0.0,164,2868,2806,0.20397027838564025
8,5682,2,0.0,165,2870,2812,0.20204024186798297
15,5697,2,0.0,166,2877,2820,0.20012940953454655
48,5745,2,0.0,167,2884,2861,0.1982375903005053
100,5845,2,0.0,168,2898,2947,0.19636459498235934
34,5879,2,0.0,169,2906,2973,0.19451023627901587
17,5896,2,0.0,170,2908,2988,0.19267432875305937
35,5931,2,0.0,171,2916,3015,0.19085668881220733
32,5963,2,0.0,172,2925,3038,0.1890571346909509
100,6063,2,0.0,173,2945,3118,0.1872754864323783
34,6097,2,0.0,174,2955,3142,0.18551156587017906
15,6112,2,0.0,175,2960,3152,0.1837651966108269
35,6147,2,0.0,176,2967,3180,0.1820362040159407
23,6170,2,0.0,177,2975,3195,0.18032441518482004
73,6243,2,0.0,178,2984,3259,0.17862965893715535
54,6297,2,0.0,179,2989,3308,0.17695176579590954
21,6318,2,0.0,180,2992,3326,0.1752905679703703
47,6365,2,0.0,181,2999,3366,0.17364589933937066
22,6387,2,0.0,182,3003,3384,0.172017595434677
22,6409,2,0.0,183,3005,3404,0.17040549342454195
7,6416,2,0.0,184,3006,3410,0.16880943209742102
44,6460,2,0.0,185,3012,3448,0.16722925184585147
47,6507,2,0.0,186,3022,3485,0.16566479465049133
38,6545,2,0.0,187,3030,3515,0.16411590406431734
22,6567,2,0.0,188,3033,3534,0.1625824251969801
22,6589,2,0.0,189,3036,3553,0.16106420469931504
36,6625,2,0.0,190,3044,3581,0.15956109074800714
35,6660,2,0.0,191,3050,3610,0.1580729330304087
22,6682,2,0.0,192,3054,3628,0.15659958272950783
16,6698,2,0.0,193,3055,3643,0.15514089250904667
34,6732,2,0.0,194,3062,3670,0.1536967164987875
100,6832,2,0.0,195,3072,3760,0.1522669102799259
100,6932,2,0.0,196,3087,3845,0.15085133087064845
24,6956,2,0.0,197,3091,3865,0.14944983671183457
31,6987,2,0.0,198,3096,3891,0.14806228765290044
23,7010,2,0.0,199,3099,3911,0.1466885449377839
35,7045,2,0.0,200,3102,3943,0.14532847119106862
25,7070,2,0.0,201,3107,3963,0.1439819304042466
23,7093,2,0.0,202,3112,3981,0.14264878792211688
100,7193,2,0.0,203,3121,4072,0.1413289104293205
100,7293,2,0.0,204,3137,4156,0.14002216593700811
38,7331,2,0.0,205,3141,4190,0.13872842376964165
32,7363,2,0.0,206,3146,4217,0.1374475545519262
29,7392,2,0.0,207,3148,4244,0.13617943019587256
19,7411,2,0.0,208,3150,4261,0.13492392388798838
92,7503,2,0.0,209,3159,4344,0.13368091007659658
18,7521,2,0.0,210,3160,4361,0.1324502644592803
7,7528,2,0.0,211,3162,4366,0.13123186397045208
100,7628,2,0.0,212,3171,4457,0.13002558676904785
21,7649,2,0.0,213,3175,4474,0.12883131222634217
90,7739,2,0.0,214,3186,4553,0.12764892091388555
24,7763,2,0.0,215,3189,4574,0.1264782945915614
29,7792,2,0.0,216,3194,4598,0.125319316195762
20,7812,2,0.0,217,3198,4614,0.12417186982768189
100,7912,2,0.0,218,3209,4703,0.12303584074172813
29,7941,2,0.0,219,3215,4726,0.12191111533404535
100,8041,2,0.0,220,3224,4817,0.12079758113115559
100,8141,2,0.0,221,3234,4907,0.11969512677871053
29,8170,2,0.0,222,3237,4933,0.11860364203035628
23,8193,2,0.0,223,3239,4954,0.11752301773670837
43,8236,2,0.0,224,3242,4994,0.116453145834437
100,8336,2,0.0,225,3252,5084,0.11539391933546027
100,8436,2,0.0,226,3265,5171,0.11434523231624569
52,8488,2,0.0,227,3272,5216,0.11330697990721733
17,8505,2,0.0,228,3274,5231,0.1122790582822692
100,8605,2,0.0,229,3279,5326,0.11126136464838206
93,8698,2,0.0,230,3294,5404,0.11025379723534455
95,8793,2,0.0,231,3302,5491,0.10925625528557566
14,8807,2,0.0,232,3303,5504,0.1082686390440492
100,8907,2,0.0,233,3317,5590,0.10729084974831793
24,8931,2,0.0,234,3323,5608,0.10632278961863742
21,8952,2,0.0,235,3328,5624,0.10536436184818809
29,8981,2,0.0,236,3331,5650,0.10441547059339411
54,9035,2,0.0,237,3335,5700,0.10347602096433932
15,9050,2,0.0,238,3337,5713,0.10254591901527788
8,9058,2,0.0,239,3338,5720,0.10162507173523985
38,9096,2,0.0,240,3341,5755,0.10071338703872978
95,9191,2,0.0,241,3353,5838,0.09981077375651838
45,9236,2,0.0,242,3361,5875,0.09891714162652515
100,9336,2,0.0,243,3371,5965,0.09803240128479247
8,9344,2,0.0,244,3372,5972,0.09715646425654882
23,9367,2,0.0,245,3373,5994,0.09628924294736148
100,9467,2,0.0,246,3382,6085,0.09543065063437678
53,9520,2,0.0,247,3388,6132,0.09458060145764802
87,9607,2,0.0,248,3397,6210,0.09373901041154904
24,9631,2,0.0,249,3400,6231,0.092905793336274
87,9718,2,0.0,250,3402,6316,0.09208086690942092
45,9763,2,0.0,251,3407,6356,0.0912641486376598
17,9780,2,0.0,252,3409,6371,0.09045555684848275
100,9880,2,0.0,253,3424,6456,0.08965501068203711
73,9953,2,0.0,254,3430,6523,0.08886243008303903
7,9960,2,0.0,255,3431,6529,0.08807773579276819
22,9982,2,0.0,256,3433,6549,0.08730084934114159
54,10036,2,0.0,257,3438,6598,0.08653169303886674
24,10060,2,0.0,258,3441,6619,0.0857701899696724
98,10158,2,0.0,259,3450,6708,0.08501626398261702
100,10258,2,0.0,260,3459,6799,0.0842698396844737
100,10358,2,0.0,261,3464,6894,0.08353084243219053
100,10458,2,0.0,262,3469,6989,0.08279919832542652
24,10482,2,0.0,263,3473,7009,0.08207483419916123
100,10582,2,0.0,264,3482,7100,0.08135767761637844
100,10682,2,0.0,265,3487,7195,0.08064765686082219
100,10782,2,0.0,266,3494,7288,0.0799447009298253
82,10864,2,0.0,267,3500,7364,0.0792487395272088
22,10886,2,0.0,268,3501,7385,0.07855970305625253
100,10986,2,0.0,269,3509,7477,0.07787752261273513
100,11086,2,0.0,270,3513,7573,0.07720212997804382
22,11108,2,0.0,271,3515,7593,0.07653345761235225
56,11164,2,0.0,272,3518,7646,0.07587143864786668
39,11203,2,0.0,273,3521,7682,0.07521600688213892
98,11301,2,0.0,274,3529,7772,0.07456709677144624
23,11324,2,0.0,275,3534,7790,0.07392464342423678
22,11346,2,0.0,276,3535,7811,0.0732885825946405
31,11377,2,0.0,277,3537,7840,0.07265885067604429
100,11477,2,0.0,278,3541,7936,0.07203538469473161
100,11577,2,0.0,279,3544,8033,0.0714181223035847
100,11677,2,0.0,280,3551,8126,0.07080700177585013
33,11710,2,0.0,281,3556,8154,0.07020196199896576
38,11748,2,0.0,282,3560,8188,0.06960294246844981
30,11778,2,0.0,283,3562,8216,0.06900988328184997
54,11832,2,0.0,284,3565,8267,0.06842272513275337
87,11919,2,0.0,285,3570,8349,0.06784140930485581
23,11942,2,0.0,286,3573,8369,0.06726587766609007
100,12042,2,0.0,287,3580,8462,0.06669607266281269
31,12073,2,0.0,288,3581,8492,0.06613193731404843
23,12096,2,0.0,289,3582,8514,0.06557341520579238
45,12141,2,0.0,290,3585,8556,0.06502045048536823
100,12241,2,0.0,291,3590,8651,0.06447298785584316
15,12256,2,0.0,292,3592,8664,0.06393097257049796
22,12278,2,0.0,293,3593,8685,0.06339435042735246
100,12378,2,0.0,294,3599,8779,0.06286306776374512
56,12434,2,0.0,295,3601,8833,0.06233707145096687
32,12466,2,0.0,296,3603,8863,0.06181630888894806
100,12566,2,0.0,297,3608,8958,0.061300728000998575
19,12585,2,0.0,298,3610,8975,0.06079027722859992
100,12685,2,0.0,299,3613,9072,0.060284905526249516
100,12785,2,0.0,300,3621,9164,0.05978456235635595
96,12881,2,0.0,301,3628,9253,0.05928919768418531
100,12981,2,0.0,302,3630,9351,0.05879876197285753
100,13081,2,0.0,303,3634,9447,0.058313206178392835
100,13181,2,0.0,304,3638,9543,0.05783248174480709
100,13281,2,0.0,305,3645,9636,0.057356540599256385
20,13301,2,0.0,306,3647,9654,0.0568853351472295
15,13316,2,0.0,307,3648,9668,0.0564188182677886
100,13416,2,0.0,308,3651,9765,0.05595694330885694
100,13516,2,0.0,309,3655,9861,0.05549966408255377
98,13614,2,0.0,310,3664,9950,0.05504693486057535
35,13649,2,0.0,311,3668,9981,0.05459871036962222
15,13664,2,0.0,312,3669,9995,0.05415494578687179
99,13763,2,0.0,313,3676,10087,0.05371559673549593
31,13794,2,0.0,314,3680,10114,0.053280619280223436
100,13894,2,0.0,315,3686,10208,0.05284996992294624
100,13994,2,0.0,316,3693,10301,0.05242360559836979
100,14094,2,0.0,317,3697,10397,0.05200148366970627
100,14194,2,0.0,318,3702,10492,0.051583561924411096
17,14211,2,0.0,319,3705,10506,0.05116979856996143
100,14311,2,0.0,320,3709,10602,0.050760152229677065
100,14411,2,0.0,321,3710,10701,0.05035458193858255
100,14511,2,0.0,322,3717,10794,0.049953047139310834
18,14529,2,0.0,323,3719,10810,0.04955550767804736
100,14629,2,0.0,324,3719,10910,0.04916192380051474
100,14729,2,0.0,325,3723,11006,0.0487722561479972
8,14737,2,0.0,326,3724,11013,0.04838646575340479
100,14837,2,0.0,327,3731,11106,0.04800451403737654
88,14925,2,0.0,328,3735,11190,0.04762636280442257
100,15025,2,0.0,329,3737,11288,0.04725197423910444
100,15125,2,0.0,330,3742,11383,0.04688131090225365
42,15167,2,0.0,331,3745,11422,0.046514335727227595
49,15216,2,0.0,332,3749,11467,0.046151012016203
91,15307,2,0.0,333,3755,11552,0.04579130343650595
100,15407,2,0.0,334,3764,11643,0.04543517401697875
21,15428,2,0.0,335,3767,11661,0.04508258814438266
66,15494,2,0.0,336,3770,11724,0.04473351055983658
100,15594,2,0.0,337,3772,11822,0.044387906355291176
35,15629,2,0.0,338,3775,11854,0.04404574097003798
100,15729,2,0.0,339,3781,11948,0.04370698018725335
95,15824,2,0.0,340,3787,12037,0.043371590130576676
98,15922,2,0.0,341,3788,12134,0.04303953726072282
92,16014,2,0.0,342,3793,12221,0.042710788372128064
100,16114,2,0.0,343,3801,12313,0.042385310589629625
87,16201,2,0.0,344,3805,12396,0.04206307136517797
95,16296,2,0.0,345,3809,12487,0.04174403847458216
100,16396,2,0.0,346,3810,12586,0.04142818001428726
22,16418,2,0.0,347,3812,12606,0.04111546439818403
100,16518,2,0.0,348,3815,12703,0.04080586035445025
16,16534,2,0.0,349,3816,12718,0.040499336922423565
21,16555,2,0.0,350,3818,12737,0.040195863449505306
100,16655,2,0.0,351,3820,12835,0.039895409588095315
100,16755,2,0.0,352,3826,12929,0.039597945292557044
91,16846,2,0.0,353,3832,13014,0.03930344081621308
100,16946,2,0.0,354,3834,13112,0.03901186670837034
33,16979,2,0.0,355,3837,13142,0.03872319381137508
100,17079,2,0.0,356,3841,13238,0.03843739325769703
100,17179,2,0.0,357,3844,13335,0.03815443646704266
26,17205,2,0.0,358,3847,13358,0.03787429514349709
100,17305,2,0.0,359,3850,13455,0.03759694127269454
100,17405,2,0.0,360,3854,13551,0.037322347119016795
87,17492,2,0.0,361,3857,13635,0.03705048522281963
29,17521,2,0.0,362,3858,13663,0.03678132839768691
100,17621,2,0.0,363,3861,13760,0.036514849727711796
100,17721,2,0.0,364,3866,13855,0.03625102256480524
100,17821,2,0.0,365,3870,13951,0.03598982052603108
89,17910,2,0.0,366,3873,14037,0.0357312174909678
100,18010,2,0.0,367,3875,14135,0.03547518759909634
90,18100,2,0.0,368,3879,14221,0.035221705247214206
30,18130,2,0.0,369,3880,14250,0.03497074508687494
100,18230,2,0.0,370,3887,14343,0.034722282021853394
100,18330,2,0.0,371,3890,14440,0.034476291205635994
44,18374,2,0.0,372,3892,14482,0.034232748038936146
33,18407,2,0.0,373,3894,14513,0.0339916281672342
87,18494,2,0.0,374,3900,14594,0.03375290747834208
100,18594,2,0.0,375,3904,14690,0.033516562099991945
100,18694,2,0.0,376,3906,14788,0.03328256839744902
53,18747,2,0.0,377,3911,14836,0.03305090297114803
100,18847,2,0.0,378,3915,14932,0.03282154265435332
100,18947,2,0.0,379,3917,15030,0.03259446451084204
100,19047,2,0.0,380,3921,15126,0.03236964583261064
100,19147,2,0.0,381,3926,15221,0.03214706413760394
87,19234,2,0.0,382,3931,15303,0.03192669716746694
100,19334,2,0.0,383,3934,15400,0.031708522885318995
100,19434,2,0.0,384,3934,15500,0.031492519473550085
46,19480,2,0.0,385,3939,15541,0.031278665331639026
100,19580,2,0.0,386,3942,15638,0.031066939073993396
100,19680,2,0.0,387,3946,15734,0.030857319527811018
100,19780,2,0.0,388,3947,15833,0.030649785730962574
100,19880,2,0.0,389,3948,15932,0.030444316929895437
100,19980,2,0.0,390,3950,16030,0.030240892577558277
88,20068,2,0.0,391,3956,16112,0.030039492331346347
92,20160,2,0.0,392,3959,16201,0.029840096051067175
54,20214,2,0.0,393,3961,16253,0.029642683796926583
100,20314,2,0.0,394,3965,16349,0.02944723582753464
100,20414,2,0.0,395,3965,16449,0.029253732597931535
100,20514,2,0.0,396,3965,16549,0.029062154757633053
100,20614,2,0.0,397,3968,16646,0.02887248314869552
100,20714,2,0.0,398,3970,16744,0.028684698803799973
15,20729,2,0.0,399,3973,16756,0.02849878294435545
100,20829,2,0.0,400,3974,16855,0.02831471697862105
100,20929,2,0.0,401,3976,16953,0.028132482499846838
100,21029,2,0.0,402,3978,17051,0.027952061284433068
100,21129,2,0.0,403,3980,17149,0.02777343529010782
100,21229,2,0.0,404,3985,17244,0.027596586654122846
100,21329,2,0.0,405,3987,17342,0.027421497691467157
100,21429,2,0.0,406,3988,17441,0.02724815089309858
100,21529,2,0.0,407,3988,17541,0.0270765289241928
100,21629,2,0.0,408,3988,17641,0.026906614622409945
100,21729,2,0.0,409,3991,17738,0.026738390996178224
100,21829,2,0.0,410,3992,17837,0.026571841222994823
18,21847,2,0.0,411,3993,17854,0.026406948647743643
100,21947,2,0.0,412,3993,17954,0.026243696781029717
100,22047,2,0.0,413,3993,18054,0.026082069297530375
100,22147,2,0.0,414,3998,18149,0.02592205003436255
100,22247,2,0.0,415,4000,18247,0.025763622989466578
44,22291,2,0.0,416,4001,18290,0.025606772320005942
100,22391,2,0.0,417,4001,18390,0.025451482340783003
7,22398,2,0.0,418,4002,18396,0.02529773752267042
100,22498,2,0.0,419,4002,18496,0.025145522491058264
100,22598,2,0.0,420,4004,18594,0.02499482202431651
7,22605,2,0.0,421,4005,18600,0.024845621052272927
100,22705,2,0.0,422,4010,18695,0.024697904654705963
100,22805,2,0.0,423,4013,18792,0.024551658059852766
61,22866,2,0.0,424,4019,18847,0.024406866642931964
7,22873,2,0.0,425,4020,18853,0.024263515924681227
100,22973,2,0.0,426,4023,18950,0.024121591569909263
100,23073,2,0.0,427,4028,19045,0.023981079386062323
100,23173,2,0.0,428,4030,19143,0.023841965321804916
100,23273,2,0.0,429,4033,19240,0.023704235465614704
100,23373,2,0.0,430,4034,19339,0.023567876044391298
100,23473,2,0.0,431,4037,19436,0.023432873422078924
100,23573,2,0.0,432,4041,19532,0.02329921409830285
100,23673,2,0.0,433,4042,19631,0.02316688470701933
20,23693,2,0.0,434,4043,19650,0.023035872015178954
100,23793,2,0.0,435,4046,19747,0.022906162921403357
15,23808,2,0.0,436,4047,19761,0.022777744454675064
100,23908,2,0.0,437,4049,19859,0.0226506037730404
100,24008,2,0.0,438,4052,19956,0.02252472816232525
100,24108,2,0.0,439,4055,20053,0.022400105034863643
100,24208,2,0.0,440,4059,20149,0.02227672192823897
100,24308,2,0.0,441,4062,20246,0.02215456650403775
100,24408,2,0.0,442,4063,20345,0.022033626546615788
100,24508,2,0.0,443,4065,20443,0.021913889961876536
100,24608,2,0.0,444,4067,20541,0.02179534477606175
100,24708,2,0.0,445,4069,20639,0.02167797913455405
100,24808,2,0.0,446,4070,20738,0.021561781300691488
100,24908,2,0.0,447,4071,20837,0.02144673965459385
100,25008,2,0.0,448,4073,20935,0.021332842692000656
100,25108,2,0.0,449,4075,21033,0.021220079023120713
100,25208,2,0.0,450,4078,21130,0.02110843737149319
30,25238,2,0.0,451,4080,21158,0.02099790657285988
100,25338,2,0.0,452,4083,21255,0.020888475574048812
100,25438,2,0.0,453,4084,21354,0.020780133431868894
100,25538,2,0.0,454,4087,21451,0.020672869312015653
100,25638,2,0.0,455,4092,21546,0.020566672487987697
100,25738,2,0.0,456,4094,21644,0.02046153234001413
100,25838,2,0.0,457,4097,21741,0.02035743835399253
100,25938,2,0.0,458,4097,21841,0.020254380120437558
87,26025,2,0.0,459,4100,21925,0.02015234733343998
100,26125,2,0.0,460,4101,22024,0.020051329789636065
100,26225,2,0.0,461,4101,22124,0.01995131738718724
100,26325,2,0.0,462,4101,22224,0.019852300124769934
100,26425,2,0.0,463,4103,22322,0.019754268100575387
100,26525,2,0.0,464,4104,22421,0.019657211511319474
100,26625,2,0.0,465,4105,22520,0.0195611206512624
100,26725,2,0.0,466,4108,22617,0.01946598591123807
100,26825,2,0.0,467,4111,22714,0.01937179777769322
100,26925,2,0.0,468,4111,22814,0.019278546831735997
100,27025,2,0.0,469,4115,22910,0.019186223748194096
54,27079,2,0.0,470,4118,22961,0.01909481929468222
100,27179,2,0.0,471,4119,23060,0.019004324330678855
96,27275,2,0.0,472,4121,23154,0.018914729806612192
35,27310,2,0.0,473,4122,23188,0.01882602676295516
100,27410,2,0.0,474,4124,23286,0.018738206329329453
100,27510,2,0.0,475,4126,23384,0.018651259723618557
100,27610,2,0.0,476,4127,23483,0.01856517825108943
100,27710,2,0.0,477,4128,23582,0.018479953303523082
100,27810,2,0.0,478,4131,23679,0.018395576358353725
100,27910,2,0.0,479,4131,23779,0.018312038977816556
100,28010,2,0.0,480,4133,23877,0.018229332808103887
100,28110,2,0.0,481,4134,23976,0.01814744957852983
100,28210,2,0.0,482,4135,24075,0.01806638110070318
100,28310,2,0.0,483,4136,24174,0.01798611926770862
100,28410,2,0.0,484,4137,24273,0.017906656053295947
38,28448,2,0.0,485,4139,24309,0.017827983511077505
23,28471,2,0.0,486,4140,24331,0.01775009377373351
100,28571,2,0.0,487,4142,24429,0.017672979052225327
47,28618,2,0.0,488,4145,24473,0.017596631635016534
100,28718,2,0.0,489,4146,24572,0.01752104388730179
87,28805,2,0.0,490,4148,24657,0.017446208250243338
33,28838,2,0.0,491,4149,24689,0.017372117240215094
100,28938,2,0.0,492,4152,24786,0.01729876344805433
22,28960,2,0.0,493,4153,24807,0.0172261395383207
100,29060,2,0.0,494,4157,24903,0.017154238248562697
36,29096,2,0.0,495,4158,24938,0.017083052388591435
100,29196,2,0.0,496,4160,25036,0.017012574839761596
100,29296,2,0.0,497,4165,25131,0.01694279855425957
100,29396,2,0.0,498,4167,25229,0.016873716554398652
100,29496,2,0.0,499,4167,25329,0.016805321931921288
100,29596,2,0.0,500,4167,25429,0.01673760784730824
100,29696,2,0.0,501,4169,25527,0.016670567529094613
22,29718,2,0.0,502,4170,25548,0.01660419427319272
100,29818,2,0.0,503,4171,25647,0.016538481442221656
100,29918,2,0.0,504,4172,25746,0.016473422464843575
100,30018,2,0.0,505,4172,25846,0.01640901083510651
100,30118,2,0.0,506,4174,25944,0.01634524011179382
100,30218,2,0.0,507,4175,26043,0.016282103917780018
100,30318,2,0.0,508,4176,26142,0.01621959593939311
100,30418,2,0.0,509,4176,26242,0.016157709925783147
100,30518,2,0.0,510,4177,26341,0.016096439688297208
100,30618,2,0.0,511,4178,26440,0.016035779099860478
8,30626,2,0.0,512,4179,26447,0.01597572209436357
100,30726,2,0.0,513,4180,26546,0.015916262666055885
100,30826,2,0.0,514,4181,26645,0.015857394868945038
100,30926,2,0.0,515,4182,26744,0.015799112816202266
100,31026,2,0.0,516,4186,26840,0.01574141067957372
100,31126,2,0.0,517,4186,26940,0.01568428268879766
100,31226,2,0.0,518,4186,27040,0.0156277231310274
29,31255,2,0.0,519,4188,27067,0.015571726350260025
100,31355,2,0.0,520,4188,27167,0.015516286746770792
7,31362,2,0.0,521,4189,27173,0.015461398776553163
100,31462,2,0.0,522,4189,27273,0.015407056950764372
100,31562,2,0.0,523,4190,27372,0.01535325583517655
100,31662,2,0.0,524,4191,27471,0.015299990049633304
100,31762,2,0.0,525,4193,27569,0.015247254267511699
100,31862,2,0.0,526,4194,27668,0.015195043215189571
100,31962,2,0.0,527,4197,27765,0.015143351671518179
100,32062,2,0.0,528,4198,27864,0.015092174467300075
96,32158,2,0.0,529,4199,27959,0.015041506484772198
100,32258,2,0.0,530,4202,28056,0.01499134265709407
100,32358,2,0.0,531,4204,28154,0.014941677967841115
100,32458,2,0.0,532,4206,28252,0.01489250745050302
100,32558,2,0.0,533,4207,28351,0.014843826187987082
100,32658,2,0.0,534,4207,28451,0.014795629312126479
100,32758,2,0.0,535,4208,28550,0.014747912003193458
31,32789,2,0.0,536,4210,28579,0.014700669489417359
44,32833,2,0.0,537,4211,28622,0.014653897046507443
100,32933,2,0.0,538,4213,28720,0.01460758999718044
100,33033,2,0.0,539,4215,28818,0.014561743710692824
100,33133,2,0.0,540,4217,28916,0.014516353602377746
100,33233,2,0.0,541,4217,29016,0.01447141513318654
100,33333,2,0.0,542,4217,29116,0.014426923809234849
100,33433,2,0.0,543,4219,29214,0.014382875181353196
100,33533,2,0.0,544,4221,29312,0.01433926484464209
100,33633,2,0.0,545,4221,29412,0.014296088438031505
100,33733,2,0.0,546,4224,29509,0.014253341643844817
100,33833,2,0.0,547,4224,29609,0.014211020187366974
100,33933,2,0.0,548,4226,29707,0.014169119836417065
100,34033,2,0.0,549,4226,29807,0.01412763640092507
100,34133,2,0.0,550,4229,29904,0.014086565732512882
100,34233,2,0.0,551,4229,30004,0.014045903724079427
100,34333,2,0.0,552,4230,30103,0.014005646309389977
100,34433,2,0.0,553,4232,30201,0.013965789462669513
38,34471,2,0.0,554,4233,30238,0.013926329198200155
46,34517,2,0.0,555,4234,30283,0.013887261569922569
100,34617,2,0.0,556,4234,30383,0.01384858267104137
100,34717,2,0.0,557,4235,30482,0.013810288633634434
100,34817,2,0.0,558,4235,30582,0.013772375628266116
100,34917,2,0.0,559,4235,30682,0.013734839863604284
8,34925,2,0.0,560,4236,30689,0.013697677586041186
100,35025,2,0.0,561,4238,30787,0.0136608850793181
85,35110,2,0.0,562,4240,30870,0.013624458664153696
100,35210,2,0.0,563,4242,30968,0.013588394697876097
87,35297,2,0.0,564,4246,31051,0.013552689574058628
100,35397,2,0.0,565,4249,31148,0.013517339722159148
100,35497,2,0.0,566,4250,31247,0.013482341607163007
22,35519,2,0.0,567,4251,31268,0.013447691729229546
38,35557,2,0.0,568,4253,31304,0.013413386623342096
100,35657,2,0.0,569,4253,31404,0.013379422858961477
100,35757,2,0.0,570,4254,31503,0.013345797039682946
100,35857,2,0.0,571,4258,31599,0.01331250580289656
100,35957,2,0.0,572,4258,31699,0.013279545819450893
100,36057,2,0.0,573,4258,31799,0.013246913793320138
100,36157,2,0.0,574,4258,31899,0.01321460646127448
33,36190,2,0.0,575,4259,31931,0.013182620592553802
100,36290,2,0.0,576,4260,32030,0.01315095298854457
100,36390,2,0.0,577,4262,32128,0.013119600482459998
100,36490,2,0.0,578,4262,32228,0.013088559939023343
100,36590,2,0.0,579,4262,32328,0.013057828254154401
100,36690,2,0.0,580,4264,32426,0.013027402354659073
100,36790,2,0.0,581,4264,32526,0.012997279197922058
100,36890,2,0.0,582,4265,32625,0.012967455771602571
100,36990,2,0.0,583,4266,32724,0.012937929093333135
100,37090,2,0.0,584,4266,32824,0.012908696210421315
100,37190,2,0.0,585,4266,32924,0.012879754199554458
100,37290,2,0.0,586,4266,33024,0.012851100166507357
100,37390,2,0.0,587,4267,33123,0.012822731245852837
100,37490,2,0.0,588,4267,33223,0.012794644600675184
100,37590,2,0.0,589,4268,33322,0.012766837422286476
100,37690,2,0.0,590,4270,33420,0.012739306929945703
100,37790,2,0.0,591,4270,33520,0.012712050370580685
100,37890,2,0.0,592,4273,33617,0.012685065018512777
38,37928,2,0.0,593,4274,33654,0.012658348175184284
100,38028,2,0.0,594,4276,33752,0.012631897168888604
100,38128,2,0.0,595,4278,33850,0.012605709354503067
100,38228,2,0.0,596,4278,33950,0.012579782113224414
100,38328,2,0.0,597,4278,34050,0.012554112852306908
100,38428,2,0.0,598,4279,34149,0.012528699004803068
100,38528,2,0.0,599,4280,34248,0.012503538029306963
100,38628,2,0.0,600,4281,34347,0.012478627409700078
32,38660,2,0.0,601,4282,34378,0.012453964654899695
100,38760,2,0.0,602,4282,34478,0.012429547298609778
100,38860,2,0.0,603,4282,34578,0.01240537289907435
100,38960,2,0.0,604,4284,34676,0.012381439038833314
100,39060,2,0.0,605,4285,34775,0.012357743324480702
100,39160,2,0.0,606,4286,34874,0.01233428338642533
95,39255,2,0.0,607,4288,34967,0.012311056878653841
100,39355,2,0.0,608,4289,35066,0.012288061478496108
100,39455,2,0.0,609,4289,35166,0.012265294886392948
22,39477,2,0.0,610,4290,35187,0.01224275482566618
100,39577,2,0.0,611,4292,35285,0.012220439042290943
100,39677,2,0.0,612,4293,35384,0.012198345304670311
100,39777,2,0.0,613,4295,35482,0.012176471403412107
29,39806,2,0.0,614,4296,35510,0.012154815151107974
18,39824,2,0.0,615,4297,35527,0.012133374382114637
100,39924,2,0.0,616,4299,35625,0.012112146952337331
100,40024,2,0.0,617,4300,35724,0.012091130739015387
100,40124,2,0.0,618,4304,35820,0.012070323640509958
100,40224,2,0.0,619,4305,35919,0.012049723576093858
22,40246,2,0.0,620,4306,35940,0.012029328485743472
100,40346,2,0.0,621,4309,36037,0.012009136329932777
100,40446,2,0.0,622,4311,36135,0.01198914508942936
100,40546,2,0.0,623,4312,36234,0.011969352765092513
100,40646,2,0.0,624,4312,36334,0.011949757377673304
100,40746,2,0.0,625,4313,36433,0.01193035696761667
100,40846,2,0.0,626,4314,36532,0.011911149594865432
100,40946,2,0.0,627,4315,36631,0.011892133338666311
100,41046,2,0.0,628,4316,36730,0.01187330629737784
100,41146,2,0.0,629,4317,36829,0.011854666588280199
100,41246,2,0.0,630,4319,36927,0.011836212347386948
32,41278,2,0.0,631,4320,36958,0.011817941729258619
100,41378,2,0.0,632,4320,37058,0.011799852906818169
100,41478,2,0.0,633,4321,37157,0.011781944071168286
100,41578,2,0.0,634,4322,37256,0.011764213431410478
100,41678,2,0.0,635,4323,37355,0.011746659214465993
100,41778,2,0.0,636,4324,37454,0.011729279664898506
100,41878,2,0.0,637,4324,37554,0.011712073044738584
100,41978,2,0.0,638,4328,37650,0.011695037633309868
18,41996,2,0.0,639,4329,37667,0.011678171727057018
100,42096,2,0.0,640,4330,37766,0.011661473639375353
100,42196,2,0.0,641,4333,37863,0.011644941700442194
100,42296,2,0.0,642,4334,37962,0.011628574257049868
100,42396,2,0.0,643,4336,38060,0.011612369672440398
100,42496,2,0.0,644,4338,38158,0.011596326326141817
100,42596,2,0.0,645,4338,38258,0.011580442613806126
98,42694,2,0.0,646,4340,38354,0.011564716947048855
100,42794,2,0.0,647,4341,38453,0.011549147753290225
95,42889,2,0.0,648,4342,38547,0.011533733475597885
100,42989,2,0.0,649,4342,38647,0.011518472572531219
100,43089,2,0.0,650,4342,38747,0.011503363517987204
100,43189,2,0.0,651,4342,38847,0.011488404801047796
100,43289,2,0.0,652,4342,38947,0.011473594925828836
100,43389,2,0.0,653,4343,39046,0.011458932411330456
100,43489,2,0.0,654,4343,39146,0.01144441579128899
100,43589,2,0.0,655,4344,39245,0.011430043614030338
22,43611,2,0.0,656,4345,39266,0.011415814442324796
100,43711,2,0.0,657,4346,39365,0.011401726853243335
54,43765,2,0.0,658,4347,39418,0.011387779438015309
100,43865,2,0.0,659,4347,39518,0.011373970801887569
22,43887,2,0.0,660,4348,39539,0.011360299563985
22,43909,2,0.0,661,4349,39560,0.011346764357172414
100,44009,2,0.0,662,4351,39658,0.011333363827917855
100,44109,2,0.0,663,4352,39757,0.011320096636157226
100,44209,2,0.0,664,4352,39857,0.011306961455160297
22,44231,2,0.0,665,4353,39878,0.011293956971398022
100,44331,2,0.0,666,4354,39977,0.01128108188441119
100,44431,2,0.0,667,4355,40076,0.01126833490668037
100,44531,2,0.0,668,4355,40176,0.011255714763497167
100,44631,2,0.0,669,4355,40276,0.011243220192836747
100,44731,2,0.0,670,4356,40375,0.011230849945231628
100,44831,2,0.0,671,4356,40475,0.011218602783646746
100,44931,2,0.0,672,4356,40575,0.011206477483355735
100,45031,2,0.0,673,4357,40674,0.01119447283181846
100,45131,2,0.0,674,4357,40774,0.011182587628559764
100,45231,2,0.0,675,4358,40873,0.011170820685049418
100,45331,2,0.0,676,4360,40971,0.011159170824583262
100,45431,2,0.0,677,4360,41071,0.011147636882165546
100,45531,2,0.0,678,4362,41169,0.011136217704392411
100,45631,2,0.0,679,4362,41269,0.011124912149336568
100,45731,2,0.0,680,4362,41369,0.01111371908643309
100,45831,2,0.0,681,4363,41468,0.011102637396366355
100,45931,2,0.0,682,4363,41568,0.011091665970958125
100,46031,2,0.0,683,4364,41667,0.011080803713056716
100,46131,2,0.0,684,4364,41767,0.011070049536427285
100,46231,2,0.0,685,4365,41866,0.011059402365643208
14,46245,2,0.0,686,4366,41879,0.011048861135978534
18,46263,2,0.0,687,4367,41896,0.011038424793301511
100,46363,2,0.0,688,4369,41994,0.011028092293969175
100,46463,2,0.0,689,4369,42094,0.011017862604722983
100,46563,2,0.0,690,4369,42194,0.011007734702585483
18,46581,2,0.0,691,4370,42211,0.010997707574758025
100,46681,2,0.0,692,4370,42311,0.010987780218519469
100,46781,2,0.0,693,4371,42410,0.010977951641125918
31,46812,2,0.0,694,4372,42440,0.010968220859711442
100,46912,2,0.0,695,4372,42540,0.010958586901189789
100,47012,2,0.0,696,4374,42638,0.01094904880215708
100,47112,2,0.0,697,4376,42736,0.010939605608795464
100,47212,2,0.0,698,4377,42835,0.010930256376777735
100,47312,2,0.0,699,4377,42935,0.010921000171172899
100,47412,2,0.0,700,4377,43035,0.010911836066352685
100,47512,2,0.0,701,4379,43133,0.010902763145898971
100,47612,2,0.0,702,4379,43233,0.010893780502512152
100,47712,2,0.0,703,4380,43332,0.010884887237920403
100,47812,2,0.0,704,4381,43431,0.010876082462789857
100,47912,2,0.0,705,4381,43531,0.010867365296635659
100,48012,2,0.0,706,4382,43630,0.010858734867733933
100,48112,2,0.0,707,4382,43730,0.010850190313034594
100,48212,2,0.0,708,4384,43828,0.010841730778075053
100,48312,2,0.0,709,4388,43924,0.010833355416894765
100,48412,2,0.0,710,4390,44022,0.01082506339195063
100,48512,2,0.0,711,4392,44120,0.010816853874033245
100,48612,2,0.0,712,4393,44219,0.010808726042183978
100,48712,2,0.0,713,4394,44318,0.01080067908361287
100,48812,2,0.0,714,4396,44416,0.01079271219361736
100,48912,2,0.0,715,4396,44516,0.010784824575501804
100,49012,2,0.0,716,4396,44616,0.010777015440497823
100,49112,2,0.0,717,4397,44715,0.010769284007685407
15,49127,2,0.0,718,4398,44729,0.01076162950391483
100,49227,2,0.0,719,4399,44828,0.01075405116372934
100,49327,2,0.0,720,4401,44926,0.010746548229288598
100,49427,2,0.0,721,4402,45025,0.010739119950292912
100,49527,2,0.0,722,4403,45124,0.010731765583908192
100,49627,2,0.0,723,4403,45224,0.010724484394691668
100,49727,2,0.0,724,4405,45322,0.010717275654518353
100,49827,2,0.0,725,4408,45419,0.010710138642508221
100,49927,2,0.0,726,4408,45519,0.010703072644954124
100,50027,2,0.0,727,4408,45619,0.010696076955250418
100,50127,2,0.0,728,4410,45717,0.010689150873822304
100,50227,2,0.0,729,4412,45815,0.010682293708055865
100,50327,2,0.0,730,4414,45913,0.010675504772228813
100,50427,2,0.0,731,4415,46012,0.010668783387441906
100,50527,2,0.0,732,4415,46112,0.010662128881551065
100,50627,2,0.0,733,4415,46212,0.010655540589100154
100,50727,2,0.0,734,4417,46310,0.010649017851254439
100,50827,2,0.0,735,4418,46409,0.0106425600157347
100,50927,2,0.0,736,4418,46509,0.010636166436752002
100,51027,2,0.0,737,4418,46609,0.01062983647494312
100,51127,2,0.0,738,4418,46709,0.010623569497306598
100,51227,2,0.0,739,4418,46809,0.01061736487713945
100,51327,2,0.0,740,4418,46909,0.010611221993974488
100,51427,2,0.0,741,4419,47008,0.010605140233518277
100,51527,2,0.0,742,4420,47107,0.010599118987589702
100,51627,2,0.0,743,4422,47205,0.010593157654059155
100,51727,2,0.0,744,4423,47304,0.010587255636788313
100,51827,2,0.0,745,4424,47403,0.01058141234557053
100,51927,2,0.0,746,4424,47503,0.01057562719607182
100,52027,2,0.0,747,4424,47603,0.010569899609772403
100,52127,2,0.0,748,4425,47702,0.010564229013908884
100,52227,2,0.0,749,4425,47802,0.010558614841416947
32,52259,2,0.0,750,4427,47832,0.010553056530874667
100,52359,2,0.0,751,4427,47932,0.010547553526446355
100,52459,2,0.0,752,4427,48032,0.010542105277826985
46,52505,2,0.0,753,4428,48077,0.010536711240187152
100,52605,2,0.0,754,4429,48176,0.0105313708741186
100,52705,2,0.0,755,4429,48276,0.01052608364558027
30,52735,2,0.0,756,4430,48305,0.010520849025844903
100,52835,2,0.0,757,4430,48405,0.010515666491446161
100,52935,2,0.0,758,4430,48505,0.01051053552412629
100,53035,2,0.0,759,4430,48605,0.010505455610784278
53,53088,2,0.0,760,4432,48656,0.010500426243424558
100,53188,2,0.0,761,4433,48755,0.010495446919106205
100,53288,2,0.0,762,4434,48854,0.010490517139892635
100,53388,2,0.0,763,4435,48953,0.010485636412801822
100,53488,2,0.0,764,4435,49053,0.010480804249756986
100,53588,2,0.0,765,4436,49152,0.010476020167537797
100,53688,2,0.0,766,4438,49250,0.010471283687732046
87,53775,2,0.0,767,4442,49333,0.010466594336687809
100,53875,2,0.0,768,4443,49432,0.010461951645466068
100,53975,2,0.0,769,4445,49530,0.010457355149793835
100,54075,2,0.0,770,4445,49630,0.010452804390017712
100,54175,2,0.0,771,4445,49730,0.010448298911057929
100,54275,2,0.0,772,4445,49830,0.010443838262362837
100,54375,2,0.0,773,4447,49928,0.010439421997863846
100,54475,2,0.0,774,4448,50027,0.010435049675930827
100,54575,2,0.0,775,4448,50127,0.010430720859327945
100,54675,2,0.0,776,4448,50227,0.01042643511516993
100,54775,2,0.0,777,4449,50326,0.010422192014878798
100,54875,2,0.0,778,4451,50424,0.01041799113414098
100,54975,2,0.0,779,4452,50523,0.010413832052864903
100,55075,2,0.0,780,4452,50623,0.010409714355138974
100,55175,2,0.0,781,4454,50721,0.010405637629189989
100,55275,2,0.0,782,4455,50820,0.010401601467341955
100,55375,2,0.0,783,4455,50920,0.010397605465975325
100,55475,2,0.0,784,4459,51016,0.01039364922548663
100,55575,2,0.0,785,4461,51114,0.010389732350248527
100,55675,2,0.0,786,4462,51213,0.010385854448570228
100,55775,2,0.0,787,4462,51313,0.01038201513265833
100,55875,2,0.0,788,4462,51413,0.010378214018578047
100,55975,2,0.0,789,4462,51513,0.0103744507262148
100,56075,2,0.0,790,4462,51613,0.010370724879236218
99,56174,2,0.0,791,4463,51711,0.010367036105054498
100,56274,2,0.0,792,4464,51810,0.010363384034789147
100,56374,2,0.0,793,4464,51910,0.010359768303230097
100,56474,2,0.0,794,4464,52010,0.010356188548801179
100,56574,2,0.0,795,4465,52109,0.010352644413523964
100,56674,2,0.0,796,4466,52208,0.010349135542981974
22,56696,2,0.0,797,4467,52229,0.010345661586285228
100,56796,2,0.0,798,4468,52328,0.010342222196035164
100,56896,2,0.0,799,4470,52426,0.01033881702828989
100,56996,2,0.0,800,4470,52526,0.010335445742529792
100,57096,2,0.0,801,4473,52623,0.010332108001623487
22,57118,2,0.0,802,4474,52644,0.010328803471794101
100,57218,2,0.0,803,4476,52742,0.0103255318225859
100,57318,2,0.0,804,4476,52842,0.010322292726831234
100,57418,2,0.0,805,4476,52942,0.01031908586061783
100,57518,2,0.0,806,4477,53041,0.010315910903256391
100,57618,2,0.0,807,4478,53140,0.01031276753724854
100,57718,2,0.0,808,4478,53240,0.010309655448255054
100,57818,2,0.0,809,4481,53337,0.01030657432506444
100,57918,2,0.0,810,4483,53435,0.010303523859561813
87,58005,2,0.0,811,4484,53521,0.01030050374669808
100,58105,2,0.0,812,4484,53621,0.010297513684459435
100,58205,2,0.0,813,4484,53721,0.010294553373837166
100,58305,2,0.0,814,4486,53819,0.010291622518797741
100,58405,2,0.0,815,4488,53917,0.010288720826253218
100,58505,2,0.0,816,4490,54015,0.010285848006031922
100,58605,2,0.0,817,4492,54113,0.010283003770849435
100,58705,2,0.0,818,4492,54213,0.010280187836279871
100,58805,2,0.0,819,4495,54310,0.010277399920727424
100,58905,2,0.0,820,4496,54409,0.01027463974539822
100,59005,2,0.0,821,4497,54508,0.010271907034272422
44,59049,2,0.0,822,4498,54551,0.01026920151407664
100,59149,2,0.0,823,4498,54651,0.010266522914256601
100,59249,2,0.0,824,4499,54750,0.010263870966950093
100,59349,2,0.0,825,4500,54849,0.01026124540696017
100,59449,2,0.0,826,4500,54949,0.010258645971728651
100,59549,2,0.0,827,4500,55049,0.010256072401309843
100,59649,2,0.0,828,4500,55149,0.01025352443834456
100,59749,2,0.0,829,4500,55249,0.010251001828034383
100,59849,2,0.0,830,4501,55348,0.010248504318116178
100,59949,2,0.0,831,4503,55446,0.010246031658836873
100,60049,2,0.0,832,4504,55545,0.010243583602928479
100,60149,2,0.0,833,4505,55644,0.010241159905583363
100,60249,2,0.0,834,4508,55741,0.010238760324429774
100,60349,2,0.0,835,4508,55841,0.010236384619507594
100,60449,2,0.0,836,4509,55940,0.010234032553244354
36,60485,2,0.0,837,4511,55974,0.010231703890431466
100,60585,2,0.0,838,4512,56073,0.01022939839820071
100,60685,2,0.0,839,4514,56171,0.010227115846000938
100,60785,2,0.0,840,4516,56269,0.01022485600557503
100,60885,2,0.0,841,4517,56368,0.01022261865093706
100,60985,2,0.0,842,4518,56467,0.010220403558349701
100,61085,2,0.0,843,4518,56567,0.010218210506301846
100,61185,2,0.0,844,4519,56666,0.010216039275486465
100,61285,2,0.0,845,4519,56766,0.010213889648778665
100,61385,2,0.0,846,4519,56866,0.010211761411213984
100,61485,2,0.0,847,4520,56965,0.010209654349966894
100,61585,2,0.0,848,4522,57063,0.010207568254329514
100,61685,2,0.0,849,4524,57161,0.01020550291569054
100,61785,2,0.0,850,4524,57261,0.010203458127514388
100,61885,2,0.0,851,4524,57361,0.010201433685320538
100,61985,2,0.0,852,4527,57458,0.010199429386663081
100,62085,2,0.0,853,4527,57558,0.010197445031110482
100,62185,2,0.0,854,4528,57657,0.010195480420225531
100,62285,2,0.0,855,4529,57756,0.010193535357545505
100,62385,2,0.0,856,4531,57854,0.010191609648562514
100,62485,2,0.0,857,4532,57953,0.010189703100704052
100,62585,2,0.0,858,4533,58052,0.01018781552331375
100,62685,2,0.0,859,4533,58152,0.01018594672763229
100,62785,2,0.0,860,4535,58250,0.010184096526778551
100,62885,2,0.0,861,4535,58350,0.010182264735730903
100,62985,2,0.0,862,4537,58448,0.010180451171308717
100,63085,2,0.0,863,4537,58548,0.010178655652154037
100,63185,2,0.0,864,4538,58647,0.010176877998713455
100,63285,2,0.0,865,4538,58747,0.01017511803322014
100,63385,2,0.0,866,4539,58846,0.010173375579676082
100,63485,2,0.0,867,4540,58945,0.01017165046383447
100,63585,2,0.0,868,4541,59044,0.010169942513182286
45,63630,2,0.0,869,4542,59088,0.010168251556923037
100,63730,2,0.0,870,4544,59186,0.010166577425959692
100,63830,2,0.0,871,4545,59285,0.010164919952877757
100,63930,2,0.0,872,4546,59384,0.010163278971928544
100,64030,2,0.0,873,4548,59482,0.01016165431901259
100,64130,2,0.0,874,4549,59581,0.01016004583166325
100,64230,2,0.0,875,4549,59681,0.010158453349030448
100,64330,2,0.0,876,4549,59781,0.010156876711864594
100,64430,2,0.0,877,4550,59880,0.010155315762500658
100,64530,2,0.0,878,4550,59980,0.0101537703448424
100,64630,2,0.0,879,4551,60079,0.010152240304346772
100,64730,2,0.0,880,4553,60177,0.010150725488008444
100,64830,2,0.0,881,4555,60275,0.010149225744344521
100,64930,2,0.0,882,4555,60375,0.01014774092337939
54,64984,2,0.0,883,4558,60426,0.010146270876629714
100,65084,2,0.0,884,4558,60526,0.010144815457089593
100,65184,2,0.0,885,4558,60626,0.010143374519215861
100,65284,2,0.0,886,4558,60726,0.01014194791891353
100,65384,2,0.0,887,4558,60826,0.01014053551352138
100,65484,2,0.0,888,4560,60924,0.010139137161797698
100,65584,2,0.0,889,4560,61024,0.010137752723906142
100,65684,2,0.0,890,4561,61123,0.01013638206140177
100,65784,2,0.0,891,4563,61221,0.010135025037217192
100,65884,2,0.0,892,4564,61320,0.010133681515648855
87,65971,2,0.0,893,4567,61404,0.010132351362343486
100,66071,2,0.0,894,4568,61503,0.010131034444284644
100,66171,2,0.0,895,4568,61603,0.010129730629779427
22,66193,2,0.0,896,4569,61624,0.010128439788445296
32,66225,2,0.0,897,4571,61654,0.010127161791197044
100,66325,2,0.0,898,4571,61754,0.01012589651023388
100,66425,2,0.0,899,4572,61853,0.010124643819026653
100,66525,2,0.0,900,4573,61952,0.0101234035923052
100,66625,2,0.0,901,4573,62052,0.010122175706045813
100,66725,2,0.0,902,4575,62150,0.010120960037458845
100,66825,2,0.0,903,4576,62249,0.010119756464976423
100,66925,2,0.0,904,4577,62348,0.010118564868240294
46,66971,2,0.0,905,4579,62392,0.010117385128089795
100,67071,2,0.0,906,4581,62490,0.010116217126549927
100,67171,2,0.0,907,4582,62589,0.010115060746819561
100,67271,2,0.0,908,4584,62687,0.010113915873259762
100,67371,2,0.0,909,4585,62786,0.010112782391382219
100,67471,2,0.0,910,4585,62886,0.010111660187837799
100,67571,2,0.0,911,4585,62986,0.010110549150405214
100,67671,2,0.0,912,4587,63084,0.010109449167979795
100,67771,2,0.0,913,4588,63183,0.010108360130562379
100,67871,2,0.0,914,4588,63283,0.010107281929248322
100,67971,2,0.0,915,4588,63383,0.010106214456216591
100,68071,2,0.0,916,4589,63482,0.010105157604718994
100,68171,2,0.0,917,4589,63582,0.010104111269069502
100,68271,2,0.0,918,4592,63679,0.010103075344633675
100,68371,2,0.0,919,4593,63778,0.010102049727818207
100,68471,2,0.0,920,4593,63878,0.010101034316060565
100,68571,2,0.0,921,4593,63978,0.010100029007818723
100,68671,2,0.0,922,4593,64078,0.01009903370256102
100,68771,2,0.0,923,4593,64178,0.010098048300756102
100,68871,2,0.0,924,4594,64277,0.010097072703862968
100,68971,2,0.0,925,4596,64375,0.010096106814321115
100,69071,2,0.0,926,4601,64470,0.01009515053554078
100,69171,2,0.0,927,4604,64567,0.010094203771893295
100,69271,2,0.0,928,4604,64667,0.010093266428701501
100,69371,2,0.0,929,4604,64767,0.0100923384122303
100,69471,2,0.0,930,4605,64866,0.01009141962967727
100,69571,2,0.0,931,4605,64966,0.010090509989163391
100,69671,2,0.0,932,4605,65066,0.010089609399723856
36,69707,2,0.0,933,4606,65101,0.010088717771298966
32,69739,2,0.0,934,4607,65132,0.010087835014725138
100,69839,2,0.0,935,4608,65231,0.010086961041725979
100,69939,2,0.0,936,4608,65331,0.01008609576490346
100,70039,2,0.0,937,4610,65429,0.010085239097729176
100,70139,2,0.0,938,4610,65529,0.0100843909545357
100,70239,2,0.0,939,4611,65628,0.010083551250508005
100,70339,2,0.0,940,4613,65726,0.010082719901674985
100,70439,2,0.0,941,4614,65825,0.010081896824901066
7,70446,2,0.0,942,4615,65831,0.010081081937877885
100,70546,2,0.0,943,4616,65930,0.01008027515911606
100,70646,2,0.0,944,4616,66030,0.010079476407937044
100,70746,2,0.0,945,4616,66130,0.010078685604465051
35,70781,2,0.0,946,4617,66164,0.010077902669619077
100,70881,2,0.0,947,4618,66263,0.010077127525104984
100,70981,2,0.0,948,4618,66363,0.010076360093407673
100,71081,2,0.0,949,4619,66462,0.010075600297783338
100,71181,2,0.0,950,4620,66561,0.010074848062251781
96,71277,2,0.0,951,4621,66656,0.010074103311588823
100,71377,2,0.0,952,4621,66756,0.010073365971318778
22,71399,2,0.0,953,4622,66777,0.010072635967707003
100,71499,2,0.0,954,4623,66876,0.010071913227752527
100,71599,2,0.0,955,4623,66976,0.010071197679180756
100,71699,2,0.0,956,4623,67076,0.010070489250436234
86,71785,2,0.0,957,4624,67161,0.010069787870675497
100,71885,2,0.0,958,4624,67261,0.010069093469759984
100,71985,2,0.0,959,4624,67361,0.010068405978249026
100,72085,2,0.0,960,4624,67461,0.010067725327392897
32,72117,2,0.0,961,4626,67491,0.010067051449125945
98,72215,2,0.0,962,4627,67588,0.010066384276059784
100,72315,2,0.0,963,4628,67687,0.010065723741476547
100,72415,2,0.0,964,4628,67787,0.01006506977932223
100,72515,2,0.0,965,4629,67886,0.010064422324200068
100,72615,2,0.0,966,4631,67984,0.010063781311364012
100,72715,2,0.0,967,4631,68084,0.010063146676712244
100,72815,2,0.0,968,4631,68184,0.01006251835678077
100,72915,2,0.0,969,4633,68282,0.010061896288737071
100,73015,2,0.0,970,4633,68382,0.01006128041037383
100,73115,2,0.0,971,4634,68481,0.01006067066010269
100,73215,2,0.0,972,4635,68580,0.01006006697694812
100,73315,2,0.0,973,4635,68680,0.010059469300541302
22,73337,2,0.0,974,4636,68701,0.010058877571114096
100,73437,2,0.0,975,4638,68799,0.010058291729493065
100,73537,2,0.0,976,4639,68898,0.01005771171709356
46,73583,2,0.0,977,4640,68943,0.010057137475913858
100,73683,2,0.0,978,4640,69043,0.010056568948529363
100,73783,2,0.0,979,4640,69143,0.010056006078086861
100,73883,2,0.0,980,4642,69241,0.01005544880829884
100,73983,2,0.0,981,4642,69341,0.010054897083437856
100,74083,2,0.0,982,4642,69441,0.010054350848330963
14,74097,2,0.0,983,4643,69454,0.010053810048354195
100,74197,2,0.0,984,4643,69554,0.010053274629427107
100,74297,2,0.0,985,4643,69654,0.010052744538007355
100,74397,2,0.0,986,4645,69752,0.01005221972108536
33,74430,2,0.0,987,4646,69784,0.010051700126178988
100,74530,2,0.0,988,4648,69882,0.010051185701328317
100,74630,2,0.0,989,4648,69982,0.010050676395090436
100,74730,2,0.0,990,4648,70082,0.010050172156534292
100,74830,2,0.0,991,4649,70181,0.010049672935235614
100,74930,2,0.0,992,4649,70281,0.010049178681271852
100,75030,2,0.0,993,4650,70380,0.010048689345217202
100,75130,2,0.0,994,4650,70480,0.010048204878137646
14,75144,2,0.0,995,4651,70493,0.010047725231586075
100,75244,2,0.0,996,4652,70592,0.010047250357597435
100,75344,2,0.0,997,4654,70690,0.010046780208683928
100,75444,2,0.0,998,4656,70788,0.010046314737830275
100,75544,2,0.0,999,4656,70888,0.010045853898488999
100,75644,2,0.0,1000,4657,70987,0.010045397644575786
100,75744,2,0.0,1001,4657,71087,0.010044945930464861
100,75844,2,0.0,1002,4657,71187,0.010044498710984437
100,75944,2,0.0,1003,4657,71287,0.010044055941412194
100,76044,2,0.0,1004,4658,71386,0.010043617577470805
100,76144,2,0.0,1005,4658,71486,0.010043183575323512
100,76244,2,0.0,1006,4660,71584,0.010042753891569738
100,76344,2,0.0,1007,4663,71681,0.01004232848324075
100,76444,2,0.0,1008,4666,71778,0.010041907307795358
100,76544,2,0.0,1009,4666,71878,0.01004149032311567
100,76644,2,0.0,1010,4667,71977,0.010041077487502869
100,76744,2,0.0,1011,4669,72075,0.010040668759673048
32,76776,2,0.0,1012,4670,72106,0.010040264098753086
100,76876,2,0.0,1013,4671,72205,0.010039863464276553
100,76976,2,0.0,1014,4671,72305,0.010039466816179668
100,77076,2,0.0,1015,4671,72405,0.010039074114797288
100,77176,2,0.0,1016,4671,72505,0.01003868532085895
20,77196,2,0.0,1017,4672,72524,0.010038300395484938
100,77296,2,0.0,1018,4674,72622,0.01003791930018239
35,77331,2,0.0,1019,4676,72655,0.01003754199684146
14,77345,2,0.0,1020,4678,72667,0.0100371684477315
96,77441,2,0.0,1021,4679,72762,0.010036798615497286
100,77541,2,0.0,1022,4679,72862,0.010036432463155286
100,77641,2,0.0,1023,4681,72960,0.010036069954089965
100,77741,2,0.0,1024,4681,73060,0.01003571105205011
100,77841,2,0.0,1025,4681,73160,0.01003535572114522
100,77941,2,0.0,1026,4682,73259,0.010035003925841906
100,78041,2,0.0,1027,4683,73358,0.010034655630960348
100,78141,2,0.0,1028,4683,73458,0.010034310801670764
100,78241,2,0.0,1029,4683,73558,0.010033969403489941
100,78341,2,0.0,1030,4684,73657,0.010033631402277775
100,78441,2,0.0,1031,4686,73755,0.010033296764233863
100,78541,2,0.0,1032,4687,73854,0.01003296545589412
100,78641,2,0.0,1033,4687,73954,0.01003263744412744
100,78741,2,0.0,1034,4690,74051,0.010032312696132369
100,78841,2,0.0,1035,4690,74151,0.01003199117943384
100,78941,2,0.0,1036,4691,74250,0.010031672861879913
100,79041,2,0.0,1037,4691,74350,0.010031357711638567
100,79141,2,0.0,1038,4692,74449,0.010031045697194518
100,79241,2,0.0,1039,4692,74549,0.01003073678734606
100,79341,2,0.0,1040,4692,74649,0.01003043095120195
100,79441,2,0.0,1041,4694,74747,0.01003012815817832
100,79541,2,0.0,1042,4695,74846,0.010029828377995615
100,79641,2,0.0,1043,4696,74945,0.010029531580675564
100,79741,2,0.0,1044,4696,75045,0.010029237736538193
100,79841,2,0.0,1045,4696,75145,0.01002894681619884
100,79941,2,0.0,1046,4698,75243,0.010028658790565229
100,80041,2,0.0,1047,4699,75342,0.010028373630834558
100,80141,2,0.0,1048,4699,75442,0.010028091308490614
100,80241,2,0.0,1049,4700,75541,0.010027811795300929
100,80341,2,0.0,1050,4700,75641,0.01002753506331395
22,80363,2,0.0,1051,4701,75662,0.01002726108485625
100,80463,2,0.0,1052,4702,75761,0.010026989832529752
100,80563,2,0.0,1053,4702,75861,0.010026721279208999
100,80663,2,0.0,1054,4702,75961,0.010026455398038434
100,80763,2,0.0,1055,4702,76061,0.01002619216242972
100,80863,2,0.0,1056,4704,76159,0.010025931546059077
100,80963,2,0.0,1057,4705,76258,0.010025673522864646
100,81063,2,0.0,1058,4705,76358,0.0100254180670439
22,81085,2,0.0,1059,4706,76379,0.010025165153051038
98,81183,2,0.0,1060,4707,76476,0.010024914755594453
100,81283,2,0.0,1061,4708,76575,0.01002466684963419
100,81383,2,0.0,1062,4710,76673,0.010024421410379444
100,81483,2,0.0,1063,4713,76770,0.01002417841328609
33,81516,2,0.0,1064,4714,76802,0.010023937834054211
100,81616,2,0.0,1065,4715,76901,0.010023699648625687
100,81716,2,0.0,1066,4717,76999,0.010023463833181775
100,81816,2,0.0,1067,4717,77099,0.010023230364140734
100,81916,2,0.0,1068,4720,77196,0.010022999218155467
100,82016,2,0.0,1069,4720,77296,0.01002277037211118
100,82116,2,0.0,1070,4721,77395,0.01002254380312308
100,82216,2,0.0,1071,4723,77493,0.01002231948853408
100,82316,2,0.0,1072,4725,77591,0.010022097405912533
98,82414,2,0.0,1073,4727,77687,0.010021877533049992
100,82514,2,0.0,1074,4729,77785,0.010021659847958985
100,82614,2,0.0,1075,4729,77885,0.010021444328870826
100,82714,2,0.0,1076,4729,77985,0.010021230954233424
100,82814,2,0.0,1077,4730,78084,0.010021019702709136
100,82914,2,0.0,1078,4730,78184,0.010020810553172638
100,83014,2,0.0,1079,4732,78282,0.010020603484708799
100,83114,2,0.0,1080,4732,78382,0.0100203984766106
100,83214,2,0.0,1081,4733,78481,0.01002019550837706
100,83314,2,0.0,1082,4734,78580,0.010019994559711188
100,83414,2,0.0,1083,4736,78678,0.01001979561051795
100,83514,2,0.0,1084,4737,78777,0.01001959864090226
100,83614,2,0.0,1085,4737,78877,0.010019403631166992
100,83714,2,0.0,1086,4738,78976,0.01001921056181101
100,83814,2,0.0,1087,4739,79075,0.01001901941352722
100,83914,2,0.0,1088,4740,79174,0.01001883016720063
100,84014,2,0.0,1089,4742,79272,0.010018642803906453
100,84114,2,0.0,1090,4746,79368,0.010018457304908203
100,84214,2,0.0,1091,4747,79467,0.010018273651655822
100,84314,2,0.0,1092,4748,79566,0.010018091825783837
100,84414,2,0.0,1093,4748,79666,0.010017911809109508
29,84443,2,0.0,1094,4749,79694,0.010017733583631014
100,84543,2,0.0,1095,4750,79793,0.010017557131525663
100,84643,2,0.0,1096,4750,79893,0.010017382435148095
100,84743,2,0.0,1097,4751,79992,0.010017209477028527
100,84843,2,0.0,1098,4752,80091,0.010017038239871004
100,84943,2,0.0,1099,4752,80191,0.010016868706551666
15,84958,2,0.0,1100,4753,80205,0.01001670086011704
100,85058,2,0.0,1101,4755,80303,0.010016534683782344
100,85158,2,0.0,1102,4756,80402,0.010016370160929804
100,85258,2,0.0,1103,4758,80500,0.010016207275107
87,85345,2,0.0,1104,4759,80586,0.010016046010025212
100,85445,2,0.0,1105,4759,80686,0.0100158863495578
100,85545,2,0.0,1106,4759,80786,0.01001572827773858
100,85645,2,0.0,1107,4762,80883,0.010015571778760241
100,85745,2,0.0,1108,4763,80982,0.010015416836972756
100,85845,2,0.0,1109,4765,81080,0.010015263436881815
100,85945,2,0.0,1110,4766,81179,0.010015111563147282
100,86045,2,0.0,1111,4766,81279,0.010014961200581656
100,86145,2,0.0,1112,4766,81379,0.010014812334148557
100,86245,2,0.0,1113,4766,81479,0.010014664948961216
100,86345,2,0.0,1114,4766,81579,0.010014519030280992
100,86445,2,0.0,1115,4766,81679,0.010014374563515895
100,86545,2,0.0,1116,4766,81779,0.01001423153421913
100,86645,2,0.0,1117,4767,81878,0.010014089928087644
100,86745,2,0.0,1118,4767,81978,0.01001394973096071
100,86845,2,0.0,1119,4768,82077,0.010013810928818496
100,86945,2,0.0,1120,4769,82176,0.010013673507780674
100,87045,2,0.0,1121,4770,82275,0.010013537454105024
100,87145,2,0.0,1122,4771,82374,0.010013402754186067
100,87245,2,0.0,1123,4772,82473,0.010013269394553695
100,87345,2,0.0,1124,4773,82572,0.010013137361871838
100,87445,2,0.0,1125,4773,82672,0.010013006642937116
100,87545,2,0.0,1126,4774,82771,0.010012877224677526
100,87645,2,0.0,1127,4776,82869,0.010012749094151136
100,87745,2,0.0,1128,4776,82969,0.010012622238544785
100,87845,2,0.0,1129,4776,83069,0.010012496645172807
100,87945,2,0.0,1130,4777,83168,0.01001237230147576
100,88045,2,0.0,1131,4780,83265,0.01001224919501917
100,88145,2,0.0,1132,4780,83365,0.01001212731349229
100,88245,2,0.0,1133,4783,83462,0.010012006644706866
100,88345,2,0.0,1134,4783,83562,0.010011887176595919
100,88445,2,0.0,1135,4784,83661,0.010011768897212536
100,88545,2,0.0,1136,4788,83757,0.010011651794728682
100,88645,2,0.0,1137,4790,83855,0.010011535857434011
100,88745,2,0.0,1138,4790,83955,0.010011421073734697
100,88845,2,0.0,1139,4790,84055,0.010011307432152275
100,88945,2,0.0,1140,4792,84153,0.01001119492132249
98,89043,2,0.0,1141,4795,84248,0.010011083529994165
100,89143,2,0.0,1142,4795,84348,0.010010973247028078
100,89243,2,0.0,1143,4798,84445,0.010010864061395836
100,89343,2,0.0,1144,4800,84543,0.01001075596217879
100,89443,2,0.0,1145,4801,84642,0.010010648938566923
100,89543,2,0.0,1146,4802,84741,0.010010542979857786
100,89643,2,0.0,1147,4803,84840,0.010010438075455421
100,89743,2,0.0,1148,4805,84938,0.010010334214869302
99,89842,2,0.0,1149,4808,85034,0.010010231387713281
100,89942,2,0.0,1150,4810,85132,0.010010129583704556
100,90042,2,0.0,1151,4810,85232,0.010010028792662645
100,90142,2,0.0,1152,4812,85330,0.010009929004508356
100,90242,2,0.0,1153,4812,85430,0.010009830209262792
24,90266,2,0.0,1154,4814,85452,0.010009732397046348
100,90366,2,0.0,1155,4815,85551,0.010009635558077717
100,90466,2,0.0,1156,4816,85650,0.010009539682672925
100,90566,2,0.0,1157,4817,85749,0.010009444761244348
100,90666,2,0.0,1158,4818,85848,0.010009350784299768
100,90766,2,0.0,1159,4822,85944,0.01000925774244141
100,90866,2,0.0,1160,4822,86044,0.01000916562636501
100,90966,2,0.0,1161,4822,86144,0.010009074426858885
100,91066,2,0.0,1162,4824,86242,0.010008984134803008
100,91166,2,0.0,1163,4824,86342,0.010008894741168098
32,91198,2,0.0,1164,4825,86373,0.010008806237014717
100,91298,2,0.0,1165,4825,86473,0.010008718613492376
100,91398,2,0.0,1166,4826,86572,0.010008631861838651
100,91498,2,0.0,1167,4826,86672,0.010008545973378302
100,91598,2,0.0,1168,4828,86770,0.010008460939522413
100,91698,2,0.0,1169,4828,86870,0.010008376751767528
100,91798,2,0.0,1170,4829,86969,0.010008293401694799
100,91898,2,0.0,1171,4829,87069,0.01000821088096915
100,91998,2,0.0,1172,4830,87168,0.010008129181338442
100,92098,2,0.0,1173,4830,87268,0.01000804829463264
22,92120,2,0.0,1174,4831,87289,0.01000796821276301
100,92220,2,0.0,1175,4832,87388,0.010007888927721297
100,92320,2,0.0,1176,4833,87487,0.010007810431578928
35,92355,2,0.0,1177,4834,87521,0.010007732716486228
100,92455,2,0.0,1178,4834,87621,0.01000765577467162
100,92555,2,0.0,1179,4836,87719,0.010007579598440857
100,92655,2,0.0,1180,4836,87819,0.010007504180176256
31,92686,2,0.0,1181,4837,87849,0.010007429512335927
92,92778,2,0.0,1182,4838,87940,0.010007355587453021
100,92878,2,0.0,1183,4839,88039,0.010007282398134991
22,92900,2,0.0,1184,4840,88060,0.010007209937062844
100,93000,2,0.0,1185,4841,88159,0.01000713819699041
46,93046,2,0.0,1186,4842,88204,0.010007067170743624
100,93146,2,0.0,1187,4843,88303,0.010006996851219802
100,93246,2,0.0,1188,4845,88401,0.010006927231386933
100,93346,2,0.0,1189,4847,88499,0.010006858304282974
100,93446,2,0.0,1190,4847,88599,0.01000679006301516
95,93541,2,0.0,1191,4849,88692,0.010006722500759306
100,93641,2,0.0,1192,4852,88789,0.010006655610759129
100,93741,2,0.0,1193,4854,88887,0.010006589386325575
100,93841,2,0.0,1194,4856,88985,0.010006523820836145
35,93876,2,0.0,1195,4857,89019,0.010006458907734234
36,93912,2,0.0,1196,4858,89054,0.010006394640528481
100,94012,2,0.0,1197,4858,89154,0.010006331012792108
100,94112,2,0.0,1198,4859,89253,0.01000626801816229
100,94212,2,0.0,1199,4859,89353,0.010006205650339512
100,94312,2,0.0,1200,4859,89453,0.010006143903086939
100,94412,2,0.0,1201,4862,89550,0.010006082770229794
100,94512,2,0.0,1202,4863,89649,0.010006022245654743
100,94612,2,0.0,1203,4866,89746,0.010005962323309275
100,94712,2,0.0,1204,4866,89846,0.010005902997201107
100,94812,2,0.0,1205,4867,89945,0.010005844261397577
100,94912,2,0.0,1206,4867,90045,0.010005786110025058
100,95012,2,0.0,1207,4867,90145,0.010005728537268364
100,95112,2,0.0,1208,4867,90245,0.010005671537370168
100,95212,2,0.0,1209,4868,90344,0.010005615104630439
100,95312,2,0.0,1210,4868,90444,0.01000555923340585
100,95412,2,0.0,1211,4870,90542,0.010005503918109233
100,95512,2,0.0,1212,4870,90642,0.010005449153209016
100,95612,2,0.0,1213,4870,90742,0.01000539493322866
100,95712,2,0.0,1214,4872,90840,0.010005341252746124
100,95812,2,0.0,1215,4873,90939,0.010005288106393312
32,95844,2,0.0,1216,4874,90970,0.010005235488855546
100,95944,2,0.0,1217,4874,91070,0.010005183394871029
100,96044,2,0.0,1218,4875,91169,0.010005131819230318
100,96144,2,0.0,1219,4877,91267,0.010005080756775806
100,96244,2,0.0,1220,4878,91366,0.010005030202401208
86,96330,2,0.0,1221,4881,91449,0.01000498015105104
100,96430,2,0.0,1222,4882,91548,0.010004930597720129
100,96530,2,0.0,1223,4883,91647,0.010004881537453098
100,96630,2,0.0,1224,4883,91747,0.01000483296534388
14,96644,2,0.0,1225,4884,91760,0.010004784876535224
100,96744,2,0.0,1226,4886,91858,0.010004737266218209
100,96844,2,0.0,1227,4888,91956,0.010004690129631762
100,96944,2,0.0,1228,4891,92053,0.010004643462062188
100,97044,2,0.0,1229,4893,92151,0.01000459725884269
100,97144,2,0.0,1230,4895,92249,0.010004551515352907
100,97244,2,0.0,1231,4897,92347,0.010004506227018452
100,97344,2,0.0,1232,4897,92447,0.010004461389310455
100,97444,2,0.0,1233,4898,92546,0.010004416997745106
100,97544,2,0.0,1234,4899,92645,0.010004373047883213
100,97644,2,0.0,1235,4899,92745,0.010004329535329752
100,97744,2,0.0,1236,4900,92844,0.010004286455733433
100,97844,2,0.0,1237,4902,92942,0.010004243804786258
100,97944,2,0.0,1238,4902,93042,0.010004201578223099
100,98044,2,0.0,1239,4903,93141,0.010004159771821263
100,98144,2,0.0,1240,4903,93241,0.010004118381400076
100,98244,2,0.0,1241,4904,93340,0.010004077402820461
100,98344,2,0.0,1242,4904,93440,0.010004036831984526
100,98444,2,0.0,1243,4904,93540,0.010003996664835153
100,98544,2,0.0,1244,4905,93639,0.010003956897355594
100,98644,2,0.0,1245,4906,93738,0.010003917525569068
100,98744,2,0.0,1246,4907,93837,0.010003878545538364
100,98844,2,0.0,1247,4909,93935,0.010003839953365446
100,98944,2,0.0,1248,4909,94035,0.010003801745191065
100,99044,2,0.0,1249,4909,94135,0.01000376391719437
87,99131,2,0.0,1250,4911,94220,0.010003726465592533
100,99231,2,0.0,1251,4911,94320,0.010003689386640358
100,99331,2,0.0,1252,4913,94418,0.010003652676629922
100,99431,2,0.0,1253,4913,94518,0.010003616331890194
100,99531,2,0.0,1254,4915,94616,0.01000358034878667
100,99631,2,0.0,1255,4916,94715,0.010003544723721006
100,99731,2,0.0,1256,4918,94813,0.010003509453130669
100,99831,2,0.0,1257,4919,94912,0.01000347453348857
100,99931,2,0.0,1258,4919,95012,0.010003439961302714
