iteration,successes,successes_episode,reward_episode,episode_count,random_act,timestep
29,29,0,0.0,1,19,10
17,46,0,0.0,2,31,15
59,105,0,0.0,3,73,32
10,115,0,0.0,4,83,32
21,136,0,0.0,5,96,40
20,156,0,0.0,6,115,41
14,170,0,0.0,7,126,44
35,205,0,0.0,8,154,51
16,221,0,0.0,9,166,55
27,248,0,0.0,10,188,60
46,294,0,0.0,11,223,71
39,333,0,0.0,12,252,81
50,383,0,0.0,13,296,87
79,462,0,0.0,14,365,97
27,489,0,0.0,15,384,105
37,526,0,0.0,16,414,112
12,538,0,0.0,17,423,115
23,561,0,0.0,18,443,118
12,573,0,0.0,19,450,123
32,605,0,0.0,20,477,128
10,615,0,0.0,21,487,128
21,636,0,0.0,22,504,132
100,736,0,0.0,23,582,154
36,772,0,0.0,24,612,160
51,823,0,0.0,25,655,168
38,861,0,0.0,26,688,173
55,916,0,0.0,27,730,186
25,941,0,0.0,28,745,196
28,969,0,0.0,29,766,203
33,1002,0,0.0,30,794,208
18,1020,0,0.0,31,810,210
36,1056,0,0.0,32,840,216
87,1143,0,0.0,33,908,235
59,1202,0,0.0,34,954,248
37,1239,0,0.0,35,984,255
31,1270,0,0.0,36,1013,257
14,1284,0,0.0,37,1022,262
5,1289,0,0.0,38,1027,262
22,1311,0,0.0,39,1044,267
40,1351,0,0.0,40,1077,274
71,1422,0,0.0,41,1129,293
70,1492,0,0.0,42,1185,307
14,1506,0,0.0,43,1197,309
20,1526,0,0.0,44,1211,315
58,1584,0,0.0,45,1259,325
9,1593,0,0.0,46,1268,325
15,1608,0,0.0,47,1280,328
11,1619,0,0.0,48,1288,331
37,1656,0,0.0,49,1319,337
24,1680,0,0.0,50,1339,341
41,1721,1,1.0,51,1371,350
28,1749,1,0.0,52,1373,376
47,1796,1,0.0,53,1378,418
7,1803,1,0.0,54,1379,424
44,1847,1,0.0,55,1383,464
41,1888,1,0.0,56,1384,504
39,1927,1,0.0,57,1387,540
17,1944,1,0.0,58,1391,553
7,1951,1,0.0,59,1392,559
20,1971,1,0.0,60,1393,578
13,1984,1,0.0,61,1393,591
16,2000,1,0.0,62,1395,605
8,2008,1,0.0,63,1396,612
13,2021,1,0.0,64,1396,625
20,2041,1,0.0,65,1398,643
73,2114,1,0.0,66,1403,711
35,2149,1,0.0,67,1403,746
69,2218,1,0.0,68,1412,806
22,2240,1,0.0,69,1415,825
51,2291,1,0.0,70,1417,874
17,2308,1,0.0,71,1417,891
39,2347,1,0.0,72,1423,924
9,2356,1,0.0,73,1423,933
8,2364,1,0.0,74,1423,941
88,2452,1,0.0,75,1432,1020
12,2464,1,0.0,76,1433,1031
23,2487,1,0.0,77,1439,1048
24,2511,1,0.0,78,1439,1072
18,2529,1,0.0,79,1440,1089
49,2578,1,0.0,80,1452,1126
29,2607,1,0.0,81,1457,1150
19,2626,1,0.0,82,1458,1168
15,2641,1,0.0,83,1460,1181
7,2648,1,0.0,84,1461,1187
53,2701,1,0.0,85,1466,1235
80,2781,1,0.0,86,1477,1304
11,2792,1,0.0,87,1477,1315
15,2807,1,0.0,88,1477,1330
63,2870,1,0.0,89,1485,1385
15,2885,1,0.0,90,1485,1400
100,2985,1,0.0,91,1494,1491
62,3047,1,0.0,92,1499,1548
19,3066,1,0.0,93,1500,1566
36,3102,1,0.0,94,1506,1596
84,3186,1,0.0,95,1510,1676
40,3226,1,0.0,96,1512,1714
7,3233,1,0.0,97,1512,1721
11,3244,1,0.0,98,1514,1730
19,3263,1,0.0,99,1515,1748
100,3363,1,0.0,100,1523,1840
77,3440,1,0.0,101,1531,1909
26,3466,1,0.0,102,1533,1933
28,3494,1,0.0,103,1535,1959
12,3506,1,0.0,104,1536,1970
11,3517,1,0.0,105,1538,1979
46,3563,1,0.0,106,1543,2020
22,3585,1,0.0,107,1548,2037
13,3598,1,0.0,108,1549,2049
43,3641,1,0.0,109,1552,2089
17,3658,1,0.0,110,1553,2105
30,3688,1,0.0,111,1558,2130
37,3725,1,0.0,112,1563,2162
28,3753,1,0.0,113,1569,2184
27,3780,1,0.0,114,1576,2204
97,3877,1,0.0,115,1583,2294
24,3901,1,0.0,116,1585,2316
31,3932,1,0.0,117,1587,2345
31,3963,1,0.0,118,1589,2374
9,3972,1,0.0,119,1589,2383
9,3981,1,0.0,120,1589,2392
26,4007,1,0.0,121,1592,2415
11,4018,1,0.0,122,1592,2426
32,4050,1,0.0,123,1596,2454
55,4105,1,0.0,124,1599,2506
22,4127,1,0.0,125,1602,2525
12,4139,1,0.0,126,1603,2536
59,4198,1,0.0,127,1604,2594
17,4215,1,0.0,128,1604,2611
28,4243,1,0.0,129,1606,2637
47,4290,1,0.0,130,1608,2682
38,4328,1,0.0,131,1610,2718
23,4351,1,0.0,132,1611,2740
21,4372,1,0.0,133,1612,2760
15,4387,1,0.0,134,1612,2775
93,4480,1,0.0,135,1621,2859
19,4499,1,0.0,136,1623,2876
88,4587,1,0.0,137,1630,2957
28,4615,1,0.0,138,1633,2982
18,4633,1,0.0,139,1633,3000
16,4649,1,0.0,140,1634,3015
10,4659,1,0.0,141,1635,3024
61,4720,1,0.0,142,1639,3081
37,4757,1,0.0,143,1642,3115
16,4773,1,0.0,144,1642,3131
47,4820,1,0.0,145,1650,3170
12,4832,1,0.0,146,1653,3179
6,4838,1,0.0,147,1653,3185
13,4851,1,0.0,148,1654,3197
20,4871,1,0.0,149,1655,3216
44,4915,1,0.0,150,1656,3259
88,5003,1,0.0,151,1668,3335
36,5039,1,0.0,152,1670,3369
44,5083,1,0.0,153,1675,3408
49,5132,1,0.0,154,1681,3451
48,5180,1,0.0,155,1686,3494
26,5206,1,0.0,156,1687,3519
81,5287,1,0.0,157,1692,3595
33,5320,1,0.0,158,1694,3626
23,5343,1,0.0,159,1696,3647
26,5369,1,0.0,160,1696,3673
13,5382,1,0.0,161,1697,3685
18,5400,1,0.0,162,1698,3702
15,5415,1,0.0,163,1699,3716
12,5427,1,0.0,164,1703,3724
14,5441,1,0.0,165,1704,3737
92,5533,1,0.0,166,1708,3825
37,5570,1,0.0,167,1710,3860
25,5595,1,0.0,168,1711,3884
12,5607,1,0.0,169,1711,3896
16,5623,1,0.0,170,1714,3909
39,5662,1,0.0,171,1718,3944
14,5676,1,0.0,172,1718,3958
34,5710,1,0.0,173,1721,3989
22,5732,1,0.0,174,1725,4007
28,5760,1,0.0,175,1729,4031
56,5816,1,0.0,176,1732,4084
23,5839,1,0.0,177,1734,4105
13,5852,1,0.0,178,1735,4117
23,5875,1,0.0,179,1735,4140
41,5916,1,0.0,180,1741,4175
26,5942,1,0.0,181,1742,4200
100,6042,1,0.0,182,1748,4294
49,6091,1,0.0,183,1750,4341
60,6151,1,0.0,184,1758,4393
27,6178,1,0.0,185,1761,4417
37,6215,1,0.0,186,1765,4450
17,6232,1,0.0,187,1768,4464
13,6245,1,0.0,188,1768,4477
44,6289,1,0.0,189,1774,4515
93,6382,1,0.0,190,1780,4602
100,6482,1,0.0,191,1790,4692
68,6550,1,0.0,192,1797,4753
18,6568,1,0.0,193,1800,4768
31,6599,1,0.0,194,1805,4794
7,6606,1,0.0,195,1805,4801
28,6634,1,0.0,196,1806,4828
45,6679,1,0.0,197,1810,4869
33,6712,1,0.0,198,1811,4901
57,6769,1,0.0,199,1821,4948
17,6786,1,0.0,200,1824,4962
11,6797,1,0.0,201,1824,4973
25,6822,1,0.0,202,1825,4997
30,6852,1,0.0,203,1826,5026
21,6873,1,0.0,204,1829,5044
32,6905,1,0.0,205,1833,5072
35,6940,1,0.0,206,1834,5106
20,6960,1,0.0,207,1834,5126
15,6975,1,0.0,208,1835,5140
9,6984,1,0.0,209,1835,5149
12,6996,1,0.0,210,1836,5160
8,7004,1,0.0,211,1836,5168
10,7014,1,0.0,212,1837,5177
10,7024,1,0.0,213,1840,5184
30,7054,1,0.0,214,1844,5210
43,7097,1,0.0,215,1848,5249
43,7140,1,0.0,216,1849,5291
14,7154,1,0.0,217,1851,5303
14,7168,1,0.0,218,1852,5316
17,7185,1,0.0,219,1855,5330
20,7205,1,0.0,220,1858,5347
67,7272,1,0.0,221,1861,5411
26,7298,1,0.0,222,1863,5435
24,7322,1,0.0,223,1865,5457
11,7333,1,0.0,224,1867,5466
29,7362,1,0.0,225,1869,5493
11,7373,1,0.0,226,1871,5502
9,7382,1,0.0,227,1871,5511
48,7430,1,0.0,228,1874,5556
27,7457,1,0.0,229,1875,5582
36,7493,1,0.0,230,1878,5615
32,7525,1,0.0,231,1882,5643
48,7573,1,0.0,232,1884,5689
11,7584,1,0.0,233,1885,5699
24,7608,1,0.0,234,1887,5721
32,7640,1,0.0,235,1889,5751
35,7675,1,0.0,236,1894,5781
54,7729,1,0.0,237,1896,5833
26,7755,1,0.0,238,1900,5855
32,7787,1,0.0,239,1901,5886
32,7819,1,0.0,240,1905,5914
27,7846,1,0.0,241,1906,5940
7,7853,1,0.0,242,1906,5947
29,7882,1,0.0,243,1910,5972
20,7902,1,0.0,244,1911,5991
26,7928,1,0.0,245,1912,6016
100,8028,1,0.0,246,1919,6109
14,8042,1,0.0,247,1919,6123
25,8067,1,0.0,248,1920,6147
60,8127,1,0.0,249,1926,6201
12,8139,1,0.0,250,1926,6213
34,8173,1,0.0,251,1933,6240
33,8206,1,0.0,252,1934,6272
33,8239,1,0.0,253,1935,6304
91,8330,1,0.0,254,1938,6392
10,8340,1,0.0,255,1939,6401
62,8402,1,0.0,256,1944,6458
24,8426,1,0.0,257,1947,6479
43,8469,1,0.0,258,1949,6520
77,8546,1,0.0,259,1957,6589
19,8565,1,0.0,260,1957,6608
24,8589,1,0.0,261,1957,6632
27,8616,1,0.0,262,1958,6658
31,8647,1,0.0,263,1961,6686
35,8682,1,0.0,264,1963,6719
47,8729,1,0.0,265,1967,6762
41,8770,1,0.0,266,1973,6797
78,8848,1,0.0,267,1979,6869
100,8948,1,0.0,268,1987,6961
16,8964,1,0.0,269,1989,6975
51,9015,1,0.0,270,1995,7020
6,9021,1,0.0,271,1995,7026
35,9056,1,0.0,272,1998,7058
14,9070,1,0.0,273,2000,7070
14,9084,1,0.0,274,2001,7083
100,9184,1,0.0,275,2011,7173
9,9193,1,0.0,276,2011,7182
100,9293,1,0.0,277,2023,7270
20,9313,1,0.0,278,2025,7288
27,9340,1,0.0,279,2030,7310
32,9372,1,0.0,280,2032,7340
19,9391,1,0.0,281,2033,7358
64,9455,1,0.0,282,2038,7417
70,9525,1,0.0,283,2040,7485
26,9551,1,0.0,284,2042,7509
37,9588,1,0.0,285,2048,7540
18,9606,1,0.0,286,2050,7556
10,9616,1,0.0,287,2052,7564
16,9632,1,0.0,288,2052,7580
24,9656,1,0.0,289,2056,7600
33,9689,1,0.0,290,2060,7629
51,9740,1,0.0,291,2065,7675
31,9771,1,0.0,292,2066,7705
23,9794,1,0.0,293,2067,7727
50,9844,1,0.0,294,2068,7776
10,9854,1,0.0,295,2069,7785
14,9868,1,0.0,296,2069,7799
81,9949,1,0.0,297,2078,7871
33,9982,1,0.0,298,2080,7902
25,10007,1,0.0,299,2081,7926
9,10016,1,0.0,300,2082,7934
28,10044,1,0.0,301,2082,7962
51,10095,1,0.0,302,2086,8009
20,10115,1,0.0,303,2088,8027
31,10146,1,0.0,304,2091,8055
17,10163,1,0.0,305,2091,8072
18,10181,1,0.0,306,2093,8088
22,10203,1,0.0,307,2093,8110
46,10249,1,0.0,308,2097,8152
38,10287,1,0.0,309,2101,8186
24,10311,1,0.0,310,2106,8205
67,10378,1,0.0,311,2110,8268
5,10383,1,0.0,312,2110,8273
88,10471,1,0.0,313,2118,8353
47,10518,1,0.0,314,2124,8394
12,10530,1,0.0,315,2126,8404
7,10537,1,0.0,316,2127,8410
17,10554,1,0.0,317,2129,8425
40,10594,1,0.0,318,2133,8461
23,10617,1,0.0,319,2136,8481
41,10658,1,0.0,320,2138,8520
24,10682,1,0.0,321,2140,8542
5,10687,1,0.0,322,2141,8546
29,10716,1,0.0,323,2145,8571
33,10749,1,0.0,324,2151,8598
12,10761,1,0.0,325,2153,8608
25,10786,1,0.0,326,2154,8632
14,10800,1,0.0,327,2158,8642
100,10900,1,0.0,328,2164,8736
26,10926,1,0.0,329,2165,8761
33,10959,1,0.0,330,2171,8788
15,10974,1,0.0,331,2172,8802
9,10983,1,0.0,332,2174,8809
30,11013,1,0.0,333,2176,8837
92,11105,1,0.0,334,2182,8923
11,11116,1,0.0,335,2186,8930
19,11135,1,0.0,336,2188,8947
39,11174,1,0.0,337,2193,8981
21,11195,1,0.0,338,2195,9000
21,11216,1,0.0,339,2198,9018
34,11250,1,0.0,340,2200,9050
62,11312,1,0.0,341,2208,9104
26,11338,1,0.0,342,2209,9129
21,11359,1,0.0,343,2210,9149
17,11376,1,0.0,344,2212,9164
18,11394,1,0.0,345,2215,9179
17,11411,1,0.0,346,2219,9192
24,11435,1,0.0,347,2219,9216
29,11464,1,0.0,348,2220,9244
17,11481,1,0.0,349,2221,9260
18,11499,1,0.0,350,2223,9276
16,11515,1,0.0,351,2225,9290
11,11526,1,0.0,352,2225,9301
16,11542,1,0.0,353,2226,9316
10,11552,1,0.0,354,2226,9326
14,11566,1,0.0,355,2227,9339
39,11605,1,0.0,356,2228,9377
9,11614,1,0.0,357,2231,9383
38,11652,1,0.0,358,2236,9416
47,11699,1,0.0,359,2239,9460
21,11720,1,0.0,360,2241,9479
7,11727,1,0.0,361,2241,9486
48,11775,1,0.0,362,2249,9526
29,11804,1,0.0,363,2252,9552
58,11862,1,0.0,364,2260,9602
13,11875,1,0.0,365,2261,9614
79,11954,1,0.0,366,2268,9686
53,12007,1,0.0,367,2274,9733
5,12012,1,0.0,368,2274,9738
18,12030,1,0.0,369,2277,9753
15,12045,1,0.0,370,2279,9766
44,12089,1,0.0,371,2283,9806
27,12116,1,0.0,372,2286,9830
12,12128,1,0.0,373,2286,9842
9,12137,1,0.0,374,2286,9851
36,12173,1,0.0,375,2287,9886
17,12190,1,0.0,376,2290,9900
80,12270,1,0.0,377,2298,9972
58,12328,1,0.0,378,2301,10027
13,12341,1,0.0,379,2301,10040
22,12363,1,0.0,380,2302,10061
35,12398,1,0.0,381,2304,10094
37,12435,1,0.0,382,2307,10128
19,12454,1,0.0,383,2308,10146
11,12465,1,0.0,384,2309,10156
7,12472,1,0.0,385,2310,10162
26,12498,1,0.0,386,2314,10184
12,12510,1,0.0,387,2314,10196
16,12526,1,0.0,388,2314,10212
52,12578,1,0.0,389,2317,10261
100,12678,1,0.0,390,2326,10352
56,12734,1,0.0,391,2332,10402
27,12761,1,0.0,392,2333,10428
22,12783,1,0.0,393,2334,10449
42,12825,1,0.0,394,2336,10489
57,12882,1,0.0,395,2340,10542
84,12966,1,0.0,396,2344,10622
7,12973,1,0.0,397,2345,10628
33,13006,1,0.0,398,2350,10656
36,13042,1,0.0,399,2355,10687
44,13086,1,0.0,400,2358,10728
23,13109,1,0.0,401,2359,10750
13,13122,1,0.0,402,2359,10763
12,13134,1,0.0,403,2360,10774
40,13174,1,0.0,404,2365,10809
30,13204,1,0.0,405,2366,10838
25,13229,1,0.0,406,2368,10861
32,13261,1,0.0,407,2371,10890
7,13268,1,0.0,408,2371,10897
15,13283,1,0.0,409,2371,10912
10,13293,1,0.0,410,2374,10919
85,13378,1,0.0,411,2381,10997
13,13391,1,0.0,412,2382,11009
24,13415,1,0.0,413,2384,11031
37,13452,1,0.0,414,2388,11064
42,13494,1,0.0,415,2391,11103
48,13542,1,0.0,416,2395,11147
9,13551,1,0.0,417,2395,11156
26,13577,1,0.0,418,2397,11180
25,13602,1,0.0,419,2399,11203
58,13660,1,0.0,420,2406,11254
28,13688,1,0.0,421,2407,11281
12,13700,1,0.0,422,2407,11293
49,13749,1,0.0,423,2414,11335
37,13786,1,0.0,424,2416,11370
30,13816,1,0.0,425,2419,11397
11,13827,1,0.0,426,2419,11408
21,13848,1,0.0,427,2419,11429
22,13870,1,0.0,428,2421,11449
19,13889,1,0.0,429,2425,11464
25,13914,1,0.0,430,2429,11485
56,13970,1,0.0,431,2436,11534
28,13998,1,0.0,432,2439,11559
33,14031,1,0.0,433,2444,11587
13,14044,1,0.0,434,2446,11598
31,14075,1,0.0,435,2449,11626
16,14091,1,0.0,436,2449,11642
21,14112,1,0.0,437,2449,11663
24,14136,1,0.0,438,2450,11686
5,14141,1,0.0,439,2451,11690
22,14163,1,0.0,440,2451,11712
12,14175,1,0.0,441,2452,11723
29,14204,1,0.0,442,2456,11748
9,14213,1,0.0,443,2456,11757
19,14232,1,0.0,444,2458,11774
15,14247,1,0.0,445,2459,11788
20,14267,1,0.0,446,2459,11808
13,14280,1,0.0,447,2459,11821
14,14294,1,0.0,448,2461,11833
14,14308,1,0.0,449,2461,11847
84,14392,1,0.0,450,2465,11927
42,14434,1,0.0,451,2466,11968
35,14469,1,0.0,452,2466,12003
14,14483,1,0.0,453,2468,12015
39,14522,1,0.0,454,2470,12052
37,14559,1,0.0,455,2474,12085
37,14596,1,0.0,456,2479,12117
24,14620,1,0.0,457,2482,12138
52,14672,1,0.0,458,2486,12186
21,14693,1,0.0,459,2487,12206
22,14715,1,0.0,460,2488,12227
14,14729,1,0.0,461,2489,12240
17,14746,1,0.0,462,2489,12257
42,14788,1,0.0,463,2498,12290
46,14834,1,0.0,464,2501,12333
12,14846,1,0.0,465,2501,12345
33,14879,1,0.0,466,2505,12374
55,14934,1,0.0,467,2508,12426
82,15016,1,0.0,468,2516,12500
100,15116,1,0.0,469,2525,12591
53,15169,1,0.0,470,2533,12636
5,15174,1,0.0,471,2535,12639
28,15202,1,0.0,472,2535,12667
26,15228,1,0.0,473,2538,12690
27,15255,1,0.0,474,2540,12715
29,15284,1,0.0,475,2541,12743
14,15298,1,0.0,476,2541,12757
57,15355,1,0.0,477,2543,12812
69,15424,1,0.0,478,2552,12872
27,15451,1,0.0,479,2552,12899
36,15487,1,0.0,480,2554,12933
19,15506,1,0.0,481,2554,12952
55,15561,1,0.0,482,2560,13001
32,15593,1,0.0,483,2562,13031
45,15638,1,0.0,484,2572,13066
24,15662,1,0.0,485,2574,13088
27,15689,1,0.0,486,2576,13113
16,15705,1,0.0,487,2577,13128
67,15772,1,0.0,488,2581,13191
11,15783,1,0.0,489,2581,13202
15,15798,1,0.0,490,2584,13214
9,15807,1,0.0,491,2585,13222
20,15827,1,0.0,492,2587,13240
55,15882,1,0.0,493,2592,13290
30,15912,1,0.0,494,2598,13314
8,15920,1,0.0,495,2598,13322
36,15956,1,0.0,496,2601,13355
8,15964,1,0.0,497,2602,13362
35,15999,1,0.0,498,2603,13396
23,16022,1,0.0,499,2604,13418
20,16042,1,0.0,500,2605,13437
24,16066,1,0.0,501,2607,13459
43,16109,1,0.0,502,2608,13501
56,16165,1,0.0,503,2613,13552
11,16176,1,0.0,504,2613,13563
15,16191,1,0.0,505,2613,13578
22,16213,1,0.0,506,2615,13598
25,16238,1,0.0,507,2616,13622
21,16259,1,0.0,508,2618,13641
17,16276,1,0.0,509,2622,13654
20,16296,1,0.0,510,2623,13673
8,16304,1,0.0,511,2624,13680
60,16364,1,0.0,512,2627,13737
10,16374,1,0.0,513,2627,13747
8,16382,1,0.0,514,2627,13755
22,16404,1,0.0,515,2630,13774
13,16417,1,0.0,516,2632,13785
37,16454,1,0.0,517,2638,13816
6,16460,1,0.0,518,2638,13822
21,16481,1,0.0,519,2640,13841
33,16514,1,0.0,520,2643,13871
14,16528,1,0.0,521,2645,13883
63,16591,1,0.0,522,2649,13942
35,16626,1,0.0,523,2651,13975
29,16655,1,0.0,524,2651,14004
37,16692,1,0.0,525,2653,14039
22,16714,1,0.0,526,2655,14059
38,16752,1,0.0,527,2659,14093
22,16774,1,0.0,528,2660,14114
13,16787,1,0.0,529,2660,14127
13,16800,1,0.0,530,2660,14140
22,16822,1,0.0,531,2662,14160
36,16858,1,0.0,532,2667,14191
48,16906,1,0.0,533,2672,14234
49,16955,1,0.0,534,2675,14280
57,17012,1,0.0,535,2681,14331
21,17033,1,0.0,536,2684,14349
18,17051,1,0.0,537,2684,14367
75,17126,1,0.0,538,2688,14438
9,17135,1,0.0,539,2688,14447
53,17188,1,0.0,540,2693,14495
31,17219,1,0.0,541,2697,14522
26,17245,1,0.0,542,2701,14544
12,17257,1,0.0,543,2702,14555
30,17287,1,0.0,544,2705,14582
34,17321,1,0.0,545,2708,14613
16,17337,1,0.0,546,2710,14627
37,17374,1,0.0,547,2714,14660
15,17389,1,0.0,548,2714,14675
39,17428,1,0.0,549,2718,14710
40,17468,1,0.0,550,2723,14745
26,17494,1,0.0,551,2725,14769
16,17510,1,0.0,552,2727,14783
26,17536,1,0.0,553,2728,14808
25,17561,1,0.0,554,2729,14832
22,17583,1,0.0,555,2729,14854
16,17599,1,0.0,556,2731,14868
71,17670,1,0.0,557,2738,14932
14,17684,1,0.0,558,2740,14944
24,17708,1,0.0,559,2741,14967
11,17719,1,0.0,560,2743,14976
74,17793,1,0.0,561,2749,15044
72,17865,1,0.0,562,2752,15113
58,17923,1,0.0,563,2756,15167
8,17931,1,0.0,564,2757,15174
28,17959,1,0.0,565,2758,15201
65,18024,1,0.0,566,2765,15259
21,18045,1,0.0,567,2766,15279
70,18115,1,0.0,568,2772,15343
21,18136,1,0.0,569,2774,15362
25,18161,1,0.0,570,2775,15386
47,18208,1,0.0,571,2779,15429
16,18224,1,0.0,572,2780,15444
30,18254,1,0.0,573,2784,15470
16,18270,1,0.0,574,2785,15485
5,18275,1,0.0,575,2785,15490
18,18293,1,0.0,576,2789,15504
69,18362,1,0.0,577,2795,15567
16,18378,1,0.0,578,2796,15582
17,18395,1,0.0,579,2797,15598
34,18429,1,0.0,580,2802,15627
18,18447,1,0.0,581,2804,15643
7,18454,1,0.0,582,2805,15649
5,18459,1,0.0,583,2806,15653
10,18469,1,0.0,584,2807,15662
7,18476,1,0.0,585,2807,15669
12,18488,1,0.0,586,2808,15680
34,18522,1,0.0,587,2812,15710
53,18575,1,0.0,588,2817,15758
29,18604,1,0.0,589,2819,15785
22,18626,1,0.0,590,2819,15807
21,18647,1,0.0,591,2822,15825
31,18678,1,0.0,592,2824,15854
24,18702,1,0.0,593,2826,15876
100,18802,1,0.0,594,2836,15966
25,18827,1,0.0,595,2838,15989
31,18858,1,0.0,596,2842,16016
69,18927,1,0.0,597,2845,16082
12,18939,1,0.0,598,2845,16094
76,19015,1,0.0,599,2849,16166
44,19059,1,0.0,600,2854,16205
28,19087,1,0.0,601,2856,16231
14,19101,1,0.0,602,2859,16242
15,19116,1,0.0,603,2860,16256
14,19130,1,0.0,604,2860,16270
21,19151,1,0.0,605,2861,16290
23,19174,1,0.0,606,2861,16313
22,19196,1,0.0,607,2863,16333
16,19212,1,0.0,608,2864,16348
14,19226,1,0.0,609,2865,16361
11,19237,1,0.0,610,2865,16372
23,19260,1,0.0,611,2867,16393
11,19271,1,0.0,612,2869,16402
47,19318,1,0.0,613,2875,16443
29,19347,1,0.0,614,2876,16471
14,19361,1,0.0,615,2876,16485
12,19373,1,0.0,616,2877,16496
58,19431,1,0.0,617,2880,16551
66,19497,1,0.0,618,2883,16614
10,19507,1,0.0,619,2884,16623
5,19512,1,0.0,620,2884,16628
7,19519,1,0.0,621,2886,16633
55,19574,1,0.0,622,2889,16685
17,19591,1,0.0,623,2889,16702
30,19621,1,0.0,624,2891,16730
25,19646,1,0.0,625,2896,16750
32,19678,1,0.0,626,2897,16781
41,19719,1,0.0,627,2900,16819
74,19793,1,0.0,628,2910,16883
33,19826,1,0.0,629,2913,16913
29,19855,1,0.0,630,2914,16941
18,19873,1,0.0,631,2915,16958
21,19894,1,0.0,632,2918,16976
11,19905,1,0.0,633,2918,16987
9,19914,1,0.0,634,2918,16996
31,19945,1,0.0,635,2919,17026
11,19956,1,0.0,636,2920,17036
8,19964,1,0.0,637,2920,17044
35,19999,1,0.0,638,2922,17077
19,20018,1,0.0,639,2923,17095
64,20082,1,0.0,640,2932,17150
41,20123,1,0.0,641,2938,17185
15,20138,1,0.0,642,2940,17198
51,20189,1,0.0,643,2941,17248
17,20206,1,0.0,644,2942,17264
30,20236,1,0.0,645,2946,17290
41,20277,1,0.0,646,2952,17325
38,20315,1,0.0,647,2957,17358
60,20375,1,0.0,648,2963,17412
40,20415,1,0.0,649,2970,17445
44,20459,1,0.0,650,2975,17484
11,20470,1,0.0,651,2975,17495
44,20514,1,0.0,652,2979,17535
46,20560,1,0.0,653,2986,17574
30,20590,1,0.0,654,2989,17601
20,20610,1,0.0,655,2992,17618
18,20628,1,0.0,656,2992,17636
37,20665,1,0.0,657,2996,17669
87,20752,1,0.0,658,2999,17753
43,20795,1,0.0,659,3004,17791
23,20818,1,0.0,660,3006,17812
19,20837,1,0.0,661,3006,17831
11,20848,1,0.0,662,3006,17842
26,20874,1,0.0,663,3008,17866
15,20889,1,0.0,664,3009,17880
72,20961,1,0.0,665,3014,17947
100,21061,1,0.0,666,3020,18041
21,21082,1,0.0,667,3022,18060
61,21143,1,0.0,668,3028,18115
75,21218,1,0.0,669,3032,18186
35,21253,1,0.0,670,3037,18216
17,21270,1,0.0,671,3039,18231
36,21306,1,0.0,672,3041,18265
14,21320,1,0.0,673,3042,18278
49,21369,1,0.0,674,3046,18323
15,21384,1,0.0,675,3046,18338
13,21397,1,0.0,676,3046,18351
100,21497,1,0.0,677,3060,18437
5,21502,1,0.0,678,3060,18442
8,21510,1,0.0,679,3060,18450
31,21541,1,0.0,680,3061,18480
17,21558,1,0.0,681,3061,18497
27,21585,1,0.0,682,3062,18523
9,21594,1,0.0,683,3063,18531
18,21612,1,0.0,684,3064,18548
68,21680,1,0.0,685,3068,18612
5,21685,1,0.0,686,3068,18617
27,21712,1,0.0,687,3070,18642
15,21727,1,0.0,688,3072,18655
17,21744,1,0.0,689,3075,18669
20,21764,1,0.0,690,3075,18689
12,21776,1,0.0,691,3075,18701
18,21794,1,0.0,692,3079,18715
50,21844,1,0.0,693,3082,18762
22,21866,1,0.0,694,3082,18784
25,21891,1,0.0,695,3085,18806
37,21928,1,0.0,696,3090,18838
44,21972,1,0.0,697,3095,18877
63,22035,1,0.0,698,3097,18938
50,22085,1,0.0,699,3103,18982
31,22116,1,0.0,700,3105,19011
16,22132,1,0.0,701,3108,19024
43,22175,1,0.0,702,3111,19064
49,22224,1,0.0,703,3116,19108
11,22235,1,0.0,704,3118,19117
43,22278,1,0.0,705,3120,19158
47,22325,1,0.0,706,3121,19204
20,22345,1,0.0,707,3124,19221
56,22401,1,0.0,708,3129,19272
12,22413,1,0.0,709,3129,19284
40,22453,1,0.0,710,3131,19322
62,22515,1,0.0,711,3134,19381
50,22565,1,0.0,712,3138,19427
25,22590,1,0.0,713,3139,19451
24,22614,1,0.0,714,3142,19472
12,22626,1,0.0,715,3142,19484
50,22676,1,0.0,716,3145,19531
21,22697,1,0.0,717,3149,19548
26,22723,1,0.0,718,3152,19571
53,22776,1,0.0,719,3159,19617
49,22825,1,0.0,720,3162,19663
97,22922,1,0.0,721,3172,19750
44,22966,1,0.0,722,3174,19792
30,22996,1,0.0,723,3176,19820
19,23015,1,0.0,724,3177,19838
7,23022,1,0.0,725,3178,19844
19,23041,1,0.0,726,3180,19861
19,23060,1,0.0,727,3181,19879
13,23073,1,0.0,728,3182,19891
29,23102,1,0.0,729,3183,19919
33,23135,1,0.0,730,3189,19946
30,23165,1,0.0,731,3192,19973
25,23190,1,0.0,732,3192,19998
13,23203,1,0.0,733,3193,20010
19,23222,1,0.0,734,3196,20026
18,23240,1,0.0,735,3198,20042
70,23310,1,0.0,736,3208,20102
52,23362,1,0.0,737,3215,20147
18,23380,1,0.0,738,3216,20164
18,23398,1,0.0,739,3217,20181
24,23422,1,0.0,740,3219,20203
13,23435,1,0.0,741,3220,20215
17,23452,1,0.0,742,3222,20230
36,23488,1,0.0,743,3223,20265
88,23576,1,0.0,744,3228,20348
69,23645,1,0.0,745,3235,20410
11,23656,1,0.0,746,3235,20421
19,23675,1,0.0,747,3236,20439
67,23742,1,0.0,748,3242,20500
23,23765,1,0.0,749,3245,20520
12,23777,1,0.0,750,3245,20532
19,23796,1,0.0,751,3246,20550
26,23822,1,0.0,752,3248,20574
38,23860,1,0.0,753,3250,20610
34,23894,1,0.0,754,3255,20639
37,23931,1,0.0,755,3256,20675
7,23938,1,0.0,756,3256,20682
80,24018,1,0.0,757,3264,20754
9,24027,1,0.0,758,3265,20762
66,24093,1,0.0,759,3267,20826
22,24115,1,0.0,760,3271,20844
26,24141,1,0.0,761,3272,20869
18,24159,1,0.0,762,3274,20885
7,24166,1,0.0,763,3274,20892
9,24175,1,0.0,764,3275,20900
40,24215,1,0.0,765,3280,20935
35,24250,1,0.0,766,3284,20966
10,24260,1,0.0,767,3285,20975
9,24269,1,0.0,768,3287,20982
9,24278,1,0.0,769,3288,20990
7,24285,1,0.0,770,3288,20997
52,24337,1,0.0,771,3291,21046
18,24355,1,0.0,772,3295,21060
40,24395,1,0.0,773,3299,21096
9,24404,1,0.0,774,3299,21105
46,24450,1,0.0,775,3305,21145
11,24461,1,0.0,776,3306,21155
59,24520,1,0.0,777,3311,21209
60,24580,1,0.0,778,3318,21262
54,24634,1,0.0,779,3321,21313
12,24646,1,0.0,780,3321,21325
66,24712,1,0.0,781,3326,21386
23,24735,1,0.0,782,3326,21409
39,24774,1,0.0,783,3336,21438
30,24804,1,0.0,784,3338,21466
15,24819,1,0.0,785,3338,21481
23,24842,1,0.0,786,3338,21504
14,24856,1,0.0,787,3341,21515
23,24879,1,0.0,788,3341,21538
27,24906,1,0.0,789,3343,21563
30,24936,1,0.0,790,3345,21591
66,25002,1,0.0,791,3352,21650
21,25023,1,0.0,792,3353,21670
18,25041,1,0.0,793,3353,21688
23,25064,1,0.0,794,3355,21709
40,25104,1,0.0,795,3358,21746
31,25135,1,0.0,796,3361,21774
19,25154,1,0.0,797,3363,21791
16,25170,1,0.0,798,3364,21806
50,25220,1,0.0,799,3369,21851
43,25263,1,0.0,800,3373,21890
73,25336,1,0.0,801,3379,21957
54,25390,1,0.0,802,3385,22005
33,25423,1,0.0,803,3387,22036
13,25436,1,0.0,804,3387,22049
100,25536,1,0.0,805,3393,22143
46,25582,1,0.0,806,3396,22186
63,25645,1,0.0,807,3399,22246
23,25668,1,0.0,808,3400,22268
10,25678,1,0.0,809,3400,22278
12,25690,1,0.0,810,3402,22288
33,25723,1,0.0,811,3404,22319
41,25764,1,0.0,812,3406,22358
40,25804,1,0.0,813,3407,22397
9,25813,1,0.0,814,3408,22405
21,25834,1,0.0,815,3409,22425
21,25855,1,0.0,816,3410,22445
16,25871,1,0.0,817,3410,22461
8,25879,1,0.0,818,3411,22468
9,25888,1,0.0,819,3412,22476
6,25894,1,0.0,820,3413,22481
18,25912,1,0.0,821,3416,22496
56,25968,1,0.0,822,3420,22548
48,26016,1,0.0,823,3423,22593
8,26024,1,0.0,824,3423,22601
14,26038,1,0.0,825,3423,22615
22,26060,1,0.0,826,3424,22636
24,26084,1,0.0,827,3426,22658
17,26101,1,0.0,828,3427,22674
35,26136,1,0.0,829,3429,22707
100,26236,1,0.0,830,3439,22797
13,26249,1,0.0,831,3440,22809
33,26282,1,0.0,832,3443,22839
22,26304,1,0.0,833,3445,22859
11,26315,1,0.0,834,3446,22869
18,26333,1,0.0,835,3448,22885
16,26349,1,0.0,836,3448,22901
9,26358,1,0.0,837,3449,22909
11,26369,1,0.0,838,3452,22917
21,26390,1,0.0,839,3454,22936
31,26421,1,0.0,840,3459,22962
32,26453,1,0.0,841,3459,22994
13,26466,1,0.0,842,3461,23005
28,26494,1,0.0,843,3464,23030
42,26536,1,0.0,844,3465,23071
46,26582,1,0.0,845,3468,23114
25,26607,1,0.0,846,3470,23137
19,26626,1,0.0,847,3471,23155
32,26658,1,0.0,848,3474,23184
10,26668,1,0.0,849,3474,23194
23,26691,1,0.0,850,3477,23214
52,26743,1,0.0,851,3481,23262
24,26767,1,0.0,852,3485,23282
11,26778,1,0.0,853,3485,23293
16,26794,1,0.0,854,3486,23308
7,26801,1,0.0,855,3487,23314
33,26834,1,0.0,856,3490,23344
87,26921,1,0.0,857,3494,23427
16,26937,1,0.0,858,3494,23443
12,26949,1,0.0,859,3495,23454
21,26970,1,0.0,860,3497,23473
85,27055,1,0.0,861,3506,23549
62,27117,1,0.0,862,3512,23605
39,27156,1,0.0,863,3515,23641
7,27163,1,0.0,864,3516,23647
13,27176,1,0.0,865,3517,23659
81,27257,1,0.0,866,3525,23732
40,27297,1,0.0,867,3529,23768
11,27308,1,0.0,868,3531,23777
22,27330,1,0.0,869,3534,23796
15,27345,1,0.0,870,3536,23809
100,27445,1,0.0,871,3543,23902
28,27473,1,0.0,872,3546,23927
14,27487,1,0.0,873,3548,23939
50,27537,1,0.0,874,3555,23982
91,27628,1,0.0,875,3562,24066
26,27654,1,0.0,876,3564,24090
35,27689,1,0.0,877,3567,24122
49,27738,1,0.0,878,3573,24165
40,27778,1,0.0,879,3573,24205
10,27788,1,0.0,880,3573,24215
25,27813,1,0.0,881,3575,24238
35,27848,1,0.0,882,3580,24268
19,27867,1,0.0,883,3581,24286
47,27914,1,0.0,884,3586,24328
50,27964,1,0.0,885,3590,24374
27,27991,1,0.0,886,3592,24399
35,28026,1,0.0,887,3595,24431
11,28037,1,0.0,888,3595,24442
11,28048,1,0.0,889,3596,24452
23,28071,1,0.0,890,3599,24472
16,28087,1,0.0,891,3602,24485
11,28098,1,0.0,892,3602,24496
77,28175,1,0.0,893,3612,24563
70,28245,1,0.0,894,3617,24628
43,28288,1,0.0,895,3620,24668
10,28298,1,0.0,896,3620,24678
23,28321,1,0.0,897,3620,24701
9,28330,1,0.0,898,3621,24709
20,28350,1,0.0,899,3622,24728
86,28436,1,0.0,900,3627,24809
44,28480,1,0.0,901,3628,24852
10,28490,1,0.0,902,3628,24862
11,28501,1,0.0,903,3629,24872
12,28513,1,0.0,904,3630,24883
5,28518,1,0.0,905,3631,24887
35,28553,1,0.0,906,3634,24919
16,28569,1,0.0,907,3634,24935
22,28591,1,0.0,908,3637,24954
14,28605,1,0.0,909,3637,24968
7,28612,1,0.0,910,3637,24975
27,28639,1,0.0,911,3637,25002
88,28727,1,0.0,912,3643,25084
100,28827,1,0.0,913,3649,25178
39,28866,1,0.0,914,3650,25216
86,28952,1,0.0,915,3652,25300
11,28963,1,0.0,916,3654,25309
67,29030,1,0.0,917,3658,25372
29,29059,1,0.0,918,3660,25399
25,29084,1,0.0,919,3661,25423
8,29092,1,0.0,920,3661,25431
23,29115,1,0.0,921,3662,25453
15,29130,1,0.0,922,3664,25466
30,29160,1,0.0,923,3666,25494
14,29174,1,0.0,924,3668,25506
31,29205,1,0.0,925,3669,25536
7,29212,1,0.0,926,3669,25543
92,29304,2,1.0,927,3672,25632
27,29331,2,0.0,928,3672,25659
38,29369,2,0.0,929,3672,25697
28,29397,2,0.0,930,3672,25725
50,29447,2,0.0,931,3672,25775
28,29475,2,0.0,932,3672,25803
31,29506,2,0.0,933,3672,25834
48,29554,2,0.0,934,3672,25882
27,29581,2,0.0,935,3672,25909
38,29619,2,0.0,936,3672,25947
43,29662,2,0.0,937,3672,25990
9,29671,2,0.0,938,3672,25999
69,29740,2,0.0,939,3672,26068
7,29747,2,0.0,940,3672,26075
49,29796,2,0.0,941,3672,26124
7,29803,2,0.0,942,3672,26131
25,29828,2,0.0,943,3672,26156
12,29840,2,0.0,944,3672,26168
21,29861,2,0.0,945,3672,26189
21,29882,2,0.0,946,3672,26210
57,29939,2,0.0,947,3672,26267
35,29974,2,0.0,948,3672,26302
21,29995,2,0.0,949,3672,26323
28,30023,2,0.0,950,3673,26350
52,30075,2,0.0,951,3673,26402
11,30086,2,0.0,952,3673,26413
56,30142,2,0.0,953,3673,26469
28,30170,2,0.0,954,3673,26497
22,30192,2,0.0,955,3673,26519
37,30229,2,0.0,956,3673,26556
6,30235,2,0.0,957,3673,26562
33,30268,2,0.0,958,3674,26594
11,30279,2,0.0,959,3674,26605
61,30340,2,0.0,960,3674,26666
11,30351,2,0.0,961,3674,26677
10,30361,2,0.0,962,3674,26687
37,30398,2,0.0,963,3674,26724
8,30406,2,0.0,964,3674,26732
10,30416,2,0.0,965,3674,26742
22,30438,2,0.0,966,3674,26764
100,30538,2,0.0,967,3674,26864
20,30558,2,0.0,968,3674,26884
55,30613,2,0.0,969,3674,26939
42,30655,2,0.0,970,3674,26981
15,30670,2,0.0,971,3674,26996
16,30686,2,0.0,972,3674,27012
40,30726,2,0.0,973,3674,27052
38,30764,2,0.0,974,3674,27090
13,30777,2,0.0,975,3674,27103
15,30792,2,0.0,976,3674,27118
14,30806,2,0.0,977,3674,27132
51,30857,2,0.0,978,3674,27183
37,30894,2,0.0,979,3674,27220
54,30948,2,0.0,980,3675,27273
28,30976,2,0.0,981,3675,27301
22,30998,2,0.0,982,3675,27323
11,31009,2,0.0,983,3675,27334
12,31021,2,0.0,984,3675,27346
22,31043,2,0.0,985,3676,27367
68,31111,2,0.0,986,3677,27434
16,31127,2,0.0,987,3677,27450
21,31148,2,0.0,988,3677,27471
20,31168,2,0.0,989,3677,27491
12,31180,2,0.0,990,3677,27503
13,31193,2,0.0,991,3677,27516
17,31210,2,0.0,992,3677,27533
45,31255,2,0.0,993,3677,27578
17,31272,2,0.0,994,3677,27595
52,31324,3,1.0,995,3677,27647
26,31350,3,0.0,996,3677,27673
5,31355,3,0.0,997,3677,27678
18,31373,3,0.0,998,3677,27696
23,31396,3,0.0,999,3677,27719
35,31431,3,0.0,1000,3677,27754
13,31444,3,0.0,1001,3677,27767
65,31509,3,0.0,1002,3677,27832
16,31525,3,0.0,1003,3677,27848
14,31539,3,0.0,1004,3678,27861
62,31601,3,0.0,1005,3679,27922
20,31621,3,0.0,1006,3680,27941
31,31652,3,0.0,1007,3680,27972
5,31657,3,0.0,1008,3680,27977
44,31701,3,0.0,1009,3680,28021
100,31801,3,0.0,1010,3680,28121
12,31813,3,0.0,1011,3681,28132
13,31826,3,0.0,1012,3681,28145
22,31848,3,0.0,1013,3681,28167
25,31873,3,0.0,1014,3681,28192
9,31882,3,0.0,1015,3681,28201
10,31892,3,0.0,1016,3681,28211
21,31913,3,0.0,1017,3681,28232
9,31922,3,0.0,1018,3681,28241
26,31948,3,0.0,1019,3682,28266
36,31984,3,0.0,1020,3682,28302
31,32015,3,0.0,1021,3682,28333
85,32100,3,0.0,1022,3682,28418
38,32138,3,0.0,1023,3682,28456
43,32181,3,0.0,1024,3682,28499
13,32194,3,0.0,1025,3682,28512
14,32208,3,0.0,1026,3682,28526
13,32221,3,0.0,1027,3682,28539
18,32239,3,0.0,1028,3682,28557
9,32248,3,0.0,1029,3682,28566
21,32269,3,0.0,1030,3682,28587
80,32349,3,0.0,1031,3682,28667
63,32412,3,0.0,1032,3682,28730
53,32465,3,0.0,1033,3682,28783
19,32484,3,0.0,1034,3682,28802
26,32510,3,0.0,1035,3682,28828
79,32589,3,0.0,1036,3682,28907
30,32619,3,0.0,1037,3682,28937
9,32628,3,0.0,1038,3682,28946
24,32652,3,0.0,1039,3682,28970
18,32670,3,0.0,1040,3682,28988
12,32682,3,0.0,1041,3682,29000
12,32694,3,0.0,1042,3683,29011
21,32715,3,0.0,1043,3683,29032
15,32730,3,0.0,1044,3684,29046
8,32738,3,0.0,1045,3684,29054
12,32750,3,0.0,1046,3684,29066
80,32830,3,0.0,1047,3684,29146
15,32845,3,0.0,1048,3684,29161
26,32871,3,0.0,1049,3685,29186
48,32919,3,0.0,1050,3685,29234
15,32934,3,0.0,1051,3685,29249
25,32959,3,0.0,1052,3685,29274
43,33002,3,0.0,1053,3685,29317
34,33036,3,0.0,1054,3685,29351
27,33063,3,0.0,1055,3685,29378
95,33158,3,0.0,1056,3685,29473
19,33177,3,0.0,1057,3685,29492
31,33208,3,0.0,1058,3685,29523
17,33225,3,0.0,1059,3685,29540
23,33248,3,0.0,1060,3685,29563
39,33287,3,0.0,1061,3685,29602
7,33294,3,0.0,1062,3685,29609
9,33303,3,0.0,1063,3685,29618
24,33327,3,0.0,1064,3685,29642
26,33353,3,0.0,1065,3685,29668
15,33368,3,0.0,1066,3685,29683
46,33414,3,0.0,1067,3685,29729
16,33430,3,0.0,1068,3685,29745
17,33447,3,0.0,1069,3685,29762
7,33454,3,0.0,1070,3685,29769
26,33480,3,0.0,1071,3685,29795
28,33508,3,0.0,1072,3685,29823
35,33543,3,0.0,1073,3685,29858
11,33554,3,0.0,1074,3685,29869
17,33571,3,0.0,1075,3685,29886
44,33615,3,0.0,1076,3685,29930
19,33634,3,0.0,1077,3685,29949
11,33645,3,0.0,1078,3685,29960
46,33691,3,0.0,1079,3685,30006
9,33700,3,0.0,1080,3685,30015
49,33749,3,0.0,1081,3685,30064
32,33781,3,0.0,1082,3685,30096
60,33841,3,0.0,1083,3685,30156
54,33895,3,0.0,1084,3685,30210
18,33913,3,0.0,1085,3685,30228
12,33925,3,0.0,1086,3685,30240
5,33930,3,0.0,1087,3685,30245
35,33965,3,0.0,1088,3685,30280
19,33984,3,0.0,1089,3685,30299
92,34076,3,0.0,1090,3685,30391
18,34094,3,0.0,1091,3685,30409
13,34107,3,0.0,1092,3685,30422
49,34156,3,0.0,1093,3685,30471
64,34220,3,0.0,1094,3685,30535
15,34235,3,0.0,1095,3685,30550
23,34258,3,0.0,1096,3685,30573
15,34273,3,0.0,1097,3685,30588
21,34294,3,0.0,1098,3685,30609
25,34319,3,0.0,1099,3685,30634
20,34339,3,0.0,1100,3685,30654
17,34356,3,0.0,1101,3685,30671
68,34424,3,0.0,1102,3685,30739
38,34462,3,0.0,1103,3685,30777
8,34470,3,0.0,1104,3685,30785
25,34495,3,0.0,1105,3685,30810
38,34533,3,0.0,1106,3685,30848
23,34556,3,0.0,1107,3685,30871
13,34569,3,0.0,1108,3685,30884
28,34597,3,0.0,1109,3685,30912
48,34645,3,0.0,1110,3685,30960
10,34655,3,0.0,1111,3685,30970
60,34715,3,0.0,1112,3685,31030
19,34734,3,0.0,1113,3685,31049
13,34747,3,0.0,1114,3685,31062
58,34805,3,0.0,1115,3685,31120
43,34848,3,0.0,1116,3687,31161
8,34856,3,0.0,1117,3687,31169
23,34879,3,0.0,1118,3687,31192
18,34897,3,0.0,1119,3687,31210
40,34937,3,0.0,1120,3687,31250
27,34964,3,0.0,1121,3687,31277
6,34970,3,0.0,1122,3687,31283
77,35047,3,0.0,1123,3688,31359
22,35069,3,0.0,1124,3688,31381
42,35111,3,0.0,1125,3688,31423
50,35161,3,0.0,1126,3688,31473
16,35177,3,0.0,1127,3688,31489
56,35233,3,0.0,1128,3688,31545
16,35249,3,0.0,1129,3688,31561
52,35301,3,0.0,1130,3688,31613
100,35401,3,0.0,1131,3689,31712
78,35479,3,0.0,1132,3689,31790
25,35504,3,0.0,1133,3689,31815
35,35539,3,0.0,1134,3689,31850
26,35565,3,0.0,1135,3689,31876
39,35604,3,0.0,1136,3689,31915
58,35662,3,0.0,1137,3689,31973
71,35733,3,0.0,1138,3689,32044
57,35790,3,0.0,1139,3689,32101
10,35800,3,0.0,1140,3689,32111
57,35857,3,0.0,1141,3689,32168
11,35868,3,0.0,1142,3689,32179
9,35877,3,0.0,1143,3689,32188
45,35922,3,0.0,1144,3689,32233
16,35938,3,0.0,1145,3689,32249
33,35971,3,0.0,1146,3689,32282
23,35994,3,0.0,1147,3689,32305
10,36004,3,0.0,1148,3689,32315
32,36036,3,0.0,1149,3689,32347
18,36054,3,0.0,1150,3689,32365
24,36078,3,0.0,1151,3689,32389
27,36105,3,0.0,1152,3689,32416
33,36138,3,0.0,1153,3689,32449
14,36152,3,0.0,1154,3689,32463
25,36177,3,0.0,1155,3689,32488
24,36201,3,0.0,1156,3689,32512
32,36233,3,0.0,1157,3689,32544
61,36294,3,0.0,1158,3689,32605
22,36316,3,0.0,1159,3689,32627
37,36353,3,0.0,1160,3689,32664
42,36395,3,0.0,1161,3689,32706
21,36416,3,0.0,1162,3689,32727
57,36473,3,0.0,1163,3689,32784
17,36490,3,0.0,1164,3689,32801
25,36515,3,0.0,1165,3689,32826
13,36528,3,0.0,1166,3689,32839
29,36557,3,0.0,1167,3689,32868
25,36582,3,0.0,1168,3689,32893
17,36599,3,0.0,1169,3689,32910
41,36640,3,0.0,1170,3689,32951
44,36684,3,0.0,1171,3689,32995
31,36715,3,0.0,1172,3689,33026
51,36766,3,0.0,1173,3689,33077
40,36806,3,0.0,1174,3689,33117
27,36833,3,0.0,1175,3689,33144
10,36843,3,0.0,1176,3689,33154
15,36858,3,0.0,1177,3689,33169
24,36882,3,0.0,1178,3689,33193
21,36903,3,0.0,1179,3689,33214
50,36953,3,0.0,1180,3689,33264
16,36969,3,0.0,1181,3689,33280
18,36987,3,0.0,1182,3689,33298
23,37010,3,0.0,1183,3689,33321
18,37028,3,0.0,1184,3689,33339
54,37082,3,0.0,1185,3689,33393
51,37133,3,0.0,1186,3689,33444
10,37143,3,0.0,1187,3689,33454
31,37174,3,0.0,1188,3689,33485
22,37196,3,0.0,1189,3689,33507
12,37208,3,0.0,1190,3689,33519
27,37235,3,0.0,1191,3689,33546
23,37258,3,0.0,1192,3689,33569
24,37282,3,0.0,1193,3689,33593
18,37300,3,0.0,1194,3689,33611
21,37321,3,0.0,1195,3689,33632
15,37336,3,0.0,1196,3689,33647
39,37375,3,0.0,1197,3689,33686
47,37422,3,0.0,1198,3689,33733
29,37451,3,0.0,1199,3690,33761
32,37483,3,0.0,1200,3690,33793
73,37556,3,0.0,1201,3690,33866
26,37582,3,0.0,1202,3690,33892
39,37621,3,0.0,1203,3690,33931
12,37633,3,0.0,1204,3690,33943
47,37680,3,0.0,1205,3690,33990
24,37704,3,0.0,1206,3690,34014
22,37726,3,0.0,1207,3690,34036
20,37746,3,0.0,1208,3690,34056
17,37763,3,0.0,1209,3690,34073
30,37793,3,0.0,1210,3690,34103
48,37841,3,0.0,1211,3690,34151
6,37847,3,0.0,1212,3690,34157
54,37901,3,0.0,1213,3690,34211
14,37915,3,0.0,1214,3690,34225
55,37970,3,0.0,1215,3690,34280
6,37976,3,0.0,1216,3690,34286
18,37994,3,0.0,1217,3690,34304
14,38008,3,0.0,1218,3690,34318
27,38035,3,0.0,1219,3690,34345
19,38054,3,0.0,1220,3690,34364
31,38085,3,0.0,1221,3690,34395
16,38101,3,0.0,1222,3690,34411
53,38154,3,0.0,1223,3690,34464
65,38219,3,0.0,1224,3690,34529
32,38251,3,0.0,1225,3690,34561
22,38273,3,0.0,1226,3690,34583
63,38336,3,0.0,1227,3690,34646
22,38358,3,0.0,1228,3690,34668
11,38369,3,0.0,1229,3690,34679
10,38379,3,0.0,1230,3690,34689
11,38390,3,0.0,1231,3690,34700
28,38418,3,0.0,1232,3690,34728
11,38429,3,0.0,1233,3690,34739
100,38529,3,0.0,1234,3690,34839
12,38541,3,0.0,1235,3690,34851
20,38561,3,0.0,1236,3690,34871
61,38622,3,0.0,1237,3690,34932
89,38711,3,0.0,1238,3690,35021
42,38753,3,0.0,1239,3690,35063
65,38818,3,0.0,1240,3690,35128
14,38832,3,0.0,1241,3690,35142
20,38852,3,0.0,1242,3690,35162
22,38874,3,0.0,1243,3690,35184
29,38903,3,0.0,1244,3690,35213
39,38942,3,0.0,1245,3690,35252
39,38981,3,0.0,1246,3690,35291
93,39074,3,0.0,1247,3690,35384
26,39100,3,0.0,1248,3690,35410
34,39134,3,0.0,1249,3690,35444
12,39146,3,0.0,1250,3690,35456
61,39207,3,0.0,1251,3690,35517
74,39281,3,0.0,1252,3690,35591
29,39310,3,0.0,1253,3690,35620
10,39320,3,0.0,1254,3690,35630
21,39341,3,0.0,1255,3690,35651
71,39412,3,0.0,1256,3690,35722
21,39433,3,0.0,1257,3690,35743
11,39444,3,0.0,1258,3690,35754
89,39533,3,0.0,1259,3690,35843
20,39553,3,0.0,1260,3690,35863
41,39594,3,0.0,1261,3690,35904
38,39632,3,0.0,1262,3690,35942
61,39693,3,0.0,1263,3690,36003
39,39732,3,0.0,1264,3690,36042
55,39787,3,0.0,1265,3690,36097
37,39824,3,0.0,1266,3690,36134
23,39847,3,0.0,1267,3690,36157
60,39907,3,0.0,1268,3690,36217
31,39938,3,0.0,1269,3690,36248
28,39966,3,0.0,1270,3690,36276
10,39976,3,0.0,1271,3690,36286
15,39991,3,0.0,1272,3690,36301
22,40013,3,0.0,1273,3691,36322
68,40081,3,0.0,1274,3691,36390
43,40124,3,0.0,1275,3691,36433
26,40150,3,0.0,1276,3691,36459
25,40175,3,0.0,1277,3691,36484
8,40183,3,0.0,1278,3692,36491
10,40193,3,0.0,1279,3692,36501
38,40231,3,0.0,1280,3692,36539
87,40318,3,0.0,1281,3692,36626
19,40337,3,0.0,1282,3692,36645
46,40383,3,0.0,1283,3692,36691
68,40451,3,0.0,1284,3692,36759
28,40479,3,0.0,1285,3692,36787
14,40493,3,0.0,1286,3692,36801
11,40504,3,0.0,1287,3692,36812
18,40522,3,0.0,1288,3692,36830
50,40572,3,0.0,1289,3692,36880
23,40595,3,0.0,1290,3692,36903
27,40622,3,0.0,1291,3692,36930
9,40631,3,0.0,1292,3692,36939
59,40690,3,0.0,1293,3692,36998
20,40710,3,0.0,1294,3692,37018
19,40729,3,0.0,1295,3692,37037
26,40755,3,0.0,1296,3692,37063
95,40850,3,0.0,1297,3693,37157
58,40908,3,0.0,1298,3693,37215
15,40923,3,0.0,1299,3693,37230
73,40996,3,0.0,1300,3693,37303
39,41035,3,0.0,1301,3693,37342
8,41043,3,0.0,1302,3693,37350
21,41064,3,0.0,1303,3693,37371
42,41106,3,0.0,1304,3693,37413
22,41128,3,0.0,1305,3693,37435
44,41172,3,0.0,1306,3693,37479
13,41185,3,0.0,1307,3693,37492
100,41285,3,0.0,1308,3694,37591
36,41321,3,0.0,1309,3694,37627
35,41356,3,0.0,1310,3694,37662
12,41368,3,0.0,1311,3694,37674
50,41418,3,0.0,1312,3694,37724
46,41464,3,0.0,1313,3694,37770
80,41544,3,0.0,1314,3694,37850
13,41557,3,0.0,1315,3694,37863
32,41589,3,0.0,1316,3694,37895
55,41644,3,0.0,1317,3694,37950
25,41669,3,0.0,1318,3694,37975
24,41693,3,0.0,1319,3694,37999
24,41717,3,0.0,1320,3694,38023
67,41784,3,0.0,1321,3694,38090
11,41795,3,0.0,1322,3694,38101
21,41816,3,0.0,1323,3694,38122
77,41893,3,0.0,1324,3694,38199
41,41934,3,0.0,1325,3694,38240
24,41958,3,0.0,1326,3694,38264
12,41970,3,0.0,1327,3694,38276
68,42038,3,0.0,1328,3694,38344
39,42077,3,0.0,1329,3695,38382
18,42095,3,0.0,1330,3695,38400
16,42111,3,0.0,1331,3695,38416
26,42137,3,0.0,1332,3695,38442
35,42172,3,0.0,1333,3695,38477
33,42205,3,0.0,1334,3695,38510
39,42244,3,0.0,1335,3695,38549
22,42266,3,0.0,1336,3695,38571
11,42277,3,0.0,1337,3695,38582
14,42291,3,0.0,1338,3695,38596
14,42305,3,0.0,1339,3695,38610
23,42328,3,0.0,1340,3695,38633
33,42361,3,0.0,1341,3695,38666
23,42384,3,0.0,1342,3695,38689
27,42411,3,0.0,1343,3695,38716
33,42444,3,0.0,1344,3695,38749
54,42498,3,0.0,1345,3695,38803
24,42522,3,0.0,1346,3695,38827
35,42557,3,0.0,1347,3695,38862
16,42573,3,0.0,1348,3695,38878
46,42619,3,0.0,1349,3695,38924
14,42633,3,0.0,1350,3695,38938
55,42688,3,0.0,1351,3695,38993
30,42718,3,0.0,1352,3695,39023
11,42729,3,0.0,1353,3695,39034
7,42736,3,0.0,1354,3695,39041
51,42787,4,1.0,1355,3695,39092
43,42830,4,0.0,1356,3695,39135
31,42861,4,0.0,1357,3695,39166
11,42872,4,0.0,1358,3695,39177
57,42929,4,0.0,1359,3695,39234
45,42974,4,0.0,1360,3695,39279
33,43007,4,0.0,1361,3695,39312
24,43031,4,0.0,1362,3695,39336
14,43045,4,0.0,1363,3695,39350
9,43054,4,0.0,1364,3695,39359
21,43075,4,0.0,1365,3695,39380
13,43088,4,0.0,1366,3695,39393
21,43109,4,0.0,1367,3695,39414
11,43120,4,0.0,1368,3695,39425
46,43166,4,0.0,1369,3695,39471
43,43209,4,0.0,1370,3695,39514
23,43232,4,0.0,1371,3695,39537
10,43242,4,0.0,1372,3695,39547
44,43286,4,0.0,1373,3695,39591
13,43299,4,0.0,1374,3695,39604
31,43330,4,0.0,1375,3695,39635
32,43362,4,0.0,1376,3695,39667
12,43374,4,0.0,1377,3695,39679
19,43393,4,0.0,1378,3695,39698
11,43404,4,0.0,1379,3695,39709
71,43475,4,0.0,1380,3695,39780
98,43573,4,0.0,1381,3695,39878
53,43626,4,0.0,1382,3695,39931
26,43652,4,0.0,1383,3695,39957
9,43661,4,0.0,1384,3695,39966
33,43694,4,0.0,1385,3695,39999
77,43771,4,0.0,1386,3695,40076
18,43789,4,0.0,1387,3695,40094
18,43807,4,0.0,1388,3695,40112
14,43821,4,0.0,1389,3695,40126
35,43856,4,0.0,1390,3695,40161
26,43882,4,0.0,1391,3695,40187
43,43925,4,0.0,1392,3695,40230
9,43934,4,0.0,1393,3695,40239
100,44034,4,0.0,1394,3695,40339
20,44054,4,0.0,1395,3695,40359
35,44089,4,0.0,1396,3695,40394
100,44189,4,0.0,1397,3695,40494
30,44219,4,0.0,1398,3695,40524
62,44281,4,0.0,1399,3695,40586
33,44314,4,0.0,1400,3695,40619
33,44347,4,0.0,1401,3695,40652
17,44364,4,0.0,1402,3695,40669
35,44399,4,0.0,1403,3695,40704
12,44411,4,0.0,1404,3695,40716
16,44427,4,0.0,1405,3695,40732
45,44472,4,0.0,1406,3695,40777
37,44509,4,0.0,1407,3695,40814
61,44570,4,0.0,1408,3695,40875
43,44613,4,0.0,1409,3695,40918
7,44620,4,0.0,1410,3695,40925
57,44677,4,0.0,1411,3695,40982
17,44694,4,0.0,1412,3695,40999
11,44705,4,0.0,1413,3695,41010
29,44734,4,0.0,1414,3695,41039
52,44786,4,0.0,1415,3695,41091
17,44803,4,0.0,1416,3695,41108
29,44832,4,0.0,1417,3695,41137
29,44861,4,0.0,1418,3695,41166
28,44889,4,0.0,1419,3695,41194
24,44913,4,0.0,1420,3695,41218
28,44941,4,0.0,1421,3695,41246
60,45001,4,0.0,1422,3695,41306
23,45024,4,0.0,1423,3695,41329
17,45041,4,0.0,1424,3695,41346
30,45071,4,0.0,1425,3695,41376
36,45107,4,0.0,1426,3695,41412
18,45125,4,0.0,1427,3695,41430
74,45199,4,0.0,1428,3695,41504
28,45227,4,0.0,1429,3695,41532
81,45308,4,0.0,1430,3695,41613
11,45319,4,0.0,1431,3695,41624
23,45342,4,0.0,1432,3695,41647
60,45402,4,0.0,1433,3695,41707
18,45420,4,0.0,1434,3695,41725
56,45476,4,0.0,1435,3695,41781
11,45487,4,0.0,1436,3695,41792
72,45559,4,0.0,1437,3695,41864
100,45659,4,0.0,1438,3695,41964
25,45684,4,0.0,1439,3695,41989
41,45725,4,0.0,1440,3695,42030
91,45816,4,0.0,1441,3695,42121
18,45834,4,0.0,1442,3695,42139
29,45863,4,0.0,1443,3695,42168
23,45886,4,0.0,1444,3695,42191
15,45901,4,0.0,1445,3696,42205
10,45911,4,0.0,1446,3696,42215
21,45932,4,0.0,1447,3696,42236
17,45949,4,0.0,1448,3696,42253
34,45983,4,0.0,1449,3696,42287
36,46019,4,0.0,1450,3696,42323
30,46049,4,0.0,1451,3696,42353
13,46062,4,0.0,1452,3696,42366
32,46094,4,0.0,1453,3696,42398
13,46107,4,0.0,1454,3696,42411
14,46121,4,0.0,1455,3696,42425
21,46142,4,0.0,1456,3696,42446
57,46199,4,0.0,1457,3696,42503
16,46215,4,0.0,1458,3696,42519
47,46262,4,0.0,1459,3696,42566
12,46274,4,0.0,1460,3696,42578
34,46308,4,0.0,1461,3696,42612
67,46375,4,0.0,1462,3696,42679
23,46398,4,0.0,1463,3696,42702
23,46421,4,0.0,1464,3696,42725
14,46435,4,0.0,1465,3696,42739
32,46467,4,0.0,1466,3696,42771
8,46475,4,0.0,1467,3696,42779
9,46484,4,0.0,1468,3696,42788
13,46497,4,0.0,1469,3696,42801
33,46530,4,0.0,1470,3696,42834
60,46590,4,0.0,1471,3696,42894
21,46611,4,0.0,1472,3696,42915
59,46670,4,0.0,1473,3696,42974
19,46689,4,0.0,1474,3696,42993
14,46703,4,0.0,1475,3696,43007
51,46754,4,0.0,1476,3696,43058
48,46802,4,0.0,1477,3696,43106
35,46837,4,0.0,1478,3696,43141
15,46852,4,0.0,1479,3696,43156
49,46901,4,0.0,1480,3696,43205
36,46937,4,0.0,1481,3696,43241
19,46956,4,0.0,1482,3696,43260
41,46997,4,0.0,1483,3696,43301
62,47059,4,0.0,1484,3696,43363
9,47068,4,0.0,1485,3696,43372
18,47086,4,0.0,1486,3696,43390
5,47091,4,0.0,1487,3696,43395
37,47128,4,0.0,1488,3696,43432
100,47228,4,0.0,1489,3696,43532
28,47256,4,0.0,1490,3696,43560
29,47285,4,0.0,1491,3696,43589
23,47308,4,0.0,1492,3696,43612
9,47317,4,0.0,1493,3696,43621
26,47343,4,0.0,1494,3696,43647
9,47352,4,0.0,1495,3696,43656
29,47381,4,0.0,1496,3696,43685
39,47420,4,0.0,1497,3696,43724
24,47444,4,0.0,1498,3696,43748
15,47459,4,0.0,1499,3696,43763
15,47474,4,0.0,1500,3696,43778
25,47499,4,0.0,1501,3696,43803
34,47533,4,0.0,1502,3696,43837
17,47550,4,0.0,1503,3696,43854
30,47580,4,0.0,1504,3696,43884
10,47590,4,0.0,1505,3696,43894
25,47615,4,0.0,1506,3696,43919
29,47644,4,0.0,1507,3696,43948
18,47662,4,0.0,1508,3696,43966
10,47672,4,0.0,1509,3696,43976
34,47706,4,0.0,1510,3696,44010
65,47771,4,0.0,1511,3696,44075
100,47871,4,0.0,1512,3696,44175
43,47914,4,0.0,1513,3696,44218
8,47922,4,0.0,1514,3696,44226
14,47936,4,0.0,1515,3696,44240
13,47949,4,0.0,1516,3696,44253
15,47964,4,0.0,1517,3696,44268
45,48009,4,0.0,1518,3696,44313
11,48020,4,0.0,1519,3696,44324
10,48030,4,0.0,1520,3696,44334
45,48075,4,0.0,1521,3696,44379
28,48103,4,0.0,1522,3696,44407
23,48126,4,0.0,1523,3696,44430
5,48131,4,0.0,1524,3696,44435
7,48138,4,0.0,1525,3696,44442
15,48153,4,0.0,1526,3696,44457
23,48176,4,0.0,1527,3696,44480
21,48197,4,0.0,1528,3696,44501
14,48211,4,0.0,1529,3696,44515
17,48228,4,0.0,1530,3696,44532
14,48242,4,0.0,1531,3696,44546
28,48270,4,0.0,1532,3696,44574
30,48300,4,0.0,1533,3696,44604
22,48322,4,0.0,1534,3696,44626
25,48347,4,0.0,1535,3696,44651
31,48378,4,0.0,1536,3696,44682
24,48402,4,0.0,1537,3696,44706
21,48423,4,0.0,1538,3696,44727
22,48445,4,0.0,1539,3696,44749
30,48475,4,0.0,1540,3696,44779
13,48488,4,0.0,1541,3696,44792
6,48494,4,0.0,1542,3696,44798
24,48518,4,0.0,1543,3696,44822
34,48552,4,0.0,1544,3696,44856
10,48562,4,0.0,1545,3696,44866
72,48634,4,0.0,1546,3696,44938
47,48681,4,0.0,1547,3696,44985
7,48688,4,0.0,1548,3696,44992
7,48695,4,0.0,1549,3696,44999
22,48717,4,0.0,1550,3696,45021
27,48744,4,0.0,1551,3696,45048
21,48765,4,0.0,1552,3696,45069
7,48772,4,0.0,1553,3696,45076
29,48801,4,0.0,1554,3696,45105
78,48879,4,0.0,1555,3696,45183
35,48914,4,0.0,1556,3696,45218
20,48934,4,0.0,1557,3696,45238
39,48973,4,0.0,1558,3696,45277
22,48995,4,0.0,1559,3696,45299
38,49033,4,0.0,1560,3696,45337
7,49040,4,0.0,1561,3696,45344
43,49083,4,0.0,1562,3696,45387
12,49095,4,0.0,1563,3696,45399
30,49125,4,0.0,1564,3696,45429
15,49140,4,0.0,1565,3696,45444
19,49159,4,0.0,1566,3696,45463
12,49171,4,0.0,1567,3696,45475
34,49205,4,0.0,1568,3696,45509
42,49247,4,0.0,1569,3696,45551
39,49286,4,0.0,1570,3696,45590
29,49315,4,0.0,1571,3696,45619
36,49351,4,0.0,1572,3696,45655
21,49372,4,0.0,1573,3696,45676
49,49421,4,0.0,1574,3696,45725
6,49427,4,0.0,1575,3696,45731
49,49476,4,0.0,1576,3696,45780
7,49483,4,0.0,1577,3696,45787
65,49548,4,0.0,1578,3696,45852
59,49607,4,0.0,1579,3696,45911
28,49635,4,0.0,1580,3696,45939
48,49683,4,0.0,1581,3696,45987
24,49707,4,0.0,1582,3696,46011
52,49759,4,0.0,1583,3696,46063
25,49784,4,0.0,1584,3696,46088
38,49822,4,0.0,1585,3696,46126
30,49852,4,0.0,1586,3696,46156
44,49896,4,0.0,1587,3696,46200
45,49941,5,1.0,1588,3696,46245
49,49990,5,0.0,1589,3696,46294
42,50032,5,0.0,1590,3696,46336
28,50060,5,0.0,1591,3696,46364
44,50104,5,0.0,1592,3696,46408
18,50122,5,0.0,1593,3696,46426
60,50182,5,0.0,1594,3696,46486
41,50223,5,0.0,1595,3696,46527
35,50258,5,0.0,1596,3696,46562
10,50268,5,0.0,1597,3696,46572
21,50289,5,0.0,1598,3696,46593
30,50319,5,0.0,1599,3696,46623
86,50405,5,0.0,1600,3696,46709
5,50410,5,0.0,1601,3696,46714
8,50418,5,0.0,1602,3696,46722
73,50491,5,0.0,1603,3697,46794
7,50498,5,0.0,1604,3697,46801
8,50506,5,0.0,1605,3697,46809
6,50512,5,0.0,1606,3697,46815
19,50531,5,0.0,1607,3697,46834
18,50549,5,0.0,1608,3697,46852
54,50603,5,0.0,1609,3697,46906
41,50644,5,0.0,1610,3697,46947
20,50664,5,0.0,1611,3697,46967
10,50674,5,0.0,1612,3697,46977
42,50716,5,0.0,1613,3697,47019
17,50733,5,0.0,1614,3697,47036
11,50744,5,0.0,1615,3697,47047
5,50749,5,0.0,1616,3697,47052
12,50761,5,0.0,1617,3697,47064
57,50818,5,0.0,1618,3697,47121
37,50855,5,0.0,1619,3697,47158
10,50865,5,0.0,1620,3697,47168
20,50885,5,0.0,1621,3697,47188
14,50899,5,0.0,1622,3697,47202
22,50921,5,0.0,1623,3697,47224
49,50970,5,0.0,1624,3697,47273
40,51010,5,0.0,1625,3697,47313
13,51023,5,0.0,1626,3697,47326
20,51043,5,0.0,1627,3697,47346
14,51057,5,0.0,1628,3697,47360
52,51109,5,0.0,1629,3697,47412
17,51126,5,0.0,1630,3697,47429
41,51167,5,0.0,1631,3697,47470
40,51207,5,0.0,1632,3697,47510
22,51229,5,0.0,1633,3697,47532
24,51253,5,0.0,1634,3697,47556
11,51264,5,0.0,1635,3697,47567
16,51280,5,0.0,1636,3697,47583
33,51313,5,0.0,1637,3697,47616
34,51347,5,0.0,1638,3697,47650
13,51360,5,0.0,1639,3697,47663
31,51391,5,0.0,1640,3697,47694
12,51403,5,0.0,1641,3697,47706
54,51457,5,0.0,1642,3697,47760
15,51472,5,0.0,1643,3697,47775
53,51525,5,0.0,1644,3697,47828
10,51535,5,0.0,1645,3697,47838
6,51541,5,0.0,1646,3697,47844
12,51553,5,0.0,1647,3697,47856
88,51641,5,0.0,1648,3697,47944
23,51664,5,0.0,1649,3697,47967
34,51698,5,0.0,1650,3697,48001
100,51798,5,0.0,1651,3697,48101
31,51829,5,0.0,1652,3697,48132
27,51856,5,0.0,1653,3697,48159
52,51908,5,0.0,1654,3697,48211
7,51915,5,0.0,1655,3697,48218
60,51975,5,0.0,1656,3697,48278
16,51991,5,0.0,1657,3697,48294
27,52018,5,0.0,1658,3697,48321
31,52049,5,0.0,1659,3697,48352
46,52095,5,0.0,1660,3697,48398
36,52131,5,0.0,1661,3697,48434
82,52213,5,0.0,1662,3697,48516
9,52222,5,0.0,1663,3697,48525
45,52267,5,0.0,1664,3697,48570
9,52276,5,0.0,1665,3697,48579
18,52294,5,0.0,1666,3697,48597
10,52304,5,0.0,1667,3697,48607
8,52312,5,0.0,1668,3697,48615
94,52406,5,0.0,1669,3697,48709
11,52417,5,0.0,1670,3697,48720
82,52499,5,0.0,1671,3697,48802
58,52557,5,0.0,1672,3697,48860
20,52577,5,0.0,1673,3697,48880
25,52602,5,0.0,1674,3697,48905
19,52621,5,0.0,1675,3697,48924
13,52634,5,0.0,1676,3697,48937
33,52667,5,0.0,1677,3697,48970
23,52690,5,0.0,1678,3697,48993
30,52720,5,0.0,1679,3697,49023
100,52820,5,0.0,1680,3697,49123
14,52834,5,0.0,1681,3697,49137
36,52870,5,0.0,1682,3697,49173
50,52920,5,0.0,1683,3697,49223
45,52965,5,0.0,1684,3697,49268
30,52995,5,0.0,1685,3697,49298
35,53030,5,0.0,1686,3697,49333
16,53046,5,0.0,1687,3697,49349
7,53053,5,0.0,1688,3697,49356
18,53071,5,0.0,1689,3697,49374
47,53118,5,0.0,1690,3697,49421
20,53138,5,0.0,1691,3697,49441
33,53171,5,0.0,1692,3697,49474
93,53264,5,0.0,1693,3697,49567
100,53364,5,0.0,1694,3697,49667
58,53422,5,0.0,1695,3697,49725
13,53435,5,0.0,1696,3697,49738
8,53443,5,0.0,1697,3697,49746
37,53480,5,0.0,1698,3697,49783
13,53493,5,0.0,1699,3697,49796
16,53509,5,0.0,1700,3697,49812
11,53520,5,0.0,1701,3697,49823
54,53574,5,0.0,1702,3697,49877
45,53619,5,0.0,1703,3697,49922
23,53642,5,0.0,1704,3697,49945
25,53667,5,0.0,1705,3697,49970
40,53707,5,0.0,1706,3697,50010
10,53717,5,0.0,1707,3697,50020
55,53772,5,0.0,1708,3697,50075
9,53781,5,0.0,1709,3697,50084
28,53809,5,0.0,1710,3697,50112
53,53862,5,0.0,1711,3697,50165
10,53872,5,0.0,1712,3697,50175
7,53879,5,0.0,1713,3697,50182
10,53889,5,0.0,1714,3697,50192
13,53902,5,0.0,1715,3697,50205
100,54002,5,0.0,1716,3697,50305
24,54026,5,0.0,1717,3697,50329
20,54046,5,0.0,1718,3697,50349
12,54058,5,0.0,1719,3697,50361
35,54093,5,0.0,1720,3697,50396
23,54116,5,0.0,1721,3697,50419
25,54141,5,0.0,1722,3697,50444
46,54187,5,0.0,1723,3697,50490
8,54195,5,0.0,1724,3697,50498
11,54206,5,0.0,1725,3697,50509
5,54211,5,0.0,1726,3697,50514
13,54224,5,0.0,1727,3697,50527
35,54259,5,0.0,1728,3697,50562
12,54271,5,0.0,1729,3697,50574
48,54319,5,0.0,1730,3697,50622
45,54364,5,0.0,1731,3697,50667
36,54400,5,0.0,1732,3697,50703
47,54447,5,0.0,1733,3697,50750
23,54470,5,0.0,1734,3697,50773
39,54509,5,0.0,1735,3697,50812
8,54517,5,0.0,1736,3697,50820
14,54531,5,0.0,1737,3697,50834
10,54541,5,0.0,1738,3697,50844
17,54558,5,0.0,1739,3697,50861
8,54566,5,0.0,1740,3697,50869
42,54608,5,0.0,1741,3697,50911
59,54667,5,0.0,1742,3697,50970
30,54697,5,0.0,1743,3697,51000
49,54746,5,0.0,1744,3697,51049
71,54817,5,0.0,1745,3697,51120
10,54827,5,0.0,1746,3697,51130
11,54838,5,0.0,1747,3697,51141
55,54893,5,0.0,1748,3697,51196
24,54917,5,0.0,1749,3697,51220
13,54930,5,0.0,1750,3697,51233
35,54965,5,0.0,1751,3698,51267
16,54981,5,0.0,1752,3698,51283
5,54986,5,0.0,1753,3698,51288
14,55000,5,0.0,1754,3698,51302
39,55039,5,0.0,1755,3698,51341
19,55058,5,0.0,1756,3698,51360
27,55085,5,0.0,1757,3698,51387
10,55095,5,0.0,1758,3698,51397
34,55129,5,0.0,1759,3698,51431
28,55157,5,0.0,1760,3698,51459
47,55204,5,0.0,1761,3698,51506
39,55243,5,0.0,1762,3698,51545
92,55335,5,0.0,1763,3698,51637
17,55352,5,0.0,1764,3698,51654
35,55387,5,0.0,1765,3698,51689
33,55420,5,0.0,1766,3698,51722
34,55454,5,0.0,1767,3698,51756
12,55466,5,0.0,1768,3698,51768
15,55481,5,0.0,1769,3698,51783
81,55562,5,0.0,1770,3698,51864
11,55573,5,0.0,1771,3698,51875
11,55584,5,0.0,1772,3698,51886
65,55649,5,0.0,1773,3698,51951
6,55655,5,0.0,1774,3698,51957
49,55704,5,0.0,1775,3698,52006
12,55716,5,0.0,1776,3698,52018
27,55743,5,0.0,1777,3698,52045
32,55775,5,0.0,1778,3698,52077
15,55790,5,0.0,1779,3698,52092
37,55827,5,0.0,1780,3698,52129
66,55893,5,0.0,1781,3698,52195
30,55923,5,0.0,1782,3698,52225
23,55946,5,0.0,1783,3698,52248
14,55960,5,0.0,1784,3698,52262
11,55971,5,0.0,1785,3698,52273
6,55977,5,0.0,1786,3698,52279
58,56035,5,0.0,1787,3698,52337
11,56046,5,0.0,1788,3698,52348
19,56065,5,0.0,1789,3698,52367
18,56083,5,0.0,1790,3698,52385
17,56100,5,0.0,1791,3698,52402
11,56111,5,0.0,1792,3698,52413
33,56144,5,0.0,1793,3698,52446
33,56177,5,0.0,1794,3698,52479
34,56211,5,0.0,1795,3698,52513
50,56261,5,0.0,1796,3698,52563
32,56293,5,0.0,1797,3698,52595
12,56305,5,0.0,1798,3698,52607
6,56311,5,0.0,1799,3698,52613
30,56341,5,0.0,1800,3698,52643
17,56358,5,0.0,1801,3698,52660
41,56399,5,0.0,1802,3698,52701
23,56422,5,0.0,1803,3698,52724
46,56468,5,0.0,1804,3698,52770
78,56546,5,0.0,1805,3698,52848
10,56556,5,0.0,1806,3698,52858
23,56579,5,0.0,1807,3698,52881
32,56611,5,0.0,1808,3698,52913
18,56629,5,0.0,1809,3698,52931
12,56641,5,0.0,1810,3698,52943
34,56675,5,0.0,1811,3698,52977
24,56699,5,0.0,1812,3698,53001
10,56709,5,0.0,1813,3698,53011
40,56749,5,0.0,1814,3698,53051
35,56784,5,0.0,1815,3698,53086
42,56826,5,0.0,1816,3698,53128
31,56857,5,0.0,1817,3698,53159
10,56867,5,0.0,1818,3698,53169
20,56887,5,0.0,1819,3698,53189
69,56956,5,0.0,1820,3698,53258
56,57012,5,0.0,1821,3698,53314
10,57022,5,0.0,1822,3698,53324
90,57112,5,0.0,1823,3698,53414
27,57139,5,0.0,1824,3698,53441
13,57152,5,0.0,1825,3698,53454
9,57161,5,0.0,1826,3698,53463
41,57202,5,0.0,1827,3698,53504
15,57217,5,0.0,1828,3698,53519
19,57236,5,0.0,1829,3698,53538
5,57241,5,0.0,1830,3698,53543
9,57250,5,0.0,1831,3698,53552
12,57262,5,0.0,1832,3698,53564
15,57277,5,0.0,1833,3698,53579
11,57288,5,0.0,1834,3698,53590
40,57328,5,0.0,1835,3698,53630
18,57346,5,0.0,1836,3698,53648
13,57359,5,0.0,1837,3698,53661
41,57400,5,0.0,1838,3698,53702
31,57431,5,0.0,1839,3698,53733
8,57439,5,0.0,1840,3698,53741
7,57446,5,0.0,1841,3698,53748
5,57451,5,0.0,1842,3698,53753
14,57465,5,0.0,1843,3698,53767
22,57487,5,0.0,1844,3698,53789
22,57509,5,0.0,1845,3698,53811
21,57530,5,0.0,1846,3698,53832
19,57549,5,0.0,1847,3698,53851
21,57570,5,0.0,1848,3698,53872
7,57577,5,0.0,1849,3698,53879
6,57583,5,0.0,1850,3698,53885
71,57654,5,0.0,1851,3698,53956
22,57676,5,0.0,1852,3698,53978
22,57698,5,0.0,1853,3698,54000
49,57747,5,0.0,1854,3698,54049
18,57765,5,0.0,1855,3698,54067
64,57829,5,0.0,1856,3698,54131
52,57881,5,0.0,1857,3698,54183
100,57981,5,0.0,1858,3698,54283
35,58016,5,0.0,1859,3698,54318
25,58041,5,0.0,1860,3698,54343
24,58065,5,0.0,1861,3698,54367
21,58086,5,0.0,1862,3698,54388
28,58114,5,0.0,1863,3698,54416
27,58141,5,0.0,1864,3698,54443
18,58159,5,0.0,1865,3698,54461
29,58188,5,0.0,1866,3698,54490
38,58226,5,0.0,1867,3698,54528
8,58234,5,0.0,1868,3698,54536
80,58314,5,0.0,1869,3698,54616
39,58353,5,0.0,1870,3698,54655
13,58366,5,0.0,1871,3698,54668
27,58393,5,0.0,1872,3698,54695
28,58421,5,0.0,1873,3698,54723
50,58471,5,0.0,1874,3698,54773
23,58494,5,0.0,1875,3698,54796
21,58515,5,0.0,1876,3698,54817
28,58543,5,0.0,1877,3698,54845
14,58557,5,0.0,1878,3698,54859
61,58618,5,0.0,1879,3698,54920
28,58646,5,0.0,1880,3698,54948
32,58678,5,0.0,1881,3698,54980
27,58705,5,0.0,1882,3698,55007
19,58724,5,0.0,1883,3698,55026
30,58754,5,0.0,1884,3698,55056
68,58822,5,0.0,1885,3698,55124
20,58842,5,0.0,1886,3698,55144
44,58886,5,0.0,1887,3698,55188
85,58971,5,0.0,1888,3698,55273
17,58988,5,0.0,1889,3698,55290
29,59017,5,0.0,1890,3698,55319
80,59097,5,0.0,1891,3698,55399
9,59106,5,0.0,1892,3698,55408
8,59114,5,0.0,1893,3698,55416
73,59187,5,0.0,1894,3698,55489
65,59252,5,0.0,1895,3698,55554
8,59260,5,0.0,1896,3698,55562
19,59279,5,0.0,1897,3698,55581
32,59311,5,0.0,1898,3698,55613
19,59330,5,0.0,1899,3698,55632
8,59338,5,0.0,1900,3698,55640
9,59347,5,0.0,1901,3698,55649
45,59392,5,0.0,1902,3698,55694
36,59428,5,0.0,1903,3698,55730
9,59437,5,0.0,1904,3698,55739
90,59527,5,0.0,1905,3698,55829
11,59538,5,0.0,1906,3698,55840
34,59572,5,0.0,1907,3698,55874
14,59586,5,0.0,1908,3698,55888
11,59597,5,0.0,1909,3698,55899
9,59606,5,0.0,1910,3698,55908
57,59663,5,0.0,1911,3698,55965
17,59680,5,0.0,1912,3698,55982
18,59698,5,0.0,1913,3698,56000
37,59735,5,0.0,1914,3698,56037
11,59746,5,0.0,1915,3698,56048
71,59817,5,0.0,1916,3698,56119
31,59848,5,0.0,1917,3698,56150
59,59907,5,0.0,1918,3698,56209
34,59941,5,0.0,1919,3698,56243
20,59961,5,0.0,1920,3698,56263
8,59969,5,0.0,1921,3698,56271
21,59990,5,0.0,1922,3698,56292
80,60070,5,0.0,1923,3698,56372
10,60080,5,0.0,1924,3698,56382
55,60135,5,0.0,1925,3698,56437
11,60146,5,0.0,1926,3698,56448
57,60203,5,0.0,1927,3698,56505
39,60242,5,0.0,1928,3698,56544
7,60249,5,0.0,1929,3698,56551
6,60255,5,0.0,1930,3698,56557
14,60269,5,0.0,1931,3698,56571
11,60280,5,0.0,1932,3698,56582
14,60294,5,0.0,1933,3698,56596
12,60306,5,0.0,1934,3698,56608
13,60319,5,0.0,1935,3698,56621
61,60380,5,0.0,1936,3698,56682
45,60425,5,0.0,1937,3698,56727
74,60499,5,0.0,1938,3698,56801
47,60546,5,0.0,1939,3698,56848
18,60564,5,0.0,1940,3698,56866
21,60585,5,0.0,1941,3698,56887
21,60606,5,0.0,1942,3698,56908
14,60620,5,0.0,1943,3698,56922
19,60639,5,0.0,1944,3698,56941
32,60671,5,0.0,1945,3698,56973
99,60770,5,0.0,1946,3699,57071
36,60806,5,0.0,1947,3699,57107
39,60845,5,0.0,1948,3699,57146
7,60852,5,0.0,1949,3699,57153
82,60934,5,0.0,1950,3699,57235
39,60973,5,0.0,1951,3699,57274
8,60981,5,0.0,1952,3699,57282
8,60989,5,0.0,1953,3699,57290
28,61017,5,0.0,1954,3699,57318
7,61024,5,0.0,1955,3699,57325
67,61091,5,0.0,1956,3699,57392
28,61119,5,0.0,1957,3699,57420
17,61136,5,0.0,1958,3699,57437
14,61150,5,0.0,1959,3699,57451
16,61166,5,0.0,1960,3699,57467
21,61187,5,0.0,1961,3699,57488
58,61245,5,0.0,1962,3699,57546
15,61260,5,0.0,1963,3699,57561
34,61294,5,0.0,1964,3699,57595
17,61311,5,0.0,1965,3699,57612
39,61350,5,0.0,1966,3699,57651
49,61399,5,0.0,1967,3699,57700
17,61416,5,0.0,1968,3699,57717
44,61460,5,0.0,1969,3699,57761
8,61468,5,0.0,1970,3699,57769
25,61493,5,0.0,1971,3699,57794
8,61501,5,0.0,1972,3699,57802
24,61525,5,0.0,1973,3699,57826
38,61563,5,0.0,1974,3700,57863
34,61597,5,0.0,1975,3700,57897
12,61609,5,0.0,1976,3700,57909
20,61629,5,0.0,1977,3700,57929
61,61690,5,0.0,1978,3700,57990
37,61727,5,0.0,1979,3700,58027
28,61755,5,0.0,1980,3700,58055
35,61790,5,0.0,1981,3700,58090
28,61818,5,0.0,1982,3700,58118
14,61832,5,0.0,1983,3700,58132
27,61859,5,0.0,1984,3700,58159
67,61926,5,0.0,1985,3700,58226
39,61965,5,0.0,1986,3700,58265
17,61982,5,0.0,1987,3700,58282
79,62061,5,0.0,1988,3700,58361
48,62109,5,0.0,1989,3700,58409
25,62134,5,0.0,1990,3700,58434
12,62146,5,0.0,1991,3700,58446
62,62208,5,0.0,1992,3700,58508
18,62226,5,0.0,1993,3700,58526
71,62297,5,0.0,1994,3700,58597
31,62328,5,0.0,1995,3700,58628
52,62380,5,0.0,1996,3700,58680
8,62388,5,0.0,1997,3700,58688
14,62402,5,0.0,1998,3700,58702
19,62421,5,0.0,1999,3700,58721
21,62442,5,0.0,2000,3700,58742
31,62473,5,0.0,2001,3700,58773
42,62515,5,0.0,2002,3700,58815
54,62569,5,0.0,2003,3700,58869
27,62596,5,0.0,2004,3700,58896
48,62644,5,0.0,2005,3700,58944
38,62682,5,0.0,2006,3700,58982
20,62702,5,0.0,2007,3700,59002
19,62721,5,0.0,2008,3700,59021
11,62732,5,0.0,2009,3700,59032
22,62754,5,0.0,2010,3700,59054
56,62810,5,0.0,2011,3700,59110
22,62832,5,0.0,2012,3700,59132
44,62876,5,0.0,2013,3700,59176
38,62914,5,0.0,2014,3700,59214
14,62928,5,0.0,2015,3700,59228
46,62974,5,0.0,2016,3700,59274
42,63016,5,0.0,2017,3700,59316
50,63066,5,0.0,2018,3700,59366
11,63077,5,0.0,2019,3700,59377
20,63097,5,0.0,2020,3700,59397
23,63120,5,0.0,2021,3700,59420
27,63147,5,0.0,2022,3700,59447
30,63177,5,0.0,2023,3700,59477
27,63204,5,0.0,2024,3700,59504
44,63248,5,0.0,2025,3700,59548
26,63274,5,0.0,2026,3700,59574
65,63339,5,0.0,2027,3700,59639
77,63416,5,0.0,2028,3700,59716
28,63444,5,0.0,2029,3700,59744
11,63455,5,0.0,2030,3700,59755
48,63503,5,0.0,2031,3700,59803
55,63558,5,0.0,2032,3700,59858
22,63580,5,0.0,2033,3700,59880
14,63594,5,0.0,2034,3700,59894
43,63637,5,0.0,2035,3700,59937
12,63649,5,0.0,2036,3700,59949
29,63678,5,0.0,2037,3700,59978
10,63688,5,0.0,2038,3700,59988
13,63701,5,0.0,2039,3700,60001
11,63712,5,0.0,2040,3700,60012
22,63734,5,0.0,2041,3700,60034
48,63782,5,0.0,2042,3700,60082
21,63803,5,0.0,2043,3700,60103
17,63820,5,0.0,2044,3700,60120
13,63833,5,0.0,2045,3700,60133
9,63842,5,0.0,2046,3700,60142
49,63891,5,0.0,2047,3700,60191
16,63907,5,0.0,2048,3700,60207
12,63919,5,0.0,2049,3700,60219
62,63981,6,1.0,2050,3700,60281
20,64001,6,0.0,2051,3700,60301
14,64015,6,0.0,2052,3700,60315
24,64039,6,0.0,2053,3700,60339
17,64056,6,0.0,2054,3700,60356
28,64084,6,0.0,2055,3700,60384
15,64099,6,0.0,2056,3700,60399
19,64118,6,0.0,2057,3700,60418
71,64189,6,0.0,2058,3700,60489
18,64207,6,0.0,2059,3700,60507
11,64218,6,0.0,2060,3700,60518
17,64235,6,0.0,2061,3700,60535
47,64282,6,0.0,2062,3700,60582
20,64302,6,0.0,2063,3700,60602
14,64316,6,0.0,2064,3700,60616
11,64327,6,0.0,2065,3700,60627
21,64348,6,0.0,2066,3700,60648
15,64363,6,0.0,2067,3700,60663
20,64383,6,0.0,2068,3700,60683
67,64450,6,0.0,2069,3700,60750
20,64470,6,0.0,2070,3700,60770
6,64476,6,0.0,2071,3700,60776
18,64494,6,0.0,2072,3700,60794
32,64526,6,0.0,2073,3700,60826
12,64538,6,0.0,2074,3700,60838
17,64555,6,0.0,2075,3700,60855
28,64583,6,0.0,2076,3700,60883
65,64648,6,0.0,2077,3700,60948
54,64702,6,0.0,2078,3700,61002
46,64748,6,0.0,2079,3700,61048
9,64757,6,0.0,2080,3700,61057
15,64772,6,0.0,2081,3700,61072
18,64790,6,0.0,2082,3700,61090
8,64798,6,0.0,2083,3700,61098
53,64851,6,0.0,2084,3700,61151
50,64901,6,0.0,2085,3700,61201
13,64914,6,0.0,2086,3700,61214
26,64940,6,0.0,2087,3700,61240
24,64964,6,0.0,2088,3700,61264
29,64993,6,0.0,2089,3700,61293
47,65040,6,0.0,2090,3700,61340
15,65055,6,0.0,2091,3700,61355
28,65083,6,0.0,2092,3700,61383
24,65107,6,0.0,2093,3700,61407
20,65127,6,0.0,2094,3700,61427
44,65171,6,0.0,2095,3700,61471
100,65271,6,0.0,2096,3700,61571
37,65308,6,0.0,2097,3700,61608
38,65346,6,0.0,2098,3700,61646
37,65383,6,0.0,2099,3700,61683
70,65453,6,0.0,2100,3700,61753
23,65476,6,0.0,2101,3700,61776
60,65536,6,0.0,2102,3700,61836
12,65548,6,0.0,2103,3700,61848
22,65570,6,0.0,2104,3700,61870
34,65604,6,0.0,2105,3700,61904
18,65622,6,0.0,2106,3700,61922
60,65682,6,0.0,2107,3700,61982
44,65726,6,0.0,2108,3700,62026
51,65777,6,0.0,2109,3700,62077
7,65784,6,0.0,2110,3700,62084
5,65789,6,0.0,2111,3700,62089
34,65823,6,0.0,2112,3700,62123
27,65850,6,0.0,2113,3700,62150
42,65892,6,0.0,2114,3700,62192
15,65907,6,0.0,2115,3700,62207
45,65952,6,0.0,2116,3700,62252
5,65957,6,0.0,2117,3700,62257
7,65964,6,0.0,2118,3700,62264
20,65984,6,0.0,2119,3700,62284
31,66015,6,0.0,2120,3700,62315
50,66065,6,0.0,2121,3700,62365
42,66107,6,0.0,2122,3700,62407
37,66144,6,0.0,2123,3700,62444
20,66164,6,0.0,2124,3700,62464
24,66188,6,0.0,2125,3700,62488
16,66204,6,0.0,2126,3700,62504
44,66248,6,0.0,2127,3700,62548
53,66301,6,0.0,2128,3700,62601
36,66337,6,0.0,2129,3700,62637
35,66372,6,0.0,2130,3700,62672
32,66404,6,0.0,2131,3700,62704
13,66417,6,0.0,2132,3700,62717
25,66442,6,0.0,2133,3700,62742
37,66479,6,0.0,2134,3700,62779
61,66540,6,0.0,2135,3700,62840
20,66560,6,0.0,2136,3700,62860
12,66572,6,0.0,2137,3700,62872
10,66582,6,0.0,2138,3700,62882
17,66599,6,0.0,2139,3700,62899
21,66620,6,0.0,2140,3700,62920
37,66657,6,0.0,2141,3700,62957
28,66685,6,0.0,2142,3700,62985
18,66703,6,0.0,2143,3700,63003
14,66717,6,0.0,2144,3700,63017
10,66727,6,0.0,2145,3700,63027
24,66751,6,0.0,2146,3700,63051
54,66805,6,0.0,2147,3700,63105
15,66820,6,0.0,2148,3700,63120
98,66918,6,0.0,2149,3700,63218
17,66935,6,0.0,2150,3700,63235
28,66963,6,0.0,2151,3700,63263
13,66976,6,0.0,2152,3700,63276
22,66998,6,0.0,2153,3700,63298
31,67029,6,0.0,2154,3700,63329
9,67038,6,0.0,2155,3700,63338
84,67122,6,0.0,2156,3700,63422
26,67148,6,0.0,2157,3700,63448
15,67163,6,0.0,2158,3700,63463
28,67191,6,0.0,2159,3700,63491
21,67212,6,0.0,2160,3700,63512
27,67239,6,0.0,2161,3700,63539
34,67273,6,0.0,2162,3700,63573
27,67300,6,0.0,2163,3700,63600
54,67354,6,0.0,2164,3700,63654
20,67374,6,0.0,2165,3700,63674
10,67384,6,0.0,2166,3700,63684
8,67392,6,0.0,2167,3700,63692
12,67404,6,0.0,2168,3700,63704
27,67431,6,0.0,2169,3700,63731
21,67452,6,0.0,2170,3700,63752
32,67484,6,0.0,2171,3700,63784
39,67523,6,0.0,2172,3700,63823
47,67570,6,0.0,2173,3700,63870
12,67582,6,0.0,2174,3700,63882
16,67598,6,0.0,2175,3700,63898
29,67627,6,0.0,2176,3700,63927
30,67657,6,0.0,2177,3700,63957
17,67674,6,0.0,2178,3700,63974
14,67688,6,0.0,2179,3700,63988
13,67701,6,0.0,2180,3700,64001
16,67717,6,0.0,2181,3700,64017
17,67734,6,0.0,2182,3700,64034
25,67759,6,0.0,2183,3700,64059
8,67767,6,0.0,2184,3700,64067
31,67798,6,0.0,2185,3700,64098
21,67819,6,0.0,2186,3700,64119
13,67832,6,0.0,2187,3700,64132
27,67859,6,0.0,2188,3700,64159
36,67895,6,0.0,2189,3700,64195
84,67979,6,0.0,2190,3700,64279
38,68017,6,0.0,2191,3700,64317
12,68029,6,0.0,2192,3700,64329
65,68094,6,0.0,2193,3700,64394
50,68144,6,0.0,2194,3700,64444
7,68151,6,0.0,2195,3700,64451
60,68211,6,0.0,2196,3700,64511
24,68235,6,0.0,2197,3700,64535
20,68255,6,0.0,2198,3700,64555
12,68267,6,0.0,2199,3700,64567
64,68331,6,0.0,2200,3700,64631
26,68357,6,0.0,2201,3700,64657
67,68424,6,0.0,2202,3700,64724
24,68448,6,0.0,2203,3700,64748
62,68510,6,0.0,2204,3700,64810
18,68528,6,0.0,2205,3700,64828
22,68550,6,0.0,2206,3700,64850
69,68619,6,0.0,2207,3700,64919
68,68687,6,0.0,2208,3700,64987
13,68700,6,0.0,2209,3700,65000
14,68714,6,0.0,2210,3700,65014
19,68733,6,0.0,2211,3700,65033
28,68761,6,0.0,2212,3700,65061
20,68781,6,0.0,2213,3700,65081
49,68830,6,0.0,2214,3700,65130
46,68876,6,0.0,2215,3700,65176
100,68976,6,0.0,2216,3700,65276
32,69008,6,0.0,2217,3700,65308
70,69078,6,0.0,2218,3700,65378
24,69102,6,0.0,2219,3700,65402
8,69110,6,0.0,2220,3700,65410
20,69130,6,0.0,2221,3700,65430
86,69216,6,0.0,2222,3700,65516
24,69240,6,0.0,2223,3700,65540
44,69284,6,0.0,2224,3700,65584
34,69318,6,0.0,2225,3700,65618
14,69332,6,0.0,2226,3700,65632
7,69339,6,0.0,2227,3700,65639
68,69407,6,0.0,2228,3700,65707
23,69430,6,0.0,2229,3700,65730
17,69447,6,0.0,2230,3700,65747
12,69459,6,0.0,2231,3700,65759
15,69474,6,0.0,2232,3700,65774
64,69538,6,0.0,2233,3700,65838
47,69585,6,0.0,2234,3700,65885
23,69608,6,0.0,2235,3700,65908
26,69634,6,0.0,2236,3700,65934
37,69671,6,0.0,2237,3700,65971
6,69677,6,0.0,2238,3700,65977
9,69686,6,0.0,2239,3700,65986
100,69786,6,0.0,2240,3700,66086
23,69809,6,0.0,2241,3700,66109
25,69834,6,0.0,2242,3700,66134
27,69861,6,0.0,2243,3700,66161
14,69875,6,0.0,2244,3700,66175
29,69904,6,0.0,2245,3700,66204
32,69936,6,0.0,2246,3700,66236
32,69968,6,0.0,2247,3700,66268
33,70001,6,0.0,2248,3700,66301
50,70051,6,0.0,2249,3700,66351
74,70125,6,0.0,2250,3700,66425
18,70143,6,0.0,2251,3700,66443
14,70157,6,0.0,2252,3700,66457
14,70171,6,0.0,2253,3700,66471
34,70205,6,0.0,2254,3700,66505
16,70221,6,0.0,2255,3700,66521
100,70321,6,0.0,2256,3700,66621
11,70332,6,0.0,2257,3700,66632
14,70346,6,0.0,2258,3700,66646
38,70384,6,0.0,2259,3700,66684
15,70399,6,0.0,2260,3700,66699
95,70494,6,0.0,2261,3700,66794
23,70517,6,0.0,2262,3700,66817
25,70542,6,0.0,2263,3700,66842
12,70554,6,0.0,2264,3700,66854
27,70581,6,0.0,2265,3700,66881
21,70602,6,0.0,2266,3700,66902
5,70607,6,0.0,2267,3700,66907
35,70642,6,0.0,2268,3700,66942
22,70664,6,0.0,2269,3700,66964
12,70676,6,0.0,2270,3700,66976
15,70691,6,0.0,2271,3700,66991
37,70728,6,0.0,2272,3700,67028
25,70753,6,0.0,2273,3700,67053
35,70788,6,0.0,2274,3700,67088
27,70815,6,0.0,2275,3700,67115
56,70871,6,0.0,2276,3700,67171
6,70877,6,0.0,2277,3700,67177
35,70912,6,0.0,2278,3700,67212
6,70918,6,0.0,2279,3700,67218
51,70969,6,0.0,2280,3700,67269
18,70987,6,0.0,2281,3700,67287
50,71037,6,0.0,2282,3700,67337
19,71056,6,0.0,2283,3700,67356
52,71108,6,0.0,2284,3701,67407
11,71119,6,0.0,2285,3701,67418
21,71140,6,0.0,2286,3701,67439
32,71172,6,0.0,2287,3701,67471
12,71184,6,0.0,2288,3701,67483
23,71207,6,0.0,2289,3701,67506
29,71236,6,0.0,2290,3701,67535
18,71254,6,0.0,2291,3701,67553
13,71267,6,0.0,2292,3701,67566
36,71303,6,0.0,2293,3701,67602
93,71396,6,0.0,2294,3701,67695
13,71409,6,0.0,2295,3701,67708
26,71435,6,0.0,2296,3701,67734
8,71443,6,0.0,2297,3701,67742
9,71452,6,0.0,2298,3701,67751
19,71471,6,0.0,2299,3701,67770
18,71489,6,0.0,2300,3701,67788
33,71522,6,0.0,2301,3701,67821
12,71534,6,0.0,2302,3701,67833
29,71563,6,0.0,2303,3701,67862
24,71587,6,0.0,2304,3701,67886
6,71593,6,0.0,2305,3701,67892
6,71599,6,0.0,2306,3701,67898
17,71616,6,0.0,2307,3701,67915
21,71637,6,0.0,2308,3701,67936
9,71646,6,0.0,2309,3701,67945
13,71659,6,0.0,2310,3701,67958
22,71681,6,0.0,2311,3701,67980
22,71703,6,0.0,2312,3701,68002
11,71714,6,0.0,2313,3701,68013
29,71743,6,0.0,2314,3701,68042
17,71760,6,0.0,2315,3701,68059
16,71776,6,0.0,2316,3701,68075
21,71797,6,0.0,2317,3701,68096
16,71813,6,0.0,2318,3701,68112
14,71827,6,0.0,2319,3701,68126
27,71854,6,0.0,2320,3701,68153
23,71877,6,0.0,2321,3701,68176
18,71895,6,0.0,2322,3701,68194
17,71912,6,0.0,2323,3701,68211
18,71930,6,0.0,2324,3701,68229
29,71959,6,0.0,2325,3701,68258
32,71991,6,0.0,2326,3701,68290
34,72025,6,0.0,2327,3701,68324
14,72039,6,0.0,2328,3701,68338
19,72058,6,0.0,2329,3701,68357
23,72081,6,0.0,2330,3701,68380
36,72117,6,0.0,2331,3701,68416
24,72141,6,0.0,2332,3701,68440
35,72176,6,0.0,2333,3701,68475
43,72219,6,0.0,2334,3701,68518
27,72246,6,0.0,2335,3701,68545
74,72320,6,0.0,2336,3701,68619
12,72332,6,0.0,2337,3701,68631
37,72369,6,0.0,2338,3701,68668
31,72400,6,0.0,2339,3701,68699
14,72414,6,0.0,2340,3701,68713
11,72425,6,0.0,2341,3701,68724
100,72525,6,0.0,2342,3701,68824
5,72530,6,0.0,2343,3701,68829
61,72591,6,0.0,2344,3701,68890
46,72637,6,0.0,2345,3701,68936
34,72671,6,0.0,2346,3701,68970
46,72717,6,0.0,2347,3701,69016
20,72737,6,0.0,2348,3701,69036
15,72752,6,0.0,2349,3701,69051
20,72772,6,0.0,2350,3701,69071
56,72828,6,0.0,2351,3701,69127
23,72851,6,0.0,2352,3701,69150
19,72870,6,0.0,2353,3701,69169
31,72901,6,0.0,2354,3701,69200
19,72920,6,0.0,2355,3701,69219
26,72946,6,0.0,2356,3701,69245
35,72981,6,0.0,2357,3701,69280
42,73023,6,0.0,2358,3701,69322
79,73102,6,0.0,2359,3701,69401
11,73113,6,0.0,2360,3701,69412
32,73145,6,0.0,2361,3701,69444
57,73202,6,0.0,2362,3701,69501
38,73240,6,0.0,2363,3701,69539
5,73245,6,0.0,2364,3701,69544
25,73270,6,0.0,2365,3701,69569
26,73296,6,0.0,2366,3701,69595
27,73323,6,0.0,2367,3701,69622
29,73352,6,0.0,2368,3701,69651
10,73362,6,0.0,2369,3701,69661
10,73372,6,0.0,2370,3701,69671
35,73407,6,0.0,2371,3701,69706
31,73438,6,0.0,2372,3701,69737
38,73476,6,0.0,2373,3701,69775
30,73506,6,0.0,2374,3701,69805
10,73516,6,0.0,2375,3701,69815
14,73530,6,0.0,2376,3701,69829
50,73580,6,0.0,2377,3701,69879
25,73605,6,0.0,2378,3701,69904
20,73625,6,0.0,2379,3701,69924
100,73725,6,0.0,2380,3701,70024
38,73763,6,0.0,2381,3701,70062
5,73768,6,0.0,2382,3701,70067
17,73785,6,0.0,2383,3701,70084
43,73828,6,0.0,2384,3701,70127
63,73891,6,0.0,2385,3701,70190
7,73898,6,0.0,2386,3701,70197
43,73941,6,0.0,2387,3701,70240
18,73959,6,0.0,2388,3701,70258
12,73971,6,0.0,2389,3701,70270
34,74005,6,0.0,2390,3701,70304
18,74023,6,0.0,2391,3701,70322
15,74038,6,0.0,2392,3701,70337
25,74063,6,0.0,2393,3701,70362
39,74102,6,0.0,2394,3701,70401
18,74120,6,0.0,2395,3701,70419
29,74149,6,0.0,2396,3701,70448
66,74215,6,0.0,2397,3701,70514
18,74233,6,0.0,2398,3701,70532
33,74266,6,0.0,2399,3701,70565
8,74274,6,0.0,2400,3701,70573
34,74308,6,0.0,2401,3701,70607
26,74334,6,0.0,2402,3701,70633
45,74379,6,0.0,2403,3701,70678
30,74409,6,0.0,2404,3701,70708
99,74508,6,0.0,2405,3701,70807
68,74576,6,0.0,2406,3701,70875
21,74597,6,0.0,2407,3701,70896
24,74621,6,0.0,2408,3701,70920
22,74643,6,0.0,2409,3701,70942
35,74678,6,0.0,2410,3701,70977
96,74774,6,0.0,2411,3701,71073
19,74793,6,0.0,2412,3701,71092
24,74817,6,0.0,2413,3701,71116
13,74830,6,0.0,2414,3701,71129
11,74841,6,0.0,2415,3701,71140
32,74873,6,0.0,2416,3701,71172
7,74880,6,0.0,2417,3701,71179
11,74891,6,0.0,2418,3701,71190
28,74919,6,0.0,2419,3701,71218
56,74975,6,0.0,2420,3701,71274
60,75035,6,0.0,2421,3701,71334
10,75045,6,0.0,2422,3701,71344
21,75066,6,0.0,2423,3701,71365
57,75123,6,0.0,2424,3701,71422
15,75138,6,0.0,2425,3701,71437
28,75166,6,0.0,2426,3701,71465
17,75183,6,0.0,2427,3701,71482
17,75200,6,0.0,2428,3701,71499
20,75220,6,0.0,2429,3701,71519
21,75241,6,0.0,2430,3701,71540
63,75304,6,0.0,2431,3701,71603
20,75324,6,0.0,2432,3701,71623
20,75344,6,0.0,2433,3701,71643
10,75354,6,0.0,2434,3701,71653
16,75370,6,0.0,2435,3701,71669
24,75394,6,0.0,2436,3701,71693
35,75429,6,0.0,2437,3701,71728
10,75439,6,0.0,2438,3701,71738
31,75470,6,0.0,2439,3701,71769
21,75491,6,0.0,2440,3701,71790
34,75525,6,0.0,2441,3701,71824
21,75546,6,0.0,2442,3701,71845
94,75640,6,0.0,2443,3701,71939
16,75656,6,0.0,2444,3701,71955
83,75739,6,0.0,2445,3701,72038
44,75783,6,0.0,2446,3701,72082
36,75819,6,0.0,2447,3701,72118
11,75830,6,0.0,2448,3701,72129
13,75843,6,0.0,2449,3701,72142
9,75852,6,0.0,2450,3701,72151
53,75905,6,0.0,2451,3701,72204
25,75930,6,0.0,2452,3701,72229
40,75970,6,0.0,2453,3701,72269
77,76047,6,0.0,2454,3701,72346
9,76056,6,0.0,2455,3701,72355
20,76076,6,0.0,2456,3701,72375
96,76172,6,0.0,2457,3701,72471
7,76179,6,0.0,2458,3701,72478
7,76186,6,0.0,2459,3701,72485
16,76202,6,0.0,2460,3701,72501
43,76245,6,0.0,2461,3701,72544
19,76264,6,0.0,2462,3701,72563
24,76288,6,0.0,2463,3701,72587
53,76341,6,0.0,2464,3701,72640
27,76368,6,0.0,2465,3701,72667
7,76375,6,0.0,2466,3701,72674
18,76393,6,0.0,2467,3701,72692
12,76405,6,0.0,2468,3701,72704
39,76444,6,0.0,2469,3701,72743
16,76460,6,0.0,2470,3701,72759
40,76500,6,0.0,2471,3701,72799
37,76537,6,0.0,2472,3701,72836
25,76562,6,0.0,2473,3701,72861
8,76570,6,0.0,2474,3701,72869
29,76599,6,0.0,2475,3701,72898
27,76626,6,0.0,2476,3701,72925
20,76646,6,0.0,2477,3701,72945
52,76698,6,0.0,2478,3701,72997
77,76775,6,0.0,2479,3701,73074
78,76853,6,0.0,2480,3701,73152
24,76877,6,0.0,2481,3701,73176
29,76906,6,0.0,2482,3701,73205
8,76914,6,0.0,2483,3701,73213
78,76992,6,0.0,2484,3701,73291
12,77004,6,0.0,2485,3701,73303
27,77031,6,0.0,2486,3701,73330
89,77120,6,0.0,2487,3701,73419
13,77133,6,0.0,2488,3701,73432
45,77178,6,0.0,2489,3701,73477
29,77207,6,0.0,2490,3701,73506
21,77228,6,0.0,2491,3701,73527
31,77259,6,0.0,2492,3701,73558
28,77287,6,0.0,2493,3701,73586
35,77322,6,0.0,2494,3701,73621
19,77341,6,0.0,2495,3701,73640
51,77392,6,0.0,2496,3701,73691
44,77436,6,0.0,2497,3701,73735
11,77447,6,0.0,2498,3701,73746
25,77472,6,0.0,2499,3701,73771
27,77499,6,0.0,2500,3701,73798
21,77520,6,0.0,2501,3701,73819
33,77553,6,0.0,2502,3701,73852
10,77563,6,0.0,2503,3701,73862
56,77619,6,0.0,2504,3701,73918
29,77648,6,0.0,2505,3701,73947
22,77670,6,0.0,2506,3701,73969
26,77696,6,0.0,2507,3701,73995
62,77758,6,0.0,2508,3701,74057
54,77812,6,0.0,2509,3701,74111
34,77846,6,0.0,2510,3701,74145
29,77875,6,0.0,2511,3701,74174
13,77888,6,0.0,2512,3701,74187
52,77940,6,0.0,2513,3701,74239
42,77982,6,0.0,2514,3701,74281
17,77999,6,0.0,2515,3701,74298
31,78030,6,0.0,2516,3701,74329
19,78049,6,0.0,2517,3701,74348
7,78056,6,0.0,2518,3701,74355
20,78076,6,0.0,2519,3701,74375
50,78126,6,0.0,2520,3701,74425
8,78134,6,0.0,2521,3701,74433
13,78147,6,0.0,2522,3701,74446
26,78173,6,0.0,2523,3701,74472
69,78242,6,0.0,2524,3701,74541
42,78284,6,0.0,2525,3701,74583
11,78295,6,0.0,2526,3701,74594
33,78328,6,0.0,2527,3701,74627
67,78395,6,0.0,2528,3701,74694
25,78420,6,0.0,2529,3701,74719
81,78501,6,0.0,2530,3701,74800
96,78597,6,0.0,2531,3701,74896
21,78618,6,0.0,2532,3701,74917
46,78664,6,0.0,2533,3701,74963
25,78689,6,0.0,2534,3701,74988
97,78786,6,0.0,2535,3701,75085
5,78791,6,0.0,2536,3701,75090
18,78809,6,0.0,2537,3701,75108
21,78830,6,0.0,2538,3701,75129
21,78851,6,0.0,2539,3701,75150
40,78891,6,0.0,2540,3701,75190
13,78904,6,0.0,2541,3701,75203
24,78928,6,0.0,2542,3701,75227
18,78946,6,0.0,2543,3701,75245
52,78998,6,0.0,2544,3701,75297
6,79004,6,0.0,2545,3701,75303
8,79012,6,0.0,2546,3701,75311
5,79017,6,0.0,2547,3701,75316
78,79095,6,0.0,2548,3701,75394
24,79119,6,0.0,2549,3701,75418
34,79153,6,0.0,2550,3701,75452
28,79181,6,0.0,2551,3701,75480
60,79241,6,0.0,2552,3701,75540
15,79256,6,0.0,2553,3701,75555
11,79267,6,0.0,2554,3701,75566
23,79290,6,0.0,2555,3701,75589
13,79303,6,0.0,2556,3701,75602
20,79323,6,0.0,2557,3701,75622
92,79415,6,0.0,2558,3701,75714
34,79449,6,0.0,2559,3701,75748
10,79459,6,0.0,2560,3701,75758
51,79510,6,0.0,2561,3701,75809
19,79529,6,0.0,2562,3701,75828
35,79564,6,0.0,2563,3701,75863
49,79613,6,0.0,2564,3701,75912
22,79635,6,0.0,2565,3701,75934
19,79654,6,0.0,2566,3701,75953
18,79672,6,0.0,2567,3701,75971
21,79693,6,0.0,2568,3701,75992
14,79707,6,0.0,2569,3701,76006
11,79718,6,0.0,2570,3701,76017
45,79763,6,0.0,2571,3701,76062
58,79821,6,0.0,2572,3701,76120
37,79858,6,0.0,2573,3701,76157
28,79886,6,0.0,2574,3701,76185
10,79896,6,0.0,2575,3701,76195
8,79904,6,0.0,2576,3701,76203
31,79935,6,0.0,2577,3701,76234
26,79961,6,0.0,2578,3701,76260
30,79991,6,0.0,2579,3701,76290
19,80010,6,0.0,2580,3701,76309
17,80027,6,0.0,2581,3701,76326
26,80053,6,0.0,2582,3701,76352
46,80099,6,0.0,2583,3701,76398
30,80129,6,0.0,2584,3701,76428
66,80195,6,0.0,2585,3701,76494
18,80213,6,0.0,2586,3701,76512
16,80229,6,0.0,2587,3701,76528
96,80325,6,0.0,2588,3701,76624
100,80425,6,0.0,2589,3701,76724
49,80474,6,0.0,2590,3701,76773
39,80513,6,0.0,2591,3701,76812
42,80555,6,0.0,2592,3701,76854
18,80573,6,0.0,2593,3701,76872
13,80586,6,0.0,2594,3701,76885
49,80635,6,0.0,2595,3701,76934
20,80655,6,0.0,2596,3701,76954
60,80715,6,0.0,2597,3701,77014
38,80753,6,0.0,2598,3701,77052
64,80817,6,0.0,2599,3701,77116
100,80917,6,0.0,2600,3701,77216
23,80940,6,0.0,2601,3701,77239
75,81015,6,0.0,2602,3701,77314
41,81056,6,0.0,2603,3701,77355
9,81065,6,0.0,2604,3701,77364
20,81085,6,0.0,2605,3701,77384
46,81131,6,0.0,2606,3701,77430
11,81142,6,0.0,2607,3701,77441
21,81163,6,0.0,2608,3701,77462
40,81203,6,0.0,2609,3701,77502
11,81214,6,0.0,2610,3701,77513
14,81228,6,0.0,2611,3701,77527
50,81278,6,0.0,2612,3701,77577
9,81287,6,0.0,2613,3701,77586
26,81313,6,0.0,2614,3701,77612
26,81339,6,0.0,2615,3701,77638
100,81439,6,0.0,2616,3701,77738
9,81448,6,0.0,2617,3701,77747
18,81466,6,0.0,2618,3701,77765
33,81499,6,0.0,2619,3701,77798
16,81515,6,0.0,2620,3701,77814
11,81526,6,0.0,2621,3701,77825
17,81543,6,0.0,2622,3701,77842
57,81600,6,0.0,2623,3701,77899
9,81609,6,0.0,2624,3701,77908
16,81625,6,0.0,2625,3701,77924
100,81725,6,0.0,2626,3701,78024
100,81825,6,0.0,2627,3701,78124
32,81857,6,0.0,2628,3701,78156
11,81868,6,0.0,2629,3701,78167
50,81918,6,0.0,2630,3701,78217
27,81945,6,0.0,2631,3701,78244
55,82000,6,0.0,2632,3701,78299
8,82008,6,0.0,2633,3701,78307
61,82069,6,0.0,2634,3701,78368
14,82083,6,0.0,2635,3701,78382
44,82127,6,0.0,2636,3701,78426
62,82189,6,0.0,2637,3701,78488
16,82205,6,0.0,2638,3701,78504
27,82232,6,0.0,2639,3701,78531
8,82240,6,0.0,2640,3701,78539
25,82265,6,0.0,2641,3701,78564
25,82290,6,0.0,2642,3701,78589
12,82302,6,0.0,2643,3701,78601
9,82311,6,0.0,2644,3701,78610
10,82321,6,0.0,2645,3701,78620
49,82370,6,0.0,2646,3701,78669
15,82385,6,0.0,2647,3701,78684
32,82417,6,0.0,2648,3701,78716
88,82505,6,0.0,2649,3701,78804
69,82574,6,0.0,2650,3701,78873
41,82615,6,0.0,2651,3701,78914
67,82682,6,0.0,2652,3701,78981
51,82733,6,0.0,2653,3701,79032
8,82741,6,0.0,2654,3701,79040
16,82757,6,0.0,2655,3701,79056
35,82792,6,0.0,2656,3701,79091
34,82826,6,0.0,2657,3701,79125
81,82907,6,0.0,2658,3701,79206
14,82921,6,0.0,2659,3701,79220
75,82996,6,0.0,2660,3701,79295
11,83007,6,0.0,2661,3701,79306
12,83019,6,0.0,2662,3701,79318
100,83119,6,0.0,2663,3701,79418
18,83137,6,0.0,2664,3701,79436
37,83174,6,0.0,2665,3701,79473
20,83194,6,0.0,2666,3701,79493
8,83202,6,0.0,2667,3701,79501
16,83218,6,0.0,2668,3701,79517
65,83283,6,0.0,2669,3701,79582
53,83336,6,0.0,2670,3701,79635
50,83386,6,0.0,2671,3701,79685
15,83401,6,0.0,2672,3701,79700
12,83413,6,0.0,2673,3701,79712
77,83490,6,0.0,2674,3701,79789
100,83590,6,0.0,2675,3701,79889
45,83635,6,0.0,2676,3701,79934
13,83648,6,0.0,2677,3701,79947
17,83665,6,0.0,2678,3701,79964
35,83700,6,0.0,2679,3701,79999
32,83732,6,0.0,2680,3701,80031
27,83759,6,0.0,2681,3701,80058
49,83808,6,0.0,2682,3701,80107
13,83821,6,0.0,2683,3701,80120
73,83894,6,0.0,2684,3701,80193
46,83940,6,0.0,2685,3701,80239
19,83959,6,0.0,2686,3701,80258
20,83979,6,0.0,2687,3701,80278
28,84007,6,0.0,2688,3701,80306
35,84042,6,0.0,2689,3701,80341
43,84085,6,0.0,2690,3701,80384
7,84092,6,0.0,2691,3701,80391
33,84125,6,0.0,2692,3701,80424
21,84146,6,0.0,2693,3701,80445
21,84167,6,0.0,2694,3701,80466
45,84212,6,0.0,2695,3701,80511
18,84230,6,0.0,2696,3701,80529
49,84279,6,0.0,2697,3701,80578
48,84327,6,0.0,2698,3701,80626
42,84369,6,0.0,2699,3701,80668
40,84409,6,0.0,2700,3701,80708
16,84425,6,0.0,2701,3701,80724
10,84435,6,0.0,2702,3701,80734
22,84457,6,0.0,2703,3701,80756
17,84474,6,0.0,2704,3701,80773
20,84494,6,0.0,2705,3701,80793
17,84511,6,0.0,2706,3701,80810
33,84544,6,0.0,2707,3701,80843
38,84582,6,0.0,2708,3701,80881
22,84604,6,0.0,2709,3701,80903
24,84628,6,0.0,2710,3701,80927
22,84650,6,0.0,2711,3701,80949
38,84688,6,0.0,2712,3701,80987
20,84708,6,0.0,2713,3701,81007
20,84728,6,0.0,2714,3701,81027
23,84751,6,0.0,2715,3701,81050
55,84806,6,0.0,2716,3701,81105
24,84830,6,0.0,2717,3701,81129
48,84878,6,0.0,2718,3701,81177
34,84912,6,0.0,2719,3701,81211
18,84930,6,0.0,2720,3701,81229
37,84967,6,0.0,2721,3701,81266
32,84999,6,0.0,2722,3701,81298
25,85024,6,0.0,2723,3701,81323
34,85058,6,0.0,2724,3701,81357
50,85108,6,0.0,2725,3701,81407
16,85124,6,0.0,2726,3701,81423
21,85145,6,0.0,2727,3701,81444
16,85161,6,0.0,2728,3701,81460
39,85200,6,0.0,2729,3701,81499
85,85285,6,0.0,2730,3701,81584
19,85304,6,0.0,2731,3701,81603
22,85326,6,0.0,2732,3701,81625
9,85335,6,0.0,2733,3701,81634
19,85354,6,0.0,2734,3701,81653
66,85420,6,0.0,2735,3701,81719
8,85428,6,0.0,2736,3701,81727
39,85467,6,0.0,2737,3701,81766
18,85485,6,0.0,2738,3701,81784
51,85536,6,0.0,2739,3701,81835
88,85624,6,0.0,2740,3701,81923
65,85689,6,0.0,2741,3701,81988
37,85726,6,0.0,2742,3701,82025
30,85756,6,0.0,2743,3701,82055
6,85762,6,0.0,2744,3701,82061
21,85783,6,0.0,2745,3701,82082
22,85805,6,0.0,2746,3701,82104
30,85835,6,0.0,2747,3701,82134
21,85856,6,0.0,2748,3701,82155
12,85868,6,0.0,2749,3701,82167
30,85898,6,0.0,2750,3701,82197
62,85960,6,0.0,2751,3701,82259
10,85970,6,0.0,2752,3701,82269
35,86005,6,0.0,2753,3701,82304
42,86047,6,0.0,2754,3701,82346
29,86076,6,0.0,2755,3701,82375
100,86176,6,0.0,2756,3701,82475
38,86214,6,0.0,2757,3701,82513
17,86231,6,0.0,2758,3701,82530
41,86272,6,0.0,2759,3701,82571
24,86296,6,0.0,2760,3701,82595
27,86323,6,0.0,2761,3701,82622
12,86335,6,0.0,2762,3701,82634
17,86352,6,0.0,2763,3701,82651
24,86376,6,0.0,2764,3701,82675
44,86420,6,0.0,2765,3701,82719
14,86434,6,0.0,2766,3701,82733
15,86449,6,0.0,2767,3701,82748
25,86474,6,0.0,2768,3701,82773
16,86490,6,0.0,2769,3701,82789
5,86495,6,0.0,2770,3701,82794
12,86507,6,0.0,2771,3701,82806
9,86516,6,0.0,2772,3701,82815
10,86526,6,0.0,2773,3701,82825
35,86561,6,0.0,2774,3701,82860
26,86587,6,0.0,2775,3701,82886
9,86596,6,0.0,2776,3701,82895
28,86624,6,0.0,2777,3701,82923
22,86646,6,0.0,2778,3701,82945
10,86656,6,0.0,2779,3701,82955
25,86681,6,0.0,2780,3701,82980
28,86709,6,0.0,2781,3701,83008
11,86720,6,0.0,2782,3701,83019
33,86753,6,0.0,2783,3701,83052
80,86833,6,0.0,2784,3701,83132
17,86850,6,0.0,2785,3701,83149
9,86859,6,0.0,2786,3701,83158
34,86893,6,0.0,2787,3701,83192
20,86913,6,0.0,2788,3701,83212
26,86939,6,0.0,2789,3701,83238
12,86951,6,0.0,2790,3701,83250
35,86986,6,0.0,2791,3701,83285
19,87005,6,0.0,2792,3701,83304
27,87032,6,0.0,2793,3702,83330
11,87043,6,0.0,2794,3702,83341
47,87090,6,0.0,2795,3702,83388
36,87126,7,1.0,2796,3702,83424
12,87138,7,0.0,2797,3702,83436
27,87165,7,0.0,2798,3702,83463
48,87213,7,0.0,2799,3702,83511
7,87220,7,0.0,2800,3702,83518
23,87243,7,0.0,2801,3702,83541
100,87343,7,0.0,2802,3702,83641
9,87352,7,0.0,2803,3702,83650
41,87393,7,0.0,2804,3702,83691
33,87426,7,0.0,2805,3702,83724
18,87444,7,0.0,2806,3702,83742
73,87517,7,0.0,2807,3702,83815
27,87544,7,0.0,2808,3702,83842
13,87557,7,0.0,2809,3702,83855
7,87564,7,0.0,2810,3702,83862
16,87580,7,0.0,2811,3702,83878
34,87614,7,0.0,2812,3702,83912
65,87679,7,0.0,2813,3702,83977
6,87685,7,0.0,2814,3702,83983
49,87734,7,0.0,2815,3702,84032
28,87762,7,0.0,2816,3702,84060
20,87782,7,0.0,2817,3702,84080
20,87802,7,0.0,2818,3702,84100
5,87807,7,0.0,2819,3702,84105
23,87830,7,0.0,2820,3702,84128
33,87863,7,0.0,2821,3702,84161
80,87943,8,1.0,2822,3702,84241
23,87966,8,0.0,2823,3702,84264
14,87980,8,0.0,2824,3702,84278
13,87993,8,0.0,2825,3702,84291
44,88037,8,0.0,2826,3702,84335
51,88088,8,0.0,2827,3702,84386
56,88144,8,0.0,2828,3702,84442
16,88160,8,0.0,2829,3702,84458
14,88174,8,0.0,2830,3702,84472
46,88220,8,0.0,2831,3702,84518
13,88233,8,0.0,2832,3702,84531
6,88239,8,0.0,2833,3702,84537
100,88339,8,0.0,2834,3702,84637
20,88359,8,0.0,2835,3702,84657
83,88442,8,0.0,2836,3702,84740
71,88513,8,0.0,2837,3702,84811
31,88544,8,0.0,2838,3702,84842
64,88608,8,0.0,2839,3702,84906
22,88630,8,0.0,2840,3702,84928
18,88648,8,0.0,2841,3702,84946
7,88655,8,0.0,2842,3702,84953
11,88666,8,0.0,2843,3702,84964
24,88690,8,0.0,2844,3702,84988
34,88724,8,0.0,2845,3702,85022
21,88745,8,0.0,2846,3702,85043
19,88764,8,0.0,2847,3702,85062
30,88794,8,0.0,2848,3702,85092
57,88851,8,0.0,2849,3702,85149
26,88877,8,0.0,2850,3702,85175
14,88891,8,0.0,2851,3702,85189
11,88902,8,0.0,2852,3702,85200
33,88935,8,0.0,2853,3702,85233
34,88969,8,0.0,2854,3702,85267
35,89004,8,0.0,2855,3702,85302
18,89022,8,0.0,2856,3702,85320
39,89061,8,0.0,2857,3702,85359
44,89105,8,0.0,2858,3702,85403
51,89156,8,0.0,2859,3702,85454
89,89245,8,0.0,2860,3702,85543
9,89254,8,0.0,2861,3702,85552
25,89279,8,0.0,2862,3702,85577
71,89350,8,0.0,2863,3702,85648
60,89410,8,0.0,2864,3702,85708
25,89435,8,0.0,2865,3702,85733
36,89471,8,0.0,2866,3702,85769
22,89493,8,0.0,2867,3702,85791
47,89540,8,0.0,2868,3702,85838
7,89547,8,0.0,2869,3702,85845
17,89564,8,0.0,2870,3702,85862
9,89573,8,0.0,2871,3702,85871
73,89646,8,0.0,2872,3702,85944
67,89713,8,0.0,2873,3702,86011
17,89730,8,0.0,2874,3702,86028
44,89774,8,0.0,2875,3702,86072
73,89847,8,0.0,2876,3702,86145
7,89854,8,0.0,2877,3702,86152
40,89894,8,0.0,2878,3702,86192
14,89908,8,0.0,2879,3702,86206
25,89933,8,0.0,2880,3702,86231
40,89973,8,0.0,2881,3702,86271
31,90004,8,0.0,2882,3702,86302
16,90020,8,0.0,2883,3702,86318
31,90051,8,0.0,2884,3702,86349
39,90090,8,0.0,2885,3702,86388
46,90136,8,0.0,2886,3702,86434
11,90147,8,0.0,2887,3702,86445
30,90177,8,0.0,2888,3702,86475
21,90198,8,0.0,2889,3702,86496
8,90206,8,0.0,2890,3702,86504
13,90219,8,0.0,2891,3702,86517
100,90319,8,0.0,2892,3702,86617
39,90358,8,0.0,2893,3702,86656
36,90394,8,0.0,2894,3702,86692
61,90455,8,0.0,2895,3702,86753
17,90472,8,0.0,2896,3702,86770
22,90494,8,0.0,2897,3702,86792
24,90518,8,0.0,2898,3702,86816
43,90561,8,0.0,2899,3702,86859
34,90595,8,0.0,2900,3702,86893
22,90617,8,0.0,2901,3702,86915
10,90627,8,0.0,2902,3702,86925
26,90653,8,0.0,2903,3702,86951
15,90668,8,0.0,2904,3702,86966
100,90768,8,0.0,2905,3702,87066
12,90780,8,0.0,2906,3702,87078
20,90800,8,0.0,2907,3702,87098
39,90839,8,0.0,2908,3702,87137
17,90856,8,0.0,2909,3702,87154
36,90892,8,0.0,2910,3702,87190
71,90963,8,0.0,2911,3702,87261
20,90983,8,0.0,2912,3702,87281
23,91006,8,0.0,2913,3702,87304
37,91043,8,0.0,2914,3702,87341
62,91105,8,0.0,2915,3702,87403
20,91125,8,0.0,2916,3702,87423
12,91137,8,0.0,2917,3702,87435
23,91160,8,0.0,2918,3702,87458
34,91194,8,0.0,2919,3702,87492
20,91214,8,0.0,2920,3702,87512
100,91314,8,0.0,2921,3702,87612
40,91354,8,0.0,2922,3702,87652
12,91366,8,0.0,2923,3702,87664
31,91397,8,0.0,2924,3702,87695
13,91410,8,0.0,2925,3702,87708
100,91510,8,0.0,2926,3702,87808
9,91519,8,0.0,2927,3702,87817
28,91547,8,0.0,2928,3702,87845
93,91640,8,0.0,2929,3702,87938
100,91740,8,0.0,2930,3702,88038
66,91806,8,0.0,2931,3702,88104
16,91822,8,0.0,2932,3702,88120
18,91840,8,0.0,2933,3702,88138
18,91858,8,0.0,2934,3702,88156
79,91937,8,0.0,2935,3702,88235
11,91948,8,0.0,2936,3702,88246
19,91967,8,0.0,2937,3702,88265
21,91988,8,0.0,2938,3702,88286
13,92001,8,0.0,2939,3702,88299
12,92013,8,0.0,2940,3702,88311
9,92022,8,0.0,2941,3702,88320
15,92037,8,0.0,2942,3702,88335
28,92065,8,0.0,2943,3702,88363
40,92105,8,0.0,2944,3702,88403
50,92155,8,0.0,2945,3702,88453
50,92205,8,0.0,2946,3702,88503
40,92245,8,0.0,2947,3702,88543
17,92262,8,0.0,2948,3702,88560
47,92309,8,0.0,2949,3702,88607
69,92378,8,0.0,2950,3702,88676
79,92457,8,0.0,2951,3702,88755
29,92486,8,0.0,2952,3702,88784
13,92499,8,0.0,2953,3702,88797
20,92519,8,0.0,2954,3702,88817
31,92550,8,0.0,2955,3702,88848
49,92599,8,0.0,2956,3702,88897
20,92619,8,0.0,2957,3702,88917
23,92642,8,0.0,2958,3702,88940
64,92706,8,0.0,2959,3702,89004
12,92718,8,0.0,2960,3702,89016
12,92730,8,0.0,2961,3702,89028
18,92748,8,0.0,2962,3702,89046
24,92772,8,0.0,2963,3702,89070
98,92870,8,0.0,2964,3702,89168
35,92905,8,0.0,2965,3702,89203
20,92925,8,0.0,2966,3702,89223
51,92976,8,0.0,2967,3702,89274
96,93072,8,0.0,2968,3702,89370
38,93110,8,0.0,2969,3702,89408
100,93210,8,0.0,2970,3702,89508
58,93268,8,0.0,2971,3702,89566
25,93293,8,0.0,2972,3702,89591
13,93306,8,0.0,2973,3702,89604
23,93329,8,0.0,2974,3702,89627
29,93358,8,0.0,2975,3702,89656
35,93393,8,0.0,2976,3702,89691
8,93401,8,0.0,2977,3702,89699
14,93415,8,0.0,2978,3702,89713
29,93444,8,0.0,2979,3702,89742
17,93461,8,0.0,2980,3702,89759
8,93469,8,0.0,2981,3702,89767
73,93542,8,0.0,2982,3702,89840
11,93553,8,0.0,2983,3702,89851
6,93559,8,0.0,2984,3702,89857
51,93610,8,0.0,2985,3702,89908
17,93627,8,0.0,2986,3702,89925
16,93643,8,0.0,2987,3702,89941
24,93667,8,0.0,2988,3702,89965
45,93712,8,0.0,2989,3702,90010
25,93737,8,0.0,2990,3702,90035
50,93787,8,0.0,2991,3702,90085
14,93801,8,0.0,2992,3702,90099
10,93811,8,0.0,2993,3702,90109
17,93828,8,0.0,2994,3702,90126
66,93894,8,0.0,2995,3702,90192
13,93907,8,0.0,2996,3702,90205
5,93912,8,0.0,2997,3702,90210
52,93964,8,0.0,2998,3702,90262
27,93991,8,0.0,2999,3702,90289
19,94010,8,0.0,3000,3702,90308
10,94020,8,0.0,3001,3702,90318
67,94087,8,0.0,3002,3702,90385
11,94098,8,0.0,3003,3702,90396
23,94121,8,0.0,3004,3702,90419
45,94166,8,0.0,3005,3702,90464
20,94186,8,0.0,3006,3702,90484
10,94196,8,0.0,3007,3702,90494
66,94262,8,0.0,3008,3702,90560
44,94306,8,0.0,3009,3702,90604
12,94318,8,0.0,3010,3702,90616
28,94346,8,0.0,3011,3702,90644
17,94363,8,0.0,3012,3702,90661
10,94373,8,0.0,3013,3702,90671
37,94410,8,0.0,3014,3702,90708
37,94447,8,0.0,3015,3702,90745
78,94525,8,0.0,3016,3702,90823
8,94533,8,0.0,3017,3702,90831
24,94557,8,0.0,3018,3702,90855
37,94594,8,0.0,3019,3702,90892
14,94608,8,0.0,3020,3702,90906
24,94632,8,0.0,3021,3702,90930
10,94642,8,0.0,3022,3702,90940
88,94730,8,0.0,3023,3702,91028
47,94777,8,0.0,3024,3702,91075
15,94792,8,0.0,3025,3702,91090
21,94813,8,0.0,3026,3702,91111
25,94838,8,0.0,3027,3702,91136
27,94865,8,0.0,3028,3702,91163
12,94877,8,0.0,3029,3702,91175
9,94886,8,0.0,3030,3702,91184
14,94900,8,0.0,3031,3702,91198
47,94947,8,0.0,3032,3702,91245
7,94954,8,0.0,3033,3702,91252
100,95054,8,0.0,3034,3702,91352
43,95097,8,0.0,3035,3702,91395
63,95160,8,0.0,3036,3702,91458
79,95239,8,0.0,3037,3702,91537
32,95271,8,0.0,3038,3702,91569
26,95297,8,0.0,3039,3702,91595
35,95332,8,0.0,3040,3702,91630
14,95346,8,0.0,3041,3702,91644
6,95352,8,0.0,3042,3702,91650
70,95422,8,0.0,3043,3702,91720
10,95432,8,0.0,3044,3702,91730
21,95453,8,0.0,3045,3702,91751
14,95467,8,0.0,3046,3702,91765
30,95497,8,0.0,3047,3702,91795
39,95536,8,0.0,3048,3702,91834
58,95594,8,0.0,3049,3702,91892
19,95613,8,0.0,3050,3702,91911
39,95652,8,0.0,3051,3702,91950
27,95679,8,0.0,3052,3702,91977
32,95711,8,0.0,3053,3702,92009
7,95718,8,0.0,3054,3702,92016
26,95744,8,0.0,3055,3702,92042
100,95844,8,0.0,3056,3702,92142
19,95863,8,0.0,3057,3702,92161
29,95892,8,0.0,3058,3702,92190
23,95915,8,0.0,3059,3702,92213
28,95943,8,0.0,3060,3702,92241
38,95981,8,0.0,3061,3702,92279
6,95987,8,0.0,3062,3702,92285
76,96063,8,0.0,3063,3702,92361
11,96074,8,0.0,3064,3702,92372
15,96089,8,0.0,3065,3702,92387
22,96111,8,0.0,3066,3702,92409
30,96141,8,0.0,3067,3702,92439
26,96167,8,0.0,3068,3702,92465
48,96215,8,0.0,3069,3702,92513
25,96240,8,0.0,3070,3702,92538
12,96252,8,0.0,3071,3702,92550
23,96275,8,0.0,3072,3702,92573
52,96327,8,0.0,3073,3702,92625
45,96372,8,0.0,3074,3702,92670
6,96378,8,0.0,3075,3702,92676
28,96406,8,0.0,3076,3702,92704
20,96426,8,0.0,3077,3702,92724
23,96449,8,0.0,3078,3702,92747
17,96466,8,0.0,3079,3702,92764
37,96503,8,0.0,3080,3702,92801
25,96528,8,0.0,3081,3702,92826
73,96601,8,0.0,3082,3702,92899
13,96614,8,0.0,3083,3702,92912
12,96626,8,0.0,3084,3702,92924
6,96632,8,0.0,3085,3702,92930
21,96653,8,0.0,3086,3702,92951
25,96678,8,0.0,3087,3702,92976
87,96765,8,0.0,3088,3702,93063
14,96779,8,0.0,3089,3702,93077
17,96796,8,0.0,3090,3702,93094
32,96828,8,0.0,3091,3702,93126
31,96859,8,0.0,3092,3702,93157
14,96873,8,0.0,3093,3702,93171
8,96881,8,0.0,3094,3702,93179
24,96905,8,0.0,3095,3702,93203
26,96931,8,0.0,3096,3702,93229
32,96963,8,0.0,3097,3702,93261
12,96975,8,0.0,3098,3702,93273
46,97021,8,0.0,3099,3702,93319
9,97030,8,0.0,3100,3702,93328
41,97071,8,0.0,3101,3702,93369
41,97112,8,0.0,3102,3702,93410
7,97119,8,0.0,3103,3702,93417
52,97171,8,0.0,3104,3702,93469
18,97189,8,0.0,3105,3702,93487
31,97220,8,0.0,3106,3702,93518
26,97246,8,0.0,3107,3702,93544
37,97283,8,0.0,3108,3702,93581
15,97298,8,0.0,3109,3702,93596
50,97348,8,0.0,3110,3702,93646
70,97418,8,0.0,3111,3702,93716
28,97446,8,0.0,3112,3702,93744
24,97470,8,0.0,3113,3702,93768
85,97555,8,0.0,3114,3702,93853
16,97571,8,0.0,3115,3702,93869
39,97610,8,0.0,3116,3702,93908
31,97641,8,0.0,3117,3702,93939
42,97683,8,0.0,3118,3702,93981
5,97688,8,0.0,3119,3702,93986
23,97711,8,0.0,3120,3702,94009
48,97759,8,0.0,3121,3702,94057
13,97772,8,0.0,3122,3702,94070
39,97811,8,0.0,3123,3702,94109
24,97835,8,0.0,3124,3702,94133
34,97869,8,0.0,3125,3702,94167
18,97887,8,0.0,3126,3702,94185
15,97902,8,0.0,3127,3702,94200
7,97909,8,0.0,3128,3702,94207
17,97926,8,0.0,3129,3702,94224
33,97959,8,0.0,3130,3702,94257
57,98016,8,0.0,3131,3702,94314
19,98035,8,0.0,3132,3702,94333
9,98044,8,0.0,3133,3702,94342
17,98061,8,0.0,3134,3702,94359
34,98095,8,0.0,3135,3702,94393
28,98123,8,0.0,3136,3702,94421
53,98176,8,0.0,3137,3702,94474
22,98198,8,0.0,3138,3702,94496
21,98219,8,0.0,3139,3702,94517
22,98241,8,0.0,3140,3702,94539
21,98262,8,0.0,3141,3702,94560
7,98269,8,0.0,3142,3702,94567
79,98348,8,0.0,3143,3702,94646
17,98365,8,0.0,3144,3702,94663
6,98371,8,0.0,3145,3702,94669
93,98464,8,0.0,3146,3702,94762
21,98485,8,0.0,3147,3702,94783
65,98550,8,0.0,3148,3702,94848
6,98556,8,0.0,3149,3702,94854
25,98581,8,0.0,3150,3702,94879
23,98604,8,0.0,3151,3702,94902
21,98625,8,0.0,3152,3702,94923
29,98654,8,0.0,3153,3702,94952
10,98664,8,0.0,3154,3702,94962
12,98676,8,0.0,3155,3702,94974
31,98707,8,0.0,3156,3702,95005
29,98736,8,0.0,3157,3702,95034
15,98751,8,0.0,3158,3702,95049
40,98791,8,0.0,3159,3702,95089
12,98803,8,0.0,3160,3702,95101
34,98837,8,0.0,3161,3702,95135
10,98847,8,0.0,3162,3702,95145
34,98881,8,0.0,3163,3702,95179
36,98917,8,0.0,3164,3702,95215
38,98955,8,0.0,3165,3702,95253
27,98982,8,0.0,3166,3702,95280
34,99016,8,0.0,3167,3702,95314
22,99038,8,0.0,3168,3702,95336
21,99059,8,0.0,3169,3702,95357
65,99124,8,0.0,3170,3702,95422
40,99164,8,0.0,3171,3702,95462
6,99170,8,0.0,3172,3702,95468
100,99270,8,0.0,3173,3702,95568
56,99326,8,0.0,3174,3702,95624
14,99340,8,0.0,3175,3702,95638
68,99408,8,0.0,3176,3702,95706
76,99484,8,0.0,3177,3702,95782
31,99515,8,0.0,3178,3702,95813
9,99524,8,0.0,3179,3702,95822
29,99553,8,0.0,3180,3702,95851
16,99569,8,0.0,3181,3702,95867
29,99598,8,0.0,3182,3702,95896
8,99606,8,0.0,3183,3702,95904
22,99628,8,0.0,3184,3702,95926
15,99643,8,0.0,3185,3702,95941
32,99675,8,0.0,3186,3702,95973
62,99737,8,0.0,3187,3702,96035
41,99778,8,0.0,3188,3702,96076
14,99792,8,0.0,3189,3702,96090
33,99825,8,0.0,3190,3702,96123
14,99839,8,0.0,3191,3702,96137
9,99848,8,0.0,3192,3702,96146
16,99864,8,0.0,3193,3702,96162
32,99896,8,0.0,3194,3702,96194
22,99918,8,0.0,3195,3702,96216
61,99979,8,0.0,3196,3702,96277
