iteration,successes,successes_episode,reward_episode,episode_count,random_act,timestep
55,55,0,0.0,1,36,19
41,96,0,0.0,2,66,30
11,107,0,0.0,3,75,32
41,148,0,0.0,4,108,40
17,165,0,0.0,5,122,43
40,205,0,0.0,6,154,51
19,224,0,0.0,7,169,55
26,250,0,0.0,8,189,61
29,279,0,0.0,9,211,68
54,333,0,0.0,10,252,81
42,375,0,0.0,11,289,86
16,391,0,0.0,12,304,87
37,428,0,0.0,13,338,90
26,454,0,0.0,14,359,95
53,507,0,0.0,15,398,109
78,585,0,0.0,16,460,125
13,598,0,0.0,17,472,126
49,647,0,0.0,18,514,133
15,662,0,0.0,19,523,139
17,679,0,0.0,20,538,141
37,716,0,0.0,21,567,149
19,735,0,0.0,22,581,154
24,759,0,0.0,23,600,159
97,856,0,0.0,24,684,172
36,892,0,0.0,25,714,178
13,905,0,0.0,26,723,182
39,944,0,0.0,27,748,196
30,974,0,0.0,28,771,203
12,986,0,0.0,29,780,206
100,1086,0,0.0,30,863,223
9,1095,0,0.0,31,869,226
5,1100,0,0.0,32,872,228
19,1119,0,0.0,33,886,233
42,1161,0,0.0,34,920,241
49,1210,0,0.0,35,960,250
39,1249,0,0.0,36,994,255
29,1278,0,0.0,37,1018,260
85,1363,0,0.0,38,1085,278
99,1462,0,0.0,39,1158,304
26,1488,0,0.0,40,1181,307
17,1505,0,0.0,41,1196,309
16,1521,0,0.0,42,1208,313
14,1535,0,0.0,43,1218,317
83,1618,0,0.0,44,1288,330
13,1631,0,0.0,45,1298,333
40,1671,0,0.0,46,1331,340
75,1746,0,0.0,47,1393,353
10,1756,0,0.0,48,1401,355
24,1780,0,0.0,49,1421,359
73,1853,0,0.0,50,1480,373
54,1907,0,0.0,51,1523,384
30,1937,0,0.0,52,1551,386
18,1955,0,0.0,53,1564,391
27,1982,0,0.0,54,1586,396
27,2009,0,0.0,55,1607,402
17,2026,0,0.0,56,1620,406
14,2040,0,0.0,57,1630,410
25,2065,0,0.0,58,1650,415
31,2096,0,0.0,59,1676,420
26,2122,0,0.0,60,1697,425
15,2137,0,0.0,61,1709,428
13,2150,0,0.0,62,1718,432
15,2165,0,0.0,63,1730,435
40,2205,0,0.0,64,1763,442
50,2255,0,0.0,65,1798,457
39,2294,0,0.0,66,1828,466
17,2311,0,0.0,67,1842,469
33,2344,0,0.0,68,1868,476
45,2389,0,0.0,69,1904,485
20,2409,0,0.0,70,1921,488
42,2451,0,0.0,71,1952,499
25,2476,0,0.0,72,1969,507
8,2484,0,0.0,73,1977,507
5,2489,0,0.0,74,1981,508
28,2517,0,0.0,75,2002,515
62,2579,0,0.0,76,2053,526
21,2600,0,0.0,77,2071,529
11,2611,0,0.0,78,2078,533
52,2663,0,0.0,79,2122,541
7,2670,0,0.0,80,2129,541
29,2699,0,0.0,81,2153,546
49,2748,0,0.0,82,2192,556
11,2759,0,0.0,83,2202,557
51,2810,0,0.0,84,2240,570
17,2827,0,0.0,85,2254,573
71,2898,0,0.0,86,2305,593
12,2910,0,0.0,87,2315,595
44,2954,0,0.0,88,2349,605
35,2989,0,0.0,89,2381,608
24,3013,0,0.0,90,2400,613
21,3034,0,0.0,91,2416,618
59,3093,0,0.0,92,2464,629
25,3118,0,0.0,93,2483,635
35,3153,0,0.0,94,2513,640
15,3168,0,0.0,95,2526,642
16,3184,0,0.0,96,2539,645
81,3265,0,0.0,97,2605,660
37,3302,0,0.0,98,2633,669
9,3311,0,0.0,99,2641,670
55,3366,0,0.0,100,2685,681
44,3410,0,0.0,101,2719,691
33,3443,0,0.0,102,2743,700
19,3462,0,0.0,103,2755,707
33,3495,0,0.0,104,2779,716
53,3548,0,0.0,105,2819,729
27,3575,0,0.0,106,2840,735
34,3609,0,0.0,107,2863,746
20,3629,0,0.0,108,2877,752
22,3651,0,0.0,109,2895,756
22,3673,0,0.0,110,2914,759
15,3688,0,0.0,111,2926,762
25,3713,0,0.0,112,2949,764
18,3731,0,0.0,113,2967,764
41,3772,0,0.0,114,2999,773
26,3798,0,0.0,115,3021,777
46,3844,0,0.0,116,3059,785
26,3870,0,0.0,117,3080,790
29,3899,0,0.0,118,3103,796
28,3927,0,0.0,119,3128,799
12,3939,0,0.0,120,3136,803
16,3955,0,0.0,121,3147,808
64,4019,0,0.0,122,3201,818
45,4064,0,0.0,123,3240,824
21,4085,0,0.0,124,3253,832
34,4119,0,0.0,125,3282,837
84,4203,0,0.0,126,3344,859
82,4285,0,0.0,127,3403,882
9,4294,0,0.0,128,3408,886
32,4326,0,0.0,129,3432,894
34,4360,0,0.0,130,3462,898
36,4396,0,0.0,131,3486,910
34,4430,0,0.0,132,3513,917
16,4446,0,0.0,133,3526,920
89,4535,0,0.0,134,3598,937
7,4542,0,0.0,135,3602,940
10,4552,0,0.0,136,3611,941
17,4569,0,0.0,137,3626,943
36,4605,0,0.0,138,3655,950
36,4641,0,0.0,139,3686,955
8,4649,0,0.0,140,3692,957
28,4677,0,0.0,141,3710,967
24,4701,0,0.0,142,3731,970
43,4744,0,0.0,143,3766,978
12,4756,0,0.0,144,3777,979
24,4780,0,0.0,145,3797,983
12,4792,0,0.0,146,3806,986
45,4837,0,0.0,147,3840,997
30,4867,0,0.0,148,3866,1001
26,4893,0,0.0,149,3888,1005
100,4993,0,0.0,150,3958,1035
48,5041,0,0.0,151,3999,1042
15,5056,0,0.0,152,4014,1042
9,5065,0,0.0,153,4023,1042
19,5084,0,0.0,154,4041,1043
15,5099,0,0.0,155,4053,1046
45,5144,0,0.0,156,4091,1053
25,5169,0,0.0,157,4111,1058
10,5179,0,0.0,158,4116,1063
14,5193,0,0.0,159,4127,1066
13,5206,0,0.0,160,4138,1068
28,5234,0,0.0,161,4161,1073
19,5253,0,0.0,162,4178,1075
100,5353,0,0.0,163,4257,1096
22,5375,0,0.0,164,4277,1098
44,5419,1,1.0,165,4310,1109
84,5503,1,0.0,166,4332,1171
19,5522,1,0.0,167,4337,1185
18,5540,1,0.0,168,4342,1198
88,5628,1,0.0,169,4361,1267
21,5649,1,0.0,170,4368,1281
37,5686,1,0.0,171,4372,1314
53,5739,1,0.0,172,4382,1357
26,5765,1,0.0,173,4388,1377
55,5820,1,0.0,174,4398,1422
43,5863,1,0.0,175,4408,1455
35,5898,1,0.0,176,4412,1486
13,5911,1,0.0,177,4414,1497
19,5930,1,0.0,178,4416,1514
30,5960,1,0.0,179,4420,1540
34,5994,1,0.0,180,4425,1569
28,6022,1,0.0,181,4429,1593
14,6036,1,0.0,182,4434,1602
100,6136,1,0.0,183,4446,1690
34,6170,1,0.0,184,4450,1720
11,6181,1,0.0,185,4452,1729
21,6202,1,0.0,186,4456,1746
42,6244,1,0.0,187,4464,1780
65,6309,1,0.0,188,4474,1835
20,6329,1,0.0,189,4477,1852
12,6341,1,0.0,190,4479,1862
52,6393,1,0.0,191,4492,1901
32,6425,1,0.0,192,4496,1929
20,6445,1,0.0,193,4498,1947
12,6457,1,0.0,194,4501,1956
58,6515,1,0.0,195,4512,2003
27,6542,1,0.0,196,4515,2027
37,6579,1,0.0,197,4526,2053
35,6614,1,0.0,198,4530,2084
14,6628,1,0.0,199,4534,2094
21,6649,1,0.0,200,4537,2112
19,6668,1,0.0,201,4541,2127
12,6680,1,0.0,202,4542,2138
53,6733,1,0.0,203,4556,2177
5,6738,1,0.0,204,4558,2180
8,6746,1,0.0,205,4560,2186
11,6757,1,0.0,206,4562,2195
50,6807,1,0.0,207,4574,2233
52,6859,1,0.0,208,4582,2277
21,6880,1,0.0,209,4585,2295
36,6916,1,0.0,210,4588,2328
9,6925,1,0.0,211,4590,2335
12,6937,1,0.0,212,4591,2346
31,6968,1,0.0,213,4596,2372
96,7064,1,0.0,214,4608,2456
20,7084,1,0.0,215,4612,2472
29,7113,1,0.0,216,4615,2498
39,7152,1,0.0,217,4621,2531
16,7168,1,0.0,218,4623,2545
33,7201,1,0.0,219,4628,2573
31,7232,1,0.0,220,4635,2597
43,7275,1,0.0,221,4642,2633
96,7371,1,0.0,222,4654,2717
18,7389,1,0.0,223,4657,2732
9,7398,1,0.0,224,4658,2740
37,7435,1,0.0,225,4663,2772
42,7477,1,0.0,226,4674,2803
15,7492,1,0.0,227,4677,2815
50,7542,1,0.0,228,4686,2856
59,7601,1,0.0,229,4696,2905
6,7607,1,0.0,230,4699,2908
5,7612,1,0.0,231,4701,2911
17,7629,1,0.0,232,4702,2927
60,7689,1,0.0,233,4711,2978
22,7711,1,0.0,234,4713,2998
39,7750,1,0.0,235,4722,3028
24,7774,1,0.0,236,4727,3047
67,7841,1,0.0,237,4738,3103
49,7890,1,0.0,238,4746,3144
47,7937,1,0.0,239,4758,3179
8,7945,1,0.0,240,4759,3186
13,7958,1,0.0,241,4760,3198
33,7991,1,0.0,242,4763,3228
19,8010,1,0.0,243,4766,3244
100,8110,1,0.0,244,4787,3323
22,8132,1,0.0,245,4793,3339
12,8144,1,0.0,246,4794,3350
27,8171,1,0.0,247,4798,3373
41,8212,1,0.0,248,4805,3407
19,8231,1,0.0,249,4809,3422
26,8257,1,0.0,250,4814,3443
14,8271,1,0.0,251,4816,3455
31,8302,1,0.0,252,4822,3480
93,8395,1,0.0,253,4835,3560
72,8467,1,0.0,254,4844,3623
80,8547,1,0.0,255,4856,3691
42,8589,1,0.0,256,4864,3725
34,8623,1,0.0,257,4870,3753
55,8678,1,0.0,258,4877,3801
44,8722,1,0.0,259,4886,3836
22,8744,1,0.0,260,4887,3857
12,8756,1,0.0,261,4888,3868
100,8856,1,0.0,262,4904,3952
14,8870,1,0.0,263,4906,3964
31,8901,1,0.0,264,4912,3989
32,8933,1,0.0,265,4919,4014
32,8965,1,0.0,266,4926,4039
80,9045,1,0.0,267,4942,4103
7,9052,1,0.0,268,4944,4108
23,9075,1,0.0,269,4945,4130
32,9107,1,0.0,270,4948,4159
23,9130,1,0.0,271,4955,4175
20,9150,1,0.0,272,4960,4190
37,9187,1,0.0,273,4969,4218
19,9206,1,0.0,274,4972,4234
14,9220,1,0.0,275,4974,4246
28,9248,1,0.0,276,4978,4270
33,9281,1,0.0,277,4984,4297
16,9297,1,0.0,278,4984,4313
11,9308,1,0.0,279,4985,4323
25,9333,1,0.0,280,4989,4344
46,9379,1,0.0,281,4999,4380
55,9434,1,0.0,282,5010,4424
45,9479,2,1.0,283,5019,4460
17,9496,2,0.0,284,5020,4476
13,9509,2,0.0,285,5020,4489
40,9549,2,0.0,286,5021,4528
27,9576,2,0.0,287,5021,4555
11,9587,2,0.0,288,5022,4565
83,9670,2,0.0,289,5023,4647
83,9753,2,0.0,290,5025,4728
8,9761,2,0.0,291,5025,4736
39,9800,2,0.0,292,5027,4773
27,9827,2,0.0,293,5028,4799
30,9857,2,0.0,294,5028,4829
27,9884,2,0.0,295,5029,4855
34,9918,2,0.0,296,5029,4889
15,9933,2,0.0,297,5029,4904
13,9946,2,0.0,298,5031,4915
60,10006,2,0.0,299,5034,4972
69,10075,2,0.0,300,5035,5040
8,10083,2,0.0,301,5035,5048
25,10108,2,0.0,302,5036,5072
77,10185,2,0.0,303,5037,5148
12,10197,2,0.0,304,5037,5160
7,10204,2,0.0,305,5037,5167
35,10239,2,0.0,306,5040,5199
14,10253,2,0.0,307,5040,5213
16,10269,2,0.0,308,5042,5227
80,10349,2,0.0,309,5043,5306
5,10354,2,0.0,310,5043,5311
6,10360,2,0.0,311,5044,5316
14,10374,2,0.0,312,5045,5329
22,10396,2,0.0,313,5045,5351
49,10445,2,0.0,314,5045,5400
9,10454,2,0.0,315,5045,5409
33,10487,2,0.0,316,5046,5441
6,10493,2,0.0,317,5046,5447
37,10530,2,0.0,318,5046,5484
20,10550,3,1.0,319,5046,5504
20,10570,3,0.0,320,5046,5524
15,10585,3,0.0,321,5046,5539
14,10599,3,0.0,322,5047,5552
18,10617,3,0.0,323,5047,5570
49,10666,3,0.0,324,5047,5619
65,10731,3,0.0,325,5047,5684
26,10757,3,0.0,326,5048,5709
15,10772,3,0.0,327,5048,5724
27,10799,3,0.0,328,5048,5751
23,10822,3,0.0,329,5049,5773
47,10869,3,0.0,330,5049,5820
48,10917,3,0.0,331,5049,5868
44,10961,3,0.0,332,5049,5912
24,10985,3,0.0,333,5049,5936
16,11001,3,0.0,334,5050,5951
34,11035,3,0.0,335,5050,5985
27,11062,3,0.0,336,5050,6012
14,11076,3,0.0,337,5050,6026
40,11116,3,0.0,338,5050,6066
56,11172,3,0.0,339,5050,6122
10,11182,3,0.0,340,5050,6132
16,11198,3,0.0,341,5050,6148
36,11234,3,0.0,342,5051,6183
26,11260,3,0.0,343,5051,6209
27,11287,3,0.0,344,5052,6235
24,11311,3,0.0,345,5052,6259
9,11320,3,0.0,346,5052,6268
12,11332,3,0.0,347,5052,6280
25,11357,3,0.0,348,5052,6305
32,11389,3,0.0,349,5052,6337
11,11400,3,0.0,350,5052,6348
35,11435,3,0.0,351,5052,6383
11,11446,3,0.0,352,5052,6394
13,11459,3,0.0,353,5052,6407
21,11480,3,0.0,354,5052,6428
20,11500,3,0.0,355,5052,6448
19,11519,3,0.0,356,5052,6467
17,11536,3,0.0,357,5052,6484
16,11552,3,0.0,358,5052,6500
11,11563,3,0.0,359,5052,6511
34,11597,3,0.0,360,5052,6545
41,11638,3,0.0,361,5052,6586
27,11665,3,0.0,362,5052,6613
16,11681,3,0.0,363,5052,6629
12,11693,3,0.0,364,5052,6641
40,11733,3,0.0,365,5052,6681
14,11747,3,0.0,366,5052,6695
38,11785,3,0.0,367,5053,6732
37,11822,3,0.0,368,5053,6769
33,11855,3,0.0,369,5054,6801
12,11867,3,0.0,370,5055,6812
18,11885,3,0.0,371,5055,6830
78,11963,3,0.0,372,5056,6907
14,11977,3,0.0,373,5056,6921
16,11993,3,0.0,374,5056,6937
23,12016,3,0.0,375,5056,6960
13,12029,3,0.0,376,5056,6973
33,12062,3,0.0,377,5056,7006
10,12072,3,0.0,378,5057,7015
10,12082,3,0.0,379,5057,7025
35,12117,3,0.0,380,5057,7060
42,12159,3,0.0,381,5057,7102
49,12208,3,0.0,382,5057,7151
48,12256,3,0.0,383,5058,7198
14,12270,3,0.0,384,5059,7211
19,12289,3,0.0,385,5059,7230
35,12324,3,0.0,386,5059,7265
23,12347,3,0.0,387,5059,7288
13,12360,3,0.0,388,5059,7301
23,12383,3,0.0,389,5059,7324
13,12396,3,0.0,390,5059,7337
39,12435,3,0.0,391,5059,7376
25,12460,3,0.0,392,5059,7401
38,12498,3,0.0,393,5059,7439
15,12513,3,0.0,394,5059,7454
65,12578,3,0.0,395,5060,7518
27,12605,3,0.0,396,5060,7545
46,12651,3,0.0,397,5060,7591
25,12676,3,0.0,398,5060,7616
30,12706,3,0.0,399,5061,7645
18,12724,3,0.0,400,5061,7663
27,12751,3,0.0,401,5061,7690
26,12777,3,0.0,402,5061,7716
22,12799,3,0.0,403,5061,7738
14,12813,3,0.0,404,5061,7752
9,12822,3,0.0,405,5061,7761
37,12859,3,0.0,406,5061,7798
100,12959,3,0.0,407,5062,7897
60,13019,3,0.0,408,5062,7957
52,13071,3,0.0,409,5063,8008
39,13110,3,0.0,410,5063,8047
9,13119,3,0.0,411,5063,8056
15,13134,3,0.0,412,5063,8071
34,13168,3,0.0,413,5063,8105
26,13194,3,0.0,414,5063,8131
16,13210,3,0.0,415,5063,8147
13,13223,3,0.0,416,5063,8160
22,13245,3,0.0,417,5063,8182
71,13316,3,0.0,418,5063,8253
7,13323,3,0.0,419,5063,8260
10,13333,3,0.0,420,5063,8270
37,13370,3,0.0,421,5064,8306
31,13401,3,0.0,422,5064,8337
74,13475,3,0.0,423,5066,8409
17,13492,3,0.0,424,5066,8426
25,13517,3,0.0,425,5067,8450
45,13562,3,0.0,426,5067,8495
25,13587,3,0.0,427,5067,8520
9,13596,3,0.0,428,5067,8529
13,13609,3,0.0,429,5067,8542
67,13676,3,0.0,430,5070,8606
9,13685,3,0.0,431,5070,8615
57,13742,3,0.0,432,5071,8671
54,13796,3,0.0,433,5071,8725
35,13831,3,0.0,434,5071,8760
9,13840,3,0.0,435,5071,8769
15,13855,3,0.0,436,5071,8784
61,13916,3,0.0,437,5071,8845
50,13966,3,0.0,438,5072,8894
27,13993,3,0.0,439,5073,8920
26,14019,3,0.0,440,5073,8946
35,14054,3,0.0,441,5075,8979
9,14063,3,0.0,442,5075,8988
7,14070,3,0.0,443,5075,8995
25,14095,3,0.0,444,5075,9020
63,14158,3,0.0,445,5075,9083
9,14167,3,0.0,446,5075,9092
20,14187,3,0.0,447,5075,9112
9,14196,3,0.0,448,5075,9121
46,14242,3,0.0,449,5076,9166
39,14281,3,0.0,450,5077,9204
15,14296,3,0.0,451,5077,9219
16,14312,3,0.0,452,5077,9235
32,14344,3,0.0,453,5077,9267
14,14358,3,0.0,454,5077,9281
25,14383,3,0.0,455,5077,9306
28,14411,3,0.0,456,5077,9334
49,14460,3,0.0,457,5077,9383
56,14516,3,0.0,458,5077,9439
32,14548,3,0.0,459,5078,9470
27,14575,3,0.0,460,5078,9497
17,14592,3,0.0,461,5078,9514
20,14612,3,0.0,462,5078,9534
39,14651,3,0.0,463,5079,9572
15,14666,3,0.0,464,5079,9587
11,14677,3,0.0,465,5079,9598
45,14722,3,0.0,466,5079,9643
8,14730,3,0.0,467,5079,9651
39,14769,3,0.0,468,5079,9690
29,14798,3,0.0,469,5079,9719
12,14810,3,0.0,470,5079,9731
63,14873,3,0.0,471,5080,9793
69,14942,3,0.0,472,5080,9862
67,15009,3,0.0,473,5081,9928
20,15029,3,0.0,474,5081,9948
11,15040,3,0.0,475,5081,9959
50,15090,3,0.0,476,5081,10009
27,15117,3,0.0,477,5081,10036
70,15187,3,0.0,478,5081,10106
29,15216,3,0.0,479,5081,10135
77,15293,3,0.0,480,5081,10212
39,15332,3,0.0,481,5082,10250
30,15362,3,0.0,482,5082,10280
22,15384,3,0.0,483,5083,10301
28,15412,3,0.0,484,5083,10329
32,15444,3,0.0,485,5083,10361
27,15471,3,0.0,486,5083,10388
13,15484,3,0.0,487,5083,10401
19,15503,3,0.0,488,5083,10420
5,15508,3,0.0,489,5083,10425
9,15517,3,0.0,490,5083,10434
33,15550,3,0.0,491,5083,10467
69,15619,3,0.0,492,5083,10536
51,15670,3,0.0,493,5084,10586
19,15689,3,0.0,494,5084,10605
22,15711,3,0.0,495,5084,10627
11,15722,3,0.0,496,5084,10638
21,15743,3,0.0,497,5084,10659
39,15782,3,0.0,498,5084,10698
42,15824,3,0.0,499,5084,10740
38,15862,3,0.0,500,5084,10778
15,15877,3,0.0,501,5084,10793
34,15911,3,0.0,502,5084,10827
11,15922,3,0.0,503,5084,10838
43,15965,3,0.0,504,5084,10881
13,15978,3,0.0,505,5084,10894
30,16008,3,0.0,506,5085,10923
8,16016,3,0.0,507,5085,10931
14,16030,3,0.0,508,5085,10945
51,16081,3,0.0,509,5085,10996
100,16181,3,0.0,510,5086,11095
22,16203,3,0.0,511,5086,11117
5,16208,3,0.0,512,5086,11122
14,16222,3,0.0,513,5086,11136
48,16270,3,0.0,514,5086,11184
31,16301,3,0.0,515,5087,11214
17,16318,3,0.0,516,5087,11231
63,16381,3,0.0,517,5087,11294
51,16432,3,0.0,518,5087,11345
42,16474,3,0.0,519,5087,11387
33,16507,3,0.0,520,5087,11420
13,16520,3,0.0,521,5087,11433
90,16610,3,0.0,522,5088,11522
20,16630,3,0.0,523,5089,11541
24,16654,4,1.0,524,5089,11565
22,16676,4,0.0,525,5089,11587
17,16693,4,0.0,526,5089,11604
9,16702,4,0.0,527,5089,11613
18,16720,4,0.0,528,5089,11631
35,16755,4,0.0,529,5089,11666
22,16777,4,0.0,530,5089,11688
20,16797,4,0.0,531,5089,11708
41,16838,4,0.0,532,5089,11749
19,16857,4,0.0,533,5089,11768
23,16880,4,0.0,534,5089,11791
49,16929,4,0.0,535,5089,11840
12,16941,4,0.0,536,5089,11852
23,16964,4,0.0,537,5089,11875
33,16997,4,0.0,538,5089,11908
15,17012,4,0.0,539,5089,11923
11,17023,4,0.0,540,5089,11934
17,17040,4,0.0,541,5089,11951
14,17054,4,0.0,542,5089,11965
15,17069,4,0.0,543,5089,11980
8,17077,4,0.0,544,5089,11988
42,17119,4,0.0,545,5089,12030
21,17140,4,0.0,546,5089,12051
35,17175,4,0.0,547,5089,12086
55,17230,4,0.0,548,5089,12141
14,17244,4,0.0,549,5089,12155
100,17344,4,0.0,550,5089,12255
41,17385,4,0.0,551,5089,12296
28,17413,4,0.0,552,5089,12324
22,17435,4,0.0,553,5089,12346
57,17492,4,0.0,554,5089,12403
19,17511,4,0.0,555,5089,12422
55,17566,4,0.0,556,5089,12477
17,17583,4,0.0,557,5089,12494
38,17621,4,0.0,558,5089,12532
17,17638,4,0.0,559,5089,12549
13,17651,4,0.0,560,5089,12562
52,17703,4,0.0,561,5089,12614
6,17709,4,0.0,562,5090,12619
32,17741,4,0.0,563,5090,12651
19,17760,4,0.0,564,5090,12670
91,17851,4,0.0,565,5090,12761
44,17895,4,0.0,566,5090,12805
27,17922,4,0.0,567,5090,12832
9,17931,4,0.0,568,5090,12841
13,17944,4,0.0,569,5090,12854
11,17955,4,0.0,570,5090,12865
58,18013,4,0.0,571,5090,12923
24,18037,4,0.0,572,5090,12947
35,18072,4,0.0,573,5091,12981
30,18102,4,0.0,574,5091,13011
5,18107,4,0.0,575,5091,13016
27,18134,4,0.0,576,5092,13042
100,18234,4,0.0,577,5092,13142
26,18260,4,0.0,578,5092,13168
76,18336,4,0.0,579,5092,13244
36,18372,4,0.0,580,5092,13280
25,18397,4,0.0,581,5093,13304
66,18463,4,0.0,582,5093,13370
26,18489,4,0.0,583,5093,13396
18,18507,4,0.0,584,5093,13414
42,18549,4,0.0,585,5093,13456
96,18645,4,0.0,586,5094,13551
8,18653,4,0.0,587,5094,13559
14,18667,4,0.0,588,5094,13573
17,18684,4,0.0,589,5094,13590
45,18729,4,0.0,590,5094,13635
20,18749,4,0.0,591,5094,13655
13,18762,4,0.0,592,5094,13668
41,18803,4,0.0,593,5094,13709
13,18816,4,0.0,594,5094,13722
43,18859,4,0.0,595,5094,13765
25,18884,4,0.0,596,5094,13790
86,18970,4,0.0,597,5094,13876
52,19022,4,0.0,598,5094,13928
16,19038,4,0.0,599,5094,13944
32,19070,4,0.0,600,5094,13976
35,19105,4,0.0,601,5094,14011
30,19135,4,0.0,602,5094,14041
70,19205,4,0.0,603,5094,14111
16,19221,4,0.0,604,5094,14127
27,19248,4,0.0,605,5094,14154
26,19274,4,0.0,606,5094,14180
17,19291,4,0.0,607,5094,14197
15,19306,4,0.0,608,5094,14212
84,19390,4,0.0,609,5094,14296
39,19429,4,0.0,610,5094,14335
26,19455,4,0.0,611,5094,14361
47,19502,4,0.0,612,5094,14408
9,19511,4,0.0,613,5094,14417
34,19545,4,0.0,614,5094,14451
16,19561,4,0.0,615,5094,14467
26,19587,4,0.0,616,5095,14492
24,19611,4,0.0,617,5095,14516
29,19640,4,0.0,618,5095,14545
8,19648,4,0.0,619,5095,14553
20,19668,4,0.0,620,5095,14573
78,19746,5,1.0,621,5095,14651
21,19767,5,0.0,622,5095,14672
52,19819,5,0.0,623,5095,14724
51,19870,5,0.0,624,5095,14775
19,19889,5,0.0,625,5095,14794
8,19897,5,0.0,626,5095,14802
29,19926,5,0.0,627,5095,14831
17,19943,5,0.0,628,5095,14848
8,19951,5,0.0,629,5095,14856
51,20002,5,0.0,630,5095,14907
28,20030,5,0.0,631,5095,14935
14,20044,5,0.0,632,5095,14949
35,20079,5,0.0,633,5095,14984
22,20101,5,0.0,634,5095,15006
12,20113,5,0.0,635,5095,15018
80,20193,5,0.0,636,5095,15098
38,20231,5,0.0,637,5095,15136
10,20241,5,0.0,638,5095,15146
35,20276,5,0.0,639,5095,15181
22,20298,5,0.0,640,5095,15203
33,20331,5,0.0,641,5095,15236
24,20355,5,0.0,642,5095,15260
10,20365,5,0.0,643,5095,15270
73,20438,5,0.0,644,5095,15343
67,20505,5,0.0,645,5095,15410
44,20549,5,0.0,646,5095,15454
15,20564,5,0.0,647,5095,15469
12,20576,5,0.0,648,5095,15481
30,20606,5,0.0,649,5095,15511
20,20626,5,0.0,650,5095,15531
5,20631,5,0.0,651,5095,15536
15,20646,5,0.0,652,5095,15551
33,20679,5,0.0,653,5095,15584
26,20705,5,0.0,654,5095,15610
18,20723,5,0.0,655,5095,15628
11,20734,5,0.0,656,5095,15639
43,20777,6,1.0,657,5095,15682
56,20833,6,0.0,658,5095,15738
14,20847,6,0.0,659,5095,15752
7,20854,6,0.0,660,5095,15759
41,20895,7,1.0,661,5095,15800
31,20926,7,0.0,662,5095,15831
35,20961,7,0.0,663,5095,15866
14,20975,7,0.0,664,5095,15880
17,20992,7,0.0,665,5095,15897
5,20997,7,0.0,666,5095,15902
9,21006,7,0.0,667,5095,15911
35,21041,8,1.0,668,5095,15946
25,21066,8,0.0,669,5095,15971
85,21151,8,0.0,670,5095,16056
13,21164,8,0.0,671,5095,16069
29,21193,8,0.0,672,5095,16098
35,21228,8,0.0,673,5095,16133
20,21248,8,0.0,674,5095,16153
23,21271,8,0.0,675,5095,16176
11,21282,8,0.0,676,5095,16187
20,21302,8,0.0,677,5095,16207
15,21317,8,0.0,678,5095,16222
13,21330,8,0.0,679,5095,16235
12,21342,8,0.0,680,5095,16247
14,21356,8,0.0,681,5095,16261
7,21363,8,0.0,682,5095,16268
28,21391,8,0.0,683,5095,16296
7,21398,8,0.0,684,5095,16303
15,21413,8,0.0,685,5095,16318
19,21432,8,0.0,686,5095,16337
24,21456,8,0.0,687,5095,16361
42,21498,8,0.0,688,5095,16403
53,21551,8,0.0,689,5095,16456
28,21579,8,0.0,690,5095,16484
57,21636,9,1.0,691,5095,16541
14,21650,9,0.0,692,5095,16555
8,21658,9,0.0,693,5095,16563
12,21670,9,0.0,694,5095,16575
23,21693,9,0.0,695,5095,16598
18,21711,9,0.0,696,5095,16616
44,21755,9,0.0,697,5095,16660
28,21783,9,0.0,698,5095,16688
17,21800,9,0.0,699,5095,16705
24,21824,9,0.0,700,5095,16729
24,21848,9,0.0,701,5095,16753
6,21854,9,0.0,702,5095,16759
21,21875,9,0.0,703,5095,16780
17,21892,9,0.0,704,5095,16797
90,21982,9,0.0,705,5095,16887
30,22012,9,0.0,706,5095,16917
46,22058,9,0.0,707,5095,16963
100,22158,9,0.0,708,5095,17063
20,22178,9,0.0,709,5095,17083
29,22207,9,0.0,710,5095,17112
42,22249,9,0.0,711,5095,17154
22,22271,9,0.0,712,5095,17176
28,22299,10,1.0,713,5095,17204
10,22309,10,0.0,714,5095,17214
64,22373,10,0.0,715,5095,17278
23,22396,10,0.0,716,5095,17301
42,22438,10,0.0,717,5095,17343
20,22458,10,0.0,718,5095,17363
26,22484,10,0.0,719,5095,17389
43,22527,10,0.0,720,5095,17432
58,22585,11,1.0,721,5095,17490
30,22615,11,0.0,722,5095,17520
15,22630,11,0.0,723,5095,17535
70,22700,11,0.0,724,5095,17605
26,22726,11,0.0,725,5095,17631
26,22752,11,0.0,726,5095,17657
19,22771,11,0.0,727,5095,17676
10,22781,11,0.0,728,5095,17686
49,22830,11,0.0,729,5095,17735
37,22867,11,0.0,730,5095,17772
58,22925,11,0.0,731,5095,17830
43,22968,11,0.0,732,5095,17873
17,22985,11,0.0,733,5095,17890
8,22993,11,0.0,734,5095,17898
31,23024,11,0.0,735,5095,17929
18,23042,11,0.0,736,5095,17947
51,23093,11,0.0,737,5095,17998
7,23100,11,0.0,738,5095,18005
62,23162,11,0.0,739,5095,18067
20,23182,11,0.0,740,5095,18087
61,23243,11,0.0,741,5095,18148
25,23268,11,0.0,742,5095,18173
14,23282,11,0.0,743,5095,18187
23,23305,11,0.0,744,5095,18210
30,23335,12,1.0,745,5095,18240
18,23353,12,0.0,746,5095,18258
9,23362,12,0.0,747,5095,18267
22,23384,12,0.0,748,5095,18289
67,23451,12,0.0,749,5095,18356
12,23463,12,0.0,750,5095,18368
18,23481,12,0.0,751,5095,18386
68,23549,12,0.0,752,5095,18454
9,23558,12,0.0,753,5095,18463
28,23586,12,0.0,754,5095,18491
16,23602,12,0.0,755,5095,18507
71,23673,12,0.0,756,5095,18578
16,23689,12,0.0,757,5095,18594
28,23717,12,0.0,758,5095,18622
23,23740,12,0.0,759,5095,18645
36,23776,12,0.0,760,5095,18681
14,23790,12,0.0,761,5095,18695
40,23830,12,0.0,762,5095,18735
20,23850,12,0.0,763,5095,18755
16,23866,12,0.0,764,5095,18771
19,23885,12,0.0,765,5095,18790
42,23927,12,0.0,766,5095,18832
42,23969,13,1.0,767,5095,18874
78,24047,13,0.0,768,5095,18952
92,24139,13,0.0,769,5095,19044
16,24155,13,0.0,770,5095,19060
23,24178,13,0.0,771,5095,19083
55,24233,13,0.0,772,5095,19138
100,24333,13,0.0,773,5095,19238
12,24345,13,0.0,774,5095,19250
40,24385,13,0.0,775,5095,19290
30,24415,14,1.0,776,5095,19320
55,24470,14,0.0,777,5095,19375
16,24486,14,0.0,778,5095,19391
17,24503,14,0.0,779,5095,19408
69,24572,14,0.0,780,5095,19477
11,24583,14,0.0,781,5095,19488
14,24597,14,0.0,782,5095,19502
27,24624,14,0.0,783,5095,19529
24,24648,14,0.0,784,5095,19553
30,24678,14,0.0,785,5095,19583
18,24696,14,0.0,786,5095,19601
52,24748,15,1.0,787,5095,19653
18,24766,15,0.0,788,5095,19671
29,24795,15,0.0,789,5095,19700
21,24816,15,0.0,790,5095,19721
23,24839,15,0.0,791,5095,19744
54,24893,15,0.0,792,5095,19798
11,24904,15,0.0,793,5095,19809
34,24938,15,0.0,794,5095,19843
14,24952,15,0.0,795,5095,19857
21,24973,15,0.0,796,5095,19878
13,24986,15,0.0,797,5095,19891
25,25011,15,0.0,798,5095,19916
26,25037,15,0.0,799,5095,19942
6,25043,15,0.0,800,5095,19948
16,25059,15,0.0,801,5095,19964
7,25066,15,0.0,802,5095,19971
12,25078,15,0.0,803,5095,19983
31,25109,15,0.0,804,5095,20014
24,25133,16,1.0,805,5095,20038
14,25147,16,0.0,806,5095,20052
26,25173,16,0.0,807,5095,20078
70,25243,17,1.0,808,5095,20148
43,25286,17,0.0,809,5095,20191
21,25307,17,0.0,810,5095,20212
16,25323,17,0.0,811,5095,20228
11,25334,17,0.0,812,5095,20239
22,25356,17,0.0,813,5095,20261
13,25369,17,0.0,814,5095,20274
21,25390,17,0.0,815,5095,20295
32,25422,17,0.0,816,5095,20327
62,25484,17,0.0,817,5095,20389
27,25511,17,0.0,818,5095,20416
76,25587,17,0.0,819,5095,20492
22,25609,17,0.0,820,5095,20514
12,25621,17,0.0,821,5095,20526
31,25652,17,0.0,822,5095,20557
50,25702,17,0.0,823,5095,20607
17,25719,17,0.0,824,5095,20624
11,25730,17,0.0,825,5095,20635
41,25771,17,0.0,826,5095,20676
9,25780,17,0.0,827,5095,20685
32,25812,17,0.0,828,5095,20717
10,25822,17,0.0,829,5095,20727
18,25840,17,0.0,830,5095,20745
10,25850,17,0.0,831,5095,20755
22,25872,17,0.0,832,5095,20777
16,25888,17,0.0,833,5095,20793
33,25921,17,0.0,834,5095,20826
34,25955,17,0.0,835,5095,20860
26,25981,17,0.0,836,5095,20886
18,25999,17,0.0,837,5095,20904
13,26012,17,0.0,838,5095,20917
22,26034,17,0.0,839,5095,20939
20,26054,17,0.0,840,5095,20959
60,26114,17,0.0,841,5095,21019
18,26132,17,0.0,842,5095,21037
72,26204,17,0.0,843,5095,21109
8,26212,17,0.0,844,5095,21117
72,26284,17,0.0,845,5095,21189
36,26320,17,0.0,846,5095,21225
44,26364,17,0.0,847,5095,21269
74,26438,17,0.0,848,5095,21343
35,26473,17,0.0,849,5095,21378
42,26515,17,0.0,850,5095,21420
46,26561,17,0.0,851,5095,21466
44,26605,17,0.0,852,5095,21510
65,26670,17,0.0,853,5095,21575
87,26757,17,0.0,854,5095,21662
25,26782,17,0.0,855,5095,21687
19,26801,17,0.0,856,5095,21706
18,26819,17,0.0,857,5095,21724
13,26832,17,0.0,858,5095,21737
37,26869,17,0.0,859,5095,21774
42,26911,17,0.0,860,5095,21816
27,26938,17,0.0,861,5095,21843
8,26946,17,0.0,862,5095,21851
35,26981,17,0.0,863,5095,21886
19,27000,17,0.0,864,5095,21905
100,27100,17,0.0,865,5095,22005
52,27152,18,1.0,866,5095,22057
36,27188,18,0.0,867,5095,22093
8,27196,18,0.0,868,5095,22101
37,27233,18,0.0,869,5095,22138
12,27245,18,0.0,870,5095,22150
11,27256,18,0.0,871,5095,22161
62,27318,18,0.0,872,5095,22223
69,27387,18,0.0,873,5095,22292
26,27413,18,0.0,874,5095,22318
31,27444,18,0.0,875,5095,22349
28,27472,18,0.0,876,5095,22377
56,27528,18,0.0,877,5095,22433
38,27566,18,0.0,878,5095,22471
29,27595,18,0.0,879,5095,22500
11,27606,18,0.0,880,5095,22511
14,27620,18,0.0,881,5095,22525
17,27637,18,0.0,882,5095,22542
16,27653,18,0.0,883,5095,22558
70,27723,18,0.0,884,5095,22628
12,27735,18,0.0,885,5095,22640
53,27788,18,0.0,886,5095,22693
32,27820,18,0.0,887,5095,22725
44,27864,18,0.0,888,5095,22769
36,27900,18,0.0,889,5095,22805
14,27914,18,0.0,890,5095,22819
53,27967,18,0.0,891,5095,22872
17,27984,18,0.0,892,5095,22889
9,27993,18,0.0,893,5095,22898
39,28032,18,0.0,894,5095,22937
55,28087,18,0.0,895,5095,22992
58,28145,18,0.0,896,5095,23050
37,28182,18,0.0,897,5095,23087
13,28195,18,0.0,898,5095,23100
26,28221,18,0.0,899,5095,23126
10,28231,18,0.0,900,5095,23136
24,28255,18,0.0,901,5095,23160
29,28284,18,0.0,902,5095,23189
32,28316,18,0.0,903,5095,23221
27,28343,18,0.0,904,5095,23248
32,28375,18,0.0,905,5095,23280
6,28381,18,0.0,906,5095,23286
24,28405,18,0.0,907,5095,23310
9,28414,18,0.0,908,5095,23319
36,28450,19,1.0,909,5095,23355
24,28474,19,0.0,910,5095,23379
21,28495,19,0.0,911,5095,23400
15,28510,19,0.0,912,5095,23415
43,28553,19,0.0,913,5095,23458
62,28615,19,0.0,914,5095,23520
35,28650,20,1.0,915,5095,23555
5,28655,20,0.0,916,5095,23560
10,28665,20,0.0,917,5095,23570
16,28681,20,0.0,918,5095,23586
14,28695,20,0.0,919,5095,23600
73,28768,20,0.0,920,5095,23673
35,28803,20,0.0,921,5095,23708
15,28818,20,0.0,922,5095,23723
5,28823,20,0.0,923,5095,23728
18,28841,21,1.0,924,5095,23746
37,28878,21,0.0,925,5095,23783
27,28905,21,0.0,926,5095,23810
43,28948,22,1.0,927,5095,23853
16,28964,22,0.0,928,5095,23869
21,28985,22,0.0,929,5095,23890
9,28994,22,0.0,930,5095,23899
20,29014,22,0.0,931,5095,23919
27,29041,22,0.0,932,5095,23946
34,29075,22,0.0,933,5095,23980
32,29107,22,0.0,934,5095,24012
30,29137,22,0.0,935,5095,24042
72,29209,23,1.0,936,5095,24114
51,29260,23,0.0,937,5095,24165
13,29273,23,0.0,938,5095,24178
12,29285,23,0.0,939,5095,24190
25,29310,23,0.0,940,5095,24215
29,29339,23,0.0,941,5095,24244
50,29389,23,0.0,942,5095,24294
16,29405,23,0.0,943,5095,24310
32,29437,23,0.0,944,5095,24342
23,29460,23,0.0,945,5095,24365
10,29470,23,0.0,946,5095,24375
20,29490,23,0.0,947,5095,24395
27,29517,23,0.0,948,5095,24422
45,29562,23,0.0,949,5095,24467
44,29606,23,0.0,950,5095,24511
24,29630,23,0.0,951,5095,24535
10,29640,23,0.0,952,5095,24545
24,29664,23,0.0,953,5095,24569
26,29690,23,0.0,954,5095,24595
9,29699,23,0.0,955,5095,24604
76,29775,23,0.0,956,5095,24680
11,29786,23,0.0,957,5095,24691
11,29797,23,0.0,958,5095,24702
29,29826,23,0.0,959,5095,24731
30,29856,23,0.0,960,5095,24761
48,29904,23,0.0,961,5095,24809
21,29925,23,0.0,962,5095,24830
20,29945,23,0.0,963,5095,24850
14,29959,23,0.0,964,5095,24864
25,29984,23,0.0,965,5095,24889
32,30016,23,0.0,966,5095,24921
15,30031,23,0.0,967,5095,24936
25,30056,23,0.0,968,5095,24961
22,30078,23,0.0,969,5095,24983
10,30088,23,0.0,970,5095,24993
83,30171,23,0.0,971,5095,25076
23,30194,23,0.0,972,5095,25099
22,30216,23,0.0,973,5095,25121
56,30272,23,0.0,974,5095,25177
29,30301,23,0.0,975,5095,25206
27,30328,23,0.0,976,5095,25233
58,30386,23,0.0,977,5095,25291
31,30417,23,0.0,978,5095,25322
24,30441,23,0.0,979,5095,25346
22,30463,23,0.0,980,5095,25368
58,30521,24,1.0,981,5095,25426
29,30550,24,0.0,982,5095,25455
20,30570,24,0.0,983,5095,25475
35,30605,24,0.0,984,5095,25510
9,30614,24,0.0,985,5095,25519
14,30628,24,0.0,986,5095,25533
10,30638,24,0.0,987,5095,25543
51,30689,24,0.0,988,5095,25594
26,30715,24,0.0,989,5095,25620
25,30740,24,0.0,990,5095,25645
7,30747,24,0.0,991,5095,25652
42,30789,24,0.0,992,5095,25694
28,30817,24,0.0,993,5095,25722
9,30826,24,0.0,994,5095,25731
18,30844,24,0.0,995,5095,25749
6,30850,24,0.0,996,5095,25755
33,30883,24,0.0,997,5095,25788
23,30906,24,0.0,998,5095,25811
25,30931,24,0.0,999,5095,25836
39,30970,24,0.0,1000,5095,25875
68,31038,24,0.0,1001,5095,25943
83,31121,24,0.0,1002,5095,26026
15,31136,24,0.0,1003,5095,26041
63,31199,25,1.0,1004,5095,26104
47,31246,25,0.0,1005,5095,26151
22,31268,25,0.0,1006,5095,26173
13,31281,25,0.0,1007,5095,26186
47,31328,25,0.0,1008,5095,26233
11,31339,25,0.0,1009,5095,26244
30,31369,26,1.0,1010,5095,26274
25,31394,26,0.0,1011,5095,26299
32,31426,26,0.0,1012,5095,26331
52,31478,26,0.0,1013,5095,26383
25,31503,26,0.0,1014,5095,26408
5,31508,26,0.0,1015,5095,26413
18,31526,26,0.0,1016,5095,26431
65,31591,26,0.0,1017,5095,26496
10,31601,26,0.0,1018,5095,26506
45,31646,26,0.0,1019,5095,26551
21,31667,26,0.0,1020,5095,26572
15,31682,26,0.0,1021,5095,26587
17,31699,26,0.0,1022,5095,26604
18,31717,26,0.0,1023,5095,26622
15,31732,26,0.0,1024,5095,26637
17,31749,26,0.0,1025,5095,26654
15,31764,26,0.0,1026,5095,26669
23,31787,27,1.0,1027,5095,26692
24,31811,27,0.0,1028,5095,26716
7,31818,27,0.0,1029,5095,26723
39,31857,27,0.0,1030,5095,26762
21,31878,27,0.0,1031,5095,26783
28,31906,28,1.0,1032,5095,26811
62,31968,28,0.0,1033,5095,26873
60,32028,29,1.0,1034,5095,26933
37,32065,29,0.0,1035,5095,26970
28,32093,29,0.0,1036,5095,26998
12,32105,29,0.0,1037,5095,27010
14,32119,29,0.0,1038,5095,27024
14,32133,29,0.0,1039,5095,27038
18,32151,29,0.0,1040,5095,27056
100,32251,29,0.0,1041,5095,27156
35,32286,29,0.0,1042,5095,27191
16,32302,29,0.0,1043,5095,27207
21,32323,29,0.0,1044,5095,27228
30,32353,29,0.0,1045,5095,27258
42,32395,30,1.0,1046,5095,27300
43,32438,30,0.0,1047,5095,27343
26,32464,30,0.0,1048,5095,27369
24,32488,30,0.0,1049,5095,27393
23,32511,30,0.0,1050,5095,27416
28,32539,30,0.0,1051,5095,27444
25,32564,30,0.0,1052,5095,27469
41,32605,30,0.0,1053,5095,27510
15,32620,30,0.0,1054,5095,27525
21,32641,30,0.0,1055,5095,27546
13,32654,30,0.0,1056,5095,27559
9,32663,30,0.0,1057,5095,27568
27,32690,30,0.0,1058,5095,27595
32,32722,30,0.0,1059,5095,27627
31,32753,30,0.0,1060,5095,27658
19,32772,30,0.0,1061,5095,27677
23,32795,30,0.0,1062,5095,27700
27,32822,30,0.0,1063,5095,27727
24,32846,30,0.0,1064,5095,27751
38,32884,31,1.0,1065,5095,27789
44,32928,31,0.0,1066,5095,27833
49,32977,31,0.0,1067,5095,27882
18,32995,31,0.0,1068,5095,27900
16,33011,31,0.0,1069,5095,27916
76,33087,31,0.0,1070,5095,27992
7,33094,31,0.0,1071,5095,27999
77,33171,32,1.0,1072,5095,28076
32,33203,32,0.0,1073,5095,28108
23,33226,32,0.0,1074,5095,28131
17,33243,32,0.0,1075,5095,28148
30,33273,32,0.0,1076,5095,28178
26,33299,32,0.0,1077,5095,28204
19,33318,32,0.0,1078,5095,28223
13,33331,32,0.0,1079,5095,28236
40,33371,32,0.0,1080,5095,28276
12,33383,32,0.0,1081,5095,28288
27,33410,32,0.0,1082,5095,28315
12,33422,32,0.0,1083,5095,28327
42,33464,33,1.0,1084,5095,28369
12,33476,33,0.0,1085,5095,28381
13,33489,33,0.0,1086,5095,28394
27,33516,33,0.0,1087,5095,28421
21,33537,33,0.0,1088,5095,28442
31,33568,33,0.0,1089,5095,28473
14,33582,33,0.0,1090,5095,28487
16,33598,33,0.0,1091,5095,28503
35,33633,33,0.0,1092,5095,28538
34,33667,33,0.0,1093,5095,28572
14,33681,33,0.0,1094,5095,28586
37,33718,34,1.0,1095,5095,28623
48,33766,34,0.0,1096,5095,28671
35,33801,34,0.0,1097,5095,28706
10,33811,34,0.0,1098,5095,28716
19,33830,34,0.0,1099,5095,28735
7,33837,34,0.0,1100,5095,28742
27,33864,34,0.0,1101,5095,28769
10,33874,34,0.0,1102,5095,28779
21,33895,35,1.0,1103,5095,28800
71,33966,35,0.0,1104,5095,28871
31,33997,35,0.0,1105,5095,28902
10,34007,35,0.0,1106,5095,28912
26,34033,35,0.0,1107,5095,28938
19,34052,35,0.0,1108,5095,28957
32,34084,35,0.0,1109,5095,28989
43,34127,36,1.0,1110,5095,29032
28,34155,36,0.0,1111,5095,29060
36,34191,36,0.0,1112,5095,29096
48,34239,36,0.0,1113,5095,29144
62,34301,36,0.0,1114,5095,29206
25,34326,36,0.0,1115,5095,29231
14,34340,36,0.0,1116,5095,29245
32,34372,36,0.0,1117,5095,29277
71,34443,36,0.0,1118,5095,29348
45,34488,36,0.0,1119,5095,29393
48,34536,36,0.0,1120,5095,29441
54,34590,36,0.0,1121,5095,29495
46,34636,37,1.0,1122,5095,29541
17,34653,37,0.0,1123,5095,29558
18,34671,37,0.0,1124,5095,29576
100,34771,37,0.0,1125,5095,29676
8,34779,37,0.0,1126,5095,29684
28,34807,37,0.0,1127,5095,29712
31,34838,37,0.0,1128,5095,29743
28,34866,37,0.0,1129,5095,29771
11,34877,37,0.0,1130,5095,29782
14,34891,37,0.0,1131,5095,29796
5,34896,37,0.0,1132,5095,29801
23,34919,37,0.0,1133,5095,29824
13,34932,37,0.0,1134,5095,29837
49,34981,37,0.0,1135,5095,29886
10,34991,37,0.0,1136,5095,29896
40,35031,37,0.0,1137,5095,29936
12,35043,37,0.0,1138,5095,29948
47,35090,37,0.0,1139,5095,29995
24,35114,37,0.0,1140,5095,30019
11,35125,37,0.0,1141,5095,30030
14,35139,37,0.0,1142,5095,30044
21,35160,37,0.0,1143,5095,30065
21,35181,37,0.0,1144,5095,30086
27,35208,37,0.0,1145,5095,30113
16,35224,37,0.0,1146,5095,30129
17,35241,37,0.0,1147,5095,30146
23,35264,37,0.0,1148,5095,30169
9,35273,37,0.0,1149,5095,30178
91,35364,37,0.0,1150,5095,30269
73,35437,37,0.0,1151,5095,30342
8,35445,37,0.0,1152,5095,30350
20,35465,37,0.0,1153,5095,30370
12,35477,37,0.0,1154,5095,30382
9,35486,37,0.0,1155,5095,30391
8,35494,37,0.0,1156,5095,30399
30,35524,37,0.0,1157,5095,30429
15,35539,37,0.0,1158,5095,30444
10,35549,37,0.0,1159,5095,30454
41,35590,37,0.0,1160,5095,30495
23,35613,37,0.0,1161,5095,30518
16,35629,37,0.0,1162,5095,30534
75,35704,37,0.0,1163,5095,30609
22,35726,37,0.0,1164,5095,30631
24,35750,37,0.0,1165,5095,30655
19,35769,37,0.0,1166,5095,30674
75,35844,37,0.0,1167,5095,30749
86,35930,37,0.0,1168,5095,30835
9,35939,37,0.0,1169,5095,30844
7,35946,37,0.0,1170,5095,30851
17,35963,37,0.0,1171,5095,30868
15,35978,37,0.0,1172,5095,30883
68,36046,37,0.0,1173,5095,30951
30,36076,37,0.0,1174,5095,30981
16,36092,37,0.0,1175,5095,30997
6,36098,37,0.0,1176,5095,31003
20,36118,37,0.0,1177,5095,31023
12,36130,37,0.0,1178,5095,31035
62,36192,37,0.0,1179,5095,31097
26,36218,37,0.0,1180,5095,31123
12,36230,37,0.0,1181,5095,31135
47,36277,37,0.0,1182,5095,31182
31,36308,37,0.0,1183,5095,31213
82,36390,37,0.0,1184,5095,31295
46,36436,37,0.0,1185,5095,31341
12,36448,37,0.0,1186,5095,31353
12,36460,37,0.0,1187,5095,31365
89,36549,37,0.0,1188,5095,31454
18,36567,37,0.0,1189,5095,31472
17,36584,37,0.0,1190,5095,31489
23,36607,37,0.0,1191,5095,31512
21,36628,37,0.0,1192,5095,31533
21,36649,37,0.0,1193,5095,31554
28,36677,37,0.0,1194,5095,31582
40,36717,37,0.0,1195,5095,31622
30,36747,37,0.0,1196,5095,31652
25,36772,38,1.0,1197,5095,31677
72,36844,38,0.0,1198,5095,31749
11,36855,38,0.0,1199,5095,31760
42,36897,38,0.0,1200,5095,31802
49,36946,38,0.0,1201,5095,31851
44,36990,38,0.0,1202,5095,31895
43,37033,38,0.0,1203,5095,31938
20,37053,38,0.0,1204,5095,31958
15,37068,38,0.0,1205,5095,31973
40,37108,38,0.0,1206,5095,32013
20,37128,38,0.0,1207,5095,32033
19,37147,38,0.0,1208,5095,32052
7,37154,38,0.0,1209,5095,32059
10,37164,38,0.0,1210,5095,32069
62,37226,38,0.0,1211,5095,32131
23,37249,38,0.0,1212,5095,32154
38,37287,38,0.0,1213,5095,32192
21,37308,38,0.0,1214,5095,32213
7,37315,38,0.0,1215,5095,32220
46,37361,39,1.0,1216,5095,32266
49,37410,40,1.0,1217,5095,32315
13,37423,40,0.0,1218,5095,32328
9,37432,40,0.0,1219,5095,32337
11,37443,40,0.0,1220,5095,32348
35,37478,40,0.0,1221,5095,32383
94,37572,40,0.0,1222,5095,32477
19,37591,40,0.0,1223,5095,32496
35,37626,40,0.0,1224,5095,32531
26,37652,40,0.0,1225,5095,32557
22,37674,40,0.0,1226,5095,32579
72,37746,40,0.0,1227,5095,32651
35,37781,41,1.0,1228,5095,32686
10,37791,41,0.0,1229,5095,32696
59,37850,42,1.0,1230,5095,32755
54,37904,43,1.0,1231,5095,32809
36,37940,43,0.0,1232,5095,32845
87,38027,44,1.0,1233,5095,32932
13,38040,44,0.0,1234,5095,32945
13,38053,44,0.0,1235,5095,32958
21,38074,44,0.0,1236,5095,32979
46,38120,44,0.0,1237,5095,33025
53,38173,44,0.0,1238,5095,33078
38,38211,45,1.0,1239,5095,33116
28,38239,45,0.0,1240,5095,33144
36,38275,45,0.0,1241,5095,33180
19,38294,45,0.0,1242,5095,33199
23,38317,45,0.0,1243,5095,33222
61,38378,45,0.0,1244,5095,33283
8,38386,45,0.0,1245,5095,33291
27,38413,46,1.0,1246,5095,33318
6,38419,46,0.0,1247,5095,33324
23,38442,46,0.0,1248,5095,33347
18,38460,46,0.0,1249,5095,33365
29,38489,46,0.0,1250,5095,33394
27,38516,46,0.0,1251,5095,33421
22,38538,46,0.0,1252,5095,33443
29,38567,46,0.0,1253,5095,33472
15,38582,46,0.0,1254,5095,33487
5,38587,46,0.0,1255,5095,33492
48,38635,46,0.0,1256,5095,33540
19,38654,46,0.0,1257,5095,33559
88,38742,46,0.0,1258,5095,33647
13,38755,46,0.0,1259,5095,33660
26,38781,46,0.0,1260,5095,33686
15,38796,46,0.0,1261,5095,33701
15,38811,46,0.0,1262,5095,33716
12,38823,46,0.0,1263,5095,33728
60,38883,47,1.0,1264,5095,33788
32,38915,47,0.0,1265,5095,33820
13,38928,47,0.0,1266,5095,33833
24,38952,47,0.0,1267,5095,33857
21,38973,47,0.0,1268,5095,33878
44,39017,47,0.0,1269,5095,33922
51,39068,47,0.0,1270,5095,33973
64,39132,47,0.0,1271,5095,34037
16,39148,47,0.0,1272,5095,34053
16,39164,47,0.0,1273,5095,34069
20,39184,47,0.0,1274,5095,34089
9,39193,47,0.0,1275,5095,34098
100,39293,47,0.0,1276,5095,34198
22,39315,47,0.0,1277,5095,34220
35,39350,47,0.0,1278,5095,34255
59,39409,47,0.0,1279,5095,34314
40,39449,48,1.0,1280,5095,34354
17,39466,48,0.0,1281,5095,34371
23,39489,48,0.0,1282,5095,34394
33,39522,48,0.0,1283,5095,34427
48,39570,49,1.0,1284,5095,34475
7,39577,49,0.0,1285,5095,34482
33,39610,49,0.0,1286,5095,34515
12,39622,49,0.0,1287,5095,34527
15,39637,49,0.0,1288,5095,34542
44,39681,49,0.0,1289,5095,34586
43,39724,49,0.0,1290,5095,34629
24,39748,49,0.0,1291,5095,34653
16,39764,49,0.0,1292,5095,34669
51,39815,50,1.0,1293,5095,34720
29,39844,50,0.0,1294,5095,34749
10,39854,50,0.0,1295,5095,34759
22,39876,50,0.0,1296,5095,34781
11,39887,50,0.0,1297,5095,34792
20,39907,50,0.0,1298,5095,34812
27,39934,50,0.0,1299,5095,34839
38,39972,50,0.0,1300,5095,34877
21,39993,50,0.0,1301,5095,34898
89,40082,50,0.0,1302,5095,34987
14,40096,50,0.0,1303,5095,35001
25,40121,50,0.0,1304,5095,35026
100,40221,50,0.0,1305,5095,35126
7,40228,50,0.0,1306,5095,35133
9,40237,50,0.0,1307,5095,35142
34,40271,51,1.0,1308,5095,35176
40,40311,51,0.0,1309,5095,35216
32,40343,51,0.0,1310,5095,35248
16,40359,51,0.0,1311,5095,35264
16,40375,51,0.0,1312,5095,35280
10,40385,51,0.0,1313,5095,35290
52,40437,51,0.0,1314,5095,35342
6,40443,51,0.0,1315,5095,35348
35,40478,51,0.0,1316,5095,35383
10,40488,51,0.0,1317,5095,35393
29,40517,51,0.0,1318,5095,35422
20,40537,51,0.0,1319,5095,35442
17,40554,51,0.0,1320,5095,35459
58,40612,52,1.0,1321,5095,35517
17,40629,52,0.0,1322,5095,35534
12,40641,52,0.0,1323,5095,35546
18,40659,52,0.0,1324,5095,35564
11,40670,52,0.0,1325,5095,35575
17,40687,52,0.0,1326,5095,35592
10,40697,52,0.0,1327,5095,35602
18,40715,52,0.0,1328,5095,35620
28,40743,52,0.0,1329,5095,35648
51,40794,52,0.0,1330,5095,35699
42,40836,52,0.0,1331,5095,35741
14,40850,52,0.0,1332,5095,35755
23,40873,52,0.0,1333,5095,35778
61,40934,52,0.0,1334,5095,35839
14,40948,52,0.0,1335,5095,35853
31,40979,53,1.0,1336,5095,35884
85,41064,53,0.0,1337,5095,35969
22,41086,53,0.0,1338,5095,35991
30,41116,53,0.0,1339,5095,36021
38,41154,53,0.0,1340,5095,36059
38,41192,54,1.0,1341,5095,36097
23,41215,54,0.0,1342,5095,36120
44,41259,54,0.0,1343,5095,36164
38,41297,54,0.0,1344,5095,36202
13,41310,54,0.0,1345,5095,36215
21,41331,54,0.0,1346,5095,36236
24,41355,54,0.0,1347,5095,36260
22,41377,54,0.0,1348,5095,36282
22,41399,54,0.0,1349,5095,36304
19,41418,54,0.0,1350,5095,36323
11,41429,54,0.0,1351,5095,36334
24,41453,54,0.0,1352,5095,36358
100,41553,54,0.0,1353,5095,36458
60,41613,54,0.0,1354,5095,36518
9,41622,54,0.0,1355,5095,36527
17,41639,54,0.0,1356,5095,36544
5,41644,54,0.0,1357,5095,36549
5,41649,54,0.0,1358,5095,36554
23,41672,54,0.0,1359,5095,36577
17,41689,54,0.0,1360,5095,36594
17,41706,54,0.0,1361,5095,36611
20,41726,54,0.0,1362,5095,36631
21,41747,54,0.0,1363,5095,36652
15,41762,54,0.0,1364,5095,36667
19,41781,54,0.0,1365,5095,36686
16,41797,54,0.0,1366,5095,36702
33,41830,54,0.0,1367,5095,36735
34,41864,54,0.0,1368,5095,36769
18,41882,54,0.0,1369,5095,36787
38,41920,55,1.0,1370,5095,36825
49,41969,55,0.0,1371,5095,36874
77,42046,55,0.0,1372,5095,36951
41,42087,55,0.0,1373,5095,36992
28,42115,55,0.0,1374,5095,37020
9,42124,55,0.0,1375,5095,37029
30,42154,55,0.0,1376,5095,37059
12,42166,55,0.0,1377,5095,37071
40,42206,56,1.0,1378,5095,37111
28,42234,56,0.0,1379,5095,37139
9,42243,56,0.0,1380,5095,37148
11,42254,56,0.0,1381,5095,37159
22,42276,56,0.0,1382,5095,37181
18,42294,56,0.0,1383,5095,37199
71,42365,56,0.0,1384,5095,37270
13,42378,56,0.0,1385,5095,37283
49,42427,56,0.0,1386,5095,37332
41,42468,56,0.0,1387,5095,37373
53,42521,56,0.0,1388,5095,37426
82,42603,57,1.0,1389,5095,37508
9,42612,57,0.0,1390,5095,37517
58,42670,57,0.0,1391,5095,37575
22,42692,57,0.0,1392,5095,37597
11,42703,57,0.0,1393,5095,37608
57,42760,57,0.0,1394,5095,37665
20,42780,57,0.0,1395,5095,37685
27,42807,57,0.0,1396,5095,37712
99,42906,57,0.0,1397,5095,37811
33,42939,57,0.0,1398,5095,37844
32,42971,58,1.0,1399,5095,37876
86,43057,58,0.0,1400,5095,37962
9,43066,58,0.0,1401,5095,37971
14,43080,58,0.0,1402,5095,37985
71,43151,59,1.0,1403,5095,38056
23,43174,59,0.0,1404,5095,38079
22,43196,59,0.0,1405,5095,38101
35,43231,59,0.0,1406,5095,38136
5,43236,59,0.0,1407,5095,38141
31,43267,59,0.0,1408,5095,38172
49,43316,59,0.0,1409,5095,38221
24,43340,59,0.0,1410,5095,38245
45,43385,59,0.0,1411,5095,38290
49,43434,60,1.0,1412,5095,38339
25,43459,60,0.0,1413,5095,38364
32,43491,60,0.0,1414,5095,38396
13,43504,60,0.0,1415,5095,38409
38,43542,60,0.0,1416,5095,38447
47,43589,60,0.0,1417,5095,38494
23,43612,61,1.0,1418,5095,38517
25,43637,61,0.0,1419,5095,38542
10,43647,61,0.0,1420,5095,38552
7,43654,61,0.0,1421,5095,38559
22,43676,61,0.0,1422,5095,38581
31,43707,61,0.0,1423,5095,38612
55,43762,61,0.0,1424,5095,38667
26,43788,61,0.0,1425,5095,38693
35,43823,61,0.0,1426,5095,38728
9,43832,61,0.0,1427,5095,38737
25,43857,62,1.0,1428,5095,38762
28,43885,62,0.0,1429,5095,38790
27,43912,62,0.0,1430,5095,38817
31,43943,62,0.0,1431,5095,38848
57,44000,62,0.0,1432,5095,38905
64,44064,62,0.0,1433,5095,38969
8,44072,62,0.0,1434,5095,38977
22,44094,62,0.0,1435,5095,38999
24,44118,62,0.0,1436,5095,39023
17,44135,62,0.0,1437,5095,39040
100,44235,62,0.0,1438,5095,39140
14,44249,62,0.0,1439,5095,39154
37,44286,62,0.0,1440,5095,39191
100,44386,62,0.0,1441,5095,39291
33,44419,62,0.0,1442,5095,39324
10,44429,62,0.0,1443,5095,39334
35,44464,62,0.0,1444,5095,39369
62,44526,62,0.0,1445,5095,39431
29,44555,62,0.0,1446,5095,39460
31,44586,62,0.0,1447,5095,39491
7,44593,62,0.0,1448,5095,39498
13,44606,62,0.0,1449,5095,39511
61,44667,62,0.0,1450,5095,39572
18,44685,62,0.0,1451,5095,39590
19,44704,62,0.0,1452,5095,39609
48,44752,62,0.0,1453,5095,39657
15,44767,62,0.0,1454,5095,39672
24,44791,62,0.0,1455,5095,39696
9,44800,62,0.0,1456,5095,39705
18,44818,62,0.0,1457,5095,39723
34,44852,62,0.0,1458,5095,39757
31,44883,62,0.0,1459,5095,39788
24,44907,62,0.0,1460,5095,39812
7,44914,62,0.0,1461,5095,39819
8,44922,62,0.0,1462,5095,39827
14,44936,62,0.0,1463,5095,39841
6,44942,62,0.0,1464,5095,39847
41,44983,62,0.0,1465,5095,39888
28,45011,62,0.0,1466,5095,39916
27,45038,62,0.0,1467,5095,39943
14,45052,62,0.0,1468,5095,39957
11,45063,62,0.0,1469,5095,39968
16,45079,62,0.0,1470,5095,39984
18,45097,62,0.0,1471,5095,40002
19,45116,62,0.0,1472,5095,40021
28,45144,62,0.0,1473,5095,40049
24,45168,62,0.0,1474,5095,40073
10,45178,62,0.0,1475,5095,40083
37,45215,62,0.0,1476,5095,40120
12,45227,62,0.0,1477,5095,40132
13,45240,62,0.0,1478,5095,40145
17,45257,62,0.0,1479,5095,40162
15,45272,62,0.0,1480,5095,40177
8,45280,62,0.0,1481,5095,40185
19,45299,62,0.0,1482,5095,40204
44,45343,62,0.0,1483,5095,40248
15,45358,62,0.0,1484,5095,40263
11,45369,62,0.0,1485,5095,40274
42,45411,63,1.0,1486,5095,40316
11,45422,63,0.0,1487,5095,40327
26,45448,63,0.0,1488,5095,40353
18,45466,63,0.0,1489,5095,40371
32,45498,63,0.0,1490,5095,40403
9,45507,63,0.0,1491,5095,40412
18,45525,63,0.0,1492,5095,40430
10,45535,63,0.0,1493,5095,40440
63,45598,63,0.0,1494,5095,40503
23,45621,63,0.0,1495,5095,40526
48,45669,63,0.0,1496,5095,40574
39,45708,63,0.0,1497,5095,40613
17,45725,63,0.0,1498,5095,40630
74,45799,64,1.0,1499,5095,40704
72,45871,64,0.0,1500,5095,40776
23,45894,64,0.0,1501,5095,40799
19,45913,64,0.0,1502,5095,40818
13,45926,64,0.0,1503,5095,40831
60,45986,64,0.0,1504,5095,40891
20,46006,64,0.0,1505,5095,40911
34,46040,64,0.0,1506,5095,40945
12,46052,64,0.0,1507,5095,40957
16,46068,64,0.0,1508,5095,40973
23,46091,64,0.0,1509,5095,40996
40,46131,64,0.0,1510,5095,41036
11,46142,64,0.0,1511,5095,41047
47,46189,64,0.0,1512,5095,41094
22,46211,64,0.0,1513,5095,41116
21,46232,64,0.0,1514,5095,41137
35,46267,64,0.0,1515,5095,41172
30,46297,64,0.0,1516,5095,41202
24,46321,64,0.0,1517,5095,41226
48,46369,64,0.0,1518,5095,41274
9,46378,64,0.0,1519,5095,41283
6,46384,64,0.0,1520,5095,41289
19,46403,64,0.0,1521,5095,41308
34,46437,64,0.0,1522,5095,41342
13,46450,64,0.0,1523,5095,41355
51,46501,64,0.0,1524,5095,41406
36,46537,64,0.0,1525,5095,41442
6,46543,64,0.0,1526,5095,41448
9,46552,64,0.0,1527,5095,41457
39,46591,65,1.0,1528,5095,41496
8,46599,65,0.0,1529,5095,41504
24,46623,65,0.0,1530,5095,41528
15,46638,65,0.0,1531,5095,41543
20,46658,65,0.0,1532,5095,41563
16,46674,65,0.0,1533,5095,41579
14,46688,65,0.0,1534,5095,41593
40,46728,66,1.0,1535,5095,41633
28,46756,67,1.0,1536,5095,41661
76,46832,67,0.0,1537,5095,41737
20,46852,67,0.0,1538,5095,41757
33,46885,67,0.0,1539,5095,41790
44,46929,67,0.0,1540,5095,41834
91,47020,67,0.0,1541,5095,41925
12,47032,67,0.0,1542,5095,41937
22,47054,67,0.0,1543,5095,41959
21,47075,67,0.0,1544,5095,41980
14,47089,67,0.0,1545,5095,41994
100,47189,68,1.0,1546,5095,42094
44,47233,68,0.0,1547,5095,42138
12,47245,68,0.0,1548,5095,42150
52,47297,68,0.0,1549,5095,42202
58,47355,69,1.0,1550,5095,42260
56,47411,69,0.0,1551,5095,42316
27,47438,69,0.0,1552,5095,42343
51,47489,69,0.0,1553,5095,42394
53,47542,69,0.0,1554,5095,42447
11,47553,69,0.0,1555,5095,42458
23,47576,69,0.0,1556,5095,42481
34,47610,69,0.0,1557,5095,42515
11,47621,69,0.0,1558,5095,42526
28,47649,69,0.0,1559,5095,42554
26,47675,69,0.0,1560,5095,42580
67,47742,69,0.0,1561,5095,42647
12,47754,69,0.0,1562,5095,42659
36,47790,69,0.0,1563,5095,42695
20,47810,69,0.0,1564,5095,42715
21,47831,69,0.0,1565,5095,42736
7,47838,69,0.0,1566,5095,42743
47,47885,69,0.0,1567,5095,42790
29,47914,69,0.0,1568,5095,42819
9,47923,69,0.0,1569,5095,42828
6,47929,69,0.0,1570,5095,42834
61,47990,70,1.0,1571,5095,42895
28,48018,70,0.0,1572,5095,42923
25,48043,70,0.0,1573,5095,42948
78,48121,70,0.0,1574,5095,43026
100,48221,70,0.0,1575,5095,43126
31,48252,71,1.0,1576,5095,43157
22,48274,71,0.0,1577,5095,43179
30,48304,71,0.0,1578,5095,43209
24,48328,71,0.0,1579,5095,43233
43,48371,71,0.0,1580,5095,43276
21,48392,71,0.0,1581,5095,43297
42,48434,71,0.0,1582,5095,43339
20,48454,71,0.0,1583,5095,43359
28,48482,71,0.0,1584,5095,43387
37,48519,72,1.0,1585,5095,43424
12,48531,72,0.0,1586,5095,43436
54,48585,73,1.0,1587,5095,43490
24,48609,73,0.0,1588,5095,43514
29,48638,73,0.0,1589,5095,43543
29,48667,73,0.0,1590,5095,43572
19,48686,73,0.0,1591,5095,43591
27,48713,73,0.0,1592,5095,43618
65,48778,73,0.0,1593,5095,43683
18,48796,73,0.0,1594,5095,43701
47,48843,73,0.0,1595,5095,43748
16,48859,73,0.0,1596,5095,43764
6,48865,73,0.0,1597,5095,43770
18,48883,73,0.0,1598,5095,43788
44,48927,73,0.0,1599,5095,43832
41,48968,74,1.0,1600,5095,43873
11,48979,74,0.0,1601,5095,43884
15,48994,74,0.0,1602,5095,43899
15,49009,74,0.0,1603,5095,43914
10,49019,74,0.0,1604,5095,43924
17,49036,74,0.0,1605,5095,43941
23,49059,74,0.0,1606,5095,43964
27,49086,74,0.0,1607,5095,43991
18,49104,74,0.0,1608,5095,44009
61,49165,74,0.0,1609,5095,44070
15,49180,74,0.0,1610,5095,44085
23,49203,74,0.0,1611,5095,44108
15,49218,74,0.0,1612,5095,44123
9,49227,74,0.0,1613,5095,44132
27,49254,74,0.0,1614,5095,44159
38,49292,74,0.0,1615,5095,44197
69,49361,74,0.0,1616,5095,44266
34,49395,74,0.0,1617,5095,44300
34,49429,75,1.0,1618,5095,44334
44,49473,75,0.0,1619,5095,44378
23,49496,76,1.0,1620,5095,44401
18,49514,76,0.0,1621,5095,44419
21,49535,77,1.0,1622,5095,44440
16,49551,77,0.0,1623,5095,44456
26,49577,77,0.0,1624,5095,44482
35,49612,77,0.0,1625,5095,44517
34,49646,77,0.0,1626,5095,44551
32,49678,77,0.0,1627,5095,44583
15,49693,77,0.0,1628,5095,44598
13,49706,77,0.0,1629,5095,44611
9,49715,77,0.0,1630,5095,44620
10,49725,77,0.0,1631,5095,44630
35,49760,78,1.0,1632,5095,44665
22,49782,79,1.0,1633,5095,44687
27,49809,79,0.0,1634,5095,44714
37,49846,79,0.0,1635,5095,44751
26,49872,80,1.0,1636,5095,44777
10,49882,80,0.0,1637,5095,44787
6,49888,80,0.0,1638,5095,44793
14,49902,80,0.0,1639,5095,44807
32,49934,80,0.0,1640,5095,44839
25,49959,80,0.0,1641,5095,44864
77,50036,81,1.0,1642,5095,44941
49,50085,81,0.0,1643,5095,44990
28,50113,81,0.0,1644,5095,45018
11,50124,81,0.0,1645,5095,45029
12,50136,81,0.0,1646,5095,45041
22,50158,81,0.0,1647,5095,45063
38,50196,81,0.0,1648,5095,45101
12,50208,81,0.0,1649,5095,45113
6,50214,81,0.0,1650,5095,45119
54,50268,82,1.0,1651,5095,45173
39,50307,83,1.0,1652,5095,45212
17,50324,83,0.0,1653,5095,45229
27,50351,83,0.0,1654,5095,45256
30,50381,84,1.0,1655,5095,45286
44,50425,84,0.0,1656,5095,45330
8,50433,84,0.0,1657,5095,45338
21,50454,84,0.0,1658,5095,45359
82,50536,85,1.0,1659,5095,45441
50,50586,85,0.0,1660,5095,45491
16,50602,85,0.0,1661,5095,45507
100,50702,85,0.0,1662,5095,45607
26,50728,86,1.0,1663,5095,45633
21,50749,86,0.0,1664,5095,45654
5,50754,86,0.0,1665,5095,45659
37,50791,86,0.0,1666,5095,45696
42,50833,86,0.0,1667,5095,45738
34,50867,86,0.0,1668,5095,45772
65,50932,87,1.0,1669,5095,45837
35,50967,87,0.0,1670,5095,45872
38,51005,87,0.0,1671,5095,45910
11,51016,87,0.0,1672,5095,45921
13,51029,87,0.0,1673,5095,45934
10,51039,87,0.0,1674,5095,45944
28,51067,87,0.0,1675,5095,45972
40,51107,87,0.0,1676,5095,46012
38,51145,88,1.0,1677,5095,46050
45,51190,89,1.0,1678,5095,46095
16,51206,89,0.0,1679,5095,46111
17,51223,89,0.0,1680,5095,46128
25,51248,89,0.0,1681,5095,46153
9,51257,89,0.0,1682,5095,46162
14,51271,89,0.0,1683,5095,46176
68,51339,90,1.0,1684,5095,46244
48,51387,90,0.0,1685,5095,46292
27,51414,91,1.0,1686,5095,46319
30,51444,91,0.0,1687,5095,46349
13,51457,91,0.0,1688,5095,46362
47,51504,91,0.0,1689,5095,46409
16,51520,91,0.0,1690,5095,46425
19,51539,91,0.0,1691,5095,46444
29,51568,91,0.0,1692,5095,46473
25,51593,92,1.0,1693,5095,46498
43,51636,92,0.0,1694,5095,46541
24,51660,92,0.0,1695,5095,46565
16,51676,92,0.0,1696,5095,46581
18,51694,92,0.0,1697,5095,46599
10,51704,92,0.0,1698,5095,46609
48,51752,92,0.0,1699,5095,46657
41,51793,92,0.0,1700,5095,46698
28,51821,92,0.0,1701,5095,46726
10,51831,92,0.0,1702,5095,46736
37,51868,92,0.0,1703,5095,46773
29,51897,92,0.0,1704,5095,46802
35,51932,92,0.0,1705,5095,46837
33,51965,93,1.0,1706,5095,46870
20,51985,93,0.0,1707,5095,46890
39,52024,93,0.0,1708,5095,46929
22,52046,93,0.0,1709,5095,46951
33,52079,93,0.0,1710,5095,46984
15,52094,93,0.0,1711,5095,46999
27,52121,93,0.0,1712,5095,47026
19,52140,93,0.0,1713,5095,47045
19,52159,93,0.0,1714,5095,47064
26,52185,93,0.0,1715,5095,47090
69,52254,94,1.0,1716,5095,47159
45,52299,94,0.0,1717,5095,47204
10,52309,94,0.0,1718,5095,47214
14,52323,94,0.0,1719,5095,47228
63,52386,95,1.0,1720,5095,47291
17,52403,95,0.0,1721,5095,47308
37,52440,95,0.0,1722,5095,47345
35,52475,96,1.0,1723,5095,47380
30,52505,96,0.0,1724,5095,47410
35,52540,96,0.0,1725,5095,47445
20,52560,96,0.0,1726,5095,47465
30,52590,97,1.0,1727,5095,47495
24,52614,97,0.0,1728,5095,47519
45,52659,97,0.0,1729,5095,47564
26,52685,97,0.0,1730,5095,47590
26,52711,97,0.0,1731,5095,47616
69,52780,98,1.0,1732,5095,47685
12,52792,98,0.0,1733,5095,47697
15,52807,98,0.0,1734,5095,47712
31,52838,98,0.0,1735,5095,47743
11,52849,98,0.0,1736,5095,47754
30,52879,98,0.0,1737,5095,47784
51,52930,99,1.0,1738,5095,47835
98,53028,99,0.0,1739,5095,47933
11,53039,99,0.0,1740,5095,47944
40,53079,100,1.0,1741,5095,47984
41,53120,100,0.0,1742,5095,48025
30,53150,100,0.0,1743,5095,48055
59,53209,100,0.0,1744,5095,48114
28,53237,100,0.0,1745,5095,48142
13,53250,100,0.0,1746,5095,48155
31,53281,100,0.0,1747,5095,48186
17,53298,100,0.0,1748,5095,48203
71,53369,100,0.0,1749,5095,48274
34,53403,100,0.0,1750,5095,48308
18,53421,100,0.0,1751,5095,48326
35,53456,100,0.0,1752,5095,48361
33,53489,100,0.0,1753,5095,48394
9,53498,100,0.0,1754,5095,48403
17,53515,100,0.0,1755,5095,48420
5,53520,100,0.0,1756,5095,48425
8,53528,100,0.0,1757,5095,48433
19,53547,100,0.0,1758,5095,48452
28,53575,100,0.0,1759,5095,48480
30,53605,100,0.0,1760,5095,48510
42,53647,101,1.0,1761,5095,48552
27,53674,102,1.0,1762,5095,48579
30,53704,102,0.0,1763,5095,48609
10,53714,102,0.0,1764,5095,48619
10,53724,102,0.0,1765,5095,48629
36,53760,102,0.0,1766,5095,48665
10,53770,102,0.0,1767,5095,48675
15,53785,102,0.0,1768,5095,48690
10,53795,102,0.0,1769,5095,48700
38,53833,103,1.0,1770,5095,48738
13,53846,103,0.0,1771,5095,48751
70,53916,103,0.0,1772,5095,48821
16,53932,103,0.0,1773,5095,48837
43,53975,103,0.0,1774,5095,48880
29,54004,103,0.0,1775,5095,48909
74,54078,103,0.0,1776,5095,48983
44,54122,103,0.0,1777,5095,49027
34,54156,103,0.0,1778,5095,49061
17,54173,103,0.0,1779,5095,49078
25,54198,103,0.0,1780,5095,49103
29,54227,103,0.0,1781,5095,49132
26,54253,104,1.0,1782,5095,49158
34,54287,104,0.0,1783,5095,49192
64,54351,104,0.0,1784,5095,49256
25,54376,104,0.0,1785,5095,49281
11,54387,104,0.0,1786,5095,49292
66,54453,104,0.0,1787,5095,49358
5,54458,104,0.0,1788,5095,49363
39,54497,104,0.0,1789,5095,49402
16,54513,104,0.0,1790,5095,49418
44,54557,104,0.0,1791,5095,49462
33,54590,104,0.0,1792,5095,49495
11,54601,104,0.0,1793,5095,49506
29,54630,104,0.0,1794,5095,49535
37,54667,105,1.0,1795,5095,49572
12,54679,105,0.0,1796,5095,49584
16,54695,105,0.0,1797,5095,49600
23,54718,105,0.0,1798,5095,49623
54,54772,105,0.0,1799,5095,49677
25,54797,105,0.0,1800,5095,49702
26,54823,106,1.0,1801,5095,49728
88,54911,107,1.0,1802,5095,49816
17,54928,107,0.0,1803,5095,49833
18,54946,107,0.0,1804,5095,49851
36,54982,107,0.0,1805,5095,49887
15,54997,107,0.0,1806,5095,49902
50,55047,107,0.0,1807,5095,49952
29,55076,107,0.0,1808,5095,49981
23,55099,107,0.0,1809,5095,50004
19,55118,107,0.0,1810,5095,50023
27,55145,107,0.0,1811,5095,50050
13,55158,107,0.0,1812,5095,50063
20,55178,107,0.0,1813,5095,50083
36,55214,108,1.0,1814,5095,50119
96,55310,108,0.0,1815,5095,50215
25,55335,108,0.0,1816,5095,50240
22,55357,108,0.0,1817,5095,50262
7,55364,108,0.0,1818,5095,50269
9,55373,108,0.0,1819,5095,50278
39,55412,108,0.0,1820,5095,50317
27,55439,108,0.0,1821,5095,50344
45,55484,108,0.0,1822,5095,50389
5,55489,108,0.0,1823,5095,50394
60,55549,109,1.0,1824,5095,50454
49,55598,109,0.0,1825,5095,50503
27,55625,109,0.0,1826,5095,50530
16,55641,109,0.0,1827,5095,50546
12,55653,109,0.0,1828,5095,50558
6,55659,109,0.0,1829,5095,50564
47,55706,109,0.0,1830,5095,50611
18,55724,109,0.0,1831,5095,50629
11,55735,109,0.0,1832,5095,50640
19,55754,109,0.0,1833,5095,50659
31,55785,109,0.0,1834,5095,50690
12,55797,109,0.0,1835,5095,50702
43,55840,109,0.0,1836,5095,50745
32,55872,109,0.0,1837,5095,50777
27,55899,109,0.0,1838,5095,50804
26,55925,109,0.0,1839,5095,50830
8,55933,109,0.0,1840,5095,50838
25,55958,109,0.0,1841,5095,50863
31,55989,109,0.0,1842,5095,50894
12,56001,109,0.0,1843,5095,50906
57,56058,109,0.0,1844,5095,50963
29,56087,109,0.0,1845,5095,50992
41,56128,110,1.0,1846,5095,51033
16,56144,110,0.0,1847,5095,51049
31,56175,110,0.0,1848,5095,51080
19,56194,111,1.0,1849,5095,51099
9,56203,111,0.0,1850,5095,51108
26,56229,111,0.0,1851,5095,51134
29,56258,111,0.0,1852,5095,51163
44,56302,111,0.0,1853,5095,51207
51,56353,112,1.0,1854,5095,51258
12,56365,112,0.0,1855,5095,51270
9,56374,112,0.0,1856,5095,51279
11,56385,112,0.0,1857,5095,51290
39,56424,113,1.0,1858,5095,51329
27,56451,113,0.0,1859,5095,51356
24,56475,113,0.0,1860,5095,51380
11,56486,113,0.0,1861,5095,51391
41,56527,113,0.0,1862,5095,51432
27,56554,113,0.0,1863,5095,51459
17,56571,113,0.0,1864,5095,51476
28,56599,113,0.0,1865,5095,51504
27,56626,114,1.0,1866,5095,51531
18,56644,114,0.0,1867,5095,51549
50,56694,115,1.0,1868,5095,51599
15,56709,115,0.0,1869,5095,51614
24,56733,115,0.0,1870,5095,51638
32,56765,115,0.0,1871,5095,51670
22,56787,115,0.0,1872,5095,51692
57,56844,115,0.0,1873,5095,51749
30,56874,115,0.0,1874,5095,51779
14,56888,115,0.0,1875,5095,51793
17,56905,116,1.0,1876,5095,51810
53,56958,116,0.0,1877,5095,51863
82,57040,116,0.0,1878,5095,51945
27,57067,117,1.0,1879,5095,51972
11,57078,117,0.0,1880,5095,51983
8,57086,117,0.0,1881,5095,51991
10,57096,117,0.0,1882,5095,52001
20,57116,117,0.0,1883,5095,52021
41,57157,117,0.0,1884,5095,52062
19,57176,117,0.0,1885,5095,52081
12,57188,117,0.0,1886,5095,52093
62,57250,117,0.0,1887,5095,52155
29,57279,117,0.0,1888,5095,52184
9,57288,117,0.0,1889,5095,52193
58,57346,118,1.0,1890,5095,52251
8,57354,118,0.0,1891,5095,52259
15,57369,118,0.0,1892,5095,52274
17,57386,118,0.0,1893,5095,52291
23,57409,119,1.0,1894,5095,52314
42,57451,119,0.0,1895,5095,52356
9,57460,119,0.0,1896,5095,52365
8,57468,119,0.0,1897,5095,52373
64,57532,120,1.0,1898,5095,52437
13,57545,120,0.0,1899,5095,52450
27,57572,120,0.0,1900,5095,52477
21,57593,120,0.0,1901,5095,52498
60,57653,120,0.0,1902,5095,52558
9,57662,120,0.0,1903,5095,52567
9,57671,120,0.0,1904,5095,52576
87,57758,120,0.0,1905,5095,52663
40,57798,121,1.0,1906,5095,52703
26,57824,122,1.0,1907,5095,52729
60,57884,123,1.0,1908,5095,52789
36,57920,123,0.0,1909,5095,52825
15,57935,123,0.0,1910,5095,52840
69,58004,123,0.0,1911,5095,52909
48,58052,123,0.0,1912,5095,52957
18,58070,123,0.0,1913,5095,52975
37,58107,123,0.0,1914,5095,53012
85,58192,123,0.0,1915,5095,53097
31,58223,123,0.0,1916,5095,53128
21,58244,123,0.0,1917,5095,53149
13,58257,123,0.0,1918,5095,53162
7,58264,123,0.0,1919,5095,53169
39,58303,123,0.0,1920,5095,53208
36,58339,123,0.0,1921,5095,53244
28,58367,123,0.0,1922,5095,53272
23,58390,123,0.0,1923,5095,53295
27,58417,123,0.0,1924,5095,53322
13,58430,123,0.0,1925,5095,53335
30,58460,123,0.0,1926,5095,53365
37,58497,123,0.0,1927,5095,53402
9,58506,123,0.0,1928,5095,53411
18,58524,123,0.0,1929,5095,53429
24,58548,123,0.0,1930,5095,53453
33,58581,123,0.0,1931,5095,53486
7,58588,123,0.0,1932,5095,53493
22,58610,123,0.0,1933,5095,53515
49,58659,123,0.0,1934,5095,53564
18,58677,123,0.0,1935,5095,53582
33,58710,124,1.0,1936,5095,53615
53,58763,124,0.0,1937,5095,53668
28,58791,124,0.0,1938,5095,53696
17,58808,124,0.0,1939,5095,53713
33,58841,125,1.0,1940,5095,53746
13,58854,125,0.0,1941,5095,53759
29,58883,125,0.0,1942,5095,53788
23,58906,125,0.0,1943,5095,53811
36,58942,125,0.0,1944,5095,53847
41,58983,125,0.0,1945,5095,53888
26,59009,125,0.0,1946,5095,53914
5,59014,125,0.0,1947,5095,53919
61,59075,125,0.0,1948,5095,53980
18,59093,125,0.0,1949,5095,53998
19,59112,125,0.0,1950,5095,54017
8,59120,125,0.0,1951,5095,54025
19,59139,125,0.0,1952,5095,54044
28,59167,125,0.0,1953,5095,54072
16,59183,125,0.0,1954,5095,54088
60,59243,125,0.0,1955,5095,54148
13,59256,125,0.0,1956,5095,54161
6,59262,125,0.0,1957,5095,54167
9,59271,125,0.0,1958,5095,54176
35,59306,125,0.0,1959,5095,54211
22,59328,125,0.0,1960,5095,54233
35,59363,125,0.0,1961,5095,54268
49,59412,125,0.0,1962,5095,54317
76,59488,125,0.0,1963,5095,54393
32,59520,125,0.0,1964,5095,54425
33,59553,125,0.0,1965,5095,54458
5,59558,125,0.0,1966,5095,54463
5,59563,125,0.0,1967,5095,54468
23,59586,125,0.0,1968,5095,54491
9,59595,125,0.0,1969,5095,54500
87,59682,125,0.0,1970,5095,54587
21,59703,125,0.0,1971,5095,54608
12,59715,125,0.0,1972,5095,54620
14,59729,125,0.0,1973,5095,54634
22,59751,125,0.0,1974,5095,54656
100,59851,125,0.0,1975,5095,54756
30,59881,126,1.0,1976,5095,54786
6,59887,126,0.0,1977,5095,54792
31,59918,127,1.0,1978,5095,54823
12,59930,127,0.0,1979,5095,54835
15,59945,127,0.0,1980,5095,54850
26,59971,127,0.0,1981,5095,54876
21,59992,128,1.0,1982,5095,54897
27,60019,128,0.0,1983,5095,54924
13,60032,128,0.0,1984,5095,54937
26,60058,128,0.0,1985,5095,54963
18,60076,128,0.0,1986,5095,54981
13,60089,128,0.0,1987,5095,54994
18,60107,128,0.0,1988,5095,55012
52,60159,129,1.0,1989,5095,55064
26,60185,129,0.0,1990,5095,55090
12,60197,129,0.0,1991,5095,55102
35,60232,129,0.0,1992,5095,55137
49,60281,129,0.0,1993,5095,55186
53,60334,129,0.0,1994,5095,55239
11,60345,129,0.0,1995,5095,55250
25,60370,129,0.0,1996,5095,55275
24,60394,129,0.0,1997,5095,55299
33,60427,129,0.0,1998,5095,55332
26,60453,129,0.0,1999,5095,55358
47,60500,129,0.0,2000,5095,55405
9,60509,129,0.0,2001,5095,55414
37,60546,129,0.0,2002,5095,55451
20,60566,129,0.0,2003,5095,55471
17,60583,129,0.0,2004,5095,55488
12,60595,129,0.0,2005,5095,55500
7,60602,129,0.0,2006,5095,55507
9,60611,129,0.0,2007,5095,55516
17,60628,129,0.0,2008,5095,55533
29,60657,129,0.0,2009,5095,55562
28,60685,129,0.0,2010,5095,55590
22,60707,129,0.0,2011,5095,55612
34,60741,129,0.0,2012,5095,55646
56,60797,129,0.0,2013,5095,55702
33,60830,129,0.0,2014,5095,55735
16,60846,129,0.0,2015,5095,55751
18,60864,129,0.0,2016,5095,55769
29,60893,129,0.0,2017,5095,55798
7,60900,129,0.0,2018,5095,55805
19,60919,129,0.0,2019,5095,55824
22,60941,129,0.0,2020,5095,55846
13,60954,129,0.0,2021,5095,55859
40,60994,130,1.0,2022,5095,55899
19,61013,130,0.0,2023,5095,55918
12,61025,130,0.0,2024,5095,55930
44,61069,130,0.0,2025,5095,55974
8,61077,130,0.0,2026,5095,55982
28,61105,130,0.0,2027,5095,56010
33,61138,130,0.0,2028,5095,56043
68,61206,130,0.0,2029,5095,56111
48,61254,130,0.0,2030,5095,56159
19,61273,130,0.0,2031,5095,56178
65,61338,130,0.0,2032,5095,56243
40,61378,130,0.0,2033,5095,56283
21,61399,130,0.0,2034,5095,56304
16,61415,130,0.0,2035,5095,56320
19,61434,130,0.0,2036,5095,56339
35,61469,130,0.0,2037,5095,56374
35,61504,130,0.0,2038,5095,56409
19,61523,130,0.0,2039,5095,56428
38,61561,131,1.0,2040,5095,56466
22,61583,131,0.0,2041,5095,56488
55,61638,131,0.0,2042,5095,56543
60,61698,131,0.0,2043,5095,56603
44,61742,131,0.0,2044,5095,56647
18,61760,131,0.0,2045,5095,56665
34,61794,131,0.0,2046,5095,56699
11,61805,131,0.0,2047,5095,56710
14,61819,131,0.0,2048,5095,56724
50,61869,131,0.0,2049,5095,56774
18,61887,131,0.0,2050,5095,56792
11,61898,131,0.0,2051,5095,56803
10,61908,131,0.0,2052,5095,56813
11,61919,131,0.0,2053,5095,56824
16,61935,131,0.0,2054,5095,56840
42,61977,131,0.0,2055,5095,56882
10,61987,131,0.0,2056,5095,56892
98,62085,132,1.0,2057,5095,56990
46,62131,132,0.0,2058,5095,57036
10,62141,132,0.0,2059,5095,57046
19,62160,132,0.0,2060,5095,57065
71,62231,132,0.0,2061,5095,57136
9,62240,132,0.0,2062,5095,57145
29,62269,132,0.0,2063,5095,57174
29,62298,132,0.0,2064,5095,57203
23,62321,132,0.0,2065,5095,57226
49,62370,132,0.0,2066,5095,57275
14,62384,132,0.0,2067,5095,57289
13,62397,132,0.0,2068,5095,57302
24,62421,132,0.0,2069,5095,57326
15,62436,132,0.0,2070,5095,57341
41,62477,132,0.0,2071,5095,57382
10,62487,132,0.0,2072,5095,57392
45,62532,132,0.0,2073,5095,57437
13,62545,132,0.0,2074,5095,57450
7,62552,132,0.0,2075,5095,57457
13,62565,132,0.0,2076,5095,57470
18,62583,132,0.0,2077,5095,57488
22,62605,132,0.0,2078,5095,57510
20,62625,132,0.0,2079,5095,57530
22,62647,132,0.0,2080,5095,57552
37,62684,133,1.0,2081,5095,57589
17,62701,133,0.0,2082,5095,57606
16,62717,133,0.0,2083,5095,57622
39,62756,134,1.0,2084,5095,57661
39,62795,134,0.0,2085,5095,57700
13,62808,134,0.0,2086,5095,57713
16,62824,134,0.0,2087,5095,57729
10,62834,134,0.0,2088,5095,57739
35,62869,134,0.0,2089,5095,57774
33,62902,134,0.0,2090,5095,57807
45,62947,135,1.0,2091,5095,57852
18,62965,135,0.0,2092,5095,57870
30,62995,135,0.0,2093,5095,57900
74,63069,136,1.0,2094,5095,57974
20,63089,136,0.0,2095,5095,57994
96,63185,136,0.0,2096,5095,58090
13,63198,136,0.0,2097,5095,58103
43,63241,136,0.0,2098,5095,58146
21,63262,136,0.0,2099,5095,58167
39,63301,137,1.0,2100,5095,58206
12,63313,137,0.0,2101,5095,58218
23,63336,137,0.0,2102,5095,58241
43,63379,137,0.0,2103,5095,58284
9,63388,137,0.0,2104,5095,58293
20,63408,137,0.0,2105,5095,58313
12,63420,137,0.0,2106,5095,58325
14,63434,137,0.0,2107,5095,58339
26,63460,137,0.0,2108,5095,58365
10,63470,137,0.0,2109,5095,58375
78,63548,137,0.0,2110,5095,58453
16,63564,137,0.0,2111,5095,58469
26,63590,137,0.0,2112,5095,58495
9,63599,137,0.0,2113,5095,58504
54,63653,137,0.0,2114,5095,58558
60,63713,137,0.0,2115,5095,58618
31,63744,137,0.0,2116,5095,58649
24,63768,137,0.0,2117,5095,58673
30,63798,137,0.0,2118,5095,58703
35,63833,137,0.0,2119,5095,58738
56,63889,137,0.0,2120,5095,58794
38,63927,137,0.0,2121,5095,58832
45,63972,137,0.0,2122,5095,58877
27,63999,138,1.0,2123,5095,58904
100,64099,138,0.0,2124,5095,59004
59,64158,138,0.0,2125,5095,59063
15,64173,138,0.0,2126,5095,59078
31,64204,138,0.0,2127,5095,59109
32,64236,139,1.0,2128,5095,59141
27,64263,139,0.0,2129,5095,59168
27,64290,140,1.0,2130,5095,59195
43,64333,141,1.0,2131,5095,59238
13,64346,141,0.0,2132,5095,59251
30,64376,141,0.0,2133,5095,59281
57,64433,141,0.0,2134,5095,59338
55,64488,142,1.0,2135,5095,59393
22,64510,142,0.0,2136,5095,59415
9,64519,142,0.0,2137,5095,59424
7,64526,142,0.0,2138,5095,59431
21,64547,142,0.0,2139,5095,59452
11,64558,142,0.0,2140,5095,59463
18,64576,142,0.0,2141,5095,59481
11,64587,142,0.0,2142,5095,59492
29,64616,142,0.0,2143,5095,59521
33,64649,142,0.0,2144,5095,59554
37,64686,142,0.0,2145,5095,59591
42,64728,142,0.0,2146,5095,59633
19,64747,142,0.0,2147,5095,59652
19,64766,142,0.0,2148,5095,59671
16,64782,142,0.0,2149,5095,59687
36,64818,142,0.0,2150,5095,59723
43,64861,142,0.0,2151,5095,59766
52,64913,143,1.0,2152,5095,59818
14,64927,143,0.0,2153,5095,59832
71,64998,144,1.0,2154,5095,59903
48,65046,145,1.0,2155,5095,59951
7,65053,145,0.0,2156,5095,59958
24,65077,145,0.0,2157,5095,59982
31,65108,145,0.0,2158,5095,60013
70,65178,145,0.0,2159,5095,60083
45,65223,145,0.0,2160,5095,60128
69,65292,145,0.0,2161,5095,60197
22,65314,145,0.0,2162,5095,60219
21,65335,146,1.0,2163,5095,60240
36,65371,147,1.0,2164,5095,60276
42,65413,147,0.0,2165,5095,60318
17,65430,147,0.0,2166,5095,60335
28,65458,148,1.0,2167,5095,60363
23,65481,148,0.0,2168,5095,60386
89,65570,148,0.0,2169,5095,60475
33,65603,148,0.0,2170,5095,60508
18,65621,148,0.0,2171,5095,60526
14,65635,148,0.0,2172,5095,60540
33,65668,148,0.0,2173,5095,60573
11,65679,148,0.0,2174,5095,60584
34,65713,149,1.0,2175,5095,60618
39,65752,149,0.0,2176,5095,60657
9,65761,149,0.0,2177,5095,60666
14,65775,149,0.0,2178,5095,60680
52,65827,149,0.0,2179,5095,60732
11,65838,149,0.0,2180,5095,60743
22,65860,150,1.0,2181,5095,60765
53,65913,150,0.0,2182,5095,60818
53,65966,151,1.0,2183,5095,60871
20,65986,151,0.0,2184,5095,60891
17,66003,151,0.0,2185,5095,60908
50,66053,151,0.0,2186,5095,60958
7,66060,151,0.0,2187,5095,60965
41,66101,151,0.0,2188,5095,61006
29,66130,152,1.0,2189,5095,61035
14,66144,152,0.0,2190,5095,61049
24,66168,152,0.0,2191,5095,61073
22,66190,152,0.0,2192,5095,61095
11,66201,152,0.0,2193,5095,61106
32,66233,152,0.0,2194,5095,61138
18,66251,152,0.0,2195,5095,61156
29,66280,153,1.0,2196,5095,61185
63,66343,153,0.0,2197,5095,61248
49,66392,153,0.0,2198,5095,61297
22,66414,153,0.0,2199,5095,61319
20,66434,153,0.0,2200,5095,61339
21,66455,153,0.0,2201,5095,61360
35,66490,154,1.0,2202,5095,61395
26,66516,154,0.0,2203,5095,61421
12,66528,154,0.0,2204,5095,61433
47,66575,154,0.0,2205,5095,61480
13,66588,154,0.0,2206,5095,61493
9,66597,154,0.0,2207,5095,61502
64,66661,155,1.0,2208,5095,61566
72,66733,155,0.0,2209,5095,61638
83,66816,155,0.0,2210,5095,61721
100,66916,155,0.0,2211,5095,61821
38,66954,155,0.0,2212,5095,61859
20,66974,155,0.0,2213,5095,61879
26,67000,155,0.0,2214,5095,61905
10,67010,155,0.0,2215,5095,61915
55,67065,156,1.0,2216,5095,61970
36,67101,156,0.0,2217,5095,62006
13,67114,156,0.0,2218,5095,62019
43,67157,156,0.0,2219,5095,62062
38,67195,157,1.0,2220,5095,62100
10,67205,157,0.0,2221,5095,62110
22,67227,157,0.0,2222,5095,62132
10,67237,157,0.0,2223,5095,62142
46,67283,158,1.0,2224,5095,62188
64,67347,159,1.0,2225,5095,62252
61,67408,159,0.0,2226,5095,62313
20,67428,159,0.0,2227,5095,62333
11,67439,159,0.0,2228,5095,62344
13,67452,159,0.0,2229,5095,62357
40,67492,160,1.0,2230,5095,62397
27,67519,160,0.0,2231,5095,62424
8,67527,160,0.0,2232,5095,62432
26,67553,160,0.0,2233,5095,62458
38,67591,160,0.0,2234,5095,62496
28,67619,160,0.0,2235,5095,62524
30,67649,160,0.0,2236,5095,62554
19,67668,160,0.0,2237,5095,62573
8,67676,160,0.0,2238,5095,62581
17,67693,160,0.0,2239,5095,62598
30,67723,160,0.0,2240,5095,62628
77,67800,160,0.0,2241,5095,62705
24,67824,161,1.0,2242,5095,62729
27,67851,161,0.0,2243,5095,62756
32,67883,161,0.0,2244,5095,62788
24,67907,161,0.0,2245,5095,62812
50,67957,161,0.0,2246,5095,62862
25,67982,162,1.0,2247,5095,62887
49,68031,162,0.0,2248,5095,62936
52,68083,162,0.0,2249,5095,62988
14,68097,162,0.0,2250,5095,63002
42,68139,162,0.0,2251,5095,63044
16,68155,162,0.0,2252,5095,63060
23,68178,162,0.0,2253,5095,63083
22,68200,162,0.0,2254,5095,63105
29,68229,162,0.0,2255,5095,63134
42,68271,162,0.0,2256,5095,63176
13,68284,162,0.0,2257,5095,63189
58,68342,162,0.0,2258,5095,63247
11,68353,162,0.0,2259,5095,63258
78,68431,162,0.0,2260,5095,63336
19,68450,162,0.0,2261,5095,63355
13,68463,162,0.0,2262,5095,63368
42,68505,162,0.0,2263,5095,63410
27,68532,162,0.0,2264,5095,63437
17,68549,162,0.0,2265,5095,63454
22,68571,162,0.0,2266,5095,63476
16,68587,162,0.0,2267,5095,63492
18,68605,162,0.0,2268,5095,63510
27,68632,162,0.0,2269,5095,63537
14,68646,162,0.0,2270,5095,63551
20,68666,162,0.0,2271,5095,63571
17,68683,162,0.0,2272,5095,63588
84,68767,162,0.0,2273,5095,63672
15,68782,162,0.0,2274,5095,63687
37,68819,162,0.0,2275,5095,63724
28,68847,163,1.0,2276,5095,63752
17,68864,163,0.0,2277,5095,63769
28,68892,163,0.0,2278,5095,63797
13,68905,163,0.0,2279,5095,63810
79,68984,163,0.0,2280,5095,63889
22,69006,163,0.0,2281,5095,63911
50,69056,163,0.0,2282,5095,63961
63,69119,163,0.0,2283,5095,64024
28,69147,163,0.0,2284,5095,64052
42,69189,163,0.0,2285,5095,64094
35,69224,163,0.0,2286,5095,64129
55,69279,163,0.0,2287,5095,64184
19,69298,163,0.0,2288,5095,64203
6,69304,163,0.0,2289,5095,64209
26,69330,163,0.0,2290,5095,64235
56,69386,164,1.0,2291,5095,64291
12,69398,164,0.0,2292,5095,64303
66,69464,164,0.0,2293,5095,64369
78,69542,164,0.0,2294,5095,64447
11,69553,164,0.0,2295,5095,64458
31,69584,164,0.0,2296,5095,64489
63,69647,165,1.0,2297,5095,64552
32,69679,166,1.0,2298,5095,64584
65,69744,166,0.0,2299,5095,64649
75,69819,166,0.0,2300,5095,64724
30,69849,167,1.0,2301,5095,64754
19,69868,167,0.0,2302,5095,64773
32,69900,167,0.0,2303,5095,64805
21,69921,167,0.0,2304,5095,64826
52,69973,167,0.0,2305,5095,64878
32,70005,167,0.0,2306,5095,64910
7,70012,167,0.0,2307,5095,64917
32,70044,167,0.0,2308,5095,64949
15,70059,167,0.0,2309,5095,64964
51,70110,167,0.0,2310,5095,65015
49,70159,167,0.0,2311,5095,65064
9,70168,167,0.0,2312,5095,65073
18,70186,168,1.0,2313,5095,65091
42,70228,168,0.0,2314,5095,65133
19,70247,168,0.0,2315,5095,65152
10,70257,168,0.0,2316,5095,65162
25,70282,168,0.0,2317,5095,65187
13,70295,168,0.0,2318,5095,65200
73,70368,168,0.0,2319,5095,65273
15,70383,169,1.0,2320,5095,65288
30,70413,169,0.0,2321,5095,65318
36,70449,169,0.0,2322,5095,65354
49,70498,169,0.0,2323,5095,65403
27,70525,169,0.0,2324,5095,65430
25,70550,169,0.0,2325,5095,65455
17,70567,169,0.0,2326,5095,65472
63,70630,169,0.0,2327,5095,65535
10,70640,169,0.0,2328,5095,65545
53,70693,169,0.0,2329,5095,65598
28,70721,170,1.0,2330,5095,65626
10,70731,170,0.0,2331,5095,65636
15,70746,170,0.0,2332,5095,65651
13,70759,170,0.0,2333,5095,65664
27,70786,170,0.0,2334,5095,65691
100,70886,170,0.0,2335,5095,65791
100,70986,170,0.0,2336,5095,65891
47,71033,170,0.0,2337,5095,65938
18,71051,170,0.0,2338,5095,65956
8,71059,170,0.0,2339,5095,65964
14,71073,170,0.0,2340,5095,65978
24,71097,170,0.0,2341,5095,66002
36,71133,171,1.0,2342,5095,66038
100,71233,171,0.0,2343,5095,66138
17,71250,171,0.0,2344,5095,66155
27,71277,171,0.0,2345,5095,66182
24,71301,171,0.0,2346,5095,66206
14,71315,171,0.0,2347,5095,66220
51,71366,171,0.0,2348,5095,66271
53,71419,171,0.0,2349,5095,66324
7,71426,171,0.0,2350,5095,66331
43,71469,172,1.0,2351,5095,66374
17,71486,172,0.0,2352,5095,66391
62,71548,172,0.0,2353,5095,66453
5,71553,172,0.0,2354,5095,66458
11,71564,172,0.0,2355,5095,66469
34,71598,172,0.0,2356,5095,66503
19,71617,172,0.0,2357,5095,66522
54,71671,173,1.0,2358,5095,66576
40,71711,173,0.0,2359,5095,66616
10,71721,173,0.0,2360,5095,66626
20,71741,173,0.0,2361,5095,66646
9,71750,173,0.0,2362,5095,66655
12,71762,173,0.0,2363,5095,66667
26,71788,173,0.0,2364,5095,66693
25,71813,173,0.0,2365,5095,66718
23,71836,173,0.0,2366,5095,66741
15,71851,173,0.0,2367,5095,66756
22,71873,173,0.0,2368,5095,66778
31,71904,173,0.0,2369,5095,66809
33,71937,174,1.0,2370,5095,66842
15,71952,174,0.0,2371,5095,66857
13,71965,174,0.0,2372,5095,66870
29,71994,174,0.0,2373,5095,66899
9,72003,174,0.0,2374,5095,66908
28,72031,174,0.0,2375,5095,66936
81,72112,174,0.0,2376,5095,67017
32,72144,174,0.0,2377,5095,67049
31,72175,174,0.0,2378,5095,67080
14,72189,174,0.0,2379,5095,67094
11,72200,174,0.0,2380,5095,67105
21,72221,174,0.0,2381,5095,67126
13,72234,174,0.0,2382,5095,67139
27,72261,174,0.0,2383,5095,67166
42,72303,174,0.0,2384,5095,67208
50,72353,175,1.0,2385,5095,67258
39,72392,175,0.0,2386,5095,67297
26,72418,175,0.0,2387,5095,67323
19,72437,175,0.0,2388,5095,67342
100,72537,175,0.0,2389,5095,67442
11,72548,175,0.0,2390,5095,67453
20,72568,175,0.0,2391,5095,67473
64,72632,175,0.0,2392,5095,67537
13,72645,175,0.0,2393,5095,67550
34,72679,175,0.0,2394,5095,67584
33,72712,176,1.0,2395,5095,67617
12,72724,176,0.0,2396,5095,67629
20,72744,176,0.0,2397,5095,67649
23,72767,177,1.0,2398,5095,67672
11,72778,177,0.0,2399,5095,67683
48,72826,177,0.0,2400,5095,67731
18,72844,177,0.0,2401,5095,67749
14,72858,177,0.0,2402,5095,67763
15,72873,177,0.0,2403,5095,67778
28,72901,177,0.0,2404,5095,67806
45,72946,177,0.0,2405,5095,67851
34,72980,177,0.0,2406,5095,67885
31,73011,177,0.0,2407,5095,67916
19,73030,177,0.0,2408,5095,67935
32,73062,177,0.0,2409,5095,67967
23,73085,177,0.0,2410,5095,67990
100,73185,177,0.0,2411,5095,68090
16,73201,177,0.0,2412,5095,68106
33,73234,177,0.0,2413,5095,68139
10,73244,177,0.0,2414,5095,68149
16,73260,177,0.0,2415,5095,68165
39,73299,177,0.0,2416,5095,68204
12,73311,177,0.0,2417,5095,68216
49,73360,177,0.0,2418,5095,68265
22,73382,177,0.0,2419,5095,68287
26,73408,177,0.0,2420,5095,68313
41,73449,177,0.0,2421,5095,68354
36,73485,177,0.0,2422,5095,68390
19,73504,177,0.0,2423,5095,68409
12,73516,177,0.0,2424,5095,68421
13,73529,177,0.0,2425,5095,68434
16,73545,177,0.0,2426,5095,68450
29,73574,177,0.0,2427,5095,68479
13,73587,177,0.0,2428,5095,68492
49,73636,177,0.0,2429,5095,68541
30,73666,177,0.0,2430,5095,68571
8,73674,177,0.0,2431,5095,68579
33,73707,177,0.0,2432,5095,68612
9,73716,177,0.0,2433,5095,68621
71,73787,177,0.0,2434,5095,68692
19,73806,177,0.0,2435,5095,68711
22,73828,178,1.0,2436,5095,68733
77,73905,178,0.0,2437,5095,68810
40,73945,178,0.0,2438,5095,68850
11,73956,178,0.0,2439,5095,68861
8,73964,178,0.0,2440,5095,68869
14,73978,178,0.0,2441,5095,68883
41,74019,178,0.0,2442,5095,68924
17,74036,178,0.0,2443,5095,68941
18,74054,178,0.0,2444,5095,68959
42,74096,178,0.0,2445,5095,69001
31,74127,178,0.0,2446,5095,69032
14,74141,178,0.0,2447,5095,69046
15,74156,178,0.0,2448,5095,69061
43,74199,178,0.0,2449,5095,69104
14,74213,178,0.0,2450,5095,69118
19,74232,178,0.0,2451,5095,69137
16,74248,178,0.0,2452,5095,69153
42,74290,178,0.0,2453,5095,69195
16,74306,178,0.0,2454,5095,69211
51,74357,178,0.0,2455,5095,69262
66,74423,178,0.0,2456,5095,69328
41,74464,178,0.0,2457,5095,69369
14,74478,179,1.0,2458,5095,69383
32,74510,180,1.0,2459,5095,69415
26,74536,180,0.0,2460,5095,69441
9,74545,180,0.0,2461,5095,69450
21,74566,180,0.0,2462,5095,69471
10,74576,180,0.0,2463,5095,69481
11,74587,180,0.0,2464,5095,69492
35,74622,180,0.0,2465,5095,69527
23,74645,180,0.0,2466,5095,69550
56,74701,180,0.0,2467,5095,69606
14,74715,180,0.0,2468,5095,69620
7,74722,180,0.0,2469,5095,69627
13,74735,180,0.0,2470,5095,69640
29,74764,180,0.0,2471,5095,69669
72,74836,180,0.0,2472,5095,69741
100,74936,180,0.0,2473,5095,69841
33,74969,180,0.0,2474,5095,69874
21,74990,180,0.0,2475,5095,69895
74,75064,180,0.0,2476,5095,69969
8,75072,180,0.0,2477,5095,69977
11,75083,180,0.0,2478,5095,69988
37,75120,180,0.0,2479,5095,70025
79,75199,180,0.0,2480,5095,70104
78,75277,180,0.0,2481,5095,70182
42,75319,180,0.0,2482,5095,70224
26,75345,180,0.0,2483,5095,70250
11,75356,180,0.0,2484,5095,70261
32,75388,180,0.0,2485,5095,70293
92,75480,181,1.0,2486,5095,70385
61,75541,181,0.0,2487,5095,70446
23,75564,181,0.0,2488,5095,70469
15,75579,181,0.0,2489,5095,70484
38,75617,181,0.0,2490,5095,70522
41,75658,181,0.0,2491,5095,70563
30,75688,181,0.0,2492,5095,70593
38,75726,181,0.0,2493,5095,70631
79,75805,181,0.0,2494,5095,70710
8,75813,181,0.0,2495,5095,70718
50,75863,181,0.0,2496,5095,70768
9,75872,181,0.0,2497,5095,70777
30,75902,181,0.0,2498,5095,70807
20,75922,181,0.0,2499,5095,70827
14,75936,181,0.0,2500,5095,70841
28,75964,181,0.0,2501,5095,70869
28,75992,182,1.0,2502,5095,70897
30,76022,182,0.0,2503,5095,70927
11,76033,182,0.0,2504,5095,70938
15,76048,182,0.0,2505,5095,70953
21,76069,182,0.0,2506,5095,70974
8,76077,182,0.0,2507,5095,70982
32,76109,182,0.0,2508,5095,71014
12,76121,182,0.0,2509,5095,71026
10,76131,182,0.0,2510,5095,71036
29,76160,182,0.0,2511,5095,71065
13,76173,182,0.0,2512,5095,71078
29,76202,182,0.0,2513,5095,71107
22,76224,182,0.0,2514,5095,71129
28,76252,182,0.0,2515,5095,71157
33,76285,182,0.0,2516,5095,71190
100,76385,182,0.0,2517,5095,71290
77,76462,182,0.0,2518,5095,71367
19,76481,182,0.0,2519,5095,71386
58,76539,183,1.0,2520,5095,71444
45,76584,183,0.0,2521,5095,71489
64,76648,183,0.0,2522,5095,71553
27,76675,183,0.0,2523,5095,71580
18,76693,184,1.0,2524,5095,71598
42,76735,184,0.0,2525,5095,71640
11,76746,184,0.0,2526,5095,71651
20,76766,184,0.0,2527,5095,71671
13,76779,184,0.0,2528,5095,71684
10,76789,184,0.0,2529,5095,71694
34,76823,184,0.0,2530,5095,71728
23,76846,184,0.0,2531,5095,71751
28,76874,184,0.0,2532,5095,71779
17,76891,184,0.0,2533,5095,71796
46,76937,184,0.0,2534,5095,71842
47,76984,184,0.0,2535,5095,71889
43,77027,184,0.0,2536,5095,71932
44,77071,185,1.0,2537,5095,71976
64,77135,185,0.0,2538,5095,72040
29,77164,186,1.0,2539,5095,72069
15,77179,186,0.0,2540,5095,72084
12,77191,186,0.0,2541,5095,72096
30,77221,187,1.0,2542,5095,72126
17,77238,187,0.0,2543,5095,72143
42,77280,187,0.0,2544,5095,72185
11,77291,187,0.0,2545,5095,72196
30,77321,187,0.0,2546,5095,72226
20,77341,188,1.0,2547,5095,72246
26,77367,188,0.0,2548,5095,72272
55,77422,188,0.0,2549,5095,72327
49,77471,188,0.0,2550,5095,72376
12,77483,188,0.0,2551,5095,72388
24,77507,188,0.0,2552,5095,72412
20,77527,188,0.0,2553,5095,72432
24,77551,189,1.0,2554,5095,72456
12,77563,189,0.0,2555,5095,72468
27,77590,189,0.0,2556,5095,72495
26,77616,189,0.0,2557,5095,72521
16,77632,189,0.0,2558,5095,72537
15,77647,189,0.0,2559,5095,72552
16,77663,189,0.0,2560,5095,72568
26,77689,189,0.0,2561,5095,72594
20,77709,189,0.0,2562,5095,72614
24,77733,189,0.0,2563,5095,72638
65,77798,189,0.0,2564,5095,72703
24,77822,189,0.0,2565,5095,72727
21,77843,189,0.0,2566,5095,72748
7,77850,189,0.0,2567,5095,72755
26,77876,189,0.0,2568,5095,72781
15,77891,189,0.0,2569,5095,72796
37,77928,189,0.0,2570,5095,72833
74,78002,189,0.0,2571,5095,72907
10,78012,189,0.0,2572,5095,72917
21,78033,189,0.0,2573,5095,72938
16,78049,189,0.0,2574,5095,72954
21,78070,189,0.0,2575,5095,72975
16,78086,189,0.0,2576,5095,72991
37,78123,189,0.0,2577,5095,73028
37,78160,189,0.0,2578,5095,73065
8,78168,189,0.0,2579,5095,73073
8,78176,189,0.0,2580,5095,73081
10,78186,189,0.0,2581,5095,73091
16,78202,189,0.0,2582,5095,73107
51,78253,189,0.0,2583,5095,73158
6,78259,189,0.0,2584,5095,73164
56,78315,189,0.0,2585,5095,73220
37,78352,189,0.0,2586,5095,73257
9,78361,189,0.0,2587,5095,73266
17,78378,189,0.0,2588,5095,73283
7,78385,189,0.0,2589,5095,73290
14,78399,189,0.0,2590,5095,73304
42,78441,189,0.0,2591,5095,73346
20,78461,190,1.0,2592,5095,73366
18,78479,190,0.0,2593,5095,73384
24,78503,190,0.0,2594,5095,73408
58,78561,190,0.0,2595,5095,73466
28,78589,190,0.0,2596,5095,73494
25,78614,190,0.0,2597,5095,73519
18,78632,190,0.0,2598,5095,73537
8,78640,190,0.0,2599,5095,73545
21,78661,190,0.0,2600,5095,73566
21,78682,190,0.0,2601,5095,73587
46,78728,190,0.0,2602,5095,73633
46,78774,190,0.0,2603,5095,73679
24,78798,190,0.0,2604,5095,73703
44,78842,190,0.0,2605,5095,73747
10,78852,190,0.0,2606,5095,73757
14,78866,190,0.0,2607,5095,73771
14,78880,190,0.0,2608,5095,73785
19,78899,190,0.0,2609,5095,73804
21,78920,190,0.0,2610,5095,73825
38,78958,190,0.0,2611,5095,73863
38,78996,190,0.0,2612,5095,73901
28,79024,191,1.0,2613,5095,73929
73,79097,192,1.0,2614,5095,74002
28,79125,192,0.0,2615,5095,74030
36,79161,193,1.0,2616,5095,74066
66,79227,193,0.0,2617,5095,74132
18,79245,193,0.0,2618,5095,74150
19,79264,193,0.0,2619,5095,74169
12,79276,193,0.0,2620,5095,74181
33,79309,193,0.0,2621,5095,74214
11,79320,193,0.0,2622,5095,74225
37,79357,194,1.0,2623,5095,74262
25,79382,194,0.0,2624,5095,74287
31,79413,194,0.0,2625,5095,74318
19,79432,194,0.0,2626,5095,74337
73,79505,194,0.0,2627,5095,74410
9,79514,194,0.0,2628,5095,74419
68,79582,194,0.0,2629,5095,74487
38,79620,194,0.0,2630,5095,74525
47,79667,194,0.0,2631,5095,74572
24,79691,194,0.0,2632,5095,74596
22,79713,194,0.0,2633,5095,74618
26,79739,194,0.0,2634,5095,74644
11,79750,194,0.0,2635,5095,74655
13,79763,194,0.0,2636,5095,74668
68,79831,194,0.0,2637,5095,74736
24,79855,194,0.0,2638,5095,74760
46,79901,195,1.0,2639,5095,74806
72,79973,195,0.0,2640,5095,74878
11,79984,195,0.0,2641,5095,74889
7,79991,195,0.0,2642,5095,74896
10,80001,195,0.0,2643,5095,74906
15,80016,195,0.0,2644,5095,74921
13,80029,195,0.0,2645,5095,74934
63,80092,196,1.0,2646,5095,74997
55,80147,196,0.0,2647,5095,75052
48,80195,197,1.0,2648,5095,75100
10,80205,197,0.0,2649,5095,75110
51,80256,198,1.0,2650,5095,75161
33,80289,199,1.0,2651,5095,75194
29,80318,199,0.0,2652,5095,75223
33,80351,199,0.0,2653,5095,75256
24,80375,199,0.0,2654,5095,75280
61,80436,199,0.0,2655,5095,75341
63,80499,199,0.0,2656,5095,75404
46,80545,199,0.0,2657,5095,75450
51,80596,199,0.0,2658,5095,75501
13,80609,199,0.0,2659,5095,75514
48,80657,199,0.0,2660,5095,75562
28,80685,199,0.0,2661,5095,75590
26,80711,199,0.0,2662,5095,75616
18,80729,199,0.0,2663,5095,75634
15,80744,199,0.0,2664,5095,75649
61,80805,199,0.0,2665,5095,75710
43,80848,199,0.0,2666,5095,75753
27,80875,199,0.0,2667,5095,75780
18,80893,199,0.0,2668,5095,75798
23,80916,199,0.0,2669,5095,75821
5,80921,199,0.0,2670,5095,75826
22,80943,199,0.0,2671,5095,75848
45,80988,200,1.0,2672,5095,75893
11,80999,200,0.0,2673,5095,75904
11,81010,200,0.0,2674,5095,75915
48,81058,200,0.0,2675,5095,75963
20,81078,200,0.0,2676,5095,75983
31,81109,201,1.0,2677,5095,76014
13,81122,201,0.0,2678,5095,76027
58,81180,201,0.0,2679,5095,76085
14,81194,201,0.0,2680,5095,76099
35,81229,201,0.0,2681,5095,76134
40,81269,201,0.0,2682,5095,76174
16,81285,201,0.0,2683,5095,76190
13,81298,201,0.0,2684,5095,76203
100,81398,201,0.0,2685,5095,76303
29,81427,201,0.0,2686,5095,76332
18,81445,201,0.0,2687,5095,76350
21,81466,201,0.0,2688,5095,76371
23,81489,201,0.0,2689,5095,76394
34,81523,201,0.0,2690,5095,76428
17,81540,201,0.0,2691,5095,76445
14,81554,201,0.0,2692,5095,76459
31,81585,201,0.0,2693,5095,76490
51,81636,202,1.0,2694,5095,76541
22,81658,202,0.0,2695,5095,76563
11,81669,202,0.0,2696,5095,76574
16,81685,202,0.0,2697,5095,76590
15,81700,202,0.0,2698,5095,76605
13,81713,202,0.0,2699,5095,76618
17,81730,202,0.0,2700,5095,76635
41,81771,202,0.0,2701,5095,76676
10,81781,202,0.0,2702,5095,76686
13,81794,202,0.0,2703,5095,76699
16,81810,202,0.0,2704,5095,76715
31,81841,202,0.0,2705,5095,76746
57,81898,202,0.0,2706,5095,76803
20,81918,202,0.0,2707,5095,76823
30,81948,203,1.0,2708,5095,76853
9,81957,203,0.0,2709,5095,76862
9,81966,203,0.0,2710,5095,76871
32,81998,203,0.0,2711,5095,76903
19,82017,203,0.0,2712,5095,76922
14,82031,203,0.0,2713,5095,76936
19,82050,203,0.0,2714,5095,76955
9,82059,203,0.0,2715,5095,76964
64,82123,203,0.0,2716,5095,77028
40,82163,204,1.0,2717,5095,77068
8,82171,204,0.0,2718,5095,77076
8,82179,204,0.0,2719,5095,77084
6,82185,204,0.0,2720,5095,77090
29,82214,204,0.0,2721,5095,77119
26,82240,204,0.0,2722,5095,77145
36,82276,204,0.0,2723,5095,77181
39,82315,204,0.0,2724,5095,77220
36,82351,204,0.0,2725,5095,77256
20,82371,204,0.0,2726,5095,77276
26,82397,204,0.0,2727,5095,77302
14,82411,204,0.0,2728,5095,77316
11,82422,204,0.0,2729,5095,77327
38,82460,204,0.0,2730,5095,77365
30,82490,204,0.0,2731,5095,77395
52,82542,205,1.0,2732,5095,77447
31,82573,205,0.0,2733,5095,77478
14,82587,205,0.0,2734,5095,77492
15,82602,205,0.0,2735,5095,77507
6,82608,205,0.0,2736,5095,77513
18,82626,205,0.0,2737,5095,77531
17,82643,205,0.0,2738,5095,77548
17,82660,205,0.0,2739,5095,77565
56,82716,205,0.0,2740,5095,77621
16,82732,205,0.0,2741,5095,77637
33,82765,205,0.0,2742,5095,77670
25,82790,205,0.0,2743,5095,77695
83,82873,205,0.0,2744,5095,77778
7,82880,205,0.0,2745,5095,77785
11,82891,205,0.0,2746,5095,77796
55,82946,205,0.0,2747,5095,77851
33,82979,206,1.0,2748,5095,77884
30,83009,206,0.0,2749,5095,77914
38,83047,206,0.0,2750,5095,77952
35,83082,207,1.0,2751,5095,77987
40,83122,207,0.0,2752,5095,78027
14,83136,207,0.0,2753,5095,78041
13,83149,207,0.0,2754,5095,78054
49,83198,207,0.0,2755,5095,78103
32,83230,207,0.0,2756,5095,78135
42,83272,207,0.0,2757,5095,78177
15,83287,207,0.0,2758,5095,78192
44,83331,208,1.0,2759,5095,78236
18,83349,208,0.0,2760,5095,78254
100,83449,208,0.0,2761,5095,78354
6,83455,208,0.0,2762,5095,78360
34,83489,208,0.0,2763,5095,78394
39,83528,208,0.0,2764,5095,78433
21,83549,208,0.0,2765,5095,78454
57,83606,208,0.0,2766,5095,78511
20,83626,208,0.0,2767,5095,78531
9,83635,208,0.0,2768,5095,78540
52,83687,208,0.0,2769,5095,78592
11,83698,208,0.0,2770,5095,78603
46,83744,208,0.0,2771,5095,78649
64,83808,208,0.0,2772,5095,78713
32,83840,209,1.0,2773,5095,78745
32,83872,209,0.0,2774,5095,78777
49,83921,210,1.0,2775,5095,78826
12,83933,210,0.0,2776,5095,78838
16,83949,210,0.0,2777,5095,78854
7,83956,210,0.0,2778,5095,78861
35,83991,210,0.0,2779,5095,78896
45,84036,210,0.0,2780,5095,78941
15,84051,210,0.0,2781,5095,78956
75,84126,211,1.0,2782,5095,79031
14,84140,211,0.0,2783,5095,79045
23,84163,211,0.0,2784,5095,79068
15,84178,211,0.0,2785,5095,79083
43,84221,211,0.0,2786,5095,79126
30,84251,211,0.0,2787,5095,79156
32,84283,211,0.0,2788,5095,79188
31,84314,211,0.0,2789,5095,79219
28,84342,211,0.0,2790,5095,79247
22,84364,211,0.0,2791,5095,79269
24,84388,211,0.0,2792,5095,79293
32,84420,211,0.0,2793,5095,79325
20,84440,211,0.0,2794,5095,79345
9,84449,211,0.0,2795,5095,79354
25,84474,211,0.0,2796,5095,79379
69,84543,211,0.0,2797,5095,79448
52,84595,211,0.0,2798,5095,79500
33,84628,211,0.0,2799,5095,79533
39,84667,211,0.0,2800,5095,79572
24,84691,211,0.0,2801,5095,79596
18,84709,211,0.0,2802,5095,79614
54,84763,211,0.0,2803,5095,79668
96,84859,211,0.0,2804,5095,79764
9,84868,211,0.0,2805,5095,79773
31,84899,211,0.0,2806,5095,79804
16,84915,211,0.0,2807,5095,79820
10,84925,211,0.0,2808,5095,79830
29,84954,211,0.0,2809,5095,79859
8,84962,211,0.0,2810,5095,79867
21,84983,211,0.0,2811,5095,79888
22,85005,211,0.0,2812,5095,79910
16,85021,211,0.0,2813,5095,79926
15,85036,211,0.0,2814,5095,79941
40,85076,211,0.0,2815,5095,79981
25,85101,211,0.0,2816,5095,80006
29,85130,211,0.0,2817,5095,80035
15,85145,211,0.0,2818,5095,80050
29,85174,211,0.0,2819,5095,80079
18,85192,211,0.0,2820,5095,80097
19,85211,211,0.0,2821,5095,80116
29,85240,211,0.0,2822,5095,80145
9,85249,211,0.0,2823,5095,80154
53,85302,211,0.0,2824,5095,80207
63,85365,212,1.0,2825,5095,80270
26,85391,212,0.0,2826,5095,80296
64,85455,213,1.0,2827,5095,80360
21,85476,213,0.0,2828,5095,80381
51,85527,213,0.0,2829,5095,80432
39,85566,213,0.0,2830,5095,80471
30,85596,213,0.0,2831,5095,80501
45,85641,214,1.0,2832,5095,80546
10,85651,214,0.0,2833,5095,80556
15,85666,214,0.0,2834,5095,80571
13,85679,214,0.0,2835,5095,80584
56,85735,214,0.0,2836,5095,80640
34,85769,215,1.0,2837,5095,80674
55,85824,215,0.0,2838,5095,80729
15,85839,215,0.0,2839,5095,80744
37,85876,215,0.0,2840,5095,80781
45,85921,215,0.0,2841,5095,80826
99,86020,215,0.0,2842,5095,80925
9,86029,215,0.0,2843,5095,80934
9,86038,215,0.0,2844,5095,80943
15,86053,215,0.0,2845,5095,80958
43,86096,216,1.0,2846,5095,81001
19,86115,216,0.0,2847,5095,81020
28,86143,216,0.0,2848,5095,81048
16,86159,216,0.0,2849,5095,81064
56,86215,216,0.0,2850,5095,81120
13,86228,216,0.0,2851,5095,81133
69,86297,216,0.0,2852,5095,81202
18,86315,216,0.0,2853,5095,81220
18,86333,216,0.0,2854,5095,81238
65,86398,216,0.0,2855,5095,81303
25,86423,216,0.0,2856,5095,81328
50,86473,216,0.0,2857,5095,81378
32,86505,216,0.0,2858,5095,81410
6,86511,216,0.0,2859,5095,81416
19,86530,217,1.0,2860,5095,81435
16,86546,217,0.0,2861,5095,81451
23,86569,217,0.0,2862,5095,81474
39,86608,217,0.0,2863,5095,81513
6,86614,217,0.0,2864,5095,81519
40,86654,218,1.0,2865,5095,81559
20,86674,218,0.0,2866,5095,81579
8,86682,218,0.0,2867,5095,81587
45,86727,219,1.0,2868,5095,81632
59,86786,220,1.0,2869,5095,81691
61,86847,221,1.0,2870,5095,81752
11,86858,221,0.0,2871,5095,81763
16,86874,221,0.0,2872,5095,81779
26,86900,222,1.0,2873,5095,81805
26,86926,222,0.0,2874,5095,81831
22,86948,222,0.0,2875,5095,81853
16,86964,222,0.0,2876,5095,81869
38,87002,222,0.0,2877,5095,81907
22,87024,222,0.0,2878,5095,81929
44,87068,222,0.0,2879,5095,81973
25,87093,222,0.0,2880,5095,81998
52,87145,222,0.0,2881,5095,82050
20,87165,222,0.0,2882,5095,82070
11,87176,222,0.0,2883,5095,82081
59,87235,222,0.0,2884,5095,82140
19,87254,222,0.0,2885,5095,82159
31,87285,223,1.0,2886,5095,82190
20,87305,223,0.0,2887,5095,82210
28,87333,223,0.0,2888,5095,82238
60,87393,223,0.0,2889,5095,82298
15,87408,223,0.0,2890,5095,82313
46,87454,223,0.0,2891,5095,82359
13,87467,223,0.0,2892,5095,82372
99,87566,223,0.0,2893,5095,82471
33,87599,223,0.0,2894,5095,82504
71,87670,223,0.0,2895,5095,82575
16,87686,223,0.0,2896,5095,82591
16,87702,223,0.0,2897,5095,82607
23,87725,223,0.0,2898,5095,82630
20,87745,223,0.0,2899,5095,82650
11,87756,223,0.0,2900,5095,82661
48,87804,223,0.0,2901,5095,82709
44,87848,223,0.0,2902,5095,82753
55,87903,223,0.0,2903,5095,82808
85,87988,223,0.0,2904,5095,82893
19,88007,223,0.0,2905,5095,82912
59,88066,223,0.0,2906,5095,82971
23,88089,223,0.0,2907,5095,82994
10,88099,223,0.0,2908,5095,83004
42,88141,223,0.0,2909,5095,83046
56,88197,224,1.0,2910,5095,83102
55,88252,224,0.0,2911,5095,83157
20,88272,224,0.0,2912,5095,83177
13,88285,224,0.0,2913,5095,83190
15,88300,224,0.0,2914,5095,83205
53,88353,224,0.0,2915,5095,83258
25,88378,224,0.0,2916,5095,83283
21,88399,224,0.0,2917,5095,83304
21,88420,224,0.0,2918,5095,83325
24,88444,224,0.0,2919,5095,83349
41,88485,224,0.0,2920,5095,83390
15,88500,224,0.0,2921,5095,83405
58,88558,224,0.0,2922,5095,83463
54,88612,224,0.0,2923,5095,83517
19,88631,224,0.0,2924,5095,83536
28,88659,224,0.0,2925,5095,83564
18,88677,224,0.0,2926,5095,83582
37,88714,224,0.0,2927,5095,83619
21,88735,224,0.0,2928,5095,83640
11,88746,224,0.0,2929,5095,83651
15,88761,224,0.0,2930,5095,83666
22,88783,224,0.0,2931,5095,83688
7,88790,224,0.0,2932,5095,83695
28,88818,224,0.0,2933,5095,83723
29,88847,224,0.0,2934,5095,83752
33,88880,224,0.0,2935,5095,83785
21,88901,224,0.0,2936,5095,83806
33,88934,224,0.0,2937,5095,83839
41,88975,225,1.0,2938,5095,83880
32,89007,226,1.0,2939,5095,83912
29,89036,226,0.0,2940,5095,83941
16,89052,226,0.0,2941,5095,83957
44,89096,226,0.0,2942,5095,84001
19,89115,226,0.0,2943,5095,84020
48,89163,226,0.0,2944,5095,84068
6,89169,226,0.0,2945,5095,84074
43,89212,226,0.0,2946,5095,84117
12,89224,226,0.0,2947,5095,84129
9,89233,226,0.0,2948,5095,84138
37,89270,226,0.0,2949,5095,84175
37,89307,227,1.0,2950,5095,84212
14,89321,227,0.0,2951,5095,84226
24,89345,227,0.0,2952,5095,84250
27,89372,227,0.0,2953,5095,84277
61,89433,227,0.0,2954,5095,84338
34,89467,227,0.0,2955,5095,84372
18,89485,227,0.0,2956,5095,84390
12,89497,227,0.0,2957,5095,84402
47,89544,228,1.0,2958,5095,84449
33,89577,228,0.0,2959,5095,84482
23,89600,228,0.0,2960,5095,84505
75,89675,228,0.0,2961,5095,84580
53,89728,228,0.0,2962,5095,84633
51,89779,228,0.0,2963,5095,84684
9,89788,228,0.0,2964,5095,84693
16,89804,228,0.0,2965,5095,84709
20,89824,228,0.0,2966,5095,84729
50,89874,228,0.0,2967,5095,84779
33,89907,228,0.0,2968,5095,84812
5,89912,228,0.0,2969,5095,84817
28,89940,228,0.0,2970,5095,84845
41,89981,228,0.0,2971,5095,84886
7,89988,228,0.0,2972,5095,84893
25,90013,228,0.0,2973,5095,84918
56,90069,228,0.0,2974,5095,84974
70,90139,228,0.0,2975,5095,85044
35,90174,229,1.0,2976,5095,85079
36,90210,229,0.0,2977,5095,85115
27,90237,229,0.0,2978,5095,85142
27,90264,229,0.0,2979,5095,85169
43,90307,229,0.0,2980,5095,85212
52,90359,229,0.0,2981,5095,85264
23,90382,229,0.0,2982,5095,85287
17,90399,229,0.0,2983,5095,85304
34,90433,229,0.0,2984,5095,85338
32,90465,229,0.0,2985,5095,85370
47,90512,229,0.0,2986,5095,85417
10,90522,229,0.0,2987,5095,85427
16,90538,230,1.0,2988,5095,85443
24,90562,230,0.0,2989,5095,85467
18,90580,230,0.0,2990,5095,85485
46,90626,230,0.0,2991,5095,85531
47,90673,231,1.0,2992,5095,85578
21,90694,231,0.0,2993,5095,85599
55,90749,231,0.0,2994,5095,85654
27,90776,231,0.0,2995,5095,85681
8,90784,231,0.0,2996,5095,85689
13,90797,231,0.0,2997,5095,85702
14,90811,231,0.0,2998,5095,85716
9,90820,231,0.0,2999,5095,85725
45,90865,231,0.0,3000,5095,85770
21,90886,231,0.0,3001,5095,85791
44,90930,231,0.0,3002,5095,85835
13,90943,231,0.0,3003,5095,85848
42,90985,231,0.0,3004,5095,85890
18,91003,231,0.0,3005,5095,85908
41,91044,232,1.0,3006,5095,85949
22,91066,232,0.0,3007,5095,85971
19,91085,232,0.0,3008,5095,85990
34,91119,232,0.0,3009,5095,86024
14,91133,232,0.0,3010,5095,86038
42,91175,232,0.0,3011,5095,86080
13,91188,232,0.0,3012,5095,86093
25,91213,232,0.0,3013,5095,86118
36,91249,232,0.0,3014,5095,86154
17,91266,232,0.0,3015,5095,86171
11,91277,232,0.0,3016,5095,86182
31,91308,232,0.0,3017,5095,86213
42,91350,232,0.0,3018,5095,86255
47,91397,232,0.0,3019,5095,86302
22,91419,232,0.0,3020,5095,86324
22,91441,232,0.0,3021,5095,86346
34,91475,233,1.0,3022,5095,86380
40,91515,234,1.0,3023,5095,86420
14,91529,234,0.0,3024,5095,86434
31,91560,234,0.0,3025,5095,86465
27,91587,235,1.0,3026,5095,86492
7,91594,235,0.0,3027,5095,86499
44,91638,235,0.0,3028,5095,86543
9,91647,235,0.0,3029,5095,86552
24,91671,235,0.0,3030,5095,86576
26,91697,235,0.0,3031,5095,86602
27,91724,235,0.0,3032,5095,86629
23,91747,235,0.0,3033,5095,86652
28,91775,235,0.0,3034,5095,86680
33,91808,235,0.0,3035,5095,86713
12,91820,235,0.0,3036,5095,86725
18,91838,235,0.0,3037,5095,86743
38,91876,235,0.0,3038,5095,86781
7,91883,235,0.0,3039,5095,86788
15,91898,235,0.0,3040,5095,86803
62,91960,235,0.0,3041,5095,86865
38,91998,235,0.0,3042,5095,86903
41,92039,235,0.0,3043,5095,86944
36,92075,235,0.0,3044,5095,86980
11,92086,235,0.0,3045,5095,86991
20,92106,235,0.0,3046,5095,87011
23,92129,235,0.0,3047,5095,87034
25,92154,235,0.0,3048,5095,87059
24,92178,235,0.0,3049,5095,87083
28,92206,235,0.0,3050,5095,87111
32,92238,235,0.0,3051,5095,87143
16,92254,235,0.0,3052,5095,87159
17,92271,235,0.0,3053,5095,87176
16,92287,235,0.0,3054,5095,87192
24,92311,235,0.0,3055,5095,87216
29,92340,235,0.0,3056,5095,87245
24,92364,236,1.0,3057,5095,87269
11,92375,236,0.0,3058,5095,87280
19,92394,236,0.0,3059,5095,87299
37,92431,237,1.0,3060,5095,87336
30,92461,237,0.0,3061,5095,87366
26,92487,237,0.0,3062,5095,87392
61,92548,238,1.0,3063,5095,87453
84,92632,238,0.0,3064,5095,87537
64,92696,238,0.0,3065,5095,87601
100,92796,238,0.0,3066,5095,87701
60,92856,238,0.0,3067,5095,87761
17,92873,238,0.0,3068,5095,87778
18,92891,238,0.0,3069,5095,87796
47,92938,238,0.0,3070,5095,87843
25,92963,238,0.0,3071,5095,87868
12,92975,238,0.0,3072,5095,87880
20,92995,238,0.0,3073,5095,87900
34,93029,238,0.0,3074,5095,87934
49,93078,239,1.0,3075,5095,87983
19,93097,239,0.0,3076,5095,88002
13,93110,239,0.0,3077,5095,88015
37,93147,239,0.0,3078,5095,88052
23,93170,239,0.0,3079,5095,88075
34,93204,240,1.0,3080,5095,88109
22,93226,240,0.0,3081,5095,88131
21,93247,240,0.0,3082,5095,88152
9,93256,240,0.0,3083,5095,88161
35,93291,240,0.0,3084,5095,88196
22,93313,240,0.0,3085,5095,88218
17,93330,240,0.0,3086,5095,88235
27,93357,241,1.0,3087,5095,88262
17,93374,241,0.0,3088,5095,88279
61,93435,241,0.0,3089,5095,88340
10,93445,241,0.0,3090,5095,88350
24,93469,241,0.0,3091,5095,88374
16,93485,241,0.0,3092,5095,88390
10,93495,241,0.0,3093,5095,88400
7,93502,241,0.0,3094,5095,88407
49,93551,242,1.0,3095,5095,88456
14,93565,242,0.0,3096,5095,88470
18,93583,242,0.0,3097,5095,88488
10,93593,242,0.0,3098,5095,88498
18,93611,242,0.0,3099,5095,88516
6,93617,242,0.0,3100,5095,88522
100,93717,242,0.0,3101,5095,88622
16,93733,242,0.0,3102,5095,88638
93,93826,242,0.0,3103,5095,88731
20,93846,242,0.0,3104,5095,88751
50,93896,242,0.0,3105,5095,88801
8,93904,242,0.0,3106,5095,88809
62,93966,242,0.0,3107,5095,88871
7,93973,242,0.0,3108,5095,88878
16,93989,242,0.0,3109,5095,88894
14,94003,242,0.0,3110,5095,88908
15,94018,242,0.0,3111,5095,88923
10,94028,242,0.0,3112,5095,88933
22,94050,242,0.0,3113,5095,88955
29,94079,242,0.0,3114,5095,88984
21,94100,242,0.0,3115,5095,89005
34,94134,243,1.0,3116,5095,89039
25,94159,243,0.0,3117,5095,89064
21,94180,243,0.0,3118,5095,89085
16,94196,243,0.0,3119,5095,89101
24,94220,243,0.0,3120,5095,89125
34,94254,243,0.0,3121,5095,89159
8,94262,243,0.0,3122,5095,89167
17,94279,243,0.0,3123,5095,89184
30,94309,243,0.0,3124,5095,89214
61,94370,243,0.0,3125,5095,89275
16,94386,243,0.0,3126,5095,89291
37,94423,243,0.0,3127,5095,89328
46,94469,243,0.0,3128,5095,89374
8,94477,243,0.0,3129,5095,89382
50,94527,244,1.0,3130,5095,89432
23,94550,244,0.0,3131,5095,89455
9,94559,244,0.0,3132,5095,89464
18,94577,244,0.0,3133,5095,89482
9,94586,244,0.0,3134,5095,89491
15,94601,244,0.0,3135,5095,89506
41,94642,244,0.0,3136,5095,89547
12,94654,244,0.0,3137,5095,89559
19,94673,244,0.0,3138,5095,89578
36,94709,244,0.0,3139,5095,89614
22,94731,244,0.0,3140,5095,89636
37,94768,244,0.0,3141,5095,89673
54,94822,244,0.0,3142,5095,89727
14,94836,244,0.0,3143,5095,89741
63,94899,244,0.0,3144,5095,89804
26,94925,244,0.0,3145,5095,89830
28,94953,244,0.0,3146,5095,89858
26,94979,244,0.0,3147,5095,89884
44,95023,245,1.0,3148,5095,89928
22,95045,246,1.0,3149,5095,89950
21,95066,246,0.0,3150,5095,89971
11,95077,246,0.0,3151,5095,89982
27,95104,246,0.0,3152,5095,90009
26,95130,246,0.0,3153,5095,90035
40,95170,246,0.0,3154,5095,90075
27,95197,246,0.0,3155,5095,90102
14,95211,246,0.0,3156,5095,90116
20,95231,246,0.0,3157,5095,90136
19,95250,246,0.0,3158,5095,90155
11,95261,246,0.0,3159,5095,90166
42,95303,246,0.0,3160,5095,90208
24,95327,246,0.0,3161,5095,90232
15,95342,246,0.0,3162,5095,90247
24,95366,246,0.0,3163,5095,90271
16,95382,246,0.0,3164,5095,90287
14,95396,246,0.0,3165,5095,90301
12,95408,246,0.0,3166,5095,90313
25,95433,246,0.0,3167,5095,90338
11,95444,246,0.0,3168,5095,90349
14,95458,246,0.0,3169,5095,90363
56,95514,246,0.0,3170,5095,90419
97,95611,247,1.0,3171,5095,90516
48,95659,247,0.0,3172,5095,90564
24,95683,247,0.0,3173,5095,90588
22,95705,247,0.0,3174,5095,90610
43,95748,247,0.0,3175,5095,90653
8,95756,247,0.0,3176,5095,90661
14,95770,247,0.0,3177,5095,90675
50,95820,247,0.0,3178,5095,90725
100,95920,247,0.0,3179,5095,90825
14,95934,247,0.0,3180,5095,90839
10,95944,247,0.0,3181,5095,90849
27,95971,247,0.0,3182,5095,90876
37,96008,247,0.0,3183,5095,90913
91,96099,247,0.0,3184,5095,91004
20,96119,247,0.0,3185,5095,91024
9,96128,247,0.0,3186,5095,91033
24,96152,247,0.0,3187,5095,91057
5,96157,247,0.0,3188,5095,91062
12,96169,247,0.0,3189,5095,91074
46,96215,247,0.0,3190,5095,91120
21,96236,248,1.0,3191,5095,91141
10,96246,248,0.0,3192,5095,91151
72,96318,249,1.0,3193,5095,91223
16,96334,249,0.0,3194,5095,91239
18,96352,249,0.0,3195,5095,91257
13,96365,249,0.0,3196,5095,91270
45,96410,249,0.0,3197,5095,91315
16,96426,249,0.0,3198,5095,91331
18,96444,249,0.0,3199,5095,91349
17,96461,249,0.0,3200,5095,91366
7,96468,249,0.0,3201,5095,91373
32,96500,249,0.0,3202,5095,91405
69,96569,249,0.0,3203,5095,91474
13,96582,249,0.0,3204,5095,91487
8,96590,249,0.0,3205,5095,91495
17,96607,249,0.0,3206,5095,91512
46,96653,249,0.0,3207,5095,91558
10,96663,249,0.0,3208,5095,91568
56,96719,249,0.0,3209,5095,91624
7,96726,249,0.0,3210,5095,91631
24,96750,249,0.0,3211,5095,91655
47,96797,250,1.0,3212,5095,91702
18,96815,250,0.0,3213,5095,91720
21,96836,250,0.0,3214,5095,91741
10,96846,250,0.0,3215,5095,91751
13,96859,250,0.0,3216,5095,91764
15,96874,250,0.0,3217,5095,91779
10,96884,250,0.0,3218,5095,91789
21,96905,250,0.0,3219,5095,91810
32,96937,251,1.0,3220,5095,91842
15,96952,251,0.0,3221,5095,91857
21,96973,251,0.0,3222,5095,91878
12,96985,251,0.0,3223,5095,91890
22,97007,251,0.0,3224,5095,91912
28,97035,251,0.0,3225,5095,91940
27,97062,251,0.0,3226,5095,91967
11,97073,251,0.0,3227,5095,91978
28,97101,251,0.0,3228,5095,92006
16,97117,251,0.0,3229,5095,92022
29,97146,251,0.0,3230,5095,92051
11,97157,251,0.0,3231,5095,92062
32,97189,251,0.0,3232,5095,92094
18,97207,251,0.0,3233,5095,92112
15,97222,251,0.0,3234,5095,92127
33,97255,252,1.0,3235,5095,92160
21,97276,252,0.0,3236,5095,92181
36,97312,253,1.0,3237,5095,92217
24,97336,254,1.0,3238,5095,92241
23,97359,254,0.0,3239,5095,92264
24,97383,254,0.0,3240,5095,92288
31,97414,254,0.0,3241,5095,92319
16,97430,254,0.0,3242,5095,92335
20,97450,254,0.0,3243,5095,92355
9,97459,254,0.0,3244,5095,92364
31,97490,254,0.0,3245,5095,92395
24,97514,254,0.0,3246,5095,92419
53,97567,254,0.0,3247,5095,92472
23,97590,254,0.0,3248,5095,92495
58,97648,254,0.0,3249,5095,92553
32,97680,254,0.0,3250,5095,92585
42,97722,254,0.0,3251,5095,92627
17,97739,254,0.0,3252,5095,92644
16,97755,254,0.0,3253,5095,92660
20,97775,254,0.0,3254,5095,92680
13,97788,254,0.0,3255,5095,92693
24,97812,254,0.0,3256,5095,92717
5,97817,254,0.0,3257,5095,92722
11,97828,254,0.0,3258,5095,92733
55,97883,255,1.0,3259,5095,92788
62,97945,255,0.0,3260,5095,92850
22,97967,255,0.0,3261,5095,92872
45,98012,255,0.0,3262,5095,92917
26,98038,255,0.0,3263,5095,92943
28,98066,255,0.0,3264,5095,92971
68,98134,256,1.0,3265,5095,93039
46,98180,256,0.0,3266,5095,93085
48,98228,256,0.0,3267,5095,93133
14,98242,256,0.0,3268,5095,93147
38,98280,256,0.0,3269,5095,93185
33,98313,256,0.0,3270,5095,93218
13,98326,256,0.0,3271,5095,93231
45,98371,256,0.0,3272,5095,93276
16,98387,256,0.0,3273,5095,93292
89,98476,256,0.0,3274,5095,93381
10,98486,256,0.0,3275,5095,93391
46,98532,256,0.0,3276,5095,93437
14,98546,256,0.0,3277,5095,93451
40,98586,256,0.0,3278,5095,93491
15,98601,256,0.0,3279,5095,93506
31,98632,256,0.0,3280,5095,93537
42,98674,256,0.0,3281,5095,93579
69,98743,257,1.0,3282,5095,93648
38,98781,257,0.0,3283,5095,93686
34,98815,257,0.0,3284,5095,93720
33,98848,257,0.0,3285,5095,93753
19,98867,257,0.0,3286,5095,93772
45,98912,258,1.0,3287,5095,93817
19,98931,258,0.0,3288,5095,93836
9,98940,258,0.0,3289,5095,93845
50,98990,259,1.0,3290,5095,93895
16,99006,259,0.0,3291,5095,93911
18,99024,259,0.0,3292,5095,93929
24,99048,259,0.0,3293,5095,93953
15,99063,259,0.0,3294,5095,93968
50,99113,259,0.0,3295,5095,94018
98,99211,260,1.0,3296,5095,94116
32,99243,260,0.0,3297,5095,94148
27,99270,260,0.0,3298,5095,94175
18,99288,260,0.0,3299,5095,94193
74,99362,260,0.0,3300,5095,94267
15,99377,260,0.0,3301,5095,94282
57,99434,260,0.0,3302,5095,94339
10,99444,260,0.0,3303,5095,94349
45,99489,260,0.0,3304,5095,94394
12,99501,260,0.0,3305,5095,94406
20,99521,260,0.0,3306,5095,94426
54,99575,261,1.0,3307,5095,94480
43,99618,261,0.0,3308,5095,94523
30,99648,261,0.0,3309,5095,94553
41,99689,261,0.0,3310,5095,94594
15,99704,261,0.0,3311,5095,94609
17,99721,261,0.0,3312,5095,94626
20,99741,261,0.0,3313,5095,94646
13,99754,261,0.0,3314,5095,94659
52,99806,261,0.0,3315,5095,94711
87,99893,261,0.0,3316,5095,94798
14,99907,261,0.0,3317,5095,94812
35,99942,261,0.0,3318,5095,94847
22,99964,261,0.0,3319,5095,94869
9,99973,261,0.0,3320,5095,94878
