iteration,successes,successes_episode,reward_episode,episode_count,random_act,timestep
46,46,0,0.0,1,31,15
26,72,0,0.0,2,47,25
5,77,0,0.0,3,51,26
34,111,0,0.0,4,79,32
38,149,0,0.0,5,109,40
27,176,0,0.0,6,131,45
56,232,0,0.0,7,177,55
19,251,0,0.0,8,190,61
21,272,0,0.0,9,205,67
26,298,0,0.0,10,225,73
20,318,0,0.0,11,241,77
35,353,0,0.0,12,268,85
41,394,0,0.0,13,307,87
42,436,0,0.0,14,344,92
8,444,0,0.0,15,352,92
31,475,0,0.0,16,375,100
7,482,0,0.0,17,380,102
13,495,0,0.0,18,389,106
16,511,0,0.0,19,402,109
25,536,0,0.0,20,422,114
27,563,0,0.0,21,445,118
32,595,0,0.0,22,469,126
20,615,0,0.0,23,487,128
6,621,0,0.0,24,491,130
14,635,0,0.0,25,503,132
33,668,0,0.0,26,528,140
10,678,0,0.0,27,537,141
55,733,0,0.0,28,580,153
9,742,0,0.0,29,588,154
13,755,0,0.0,30,597,158
32,787,0,0.0,31,624,163
15,802,0,0.0,32,636,166
33,835,0,0.0,33,665,170
23,858,0,0.0,34,685,173
10,868,0,0.0,35,694,174
30,898,0,0.0,36,717,181
26,924,0,0.0,37,732,192
94,1018,0,0.0,38,808,210
22,1040,0,0.0,39,827,213
70,1110,0,0.0,40,880,230
21,1131,0,0.0,41,897,234
41,1172,0,0.0,42,929,243
11,1183,0,0.0,43,938,245
6,1189,0,0.0,44,942,247
23,1212,0,0.0,45,962,250
29,1241,0,0.0,46,986,255
41,1282,0,0.0,47,1021,261
16,1298,0,0.0,48,1035,263
11,1309,0,0.0,49,1043,266
5,1314,0,0.0,50,1047,267
46,1360,0,0.0,51,1084,276
36,1396,0,0.0,52,1109,287
10,1406,0,0.0,53,1117,289
26,1432,0,0.0,54,1137,295
20,1452,0,0.0,55,1150,302
40,1492,0,0.0,56,1185,307
13,1505,0,0.0,57,1196,309
15,1520,0,0.0,58,1207,313
19,1539,0,0.0,59,1222,317
15,1554,0,0.0,60,1236,318
30,1584,0,0.0,61,1259,325
16,1600,0,0.0,62,1274,326
34,1634,0,0.0,63,1301,333
34,1668,0,0.0,64,1330,338
16,1684,0,0.0,65,1343,341
53,1737,0,0.0,66,1386,351
25,1762,0,0.0,67,1406,356
36,1798,0,0.0,68,1436,362
18,1816,0,0.0,69,1449,367
55,1871,0,0.0,70,1492,379
8,1879,0,0.0,71,1499,380
31,1910,0,0.0,72,1526,384
19,1929,0,0.0,73,1543,386
48,1977,0,0.0,74,1583,394
29,2006,0,0.0,75,1605,401
13,2019,0,0.0,76,1613,406
64,2083,0,0.0,77,1664,419
29,2112,0,0.0,78,1688,424
40,2152,0,0.0,79,1720,432
40,2192,0,0.0,80,1753,439
7,2199,0,0.0,81,1760,439
22,2221,0,0.0,82,1774,447
7,2228,0,0.0,83,1778,450
83,2311,0,0.0,84,1842,469
18,2329,0,0.0,85,1856,473
61,2390,0,0.0,86,1904,486
5,2395,0,0.0,87,1908,487
32,2427,0,0.0,88,1933,494
14,2441,0,0.0,89,1944,497
24,2465,0,0.0,90,1960,505
31,2496,0,0.0,91,1985,511
9,2505,0,0.0,92,1993,512
11,2516,0,0.0,93,2001,515
14,2530,0,0.0,94,2014,516
10,2540,0,0.0,95,2022,518
26,2566,0,0.0,96,2042,524
17,2583,0,0.0,97,2057,526
21,2604,0,0.0,98,2073,531
28,2632,0,0.0,99,2092,540
28,2660,0,0.0,100,2119,541
13,2673,0,0.0,101,2131,542
77,2750,0,0.0,102,2194,556
26,2776,0,0.0,103,2212,564
100,2876,0,0.0,104,2288,588
23,2899,0,0.0,105,2305,594
34,2933,0,0.0,106,2331,602
55,2988,0,0.0,107,2380,608
25,3013,0,0.0,108,2400,613
12,3025,0,0.0,109,2409,616
47,3072,0,0.0,110,2445,627
21,3093,0,0.0,111,2464,629
7,3100,0,0.0,112,2468,632
39,3139,0,0.0,113,2502,637
38,3177,0,0.0,114,2533,644
12,3189,0,0.0,115,2542,647
19,3208,0,0.0,116,2557,651
29,3237,0,0.0,117,2579,658
20,3257,0,0.0,118,2597,660
74,3331,0,0.0,119,2658,673
92,3423,0,0.0,120,2728,695
78,3501,0,0.0,121,2781,720
18,3519,0,0.0,122,2794,725
41,3560,0,0.0,123,2828,732
11,3571,0,0.0,124,2836,735
60,3631,0,0.0,125,2879,752
46,3677,0,0.0,126,2916,761
58,3735,0,0.0,127,2971,764
49,3784,0,0.0,128,3010,774
7,3791,0,0.0,129,3016,775
31,3822,0,0.0,130,3040,782
53,3875,0,0.0,131,3084,791
10,3885,0,0.0,132,3093,792
18,3903,0,0.0,133,3107,796
10,3913,0,0.0,134,3115,798
17,3930,0,0.0,135,3131,799
23,3953,0,0.0,136,3146,807
14,3967,0,0.0,137,3159,808
15,3982,0,0.0,138,3171,811
22,4004,0,0.0,139,3188,816
23,4027,0,0.0,140,3207,820
83,4110,0,0.0,141,3276,834
38,4148,0,0.0,142,3306,842
13,4161,0,0.0,143,3315,846
20,4181,0,0.0,144,3330,851
61,4242,0,0.0,145,3372,870
28,4270,0,0.0,146,3390,880
80,4350,0,0.0,147,3454,896
55,4405,0,0.0,148,3493,912
12,4417,0,0.0,149,3502,915
8,4425,0,0.0,150,3510,915
15,4440,0,0.0,151,3520,920
6,4446,0,0.0,152,3526,920
36,4482,0,0.0,153,3560,922
61,4543,0,0.0,154,3603,940
18,4561,0,0.0,155,3620,941
22,4583,0,0.0,156,3637,946
11,4594,0,0.0,157,3647,947
17,4611,0,0.0,158,3659,952
61,4672,0,0.0,159,3707,965
23,4695,0,0.0,160,3726,969
19,4714,0,0.0,161,3742,972
62,4776,0,0.0,162,3795,981
24,4800,0,0.0,163,3814,986
19,4819,0,0.0,164,3828,991
12,4831,0,0.0,165,3835,996
100,4931,0,0.0,166,3912,1019
21,4952,0,0.0,167,3926,1026
19,4971,0,0.0,168,3941,1030
37,5008,0,0.0,169,3968,1040
49,5057,0,0.0,170,4015,1042
51,5108,0,0.0,171,4062,1046
24,5132,0,0.0,172,4080,1052
31,5163,0,0.0,173,4105,1058
39,5202,0,0.0,174,4135,1067
16,5218,0,0.0,175,4149,1069
31,5249,0,0.0,176,4175,1074
24,5273,0,0.0,177,4190,1083
23,5296,0,0.0,178,4207,1089
17,5313,0,0.0,179,4222,1091
37,5350,0,0.0,180,4256,1094
100,5450,0,0.0,181,4337,1113
59,5509,0,0.0,182,4390,1119
30,5539,0,0.0,183,4416,1123
42,5581,0,0.0,184,4448,1133
47,5628,0,0.0,185,4491,1137
24,5652,0,0.0,186,4509,1143
30,5682,0,0.0,187,4535,1147
17,5699,0,0.0,188,4550,1149
12,5711,0,0.0,189,4558,1153
34,5745,0,0.0,190,4585,1160
33,5778,0,0.0,191,4615,1163
78,5856,0,0.0,192,4678,1178
14,5870,0,0.0,193,4692,1178
86,5956,0,0.0,194,4763,1193
40,5996,0,0.0,195,4797,1199
40,6036,0,0.0,196,4829,1207
28,6064,0,0.0,197,4851,1213
9,6073,0,0.0,198,4860,1213
28,6101,0,0.0,199,4885,1216
24,6125,0,0.0,200,4906,1219
16,6141,0,0.0,201,4917,1224
29,6170,0,0.0,202,4941,1229
12,6182,0,0.0,203,4950,1232
5,6187,0,0.0,204,4953,1234
23,6210,0,0.0,205,4970,1240
30,6240,0,0.0,206,4997,1243
58,6298,0,0.0,207,5047,1251
12,6310,0,0.0,208,5058,1252
18,6328,0,0.0,209,5076,1252
17,6345,0,0.0,210,5091,1254
12,6357,0,0.0,211,5103,1254
8,6365,0,0.0,212,5107,1258
47,6412,0,0.0,213,5142,1270
33,6445,0,0.0,214,5168,1277
46,6491,0,0.0,215,5211,1280
14,6505,0,0.0,216,5224,1281
70,6575,0,0.0,217,5279,1296
12,6587,0,0.0,218,5288,1299
100,6687,0,0.0,219,5366,1321
17,6704,0,0.0,220,5380,1324
20,6724,0,0.0,221,5396,1328
40,6764,0,0.0,222,5428,1336
29,6793,0,0.0,223,5451,1342
16,6809,0,0.0,224,5465,1344
14,6823,0,0.0,225,5478,1345
58,6881,0,0.0,226,5525,1356
73,6954,0,0.0,227,5584,1370
35,6989,0,0.0,228,5614,1375
46,7035,0,0.0,229,5650,1385
37,7072,0,0.0,230,5675,1397
62,7134,0,0.0,231,5727,1407
11,7145,0,0.0,232,5735,1410
15,7160,0,0.0,233,5748,1412
67,7227,0,0.0,234,5802,1425
23,7250,0,0.0,235,5817,1433
8,7258,0,0.0,236,5824,1434
56,7314,0,0.0,237,5868,1446
14,7328,0,0.0,238,5882,1446
18,7346,0,0.0,239,5898,1448
21,7367,0,0.0,240,5916,1451
8,7375,0,0.0,241,5923,1452
47,7422,0,0.0,242,5959,1463
30,7452,0,0.0,243,5979,1473
14,7466,0,0.0,244,5985,1481
32,7498,0,0.0,245,6012,1486
5,7503,0,0.0,246,6016,1487
14,7517,0,0.0,247,6026,1491
28,7545,0,0.0,248,6051,1494
21,7566,0,0.0,249,6066,1500
36,7602,0,0.0,250,6096,1506
27,7629,0,0.0,251,6118,1511
61,7690,0,0.0,252,6167,1523
43,7733,0,0.0,253,6202,1531
32,7765,0,0.0,254,6227,1538
15,7780,0,0.0,255,6238,1542
13,7793,0,0.0,256,6248,1545
46,7839,0,0.0,257,6284,1555
21,7860,0,0.0,258,6295,1565
31,7891,0,0.0,259,6323,1568
49,7940,0,0.0,260,6362,1578
16,7956,0,0.0,261,6376,1580
47,8003,0,0.0,262,6411,1592
24,8027,0,0.0,263,6434,1593
30,8057,0,0.0,264,6461,1596
13,8070,0,0.0,265,6471,1599
78,8148,0,0.0,266,6529,1619
100,8248,0,0.0,267,6603,1645
34,8282,0,0.0,268,6624,1658
24,8306,0,0.0,269,6645,1661
62,8368,0,0.0,270,6700,1668
5,8373,0,0.0,271,6704,1669
20,8393,0,0.0,272,6720,1673
24,8417,0,0.0,273,6737,1680
9,8426,0,0.0,274,6743,1683
11,8437,0,0.0,275,6751,1686
32,8469,0,0.0,276,6776,1693
30,8499,0,0.0,277,6802,1697
45,8544,0,0.0,278,6836,1708
26,8570,0,0.0,279,6856,1714
29,8599,0,0.0,280,6877,1722
16,8615,0,0.0,281,6891,1724
8,8623,0,0.0,282,6897,1726
37,8660,0,0.0,283,6927,1733
55,8715,0,0.0,284,6971,1744
25,8740,0,0.0,285,6993,1747
20,8760,0,0.0,286,7008,1752
10,8770,0,0.0,287,7017,1753
18,8788,0,0.0,288,7031,1757
26,8814,0,0.0,289,7051,1763
7,8821,0,0.0,290,7057,1764
29,8850,0,0.0,291,7080,1770
10,8860,0,0.0,292,7089,1771
22,8882,0,0.0,293,7108,1774
21,8903,0,0.0,294,7126,1777
36,8939,0,0.0,295,7155,1784
8,8947,0,0.0,296,7162,1785
52,8999,0,0.0,297,7203,1796
55,9054,0,0.0,298,7246,1808
17,9071,0,0.0,299,7256,1815
7,9078,0,0.0,300,7261,1817
13,9091,0,0.0,301,7271,1820
94,9185,0,0.0,302,7351,1834
40,9225,0,0.0,303,7384,1841
7,9232,0,0.0,304,7389,1843
43,9275,0,0.0,305,7424,1851
27,9302,0,0.0,306,7444,1858
35,9337,0,0.0,307,7475,1862
11,9348,0,0.0,308,7485,1863
40,9388,0,0.0,309,7519,1869
10,9398,0,0.0,310,7527,1871
52,9450,0,0.0,311,7568,1882
25,9475,0,0.0,312,7588,1887
16,9491,0,0.0,313,7601,1890
70,9561,0,0.0,314,7661,1900
12,9573,0,0.0,315,7672,1901
11,9584,0,0.0,316,7681,1903
9,9593,0,0.0,317,7689,1904
14,9607,0,0.0,318,7702,1905
35,9642,0,0.0,319,7730,1912
11,9653,0,0.0,320,7739,1914
89,9742,0,0.0,321,7802,1940
15,9757,0,0.0,322,7814,1943
66,9823,0,0.0,323,7870,1953
13,9836,0,0.0,324,7881,1955
29,9865,0,0.0,325,7905,1960
29,9894,0,0.0,326,7925,1969
16,9910,0,0.0,327,7938,1972
100,10010,0,0.0,328,8020,1990
12,10022,0,0.0,329,8031,1991
20,10042,0,0.0,330,8047,1995
10,10052,0,0.0,331,8054,1998
41,10093,0,0.0,332,8090,2003
17,10110,0,0.0,333,8103,2007
23,10133,0,0.0,334,8122,2011
23,10156,0,0.0,335,8143,2013
70,10226,0,0.0,336,8194,2032
39,10265,0,0.0,337,8232,2033
6,10271,0,0.0,338,8238,2033
28,10299,0,0.0,339,8262,2037
10,10309,0,0.0,340,8269,2040
36,10345,0,0.0,341,8297,2048
37,10382,0,0.0,342,8331,2051
62,10444,0,0.0,343,8376,2068
8,10452,0,0.0,344,8382,2070
50,10502,0,0.0,345,8421,2081
81,10583,0,0.0,346,8487,2096
16,10599,0,0.0,347,8498,2101
15,10614,0,0.0,348,8509,2105
29,10643,0,0.0,349,8532,2111
55,10698,0,0.0,350,8580,2118
19,10717,0,0.0,351,8595,2122
21,10738,0,0.0,352,8612,2126
26,10764,0,0.0,353,8632,2132
14,10778,0,0.0,354,8644,2134
90,10868,0,0.0,355,8716,2152
16,10884,0,0.0,356,8731,2153
29,10913,0,0.0,357,8754,2159
41,10954,0,0.0,358,8789,2165
18,10972,0,0.0,359,8803,2169
26,10998,0,0.0,360,8826,2172
34,11032,0,0.0,361,8857,2175
9,11041,0,0.0,362,8865,2176
23,11064,0,0.0,363,8885,2179
46,11110,0,0.0,364,8924,2186
27,11137,0,0.0,365,8948,2189
35,11172,0,0.0,366,8977,2195
25,11197,0,0.0,367,8999,2198
37,11234,0,0.0,368,9031,2203
22,11256,0,0.0,369,9052,2204
11,11267,0,0.0,370,9063,2204
5,11272,0,0.0,371,9067,2205
56,11328,0,0.0,372,9108,2220
51,11379,0,0.0,373,9151,2228
46,11425,0,0.0,374,9185,2240
21,11446,0,0.0,375,9204,2242
27,11473,0,0.0,376,9226,2247
24,11497,0,0.0,377,9246,2251
34,11531,0,0.0,378,9273,2258
10,11541,0,0.0,379,9282,2259
65,11606,0,0.0,380,9331,2275
16,11622,0,0.0,381,9347,2275
16,11638,0,0.0,382,9360,2278
16,11654,0,0.0,383,9374,2280
7,11661,0,0.0,384,9380,2281
94,11755,0,0.0,385,9452,2303
9,11764,0,0.0,386,9459,2305
46,11810,0,0.0,387,9498,2312
14,11824,0,0.0,388,9510,2314
67,11891,0,0.0,389,9559,2332
98,11989,0,0.0,390,9634,2355
28,12017,1,1.0,391,9659,2358
22,12039,1,0.0,392,9661,2378
20,12059,1,0.0,393,9662,2397
30,12089,1,0.0,394,9667,2422
15,12104,1,0.0,395,9669,2435
25,12129,1,0.0,396,9673,2456
20,12149,1,0.0,397,9677,2472
9,12158,1,0.0,398,9677,2481
18,12176,1,0.0,399,9680,2496
12,12188,1,0.0,400,9682,2506
9,12197,1,0.0,401,9684,2513
31,12228,1,0.0,402,9688,2540
12,12240,1,0.0,403,9690,2550
34,12274,1,0.0,404,9695,2579
20,12294,1,0.0,405,9700,2594
23,12317,1,0.0,406,9703,2614
16,12333,1,0.0,407,9705,2628
20,12353,1,0.0,408,9709,2644
36,12389,1,0.0,409,9712,2677
31,12420,1,0.0,410,9717,2703
34,12454,1,0.0,411,9722,2732
60,12514,1,0.0,412,9731,2783
13,12527,1,0.0,413,9736,2791
8,12535,1,0.0,414,9738,2797
25,12560,1,0.0,415,9742,2818
55,12615,1,0.0,416,9752,2863
30,12645,1,0.0,417,9759,2886
18,12663,1,0.0,418,9761,2902
13,12676,1,0.0,419,9766,2910
33,12709,1,0.0,420,9768,2941
23,12732,1,0.0,421,9773,2959
22,12754,1,0.0,422,9776,2978
37,12791,1,0.0,423,9782,3009
21,12812,1,0.0,424,9786,3026
9,12821,1,0.0,425,9788,3033
21,12842,1,0.0,426,9792,3050
28,12870,1,0.0,427,9797,3073
98,12968,1,0.0,428,9817,3151
34,13002,1,0.0,429,9823,3179
15,13017,1,0.0,430,9824,3193
17,13034,1,0.0,431,9825,3209
91,13125,1,0.0,432,9838,3287
21,13146,1,0.0,433,9845,3301
25,13171,1,0.0,434,9851,3320
15,13186,1,0.0,435,9854,3332
52,13238,1,0.0,436,9863,3375
44,13282,1,0.0,437,9873,3409
11,13293,1,0.0,438,9874,3419
100,13393,1,0.0,439,9892,3501
9,13402,1,0.0,440,9892,3510
25,13427,1,0.0,441,9894,3533
100,13527,1,0.0,442,9909,3618
15,13542,1,0.0,443,9911,3631
20,13562,1,0.0,444,9912,3650
71,13633,1,0.0,445,9921,3712
9,13642,1,0.0,446,9925,3717
38,13680,1,0.0,447,9934,3746
19,13699,1,0.0,448,9938,3761
19,13718,1,0.0,449,9941,3777
15,13733,1,0.0,450,9941,3792
14,13747,1,0.0,451,9943,3804
32,13779,1,0.0,452,9950,3829
41,13820,1,0.0,453,9952,3868
34,13854,1,0.0,454,9957,3897
22,13876,1,0.0,455,9962,3914
23,13899,1,0.0,456,9966,3933
16,13915,1,0.0,457,9969,3946
22,13937,1,0.0,458,9972,3965
21,13958,1,0.0,459,9976,3982
37,13995,1,0.0,460,9984,4011
11,14006,1,0.0,461,9986,4020
25,14031,1,0.0,462,9991,4040
69,14100,1,0.0,463,10006,4094
13,14113,1,0.0,464,10007,4106
20,14133,1,0.0,465,10010,4123
28,14161,1,0.0,466,10013,4148
6,14167,1,0.0,467,10013,4154
50,14217,1,0.0,468,10025,4192
12,14229,1,0.0,469,10027,4202
26,14255,1,0.0,470,10035,4220
14,14269,1,0.0,471,10037,4232
12,14281,1,0.0,472,10039,4242
12,14293,1,0.0,473,10040,4253
51,14344,1,0.0,474,10049,4295
29,14373,1,0.0,475,10050,4323
100,14473,1,0.0,476,10071,4402
10,14483,1,0.0,477,10072,4411
9,14492,1,0.0,478,10075,4417
12,14504,1,0.0,479,10077,4427
20,14524,1,0.0,480,10080,4444
36,14560,1,0.0,481,10088,4472
10,14570,1,0.0,482,10088,4482
23,14593,1,0.0,483,10091,4502
17,14610,1,0.0,484,10095,4515
14,14624,1,0.0,485,10098,4526
5,14629,1,0.0,486,10100,4529
19,14648,1,0.0,487,10103,4545
11,14659,1,0.0,488,10103,4556
15,14674,1,0.0,489,10108,4566
55,14729,1,0.0,490,10115,4614
80,14809,1,0.0,491,10130,4679
51,14860,1,0.0,492,10139,4721
56,14916,1,0.0,493,10153,4763
15,14931,1,0.0,494,10155,4776
43,14974,1,0.0,495,10160,4814
31,15005,1,0.0,496,10166,4839
6,15011,1,0.0,497,10167,4844
32,15043,1,0.0,498,10172,4871
16,15059,1,0.0,499,10175,4884
19,15078,1,0.0,500,10177,4901
55,15133,1,0.0,501,10195,4938
27,15160,1,0.0,502,10200,4960
7,15167,1,0.0,503,10200,4967
31,15198,1,0.0,504,10207,4991
18,15216,1,0.0,505,10208,5008
49,15265,1,0.0,506,10220,5045
51,15316,1,0.0,507,10229,5087
35,15351,1,0.0,508,10234,5117
25,15376,1,0.0,509,10238,5138
66,15442,1,0.0,510,10253,5189
32,15474,1,0.0,511,10258,5216
18,15492,1,0.0,512,10263,5229
36,15528,1,0.0,513,10265,5263
23,15551,1,0.0,514,10271,5280
31,15582,1,0.0,515,10276,5306
10,15592,1,0.0,516,10276,5316
30,15622,1,0.0,517,10284,5338
24,15646,1,0.0,518,10288,5358
49,15695,1,0.0,519,10293,5402
7,15702,1,0.0,520,10295,5407
72,15774,1,0.0,521,10310,5464
7,15781,1,0.0,522,10312,5469
35,15816,1,0.0,523,10315,5501
19,15835,1,0.0,524,10316,5519
20,15855,1,0.0,525,10320,5535
18,15873,1,0.0,526,10324,5549
98,15971,1,0.0,527,10340,5631
68,16039,1,0.0,528,10348,5691
42,16081,1,0.0,529,10356,5725
60,16141,1,0.0,530,10367,5774
48,16189,1,0.0,531,10374,5815
24,16213,1,0.0,532,10378,5835
41,16254,1,0.0,533,10384,5870
20,16274,1,0.0,534,10385,5889
8,16282,1,0.0,535,10386,5896
45,16327,1,0.0,536,10396,5931
96,16423,1,0.0,537,10411,6012
30,16453,1,0.0,538,10417,6036
13,16466,1,0.0,539,10420,6046
13,16479,1,0.0,540,10421,6058
16,16495,1,0.0,541,10422,6073
18,16513,1,0.0,542,10427,6086
70,16583,1,0.0,543,10433,6150
11,16594,1,0.0,544,10435,6159
36,16630,1,0.0,545,10439,6191
7,16637,1,0.0,546,10441,6196
28,16665,1,0.0,547,10448,6217
34,16699,1,0.0,548,10458,6241
51,16750,1,0.0,549,10464,6286
5,16755,1,0.0,550,10464,6291
13,16768,1,0.0,551,10465,6303
11,16779,1,0.0,552,10466,6313
14,16793,1,0.0,553,10468,6325
24,16817,1,0.0,554,10470,6347
90,16907,1,0.0,555,10480,6427
13,16920,1,0.0,556,10481,6439
11,16931,1,0.0,557,10484,6447
15,16946,1,0.0,558,10488,6458
37,16983,1,0.0,559,10495,6488
13,16996,1,0.0,560,10498,6498
30,17026,1,0.0,561,10505,6521
22,17048,1,0.0,562,10509,6539
18,17066,1,0.0,563,10515,6551
11,17077,1,0.0,564,10518,6559
21,17098,1,0.0,565,10522,6576
41,17139,1,0.0,566,10528,6611
7,17146,1,0.0,567,10528,6618
40,17186,1,0.0,568,10534,6652
19,17205,1,0.0,569,10539,6666
13,17218,1,0.0,570,10541,6677
19,17237,1,0.0,571,10543,6694
10,17247,1,0.0,572,10545,6702
39,17286,1,0.0,573,10553,6733
7,17293,1,0.0,574,10553,6740
10,17303,1,0.0,575,10553,6750
32,17335,1,0.0,576,10560,6775
8,17343,1,0.0,577,10561,6782
52,17395,1,0.0,578,10575,6820
83,17478,1,0.0,579,10586,6892
30,17508,1,0.0,580,10592,6916
32,17540,1,0.0,581,10596,6944
31,17571,1,0.0,582,10599,6972
53,17624,1,0.0,583,10610,7014
9,17633,1,0.0,584,10613,7020
100,17733,1,0.0,585,10628,7105
7,17740,1,0.0,586,10629,7111
32,17772,1,0.0,587,10635,7137
8,17780,1,0.0,588,10636,7144
33,17813,1,0.0,589,10640,7173
75,17888,1,0.0,590,10654,7234
28,17916,1,0.0,591,10659,7257
63,17979,1,0.0,592,10672,7307
6,17985,1,0.0,593,10672,7313
30,18015,1,0.0,594,10675,7340
40,18055,1,0.0,595,10682,7373
23,18078,1,0.0,596,10682,7396
24,18102,1,0.0,597,10688,7414
37,18139,1,0.0,598,10694,7445
21,18160,1,0.0,599,10696,7464
28,18188,1,0.0,600,10701,7487
9,18197,1,0.0,601,10701,7496
8,18205,1,0.0,602,10704,7501
9,18214,1,0.0,603,10705,7509
23,18237,1,0.0,604,10710,7527
34,18271,1,0.0,605,10718,7553
27,18298,1,0.0,606,10724,7574
14,18312,1,0.0,607,10726,7586
8,18320,1,0.0,608,10728,7592
60,18380,1,0.0,609,10739,7641
17,18397,1,0.0,610,10742,7655
16,18413,1,0.0,611,10743,7670
79,18492,1,0.0,612,10753,7739
19,18511,1,0.0,613,10756,7755
31,18542,1,0.0,614,10763,7779
34,18576,1,0.0,615,10767,7809
18,18594,1,0.0,616,10773,7821
66,18660,1,0.0,617,10786,7874
15,18675,1,0.0,618,10789,7886
32,18707,1,0.0,619,10794,7913
69,18776,1,0.0,620,10805,7971
8,18784,1,0.0,621,10806,7978
62,18846,1,0.0,622,10816,8030
31,18877,1,0.0,623,10820,8057
8,18885,1,0.0,624,10820,8065
25,18910,1,0.0,625,10822,8088
47,18957,1,0.0,626,10826,8131
23,18980,1,0.0,627,10829,8151
26,19006,1,0.0,628,10832,8174
20,19026,1,0.0,629,10836,8190
58,19084,1,0.0,630,10847,8237
31,19115,1,0.0,631,10853,8262
77,19192,1,0.0,632,10866,8326
14,19206,1,0.0,633,10866,8340
42,19248,1,0.0,634,10873,8375
65,19313,2,1.0,635,10886,8427
24,19337,2,0.0,636,10886,8451
69,19406,2,0.0,637,10887,8519
67,19473,2,0.0,638,10889,8584
45,19518,2,0.0,639,10890,8628
35,19553,2,0.0,640,10891,8662
50,19603,2,0.0,641,10891,8712
12,19615,2,0.0,642,10891,8724
8,19623,2,0.0,643,10891,8732
7,19630,2,0.0,644,10891,8739
44,19674,2,0.0,645,10891,8783
39,19713,2,0.0,646,10891,8822
44,19757,2,0.0,647,10891,8866
67,19824,2,0.0,648,10893,8931
17,19841,2,0.0,649,10893,8948
31,19872,2,0.0,650,10894,8978
13,19885,2,0.0,651,10895,8990
5,19890,2,0.0,652,10895,8995
17,19907,2,0.0,653,10895,9012
24,19931,2,0.0,654,10897,9034
43,19974,2,0.0,655,10897,9077
33,20007,2,0.0,656,10898,9109
56,20063,2,0.0,657,10899,9164
54,20117,2,0.0,658,10901,9216
30,20147,2,0.0,659,10901,9246
21,20168,2,0.0,660,10901,9267
12,20180,2,0.0,661,10901,9279
7,20187,2,0.0,662,10901,9286
18,20205,2,0.0,663,10901,9304
55,20260,2,0.0,664,10901,9359
19,20279,2,0.0,665,10901,9378
7,20286,2,0.0,666,10901,9385
56,20342,2,0.0,667,10901,9441
10,20352,2,0.0,668,10901,9451
9,20361,2,0.0,669,10901,9460
35,20396,2,0.0,670,10902,9494
29,20425,2,0.0,671,10902,9523
34,20459,2,0.0,672,10903,9556
45,20504,2,0.0,673,10904,9600
22,20526,2,0.0,674,10904,9622
10,20536,2,0.0,675,10904,9632
57,20593,2,0.0,676,10904,9689
8,20601,2,0.0,677,10904,9697
28,20629,2,0.0,678,10904,9725
24,20653,2,0.0,679,10904,9749
14,20667,2,0.0,680,10905,9762
100,20767,2,0.0,681,10905,9862
27,20794,2,0.0,682,10905,9889
16,20810,2,0.0,683,10905,9905
25,20835,2,0.0,684,10906,9929
100,20935,2,0.0,685,10906,10029
16,20951,2,0.0,686,10906,10045
17,20968,2,0.0,687,10906,10062
50,21018,2,0.0,688,10906,10112
12,21030,2,0.0,689,10906,10124
13,21043,2,0.0,690,10906,10137
72,21115,2,0.0,691,10906,10209
74,21189,2,0.0,692,10907,10282
57,21246,2,0.0,693,10908,10338
83,21329,2,0.0,694,10909,10420
16,21345,2,0.0,695,10909,10436
28,21373,2,0.0,696,10909,10464
26,21399,2,0.0,697,10909,10490
6,21405,2,0.0,698,10909,10496
23,21428,2,0.0,699,10909,10519
17,21445,2,0.0,700,10909,10536
33,21478,2,0.0,701,10909,10569
35,21513,2,0.0,702,10909,10604
15,21528,2,0.0,703,10909,10619
32,21560,2,0.0,704,10909,10651
11,21571,2,0.0,705,10909,10662
16,21587,2,0.0,706,10909,10678
9,21596,2,0.0,707,10909,10687
35,21631,2,0.0,708,10909,10722
11,21642,2,0.0,709,10909,10733
22,21664,2,0.0,710,10909,10755
21,21685,2,0.0,711,10909,10776
42,21727,2,0.0,712,10909,10818
15,21742,2,0.0,713,10909,10833
61,21803,2,0.0,714,10909,10894
67,21870,2,0.0,715,10909,10961
74,21944,2,0.0,716,10910,11034
44,21988,2,0.0,717,10910,11078
54,22042,2,0.0,718,10910,11132
16,22058,2,0.0,719,10910,11148
34,22092,2,0.0,720,10910,11182
33,22125,2,0.0,721,10910,11215
25,22150,2,0.0,722,10911,11239
38,22188,2,0.0,723,10911,11277
24,22212,2,0.0,724,10911,11301
21,22233,2,0.0,725,10911,11322
22,22255,2,0.0,726,10911,11344
12,22267,2,0.0,727,10911,11356
13,22280,2,0.0,728,10911,11369
10,22290,2,0.0,729,10911,11379
21,22311,2,0.0,730,10911,11400
26,22337,2,0.0,731,10911,11426
38,22375,2,0.0,732,10911,11464
29,22404,2,0.0,733,10911,11493
52,22456,2,0.0,734,10912,11544
23,22479,2,0.0,735,10913,11566
73,22552,2,0.0,736,10913,11639
54,22606,2,0.0,737,10913,11693
11,22617,2,0.0,738,10913,11704
33,22650,2,0.0,739,10913,11737
29,22679,2,0.0,740,10913,11766
7,22686,2,0.0,741,10913,11773
21,22707,2,0.0,742,10913,11794
18,22725,2,0.0,743,10913,11812
16,22741,2,0.0,744,10913,11828
96,22837,2,0.0,745,10913,11924
14,22851,2,0.0,746,10913,11938
58,22909,2,0.0,747,10913,11996
16,22925,2,0.0,748,10913,12012
83,23008,2,0.0,749,10913,12095
19,23027,2,0.0,750,10913,12114
21,23048,2,0.0,751,10913,12135
7,23055,2,0.0,752,10913,12142
9,23064,2,0.0,753,10913,12151
23,23087,2,0.0,754,10913,12174
33,23120,2,0.0,755,10913,12207
33,23153,2,0.0,756,10913,12240
11,23164,2,0.0,757,10913,12251
35,23199,2,0.0,758,10913,12286
9,23208,2,0.0,759,10914,12294
24,23232,2,0.0,760,10914,12318
58,23290,2,0.0,761,10914,12376
36,23326,2,0.0,762,10914,12412
53,23379,2,0.0,763,10914,12465
12,23391,2,0.0,764,10914,12477
11,23402,2,0.0,765,10914,12488
19,23421,2,0.0,766,10914,12507
37,23458,2,0.0,767,10915,12543
26,23484,2,0.0,768,10915,12569
10,23494,2,0.0,769,10915,12579
33,23527,2,0.0,770,10915,12612
91,23618,2,0.0,771,10916,12702
23,23641,2,0.0,772,10916,12725
36,23677,2,0.0,773,10916,12761
19,23696,2,0.0,774,10916,12780
14,23710,2,0.0,775,10916,12794
21,23731,2,0.0,776,10916,12815
30,23761,2,0.0,777,10917,12844
18,23779,2,0.0,778,10917,12862
25,23804,2,0.0,779,10917,12887
22,23826,2,0.0,780,10917,12909
26,23852,2,0.0,781,10917,12935
31,23883,2,0.0,782,10917,12966
12,23895,2,0.0,783,10918,12977
43,23938,2,0.0,784,10919,13019
8,23946,2,0.0,785,10919,13027
68,24014,2,0.0,786,10920,13094
8,24022,2,0.0,787,10920,13102
27,24049,2,0.0,788,10920,13129
58,24107,2,0.0,789,10920,13187
33,24140,2,0.0,790,10920,13220
25,24165,2,0.0,791,10920,13245
28,24193,2,0.0,792,10921,13272
48,24241,2,0.0,793,10922,13319
15,24256,2,0.0,794,10922,13334
14,24270,2,0.0,795,10922,13348
26,24296,2,0.0,796,10922,13374
14,24310,2,0.0,797,10922,13388
24,24334,2,0.0,798,10922,13412
20,24354,2,0.0,799,10922,13432
22,24376,2,0.0,800,10922,13454
54,24430,2,0.0,801,10923,13507
17,24447,2,0.0,802,10923,13524
16,24463,2,0.0,803,10923,13540
24,24487,2,0.0,804,10923,13564
15,24502,2,0.0,805,10923,13579
10,24512,2,0.0,806,10923,13589
8,24520,2,0.0,807,10923,13597
32,24552,2,0.0,808,10923,13629
13,24565,2,0.0,809,10923,13642
19,24584,2,0.0,810,10923,13661
17,24601,2,0.0,811,10923,13678
22,24623,2,0.0,812,10923,13700
38,24661,2,0.0,813,10923,13738
60,24721,2,0.0,814,10924,13797
26,24747,2,0.0,815,10924,13823
26,24773,2,0.0,816,10924,13849
14,24787,2,0.0,817,10924,13863
15,24802,2,0.0,818,10924,13878
28,24830,2,0.0,819,10924,13906
15,24845,2,0.0,820,10924,13921
20,24865,2,0.0,821,10924,13941
16,24881,2,0.0,822,10924,13957
17,24898,2,0.0,823,10924,13974
69,24967,2,0.0,824,10925,14042
35,25002,2,0.0,825,10925,14077
41,25043,2,0.0,826,10925,14118
41,25084,2,0.0,827,10925,14159
5,25089,2,0.0,828,10925,14164
39,25128,2,0.0,829,10925,14203
35,25163,2,0.0,830,10925,14238
23,25186,2,0.0,831,10925,14261
36,25222,2,0.0,832,10925,14297
18,25240,2,0.0,833,10925,14315
35,25275,2,0.0,834,10926,14349
23,25298,2,0.0,835,10926,14372
50,25348,3,1.0,836,10926,14422
36,25384,3,0.0,837,10926,14458
7,25391,3,0.0,838,10926,14465
6,25397,3,0.0,839,10926,14471
39,25436,3,0.0,840,10926,14510
52,25488,3,0.0,841,10926,14562
100,25588,3,0.0,842,10926,14662
17,25605,3,0.0,843,10926,14679
81,25686,3,0.0,844,10926,14760
82,25768,3,0.0,845,10926,14842
12,25780,3,0.0,846,10926,14854
53,25833,3,0.0,847,10926,14907
38,25871,3,0.0,848,10926,14945
84,25955,3,0.0,849,10926,15029
43,25998,3,0.0,850,10926,15072
28,26026,3,0.0,851,10926,15100
9,26035,3,0.0,852,10926,15109
20,26055,3,0.0,853,10926,15129
22,26077,3,0.0,854,10926,15151
12,26089,3,0.0,855,10926,15163
100,26189,3,0.0,856,10926,15263
10,26199,3,0.0,857,10926,15273
5,26204,3,0.0,858,10926,15278
94,26298,3,0.0,859,10926,15372
13,26311,3,0.0,860,10926,15385
69,26380,3,0.0,861,10926,15454
31,26411,3,0.0,862,10926,15485
39,26450,3,0.0,863,10926,15524
17,26467,3,0.0,864,10926,15541
16,26483,3,0.0,865,10926,15557
6,26489,3,0.0,866,10926,15563
25,26514,3,0.0,867,10926,15588
68,26582,3,0.0,868,10926,15656
17,26599,3,0.0,869,10926,15673
29,26628,3,0.0,870,10926,15702
44,26672,3,0.0,871,10926,15746
31,26703,3,0.0,872,10926,15777
31,26734,3,0.0,873,10926,15808
49,26783,3,0.0,874,10926,15857
14,26797,3,0.0,875,10926,15871
39,26836,3,0.0,876,10926,15910
47,26883,3,0.0,877,10926,15957
35,26918,3,0.0,878,10926,15992
20,26938,3,0.0,879,10926,16012
9,26947,3,0.0,880,10926,16021
14,26961,3,0.0,881,10926,16035
68,27029,3,0.0,882,10926,16103
20,27049,3,0.0,883,10926,16123
22,27071,3,0.0,884,10926,16145
21,27092,3,0.0,885,10926,16166
13,27105,3,0.0,886,10926,16179
13,27118,3,0.0,887,10926,16192
55,27173,3,0.0,888,10927,16246
77,27250,3,0.0,889,10927,16323
82,27332,3,0.0,890,10927,16405
17,27349,3,0.0,891,10927,16422
34,27383,3,0.0,892,10927,16456
7,27390,3,0.0,893,10927,16463
9,27399,3,0.0,894,10927,16472
12,27411,3,0.0,895,10927,16484
47,27458,3,0.0,896,10927,16531
73,27531,3,0.0,897,10927,16604
71,27602,3,0.0,898,10927,16675
16,27618,3,0.0,899,10927,16691
11,27629,3,0.0,900,10927,16702
48,27677,3,0.0,901,10927,16750
21,27698,3,0.0,902,10927,16771
17,27715,3,0.0,903,10927,16788
19,27734,3,0.0,904,10927,16807
64,27798,3,0.0,905,10927,16871
46,27844,3,0.0,906,10927,16917
29,27873,3,0.0,907,10927,16946
13,27886,3,0.0,908,10927,16959
24,27910,3,0.0,909,10928,16982
16,27926,3,0.0,910,10928,16998
7,27933,3,0.0,911,10928,17005
30,27963,3,0.0,912,10928,17035
22,27985,3,0.0,913,10928,17057
100,28085,3,0.0,914,10928,17157
33,28118,3,0.0,915,10928,17190
19,28137,3,0.0,916,10928,17209
14,28151,3,0.0,917,10928,17223
34,28185,3,0.0,918,10928,17257
11,28196,3,0.0,919,10928,17268
27,28223,3,0.0,920,10928,17295
25,28248,3,0.0,921,10928,17320
62,28310,3,0.0,922,10928,17382
50,28360,3,0.0,923,10928,17432
93,28453,3,0.0,924,10928,17525
14,28467,3,0.0,925,10928,17539
30,28497,3,0.0,926,10928,17569
58,28555,3,0.0,927,10928,17627
19,28574,3,0.0,928,10928,17646
58,28632,3,0.0,929,10928,17704
41,28673,3,0.0,930,10928,17745
12,28685,3,0.0,931,10928,17757
21,28706,3,0.0,932,10928,17778
25,28731,3,0.0,933,10928,17803
21,28752,3,0.0,934,10928,17824
20,28772,3,0.0,935,10928,17844
25,28797,3,0.0,936,10928,17869
15,28812,3,0.0,937,10928,17884
11,28823,3,0.0,938,10928,17895
67,28890,3,0.0,939,10928,17962
86,28976,3,0.0,940,10928,18048
89,29065,3,0.0,941,10928,18137
30,29095,3,0.0,942,10928,18167
10,29105,3,0.0,943,10928,18177
56,29161,3,0.0,944,10928,18233
20,29181,3,0.0,945,10928,18253
20,29201,3,0.0,946,10928,18273
23,29224,3,0.0,947,10928,18296
11,29235,3,0.0,948,10928,18307
41,29276,3,0.0,949,10928,18348
34,29310,3,0.0,950,10928,18382
11,29321,3,0.0,951,10928,18393
55,29376,3,0.0,952,10928,18448
24,29400,3,0.0,953,10928,18472
20,29420,3,0.0,954,10928,18492
45,29465,3,0.0,955,10928,18537
10,29475,3,0.0,956,10928,18547
63,29538,3,0.0,957,10928,18610
32,29570,3,0.0,958,10928,18642
15,29585,3,0.0,959,10928,18657
37,29622,3,0.0,960,10928,18694
17,29639,3,0.0,961,10928,18711
21,29660,3,0.0,962,10928,18732
24,29684,3,0.0,963,10928,18756
38,29722,3,0.0,964,10928,18794
10,29732,3,0.0,965,10928,18804
34,29766,3,0.0,966,10928,18838
7,29773,3,0.0,967,10928,18845
37,29810,3,0.0,968,10928,18882
28,29838,3,0.0,969,10928,18910
28,29866,3,0.0,970,10928,18938
29,29895,3,0.0,971,10928,18967
66,29961,3,0.0,972,10928,19033
29,29990,3,0.0,973,10928,19062
19,30009,3,0.0,974,10928,19081
18,30027,3,0.0,975,10928,19099
22,30049,3,0.0,976,10928,19121
17,30066,3,0.0,977,10928,19138
21,30087,3,0.0,978,10928,19159
18,30105,3,0.0,979,10928,19177
25,30130,3,0.0,980,10928,19202
18,30148,3,0.0,981,10928,19220
68,30216,3,0.0,982,10928,19288
20,30236,3,0.0,983,10928,19308
20,30256,3,0.0,984,10928,19328
10,30266,3,0.0,985,10928,19338
33,30299,3,0.0,986,10928,19371
82,30381,3,0.0,987,10928,19453
44,30425,3,0.0,988,10928,19497
32,30457,3,0.0,989,10928,19529
59,30516,3,0.0,990,10928,19588
47,30563,3,0.0,991,10928,19635
20,30583,3,0.0,992,10928,19655
22,30605,3,0.0,993,10928,19677
100,30705,3,0.0,994,10928,19777
42,30747,3,0.0,995,10928,19819
14,30761,3,0.0,996,10928,19833
100,30861,3,0.0,997,10928,19933
44,30905,3,0.0,998,10928,19977
16,30921,3,0.0,999,10928,19993
10,30931,3,0.0,1000,10928,20003
57,30988,3,0.0,1001,10928,20060
54,31042,3,0.0,1002,10928,20114
34,31076,3,0.0,1003,10929,20147
11,31087,3,0.0,1004,10929,20158
9,31096,3,0.0,1005,10929,20167
19,31115,3,0.0,1006,10929,20186
50,31165,3,0.0,1007,10929,20236
58,31223,3,0.0,1008,10929,20294
30,31253,3,0.0,1009,10929,20324
31,31284,3,0.0,1010,10929,20355
26,31310,3,0.0,1011,10929,20381
14,31324,3,0.0,1012,10929,20395
23,31347,3,0.0,1013,10929,20418
5,31352,3,0.0,1014,10929,20423
34,31386,3,0.0,1015,10929,20457
87,31473,3,0.0,1016,10929,20544
13,31486,3,0.0,1017,10929,20557
78,31564,3,0.0,1018,10929,20635
11,31575,3,0.0,1019,10929,20646
19,31594,3,0.0,1020,10929,20665
8,31602,3,0.0,1021,10929,20673
31,31633,3,0.0,1022,10929,20704
10,31643,3,0.0,1023,10929,20714
17,31660,3,0.0,1024,10929,20731
13,31673,3,0.0,1025,10929,20744
15,31688,3,0.0,1026,10929,20759
6,31694,3,0.0,1027,10929,20765
23,31717,3,0.0,1028,10929,20788
36,31753,3,0.0,1029,10929,20824
24,31777,3,0.0,1030,10929,20848
35,31812,3,0.0,1031,10929,20883
41,31853,3,0.0,1032,10929,20924
14,31867,3,0.0,1033,10929,20938
47,31914,3,0.0,1034,10930,20984
11,31925,3,0.0,1035,10931,20994
16,31941,3,0.0,1036,10931,21010
79,32020,3,0.0,1037,10931,21089
15,32035,3,0.0,1038,10931,21104
19,32054,3,0.0,1039,10931,21123
52,32106,3,0.0,1040,10931,21175
25,32131,3,0.0,1041,10931,21200
100,32231,3,0.0,1042,10931,21300
6,32237,3,0.0,1043,10931,21306
9,32246,3,0.0,1044,10931,21315
58,32304,3,0.0,1045,10931,21373
9,32313,3,0.0,1046,10931,21382
7,32320,3,0.0,1047,10931,21389
9,32329,3,0.0,1048,10931,21398
26,32355,3,0.0,1049,10931,21424
43,32398,3,0.0,1050,10932,21466
45,32443,3,0.0,1051,10932,21511
94,32537,3,0.0,1052,10932,21605
26,32563,3,0.0,1053,10932,21631
39,32602,3,0.0,1054,10932,21670
44,32646,3,0.0,1055,10932,21714
47,32693,3,0.0,1056,10932,21761
7,32700,3,0.0,1057,10932,21768
33,32733,3,0.0,1058,10932,21801
43,32776,3,0.0,1059,10932,21844
33,32809,3,0.0,1060,10932,21877
47,32856,3,0.0,1061,10932,21924
60,32916,3,0.0,1062,10932,21984
24,32940,3,0.0,1063,10932,22008
19,32959,3,0.0,1064,10932,22027
67,33026,3,0.0,1065,10932,22094
10,33036,3,0.0,1066,10932,22104
100,33136,3,0.0,1067,10932,22204
36,33172,3,0.0,1068,10932,22240
11,33183,3,0.0,1069,10932,22251
50,33233,3,0.0,1070,10932,22301
22,33255,3,0.0,1071,10932,22323
27,33282,3,0.0,1072,10932,22350
100,33382,3,0.0,1073,10932,22450
7,33389,3,0.0,1074,10932,22457
18,33407,3,0.0,1075,10932,22475
100,33507,3,0.0,1076,10932,22575
31,33538,3,0.0,1077,10932,22606
18,33556,3,0.0,1078,10932,22624
7,33563,3,0.0,1079,10932,22631
12,33575,3,0.0,1080,10932,22643
33,33608,3,0.0,1081,10932,22676
29,33637,3,0.0,1082,10932,22705
21,33658,3,0.0,1083,10932,22726
16,33674,3,0.0,1084,10932,22742
23,33697,3,0.0,1085,10932,22765
50,33747,3,0.0,1086,10932,22815
25,33772,3,0.0,1087,10932,22840
36,33808,3,0.0,1088,10932,22876
9,33817,3,0.0,1089,10932,22885
42,33859,3,0.0,1090,10933,22926
55,33914,3,0.0,1091,10934,22980
7,33921,3,0.0,1092,10934,22987
15,33936,3,0.0,1093,10934,23002
34,33970,3,0.0,1094,10934,23036
11,33981,3,0.0,1095,10934,23047
45,34026,3,0.0,1096,10934,23092
100,34126,3,0.0,1097,10934,23192
22,34148,3,0.0,1098,10934,23214
43,34191,3,0.0,1099,10934,23257
30,34221,3,0.0,1100,10934,23287
23,34244,3,0.0,1101,10934,23310
40,34284,3,0.0,1102,10934,23350
43,34327,3,0.0,1103,10934,23393
57,34384,3,0.0,1104,10934,23450
33,34417,3,0.0,1105,10934,23483
9,34426,3,0.0,1106,10934,23492
25,34451,3,0.0,1107,10934,23517
20,34471,3,0.0,1108,10934,23537
17,34488,3,0.0,1109,10934,23554
14,34502,3,0.0,1110,10934,23568
30,34532,3,0.0,1111,10934,23598
49,34581,3,0.0,1112,10934,23647
37,34618,3,0.0,1113,10934,23684
57,34675,3,0.0,1114,10934,23741
47,34722,3,0.0,1115,10934,23788
19,34741,3,0.0,1116,10934,23807
39,34780,3,0.0,1117,10934,23846
60,34840,3,0.0,1118,10934,23906
44,34884,3,0.0,1119,10934,23950
58,34942,3,0.0,1120,10934,24008
37,34979,3,0.0,1121,10934,24045
27,35006,3,0.0,1122,10934,24072
74,35080,3,0.0,1123,10934,24146
44,35124,3,0.0,1124,10934,24190
15,35139,3,0.0,1125,10934,24205
7,35146,3,0.0,1126,10934,24212
57,35203,3,0.0,1127,10935,24268
25,35228,3,0.0,1128,10935,24293
40,35268,3,0.0,1129,10935,24333
12,35280,3,0.0,1130,10936,24344
100,35380,3,0.0,1131,10936,24444
15,35395,3,0.0,1132,10936,24459
16,35411,3,0.0,1133,10936,24475
26,35437,3,0.0,1134,10936,24501
12,35449,3,0.0,1135,10936,24513
12,35461,3,0.0,1136,10936,24525
19,35480,3,0.0,1137,10937,24543
30,35510,3,0.0,1138,10937,24573
23,35533,3,0.0,1139,10937,24596
28,35561,3,0.0,1140,10937,24624
21,35582,3,0.0,1141,10937,24645
9,35591,3,0.0,1142,10937,24654
25,35616,3,0.0,1143,10937,24679
28,35644,3,0.0,1144,10937,24707
9,35653,3,0.0,1145,10937,24716
24,35677,3,0.0,1146,10937,24740
24,35701,3,0.0,1147,10937,24764
5,35706,3,0.0,1148,10937,24769
38,35744,3,0.0,1149,10937,24807
30,35774,3,0.0,1150,10937,24837
5,35779,3,0.0,1151,10937,24842
15,35794,3,0.0,1152,10937,24857
20,35814,3,0.0,1153,10937,24877
48,35862,3,0.0,1154,10937,24925
59,35921,3,0.0,1155,10937,24984
39,35960,3,0.0,1156,10937,25023
21,35981,3,0.0,1157,10937,25044
29,36010,3,0.0,1158,10937,25073
25,36035,3,0.0,1159,10937,25098
34,36069,3,0.0,1160,10938,25131
21,36090,3,0.0,1161,10938,25152
76,36166,3,0.0,1162,10938,25228
18,36184,3,0.0,1163,10938,25246
23,36207,3,0.0,1164,10938,25269
12,36219,3,0.0,1165,10938,25281
5,36224,3,0.0,1166,10938,25286
47,36271,4,1.0,1167,10938,25333
41,36312,4,0.0,1168,10938,25374
14,36326,4,0.0,1169,10938,25388
19,36345,4,0.0,1170,10938,25407
11,36356,4,0.0,1171,10938,25418
13,36369,4,0.0,1172,10938,25431
26,36395,4,0.0,1173,10938,25457
57,36452,4,0.0,1174,10938,25514
17,36469,4,0.0,1175,10938,25531
9,36478,4,0.0,1176,10938,25540
31,36509,4,0.0,1177,10938,25571
40,36549,4,0.0,1178,10938,25611
12,36561,4,0.0,1179,10938,25623
46,36607,4,0.0,1180,10938,25669
38,36645,4,0.0,1181,10938,25707
37,36682,4,0.0,1182,10938,25744
25,36707,4,0.0,1183,10938,25769
43,36750,4,0.0,1184,10938,25812
8,36758,4,0.0,1185,10938,25820
21,36779,4,0.0,1186,10938,25841
11,36790,4,0.0,1187,10938,25852
98,36888,4,0.0,1188,10938,25950
22,36910,4,0.0,1189,10938,25972
20,36930,4,0.0,1190,10938,25992
33,36963,4,0.0,1191,10938,26025
31,36994,4,0.0,1192,10938,26056
75,37069,4,0.0,1193,10938,26131
7,37076,4,0.0,1194,10938,26138
65,37141,4,0.0,1195,10938,26203
60,37201,4,0.0,1196,10938,26263
22,37223,4,0.0,1197,10938,26285
36,37259,4,0.0,1198,10938,26321
59,37318,4,0.0,1199,10938,26380
15,37333,4,0.0,1200,10938,26395
61,37394,4,0.0,1201,10938,26456
19,37413,4,0.0,1202,10938,26475
58,37471,4,0.0,1203,10938,26533
71,37542,4,0.0,1204,10938,26604
17,37559,4,0.0,1205,10938,26621
11,37570,4,0.0,1206,10938,26632
12,37582,4,0.0,1207,10938,26644
15,37597,4,0.0,1208,10938,26659
41,37638,4,0.0,1209,10938,26700
19,37657,4,0.0,1210,10938,26719
11,37668,4,0.0,1211,10938,26730
79,37747,4,0.0,1212,10938,26809
20,37767,4,0.0,1213,10938,26829
44,37811,4,0.0,1214,10938,26873
25,37836,4,0.0,1215,10938,26898
62,37898,4,0.0,1216,10938,26960
17,37915,4,0.0,1217,10938,26977
13,37928,4,0.0,1218,10938,26990
30,37958,4,0.0,1219,10938,27020
24,37982,4,0.0,1220,10938,27044
19,38001,4,0.0,1221,10938,27063
12,38013,4,0.0,1222,10938,27075
36,38049,4,0.0,1223,10938,27111
22,38071,4,0.0,1224,10938,27133
42,38113,4,0.0,1225,10938,27175
17,38130,4,0.0,1226,10938,27192
22,38152,4,0.0,1227,10938,27214
31,38183,4,0.0,1228,10938,27245
11,38194,4,0.0,1229,10938,27256
21,38215,4,0.0,1230,10938,27277
26,38241,4,0.0,1231,10938,27303
6,38247,4,0.0,1232,10938,27309
17,38264,4,0.0,1233,10938,27326
23,38287,4,0.0,1234,10938,27349
49,38336,4,0.0,1235,10938,27398
54,38390,4,0.0,1236,10938,27452
21,38411,4,0.0,1237,10938,27473
22,38433,4,0.0,1238,10938,27495
15,38448,4,0.0,1239,10938,27510
24,38472,4,0.0,1240,10938,27534
69,38541,5,1.0,1241,10938,27603
31,38572,5,0.0,1242,10938,27634
17,38589,5,0.0,1243,10938,27651
90,38679,5,0.0,1244,10938,27741
100,38779,5,0.0,1245,10938,27841
22,38801,5,0.0,1246,10938,27863
16,38817,5,0.0,1247,10938,27879
23,38840,5,0.0,1248,10938,27902
48,38888,5,0.0,1249,10938,27950
100,38988,5,0.0,1250,10938,28050
22,39010,5,0.0,1251,10938,28072
21,39031,5,0.0,1252,10938,28093
8,39039,5,0.0,1253,10938,28101
55,39094,5,0.0,1254,10938,28156
19,39113,5,0.0,1255,10938,28175
18,39131,5,0.0,1256,10938,28193
31,39162,5,0.0,1257,10938,28224
31,39193,5,0.0,1258,10938,28255
21,39214,5,0.0,1259,10938,28276
18,39232,5,0.0,1260,10938,28294
18,39250,5,0.0,1261,10938,28312
6,39256,5,0.0,1262,10938,28318
44,39300,5,0.0,1263,10938,28362
68,39368,5,0.0,1264,10938,28430
8,39376,5,0.0,1265,10938,28438
19,39395,5,0.0,1266,10938,28457
12,39407,5,0.0,1267,10938,28469
25,39432,5,0.0,1268,10938,28494
10,39442,5,0.0,1269,10938,28504
22,39464,5,0.0,1270,10938,28526
39,39503,5,0.0,1271,10938,28565
42,39545,5,0.0,1272,10938,28607
34,39579,5,0.0,1273,10938,28641
15,39594,5,0.0,1274,10938,28656
54,39648,5,0.0,1275,10938,28710
8,39656,5,0.0,1276,10938,28718
5,39661,5,0.0,1277,10938,28723
48,39709,5,0.0,1278,10938,28771
24,39733,5,0.0,1279,10938,28795
44,39777,5,0.0,1280,10938,28839
43,39820,5,0.0,1281,10938,28882
24,39844,5,0.0,1282,10938,28906
39,39883,5,0.0,1283,10938,28945
30,39913,5,0.0,1284,10938,28975
15,39928,5,0.0,1285,10938,28990
15,39943,5,0.0,1286,10938,29005
30,39973,5,0.0,1287,10938,29035
35,40008,5,0.0,1288,10938,29070
10,40018,5,0.0,1289,10938,29080
52,40070,5,0.0,1290,10938,29132
67,40137,5,0.0,1291,10938,29199
56,40193,5,0.0,1292,10938,29255
31,40224,5,0.0,1293,10938,29286
42,40266,5,0.0,1294,10938,29328
21,40287,5,0.0,1295,10938,29349
20,40307,5,0.0,1296,10938,29369
90,40397,5,0.0,1297,10938,29459
36,40433,5,0.0,1298,10938,29495
32,40465,5,0.0,1299,10938,29527
27,40492,5,0.0,1300,10938,29554
23,40515,5,0.0,1301,10938,29577
32,40547,5,0.0,1302,10938,29609
17,40564,5,0.0,1303,10938,29626
49,40613,5,0.0,1304,10938,29675
38,40651,5,0.0,1305,10938,29713
31,40682,5,0.0,1306,10938,29744
53,40735,5,0.0,1307,10938,29797
28,40763,5,0.0,1308,10938,29825
10,40773,5,0.0,1309,10938,29835
15,40788,5,0.0,1310,10938,29850
14,40802,5,0.0,1311,10938,29864
42,40844,5,0.0,1312,10938,29906
32,40876,5,0.0,1313,10938,29938
9,40885,5,0.0,1314,10938,29947
11,40896,5,0.0,1315,10938,29958
63,40959,5,0.0,1316,10938,30021
67,41026,5,0.0,1317,10938,30088
21,41047,5,0.0,1318,10938,30109
17,41064,5,0.0,1319,10938,30126
19,41083,5,0.0,1320,10938,30145
12,41095,5,0.0,1321,10938,30157
34,41129,5,0.0,1322,10938,30191
27,41156,5,0.0,1323,10938,30218
13,41169,5,0.0,1324,10938,30231
63,41232,5,0.0,1325,10938,30294
16,41248,5,0.0,1326,10938,30310
20,41268,5,0.0,1327,10938,30330
22,41290,5,0.0,1328,10938,30352
12,41302,5,0.0,1329,10938,30364
32,41334,5,0.0,1330,10938,30396
38,41372,5,0.0,1331,10938,30434
13,41385,5,0.0,1332,10938,30447
6,41391,5,0.0,1333,10938,30453
40,41431,5,0.0,1334,10938,30493
17,41448,5,0.0,1335,10938,30510
47,41495,5,0.0,1336,10938,30557
23,41518,5,0.0,1337,10938,30580
6,41524,5,0.0,1338,10938,30586
9,41533,5,0.0,1339,10938,30595
16,41549,5,0.0,1340,10938,30611
14,41563,5,0.0,1341,10938,30625
36,41599,5,0.0,1342,10938,30661
41,41640,5,0.0,1343,10938,30702
18,41658,5,0.0,1344,10938,30720
34,41692,5,0.0,1345,10938,30754
10,41702,5,0.0,1346,10938,30764
13,41715,5,0.0,1347,10938,30777
23,41738,5,0.0,1348,10938,30800
5,41743,5,0.0,1349,10938,30805
71,41814,5,0.0,1350,10938,30876
21,41835,5,0.0,1351,10938,30897
26,41861,5,0.0,1352,10938,30923
48,41909,5,0.0,1353,10938,30971
7,41916,5,0.0,1354,10938,30978
51,41967,5,0.0,1355,10938,31029
16,41983,5,0.0,1356,10938,31045
15,41998,5,0.0,1357,10938,31060
29,42027,5,0.0,1358,10938,31089
17,42044,5,0.0,1359,10938,31106
30,42074,5,0.0,1360,10938,31136
51,42125,5,0.0,1361,10938,31187
32,42157,5,0.0,1362,10938,31219
43,42200,5,0.0,1363,10938,31262
28,42228,5,0.0,1364,10938,31290
45,42273,5,0.0,1365,10938,31335
12,42285,5,0.0,1366,10938,31347
45,42330,5,0.0,1367,10938,31392
39,42369,5,0.0,1368,10938,31431
32,42401,5,0.0,1369,10938,31463
24,42425,5,0.0,1370,10938,31487
38,42463,5,0.0,1371,10938,31525
22,42485,5,0.0,1372,10938,31547
25,42510,5,0.0,1373,10938,31572
53,42563,5,0.0,1374,10938,31625
6,42569,5,0.0,1375,10938,31631
27,42596,5,0.0,1376,10938,31658
37,42633,5,0.0,1377,10938,31695
15,42648,5,0.0,1378,10938,31710
16,42664,5,0.0,1379,10938,31726
45,42709,5,0.0,1380,10938,31771
14,42723,5,0.0,1381,10938,31785
17,42740,5,0.0,1382,10938,31802
24,42764,5,0.0,1383,10938,31826
28,42792,5,0.0,1384,10938,31854
14,42806,5,0.0,1385,10938,31868
43,42849,5,0.0,1386,10938,31911
19,42868,5,0.0,1387,10938,31930
31,42899,5,0.0,1388,10938,31961
45,42944,5,0.0,1389,10938,32006
13,42957,5,0.0,1390,10938,32019
16,42973,5,0.0,1391,10938,32035
35,43008,5,0.0,1392,10938,32070
35,43043,5,0.0,1393,10938,32105
33,43076,5,0.0,1394,10938,32138
30,43106,5,0.0,1395,10938,32168
58,43164,5,0.0,1396,10938,32226
8,43172,5,0.0,1397,10938,32234
42,43214,5,0.0,1398,10938,32276
11,43225,5,0.0,1399,10938,32287
16,43241,5,0.0,1400,10938,32303
20,43261,5,0.0,1401,10938,32323
26,43287,5,0.0,1402,10938,32349
8,43295,5,0.0,1403,10938,32357
52,43347,5,0.0,1404,10938,32409
54,43401,5,0.0,1405,10938,32463
57,43458,5,0.0,1406,10938,32520
45,43503,5,0.0,1407,10938,32565
38,43541,5,0.0,1408,10938,32603
53,43594,5,0.0,1409,10938,32656
17,43611,5,0.0,1410,10938,32673
22,43633,5,0.0,1411,10938,32695
14,43647,5,0.0,1412,10938,32709
51,43698,5,0.0,1413,10938,32760
95,43793,5,0.0,1414,10938,32855
30,43823,5,0.0,1415,10938,32885
18,43841,5,0.0,1416,10938,32903
21,43862,5,0.0,1417,10938,32924
11,43873,5,0.0,1418,10938,32935
54,43927,5,0.0,1419,10938,32989
9,43936,5,0.0,1420,10938,32998
97,44033,5,0.0,1421,10938,33095
39,44072,5,0.0,1422,10938,33134
13,44085,5,0.0,1423,10938,33147
39,44124,5,0.0,1424,10938,33186
31,44155,5,0.0,1425,10938,33217
19,44174,5,0.0,1426,10938,33236
80,44254,5,0.0,1427,10938,33316
6,44260,5,0.0,1428,10938,33322
75,44335,5,0.0,1429,10938,33397
37,44372,5,0.0,1430,10938,33434
100,44472,5,0.0,1431,10938,33534
26,44498,5,0.0,1432,10938,33560
33,44531,5,0.0,1433,10938,33593
48,44579,5,0.0,1434,10938,33641
24,44603,5,0.0,1435,10938,33665
7,44610,5,0.0,1436,10938,33672
17,44627,5,0.0,1437,10938,33689
40,44667,5,0.0,1438,10938,33729
10,44677,5,0.0,1439,10938,33739
84,44761,5,0.0,1440,10938,33823
34,44795,5,0.0,1441,10938,33857
27,44822,5,0.0,1442,10938,33884
21,44843,5,0.0,1443,10938,33905
22,44865,5,0.0,1444,10938,33927
21,44886,5,0.0,1445,10938,33948
31,44917,5,0.0,1446,10938,33979
62,44979,5,0.0,1447,10938,34041
99,45078,5,0.0,1448,10938,34140
21,45099,5,0.0,1449,10938,34161
17,45116,5,0.0,1450,10938,34178
29,45145,5,0.0,1451,10938,34207
35,45180,5,0.0,1452,10938,34242
12,45192,5,0.0,1453,10938,34254
17,45209,5,0.0,1454,10938,34271
17,45226,5,0.0,1455,10938,34288
30,45256,5,0.0,1456,10938,34318
8,45264,5,0.0,1457,10938,34326
14,45278,5,0.0,1458,10938,34340
13,45291,5,0.0,1459,10938,34353
13,45304,5,0.0,1460,10938,34366
8,45312,5,0.0,1461,10938,34374
15,45327,5,0.0,1462,10938,34389
17,45344,5,0.0,1463,10938,34406
100,45444,5,0.0,1464,10938,34506
81,45525,5,0.0,1465,10938,34587
39,45564,5,0.0,1466,10938,34626
47,45611,5,0.0,1467,10938,34673
5,45616,5,0.0,1468,10938,34678
43,45659,5,0.0,1469,10938,34721
52,45711,5,0.0,1470,10938,34773
9,45720,5,0.0,1471,10938,34782
14,45734,5,0.0,1472,10938,34796
22,45756,5,0.0,1473,10938,34818
21,45777,5,0.0,1474,10938,34839
11,45788,5,0.0,1475,10938,34850
24,45812,5,0.0,1476,10938,34874
10,45822,5,0.0,1477,10938,34884
70,45892,5,0.0,1478,10938,34954
82,45974,5,0.0,1479,10938,35036
20,45994,5,0.0,1480,10938,35056
23,46017,5,0.0,1481,10938,35079
8,46025,5,0.0,1482,10938,35087
23,46048,5,0.0,1483,10938,35110
61,46109,5,0.0,1484,10938,35171
75,46184,5,0.0,1485,10938,35246
35,46219,5,0.0,1486,10938,35281
12,46231,5,0.0,1487,10938,35293
59,46290,5,0.0,1488,10938,35352
39,46329,5,0.0,1489,10938,35391
21,46350,5,0.0,1490,10938,35412
49,46399,5,0.0,1491,10938,35461
34,46433,6,1.0,1492,10938,35495
20,46453,6,0.0,1493,10938,35515
12,46465,6,0.0,1494,10938,35527
26,46491,6,0.0,1495,10938,35553
28,46519,6,0.0,1496,10938,35581
11,46530,6,0.0,1497,10938,35592
27,46557,6,0.0,1498,10938,35619
38,46595,6,0.0,1499,10938,35657
16,46611,6,0.0,1500,10938,35673
100,46711,6,0.0,1501,10938,35773
16,46727,6,0.0,1502,10938,35789
88,46815,6,0.0,1503,10938,35877
19,46834,6,0.0,1504,10938,35896
8,46842,6,0.0,1505,10938,35904
7,46849,6,0.0,1506,10938,35911
15,46864,6,0.0,1507,10938,35926
41,46905,6,0.0,1508,10938,35967
9,46914,6,0.0,1509,10938,35976
21,46935,6,0.0,1510,10938,35997
20,46955,6,0.0,1511,10938,36017
13,46968,6,0.0,1512,10938,36030
16,46984,6,0.0,1513,10938,36046
11,46995,6,0.0,1514,10938,36057
28,47023,6,0.0,1515,10938,36085
71,47094,6,0.0,1516,10938,36156
19,47113,6,0.0,1517,10938,36175
22,47135,6,0.0,1518,10938,36197
27,47162,6,0.0,1519,10938,36224
24,47186,6,0.0,1520,10938,36248
62,47248,6,0.0,1521,10938,36310
21,47269,6,0.0,1522,10938,36331
23,47292,6,0.0,1523,10938,36354
44,47336,6,0.0,1524,10938,36398
25,47361,6,0.0,1525,10938,36423
42,47403,6,0.0,1526,10938,36465
29,47432,6,0.0,1527,10938,36494
46,47478,6,0.0,1528,10938,36540
28,47506,6,0.0,1529,10938,36568
30,47536,6,0.0,1530,10938,36598
23,47559,6,0.0,1531,10938,36621
8,47567,6,0.0,1532,10938,36629
17,47584,6,0.0,1533,10938,36646
16,47600,6,0.0,1534,10938,36662
31,47631,6,0.0,1535,10938,36693
51,47682,6,0.0,1536,10938,36744
19,47701,6,0.0,1537,10938,36763
20,47721,6,0.0,1538,10938,36783
47,47768,6,0.0,1539,10938,36830
25,47793,6,0.0,1540,10938,36855
36,47829,6,0.0,1541,10938,36891
23,47852,6,0.0,1542,10938,36914
49,47901,6,0.0,1543,10938,36963
20,47921,6,0.0,1544,10938,36983
12,47933,6,0.0,1545,10938,36995
9,47942,6,0.0,1546,10938,37004
31,47973,6,0.0,1547,10938,37035
100,48073,6,0.0,1548,10938,37135
13,48086,6,0.0,1549,10938,37148
39,48125,6,0.0,1550,10938,37187
19,48144,6,0.0,1551,10938,37206
35,48179,6,0.0,1552,10938,37241
9,48188,6,0.0,1553,10938,37250
12,48200,6,0.0,1554,10938,37262
29,48229,6,0.0,1555,10938,37291
57,48286,6,0.0,1556,10938,37348
15,48301,6,0.0,1557,10938,37363
20,48321,6,0.0,1558,10938,37383
31,48352,6,0.0,1559,10938,37414
15,48367,6,0.0,1560,10938,37429
37,48404,6,0.0,1561,10938,37466
12,48416,6,0.0,1562,10938,37478
26,48442,6,0.0,1563,10938,37504
16,48458,6,0.0,1564,10938,37520
35,48493,6,0.0,1565,10938,37555
13,48506,6,0.0,1566,10938,37568
30,48536,6,0.0,1567,10938,37598
100,48636,6,0.0,1568,10938,37698
23,48659,6,0.0,1569,10938,37721
32,48691,6,0.0,1570,10938,37753
27,48718,6,0.0,1571,10938,37780
13,48731,6,0.0,1572,10938,37793
36,48767,6,0.0,1573,10938,37829
16,48783,6,0.0,1574,10938,37845
44,48827,6,0.0,1575,10938,37889
18,48845,6,0.0,1576,10938,37907
63,48908,6,0.0,1577,10938,37970
82,48990,6,0.0,1578,10938,38052
10,49000,6,0.0,1579,10938,38062
50,49050,6,0.0,1580,10938,38112
6,49056,6,0.0,1581,10938,38118
16,49072,6,0.0,1582,10938,38134
7,49079,6,0.0,1583,10938,38141
14,49093,6,0.0,1584,10938,38155
11,49104,6,0.0,1585,10938,38166
10,49114,6,0.0,1586,10938,38176
54,49168,6,0.0,1587,10938,38230
6,49174,6,0.0,1588,10938,38236
34,49208,6,0.0,1589,10938,38270
32,49240,6,0.0,1590,10938,38302
39,49279,6,0.0,1591,10938,38341
17,49296,6,0.0,1592,10938,38358
27,49323,6,0.0,1593,10938,38385
15,49338,6,0.0,1594,10938,38400
11,49349,6,0.0,1595,10938,38411
15,49364,6,0.0,1596,10938,38426
52,49416,6,0.0,1597,10938,38478
62,49478,6,0.0,1598,10938,38540
44,49522,6,0.0,1599,10938,38584
15,49537,6,0.0,1600,10938,38599
31,49568,6,0.0,1601,10938,38630
51,49619,6,0.0,1602,10938,38681
10,49629,6,0.0,1603,10938,38691
39,49668,6,0.0,1604,10938,38730
69,49737,6,0.0,1605,10938,38799
15,49752,6,0.0,1606,10938,38814
19,49771,6,0.0,1607,10938,38833
32,49803,6,0.0,1608,10938,38865
36,49839,6,0.0,1609,10938,38901
27,49866,6,0.0,1610,10938,38928
65,49931,6,0.0,1611,10938,38993
45,49976,6,0.0,1612,10938,39038
15,49991,6,0.0,1613,10938,39053
23,50014,6,0.0,1614,10938,39076
14,50028,6,0.0,1615,10938,39090
61,50089,6,0.0,1616,10938,39151
100,50189,6,0.0,1617,10938,39251
35,50224,7,1.0,1618,10938,39286
14,50238,7,0.0,1619,10938,39300
39,50277,7,0.0,1620,10938,39339
86,50363,7,0.0,1621,10938,39425
27,50390,7,0.0,1622,10938,39452
34,50424,7,0.0,1623,10938,39486
45,50469,7,0.0,1624,10938,39531
97,50566,7,0.0,1625,10938,39628
12,50578,7,0.0,1626,10938,39640
10,50588,7,0.0,1627,10938,39650
15,50603,7,0.0,1628,10938,39665
48,50651,7,0.0,1629,10938,39713
17,50668,7,0.0,1630,10938,39730
77,50745,7,0.0,1631,10938,39807
26,50771,7,0.0,1632,10938,39833
11,50782,7,0.0,1633,10938,39844
24,50806,7,0.0,1634,10938,39868
25,50831,7,0.0,1635,10938,39893
18,50849,7,0.0,1636,10938,39911
47,50896,7,0.0,1637,10938,39958
100,50996,7,0.0,1638,10938,40058
5,51001,7,0.0,1639,10938,40063
26,51027,7,0.0,1640,10938,40089
53,51080,7,0.0,1641,10938,40142
66,51146,7,0.0,1642,10938,40208
100,51246,7,0.0,1643,10938,40308
66,51312,7,0.0,1644,10938,40374
17,51329,7,0.0,1645,10938,40391
32,51361,7,0.0,1646,10938,40423
35,51396,7,0.0,1647,10938,40458
6,51402,7,0.0,1648,10938,40464
100,51502,7,0.0,1649,10938,40564
45,51547,7,0.0,1650,10938,40609
55,51602,7,0.0,1651,10938,40664
36,51638,7,0.0,1652,10938,40700
35,51673,7,0.0,1653,10938,40735
16,51689,7,0.0,1654,10938,40751
11,51700,7,0.0,1655,10938,40762
8,51708,7,0.0,1656,10938,40770
9,51717,7,0.0,1657,10938,40779
27,51744,7,0.0,1658,10938,40806
40,51784,7,0.0,1659,10938,40846
16,51800,7,0.0,1660,10938,40862
9,51809,7,0.0,1661,10938,40871
60,51869,7,0.0,1662,10938,40931
91,51960,7,0.0,1663,10938,41022
49,52009,7,0.0,1664,10938,41071
25,52034,7,0.0,1665,10938,41096
56,52090,7,0.0,1666,10938,41152
27,52117,7,0.0,1667,10938,41179
13,52130,7,0.0,1668,10938,41192
21,52151,7,0.0,1669,10938,41213
60,52211,7,0.0,1670,10938,41273
32,52243,7,0.0,1671,10938,41305
20,52263,7,0.0,1672,10938,41325
67,52330,7,0.0,1673,10938,41392
21,52351,7,0.0,1674,10938,41413
26,52377,7,0.0,1675,10938,41439
25,52402,7,0.0,1676,10938,41464
19,52421,7,0.0,1677,10938,41483
16,52437,7,0.0,1678,10938,41499
25,52462,7,0.0,1679,10938,41524
27,52489,7,0.0,1680,10938,41551
16,52505,7,0.0,1681,10938,41567
45,52550,7,0.0,1682,10938,41612
10,52560,7,0.0,1683,10938,41622
100,52660,7,0.0,1684,10938,41722
30,52690,7,0.0,1685,10938,41752
16,52706,7,0.0,1686,10938,41768
36,52742,7,0.0,1687,10938,41804
20,52762,7,0.0,1688,10938,41824
30,52792,7,0.0,1689,10938,41854
51,52843,7,0.0,1690,10938,41905
11,52854,7,0.0,1691,10938,41916
22,52876,7,0.0,1692,10938,41938
73,52949,7,0.0,1693,10938,42011
23,52972,7,0.0,1694,10938,42034
11,52983,7,0.0,1695,10938,42045
34,53017,7,0.0,1696,10938,42079
19,53036,7,0.0,1697,10938,42098
30,53066,7,0.0,1698,10938,42128
25,53091,7,0.0,1699,10938,42153
29,53120,7,0.0,1700,10938,42182
17,53137,7,0.0,1701,10938,42199
78,53215,7,0.0,1702,10939,42276
37,53252,7,0.0,1703,10939,42313
24,53276,7,0.0,1704,10939,42337
52,53328,7,0.0,1705,10939,42389
39,53367,7,0.0,1706,10939,42428
5,53372,7,0.0,1707,10939,42433
15,53387,7,0.0,1708,10939,42448
17,53404,7,0.0,1709,10939,42465
100,53504,7,0.0,1710,10939,42565
62,53566,7,0.0,1711,10939,42627
7,53573,7,0.0,1712,10939,42634
100,53673,7,0.0,1713,10939,42734
48,53721,7,0.0,1714,10939,42782
30,53751,7,0.0,1715,10939,42812
42,53793,7,0.0,1716,10939,42854
14,53807,7,0.0,1717,10939,42868
53,53860,7,0.0,1718,10939,42921
19,53879,7,0.0,1719,10939,42940
48,53927,7,0.0,1720,10939,42988
10,53937,7,0.0,1721,10939,42998
58,53995,7,0.0,1722,10939,43056
14,54009,7,0.0,1723,10939,43070
20,54029,7,0.0,1724,10939,43090
46,54075,7,0.0,1725,10939,43136
8,54083,7,0.0,1726,10939,43144
18,54101,7,0.0,1727,10939,43162
9,54110,7,0.0,1728,10939,43171
14,54124,7,0.0,1729,10939,43185
57,54181,7,0.0,1730,10939,43242
33,54214,7,0.0,1731,10939,43275
9,54223,7,0.0,1732,10939,43284
6,54229,7,0.0,1733,10939,43290
23,54252,7,0.0,1734,10939,43313
6,54258,7,0.0,1735,10939,43319
30,54288,7,0.0,1736,10939,43349
19,54307,7,0.0,1737,10939,43368
16,54323,7,0.0,1738,10939,43384
7,54330,7,0.0,1739,10939,43391
20,54350,7,0.0,1740,10939,43411
20,54370,7,0.0,1741,10939,43431
8,54378,7,0.0,1742,10939,43439
52,54430,7,0.0,1743,10939,43491
40,54470,7,0.0,1744,10939,43531
51,54521,7,0.0,1745,10939,43582
44,54565,7,0.0,1746,10939,43626
18,54583,7,0.0,1747,10939,43644
16,54599,7,0.0,1748,10939,43660
12,54611,7,0.0,1749,10939,43672
64,54675,7,0.0,1750,10939,43736
17,54692,7,0.0,1751,10939,43753
23,54715,7,0.0,1752,10939,43776
12,54727,7,0.0,1753,10939,43788
79,54806,7,0.0,1754,10939,43867
35,54841,7,0.0,1755,10939,43902
19,54860,7,0.0,1756,10939,43921
28,54888,7,0.0,1757,10939,43949
50,54938,7,0.0,1758,10939,43999
11,54949,7,0.0,1759,10939,44010
18,54967,7,0.0,1760,10939,44028
36,55003,7,0.0,1761,10939,44064
51,55054,7,0.0,1762,10939,44115
28,55082,7,0.0,1763,10939,44143
51,55133,7,0.0,1764,10939,44194
26,55159,7,0.0,1765,10939,44220
13,55172,7,0.0,1766,10939,44233
5,55177,7,0.0,1767,10939,44238
34,55211,7,0.0,1768,10939,44272
7,55218,7,0.0,1769,10939,44279
27,55245,7,0.0,1770,10939,44306
40,55285,7,0.0,1771,10939,44346
100,55385,7,0.0,1772,10939,44446
54,55439,7,0.0,1773,10939,44500
62,55501,7,0.0,1774,10939,44562
14,55515,7,0.0,1775,10939,44576
41,55556,7,0.0,1776,10939,44617
42,55598,7,0.0,1777,10939,44659
69,55667,7,0.0,1778,10939,44728
21,55688,7,0.0,1779,10939,44749
65,55753,8,1.0,1780,10939,44814
100,55853,8,0.0,1781,10939,44914
71,55924,8,0.0,1782,10939,44985
57,55981,8,0.0,1783,10939,45042
48,56029,8,0.0,1784,10939,45090
15,56044,8,0.0,1785,10939,45105
9,56053,8,0.0,1786,10939,45114
41,56094,8,0.0,1787,10939,45155
62,56156,8,0.0,1788,10939,45217
31,56187,8,0.0,1789,10939,45248
15,56202,8,0.0,1790,10939,45263
57,56259,8,0.0,1791,10939,45320
14,56273,8,0.0,1792,10939,45334
20,56293,8,0.0,1793,10939,45354
27,56320,8,0.0,1794,10939,45381
36,56356,8,0.0,1795,10939,45417
30,56386,8,0.0,1796,10939,45447
30,56416,8,0.0,1797,10939,45477
5,56421,8,0.0,1798,10939,45482
54,56475,8,0.0,1799,10939,45536
14,56489,8,0.0,1800,10939,45550
11,56500,8,0.0,1801,10939,45561
24,56524,8,0.0,1802,10939,45585
85,56609,8,0.0,1803,10939,45670
10,56619,8,0.0,1804,10939,45680
6,56625,8,0.0,1805,10939,45686
63,56688,8,0.0,1806,10939,45749
25,56713,8,0.0,1807,10939,45774
24,56737,8,0.0,1808,10939,45798
7,56744,8,0.0,1809,10939,45805
13,56757,8,0.0,1810,10939,45818
11,56768,8,0.0,1811,10939,45829
10,56778,8,0.0,1812,10939,45839
48,56826,8,0.0,1813,10939,45887
33,56859,8,0.0,1814,10939,45920
44,56903,8,0.0,1815,10939,45964
22,56925,8,0.0,1816,10939,45986
24,56949,8,0.0,1817,10939,46010
47,56996,8,0.0,1818,10939,46057
17,57013,8,0.0,1819,10939,46074
19,57032,8,0.0,1820,10939,46093
7,57039,8,0.0,1821,10939,46100
20,57059,8,0.0,1822,10939,46120
27,57086,8,0.0,1823,10939,46147
71,57157,8,0.0,1824,10939,46218
15,57172,8,0.0,1825,10939,46233
14,57186,8,0.0,1826,10939,46247
8,57194,8,0.0,1827,10939,46255
13,57207,8,0.0,1828,10939,46268
47,57254,8,0.0,1829,10939,46315
18,57272,8,0.0,1830,10939,46333
9,57281,8,0.0,1831,10939,46342
19,57300,8,0.0,1832,10939,46361
36,57336,8,0.0,1833,10939,46397
15,57351,8,0.0,1834,10939,46412
75,57426,8,0.0,1835,10939,46487
23,57449,8,0.0,1836,10939,46510
12,57461,8,0.0,1837,10939,46522
12,57473,8,0.0,1838,10939,46534
42,57515,8,0.0,1839,10939,46576
18,57533,8,0.0,1840,10939,46594
39,57572,8,0.0,1841,10939,46633
26,57598,8,0.0,1842,10939,46659
54,57652,8,0.0,1843,10939,46713
17,57669,8,0.0,1844,10939,46730
18,57687,8,0.0,1845,10939,46748
10,57697,8,0.0,1846,10939,46758
19,57716,8,0.0,1847,10939,46777
21,57737,8,0.0,1848,10939,46798
24,57761,8,0.0,1849,10939,46822
61,57822,8,0.0,1850,10940,46882
12,57834,8,0.0,1851,10940,46894
8,57842,8,0.0,1852,10940,46902
20,57862,8,0.0,1853,10940,46922
26,57888,8,0.0,1854,10940,46948
75,57963,8,0.0,1855,10940,47023
14,57977,8,0.0,1856,10940,47037
31,58008,8,0.0,1857,10940,47068
22,58030,8,0.0,1858,10940,47090
28,58058,8,0.0,1859,10940,47118
45,58103,8,0.0,1860,10940,47163
17,58120,8,0.0,1861,10940,47180
31,58151,8,0.0,1862,10940,47211
31,58182,8,0.0,1863,10940,47242
11,58193,8,0.0,1864,10940,47253
16,58209,8,0.0,1865,10940,47269
52,58261,8,0.0,1866,10940,47321
19,58280,8,0.0,1867,10940,47340
16,58296,8,0.0,1868,10940,47356
23,58319,8,0.0,1869,10940,47379
41,58360,8,0.0,1870,10940,47420
23,58383,8,0.0,1871,10940,47443
37,58420,8,0.0,1872,10940,47480
34,58454,8,0.0,1873,10940,47514
67,58521,8,0.0,1874,10940,47581
12,58533,8,0.0,1875,10940,47593
20,58553,8,0.0,1876,10940,47613
74,58627,8,0.0,1877,10940,47687
18,58645,8,0.0,1878,10940,47705
79,58724,8,0.0,1879,10940,47784
36,58760,8,0.0,1880,10940,47820
42,58802,8,0.0,1881,10940,47862
26,58828,8,0.0,1882,10940,47888
34,58862,8,0.0,1883,10940,47922
18,58880,8,0.0,1884,10940,47940
41,58921,8,0.0,1885,10940,47981
16,58937,8,0.0,1886,10940,47997
18,58955,8,0.0,1887,10940,48015
91,59046,8,0.0,1888,10940,48106
56,59102,8,0.0,1889,10940,48162
68,59170,8,0.0,1890,10940,48230
36,59206,8,0.0,1891,10940,48266
22,59228,8,0.0,1892,10940,48288
22,59250,8,0.0,1893,10940,48310
51,59301,8,0.0,1894,10940,48361
100,59401,8,0.0,1895,10940,48461
65,59466,8,0.0,1896,10940,48526
69,59535,8,0.0,1897,10940,48595
26,59561,8,0.0,1898,10940,48621
44,59605,8,0.0,1899,10940,48665
93,59698,8,0.0,1900,10940,48758
24,59722,8,0.0,1901,10940,48782
13,59735,8,0.0,1902,10940,48795
25,59760,8,0.0,1903,10940,48820
25,59785,8,0.0,1904,10940,48845
37,59822,8,0.0,1905,10940,48882
10,59832,8,0.0,1906,10940,48892
9,59841,8,0.0,1907,10940,48901
11,59852,8,0.0,1908,10940,48912
57,59909,8,0.0,1909,10940,48969
24,59933,8,0.0,1910,10940,48993
20,59953,8,0.0,1911,10940,49013
80,60033,8,0.0,1912,10940,49093
37,60070,8,0.0,1913,10940,49130
84,60154,8,0.0,1914,10940,49214
12,60166,8,0.0,1915,10940,49226
8,60174,8,0.0,1916,10940,49234
9,60183,8,0.0,1917,10940,49243
31,60214,8,0.0,1918,10940,49274
11,60225,8,0.0,1919,10940,49285
100,60325,8,0.0,1920,10940,49385
13,60338,8,0.0,1921,10940,49398
11,60349,8,0.0,1922,10940,49409
37,60386,8,0.0,1923,10940,49446
34,60420,8,0.0,1924,10940,49480
13,60433,8,0.0,1925,10940,49493
18,60451,8,0.0,1926,10940,49511
20,60471,8,0.0,1927,10940,49531
100,60571,8,0.0,1928,10940,49631
26,60597,8,0.0,1929,10940,49657
78,60675,8,0.0,1930,10940,49735
21,60696,8,0.0,1931,10940,49756
39,60735,8,0.0,1932,10940,49795
35,60770,8,0.0,1933,10940,49830
7,60777,8,0.0,1934,10940,49837
39,60816,8,0.0,1935,10940,49876
16,60832,8,0.0,1936,10940,49892
43,60875,8,0.0,1937,10940,49935
8,60883,8,0.0,1938,10940,49943
50,60933,8,0.0,1939,10940,49993
61,60994,8,0.0,1940,10940,50054
41,61035,8,0.0,1941,10940,50095
29,61064,8,0.0,1942,10940,50124
58,61122,8,0.0,1943,10940,50182
57,61179,8,0.0,1944,10940,50239
31,61210,8,0.0,1945,10940,50270
22,61232,8,0.0,1946,10940,50292
50,61282,8,0.0,1947,10940,50342
34,61316,8,0.0,1948,10940,50376
19,61335,8,0.0,1949,10940,50395
11,61346,8,0.0,1950,10940,50406
9,61355,8,0.0,1951,10940,50415
32,61387,8,0.0,1952,10940,50447
20,61407,8,0.0,1953,10940,50467
32,61439,8,0.0,1954,10940,50499
95,61534,8,0.0,1955,10940,50594
37,61571,8,0.0,1956,10940,50631
47,61618,9,1.0,1957,10940,50678
64,61682,9,0.0,1958,10940,50742
13,61695,9,0.0,1959,10940,50755
30,61725,9,0.0,1960,10940,50785
22,61747,9,0.0,1961,10940,50807
35,61782,10,1.0,1962,10940,50842
36,61818,10,0.0,1963,10940,50878
56,61874,10,0.0,1964,10940,50934
10,61884,10,0.0,1965,10940,50944
26,61910,10,0.0,1966,10940,50970
27,61937,10,0.0,1967,10940,50997
43,61980,10,0.0,1968,10940,51040
49,62029,10,0.0,1969,10940,51089
32,62061,10,0.0,1970,10940,51121
18,62079,10,0.0,1971,10940,51139
65,62144,10,0.0,1972,10940,51204
32,62176,10,0.0,1973,10940,51236
7,62183,10,0.0,1974,10940,51243
20,62203,10,0.0,1975,10940,51263
26,62229,10,0.0,1976,10940,51289
29,62258,10,0.0,1977,10940,51318
15,62273,10,0.0,1978,10940,51333
38,62311,10,0.0,1979,10940,51371
10,62321,10,0.0,1980,10940,51381
9,62330,10,0.0,1981,10940,51390
36,62366,10,0.0,1982,10940,51426
26,62392,10,0.0,1983,10940,51452
73,62465,10,0.0,1984,10940,51525
40,62505,10,0.0,1985,10940,51565
19,62524,10,0.0,1986,10940,51584
8,62532,10,0.0,1987,10940,51592
68,62600,10,0.0,1988,10940,51660
10,62610,10,0.0,1989,10940,51670
37,62647,10,0.0,1990,10940,51707
50,62697,10,0.0,1991,10940,51757
11,62708,10,0.0,1992,10940,51768
67,62775,10,0.0,1993,10940,51835
30,62805,10,0.0,1994,10940,51865
54,62859,10,0.0,1995,10940,51919
9,62868,10,0.0,1996,10940,51928
10,62878,10,0.0,1997,10940,51938
34,62912,10,0.0,1998,10940,51972
14,62926,10,0.0,1999,10940,51986
9,62935,10,0.0,2000,10940,51995
12,62947,10,0.0,2001,10940,52007
14,62961,10,0.0,2002,10940,52021
34,62995,10,0.0,2003,10940,52055
15,63010,10,0.0,2004,10940,52070
55,63065,10,0.0,2005,10940,52125
47,63112,10,0.0,2006,10940,52172
22,63134,10,0.0,2007,10940,52194
9,63143,10,0.0,2008,10940,52203
11,63154,10,0.0,2009,10940,52214
29,63183,10,0.0,2010,10940,52243
24,63207,10,0.0,2011,10940,52267
23,63230,10,0.0,2012,10940,52290
53,63283,10,0.0,2013,10940,52343
69,63352,10,0.0,2014,10940,52412
68,63420,10,0.0,2015,10940,52480
23,63443,10,0.0,2016,10940,52503
13,63456,10,0.0,2017,10940,52516
13,63469,10,0.0,2018,10940,52529
20,63489,10,0.0,2019,10940,52549
10,63499,10,0.0,2020,10940,52559
17,63516,10,0.0,2021,10940,52576
6,63522,10,0.0,2022,10940,52582
48,63570,10,0.0,2023,10940,52630
35,63605,10,0.0,2024,10940,52665
40,63645,10,0.0,2025,10940,52705
40,63685,10,0.0,2026,10940,52745
91,63776,10,0.0,2027,10940,52836
37,63813,10,0.0,2028,10940,52873
19,63832,10,0.0,2029,10940,52892
26,63858,10,0.0,2030,10940,52918
46,63904,10,0.0,2031,10940,52964
43,63947,10,0.0,2032,10940,53007
42,63989,10,0.0,2033,10940,53049
34,64023,10,0.0,2034,10940,53083
17,64040,10,0.0,2035,10940,53100
46,64086,10,0.0,2036,10940,53146
33,64119,10,0.0,2037,10940,53179
48,64167,10,0.0,2038,10940,53227
44,64211,10,0.0,2039,10940,53271
33,64244,10,0.0,2040,10940,53304
57,64301,10,0.0,2041,10940,53361
42,64343,10,0.0,2042,10940,53403
32,64375,10,0.0,2043,10940,53435
20,64395,10,0.0,2044,10940,53455
30,64425,10,0.0,2045,10940,53485
9,64434,10,0.0,2046,10940,53494
88,64522,10,0.0,2047,10940,53582
31,64553,10,0.0,2048,10940,53613
38,64591,10,0.0,2049,10940,53651
9,64600,10,0.0,2050,10940,53660
17,64617,10,0.0,2051,10940,53677
38,64655,10,0.0,2052,10940,53715
61,64716,10,0.0,2053,10940,53776
30,64746,10,0.0,2054,10940,53806
14,64760,10,0.0,2055,10940,53820
13,64773,10,0.0,2056,10940,53833
38,64811,10,0.0,2057,10940,53871
50,64861,11,1.0,2058,10940,53921
13,64874,11,0.0,2059,10940,53934
25,64899,11,0.0,2060,10940,53959
15,64914,11,0.0,2061,10940,53974
12,64926,11,0.0,2062,10940,53986
28,64954,11,0.0,2063,10940,54014
19,64973,11,0.0,2064,10940,54033
31,65004,11,0.0,2065,10940,54064
58,65062,11,0.0,2066,10940,54122
76,65138,11,0.0,2067,10940,54198
28,65166,11,0.0,2068,10940,54226
24,65190,11,0.0,2069,10940,54250
19,65209,11,0.0,2070,10940,54269
27,65236,11,0.0,2071,10940,54296
54,65290,11,0.0,2072,10940,54350
14,65304,11,0.0,2073,10940,54364
33,65337,11,0.0,2074,10940,54397
100,65437,11,0.0,2075,10940,54497
42,65479,11,0.0,2076,10940,54539
10,65489,11,0.0,2077,10940,54549
81,65570,11,0.0,2078,10940,54630
74,65644,11,0.0,2079,10940,54704
59,65703,11,0.0,2080,10940,54763
15,65718,11,0.0,2081,10940,54778
22,65740,11,0.0,2082,10940,54800
22,65762,11,0.0,2083,10940,54822
98,65860,11,0.0,2084,10940,54920
20,65880,11,0.0,2085,10940,54940
29,65909,11,0.0,2086,10940,54969
13,65922,11,0.0,2087,10940,54982
61,65983,11,0.0,2088,10940,55043
29,66012,11,0.0,2089,10940,55072
18,66030,11,0.0,2090,10940,55090
13,66043,11,0.0,2091,10940,55103
51,66094,11,0.0,2092,10940,55154
7,66101,11,0.0,2093,10940,55161
21,66122,11,0.0,2094,10940,55182
18,66140,11,0.0,2095,10940,55200
41,66181,11,0.0,2096,10940,55241
18,66199,11,0.0,2097,10940,55259
40,66239,11,0.0,2098,10940,55299
12,66251,11,0.0,2099,10940,55311
33,66284,11,0.0,2100,10940,55344
12,66296,11,0.0,2101,10940,55356
10,66306,11,0.0,2102,10940,55366
30,66336,11,0.0,2103,10940,55396
16,66352,11,0.0,2104,10940,55412
9,66361,11,0.0,2105,10940,55421
55,66416,11,0.0,2106,10940,55476
22,66438,11,0.0,2107,10940,55498
41,66479,11,0.0,2108,10940,55539
16,66495,11,0.0,2109,10940,55555
54,66549,11,0.0,2110,10940,55609
36,66585,11,0.0,2111,10940,55645
5,66590,11,0.0,2112,10940,55650
26,66616,11,0.0,2113,10940,55676
32,66648,11,0.0,2114,10940,55708
40,66688,11,0.0,2115,10940,55748
19,66707,11,0.0,2116,10940,55767
21,66728,11,0.0,2117,10940,55788
33,66761,11,0.0,2118,10940,55821
66,66827,11,0.0,2119,10940,55887
62,66889,11,0.0,2120,10940,55949
100,66989,11,0.0,2121,10940,56049
28,67017,11,0.0,2122,10940,56077
35,67052,11,0.0,2123,10940,56112
49,67101,11,0.0,2124,10940,56161
13,67114,11,0.0,2125,10940,56174
9,67123,11,0.0,2126,10940,56183
28,67151,11,0.0,2127,10940,56211
37,67188,11,0.0,2128,10940,56248
30,67218,11,0.0,2129,10940,56278
25,67243,11,0.0,2130,10940,56303
30,67273,11,0.0,2131,10940,56333
53,67326,11,0.0,2132,10940,56386
9,67335,11,0.0,2133,10940,56395
25,67360,11,0.0,2134,10940,56420
12,67372,11,0.0,2135,10940,56432
20,67392,11,0.0,2136,10940,56452
35,67427,12,1.0,2137,10940,56487
24,67451,12,0.0,2138,10940,56511
9,67460,12,0.0,2139,10940,56520
42,67502,12,0.0,2140,10940,56562
20,67522,12,0.0,2141,10940,56582
14,67536,12,0.0,2142,10940,56596
27,67563,12,0.0,2143,10940,56623
8,67571,12,0.0,2144,10940,56631
92,67663,12,0.0,2145,10940,56723
25,67688,12,0.0,2146,10940,56748
34,67722,12,0.0,2147,10940,56782
36,67758,12,0.0,2148,10940,56818
7,67765,12,0.0,2149,10940,56825
13,67778,12,0.0,2150,10940,56838
21,67799,12,0.0,2151,10940,56859
15,67814,12,0.0,2152,10940,56874
67,67881,12,0.0,2153,10940,56941
29,67910,12,0.0,2154,10940,56970
17,67927,12,0.0,2155,10940,56987
47,67974,12,0.0,2156,10940,57034
39,68013,12,0.0,2157,10940,57073
66,68079,12,0.0,2158,10940,57139
83,68162,12,0.0,2159,10940,57222
9,68171,12,0.0,2160,10940,57231
24,68195,12,0.0,2161,10940,57255
6,68201,12,0.0,2162,10940,57261
27,68228,12,0.0,2163,10940,57288
26,68254,12,0.0,2164,10940,57314
36,68290,12,0.0,2165,10940,57350
14,68304,12,0.0,2166,10940,57364
38,68342,12,0.0,2167,10940,57402
16,68358,12,0.0,2168,10940,57418
10,68368,12,0.0,2169,10940,57428
30,68398,12,0.0,2170,10940,57458
45,68443,12,0.0,2171,10940,57503
49,68492,12,0.0,2172,10940,57552
21,68513,12,0.0,2173,10940,57573
10,68523,12,0.0,2174,10940,57583
37,68560,12,0.0,2175,10940,57620
21,68581,12,0.0,2176,10940,57641
17,68598,12,0.0,2177,10940,57658
61,68659,12,0.0,2178,10940,57719
16,68675,12,0.0,2179,10940,57735
89,68764,12,0.0,2180,10940,57824
13,68777,12,0.0,2181,10940,57837
48,68825,12,0.0,2182,10940,57885
60,68885,12,0.0,2183,10940,57945
31,68916,12,0.0,2184,10940,57976
58,68974,12,0.0,2185,10940,58034
15,68989,12,0.0,2186,10940,58049
28,69017,12,0.0,2187,10940,58077
100,69117,12,0.0,2188,10940,58177
26,69143,12,0.0,2189,10940,58203
79,69222,12,0.0,2190,10940,58282
6,69228,12,0.0,2191,10940,58288
8,69236,12,0.0,2192,10940,58296
20,69256,12,0.0,2193,10940,58316
20,69276,12,0.0,2194,10940,58336
16,69292,12,0.0,2195,10940,58352
25,69317,12,0.0,2196,10940,58377
15,69332,12,0.0,2197,10940,58392
8,69340,12,0.0,2198,10940,58400
11,69351,12,0.0,2199,10940,58411
19,69370,12,0.0,2200,10940,58430
14,69384,12,0.0,2201,10940,58444
59,69443,12,0.0,2202,10940,58503
55,69498,12,0.0,2203,10940,58558
34,69532,12,0.0,2204,10940,58592
5,69537,12,0.0,2205,10940,58597
9,69546,12,0.0,2206,10940,58606
16,69562,12,0.0,2207,10940,58622
33,69595,12,0.0,2208,10940,58655
27,69622,12,0.0,2209,10940,58682
41,69663,12,0.0,2210,10940,58723
24,69687,12,0.0,2211,10940,58747
88,69775,12,0.0,2212,10940,58835
6,69781,12,0.0,2213,10940,58841
13,69794,12,0.0,2214,10940,58854
12,69806,12,0.0,2215,10940,58866
94,69900,12,0.0,2216,10940,58960
18,69918,12,0.0,2217,10940,58978
14,69932,12,0.0,2218,10940,58992
44,69976,12,0.0,2219,10940,59036
17,69993,12,0.0,2220,10940,59053
44,70037,12,0.0,2221,10940,59097
77,70114,12,0.0,2222,10940,59174
27,70141,12,0.0,2223,10940,59201
47,70188,12,0.0,2224,10940,59248
49,70237,12,0.0,2225,10940,59297
20,70257,12,0.0,2226,10940,59317
18,70275,12,0.0,2227,10940,59335
66,70341,12,0.0,2228,10940,59401
32,70373,12,0.0,2229,10940,59433
35,70408,12,0.0,2230,10940,59468
11,70419,12,0.0,2231,10940,59479
16,70435,12,0.0,2232,10940,59495
84,70519,12,0.0,2233,10940,59579
65,70584,12,0.0,2234,10940,59644
36,70620,12,0.0,2235,10940,59680
17,70637,12,0.0,2236,10940,59697
41,70678,12,0.0,2237,10940,59738
46,70724,12,0.0,2238,10940,59784
44,70768,12,0.0,2239,10940,59828
13,70781,12,0.0,2240,10940,59841
41,70822,12,0.0,2241,10940,59882
41,70863,12,0.0,2242,10940,59923
17,70880,12,0.0,2243,10940,59940
32,70912,12,0.0,2244,10940,59972
13,70925,12,0.0,2245,10940,59985
27,70952,12,0.0,2246,10940,60012
11,70963,12,0.0,2247,10940,60023
20,70983,12,0.0,2248,10940,60043
100,71083,12,0.0,2249,10940,60143
15,71098,12,0.0,2250,10940,60158
31,71129,12,0.0,2251,10940,60189
56,71185,12,0.0,2252,10940,60245
24,71209,12,0.0,2253,10940,60269
12,71221,12,0.0,2254,10940,60281
45,71266,12,0.0,2255,10940,60326
100,71366,12,0.0,2256,10940,60426
36,71402,12,0.0,2257,10940,60462
37,71439,12,0.0,2258,10940,60499
31,71470,12,0.0,2259,10940,60530
22,71492,12,0.0,2260,10940,60552
31,71523,12,0.0,2261,10940,60583
33,71556,12,0.0,2262,10940,60616
75,71631,12,0.0,2263,10940,60691
7,71638,12,0.0,2264,10940,60698
100,71738,12,0.0,2265,10940,60798
22,71760,12,0.0,2266,10940,60820
32,71792,12,0.0,2267,10940,60852
33,71825,12,0.0,2268,10940,60885
8,71833,12,0.0,2269,10940,60893
20,71853,12,0.0,2270,10940,60913
10,71863,12,0.0,2271,10940,60923
66,71929,12,0.0,2272,10940,60989
47,71976,12,0.0,2273,10940,61036
22,71998,12,0.0,2274,10940,61058
15,72013,12,0.0,2275,10940,61073
22,72035,12,0.0,2276,10940,61095
9,72044,12,0.0,2277,10940,61104
15,72059,12,0.0,2278,10940,61119
36,72095,12,0.0,2279,10940,61155
28,72123,12,0.0,2280,10940,61183
5,72128,12,0.0,2281,10940,61188
21,72149,12,0.0,2282,10940,61209
35,72184,12,0.0,2283,10940,61244
10,72194,12,0.0,2284,10940,61254
26,72220,12,0.0,2285,10940,61280
15,72235,12,0.0,2286,10940,61295
22,72257,12,0.0,2287,10940,61317
5,72262,12,0.0,2288,10940,61322
26,72288,12,0.0,2289,10940,61348
6,72294,12,0.0,2290,10940,61354
19,72313,12,0.0,2291,10940,61373
40,72353,12,0.0,2292,10940,61413
7,72360,12,0.0,2293,10940,61420
40,72400,12,0.0,2294,10940,61460
44,72444,12,0.0,2295,10940,61504
36,72480,12,0.0,2296,10940,61540
35,72515,12,0.0,2297,10940,61575
21,72536,12,0.0,2298,10940,61596
33,72569,12,0.0,2299,10940,61629
10,72579,12,0.0,2300,10940,61639
8,72587,12,0.0,2301,10940,61647
18,72605,12,0.0,2302,10940,61665
22,72627,12,0.0,2303,10940,61687
45,72672,12,0.0,2304,10940,61732
62,72734,12,0.0,2305,10940,61794
19,72753,12,0.0,2306,10940,61813
12,72765,12,0.0,2307,10940,61825
26,72791,12,0.0,2308,10940,61851
34,72825,12,0.0,2309,10940,61885
10,72835,12,0.0,2310,10940,61895
6,72841,12,0.0,2311,10940,61901
20,72861,12,0.0,2312,10940,61921
15,72876,12,0.0,2313,10940,61936
9,72885,12,0.0,2314,10940,61945
28,72913,12,0.0,2315,10940,61973
35,72948,12,0.0,2316,10940,62008
56,73004,12,0.0,2317,10940,62064
49,73053,12,0.0,2318,10940,62113
37,73090,12,0.0,2319,10940,62150
17,73107,12,0.0,2320,10940,62167
27,73134,12,0.0,2321,10940,62194
18,73152,12,0.0,2322,10940,62212
20,73172,12,0.0,2323,10940,62232
7,73179,12,0.0,2324,10940,62239
14,73193,12,0.0,2325,10940,62253
10,73203,12,0.0,2326,10940,62263
40,73243,12,0.0,2327,10940,62303
17,73260,12,0.0,2328,10940,62320
11,73271,12,0.0,2329,10940,62331
16,73287,12,0.0,2330,10940,62347
25,73312,12,0.0,2331,10940,62372
17,73329,12,0.0,2332,10940,62389
13,73342,12,0.0,2333,10940,62402
27,73369,12,0.0,2334,10940,62429
14,73383,12,0.0,2335,10940,62443
13,73396,12,0.0,2336,10940,62456
67,73463,12,0.0,2337,10940,62523
13,73476,12,0.0,2338,10940,62536
38,73514,12,0.0,2339,10940,62574
11,73525,12,0.0,2340,10940,62585
22,73547,12,0.0,2341,10940,62607
89,73636,12,0.0,2342,10940,62696
7,73643,12,0.0,2343,10940,62703
19,73662,12,0.0,2344,10940,62722
17,73679,12,0.0,2345,10940,62739
17,73696,12,0.0,2346,10940,62756
79,73775,12,0.0,2347,10940,62835
13,73788,12,0.0,2348,10940,62848
8,73796,12,0.0,2349,10940,62856
31,73827,12,0.0,2350,10940,62887
29,73856,12,0.0,2351,10940,62916
9,73865,12,0.0,2352,10940,62925
43,73908,12,0.0,2353,10940,62968
16,73924,12,0.0,2354,10940,62984
31,73955,12,0.0,2355,10940,63015
7,73962,12,0.0,2356,10940,63022
62,74024,12,0.0,2357,10940,63084
22,74046,12,0.0,2358,10940,63106
60,74106,12,0.0,2359,10940,63166
19,74125,12,0.0,2360,10940,63185
28,74153,12,0.0,2361,10940,63213
5,74158,12,0.0,2362,10940,63218
42,74200,12,0.0,2363,10940,63260
40,74240,12,0.0,2364,10940,63300
42,74282,12,0.0,2365,10940,63342
26,74308,12,0.0,2366,10940,63368
50,74358,12,0.0,2367,10940,63418
22,74380,12,0.0,2368,10940,63440
23,74403,12,0.0,2369,10940,63463
13,74416,12,0.0,2370,10940,63476
10,74426,12,0.0,2371,10940,63486
13,74439,12,0.0,2372,10940,63499
13,74452,12,0.0,2373,10940,63512
59,74511,12,0.0,2374,10940,63571
26,74537,12,0.0,2375,10940,63597
18,74555,12,0.0,2376,10940,63615
9,74564,12,0.0,2377,10940,63624
58,74622,12,0.0,2378,10940,63682
65,74687,12,0.0,2379,10940,63747
16,74703,12,0.0,2380,10940,63763
11,74714,12,0.0,2381,10940,63774
41,74755,12,0.0,2382,10940,63815
32,74787,12,0.0,2383,10940,63847
14,74801,12,0.0,2384,10940,63861
42,74843,12,0.0,2385,10940,63903
63,74906,12,0.0,2386,10940,63966
26,74932,12,0.0,2387,10940,63992
17,74949,12,0.0,2388,10940,64009
18,74967,12,0.0,2389,10940,64027
63,75030,12,0.0,2390,10940,64090
14,75044,12,0.0,2391,10940,64104
39,75083,13,1.0,2392,10940,64143
10,75093,13,0.0,2393,10940,64153
27,75120,13,0.0,2394,10940,64180
31,75151,13,0.0,2395,10940,64211
10,75161,13,0.0,2396,10940,64221
17,75178,13,0.0,2397,10940,64238
35,75213,13,0.0,2398,10940,64273
32,75245,13,0.0,2399,10940,64305
14,75259,13,0.0,2400,10940,64319
14,75273,13,0.0,2401,10940,64333
34,75307,13,0.0,2402,10940,64367
36,75343,13,0.0,2403,10940,64403
9,75352,13,0.0,2404,10940,64412
38,75390,13,0.0,2405,10940,64450
7,75397,13,0.0,2406,10940,64457
10,75407,13,0.0,2407,10940,64467
38,75445,13,0.0,2408,10940,64505
27,75472,13,0.0,2409,10940,64532
23,75495,13,0.0,2410,10940,64555
12,75507,13,0.0,2411,10940,64567
18,75525,13,0.0,2412,10940,64585
8,75533,13,0.0,2413,10940,64593
18,75551,13,0.0,2414,10940,64611
34,75585,13,0.0,2415,10940,64645
5,75590,13,0.0,2416,10940,64650
9,75599,13,0.0,2417,10940,64659
35,75634,13,0.0,2418,10940,64694
100,75734,13,0.0,2419,10940,64794
24,75758,13,0.0,2420,10940,64818
42,75800,13,0.0,2421,10940,64860
10,75810,13,0.0,2422,10940,64870
20,75830,13,0.0,2423,10940,64890
57,75887,13,0.0,2424,10940,64947
20,75907,13,0.0,2425,10940,64967
7,75914,13,0.0,2426,10940,64974
17,75931,13,0.0,2427,10940,64991
51,75982,13,0.0,2428,10940,65042
48,76030,13,0.0,2429,10940,65090
16,76046,13,0.0,2430,10940,65106
54,76100,13,0.0,2431,10940,65160
16,76116,13,0.0,2432,10940,65176
36,76152,13,0.0,2433,10940,65212
15,76167,13,0.0,2434,10940,65227
25,76192,13,0.0,2435,10940,65252
23,76215,13,0.0,2436,10940,65275
13,76228,13,0.0,2437,10940,65288
52,76280,13,0.0,2438,10940,65340
29,76309,13,0.0,2439,10940,65369
21,76330,13,0.0,2440,10940,65390
39,76369,13,0.0,2441,10940,65429
39,76408,13,0.0,2442,10940,65468
53,76461,13,0.0,2443,10940,65521
32,76493,13,0.0,2444,10940,65553
7,76500,13,0.0,2445,10940,65560
35,76535,13,0.0,2446,10940,65595
22,76557,13,0.0,2447,10940,65617
42,76599,13,0.0,2448,10940,65659
18,76617,13,0.0,2449,10940,65677
35,76652,13,0.0,2450,10940,65712
22,76674,13,0.0,2451,10940,65734
25,76699,13,0.0,2452,10940,65759
20,76719,13,0.0,2453,10940,65779
16,76735,13,0.0,2454,10940,65795
45,76780,13,0.0,2455,10940,65840
60,76840,13,0.0,2456,10940,65900
72,76912,13,0.0,2457,10940,65972
17,76929,13,0.0,2458,10940,65989
23,76952,13,0.0,2459,10940,66012
20,76972,13,0.0,2460,10940,66032
47,77019,14,1.0,2461,10940,66079
19,77038,14,0.0,2462,10940,66098
7,77045,14,0.0,2463,10940,66105
52,77097,14,0.0,2464,10940,66157
33,77130,14,0.0,2465,10940,66190
18,77148,14,0.0,2466,10940,66208
46,77194,14,0.0,2467,10940,66254
40,77234,14,0.0,2468,10940,66294
59,77293,14,0.0,2469,10940,66353
46,77339,14,0.0,2470,10940,66399
5,77344,14,0.0,2471,10940,66404
17,77361,14,0.0,2472,10940,66421
9,77370,14,0.0,2473,10940,66430
73,77443,14,0.0,2474,10940,66503
29,77472,14,0.0,2475,10940,66532
47,77519,14,0.0,2476,10940,66579
18,77537,14,0.0,2477,10940,66597
33,77570,14,0.0,2478,10940,66630
20,77590,14,0.0,2479,10940,66650
18,77608,14,0.0,2480,10940,66668
32,77640,14,0.0,2481,10940,66700
75,77715,14,0.0,2482,10940,66775
14,77729,14,0.0,2483,10940,66789
37,77766,14,0.0,2484,10940,66826
66,77832,14,0.0,2485,10940,66892
40,77872,14,0.0,2486,10940,66932
25,77897,14,0.0,2487,10940,66957
16,77913,14,0.0,2488,10940,66973
11,77924,14,0.0,2489,10940,66984
27,77951,14,0.0,2490,10940,67011
36,77987,14,0.0,2491,10940,67047
33,78020,14,0.0,2492,10940,67080
26,78046,14,0.0,2493,10940,67106
18,78064,14,0.0,2494,10940,67124
27,78091,14,0.0,2495,10940,67151
16,78107,14,0.0,2496,10940,67167
34,78141,14,0.0,2497,10940,67201
31,78172,14,0.0,2498,10940,67232
30,78202,14,0.0,2499,10940,67262
23,78225,14,0.0,2500,10940,67285
40,78265,14,0.0,2501,10940,67325
28,78293,14,0.0,2502,10940,67353
20,78313,14,0.0,2503,10940,67373
19,78332,14,0.0,2504,10940,67392
11,78343,14,0.0,2505,10940,67403
19,78362,14,0.0,2506,10940,67422
22,78384,14,0.0,2507,10940,67444
51,78435,15,1.0,2508,10940,67495
41,78476,15,0.0,2509,10940,67536
15,78491,15,0.0,2510,10940,67551
32,78523,15,0.0,2511,10940,67583
32,78555,15,0.0,2512,10940,67615
28,78583,15,0.0,2513,10940,67643
48,78631,15,0.0,2514,10940,67691
14,78645,15,0.0,2515,10940,67705
34,78679,15,0.0,2516,10940,67739
29,78708,15,0.0,2517,10940,67768
41,78749,15,0.0,2518,10940,67809
10,78759,15,0.0,2519,10940,67819
40,78799,15,0.0,2520,10940,67859
25,78824,15,0.0,2521,10940,67884
39,78863,15,0.0,2522,10940,67923
41,78904,15,0.0,2523,10940,67964
13,78917,15,0.0,2524,10940,67977
44,78961,15,0.0,2525,10940,68021
32,78993,15,0.0,2526,10940,68053
23,79016,15,0.0,2527,10940,68076
11,79027,15,0.0,2528,10940,68087
9,79036,15,0.0,2529,10940,68096
11,79047,15,0.0,2530,10940,68107
59,79106,15,0.0,2531,10940,68166
77,79183,15,0.0,2532,10940,68243
14,79197,15,0.0,2533,10940,68257
88,79285,15,0.0,2534,10940,68345
49,79334,15,0.0,2535,10940,68394
16,79350,15,0.0,2536,10940,68410
27,79377,15,0.0,2537,10940,68437
63,79440,15,0.0,2538,10940,68500
80,79520,15,0.0,2539,10940,68580
15,79535,15,0.0,2540,10940,68595
20,79555,15,0.0,2541,10940,68615
62,79617,15,0.0,2542,10940,68677
16,79633,15,0.0,2543,10940,68693
32,79665,15,0.0,2544,10940,68725
22,79687,15,0.0,2545,10940,68747
12,79699,15,0.0,2546,10940,68759
39,79738,15,0.0,2547,10940,68798
10,79748,15,0.0,2548,10940,68808
14,79762,15,0.0,2549,10940,68822
9,79771,15,0.0,2550,10940,68831
20,79791,15,0.0,2551,10940,68851
21,79812,15,0.0,2552,10940,68872
45,79857,15,0.0,2553,10940,68917
49,79906,15,0.0,2554,10940,68966
28,79934,15,0.0,2555,10940,68994
17,79951,15,0.0,2556,10940,69011
100,80051,15,0.0,2557,10940,69111
41,80092,15,0.0,2558,10940,69152
15,80107,15,0.0,2559,10940,69167
26,80133,15,0.0,2560,10940,69193
26,80159,15,0.0,2561,10940,69219
11,80170,15,0.0,2562,10940,69230
21,80191,15,0.0,2563,10940,69251
23,80214,15,0.0,2564,10940,69274
28,80242,15,0.0,2565,10940,69302
26,80268,15,0.0,2566,10940,69328
7,80275,15,0.0,2567,10940,69335
31,80306,15,0.0,2568,10940,69366
49,80355,15,0.0,2569,10940,69415
8,80363,15,0.0,2570,10940,69423
29,80392,15,0.0,2571,10940,69452
21,80413,15,0.0,2572,10940,69473
24,80437,15,0.0,2573,10940,69497
17,80454,15,0.0,2574,10940,69514
14,80468,15,0.0,2575,10940,69528
17,80485,15,0.0,2576,10940,69545
56,80541,15,0.0,2577,10940,69601
55,80596,15,0.0,2578,10940,69656
12,80608,15,0.0,2579,10940,69668
37,80645,15,0.0,2580,10940,69705
34,80679,15,0.0,2581,10940,69739
17,80696,15,0.0,2582,10940,69756
55,80751,15,0.0,2583,10940,69811
38,80789,15,0.0,2584,10940,69849
57,80846,15,0.0,2585,10940,69906
31,80877,15,0.0,2586,10940,69937
16,80893,15,0.0,2587,10940,69953
28,80921,15,0.0,2588,10940,69981
72,80993,15,0.0,2589,10940,70053
12,81005,15,0.0,2590,10940,70065
29,81034,15,0.0,2591,10940,70094
44,81078,15,0.0,2592,10940,70138
47,81125,15,0.0,2593,10940,70185
44,81169,15,0.0,2594,10940,70229
9,81178,15,0.0,2595,10940,70238
60,81238,15,0.0,2596,10940,70298
14,81252,15,0.0,2597,10940,70312
14,81266,15,0.0,2598,10940,70326
46,81312,15,0.0,2599,10940,70372
73,81385,15,0.0,2600,10940,70445
7,81392,15,0.0,2601,10940,70452
63,81455,15,0.0,2602,10940,70515
12,81467,15,0.0,2603,10940,70527
8,81475,15,0.0,2604,10940,70535
8,81483,15,0.0,2605,10940,70543
12,81495,15,0.0,2606,10940,70555
7,81502,15,0.0,2607,10940,70562
26,81528,15,0.0,2608,10940,70588
23,81551,15,0.0,2609,10940,70611
11,81562,15,0.0,2610,10940,70622
38,81600,15,0.0,2611,10940,70660
13,81613,15,0.0,2612,10940,70673
12,81625,15,0.0,2613,10940,70685
14,81639,15,0.0,2614,10940,70699
43,81682,15,0.0,2615,10940,70742
7,81689,15,0.0,2616,10940,70749
8,81697,15,0.0,2617,10940,70757
71,81768,15,0.0,2618,10940,70828
40,81808,15,0.0,2619,10940,70868
70,81878,15,0.0,2620,10940,70938
11,81889,15,0.0,2621,10940,70949
17,81906,15,0.0,2622,10940,70966
9,81915,15,0.0,2623,10940,70975
10,81925,15,0.0,2624,10940,70985
50,81975,15,0.0,2625,10940,71035
33,82008,15,0.0,2626,10940,71068
24,82032,15,0.0,2627,10940,71092
30,82062,15,0.0,2628,10940,71122
11,82073,15,0.0,2629,10940,71133
14,82087,15,0.0,2630,10940,71147
25,82112,15,0.0,2631,10940,71172
16,82128,15,0.0,2632,10940,71188
13,82141,15,0.0,2633,10940,71201
66,82207,15,0.0,2634,10940,71267
79,82286,15,0.0,2635,10940,71346
22,82308,15,0.0,2636,10940,71368
21,82329,15,0.0,2637,10940,71389
18,82347,15,0.0,2638,10940,71407
21,82368,15,0.0,2639,10940,71428
56,82424,15,0.0,2640,10940,71484
56,82480,15,0.0,2641,10940,71540
11,82491,15,0.0,2642,10940,71551
5,82496,15,0.0,2643,10940,71556
18,82514,15,0.0,2644,10940,71574
51,82565,15,0.0,2645,10940,71625
37,82602,15,0.0,2646,10940,71662
14,82616,15,0.0,2647,10940,71676
21,82637,15,0.0,2648,10940,71697
10,82647,15,0.0,2649,10940,71707
29,82676,15,0.0,2650,10940,71736
19,82695,15,0.0,2651,10940,71755
34,82729,15,0.0,2652,10940,71789
54,82783,15,0.0,2653,10940,71843
17,82800,15,0.0,2654,10940,71860
12,82812,15,0.0,2655,10940,71872
100,82912,15,0.0,2656,10940,71972
26,82938,15,0.0,2657,10940,71998
24,82962,15,0.0,2658,10940,72022
17,82979,15,0.0,2659,10940,72039
86,83065,15,0.0,2660,10940,72125
40,83105,15,0.0,2661,10940,72165
22,83127,15,0.0,2662,10940,72187
21,83148,15,0.0,2663,10940,72208
6,83154,15,0.0,2664,10940,72214
33,83187,15,0.0,2665,10940,72247
11,83198,15,0.0,2666,10940,72258
31,83229,15,0.0,2667,10940,72289
7,83236,15,0.0,2668,10940,72296
21,83257,15,0.0,2669,10940,72317
29,83286,15,0.0,2670,10940,72346
49,83335,15,0.0,2671,10940,72395
32,83367,15,0.0,2672,10940,72427
42,83409,15,0.0,2673,10940,72469
31,83440,15,0.0,2674,10940,72500
100,83540,15,0.0,2675,10940,72600
13,83553,15,0.0,2676,10940,72613
60,83613,15,0.0,2677,10940,72673
32,83645,15,0.0,2678,10940,72705
14,83659,15,0.0,2679,10940,72719
11,83670,15,0.0,2680,10940,72730
19,83689,15,0.0,2681,10940,72749
68,83757,15,0.0,2682,10940,72817
28,83785,15,0.0,2683,10940,72845
31,83816,15,0.0,2684,10940,72876
24,83840,15,0.0,2685,10940,72900
35,83875,15,0.0,2686,10940,72935
29,83904,15,0.0,2687,10940,72964
34,83938,15,0.0,2688,10940,72998
19,83957,15,0.0,2689,10940,73017
14,83971,15,0.0,2690,10940,73031
15,83986,15,0.0,2691,10940,73046
23,84009,15,0.0,2692,10940,73069
26,84035,15,0.0,2693,10940,73095
47,84082,15,0.0,2694,10940,73142
8,84090,15,0.0,2695,10940,73150
57,84147,15,0.0,2696,10940,73207
11,84158,15,0.0,2697,10940,73218
30,84188,15,0.0,2698,10940,73248
75,84263,15,0.0,2699,10940,73323
16,84279,15,0.0,2700,10940,73339
19,84298,15,0.0,2701,10940,73358
16,84314,15,0.0,2702,10940,73374
47,84361,15,0.0,2703,10940,73421
15,84376,15,0.0,2704,10940,73436
12,84388,15,0.0,2705,10940,73448
22,84410,15,0.0,2706,10940,73470
14,84424,15,0.0,2707,10940,73484
50,84474,15,0.0,2708,10940,73534
34,84508,15,0.0,2709,10940,73568
16,84524,15,0.0,2710,10940,73584
17,84541,15,0.0,2711,10940,73601
60,84601,15,0.0,2712,10940,73661
9,84610,15,0.0,2713,10940,73670
19,84629,15,0.0,2714,10940,73689
90,84719,15,0.0,2715,10940,73779
35,84754,15,0.0,2716,10940,73814
34,84788,15,0.0,2717,10940,73848
20,84808,15,0.0,2718,10940,73868
29,84837,15,0.0,2719,10940,73897
25,84862,15,0.0,2720,10940,73922
14,84876,15,0.0,2721,10940,73936
30,84906,15,0.0,2722,10940,73966
47,84953,15,0.0,2723,10940,74013
29,84982,15,0.0,2724,10940,74042
35,85017,15,0.0,2725,10940,74077
54,85071,15,0.0,2726,10940,74131
29,85100,15,0.0,2727,10940,74160
50,85150,15,0.0,2728,10940,74210
20,85170,15,0.0,2729,10940,74230
11,85181,15,0.0,2730,10940,74241
14,85195,15,0.0,2731,10940,74255
11,85206,15,0.0,2732,10940,74266
64,85270,15,0.0,2733,10940,74330
31,85301,15,0.0,2734,10940,74361
41,85342,15,0.0,2735,10940,74402
12,85354,15,0.0,2736,10940,74414
13,85367,15,0.0,2737,10940,74427
15,85382,15,0.0,2738,10940,74442
24,85406,15,0.0,2739,10940,74466
9,85415,15,0.0,2740,10940,74475
66,85481,15,0.0,2741,10940,74541
34,85515,15,0.0,2742,10940,74575
68,85583,15,0.0,2743,10940,74643
29,85612,15,0.0,2744,10940,74672
23,85635,15,0.0,2745,10940,74695
26,85661,15,0.0,2746,10940,74721
22,85683,15,0.0,2747,10940,74743
34,85717,15,0.0,2748,10940,74777
23,85740,15,0.0,2749,10940,74800
26,85766,15,0.0,2750,10940,74826
100,85866,15,0.0,2751,10940,74926
25,85891,15,0.0,2752,10940,74951
21,85912,15,0.0,2753,10940,74972
98,86010,15,0.0,2754,10940,75070
46,86056,15,0.0,2755,10940,75116
29,86085,15,0.0,2756,10940,75145
26,86111,15,0.0,2757,10940,75171
16,86127,15,0.0,2758,10940,75187
36,86163,15,0.0,2759,10940,75223
39,86202,15,0.0,2760,10940,75262
13,86215,15,0.0,2761,10940,75275
32,86247,15,0.0,2762,10940,75307
50,86297,16,1.0,2763,10940,75357
7,86304,16,0.0,2764,10940,75364
14,86318,16,0.0,2765,10940,75378
69,86387,16,0.0,2766,10940,75447
37,86424,16,0.0,2767,10940,75484
7,86431,16,0.0,2768,10940,75491
19,86450,16,0.0,2769,10940,75510
49,86499,16,0.0,2770,10940,75559
8,86507,16,0.0,2771,10940,75567
20,86527,16,0.0,2772,10940,75587
36,86563,16,0.0,2773,10940,75623
21,86584,16,0.0,2774,10940,75644
15,86599,16,0.0,2775,10940,75659
25,86624,16,0.0,2776,10940,75684
21,86645,16,0.0,2777,10940,75705
34,86679,16,0.0,2778,10940,75739
9,86688,16,0.0,2779,10940,75748
13,86701,16,0.0,2780,10940,75761
5,86706,16,0.0,2781,10940,75766
23,86729,16,0.0,2782,10940,75789
10,86739,16,0.0,2783,10940,75799
33,86772,16,0.0,2784,10940,75832
52,86824,16,0.0,2785,10940,75884
24,86848,16,0.0,2786,10940,75908
14,86862,16,0.0,2787,10940,75922
6,86868,16,0.0,2788,10940,75928
38,86906,16,0.0,2789,10940,75966
21,86927,16,0.0,2790,10940,75987
57,86984,16,0.0,2791,10940,76044
45,87029,16,0.0,2792,10940,76089
24,87053,16,0.0,2793,10940,76113
22,87075,16,0.0,2794,10940,76135
68,87143,16,0.0,2795,10940,76203
60,87203,16,0.0,2796,10940,76263
18,87221,16,0.0,2797,10940,76281
15,87236,16,0.0,2798,10940,76296
10,87246,16,0.0,2799,10940,76306
42,87288,16,0.0,2800,10940,76348
32,87320,16,0.0,2801,10940,76380
22,87342,16,0.0,2802,10940,76402
63,87405,16,0.0,2803,10940,76465
44,87449,16,0.0,2804,10940,76509
50,87499,16,0.0,2805,10940,76559
11,87510,16,0.0,2806,10940,76570
30,87540,16,0.0,2807,10940,76600
16,87556,16,0.0,2808,10940,76616
59,87615,16,0.0,2809,10940,76675
56,87671,16,0.0,2810,10940,76731
53,87724,16,0.0,2811,10940,76784
40,87764,16,0.0,2812,10940,76824
27,87791,16,0.0,2813,10940,76851
29,87820,16,0.0,2814,10940,76880
20,87840,16,0.0,2815,10940,76900
9,87849,16,0.0,2816,10940,76909
38,87887,16,0.0,2817,10940,76947
24,87911,16,0.0,2818,10940,76971
25,87936,16,0.0,2819,10940,76996
14,87950,16,0.0,2820,10940,77010
31,87981,16,0.0,2821,10940,77041
37,88018,16,0.0,2822,10940,77078
15,88033,16,0.0,2823,10940,77093
25,88058,16,0.0,2824,10940,77118
57,88115,16,0.0,2825,10940,77175
95,88210,16,0.0,2826,10940,77270
18,88228,16,0.0,2827,10940,77288
55,88283,16,0.0,2828,10940,77343
78,88361,16,0.0,2829,10940,77421
28,88389,16,0.0,2830,10940,77449
54,88443,16,0.0,2831,10940,77503
12,88455,16,0.0,2832,10940,77515
23,88478,16,0.0,2833,10940,77538
15,88493,16,0.0,2834,10940,77553
62,88555,16,0.0,2835,10940,77615
78,88633,16,0.0,2836,10940,77693
32,88665,16,0.0,2837,10940,77725
100,88765,16,0.0,2838,10940,77825
20,88785,16,0.0,2839,10940,77845
14,88799,16,0.0,2840,10940,77859
10,88809,16,0.0,2841,10940,77869
36,88845,16,0.0,2842,10940,77905
8,88853,16,0.0,2843,10940,77913
61,88914,16,0.0,2844,10940,77974
45,88959,16,0.0,2845,10940,78019
17,88976,16,0.0,2846,10940,78036
33,89009,16,0.0,2847,10940,78069
54,89063,16,0.0,2848,10940,78123
55,89118,16,0.0,2849,10940,78178
21,89139,16,0.0,2850,10940,78199
45,89184,16,0.0,2851,10940,78244
22,89206,16,0.0,2852,10940,78266
9,89215,16,0.0,2853,10940,78275
29,89244,16,0.0,2854,10940,78304
12,89256,16,0.0,2855,10940,78316
9,89265,16,0.0,2856,10940,78325
16,89281,16,0.0,2857,10940,78341
33,89314,16,0.0,2858,10940,78374
70,89384,16,0.0,2859,10940,78444
23,89407,16,0.0,2860,10940,78467
13,89420,16,0.0,2861,10940,78480
32,89452,16,0.0,2862,10940,78512
25,89477,16,0.0,2863,10940,78537
100,89577,16,0.0,2864,10940,78637
21,89598,16,0.0,2865,10940,78658
100,89698,16,0.0,2866,10940,78758
11,89709,16,0.0,2867,10940,78769
24,89733,16,0.0,2868,10940,78793
11,89744,16,0.0,2869,10940,78804
10,89754,16,0.0,2870,10940,78814
22,89776,16,0.0,2871,10940,78836
22,89798,16,0.0,2872,10940,78858
5,89803,16,0.0,2873,10940,78863
50,89853,16,0.0,2874,10940,78913
34,89887,16,0.0,2875,10940,78947
8,89895,16,0.0,2876,10940,78955
20,89915,16,0.0,2877,10940,78975
68,89983,16,0.0,2878,10940,79043
33,90016,16,0.0,2879,10940,79076
6,90022,16,0.0,2880,10940,79082
64,90086,16,0.0,2881,10940,79146
28,90114,16,0.0,2882,10940,79174
40,90154,16,0.0,2883,10940,79214
67,90221,16,0.0,2884,10940,79281
15,90236,16,0.0,2885,10940,79296
15,90251,16,0.0,2886,10940,79311
100,90351,16,0.0,2887,10940,79411
26,90377,16,0.0,2888,10940,79437
18,90395,16,0.0,2889,10940,79455
57,90452,16,0.0,2890,10940,79512
22,90474,16,0.0,2891,10940,79534
26,90500,16,0.0,2892,10940,79560
41,90541,16,0.0,2893,10940,79601
63,90604,16,0.0,2894,10940,79664
59,90663,16,0.0,2895,10940,79723
34,90697,16,0.0,2896,10940,79757
19,90716,16,0.0,2897,10940,79776
44,90760,16,0.0,2898,10940,79820
64,90824,16,0.0,2899,10940,79884
37,90861,16,0.0,2900,10940,79921
35,90896,16,0.0,2901,10940,79956
31,90927,16,0.0,2902,10940,79987
28,90955,16,0.0,2903,10940,80015
73,91028,16,0.0,2904,10940,80088
59,91087,16,0.0,2905,10940,80147
23,91110,16,0.0,2906,10940,80170
20,91130,16,0.0,2907,10940,80190
16,91146,16,0.0,2908,10940,80206
17,91163,16,0.0,2909,10940,80223
67,91230,16,0.0,2910,10940,80290
10,91240,16,0.0,2911,10940,80300
46,91286,16,0.0,2912,10940,80346
100,91386,16,0.0,2913,10940,80446
24,91410,16,0.0,2914,10940,80470
9,91419,16,0.0,2915,10940,80479
32,91451,16,0.0,2916,10940,80511
33,91484,16,0.0,2917,10940,80544
22,91506,16,0.0,2918,10940,80566
27,91533,16,0.0,2919,10940,80593
31,91564,16,0.0,2920,10940,80624
34,91598,16,0.0,2921,10940,80658
17,91615,16,0.0,2922,10940,80675
26,91641,16,0.0,2923,10940,80701
22,91663,16,0.0,2924,10940,80723
28,91691,16,0.0,2925,10940,80751
69,91760,16,0.0,2926,10940,80820
52,91812,16,0.0,2927,10940,80872
27,91839,16,0.0,2928,10940,80899
52,91891,16,0.0,2929,10940,80951
55,91946,16,0.0,2930,10940,81006
30,91976,16,0.0,2931,10940,81036
20,91996,16,0.0,2932,10940,81056
36,92032,16,0.0,2933,10940,81092
19,92051,16,0.0,2934,10940,81111
41,92092,16,0.0,2935,10940,81152
27,92119,16,0.0,2936,10940,81179
7,92126,16,0.0,2937,10940,81186
19,92145,16,0.0,2938,10940,81205
18,92163,16,0.0,2939,10940,81223
7,92170,16,0.0,2940,10940,81230
25,92195,16,0.0,2941,10940,81255
40,92235,16,0.0,2942,10940,81295
24,92259,16,0.0,2943,10940,81319
89,92348,16,0.0,2944,10940,81408
32,92380,16,0.0,2945,10940,81440
53,92433,16,0.0,2946,10940,81493
29,92462,16,0.0,2947,10940,81522
15,92477,16,0.0,2948,10940,81537
11,92488,16,0.0,2949,10940,81548
22,92510,16,0.0,2950,10940,81570
75,92585,16,0.0,2951,10940,81645
56,92641,16,0.0,2952,10940,81701
7,92648,16,0.0,2953,10940,81708
6,92654,16,0.0,2954,10940,81714
20,92674,16,0.0,2955,10940,81734
16,92690,16,0.0,2956,10940,81750
61,92751,16,0.0,2957,10940,81811
17,92768,16,0.0,2958,10940,81828
8,92776,16,0.0,2959,10940,81836
100,92876,16,0.0,2960,10940,81936
24,92900,16,0.0,2961,10940,81960
15,92915,16,0.0,2962,10940,81975
14,92929,16,0.0,2963,10940,81989
17,92946,16,0.0,2964,10940,82006
41,92987,16,0.0,2965,10940,82047
50,93037,16,0.0,2966,10940,82097
33,93070,16,0.0,2967,10940,82130
24,93094,16,0.0,2968,10940,82154
21,93115,16,0.0,2969,10940,82175
53,93168,16,0.0,2970,10940,82228
38,93206,16,0.0,2971,10940,82266
21,93227,16,0.0,2972,10940,82287
30,93257,16,0.0,2973,10940,82317
48,93305,16,0.0,2974,10940,82365
19,93324,16,0.0,2975,10940,82384
15,93339,16,0.0,2976,10940,82399
22,93361,16,0.0,2977,10940,82421
58,93419,16,0.0,2978,10940,82479
12,93431,16,0.0,2979,10940,82491
19,93450,16,0.0,2980,10940,82510
15,93465,16,0.0,2981,10940,82525
76,93541,16,0.0,2982,10940,82601
18,93559,16,0.0,2983,10940,82619
14,93573,16,0.0,2984,10940,82633
50,93623,16,0.0,2985,10940,82683
36,93659,16,0.0,2986,10940,82719
38,93697,16,0.0,2987,10940,82757
22,93719,16,0.0,2988,10940,82779
10,93729,16,0.0,2989,10940,82789
30,93759,16,0.0,2990,10940,82819
59,93818,16,0.0,2991,10940,82878
49,93867,16,0.0,2992,10940,82927
30,93897,16,0.0,2993,10940,82957
14,93911,16,0.0,2994,10940,82971
69,93980,16,0.0,2995,10940,83040
10,93990,16,0.0,2996,10940,83050
7,93997,16,0.0,2997,10940,83057
35,94032,16,0.0,2998,10940,83092
23,94055,16,0.0,2999,10940,83115
24,94079,16,0.0,3000,10940,83139
7,94086,16,0.0,3001,10940,83146
19,94105,16,0.0,3002,10940,83165
28,94133,16,0.0,3003,10940,83193
15,94148,16,0.0,3004,10940,83208
17,94165,16,0.0,3005,10940,83225
40,94205,16,0.0,3006,10940,83265
30,94235,16,0.0,3007,10940,83295
17,94252,16,0.0,3008,10940,83312
45,94297,16,0.0,3009,10940,83357
9,94306,16,0.0,3010,10940,83366
8,94314,16,0.0,3011,10940,83374
71,94385,16,0.0,3012,10940,83445
17,94402,16,0.0,3013,10940,83462
14,94416,16,0.0,3014,10940,83476
15,94431,16,0.0,3015,10940,83491
15,94446,16,0.0,3016,10940,83506
22,94468,16,0.0,3017,10941,83527
27,94495,16,0.0,3018,10941,83554
17,94512,16,0.0,3019,10941,83571
45,94557,16,0.0,3020,10941,83616
14,94571,16,0.0,3021,10941,83630
26,94597,16,0.0,3022,10941,83656
20,94617,16,0.0,3023,10941,83676
20,94637,16,0.0,3024,10941,83696
19,94656,16,0.0,3025,10941,83715
13,94669,16,0.0,3026,10941,83728
66,94735,16,0.0,3027,10941,83794
22,94757,16,0.0,3028,10941,83816
49,94806,16,0.0,3029,10941,83865
17,94823,16,0.0,3030,10941,83882
20,94843,16,0.0,3031,10941,83902
12,94855,16,0.0,3032,10941,83914
19,94874,16,0.0,3033,10941,83933
12,94886,16,0.0,3034,10941,83945
11,94897,16,0.0,3035,10941,83956
17,94914,16,0.0,3036,10941,83973
34,94948,16,0.0,3037,10941,84007
54,95002,16,0.0,3038,10941,84061
31,95033,16,0.0,3039,10941,84092
98,95131,16,0.0,3040,10941,84190
14,95145,16,0.0,3041,10941,84204
44,95189,16,0.0,3042,10941,84248
16,95205,16,0.0,3043,10941,84264
48,95253,16,0.0,3044,10941,84312
23,95276,16,0.0,3045,10941,84335
79,95355,16,0.0,3046,10941,84414
8,95363,16,0.0,3047,10941,84422
22,95385,16,0.0,3048,10941,84444
42,95427,16,0.0,3049,10941,84486
49,95476,16,0.0,3050,10941,84535
17,95493,16,0.0,3051,10941,84552
22,95515,16,0.0,3052,10941,84574
11,95526,16,0.0,3053,10941,84585
79,95605,16,0.0,3054,10941,84664
25,95630,16,0.0,3055,10941,84689
23,95653,16,0.0,3056,10941,84712
19,95672,16,0.0,3057,10941,84731
16,95688,16,0.0,3058,10941,84747
85,95773,16,0.0,3059,10941,84832
5,95778,16,0.0,3060,10941,84837
100,95878,16,0.0,3061,10941,84937
57,95935,16,0.0,3062,10941,84994
8,95943,16,0.0,3063,10941,85002
7,95950,16,0.0,3064,10941,85009
8,95958,16,0.0,3065,10941,85017
49,96007,16,0.0,3066,10941,85066
86,96093,16,0.0,3067,10941,85152
57,96150,16,0.0,3068,10941,85209
5,96155,16,0.0,3069,10941,85214
33,96188,16,0.0,3070,10941,85247
95,96283,16,0.0,3071,10941,85342
17,96300,16,0.0,3072,10941,85359
15,96315,16,0.0,3073,10941,85374
18,96333,16,0.0,3074,10941,85392
6,96339,16,0.0,3075,10941,85398
53,96392,16,0.0,3076,10941,85451
32,96424,16,0.0,3077,10941,85483
32,96456,16,0.0,3078,10941,85515
16,96472,16,0.0,3079,10941,85531
22,96494,16,0.0,3080,10941,85553
46,96540,16,0.0,3081,10941,85599
27,96567,16,0.0,3082,10941,85626
96,96663,16,0.0,3083,10941,85722
73,96736,16,0.0,3084,10941,85795
86,96822,16,0.0,3085,10941,85881
37,96859,16,0.0,3086,10941,85918
21,96880,16,0.0,3087,10941,85939
44,96924,16,0.0,3088,10941,85983
17,96941,16,0.0,3089,10941,86000
6,96947,16,0.0,3090,10941,86006
11,96958,16,0.0,3091,10941,86017
24,96982,16,0.0,3092,10941,86041
78,97060,16,0.0,3093,10941,86119
20,97080,16,0.0,3094,10941,86139
29,97109,16,0.0,3095,10941,86168
31,97140,16,0.0,3096,10941,86199
31,97171,16,0.0,3097,10941,86230
68,97239,16,0.0,3098,10941,86298
26,97265,16,0.0,3099,10941,86324
32,97297,16,0.0,3100,10941,86356
46,97343,16,0.0,3101,10941,86402
26,97369,16,0.0,3102,10941,86428
21,97390,16,0.0,3103,10941,86449
14,97404,16,0.0,3104,10941,86463
74,97478,16,0.0,3105,10941,86537
12,97490,16,0.0,3106,10941,86549
8,97498,16,0.0,3107,10941,86557
11,97509,16,0.0,3108,10941,86568
5,97514,16,0.0,3109,10941,86573
85,97599,16,0.0,3110,10941,86658
13,97612,16,0.0,3111,10941,86671
10,97622,16,0.0,3112,10941,86681
5,97627,16,0.0,3113,10941,86686
26,97653,16,0.0,3114,10941,86712
35,97688,16,0.0,3115,10941,86747
15,97703,16,0.0,3116,10941,86762
15,97718,16,0.0,3117,10941,86777
31,97749,16,0.0,3118,10941,86808
35,97784,16,0.0,3119,10941,86843
52,97836,16,0.0,3120,10941,86895
10,97846,16,0.0,3121,10941,86905
27,97873,16,0.0,3122,10941,86932
21,97894,16,0.0,3123,10941,86953
95,97989,16,0.0,3124,10941,87048
52,98041,16,0.0,3125,10941,87100
12,98053,16,0.0,3126,10941,87112
16,98069,16,0.0,3127,10941,87128
100,98169,16,0.0,3128,10941,87228
23,98192,16,0.0,3129,10941,87251
14,98206,16,0.0,3130,10941,87265
25,98231,16,0.0,3131,10941,87290
42,98273,16,0.0,3132,10941,87332
43,98316,16,0.0,3133,10941,87375
30,98346,16,0.0,3134,10941,87405
7,98353,16,0.0,3135,10941,87412
25,98378,16,0.0,3136,10941,87437
57,98435,16,0.0,3137,10941,87494
38,98473,16,0.0,3138,10941,87532
11,98484,16,0.0,3139,10941,87543
13,98497,16,0.0,3140,10941,87556
37,98534,16,0.0,3141,10941,87593
13,98547,16,0.0,3142,10941,87606
90,98637,16,0.0,3143,10941,87696
35,98672,16,0.0,3144,10941,87731
22,98694,16,0.0,3145,10941,87753
15,98709,16,0.0,3146,10941,87768
30,98739,16,0.0,3147,10941,87798
22,98761,16,0.0,3148,10941,87820
26,98787,16,0.0,3149,10941,87846
36,98823,16,0.0,3150,10941,87882
9,98832,16,0.0,3151,10941,87891
69,98901,16,0.0,3152,10941,87960
20,98921,16,0.0,3153,10941,87980
10,98931,16,0.0,3154,10941,87990
47,98978,16,0.0,3155,10941,88037
77,99055,16,0.0,3156,10941,88114
100,99155,16,0.0,3157,10941,88214
21,99176,16,0.0,3158,10941,88235
30,99206,16,0.0,3159,10941,88265
14,99220,16,0.0,3160,10941,88279
100,99320,16,0.0,3161,10941,88379
30,99350,16,0.0,3162,10941,88409
25,99375,16,0.0,3163,10941,88434
18,99393,16,0.0,3164,10941,88452
24,99417,16,0.0,3165,10941,88476
13,99430,16,0.0,3166,10941,88489
25,99455,16,0.0,3167,10941,88514
71,99526,16,0.0,3168,10941,88585
25,99551,16,0.0,3169,10941,88610
13,99564,16,0.0,3170,10941,88623
35,99599,17,1.0,3171,10941,88658
54,99653,17,0.0,3172,10941,88712
11,99664,17,0.0,3173,10941,88723
15,99679,17,0.0,3174,10941,88738
25,99704,17,0.0,3175,10941,88763
24,99728,17,0.0,3176,10941,88787
26,99754,17,0.0,3177,10941,88813
12,99766,17,0.0,3178,10941,88825
19,99785,17,0.0,3179,10941,88844
17,99802,17,0.0,3180,10941,88861
29,99831,17,0.0,3181,10941,88890
48,99879,17,0.0,3182,10941,88938
82,99961,17,0.0,3183,10941,89020
12,99973,17,0.0,3184,10941,89032
