iteration,successes,successes_episode,reward_episode,episode_count,random_act,timestep,epsilon
26,26,0,0.0,1,26,0,1.0
21,47,0,0.0,2,47,0,0.9901493354116764
22,69,0,0.0,3,69,0,0.9803966865736877
35,104,0,0.0,4,104,0,0.970741078213023
44,148,0,0.0,5,148,0,0.9611815447608
6,154,0,0.0,6,154,0,0.9517171302557069
22,176,0,0.0,7,175,1,0.9423468882484062
45,221,0,0.0,8,214,7,0.9330698817068888
48,269,0,0.0,9,258,11,0.9238851829227694
50,319,0,0.0,10,305,14,0.9147918734185159
18,337,0,0.0,11,321,16,0.9057890438555999
32,369,0,0.0,12,351,18,0.896875793943563
16,385,0,0.0,13,365,20,0.888051232349986
10,395,0,0.0,14,374,21,0.8793144766113556
100,495,0,0.0,15,457,38,0.8706646530448178
49,544,0,0.0,16,497,47,0.8621008966608072
32,576,0,0.0,17,527,49,0.8536223510765493
24,600,0,0.0,18,548,52,0.8452281684304199
14,614,0,0.0,19,562,52,0.8369175092971592
60,674,0,0.0,20,613,61,0.8286895426039287
33,707,0,0.0,21,641,66,0.820543445547202
39,746,0,0.0,22,673,73,0.8124784035104852
13,759,0,0.0,23,683,76,0.8044936099828537
27,786,0,0.0,24,706,80,0.7965882664783007
11,797,0,0.0,25,714,83,0.7887615824558879
38,835,0,0.0,26,744,91,0.7810127752406908
23,858,0,0.0,27,760,98,0.7733410699455306
31,889,0,0.0,28,785,104,0.7657456993934846
19,908,0,0.0,29,800,108,0.7582259040411682
12,920,0,0.0,30,808,112,0.7507809319027796
99,1019,0,0.0,31,888,131,0.7434100384749007
23,1042,0,0.0,32,903,139,0.7361124866620463
64,1106,0,0.0,33,952,154,0.7288875467029541
34,1140,0,0.0,34,974,166,0.7217344960976069
79,1219,0,0.0,35,1024,195,0.7146526195349836
93,1312,0,0.0,36,1095,217,0.7076412088215263
23,1335,0,0.0,37,1110,225,0.7006995628103208
48,1383,0,0.0,38,1150,233,0.6938269873309811
22,1405,0,0.0,39,1162,243,0.6870227951202322
21,1426,0,0.0,40,1177,249,0.680286305753183
35,1461,0,0.0,41,1205,256,0.6736168455752829
20,1481,0,0.0,42,1217,264,0.6670137476349562
57,1538,0,0.0,43,1247,291,0.6604763516169062
19,1557,0,0.0,44,1258,299,0.6540040037760834
66,1623,0,0.0,45,1297,326,0.64759605687231
18,1641,0,0.0,46,1309,332,0.6412518701055556
15,1656,0,0.0,47,1316,340,0.6349708090518567
12,1668,0,0.0,48,1322,346,0.6287522455998737
45,1713,0,0.0,49,1355,358,0.6225955578880794
18,1731,0,0.0,50,1364,367,0.616500130242572
58,1789,0,0.0,51,1401,388,0.6104653531155071
42,1831,0,0.0,52,1424,407,0.6044906230241432
14,1845,0,0.0,53,1431,414,0.5985753424904925
22,1867,0,0.0,54,1445,422,0.5927189199815717
56,1923,0,0.0,55,1484,439,0.5869207698502498
77,2000,0,0.0,56,1527,473,0.5811803122766818
24,2024,0,0.0,57,1543,481,0.5754969732103268
100,2124,0,0.0,58,1586,538,0.5698701843125418
21,2145,0,0.0,59,1601,544,0.564299382899748
22,2167,0,0.0,60,1611,556,0.558784011887162
43,2210,0,0.0,61,1632,578,0.5533235197330862
70,2280,0,0.0,62,1675,605,0.5479173603837548
47,2327,0,0.0,63,1699,628,0.5425649932187278
49,2376,0,0.0,64,1719,657,0.5372658829968282
24,2400,0,0.0,65,1734,666,0.5320194998026181
11,2411,0,0.0,66,1743,668,0.5268253189934059
33,2444,0,0.0,67,1758,686,0.5216828211467822
16,2460,0,0.0,68,1769,691,0.516591492008677
50,2510,0,0.0,69,1794,716,0.5115508224419336
18,2528,0,0.0,70,1805,723,0.5065603083753949
100,2628,0,0.0,71,1862,766,0.5016194507534953
21,2649,0,0.0,72,1875,774,0.49672775548635545
18,2667,0,0.0,73,1885,782,0.491884733400372
27,2694,0,0.0,74,1902,792,0.48708990018930043
21,2715,0,0.0,75,1910,805,0.48234277636582407
23,2738,0,0.0,76,1920,818,0.47764288721360454
43,2781,0,0.0,77,1937,844,0.47298976273981014
20,2801,0,0.0,78,1951,850,0.4683829376281158
35,2836,0,0.0,79,1965,871,0.4638219511921713
14,2850,0,0.0,80,1971,879,0.4593063473295323
27,2877,0,0.0,81,1979,898,0.45483567447604933
30,2907,0,0.0,82,1992,915,0.4504094855607117
16,2923,0,0.0,83,1997,926,0.44602733796093924
74,2997,0,0.0,84,2026,971,0.4416887934583202
35,3032,0,0.0,85,2040,992,0.43739341819478894
25,3057,0,0.0,86,2051,1006,0.43314078262923944
36,3093,0,0.0,87,2062,1031,0.4289304614945713
11,3104,0,0.0,88,2070,1034,0.42476203375516264
17,3121,0,0.0,89,2075,1046,0.42063508256476556
100,3221,0,0.0,90,2120,1101,0.41654919522482203
82,3303,0,0.0,91,2155,1148,0.4125039631431931
14,3317,0,0.0,92,2162,1155,0.40849898179329963
66,3383,0,0.0,93,2195,1188,0.404533850673669
100,3483,0,0.0,94,2235,1248,0.40060817326788506
27,3510,0,0.0,95,2244,1266,0.3967215570049359
100,3610,0,0.0,96,2278,1332,0.3928736132199562
44,3654,0,0.0,97,2291,1363,0.38906395711536096
38,3692,0,0.0,98,2306,1386,0.38529220772236483
20,3712,0,0.0,99,2316,1396,0.3815579878628856
71,3783,0,0.0,100,2343,1440,0.37786092411182526
21,3804,0,0.0,101,2352,1452,0.3742006467597279
52,3856,0,0.0,102,2375,1481,0.3705767897758081
45,3901,0,0.0,103,2390,1511,0.3669889907713475
72,3973,0,0.0,104,2417,1556,0.36343689096345594
31,4004,0,0.0,105,2427,1577,0.35992013513919235
68,4072,0,0.0,106,2453,1619,0.35643837162004377
17,4089,0,0.0,107,2458,1631,0.3529912522267568
16,4105,0,0.0,108,2466,1639,0.34957843224451957
21,4126,0,0.0,109,2472,1654,0.34619957038848975
70,4196,0,0.0,110,2498,1698,0.34285432876966604
23,4219,0,0.0,111,2502,1717,0.3395423728610988
20,4239,0,0.0,112,2509,1730,0.3362633714644372
37,4276,0,0.0,113,2524,1752,0.33301699667680906
30,4306,0,0.0,114,2531,1775,0.3298029238580304
15,4321,0,0.0,115,2536,1785,0.3266208315981408
10,4331,0,0.0,116,2539,1792,0.32347040168526264
17,4348,0,0.0,117,2545,1803,0.3203513190737793
13,4361,0,0.0,118,2548,1813,0.3172632718528302
12,4373,0,0.0,119,2553,1820,0.31420595121511996
21,4394,0,0.0,120,2562,1832,0.311179051426037
35,4429,0,0.0,121,2572,1857,0.3081822697930801
82,4511,0,0.0,122,2591,1920,0.3052153066355885
16,4527,0,0.0,123,2596,1931,0.30227786525477407
14,4541,0,0.0,124,2600,1941,0.29936965190405085
68,4609,0,0.0,125,2616,1993,0.29649037575966014
47,4656,0,0.0,126,2632,2024,0.29363974889158817
29,4685,0,0.0,127,2642,2043,0.2908174862347727
55,4740,0,0.0,128,2654,2086,0.28802330556059597
34,4774,0,0.0,129,2667,2107,0.2852569274486622
42,4816,0,0.0,130,2683,2133,0.2825180752588548
27,4843,0,0.0,131,2691,2152,0.27980647510367246
9,4852,0,0.0,132,2694,2158,0.2771218558208399
21,4873,0,0.0,133,2699,2174,0.27446394894619186
63,4936,0,0.0,134,2719,2217,0.27183248868682575
52,4988,0,0.0,135,2728,2260,0.26922721189452276
61,5049,0,0.0,136,2741,2308,0.2666478580394326
34,5083,0,0.0,137,2746,2337,0.26409416918402034
55,5138,0,0.0,138,2763,2375,0.26156588995727226
23,5161,0,0.0,139,2768,2393,0.2590627675291589
13,5174,0,0.0,140,2774,2400,0.2565845515853515
12,5186,0,0.0,141,2780,2406,0.2541309943021904
26,5212,0,0.0,142,2786,2426,0.25170185032190273
31,5243,0,0.0,143,2793,2450,0.24929687672806608
44,5287,0,0.0,144,2807,2480,0.246915833021317
36,5323,0,0.0,145,2815,2508,0.24455848109530054
34,5357,0,0.0,146,2822,2535,0.2422245852128597
51,5408,0,0.0,147,2840,2568,0.23991391198246126
35,5443,0,0.0,148,2852,2591,0.2376262303348566
34,5477,0,0.0,149,2859,2618,0.2353613114999746
64,5541,0,0.0,150,2874,2667,0.23311892898404435
19,5560,0,0.0,151,2882,2678,0.23089885854694553
29,5589,0,0.0,152,2889,2700,0.22870087817978443
14,5603,0,0.0,153,2892,2711,0.22652476808269262
41,5644,0,0.0,154,2901,2743,0.22437031064284702
16,5660,0,0.0,155,2904,2756,0.22223729041270818
52,5712,0,0.0,156,2917,2795,0.22012549408847562
31,5743,0,0.0,157,2921,2822,0.21803471048875708
39,5782,0,0.0,158,2931,2851,0.21596473053345028
30,5812,0,0.0,159,2937,2875,0.21391534722283462
37,5849,0,0.0,160,2945,2904,0.2118863556168713
22,5871,0,0.0,161,2948,2923,0.20987755281470882
35,5906,0,0.0,162,2955,2951,0.20788873793439305
45,5951,0,0.0,163,2968,2983,0.2059197120927785
100,6051,0,0.0,164,2989,3062,0.20397027838564025
18,6069,0,0.0,165,2992,3077,0.20204024186798297
65,6134,0,0.0,166,3005,3129,0.20012940953454655
28,6162,0,0.0,167,3009,3153,0.1982375903005053
100,6262,0,0.0,168,3033,3229,0.19636459498235934
48,6310,0,0.0,169,3042,3268,0.19451023627901587
68,6378,0,0.0,170,3056,3322,0.19267432875305937
32,6410,0,0.0,171,3060,3350,0.19085668881220733
29,6439,0,0.0,172,3068,3371,0.1890571346909509
39,6478,0,0.0,173,3075,3403,0.1872754864323783
42,6520,0,0.0,174,3083,3437,0.18551156587017906
16,6536,0,0.0,175,3087,3449,0.1837651966108269
22,6558,0,0.0,176,3090,3468,0.1820362040159407
38,6596,0,0.0,177,3100,3496,0.18032441518482004
41,6637,0,0.0,178,3108,3529,0.17862965893715535
48,6685,0,0.0,179,3114,3571,0.17695176579590954
14,6699,0,0.0,180,3118,3581,0.1752905679703703
20,6719,0,0.0,181,3119,3600,0.17364589933937066
16,6735,0,0.0,182,3123,3612,0.172017595434677
70,6805,0,0.0,183,3138,3667,0.17040549342454195
34,6839,0,0.0,184,3140,3699,0.16880943209742102
18,6857,0,0.0,185,3141,3716,0.16722925184585147
39,6896,0,0.0,186,3149,3747,0.16566479465049133
56,6952,0,0.0,187,3158,3794,0.16411590406431734
43,6995,0,0.0,188,3164,3831,0.1625824251969801
41,7036,0,0.0,189,3174,3862,0.16106420469931504
16,7052,0,0.0,190,3176,3876,0.15956109074800714
23,7075,0,0.0,191,3177,3898,0.1580729330304087
22,7097,0,0.0,192,3180,3917,0.15659958272950783
41,7138,0,0.0,193,3185,3953,0.15514089250904667
17,7155,0,0.0,194,3188,3967,0.1536967164987875
91,7246,0,0.0,195,3209,4037,0.1522669102799259
15,7261,0,0.0,196,3212,4049,0.15085133087064845
50,7311,0,0.0,197,3217,4094,0.14944983671183457
54,7365,0,0.0,198,3227,4138,0.14806228765290044
19,7384,0,0.0,199,3231,4153,0.1466885449377839
34,7418,0,0.0,200,3234,4184,0.14532847119106862
17,7435,0,0.0,201,3236,4199,0.1439819304042466
34,7469,0,0.0,202,3238,4231,0.14264878792211688
68,7537,0,0.0,203,3242,4295,0.1413289104293205
65,7602,0,0.0,204,3249,4353,0.14002216593700811
100,7702,0,0.0,205,3263,4439,0.13872842376964165
50,7752,0,0.0,206,3271,4481,0.1374475545519262
70,7822,0,0.0,207,3280,4542,0.13617943019587256
100,7922,0,0.0,208,3292,4630,0.13492392388798838
43,7965,0,0.0,209,3298,4667,0.13368091007659658
46,8011,0,0.0,210,3304,4707,0.1324502644592803
100,8111,0,0.0,211,3317,4794,0.13123186397045208
34,8145,0,0.0,212,3324,4821,0.13002558676904785
46,8191,0,0.0,213,3330,4861,0.12883131222634217
100,8291,0,0.0,214,3342,4949,0.12764892091388555
24,8315,0,0.0,215,3346,4969,0.1264782945915614
16,8331,0,0.0,216,3348,4983,0.125319316195762
43,8374,0,0.0,217,3350,5024,0.12417186982768189
17,8391,0,0.0,218,3354,5037,0.12303584074172813
100,8491,0,0.0,219,3365,5126,0.12191111533404535
16,8507,0,0.0,220,3369,5138,0.12079758113115559
32,8539,0,0.0,221,3372,5167,0.11969512677871053
80,8619,0,0.0,222,3388,5231,0.11860364203035628
71,8690,0,0.0,223,3396,5294,0.11752301773670837
100,8790,0,0.0,224,3402,5388,0.116453145834437
23,8813,0,0.0,225,3410,5403,0.11539391933546027
51,8864,0,0.0,226,3416,5448,0.11434523231624569
67,8931,0,0.0,227,3426,5505,0.11330697990721733
72,9003,0,0.0,228,3435,5568,0.1122790582822692
35,9038,0,0.0,229,3442,5596,0.11126136464838206
89,9127,0,0.0,230,3457,5670,0.11025379723534455
30,9157,0,0.0,231,3458,5699,0.10925625528557566
100,9257,0,0.0,232,3469,5788,0.1082686390440492
44,9301,0,0.0,233,3473,5828,0.10729084974831793
34,9335,0,0.0,234,3476,5859,0.10632278961863742
44,9379,0,0.0,235,3480,5899,0.10536436184818809
23,9402,0,0.0,236,3483,5919,0.10441547059339411
100,9502,0,0.0,237,3492,6010,0.10347602096433932
25,9527,0,0.0,238,3496,6031,0.10254591901527788
100,9627,0,0.0,239,3504,6123,0.10162507173523985
100,9727,0,0.0,240,3515,6212,0.10071338703872978
18,9745,0,0.0,241,3517,6228,0.09981077375651838
39,9784,0,0.0,242,3520,6264,0.09891714162652515
100,9884,0,0.0,243,3527,6357,0.09803240128479247
47,9931,0,0.0,244,3532,6399,0.09715646425654882
17,9948,0,0.0,245,3535,6413,0.09628924294736148
28,9976,0,0.0,246,3539,6437,0.09543065063437678
100,10076,0,0.0,247,3548,6528,0.09458060145764802
20,10096,0,0.0,248,3550,6546,0.09373901041154904
100,10196,0,0.0,249,3559,6637,0.092905793336274
100,10296,0,0.0,250,3571,6725,0.09208086690942092
82,10378,0,0.0,251,3578,6800,0.0912641486376598
19,10397,0,0.0,252,3580,6817,0.09045555684848275
100,10497,0,0.0,253,3595,6902,0.08965501068203711
100,10597,0,0.0,254,3607,6990,0.08886243008303903
100,10697,0,0.0,255,3614,7083,0.08807773579276819
100,10797,0,0.0,256,3624,7173,0.08730084934114159
18,10815,0,0.0,257,3627,7188,0.08653169303886674
21,10836,0,0.0,258,3628,7208,0.0857701899696724
17,10853,0,0.0,259,3629,7224,0.08501626398261702
100,10953,0,0.0,260,3636,7317,0.0842698396844737
46,10999,0,0.0,261,3637,7362,0.08353084243219053
18,11017,0,0.0,262,3639,7378,0.08279919832542652
16,11033,0,0.0,263,3640,7393,0.08207483419916123
100,11133,0,0.0,264,3651,7482,0.08135767761637844
17,11150,0,0.0,265,3654,7496,0.08064765686082219
78,11228,0,0.0,266,3662,7566,0.0799447009298253
22,11250,0,0.0,267,3664,7586,0.0792487395272088
100,11350,0,0.0,268,3669,7681,0.07855970305625253
75,11425,0,0.0,269,3674,7751,0.07787752261273513
88,11513,0,0.0,270,3682,7831,0.07720212997804382
70,11583,0,0.0,271,3688,7895,0.07653345761235225
100,11683,0,0.0,272,3693,7990,0.07587143864786668
58,11741,0,0.0,273,3701,8040,0.07521600688213892
100,11841,0,0.0,274,3708,8133,0.07456709677144624
18,11859,0,0.0,275,3710,8149,0.07392464342423678
30,11889,0,0.0,276,3712,8177,0.0732885825946405
58,11947,0,0.0,277,3715,8232,0.07265885067604429
72,12019,0,0.0,278,3721,8298,0.07203538469473161
71,12090,0,0.0,279,3725,8365,0.0714181223035847
31,12121,0,0.0,280,3729,8392,0.07080700177585013
100,12221,0,0.0,281,3738,8483,0.07020196199896576
70,12291,0,0.0,282,3745,8546,0.06960294246844981
71,12362,0,0.0,283,3751,8611,0.06900988328184997
67,12429,0,0.0,284,3754,8675,0.06842272513275337
77,12506,0,0.0,285,3761,8745,0.06784140930485581
44,12550,0,0.0,286,3766,8784,0.06726587766609007
100,12650,0,0.0,287,3771,8879,0.06669607266281269
100,12750,0,0.0,288,3777,8973,0.06613193731404843
100,12850,0,0.0,289,3785,9065,0.06557341520579238
100,12950,0,0.0,290,3792,9158,0.06502045048536823
100,13050,0,0.0,291,3796,9254,0.06447298785584316
100,13150,0,0.0,292,3800,9350,0.06393097257049796
100,13250,0,0.0,293,3806,9444,0.06339435042735246
100,13350,0,0.0,294,3812,9538,0.06286306776374512
100,13450,0,0.0,295,3817,9633,0.06233707145096687
100,13550,0,0.0,296,3820,9730,0.06181630888894806
100,13650,0,0.0,297,3824,9826,0.061300728000998575
36,13686,0,0.0,298,3828,9858,0.06079027722859992
32,13718,0,0.0,299,3831,9887,0.060284905526249516
16,13734,0,0.0,300,3832,9902,0.05978456235635595
68,13802,0,0.0,301,3840,9962,0.05928919768418531
78,13880,0,0.0,302,3843,10037,0.05879876197285753
100,13980,0,0.0,303,3847,10133,0.058313206178392835
49,14029,0,0.0,304,3850,10179,0.05783248174480709
21,14050,0,0.0,305,3851,10199,0.057356540599256385
64,14114,0,0.0,306,3855,10259,0.0568853351472295
100,14214,0,0.0,307,3857,10357,0.0564188182677886
82,14296,0,0.0,308,3861,10435,0.05595694330885694
100,14396,0,0.0,309,3866,10530,0.05549966408255377
100,14496,0,0.0,310,3870,10626,0.05504693486057535
68,14564,0,0.0,311,3877,10687,0.05459871036962222
100,14664,0,0.0,312,3883,10781,0.05415494578687179
100,14764,0,0.0,313,3888,10876,0.05371559673549593
74,14838,0,0.0,314,3893,10945,0.053280619280223436
100,14938,0,0.0,315,3899,11039,0.05284996992294624
100,15038,0,0.0,316,3904,11134,0.05242360559836979
19,15057,0,0.0,317,3906,11151,0.05200148366970627
48,15105,0,0.0,318,3910,11195,0.051583561924411096
67,15172,0,0.0,319,3914,11258,0.05116979856996143
100,15272,0,0.0,320,3917,11355,0.050760152229677065
34,15306,0,0.0,321,3922,11384,0.05035458193858255
100,15406,0,0.0,322,3927,11479,0.049953047139310834
18,15424,0,0.0,323,3930,11494,0.04955550767804736
100,15524,0,0.0,324,3933,11591,0.04916192380051474
100,15624,0,0.0,325,3935,11689,0.0487722561479972
100,15724,0,0.0,326,3940,11784,0.04838646575340479
70,15794,0,0.0,327,3943,11851,0.04800451403737654
100,15894,0,0.0,328,3948,11946,0.04762636280442257
20,15914,0,0.0,329,3950,11964,0.04725197423910444
23,15937,0,0.0,330,3952,11985,0.04688131090225365
100,16037,0,0.0,331,3958,12079,0.046514335727227595
20,16057,0,0.0,332,3959,12098,0.046151012016203
100,16157,0,0.0,333,3963,12194,0.04579130343650595
17,16174,0,0.0,334,3965,12209,0.04543517401697875
100,16274,0,0.0,335,3970,12304,0.04508258814438266
100,16374,0,0.0,336,3971,12403,0.04473351055983658
40,16414,0,0.0,337,3972,12442,0.044387906355291176
71,16485,0,0.0,338,3975,12510,0.04404574097003798
18,16503,0,0.0,339,3977,12526,0.04370698018725335
83,16586,0,0.0,340,3983,12603,0.043371590130576676
100,16686,0,0.0,341,3986,12700,0.04303953726072282
100,16786,0,0.0,342,3991,12795,0.042710788372128064
55,16841,0,0.0,343,3995,12846,0.042385310589629625
100,16941,0,0.0,344,3997,12944,0.04206307136517797
100,17041,0,0.0,345,3998,13043,0.04174403847458216
100,17141,0,0.0,346,4004,13137,0.04142818001428726
37,17178,0,0.0,347,4006,13172,0.04111546439818403
100,17278,0,0.0,348,4008,13270,0.04080586035445025
100,17378,0,0.0,349,4010,13368,0.040499336922423565
100,17478,0,0.0,350,4018,13460,0.040195863449505306
100,17578,0,0.0,351,4021,13557,0.039895409588095315
56,17634,0,0.0,352,4025,13609,0.039597945292557044
42,17676,0,0.0,353,4026,13650,0.03930344081621308
71,17747,0,0.0,354,4030,13717,0.03901186670837034
100,17847,0,0.0,355,4032,13815,0.03872319381137508
42,17889,0,0.0,356,4034,13855,0.03843739325769703
100,17989,0,0.0,357,4039,13950,0.03815443646704266
100,18089,0,0.0,358,4044,14045,0.03787429514349709
100,18189,0,0.0,359,4050,14139,0.03759694127269454
34,18223,0,0.0,360,4051,14172,0.037322347119016795
100,18323,0,0.0,361,4053,14270,0.03705048522281963
100,18423,0,0.0,362,4055,14368,0.03678132839768691
32,18455,0,0.0,363,4056,14399,0.036514849727711796
23,18478,0,0.0,364,4057,14421,0.03625102256480524
84,18562,0,0.0,365,4061,14501,0.03598982052603108
100,18662,0,0.0,366,4062,14600,0.0357312174909678
100,18762,0,0.0,367,4063,14699,0.03547518759909634
100,18862,0,0.0,368,4068,14794,0.035221705247214206
100,18962,0,0.0,369,4072,14890,0.03497074508687494
100,19062,0,0.0,370,4077,14985,0.034722282021853394
34,19096,0,0.0,371,4079,15017,0.034476291205635994
100,19196,0,0.0,372,4082,15114,0.034232748038936146
100,19296,0,0.0,373,4084,15212,0.0339916281672342
100,19396,0,0.0,374,4088,15308,0.03375290747834208
100,19496,0,0.0,375,4090,15406,0.033516562099991945
100,19596,0,0.0,376,4092,15504,0.03328256839744902
100,19696,0,0.0,377,4097,15599,0.03305090297114803
100,19796,0,0.0,378,4099,15697,0.03282154265435332
100,19896,0,0.0,379,4099,15797,0.03259446451084204
100,19996,0,0.0,380,4099,15897,0.03236964583261064
100,20096,0,0.0,381,4101,15995,0.03214706413760394
100,20196,0,0.0,382,4105,16091,0.03192669716746694
50,20246,0,0.0,383,4107,16139,0.031708522885318995
100,20346,0,0.0,384,4111,16235,0.031492519473550085
100,20446,0,0.0,385,4113,16333,0.031278665331639026
100,20546,0,0.0,386,4114,16432,0.031066939073993396
100,20646,0,0.0,387,4119,16527,0.030857319527811018
100,20746,0,0.0,388,4122,16624,0.030649785730962574
100,20846,0,0.0,389,4124,16722,0.030444316929895437
100,20946,0,0.0,390,4126,16820,0.030240892577558277
100,21046,0,0.0,391,4128,16918,0.030039492331346347
71,21117,0,0.0,392,4132,16985,0.029840096051067175
42,21159,0,0.0,393,4134,17025,0.029642683796926583
100,21259,0,0.0,394,4137,17122,0.02944723582753464
100,21359,0,0.0,395,4143,17216,0.029253732597931535
100,21459,0,0.0,396,4144,17315,0.029062154757633053
100,21559,0,0.0,397,4146,17413,0.02887248314869552
100,21659,0,0.0,398,4147,17512,0.028684698803799973
100,21759,0,0.0,399,4152,17607,0.02849878294435545
79,21838,0,0.0,400,4154,17684,0.02831471697862105
80,21918,0,0.0,401,4157,17761,0.028132482499846838
100,22018,0,0.0,402,4158,17860,0.027952061284433068
74,22092,0,0.0,403,4162,17930,0.02777343529010782
21,22113,0,0.0,404,4164,17949,0.027596586654122846
100,22213,0,0.0,405,4167,18046,0.027421497691467157
100,22313,0,0.0,406,4170,18143,0.02724815089309858
27,22340,0,0.0,407,4172,18168,0.0270765289241928
100,22440,0,0.0,408,4178,18262,0.026906614622409945
100,22540,0,0.0,409,4179,18361,0.026738390996178224
100,22640,0,0.0,410,4180,18460,0.026571841222994823
100,22740,0,0.0,411,4180,18560,0.026406948647743643
100,22840,0,0.0,412,4183,18657,0.026243696781029717
25,22865,0,0.0,413,4184,18681,0.026082069297530375
86,22951,0,0.0,414,4186,18765,0.02592205003436255
100,23051,0,0.0,415,4188,18863,0.025763622989466578
100,23151,0,0.0,416,4192,18959,0.025606772320005942
45,23196,0,0.0,417,4193,19003,0.025451482340783003
100,23296,0,0.0,418,4196,19100,0.02529773752267042
24,23320,0,0.0,419,4197,19123,0.025145522491058264
100,23420,0,0.0,420,4200,19220,0.02499482202431651
19,23439,0,0.0,421,4202,19237,0.024845621052272927
100,23539,0,0.0,422,4205,19334,0.024697904654705963
88,23627,0,0.0,423,4210,19417,0.024551658059852766
100,23727,0,0.0,424,4213,19514,0.024406866642931964
100,23827,0,0.0,425,4216,19611,0.024263515924681227
100,23927,0,0.0,426,4217,19710,0.024121591569909263
100,24027,0,0.0,427,4220,19807,0.023981079386062323
83,24110,0,0.0,428,4225,19885,0.023841965321804916
100,24210,0,0.0,429,4228,19982,0.023704235465614704
100,24310,0,0.0,430,4230,20080,0.023567876044391298
100,24410,0,0.0,431,4230,20180,0.023432873422078924
100,24510,0,0.0,432,4233,20277,0.02329921409830285
100,24610,0,0.0,433,4236,20374,0.02316688470701933
100,24710,0,0.0,434,4238,20472,0.023035872015178954
100,24810,0,0.0,435,4240,20570,0.022906162921403357
31,24841,0,0.0,436,4242,20599,0.022777744454675064
100,24941,0,0.0,437,4245,20696,0.0226506037730404
100,25041,0,0.0,438,4245,20796,0.02252472816232525
100,25141,0,0.0,439,4249,20892,0.022400105034863643
100,25241,0,0.0,440,4253,20988,0.02227672192823897
66,25307,0,0.0,441,4256,21051,0.02215456650403775
17,25324,0,0.0,442,4257,21067,0.022033626546615788
75,25399,0,0.0,443,4259,21140,0.021913889961876536
58,25457,0,0.0,444,4261,21196,0.02179534477606175
100,25557,0,0.0,445,4263,21294,0.02167797913455405
100,25657,0,0.0,446,4263,21394,0.021561781300691488
100,25757,0,0.0,447,4263,21494,0.02144673965459385
100,25857,0,0.0,448,4264,21593,0.021332842692000656
27,25884,0,0.0,449,4266,21618,0.021220079023120713
100,25984,0,0.0,450,4268,21716,0.02110843737149319
17,26001,0,0.0,451,4269,21732,0.02099790657285988
100,26101,0,0.0,452,4271,21830,0.020888475574048812
29,26130,0,0.0,453,4273,21857,0.020780133431868894
100,26230,0,0.0,454,4275,21955,0.020672869312015653
71,26301,0,0.0,455,4278,22023,0.020566672487987697
67,26368,0,0.0,456,4281,22087,0.02046153234001413
100,26468,0,0.0,457,4283,22185,0.02035743835399253
42,26510,0,0.0,458,4286,22224,0.020254380120437558
39,26549,0,0.0,459,4288,22261,0.02015234733343998
100,26649,0,0.0,460,4289,22360,0.020051329789636065
100,26749,0,0.0,461,4290,22459,0.01995131738718724
49,26798,0,0.0,462,4291,22507,0.019852300124769934
100,26898,0,0.0,463,4294,22604,0.019754268100575387
56,26954,0,0.0,464,4297,22657,0.019657211511319474
100,27054,0,0.0,465,4300,22754,0.0195611206512624
100,27154,0,0.0,466,4304,22850,0.01946598591123807
100,27254,0,0.0,467,4304,22950,0.01937179777769322
48,27302,0,0.0,468,4306,22996,0.019278546831735997
100,27402,0,0.0,469,4307,23095,0.019186223748194096
100,27502,0,0.0,470,4308,23194,0.01909481929468222
26,27528,0,0.0,471,4309,23219,0.019004324330678855
100,27628,0,0.0,472,4312,23316,0.018914729806612192
100,27728,0,0.0,473,4313,23415,0.01882602676295516
87,27815,0,0.0,474,4316,23499,0.018738206329329453
19,27834,0,0.0,475,4317,23517,0.018651259723618557
100,27934,0,0.0,476,4318,23616,0.01856517825108943
100,28034,0,0.0,477,4318,23716,0.018479953303523082
100,28134,0,0.0,478,4322,23812,0.018395576358353725
100,28234,0,0.0,479,4323,23911,0.018312038977816556
100,28334,0,0.0,480,4323,24011,0.018229332808103887
100,28434,0,0.0,481,4323,24111,0.01814744957852983
65,28499,0,0.0,482,4325,24174,0.01806638110070318
100,28599,0,0.0,483,4326,24273,0.01798611926770862
100,28699,0,0.0,484,4329,24370,0.017906656053295947
100,28799,0,0.0,485,4330,24469,0.017827983511077505
40,28839,0,0.0,486,4332,24507,0.01775009377373351
100,28939,0,0.0,487,4332,24607,0.017672979052225327
51,28990,0,0.0,488,4334,24656,0.017596631635016534
29,29019,0,0.0,489,4336,24683,0.01752104388730179
78,29097,0,0.0,490,4338,24759,0.017446208250243338
100,29197,0,0.0,491,4339,24858,0.017372117240215094
84,29281,0,0.0,492,4340,24941,0.01729876344805433
64,29345,0,0.0,493,4342,25003,0.0172261395383207
100,29445,0,0.0,494,4343,25102,0.017154238248562697
100,29545,0,0.0,495,4346,25199,0.017083052388591435
100,29645,0,0.0,496,4348,25297,0.017012574839761596
100,29745,0,0.0,497,4351,25394,0.01694279855425957
100,29845,0,0.0,498,4351,25494,0.016873716554398652
17,29862,0,0.0,499,4353,25509,0.016805321931921288
100,29962,0,0.0,500,4354,25608,0.01673760784730824
100,30062,0,0.0,501,4355,25707,0.016670567529094613
100,30162,0,0.0,502,4356,25806,0.01660419427319272
100,30262,0,0.0,503,4359,25903,0.016538481442221656
25,30287,0,0.0,504,4361,25926,0.016473422464843575
100,30387,0,0.0,505,4362,26025,0.01640901083510651
100,30487,0,0.0,506,4365,26122,0.01634524011179382
100,30587,0,0.0,507,4367,26220,0.016282103917780018
64,30651,0,0.0,508,4368,26283,0.01621959593939311
100,30751,0,0.0,509,4369,26382,0.016157709925783147
100,30851,0,0.0,510,4373,26478,0.016096439688297208
100,30951,0,0.0,511,4374,26577,0.016035779099860478
100,31051,0,0.0,512,4375,26676,0.01597572209436357
100,31151,0,0.0,513,4375,26776,0.015916262666055885
100,31251,0,0.0,514,4376,26875,0.015857394868945038
100,31351,0,0.0,515,4377,26974,0.015799112816202266
100,31451,0,0.0,516,4380,27071,0.01574141067957372
100,31551,0,0.0,517,4380,27171,0.01568428268879766
100,31651,0,0.0,518,4384,27267,0.0156277231310274
100,31751,0,0.0,519,4385,27366,0.015571726350260025
100,31851,0,0.0,520,4387,27464,0.015516286746770792
100,31951,0,0.0,521,4387,27564,0.015461398776553163
100,32051,0,0.0,522,4389,27662,0.015407056950764372
100,32151,0,0.0,523,4392,27759,0.01535325583517655
100,32251,0,0.0,524,4393,27858,0.015299990049633304
66,32317,0,0.0,525,4397,27920,0.015247254267511699
100,32417,0,0.0,526,4400,28017,0.015195043215189571
100,32517,0,0.0,527,4400,28117,0.015143351671518179
100,32617,0,0.0,528,4400,28217,0.015092174467300075
100,32717,0,0.0,529,4401,28316,0.015041506484772198
64,32781,0,0.0,530,4402,28379,0.01499134265709407
100,32881,0,0.0,531,4403,28478,0.014941677967841115
100,32981,0,0.0,532,4405,28576,0.01489250745050302
65,33046,0,0.0,533,4408,28638,0.014843826187987082
100,33146,0,0.0,534,4410,28736,0.014795629312126479
21,33167,0,0.0,535,4411,28756,0.014747912003193458
100,33267,0,0.0,536,4412,28855,0.014700669489417359
68,33335,0,0.0,537,4415,28920,0.014653897046507443
100,33435,0,0.0,538,4417,29018,0.01460758999718044
42,33477,0,0.0,539,4418,29059,0.014561743710692824
100,33577,0,0.0,540,4418,29159,0.014516353602377746
100,33677,0,0.0,541,4420,29257,0.01447141513318654
100,33777,0,0.0,542,4420,29357,0.014426923809234849
100,33877,0,0.0,543,4423,29454,0.014382875181353196
100,33977,0,0.0,544,4423,29554,0.01433926484464209
100,34077,0,0.0,545,4424,29653,0.014296088438031505
100,34177,0,0.0,546,4425,29752,0.014253341643844817
100,34277,0,0.0,547,4425,29852,0.014211020187366974
100,34377,0,0.0,548,4425,29952,0.014169119836417065
76,34453,0,0.0,549,4427,30026,0.01412763640092507
67,34520,0,0.0,550,4430,30090,0.014086565732512882
100,34620,0,0.0,551,4431,30189,0.014045903724079427
57,34677,0,0.0,552,4432,30245,0.014005646309389977
48,34725,0,0.0,553,4435,30290,0.013965789462669513
100,34825,0,0.0,554,4435,30390,0.013926329198200155
100,34925,0,0.0,555,4436,30489,0.013887261569922569
100,35025,0,0.0,556,4436,30589,0.01384858267104137
100,35125,0,0.0,557,4436,30689,0.013810288633634434
72,35197,0,0.0,558,4437,30760,0.013772375628266116
65,35262,0,0.0,559,4440,30822,0.013734839863604284
100,35362,0,0.0,560,4442,30920,0.013697677586041186
73,35435,0,0.0,561,4443,30992,0.0136608850793181
100,35535,0,0.0,562,4443,31092,0.013624458664153696
71,35606,0,0.0,563,4445,31161,0.013588394697876097
100,35706,0,0.0,564,4448,31258,0.013552689574058628
100,35806,0,0.0,565,4449,31357,0.013517339722159148
100,35906,0,0.0,566,4453,31453,0.013482341607163007
100,36006,0,0.0,567,4454,31552,0.013447691729229546
100,36106,0,0.0,568,4456,31650,0.013413386623342096
100,36206,0,0.0,569,4457,31749,0.013379422858961477
100,36306,0,0.0,570,4458,31848,0.013345797039682946
100,36406,0,0.0,571,4459,31947,0.01331250580289656
85,36491,0,0.0,572,4460,32031,0.013279545819450893
21,36512,0,0.0,573,4461,32051,0.013246913793320138
100,36612,0,0.0,574,4462,32150,0.01321460646127448
100,36712,0,0.0,575,4466,32246,0.013182620592553802
100,36812,0,0.0,576,4466,32346,0.01315095298854457
100,36912,0,0.0,577,4467,32445,0.013119600482459998
100,37012,0,0.0,578,4467,32545,0.013088559939023343
100,37112,0,0.0,579,4468,32644,0.013057828254154401
100,37212,0,0.0,580,4470,32742,0.013027402354659073
100,37312,0,0.0,581,4471,32841,0.012997279197922058
100,37412,0,0.0,582,4472,32940,0.012967455771602571
100,37512,0,0.0,583,4473,33039,0.012937929093333135
100,37612,0,0.0,584,4473,33139,0.012908696210421315
100,37712,0,0.0,585,4473,33239,0.012879754199554458
40,37752,0,0.0,586,4474,33278,0.012851100166507357
84,37836,0,0.0,587,4475,33361,0.012822731245852837
100,37936,0,0.0,588,4475,33461,0.012794644600675184
100,38036,0,0.0,589,4476,33560,0.012766837422286476
100,38136,0,0.0,590,4478,33658,0.012739306929945703
100,38236,0,0.0,591,4478,33758,0.012712050370580685
100,38336,0,0.0,592,4478,33858,0.012685065018512777
100,38436,0,0.0,593,4479,33957,0.012658348175184284
100,38536,0,0.0,594,4479,34057,0.012631897168888604
100,38636,0,0.0,595,4480,34156,0.012605709354503067
100,38736,0,0.0,596,4480,34256,0.012579782113224414
100,38836,0,0.0,597,4480,34356,0.012554112852306908
100,38936,0,0.0,598,4482,34454,0.012528699004803068
100,39036,0,0.0,599,4483,34553,0.012503538029306963
100,39136,0,0.0,600,4483,34653,0.012478627409700078
100,39236,0,0.0,601,4483,34753,0.012453964654899695
100,39336,0,0.0,602,4484,34852,0.012429547298609778
100,39436,0,0.0,603,4485,34951,0.01240537289907435
100,39536,0,0.0,604,4486,35050,0.012381439038833314
100,39636,0,0.0,605,4486,35150,0.012357743324480702
100,39736,0,0.0,606,4486,35250,0.01233428338642533
100,39836,0,0.0,607,4487,35349,0.012311056878653841
100,39936,0,0.0,608,4488,35448,0.012288061478496108
100,40036,0,0.0,609,4489,35547,0.012265294886392948
100,40136,0,0.0,610,4489,35647,0.01224275482566618
100,40236,0,0.0,611,4492,35744,0.012220439042290943
100,40336,0,0.0,612,4492,35844,0.012198345304670311
100,40436,0,0.0,613,4493,35943,0.012176471403412107
100,40536,0,0.0,614,4494,36042,0.012154815151107974
100,40636,0,0.0,615,4495,36141,0.012133374382114637
100,40736,0,0.0,616,4497,36239,0.012112146952337331
100,40836,0,0.0,617,4497,36339,0.012091130739015387
100,40936,0,0.0,618,4498,36438,0.012070323640509958
100,41036,0,0.0,619,4499,36537,0.012049723576093858
66,41102,0,0.0,620,4502,36600,0.012029328485743472
100,41202,0,0.0,621,4503,36699,0.012009136329932777
100,41302,0,0.0,622,4503,36799,0.01198914508942936
100,41402,0,0.0,623,4504,36898,0.011969352765092513
100,41502,0,0.0,624,4505,36997,0.011949757377673304
100,41602,0,0.0,625,4505,37097,0.01193035696761667
100,41702,0,0.0,626,4505,37197,0.011911149594865432
100,41802,0,0.0,627,4505,37297,0.011892133338666311
100,41902,0,0.0,628,4506,37396,0.01187330629737784
100,42002,0,0.0,629,4507,37495,0.011854666588280199
100,42102,0,0.0,630,4508,37594,0.011836212347386948
100,42202,0,0.0,631,4509,37693,0.011817941729258619
100,42302,0,0.0,632,4510,37792,0.011799852906818169
100,42402,0,0.0,633,4511,37891,0.011781944071168286
100,42502,0,0.0,634,4511,37991,0.011764213431410478
100,42602,0,0.0,635,4512,38090,0.011746659214465993
100,42702,0,0.0,636,4513,38189,0.011729279664898506
100,42802,0,0.0,637,4513,38289,0.011712073044738584
100,42902,0,0.0,638,4513,38389,0.011695037633309868
100,43002,0,0.0,639,4514,38488,0.011678171727057018
45,43047,0,0.0,640,4515,38532,0.011661473639375353
100,43147,0,0.0,641,4516,38631,0.011644941700442194
55,43202,0,0.0,642,4517,38685,0.011628574257049868
100,43302,0,0.0,643,4517,38785,0.011612369672440398
100,43402,0,0.0,644,4517,38885,0.011596326326141817
100,43502,0,0.0,645,4518,38984,0.011580442613806126
100,43602,0,0.0,646,4520,39082,0.011564716947048855
100,43702,0,0.0,647,4520,39182,0.011549147753290225
100,43802,0,0.0,648,4520,39282,0.011533733475597885
100,43902,0,0.0,649,4521,39381,0.011518472572531219
100,44002,0,0.0,650,4521,39481,0.011503363517987204
100,44102,0,0.0,651,4523,39579,0.011488404801047796
100,44202,0,0.0,652,4524,39678,0.011473594925828836
100,44302,0,0.0,653,4524,39778,0.011458932411330456
100,44402,0,0.0,654,4524,39878,0.01144441579128899
100,44502,0,0.0,655,4525,39977,0.011430043614030338
100,44602,0,0.0,656,4526,40076,0.011415814442324796
100,44702,0,0.0,657,4526,40176,0.011401726853243335
100,44802,0,0.0,658,4527,40275,0.011387779438015309
100,44902,0,0.0,659,4527,40375,0.011373970801887569
100,45002,0,0.0,660,4528,40474,0.011360299563985
100,45102,0,0.0,661,4528,40574,0.011346764357172414
100,45202,0,0.0,662,4528,40674,0.011333363827917855
100,45302,0,0.0,663,4530,40772,0.011320096636157226
100,45402,0,0.0,664,4530,40872,0.011306961455160297
100,45502,0,0.0,665,4530,40972,0.011293956971398022
100,45602,0,0.0,666,4531,41071,0.01128108188441119
100,45702,0,0.0,667,4534,41168,0.01126833490668037
100,45802,0,0.0,668,4540,41262,0.011255714763497167
100,45902,0,0.0,669,4541,41361,0.011243220192836747
100,46002,0,0.0,670,4542,41460,0.011230849945231628
100,46102,0,0.0,671,4544,41558,0.011218602783646746
100,46202,0,0.0,672,4545,41657,0.011206477483355735
100,46302,0,0.0,673,4545,41757,0.01119447283181846
100,46402,0,0.0,674,4546,41856,0.011182587628559764
100,46502,0,0.0,675,4546,41956,0.011170820685049418
100,46602,0,0.0,676,4549,42053,0.011159170824583262
100,46702,0,0.0,677,4550,42152,0.011147636882165546
100,46802,0,0.0,678,4551,42251,0.011136217704392411
100,46902,0,0.0,679,4554,42348,0.011124912149336568
42,46944,0,0.0,680,4555,42389,0.01111371908643309
100,47044,0,0.0,681,4557,42487,0.011102637396366355
100,47144,0,0.0,682,4558,42586,0.011091665970958125
21,47165,0,0.0,683,4559,42606,0.011080803713056716
100,47265,0,0.0,684,4561,42704,0.011070049536427285
100,47365,0,0.0,685,4563,42802,0.011059402365643208
100,47465,0,0.0,686,4566,42899,0.011048861135978534
100,47565,0,0.0,687,4569,42996,0.011038424793301511
100,47665,0,0.0,688,4573,43092,0.011028092293969175
100,47765,0,0.0,689,4573,43192,0.011017862604722983
31,47796,0,0.0,690,4577,43219,0.011007734702585483
100,47896,0,0.0,691,4577,43319,0.010997707574758025
100,47996,0,0.0,692,4578,43418,0.010987780218519469
100,48096,0,0.0,693,4578,43518,0.010977951641125918
100,48196,0,0.0,694,4580,43616,0.010968220859711442
100,48296,0,0.0,695,4581,43715,0.010958586901189789
100,48396,0,0.0,696,4583,43813,0.01094904880215708
85,48481,0,0.0,697,4585,43896,0.010939605608795464
100,48581,0,0.0,698,4585,43996,0.010930256376777735
71,48652,0,0.0,699,4586,44066,0.010921000171172899
45,48697,0,0.0,700,4588,44109,0.010911836066352685
100,48797,0,0.0,701,4589,44208,0.010902763145898971
100,48897,0,0.0,702,4591,44306,0.010893780502512152
100,48997,0,0.0,703,4592,44405,0.010884887237920403
100,49097,0,0.0,704,4593,44504,0.010876082462789857
100,49197,0,0.0,705,4593,44604,0.010867365296635659
100,49297,0,0.0,706,4594,44703,0.010858734867733933
42,49339,0,0.0,707,4596,44743,0.010850190313034594
100,49439,0,0.0,708,4597,44842,0.010841730778075053
35,49474,0,0.0,709,4598,44876,0.010833355416894765
100,49574,0,0.0,710,4598,44976,0.01082506339195063
100,49674,0,0.0,711,4600,45074,0.010816853874033245
65,49739,0,0.0,712,4601,45138,0.010808726042183978
100,49839,0,0.0,713,4601,45238,0.01080067908361287
100,49939,0,0.0,714,4602,45337,0.01079271219361736
100,50039,0,0.0,715,4603,45436,0.010784824575501804
100,50139,0,0.0,716,4604,45535,0.010777015440497823
100,50239,0,0.0,717,4604,45635,0.010769284007685407
100,50339,0,0.0,718,4604,45735,0.01076162950391483
44,50383,0,0.0,719,4606,45777,0.01075405116372934
29,50412,0,0.0,720,4607,45805,0.010746548229288598
100,50512,0,0.0,721,4609,45903,0.010739119950292912
100,50612,0,0.0,722,4609,46003,0.010731765583908192
100,50712,0,0.0,723,4610,46102,0.010724484394691668
48,50760,0,0.0,724,4612,46148,0.010717275654518353
100,50860,0,0.0,725,4612,46248,0.010710138642508221
100,50960,0,0.0,726,4613,46347,0.010703072644954124
100,51060,0,0.0,727,4613,46447,0.010696076955250418
100,51160,0,0.0,728,4613,46547,0.010689150873822304
100,51260,0,0.0,729,4614,46646,0.010682293708055865
100,51360,0,0.0,730,4614,46746,0.010675504772228813
100,51460,0,0.0,731,4615,46845,0.010668783387441906
100,51560,0,0.0,732,4617,46943,0.010662128881551065
16,51576,0,0.0,733,4618,46958,0.010655540589100154
100,51676,0,0.0,734,4619,47057,0.010649017851254439
100,51776,0,0.0,735,4619,47157,0.0106425600157347
50,51826,0,0.0,736,4620,47206,0.010636166436752002
100,51926,0,0.0,737,4623,47303,0.01062983647494312
100,52026,0,0.0,738,4623,47403,0.010623569497306598
100,52126,0,0.0,739,4623,47503,0.01061736487713945
30,52156,0,0.0,740,4624,47532,0.010611221993974488
100,52256,0,0.0,741,4624,47632,0.010605140233518277
46,52302,0,0.0,742,4626,47676,0.010599118987589702
100,52402,0,0.0,743,4626,47776,0.010593157654059155
100,52502,0,0.0,744,4626,47876,0.010587255636788313
56,52558,0,0.0,745,4627,47931,0.01058141234557053
100,52658,0,0.0,746,4627,48031,0.01057562719607182
100,52758,0,0.0,747,4627,48131,0.010569899609772403
100,52858,0,0.0,748,4631,48227,0.010564229013908884
100,52958,0,0.0,749,4631,48327,0.010558614841416947
100,53058,0,0.0,750,4632,48426,0.010553056530874667
20,53078,0,0.0,751,4633,48445,0.010547553526446355
100,53178,0,0.0,752,4633,48545,0.010542105277826985
100,53278,0,0.0,753,4634,48644,0.010536711240187152
100,53378,0,0.0,754,4635,48743,0.0105313708741186
100,53478,0,0.0,755,4637,48841,0.01052608364558027
100,53578,0,0.0,756,4640,48938,0.010520849025844903
100,53678,0,0.0,757,4640,49038,0.010515666491446161
23,53701,0,0.0,758,4641,49060,0.01051053552412629
100,53801,0,0.0,759,4641,49160,0.010505455610784278
100,53901,0,0.0,760,4641,49260,0.010500426243424558
100,54001,0,0.0,761,4643,49358,0.010495446919106205
100,54101,0,0.0,762,4643,49458,0.010490517139892635
100,54201,0,0.0,763,4643,49558,0.010485636412801822
100,54301,0,0.0,764,4645,49656,0.010480804249756986
100,54401,0,0.0,765,4646,49755,0.010476020167537797
100,54501,0,0.0,766,4646,49855,0.010471283687732046
100,54601,0,0.0,767,4648,49953,0.010466594336687809
100,54701,0,0.0,768,4648,50053,0.010461951645466068
100,54801,0,0.0,769,4648,50153,0.010457355149793835
100,54901,0,0.0,770,4650,50251,0.010452804390017712
100,55001,0,0.0,771,4650,50351,0.010448298911057929
100,55101,0,0.0,772,4651,50450,0.010443838262362837
100,55201,0,0.0,773,4652,50549,0.010439421997863846
100,55301,0,0.0,774,4652,50649,0.010435049675930827
100,55401,0,0.0,775,4653,50748,0.010430720859327945
100,55501,0,0.0,776,4654,50847,0.01042643511516993
100,55601,0,0.0,777,4655,50946,0.010422192014878798
100,55701,0,0.0,778,4655,51046,0.01041799113414098
100,55801,0,0.0,779,4656,51145,0.010413832052864903
100,55901,0,0.0,780,4657,51244,0.010409714355138974
100,56001,0,0.0,781,4658,51343,0.010405637629189989
100,56101,0,0.0,782,4662,51439,0.010401601467341955
100,56201,0,0.0,783,4662,51539,0.010397605465975325
100,56301,0,0.0,784,4663,51638,0.01039364922548663
100,56401,0,0.0,785,4663,51738,0.010389732350248527
48,56449,0,0.0,786,4664,51785,0.010385854448570228
100,56549,0,0.0,787,4664,51885,0.01038201513265833
100,56649,0,0.0,788,4664,51985,0.010378214018578047
100,56749,0,0.0,789,4664,52085,0.0103744507262148
100,56849,0,0.0,790,4664,52185,0.010370724879236218
100,56949,0,0.0,791,4664,52285,0.010367036105054498
100,57049,0,0.0,792,4666,52383,0.010363384034789147
100,57149,0,0.0,793,4667,52482,0.010359768303230097
100,57249,0,0.0,794,4667,52582,0.010356188548801179
100,57349,0,0.0,795,4667,52682,0.010352644413523964
85,57434,0,0.0,796,4668,52766,0.010349135542981974
76,57510,0,0.0,797,4670,52840,0.010345661586285228
100,57610,0,0.0,798,4670,52940,0.010342222196035164
100,57710,0,0.0,799,4673,53037,0.01033881702828989
80,57790,0,0.0,800,4675,53115,0.010335445742529792
57,57847,0,0.0,801,4678,53169,0.010332108001623487
100,57947,0,0.0,802,4679,53268,0.010328803471794101
29,57976,0,0.0,803,4681,53295,0.0103255318225859
100,58076,0,0.0,804,4681,53395,0.010322292726831234
49,58125,0,0.0,805,4682,53443,0.01031908586061783
100,58225,0,0.0,806,4682,53543,0.010315910903256391
100,58325,0,0.0,807,4682,53643,0.01031276753724854
100,58425,0,0.0,808,4683,53742,0.010309655448255054
100,58525,0,0.0,809,4685,53840,0.01030657432506444
100,58625,0,0.0,810,4686,53939,0.010303523859561813
100,58725,0,0.0,811,4686,54039,0.01030050374669808
100,58825,0,0.0,812,4686,54139,0.010297513684459435
100,58925,0,0.0,813,4691,54234,0.010294553373837166
100,59025,0,0.0,814,4691,54334,0.010291622518797741
100,59125,0,0.0,815,4691,54434,0.010288720826253218
100,59225,0,0.0,816,4693,54532,0.010285848006031922
100,59325,0,0.0,817,4693,54632,0.010283003770849435
100,59425,0,0.0,818,4694,54731,0.010280187836279871
48,59473,0,0.0,819,4695,54778,0.010277399920727424
100,59573,0,0.0,820,4695,54878,0.01027463974539822
100,59673,0,0.0,821,4695,54978,0.010271907034272422
72,59745,0,0.0,822,4696,55049,0.01026920151407664
100,59845,0,0.0,823,4697,55148,0.010266522914256601
100,59945,0,0.0,824,4697,55248,0.010263870966950093
79,60024,0,0.0,825,4700,55324,0.01026124540696017
100,60124,0,0.0,826,4700,55424,0.010258645971728651
100,60224,0,0.0,827,4701,55523,0.010256072401309843
100,60324,0,0.0,828,4701,55623,0.01025352443834456
100,60424,0,0.0,829,4701,55723,0.010251001828034383
100,60524,0,0.0,830,4703,55821,0.010248504318116178
100,60624,0,0.0,831,4705,55919,0.010246031658836873
100,60724,0,0.0,832,4705,56019,0.010243583602928479
100,60824,0,0.0,833,4706,56118,0.010241159905583363
100,60924,0,0.0,834,4707,56217,0.010238760324429774
100,61024,0,0.0,835,4707,56317,0.010236384619507594
100,61124,0,0.0,836,4708,56416,0.010234032553244354
100,61224,0,0.0,837,4708,56516,0.010231703890431466
100,61324,0,0.0,838,4708,56616,0.01022939839820071
74,61398,0,0.0,839,4709,56689,0.010227115846000938
100,61498,0,0.0,840,4712,56786,0.01022485600557503
100,61598,0,0.0,841,4713,56885,0.01022261865093706
100,61698,0,0.0,842,4715,56983,0.010220403558349701
100,61798,0,0.0,843,4716,57082,0.010218210506301846
100,61898,0,0.0,844,4718,57180,0.010216039275486465
100,61998,0,0.0,845,4718,57280,0.010213889648778665
39,62037,0,0.0,846,4721,57316,0.010211761411213984
100,62137,0,0.0,847,4722,57415,0.010209654349966894
100,62237,0,0.0,848,4723,57514,0.010207568254329514
100,62337,0,0.0,849,4726,57611,0.01020550291569054
100,62437,0,0.0,850,4726,57711,0.010203458127514388
100,62537,0,0.0,851,4726,57811,0.010201433685320538
100,62637,0,0.0,852,4726,57911,0.010199429386663081
100,62737,0,0.0,853,4727,58010,0.010197445031110482
100,62837,0,0.0,854,4727,58110,0.010195480420225531
100,62937,0,0.0,855,4728,58209,0.010193535357545505
100,63037,0,0.0,856,4729,58308,0.010191609648562514
100,63137,0,0.0,857,4731,58406,0.010189703100704052
100,63237,0,0.0,858,4732,58505,0.01018781552331375
100,63337,0,0.0,859,4734,58603,0.01018594672763229
100,63437,0,0.0,860,4734,58703,0.010184096526778551
100,63537,0,0.0,861,4734,58803,0.010182264735730903
100,63637,0,0.0,862,4734,58903,0.010180451171308717
100,63737,0,0.0,863,4735,59002,0.010178655652154037
24,63761,0,0.0,864,4736,59025,0.010176877998713455
100,63861,0,0.0,865,4737,59124,0.01017511803322014
100,63961,0,0.0,866,4738,59223,0.010173375579676082
100,64061,0,0.0,867,4740,59321,0.01017165046383447
100,64161,0,0.0,868,4742,59419,0.010169942513182286
100,64261,0,0.0,869,4743,59518,0.010168251556923037
100,64361,0,0.0,870,4744,59617,0.010166577425959692
100,64461,0,0.0,871,4745,59716,0.010164919952877757
100,64561,0,0.0,872,4745,59816,0.010163278971928544
100,64661,0,0.0,873,4746,59915,0.01016165431901259
100,64761,0,0.0,874,4748,60013,0.01016004583166325
100,64861,0,0.0,875,4748,60113,0.010158453349030448
100,64961,0,0.0,876,4748,60213,0.010156876711864594
100,65061,0,0.0,877,4749,60312,0.010155315762500658
67,65128,0,0.0,878,4752,60376,0.0101537703448424
100,65228,0,0.0,879,4752,60476,0.010152240304346772
31,65259,0,0.0,880,4753,60506,0.010150725488008444
100,65359,0,0.0,881,4753,60606,0.010149225744344521
100,65459,0,0.0,882,4754,60705,0.01014774092337939
55,65514,0,0.0,883,4757,60757,0.010146270876629714
100,65614,0,0.0,884,4758,60856,0.010144815457089593
100,65714,0,0.0,885,4758,60956,0.010143374519215861
100,65814,0,0.0,886,4760,61054,0.01014194791891353
100,65914,0,0.0,887,4760,61154,0.01014053551352138
100,66014,0,0.0,888,4760,61254,0.010139137161797698
100,66114,0,0.0,889,4761,61353,0.010137752723906142
100,66214,0,0.0,890,4763,61451,0.01013638206140177
46,66260,0,0.0,891,4764,61496,0.010135025037217192
100,66360,0,0.0,892,4766,61594,0.010133681515648855
100,66460,0,0.0,893,4767,61693,0.010132351362343486
100,66560,0,0.0,894,4767,61793,0.010131034444284644
100,66660,0,0.0,895,4767,61893,0.010129730629779427
21,66681,0,0.0,896,4768,61913,0.010128439788445296
100,66781,0,0.0,897,4768,62013,0.010127161791197044
49,66830,0,0.0,898,4770,62060,0.01012589651023388
70,66900,0,0.0,899,4771,62129,0.010124643819026653
100,67000,0,0.0,900,4771,62229,0.0101234035923052
82,67082,0,0.0,901,4775,62307,0.010122175706045813
100,67182,0,0.0,902,4775,62407,0.010120960037458845
100,67282,0,0.0,903,4777,62505,0.010119756464976423
100,67382,0,0.0,904,4779,62603,0.010118564868240294
100,67482,0,0.0,905,4781,62701,0.010117385128089795
100,67582,0,0.0,906,4782,62800,0.010116217126549927
100,67682,0,0.0,907,4783,62899,0.010115060746819561
100,67782,0,0.0,908,4783,62999,0.010113915873259762
100,67882,0,0.0,909,4783,63099,0.010112782391382219
100,67982,0,0.0,910,4786,63196,0.010111660187837799
100,68082,0,0.0,911,4786,63296,0.010110549150405214
80,68162,0,0.0,912,4787,63375,0.010109449167979795
100,68262,0,0.0,913,4787,63475,0.010108360130562379
100,68362,0,0.0,914,4788,63574,0.010107281929248322
100,68462,0,0.0,915,4788,63674,0.010106214456216591
100,68562,0,0.0,916,4788,63774,0.010105157604718994
29,68591,0,0.0,917,4790,63801,0.010104111269069502
100,68691,0,0.0,918,4790,63901,0.010103075344633675
46,68737,0,0.0,919,4793,63944,0.010102049727818207
100,68837,0,0.0,920,4793,64044,0.010101034316060565
100,68937,0,0.0,921,4793,64144,0.010100029007818723
100,69037,0,0.0,922,4795,64242,0.01009903370256102
100,69137,0,0.0,923,4796,64341,0.010098048300756102
76,69213,0,0.0,924,4797,64416,0.010097072703862968
79,69292,0,0.0,925,4798,64494,0.010096106814321115
100,69392,0,0.0,926,4798,64594,0.01009515053554078
85,69477,0,0.0,927,4800,64677,0.010094203771893295
100,69577,0,0.0,928,4800,64777,0.010093266428701501
100,69677,0,0.0,929,4800,64877,0.0100923384122303
100,69777,0,0.0,930,4800,64977,0.01009141962967727
46,69823,0,0.0,931,4801,65022,0.010090509989163391
50,69873,0,0.0,932,4803,65070,0.010089609399723856
100,69973,0,0.0,933,4805,65168,0.010088717771298966
100,70073,0,0.0,934,4808,65265,0.010087835014725138
100,70173,0,0.0,935,4809,65364,0.010086961041725979
100,70273,0,0.0,936,4810,65463,0.01008609576490346
100,70373,0,0.0,937,4810,65563,0.010085239097729176
100,70473,0,0.0,938,4812,65661,0.0100843909545357
100,70573,0,0.0,939,4813,65760,0.010083551250508005
50,70623,0,0.0,940,4814,65809,0.010082719901674985
100,70723,0,0.0,941,4815,65908,0.010081896824901066
100,70823,0,0.0,942,4816,66007,0.010081081937877885
100,70923,0,0.0,943,4816,66107,0.01008027515911606
100,71023,0,0.0,944,4817,66206,0.010079476407937044
57,71080,0,0.0,945,4818,66262,0.010078685604465051
100,71180,0,0.0,946,4818,66362,0.010077902669619077
100,71280,0,0.0,947,4820,66460,0.010077127525104984
100,71380,0,0.0,948,4821,66559,0.010076360093407673
100,71480,0,0.0,949,4823,66657,0.010075600297783338
100,71580,0,0.0,950,4823,66757,0.010074848062251781
100,71680,0,0.0,951,4825,66855,0.010074103311588823
100,71780,0,0.0,952,4825,66955,0.010073365971318778
100,71880,0,0.0,953,4828,67052,0.010072635967707003
100,71980,0,0.0,954,4832,67148,0.010071913227752527
100,72080,0,0.0,955,4832,67248,0.010071197679180756
100,72180,0,0.0,956,4832,67348,0.010070489250436234
100,72280,0,0.0,957,4833,67447,0.010069787870675497
100,72380,0,0.0,958,4834,67546,0.010069093469759984
100,72480,0,0.0,959,4835,67645,0.010068405978249026
100,72580,0,0.0,960,4836,67744,0.010067725327392897
100,72680,0,0.0,961,4838,67842,0.010067051449125945
100,72780,0,0.0,962,4838,67942,0.010066384276059784
45,72825,0,0.0,963,4840,67985,0.010065723741476547
100,72925,0,0.0,964,4841,68084,0.01006506977932223
100,73025,0,0.0,965,4841,68184,0.010064422324200068
100,73125,0,0.0,966,4842,68283,0.010063781311364012
100,73225,0,0.0,967,4842,68383,0.010063146676712244
100,73325,0,0.0,968,4844,68481,0.01006251835678077
100,73425,0,0.0,969,4844,68581,0.010061896288737071
35,73460,0,0.0,970,4845,68615,0.01006128041037383
100,73560,0,0.0,971,4846,68714,0.01006067066010269
100,73660,0,0.0,972,4846,68814,0.01006006697694812
100,73760,0,0.0,973,4846,68914,0.010059469300541302
100,73860,0,0.0,974,4847,69013,0.010058877571114096
100,73960,0,0.0,975,4847,69113,0.010058291729493065
100,74060,0,0.0,976,4849,69211,0.01005771171709356
100,74160,0,0.0,977,4850,69310,0.010057137475913858
100,74260,0,0.0,978,4851,69409,0.010056568948529363
100,74360,0,0.0,979,4853,69507,0.010056006078086861
100,74460,0,0.0,980,4853,69607,0.01005544880829884
78,74538,0,0.0,981,4855,69683,0.010054897083437856
100,74638,0,0.0,982,4855,69783,0.010054350848330963
100,74738,0,0.0,983,4856,69882,0.010053810048354195
100,74838,0,0.0,984,4856,69982,0.010053274629427107
100,74938,0,0.0,985,4857,70081,0.010052744538007355
100,75038,0,0.0,986,4857,70181,0.01005221972108536
100,75138,0,0.0,987,4857,70281,0.010051700126178988
42,75180,0,0.0,988,4858,70322,0.010051185701328317
100,75280,0,0.0,989,4859,70421,0.010050676395090436
100,75380,0,0.0,990,4859,70521,0.010050172156534292
100,75480,0,0.0,991,4860,70620,0.010049672935235614
100,75580,0,0.0,992,4861,70719,0.010049178681271852
100,75680,0,0.0,993,4861,70819,0.010048689345217202
100,75780,0,0.0,994,4861,70919,0.010048204878137646
100,75880,0,0.0,995,4862,71018,0.010047725231586075
100,75980,0,0.0,996,4862,71118,0.010047250357597435
16,75996,0,0.0,997,4863,71133,0.010046780208683928
100,76096,0,0.0,998,4863,71233,0.010046314737830275
100,76196,0,0.0,999,4863,71333,0.010045853898488999
100,76296,0,0.0,1000,4864,71432,0.010045397644575786
100,76396,0,0.0,1001,4864,71532,0.010044945930464861
100,76496,0,0.0,1002,4865,71631,0.010044498710984437
100,76596,0,0.0,1003,4865,71731,0.010044055941412194
75,76671,0,0.0,1004,4866,71805,0.010043617577470805
80,76751,0,0.0,1005,4867,71884,0.010043183575323512
100,76851,0,0.0,1006,4868,71983,0.010042753891569738
100,76951,0,0.0,1007,4868,72083,0.01004232848324075
100,77051,0,0.0,1008,4868,72183,0.010041907307795358
100,77151,0,0.0,1009,4868,72283,0.01004149032311567
100,77251,0,0.0,1010,4869,72382,0.010041077487502869
100,77351,0,0.0,1011,4870,72481,0.010040668759673048
100,77451,0,0.0,1012,4870,72581,0.010040264098753086
100,77551,0,0.0,1013,4872,72679,0.010039863464276553
100,77651,0,0.0,1014,4873,72778,0.010039466816179668
100,77751,0,0.0,1015,4876,72875,0.010039074114797288
100,77851,0,0.0,1016,4879,72972,0.01003868532085895
100,77951,0,0.0,1017,4880,73071,0.010038300395484938
100,78051,0,0.0,1018,4881,73170,0.01003791930018239
100,78151,0,0.0,1019,4881,73270,0.01003754199684146
100,78251,0,0.0,1020,4884,73367,0.0100371684477315
100,78351,0,0.0,1021,4884,73467,0.010036798615497286
100,78451,0,0.0,1022,4884,73567,0.010036432463155286
52,78503,0,0.0,1023,4886,73617,0.010036069954089965
100,78603,0,0.0,1024,4888,73715,0.01003571105205011
100,78703,0,0.0,1025,4888,73815,0.01003535572114522
100,78803,0,0.0,1026,4891,73912,0.010035003925841906
100,78903,0,0.0,1027,4892,74011,0.010034655630960348
100,79003,0,0.0,1028,4892,74111,0.010034310801670764
100,79103,0,0.0,1029,4893,74210,0.010033969403489941
100,79203,0,0.0,1030,4893,74310,0.010033631402277775
100,79303,0,0.0,1031,4894,74409,0.010033296764233863
100,79403,0,0.0,1032,4895,74508,0.01003296545589412
100,79503,0,0.0,1033,4895,74608,0.01003263744412744
100,79603,0,0.0,1034,4896,74707,0.010032312696132369
100,79703,0,0.0,1035,4896,74807,0.01003199117943384
100,79803,0,0.0,1036,4897,74906,0.010031672861879913
100,79903,0,0.0,1037,4898,75005,0.010031357711638567
100,80003,0,0.0,1038,4899,75104,0.010031045697194518
100,80103,0,0.0,1039,4899,75204,0.01003073678734606
84,80187,0,0.0,1040,4901,75286,0.01003043095120195
100,80287,0,0.0,1041,4904,75383,0.01003012815817832
100,80387,0,0.0,1042,4905,75482,0.010029828377995615
100,80487,0,0.0,1043,4907,75580,0.010029531580675564
100,80587,0,0.0,1044,4908,75679,0.010029237736538193
100,80687,0,0.0,1045,4909,75778,0.01002894681619884
100,80787,0,0.0,1046,4910,75877,0.010028658790565229
18,80805,0,0.0,1047,4911,75894,0.010028373630834558
100,80905,0,0.0,1048,4911,75994,0.010028091308490614
100,81005,0,0.0,1049,4911,76094,0.010027811795300929
55,81060,0,0.0,1050,4912,76148,0.01002753506331395
100,81160,0,0.0,1051,4914,76246,0.01002726108485625
51,81211,0,0.0,1052,4916,76295,0.010026989832529752
100,81311,0,0.0,1053,4916,76395,0.010026721279208999
100,81411,0,0.0,1054,4917,76494,0.010026455398038434
100,81511,0,0.0,1055,4917,76594,0.01002619216242972
100,81611,0,0.0,1056,4918,76693,0.010025931546059077
100,81711,0,0.0,1057,4918,76793,0.010025673522864646
100,81811,0,0.0,1058,4919,76892,0.0100254180670439
100,81911,0,0.0,1059,4919,76992,0.010025165153051038
100,82011,0,0.0,1060,4920,77091,0.010024914755594453
55,82066,0,0.0,1061,4921,77145,0.01002466684963419
100,82166,0,0.0,1062,4922,77244,0.010024421410379444
26,82192,0,0.0,1063,4924,77268,0.01002417841328609
100,82292,0,0.0,1064,4925,77367,0.010023937834054211
100,82392,0,0.0,1065,4929,77463,0.010023699648625687
100,82492,0,0.0,1066,4929,77563,0.010023463833181775
100,82592,0,0.0,1067,4929,77663,0.010023230364140734
100,82692,0,0.0,1068,4930,77762,0.010022999218155467
100,82792,0,0.0,1069,4932,77860,0.01002277037211118
100,82892,0,0.0,1070,4934,77958,0.01002254380312308
100,82992,0,0.0,1071,4934,78058,0.01002231948853408
100,83092,0,0.0,1072,4934,78158,0.010022097405912533
100,83192,0,0.0,1073,4936,78256,0.010021877533049992
100,83292,0,0.0,1074,4937,78355,0.010021659847958985
100,83392,0,0.0,1075,4938,78454,0.010021444328870826
48,83440,0,0.0,1076,4939,78501,0.010021230954233424
100,83540,0,0.0,1077,4940,78600,0.010021019702709136
100,83640,0,0.0,1078,4940,78700,0.010020810553172638
100,83740,0,0.0,1079,4940,78800,0.010020603484708799
100,83840,0,0.0,1080,4942,78898,0.0100203984766106
100,83940,0,0.0,1081,4942,78998,0.01002019550837706
100,84040,0,0.0,1082,4944,79096,0.010019994559711188
100,84140,0,0.0,1083,4944,79196,0.01001979561051795
100,84240,0,0.0,1084,4945,79295,0.01001959864090226
100,84340,0,0.0,1085,4946,79394,0.010019403631166992
100,84440,0,0.0,1086,4947,79493,0.01001921056181101
80,84520,0,0.0,1087,4949,79571,0.01001901941352722
100,84620,0,0.0,1088,4951,79669,0.01001883016720063
100,84720,0,0.0,1089,4952,79768,0.010018642803906453
100,84820,0,0.0,1090,4953,79867,0.010018457304908203
100,84920,0,0.0,1091,4953,79967,0.010018273651655822
100,85020,0,0.0,1092,4954,80066,0.010018091825783837
100,85120,0,0.0,1093,4955,80165,0.010017911809109508
100,85220,0,0.0,1094,4956,80264,0.010017733583631014
100,85320,0,0.0,1095,4957,80363,0.010017557131525663
100,85420,0,0.0,1096,4958,80462,0.010017382435148095
100,85520,0,0.0,1097,4959,80561,0.010017209477028527
17,85537,0,0.0,1098,4960,80577,0.010017038239871004
100,85637,0,0.0,1099,4961,80676,0.010016868706551666
100,85737,0,0.0,1100,4963,80774,0.01001670086011704
100,85837,0,0.0,1101,4963,80874,0.010016534683782344
100,85937,0,0.0,1102,4963,80974,0.010016370160929804
79,86016,0,0.0,1103,4964,81052,0.010016207275107
100,86116,0,0.0,1104,4965,81151,0.010016046010025212
100,86216,0,0.0,1105,4966,81250,0.0100158863495578
100,86316,0,0.0,1106,4966,81350,0.01001572827773858
100,86416,0,0.0,1107,4967,81449,0.010015571778760241
100,86516,0,0.0,1108,4967,81549,0.010015416836972756
100,86616,0,0.0,1109,4968,81648,0.010015263436881815
100,86716,0,0.0,1110,4969,81747,0.010015111563147282
100,86816,0,0.0,1111,4969,81847,0.010014961200581656
100,86916,0,0.0,1112,4970,81946,0.010014812334148557
100,87016,0,0.0,1113,4971,82045,0.010014664948961216
100,87116,0,0.0,1114,4973,82143,0.010014519030280992
100,87216,0,0.0,1115,4973,82243,0.010014374563515895
100,87316,0,0.0,1116,4974,82342,0.01001423153421913
100,87416,0,0.0,1117,4975,82441,0.010014089928087644
100,87516,0,0.0,1118,4975,82541,0.01001394973096071
100,87616,0,0.0,1119,4977,82639,0.010013810928818496
100,87716,0,0.0,1120,4977,82739,0.010013673507780674
100,87816,0,0.0,1121,4978,82838,0.010013537454105024
100,87916,0,0.0,1122,4978,82938,0.010013402754186067
100,88016,0,0.0,1123,4979,83037,0.010013269394553695
100,88116,0,0.0,1124,4979,83137,0.010013137361871838
100,88216,0,0.0,1125,4980,83236,0.010013006642937116
100,88316,0,0.0,1126,4981,83335,0.010012877224677526
100,88416,0,0.0,1127,4983,83433,0.010012749094151136
44,88460,0,0.0,1128,4985,83475,0.010012622238544785
100,88560,0,0.0,1129,4986,83574,0.010012496645172807
21,88581,0,0.0,1130,4987,83594,0.01001237230147576
100,88681,0,0.0,1131,4988,83693,0.01001224919501917
100,88781,0,0.0,1132,4989,83792,0.01001212731349229
100,88881,0,0.0,1133,4991,83890,0.010012006644706866
100,88981,0,0.0,1134,4992,83989,0.010011887176595919
100,89081,0,0.0,1135,4993,84088,0.010011768897212536
100,89181,0,0.0,1136,4994,84187,0.010011651794728682
88,89269,0,0.0,1137,4997,84272,0.010011535857434011
100,89369,0,0.0,1138,4998,84371,0.010011421073734697
100,89469,0,0.0,1139,5001,84468,0.010011307432152275
100,89569,0,0.0,1140,5002,84567,0.01001119492132249
100,89669,0,0.0,1141,5003,84666,0.010011083529994165
100,89769,0,0.0,1142,5004,84765,0.010010973247028078
100,89869,0,0.0,1143,5008,84861,0.010010864061395836
100,89969,0,0.0,1144,5009,84960,0.01001075596217879
100,90069,0,0.0,1145,5011,85058,0.010010648938566923
100,90169,0,0.0,1146,5011,85158,0.010010542979857786
100,90269,0,0.0,1147,5012,85257,0.010010438075455421
100,90369,0,0.0,1148,5015,85354,0.010010334214869302
100,90469,0,0.0,1149,5016,85453,0.010010231387713281
100,90569,0,0.0,1150,5016,85553,0.010010129583704556
42,90611,0,0.0,1151,5017,85594,0.010010028792662645
18,90629,0,0.0,1152,5018,85611,0.010009929004508356
100,90729,0,0.0,1153,5019,85710,0.010009830209262792
100,90829,0,0.0,1154,5021,85808,0.010009732397046348
100,90929,0,0.0,1155,5021,85908,0.010009635558077717
100,91029,0,0.0,1156,5022,86007,0.010009539682672925
100,91129,0,0.0,1157,5022,86107,0.010009444761244348
100,91229,0,0.0,1158,5022,86207,0.010009350784299768
100,91329,0,0.0,1159,5024,86305,0.01000925774244141
100,91429,0,0.0,1160,5024,86405,0.01000916562636501
100,91529,0,0.0,1161,5024,86505,0.010009074426858885
100,91629,0,0.0,1162,5026,86603,0.010008984134803008
100,91729,0,0.0,1163,5026,86703,0.010008894741168098
100,91829,0,0.0,1164,5027,86802,0.010008806237014717
100,91929,0,0.0,1165,5027,86902,0.010008718613492376
100,92029,0,0.0,1166,5027,87002,0.010008631861838651
100,92129,0,0.0,1167,5027,87102,0.010008545973378302
100,92229,0,0.0,1168,5028,87201,0.010008460939522413
100,92329,0,0.0,1169,5030,87299,0.010008376751767528
100,92429,0,0.0,1170,5030,87399,0.010008293401694799
100,92529,0,0.0,1171,5030,87499,0.01000821088096915
100,92629,0,0.0,1172,5030,87599,0.010008129181338442
100,92729,0,0.0,1173,5030,87699,0.01000804829463264
100,92829,0,0.0,1174,5030,87799,0.01000796821276301
100,92929,0,0.0,1175,5031,87898,0.010007888927721297
100,93029,0,0.0,1176,5031,87998,0.010007810431578928
100,93129,0,0.0,1177,5034,88095,0.010007732716486228
100,93229,0,0.0,1178,5035,88194,0.01000765577467162
100,93329,0,0.0,1179,5035,88294,0.010007579598440857
100,93429,0,0.0,1180,5036,88393,0.010007504180176256
100,93529,0,0.0,1181,5037,88492,0.010007429512335927
100,93629,0,0.0,1182,5037,88592,0.010007355587453021
43,93672,0,0.0,1183,5038,88634,0.010007282398134991
100,93772,0,0.0,1184,5038,88734,0.010007209937062844
100,93872,0,0.0,1185,5039,88833,0.01000713819699041
100,93972,0,0.0,1186,5039,88933,0.010007067170743624
100,94072,0,0.0,1187,5040,89032,0.010006996851219802
100,94172,0,0.0,1188,5042,89130,0.010006927231386933
100,94272,0,0.0,1189,5044,89228,0.010006858304282974
100,94372,0,0.0,1190,5046,89326,0.01000679006301516
100,94472,0,0.0,1191,5047,89425,0.010006722500759306
100,94572,0,0.0,1192,5047,89525,0.010006655610759129
100,94672,0,0.0,1193,5049,89623,0.010006589386325575
100,94772,0,0.0,1194,5049,89723,0.010006523820836145
100,94872,0,0.0,1195,5050,89822,0.010006458907734234
100,94972,0,0.0,1196,5051,89921,0.010006394640528481
100,95072,0,0.0,1197,5053,90019,0.010006331012792108
100,95172,0,0.0,1198,5053,90119,0.01000626801816229
42,95214,0,0.0,1199,5055,90159,0.010006205650339512
100,95314,0,0.0,1200,5056,90258,0.010006143903086939
57,95371,0,0.0,1201,5057,90314,0.010006082770229794
78,95449,0,0.0,1202,5059,90390,0.010006022245654743
100,95549,0,0.0,1203,5060,90489,0.010005962323309275
100,95649,0,0.0,1204,5060,90589,0.010005902997201107
100,95749,0,0.0,1205,5061,90688,0.010005844261397577
100,95849,0,0.0,1206,5061,90788,0.010005786110025058
100,95949,0,0.0,1207,5061,90888,0.010005728537268364
100,96049,0,0.0,1208,5062,90987,0.010005671537370168
23,96072,0,0.0,1209,5063,91009,0.010005615104630439
100,96172,0,0.0,1210,5065,91107,0.01000555923340585
100,96272,0,0.0,1211,5066,91206,0.010005503918109233
100,96372,0,0.0,1212,5068,91304,0.010005449153209016
100,96472,0,0.0,1213,5070,91402,0.01000539493322866
100,96572,0,0.0,1214,5072,91500,0.010005341252746124
31,96603,0,0.0,1215,5073,91530,0.010005288106393312
100,96703,0,0.0,1216,5075,91628,0.010005235488855546
100,96803,0,0.0,1217,5077,91726,0.010005183394871029
100,96903,0,0.0,1218,5079,91824,0.010005131819230318
100,97003,0,0.0,1219,5079,91924,0.010005080756775806
100,97103,0,0.0,1220,5079,92024,0.010005030202401208
100,97203,0,0.0,1221,5081,92122,0.01000498015105104
100,97303,0,0.0,1222,5084,92219,0.010004930597720129
83,97386,0,0.0,1223,5085,92301,0.010004881537453098
100,97486,0,0.0,1224,5087,92399,0.01000483296534388
100,97586,0,0.0,1225,5088,92498,0.010004784876535224
100,97686,0,0.0,1226,5088,92598,0.010004737266218209
100,97786,0,0.0,1227,5088,92698,0.010004690129631762
100,97886,0,0.0,1228,5088,92798,0.010004643462062188
100,97986,0,0.0,1229,5088,92898,0.01000459725884269
100,98086,0,0.0,1230,5089,92997,0.010004551515352907
100,98186,0,0.0,1231,5090,93096,0.010004506227018452
57,98243,0,0.0,1232,5091,93152,0.010004461389310455
100,98343,0,0.0,1233,5091,93252,0.010004416997745106
100,98443,0,0.0,1234,5093,93350,0.010004373047883213
100,98543,0,0.0,1235,5095,93448,0.010004329535329752
100,98643,0,0.0,1236,5097,93546,0.010004286455733433
100,98743,0,0.0,1237,5097,93646,0.010004243804786258
100,98843,0,0.0,1238,5098,93745,0.010004201578223099
100,98943,0,0.0,1239,5099,93844,0.010004159771821263
100,99043,0,0.0,1240,5100,93943,0.010004118381400076
100,99143,0,0.0,1241,5101,94042,0.010004077402820461
100,99243,0,0.0,1242,5102,94141,0.010004036831984526
100,99343,0,0.0,1243,5103,94240,0.010003996664835153
100,99443,0,0.0,1244,5103,94340,0.010003956897355594
100,99543,0,0.0,1245,5103,94440,0.010003917525569068
100,99643,0,0.0,1246,5104,94539,0.010003878545538364
100,99743,0,0.0,1247,5104,94639,0.010003839953365446
100,99843,0,0.0,1248,5104,94739,0.010003801745191065
100,99943,0,0.0,1249,5105,94838,0.01000376391719437
27,99970,0,0.0,1250,5106,94864,0.010003726465592533
