iteration,successes,successes_episode,reward_episode,episode_count,random_act,timestep
99,99,0,0.0,1,69,30
7,106,0,0.0,2,74,32
66,172,0,0.0,3,128,44
22,194,0,0.0,4,147,47
46,240,0,0.0,5,183,57
47,287,0,0.0,6,217,70
71,358,0,0.0,7,273,85
21,379,0,0.0,8,292,87
26,405,0,0.0,9,317,88
15,420,0,0.0,10,331,89
36,456,0,0.0,11,361,95
29,485,0,0.0,12,382,103
17,502,0,0.0,13,394,108
21,523,0,0.0,14,411,112
23,546,0,0.0,15,429,117
34,580,0,0.0,16,456,124
44,624,0,0.0,17,494,130
14,638,0,0.0,18,506,132
19,657,0,0.0,19,521,136
17,674,0,0.0,20,533,141
31,705,0,0.0,21,558,147
14,719,0,0.0,22,570,149
10,729,0,0.0,23,577,152
19,748,0,0.0,24,592,156
7,755,0,0.0,25,597,158
22,777,0,0.0,26,616,161
50,827,0,0.0,27,659,168
62,889,0,0.0,28,711,178
40,929,0,0.0,29,736,193
19,948,0,0.0,30,750,198
23,971,0,0.0,31,768,203
48,1019,0,0.0,32,809,210
27,1046,0,0.0,33,831,215
20,1066,0,0.0,34,849,217
5,1071,0,0.0,35,854,217
52,1123,0,0.0,36,890,233
30,1153,0,0.0,37,913,240
13,1166,0,0.0,38,925,241
35,1201,0,0.0,39,953,248
18,1219,0,0.0,40,968,251
62,1281,0,0.0,41,1020,261
15,1296,0,0.0,42,1033,263
17,1313,0,0.0,43,1046,267
9,1322,0,0.0,44,1052,270
41,1363,0,0.0,45,1085,278
41,1404,0,0.0,46,1116,288
57,1461,0,0.0,47,1157,304
73,1534,0,0.0,48,1217,317
5,1539,0,0.0,49,1222,317
46,1585,0,0.0,50,1260,325
16,1601,0,0.0,51,1274,327
32,1633,0,0.0,52,1300,333
54,1687,0,0.0,53,1345,342
49,1736,0,0.0,54,1385,351
21,1757,0,0.0,55,1401,356
38,1795,0,0.0,56,1433,362
25,1820,0,0.0,57,1451,369
20,1840,0,0.0,58,1470,370
7,1847,0,0.0,59,1475,372
7,1854,0,0.0,60,1481,373
46,1900,0,0.0,61,1516,384
14,1914,0,0.0,62,1529,385
6,1920,0,0.0,63,1535,385
12,1932,0,0.0,64,1546,386
13,1945,0,0.0,65,1556,389
15,1960,0,0.0,66,1568,392
35,1995,0,0.0,67,1596,399
36,2031,0,0.0,68,1624,407
24,2055,0,0.0,69,1643,412
45,2100,0,0.0,70,1679,421
12,2112,0,0.0,71,1688,424
55,2167,0,0.0,72,1732,435
49,2216,0,0.0,73,1771,445
55,2271,0,0.0,74,1812,459
12,2283,0,0.0,75,1819,464
22,2305,0,0.0,76,1837,468
53,2358,0,0.0,77,1879,479
28,2386,0,0.0,78,1901,485
30,2416,0,0.0,79,1925,491
36,2452,0,0.0,80,1953,499
47,2499,0,0.0,81,1988,511
19,2518,0,0.0,82,2003,515
16,2534,0,0.0,83,2017,517
79,2613,0,0.0,84,2079,534
75,2688,0,0.0,85,2143,545
6,2694,0,0.0,86,2148,546
45,2739,0,0.0,87,2187,552
5,2744,0,0.0,88,2188,556
9,2753,0,0.0,89,2197,556
38,2791,0,0.0,90,2224,567
11,2802,0,0.0,91,2235,567
19,2821,0,0.0,92,2249,572
14,2835,0,0.0,93,2261,574
55,2890,0,0.0,94,2299,591
8,2898,0,0.0,95,2305,593
35,2933,0,0.0,96,2331,602
22,2955,0,0.0,97,2350,605
71,3026,0,0.0,98,2410,616
43,3069,0,0.0,99,2442,627
30,3099,0,0.0,100,2468,631
21,3120,0,0.0,101,2485,635
61,3181,0,0.0,102,2536,645
68,3249,0,0.0,103,2590,659
5,3254,0,0.0,104,2595,659
72,3326,0,0.0,105,2654,672
26,3352,0,0.0,106,2673,679
30,3382,0,0.0,107,2700,682
18,3400,0,0.0,108,2713,687
8,3408,0,0.0,109,2717,691
16,3424,0,0.0,110,2728,696
53,3477,0,0.0,111,2763,714
18,3495,0,0.0,112,2779,716
17,3512,0,0.0,113,2789,723
18,3530,0,0.0,114,2804,726
19,3549,0,0.0,115,2820,729
17,3566,0,0.0,116,2832,734
38,3604,0,0.0,117,2859,745
7,3611,0,0.0,118,2865,746
18,3629,0,0.0,119,2877,752
14,3643,0,0.0,120,2889,754
47,3690,0,0.0,121,2928,762
11,3701,0,0.0,122,2937,764
8,3709,0,0.0,123,2945,764
31,3740,0,0.0,124,2975,765
23,3763,0,0.0,125,2993,770
12,3775,0,0.0,126,3002,773
30,3805,0,0.0,127,3026,779
21,3826,0,0.0,128,3043,783
26,3852,0,0.0,129,3066,786
32,3884,0,0.0,130,3092,792
13,3897,0,0.0,131,3102,795
32,3929,0,0.0,132,3130,799
92,4021,0,0.0,133,3202,819
60,4081,0,0.0,134,3251,830
11,4092,0,0.0,135,3259,833
31,4123,0,0.0,136,3284,839
46,4169,0,0.0,137,3321,848
83,4252,0,0.0,138,3378,874
42,4294,0,0.0,139,3408,886
35,4329,0,0.0,140,3435,894
15,4344,0,0.0,141,3450,894
22,4366,0,0.0,142,3467,899
77,4443,0,0.0,143,3523,920
23,4466,0,0.0,144,3545,921
12,4478,0,0.0,145,3557,921
23,4501,0,0.0,146,3576,925
24,4525,0,0.0,147,3590,935
16,4541,0,0.0,148,3601,940
32,4573,0,0.0,149,3630,943
22,4595,0,0.0,150,3648,947
54,4649,0,0.0,151,3692,957
26,4675,0,0.0,152,3708,967
38,4713,0,0.0,153,3741,972
63,4776,0,0.0,154,3795,981
10,4786,0,0.0,155,3800,986
7,4793,0,0.0,156,3807,986
25,4818,0,0.0,157,3828,990
24,4842,0,0.0,158,3844,998
16,4858,0,0.0,159,3859,999
15,4873,0,0.0,160,3872,1001
69,4942,0,0.0,161,3919,1023
44,4986,0,0.0,162,3952,1034
24,5010,0,0.0,163,3970,1040
19,5029,0,0.0,164,3988,1041
27,5056,0,0.0,165,4014,1042
9,5065,0,0.0,166,4023,1042
53,5118,0,0.0,167,4071,1047
23,5141,0,0.0,168,4088,1053
39,5180,0,0.0,169,4116,1064
16,5196,0,0.0,170,4130,1066
48,5244,0,0.0,171,4170,1074
31,5275,0,0.0,172,4192,1083
17,5292,0,0.0,173,4204,1088
48,5340,0,0.0,174,4248,1092
59,5399,0,0.0,175,4296,1103
45,5444,0,0.0,176,4332,1112
78,5522,0,0.0,177,4402,1120
20,5542,0,0.0,178,4419,1123
39,5581,0,0.0,179,4448,1133
27,5608,0,0.0,180,4473,1135
20,5628,0,0.0,181,4491,1137
26,5654,0,0.0,182,4511,1143
31,5685,0,0.0,183,4538,1147
49,5734,0,0.0,184,4575,1159
23,5757,0,0.0,185,4596,1161
67,5824,0,0.0,186,4650,1174
29,5853,0,0.0,187,4676,1177
18,5871,0,0.0,188,4693,1178
13,5884,0,0.0,189,4704,1180
8,5892,0,0.0,190,4710,1182
31,5923,0,0.0,191,4735,1188
19,5942,0,0.0,192,4752,1190
15,5957,0,0.0,193,4764,1193
70,6027,0,0.0,194,4823,1204
86,6113,0,0.0,195,4897,1216
19,6132,0,0.0,196,4911,1221
28,6160,0,0.0,197,4933,1227
28,6188,0,0.0,198,4954,1234
13,6201,0,0.0,199,4963,1238
20,6221,0,0.0,200,4981,1240
17,6238,0,0.0,201,4996,1242
83,6321,0,0.0,202,5069,1252
76,6397,0,0.0,203,5129,1268
41,6438,0,0.0,204,5162,1276
68,6506,0,0.0,205,5225,1281
16,6522,0,0.0,206,5238,1284
13,6535,0,0.0,207,5250,1285
40,6575,0,0.0,208,5279,1296
19,6594,0,0.0,209,5294,1300
90,6684,0,0.0,210,5364,1320
32,6716,0,0.0,211,5389,1327
39,6755,0,0.0,212,5421,1334
36,6791,0,0.0,213,5450,1341
29,6820,0,0.0,214,5475,1345
15,6835,0,0.0,215,5489,1346
29,6864,0,0.0,216,5512,1352
14,6878,0,0.0,217,5522,1356
49,6927,0,0.0,218,5565,1362
22,6949,0,0.0,219,5580,1369
28,6977,0,0.0,220,5603,1374
24,7001,0,0.0,221,5625,1376
13,7014,0,0.0,222,5634,1380
48,7062,0,0.0,223,5670,1392
11,7073,0,0.0,224,5675,1398
34,7107,0,0.0,225,5705,1402
49,7156,0,0.0,226,5746,1410
55,7211,0,0.0,227,5790,1421
100,7311,0,0.0,228,5867,1444
12,7323,0,0.0,229,5877,1446
16,7339,0,0.0,230,5891,1448
64,7403,0,0.0,231,5946,1457
12,7415,0,0.0,232,5956,1459
6,7421,0,0.0,233,5959,1462
58,7479,0,0.0,234,5996,1483
45,7524,0,0.0,235,6033,1491
11,7535,0,0.0,236,6042,1493
52,7587,0,0.0,237,6082,1505
18,7605,0,0.0,238,6098,1507
21,7626,0,0.0,239,6115,1511
7,7633,0,0.0,240,6120,1513
82,7715,0,0.0,241,6188,1527
23,7738,0,0.0,242,6206,1532
32,7770,0,0.0,243,6231,1539
9,7779,0,0.0,244,6238,1541
17,7796,0,0.0,245,6251,1545
53,7849,0,0.0,246,6289,1560
14,7863,0,0.0,247,6298,1565
26,7889,0,0.0,248,6321,1568
11,7900,0,0.0,249,6331,1569
16,7916,0,0.0,250,6346,1570
31,7947,0,0.0,251,6368,1579
33,7980,0,0.0,252,6395,1585
25,8005,0,0.0,253,6413,1592
21,8026,0,0.0,254,6433,1593
40,8066,0,0.0,255,6467,1599
30,8096,0,0.0,256,6490,1606
25,8121,0,0.0,257,6509,1612
77,8198,0,0.0,258,6564,1634
28,8226,0,0.0,259,6583,1643
48,8274,0,0.0,260,6619,1655
10,8284,0,0.0,261,6626,1658
45,8329,0,0.0,262,6666,1663
5,8334,0,0.0,263,6671,1663
100,8434,0,0.0,264,6749,1685
23,8457,0,0.0,265,6767,1690
7,8464,0,0.0,266,6771,1693
28,8492,0,0.0,267,6796,1696
34,8526,0,0.0,268,6824,1702
83,8609,0,0.0,269,6885,1724
19,8628,0,0.0,270,6902,1726
19,8647,0,0.0,271,6918,1729
45,8692,0,0.0,272,6953,1739
54,8746,0,0.0,273,6997,1749
9,8755,0,0.0,274,7003,1752
12,8767,0,0.0,275,7014,1753
80,8847,0,0.0,276,7078,1769
15,8862,0,0.0,277,7090,1772
15,8877,0,0.0,278,7104,1773
32,8909,0,0.0,279,7132,1777
12,8921,0,0.0,280,7141,1780
26,8947,0,0.0,281,7162,1785
43,8990,0,0.0,282,7194,1796
53,9043,0,0.0,283,7238,1805
62,9105,0,0.0,284,7283,1822
9,9114,0,0.0,285,7291,1823
8,9122,0,0.0,286,7298,1824
10,9132,0,0.0,287,7308,1824
14,9146,0,0.0,288,7318,1828
27,9173,0,0.0,289,7340,1833
25,9198,0,0.0,290,7363,1835
30,9228,0,0.0,291,7387,1841
15,9243,0,0.0,292,7399,1844
26,9269,0,0.0,293,7420,1849
31,9300,0,0.0,294,7442,1858
19,9319,0,0.0,295,7458,1861
48,9367,0,0.0,296,7502,1865
56,9423,0,0.0,297,7546,1877
32,9455,0,0.0,298,7572,1883
11,9466,0,0.0,299,7580,1886
31,9497,0,0.0,300,7606,1891
47,9544,0,0.0,301,7644,1900
21,9565,0,0.0,302,7664,1901
10,9575,0,0.0,303,7674,1901
8,9583,0,0.0,304,7680,1903
20,9603,0,0.0,305,7698,1905
23,9626,0,0.0,306,7717,1909
28,9654,0,0.0,307,7740,1914
60,9714,0,0.0,308,7781,1933
12,9726,0,0.0,309,7791,1935
8,9734,0,0.0,310,7797,1937
20,9754,0,0.0,311,7813,1941
35,9789,1,1.0,312,7841,1948
13,9802,1,0.0,313,7842,1960
72,9874,1,0.0,314,7850,2024
20,9894,1,0.0,315,7855,2039
23,9917,1,0.0,316,7857,2060
21,9938,1,0.0,317,7858,2080
38,9976,1,0.0,318,7862,2114
32,10008,1,0.0,319,7867,2141
43,10051,1,0.0,320,7874,2177
7,10058,1,0.0,321,7875,2183
14,10072,1,0.0,322,7879,2193
30,10102,1,0.0,323,7884,2218
16,10118,1,0.0,324,7886,2232
53,10171,1,0.0,325,7890,2281
14,10185,1,0.0,326,7890,2295
35,10220,1,0.0,327,7892,2328
8,10228,1,0.0,328,7893,2335
12,10240,1,0.0,329,7894,2346
100,10340,1,0.0,330,7900,2440
8,10348,1,0.0,331,7901,2447
55,10403,1,0.0,332,7905,2498
37,10440,1,0.0,333,7909,2531
39,10479,1,0.0,334,7910,2569
7,10486,1,0.0,335,7910,2576
21,10507,1,0.0,336,7911,2596
17,10524,1,0.0,337,7912,2612
23,10547,1,0.0,338,7913,2634
87,10634,1,0.0,339,7917,2717
20,10654,1,0.0,340,7918,2736
20,10674,1,0.0,341,7918,2756
22,10696,1,0.0,342,7919,2777
34,10730,1,0.0,343,7925,2805
14,10744,1,0.0,344,7926,2818
48,10792,1,0.0,345,7928,2864
38,10830,1,0.0,346,7932,2898
39,10869,1,0.0,347,7936,2933
40,10909,1,0.0,348,7939,2970
30,10939,1,0.0,349,7940,2999
35,10974,1,0.0,350,7943,3031
77,11051,1,0.0,351,7948,3103
89,11140,1,0.0,352,7960,3180
29,11169,1,0.0,353,7961,3208
20,11189,1,0.0,354,7962,3227
87,11276,1,0.0,355,7970,3306
61,11337,1,0.0,356,7975,3362
12,11349,1,0.0,357,7977,3372
7,11356,1,0.0,358,7977,3379
51,11407,1,0.0,359,7985,3422
38,11445,1,0.0,360,7988,3457
26,11471,1,0.0,361,7991,3480
88,11559,1,0.0,362,7997,3562
58,11617,1,0.0,363,8001,3616
61,11678,1,0.0,364,8003,3675
19,11697,1,0.0,365,8005,3692
33,11730,1,0.0,366,8009,3721
33,11763,1,0.0,367,8011,3752
53,11816,1,0.0,368,8014,3802
31,11847,1,0.0,369,8016,3831
28,11875,1,0.0,370,8017,3858
18,11893,1,0.0,371,8017,3876
26,11919,1,0.0,372,8019,3900
49,11968,1,0.0,373,8025,3943
22,11990,1,0.0,374,8026,3964
27,12017,1,0.0,375,8028,3989
19,12036,1,0.0,376,8032,4004
70,12106,1,0.0,377,8037,4069
36,12142,1,0.0,378,8041,4101
18,12160,1,0.0,379,8042,4118
11,12171,1,0.0,380,8042,4129
31,12202,1,0.0,381,8043,4159
20,12222,1,0.0,382,8047,4175
20,12242,1,0.0,383,8049,4193
19,12261,1,0.0,384,8050,4211
23,12284,1,0.0,385,8053,4231
12,12296,1,0.0,386,8053,4243
28,12324,1,0.0,387,8053,4271
28,12352,1,0.0,388,8055,4297
16,12368,1,0.0,389,8055,4313
11,12379,1,0.0,390,8056,4323
100,12479,1,0.0,391,8067,4412
13,12492,1,0.0,392,8068,4424
28,12520,1,0.0,393,8072,4448
10,12530,1,0.0,394,8074,4456
19,12549,1,0.0,395,8075,4474
13,12562,1,0.0,396,8075,4487
41,12603,1,0.0,397,8082,4521
5,12608,1,0.0,398,8082,4526
24,12632,1,0.0,399,8084,4548
9,12641,1,0.0,400,8084,4557
8,12649,1,0.0,401,8086,4563
84,12733,1,0.0,402,8091,4642
13,12746,1,0.0,403,8092,4654
92,12838,2,1.0,404,8102,4736
39,12877,2,0.0,405,8103,4774
22,12899,2,0.0,406,8104,4795
33,12932,2,0.0,407,8104,4828
60,12992,2,0.0,408,8105,4887
15,13007,2,0.0,409,8105,4902
71,13078,2,0.0,410,8108,4970
68,13146,2,0.0,411,8109,5037
8,13154,2,0.0,412,8109,5045
25,13179,2,0.0,413,8110,5069
36,13215,2,0.0,414,8110,5105
14,13229,2,0.0,415,8110,5119
21,13250,2,0.0,416,8110,5140
14,13264,2,0.0,417,8110,5154
17,13281,2,0.0,418,8110,5171
23,13304,2,0.0,419,8112,5192
7,13311,2,0.0,420,8112,5199
21,13332,2,0.0,421,8113,5219
24,13356,2,0.0,422,8113,5243
61,13417,2,0.0,423,8113,5304
5,13422,2,0.0,424,8113,5309
10,13432,2,0.0,425,8114,5318
32,13464,2,0.0,426,8115,5349
49,13513,2,0.0,427,8115,5398
9,13522,2,0.0,428,8115,5407
31,13553,2,0.0,429,8116,5437
7,13560,2,0.0,430,8116,5444
37,13597,2,0.0,431,8116,5481
20,13617,3,1.0,432,8116,5501
20,13637,3,0.0,433,8116,5521
15,13652,3,0.0,434,8116,5536
15,13667,3,0.0,435,8117,5550
18,13685,3,0.0,436,8117,5568
49,13734,3,0.0,437,8117,5617
65,13799,3,0.0,438,8117,5682
34,13833,3,0.0,439,8118,5715
33,13866,3,0.0,440,8118,5748
23,13889,3,0.0,441,8119,5770
48,13937,3,0.0,442,8119,5818
48,13985,3,0.0,443,8119,5866
44,14029,3,0.0,444,8120,5909
24,14053,3,0.0,445,8120,5933
9,14062,3,0.0,446,8121,5941
27,14089,3,0.0,447,8121,5968
39,14128,3,0.0,448,8121,6007
17,14145,3,0.0,449,8121,6024
40,14185,3,0.0,450,8121,6064
56,14241,3,0.0,451,8121,6120
10,14251,3,0.0,452,8121,6130
16,14267,3,0.0,453,8121,6146
36,14303,3,0.0,454,8122,6181
26,14329,3,0.0,455,8122,6207
27,14356,3,0.0,456,8123,6233
24,14380,3,0.0,457,8123,6257
9,14389,3,0.0,458,8123,6266
12,14401,3,0.0,459,8123,6278
25,14426,3,0.0,460,8123,6303
32,14458,3,0.0,461,8123,6335
11,14469,3,0.0,462,8123,6346
35,14504,3,0.0,463,8123,6381
11,14515,3,0.0,464,8123,6392
13,14528,3,0.0,465,8123,6405
21,14549,3,0.0,466,8123,6426
20,14569,3,0.0,467,8123,6446
19,14588,3,0.0,468,8123,6465
17,14605,3,0.0,469,8123,6482
16,14621,3,0.0,470,8123,6498
11,14632,3,0.0,471,8123,6509
34,14666,3,0.0,472,8123,6543
41,14707,3,0.0,473,8123,6584
27,14734,3,0.0,474,8123,6611
16,14750,3,0.0,475,8123,6627
12,14762,3,0.0,476,8123,6639
40,14802,3,0.0,477,8123,6679
14,14816,3,0.0,478,8123,6693
25,14841,3,0.0,479,8124,6717
28,14869,3,0.0,480,8124,6745
21,14890,3,0.0,481,8124,6766
33,14923,3,0.0,482,8125,6798
31,14954,3,0.0,483,8126,6828
31,14985,3,0.0,484,8127,6858
48,15033,3,0.0,485,8128,6905
14,15047,3,0.0,486,8128,6919
16,15063,3,0.0,487,8128,6935
23,15086,3,0.0,488,8128,6958
13,15099,3,0.0,489,8128,6971
33,15132,3,0.0,490,8128,7004
7,15139,3,0.0,491,8129,7010
13,15152,3,0.0,492,8129,7023
35,15187,3,0.0,493,8129,7058
42,15229,3,0.0,494,8129,7100
49,15278,3,0.0,495,8129,7149
48,15326,3,0.0,496,8130,7196
33,15359,3,0.0,497,8131,7228
35,15394,3,0.0,498,8131,7263
23,15417,3,0.0,499,8131,7286
13,15430,3,0.0,500,8131,7299
23,15453,3,0.0,501,8131,7322
13,15466,3,0.0,502,8131,7335
39,15505,3,0.0,503,8131,7374
25,15530,3,0.0,504,8131,7399
48,15578,3,0.0,505,8132,7446
11,15589,3,0.0,506,8132,7457
59,15648,3,0.0,507,8134,7514
27,15675,3,0.0,508,8134,7541
46,15721,3,0.0,509,8134,7587
25,15746,3,0.0,510,8134,7612
28,15774,3,0.0,511,8135,7639
20,15794,3,0.0,512,8135,7659
28,15822,3,0.0,513,8135,7687
26,15848,3,0.0,514,8135,7713
22,15870,3,0.0,515,8135,7735
14,15884,3,0.0,516,8135,7749
9,15893,3,0.0,517,8135,7758
37,15930,3,0.0,518,8135,7795
100,16030,3,0.0,519,8136,7894
60,16090,3,0.0,520,8136,7954
57,16147,3,0.0,521,8138,8009
41,16188,3,0.0,522,8138,8050
17,16205,3,0.0,523,8138,8067
34,16239,3,0.0,524,8138,8101
26,16265,3,0.0,525,8138,8127
16,16281,3,0.0,526,8138,8143
13,16294,3,0.0,527,8138,8156
22,16316,3,0.0,528,8138,8178
71,16387,3,0.0,529,8138,8249
7,16394,3,0.0,530,8138,8256
10,16404,3,0.0,531,8138,8266
37,16441,3,0.0,532,8139,8302
31,16472,3,0.0,533,8139,8333
74,16546,3,0.0,534,8141,8405
17,16563,3,0.0,535,8141,8422
14,16577,3,0.0,536,8142,8435
14,16591,3,0.0,537,8142,8449
42,16633,3,0.0,538,8142,8491
25,16658,3,0.0,539,8142,8516
9,16667,3,0.0,540,8142,8525
13,16680,3,0.0,541,8142,8538
67,16747,3,0.0,542,8145,8602
9,16756,3,0.0,543,8145,8611
57,16813,3,0.0,544,8146,8667
54,16867,3,0.0,545,8146,8721
35,16902,3,0.0,546,8146,8756
9,16911,3,0.0,547,8146,8765
15,16926,3,0.0,548,8146,8780
61,16987,3,0.0,549,8146,8841
53,17040,3,0.0,550,8147,8893
15,17055,3,0.0,551,8148,8907
10,17065,3,0.0,552,8148,8917
24,17089,3,0.0,553,8148,8941
35,17124,3,0.0,554,8150,8974
11,17135,3,0.0,555,8150,8985
47,17182,3,0.0,556,8152,9030
57,17239,3,0.0,557,8153,9086
20,17259,3,0.0,558,8153,9106
9,17268,3,0.0,559,8153,9115
47,17315,3,0.0,560,8155,9160
38,17353,3,0.0,561,8156,9197
15,17368,3,0.0,562,8156,9212
16,17384,3,0.0,563,8156,9228
32,17416,3,0.0,564,8156,9260
14,17430,3,0.0,565,8156,9274
25,17455,3,0.0,566,8156,9299
28,17483,3,0.0,567,8156,9327
49,17532,3,0.0,568,8156,9376
56,17588,3,0.0,569,8156,9432
37,17625,3,0.0,570,8157,9468
23,17648,3,0.0,571,8157,9491
17,17665,3,0.0,572,8157,9508
17,17682,3,0.0,573,8158,9524
57,17739,3,0.0,574,8159,9580
11,17750,3,0.0,575,8159,9591
45,17795,3,0.0,576,8159,9636
8,17803,3,0.0,577,8159,9644
39,17842,3,0.0,578,8159,9683
29,17871,3,0.0,579,8159,9712
12,17883,3,0.0,580,8159,9724
9,17892,3,0.0,581,8160,9732
54,17946,3,0.0,582,8160,9786
69,18015,3,0.0,583,8160,9855
67,18082,3,0.0,584,8161,9921
20,18102,3,0.0,585,8161,9941
11,18113,3,0.0,586,8161,9952
50,18163,3,0.0,587,8161,10002
27,18190,3,0.0,588,8161,10029
70,18260,3,0.0,589,8161,10099
29,18289,3,0.0,590,8161,10128
77,18366,3,0.0,591,8161,10205
30,18396,3,0.0,592,8162,10234
39,18435,3,0.0,593,8162,10273
17,18452,3,0.0,594,8163,10289
39,18491,3,0.0,595,8164,10327
21,18512,3,0.0,596,8164,10348
32,18544,3,0.0,597,8164,10380
13,18557,3,0.0,598,8164,10393
19,18576,3,0.0,599,8164,10412
5,18581,3,0.0,600,8164,10417
9,18590,3,0.0,601,8164,10426
33,18623,3,0.0,602,8164,10459
69,18692,3,0.0,603,8164,10528
27,18719,3,0.0,604,8165,10554
31,18750,3,0.0,605,8165,10585
12,18762,3,0.0,606,8165,10597
22,18784,3,0.0,607,8165,10619
11,18795,3,0.0,608,8165,10630
21,18816,3,0.0,609,8165,10651
39,18855,3,0.0,610,8165,10690
42,18897,3,0.0,611,8165,10732
38,18935,3,0.0,612,8165,10770
15,18950,3,0.0,613,8165,10785
34,18984,3,0.0,614,8165,10819
11,18995,3,0.0,615,8165,10830
43,19038,3,0.0,616,8165,10873
13,19051,3,0.0,617,8165,10886
30,19081,3,0.0,618,8166,10915
8,19089,3,0.0,619,8166,10923
14,19103,3,0.0,620,8166,10937
51,19154,3,0.0,621,8166,10988
13,19167,3,0.0,622,8167,11000
100,19267,3,0.0,623,8167,11100
9,19276,3,0.0,624,8167,11109
5,19281,3,0.0,625,8167,11114
14,19295,3,0.0,626,8167,11128
48,19343,3,0.0,627,8167,11176
47,19390,3,0.0,628,8168,11222
64,19454,3,0.0,629,8168,11286
51,19505,3,0.0,630,8168,11337
42,19547,3,0.0,631,8168,11379
33,19580,3,0.0,632,8168,11412
13,19593,3,0.0,633,8168,11425
90,19683,3,0.0,634,8169,11514
42,19725,4,1.0,635,8170,11555
10,19735,4,0.0,636,8170,11565
11,19746,4,0.0,637,8170,11576
21,19767,4,0.0,638,8170,11597
9,19776,4,0.0,639,8170,11606
18,19794,4,0.0,640,8170,11624
35,19829,4,0.0,641,8170,11659
22,19851,4,0.0,642,8170,11681
20,19871,4,0.0,643,8170,11701
41,19912,4,0.0,644,8170,11742
19,19931,4,0.0,645,8170,11761
23,19954,4,0.0,646,8170,11784
49,20003,4,0.0,647,8170,11833
12,20015,4,0.0,648,8170,11845
23,20038,4,0.0,649,8170,11868
33,20071,4,0.0,650,8170,11901
15,20086,4,0.0,651,8170,11916
11,20097,4,0.0,652,8170,11927
17,20114,4,0.0,653,8170,11944
14,20128,4,0.0,654,8170,11958
15,20143,4,0.0,655,8170,11973
8,20151,4,0.0,656,8170,11981
42,20193,4,0.0,657,8170,12023
21,20214,4,0.0,658,8170,12044
35,20249,4,0.0,659,8170,12079
55,20304,4,0.0,660,8170,12134
14,20318,4,0.0,661,8170,12148
100,20418,4,0.0,662,8170,12248
41,20459,4,0.0,663,8171,12288
28,20487,4,0.0,664,8171,12316
22,20509,4,0.0,665,8171,12338
57,20566,4,0.0,666,8171,12395
19,20585,4,0.0,667,8171,12414
55,20640,4,0.0,668,8171,12469
17,20657,4,0.0,669,8171,12486
55,20712,4,0.0,670,8172,12540
13,20725,4,0.0,671,8172,12553
52,20777,4,0.0,672,8172,12605
100,20877,4,0.0,673,8173,12704
49,20926,4,0.0,674,8173,12753
46,20972,4,0.0,675,8174,12798
25,20997,4,0.0,676,8174,12823
9,21006,4,0.0,677,8174,12832
13,21019,4,0.0,678,8174,12845
11,21030,4,0.0,679,8174,12856
58,21088,4,0.0,680,8174,12914
24,21112,4,0.0,681,8174,12938
65,21177,4,0.0,682,8175,13002
5,21182,4,0.0,683,8175,13007
51,21233,4,0.0,684,8176,13057
81,21314,4,0.0,685,8176,13138
21,21335,4,0.0,686,8176,13159
76,21411,4,0.0,687,8176,13235
36,21447,4,0.0,688,8176,13271
26,21473,4,0.0,689,8177,13296
65,21538,4,0.0,690,8177,13361
26,21564,4,0.0,691,8177,13387
18,21582,4,0.0,692,8177,13405
42,21624,4,0.0,693,8177,13447
96,21720,4,0.0,694,8178,13542
8,21728,4,0.0,695,8178,13550
14,21742,4,0.0,696,8178,13564
17,21759,4,0.0,697,8178,13581
45,21804,4,0.0,698,8178,13626
20,21824,4,0.0,699,8178,13646
13,21837,4,0.0,700,8178,13659
41,21878,4,0.0,701,8178,13700
13,21891,4,0.0,702,8178,13713
43,21934,4,0.0,703,8178,13756
25,21959,4,0.0,704,8178,13781
86,22045,4,0.0,705,8178,13867
52,22097,4,0.0,706,8178,13919
16,22113,4,0.0,707,8178,13935
32,22145,4,0.0,708,8178,13967
35,22180,4,0.0,709,8178,14002
30,22210,4,0.0,710,8178,14032
70,22280,4,0.0,711,8178,14102
16,22296,4,0.0,712,8178,14118
27,22323,4,0.0,713,8178,14145
26,22349,4,0.0,714,8178,14171
17,22366,4,0.0,715,8178,14188
15,22381,4,0.0,716,8178,14203
84,22465,4,0.0,717,8178,14287
47,22512,4,0.0,718,8179,14333
18,22530,4,0.0,719,8179,14351
47,22577,4,0.0,720,8179,14398
9,22586,4,0.0,721,8179,14407
34,22620,4,0.0,722,8179,14441
16,22636,4,0.0,723,8179,14457
26,22662,4,0.0,724,8180,14482
24,22686,4,0.0,725,8180,14506
29,22715,4,0.0,726,8180,14535
8,22723,4,0.0,727,8180,14543
20,22743,4,0.0,728,8180,14563
78,22821,5,1.0,729,8180,14641
21,22842,5,0.0,730,8180,14662
52,22894,5,0.0,731,8180,14714
51,22945,5,0.0,732,8180,14765
19,22964,5,0.0,733,8180,14784
8,22972,5,0.0,734,8180,14792
29,23001,5,0.0,735,8180,14821
17,23018,5,0.0,736,8180,14838
8,23026,5,0.0,737,8180,14846
51,23077,5,0.0,738,8180,14897
28,23105,5,0.0,739,8180,14925
14,23119,5,0.0,740,8180,14939
35,23154,5,0.0,741,8180,14974
22,23176,5,0.0,742,8180,14996
12,23188,5,0.0,743,8180,15008
80,23268,5,0.0,744,8180,15088
38,23306,5,0.0,745,8180,15126
10,23316,5,0.0,746,8180,15136
35,23351,5,0.0,747,8180,15171
22,23373,5,0.0,748,8180,15193
33,23406,5,0.0,749,8180,15226
24,23430,5,0.0,750,8180,15250
10,23440,5,0.0,751,8180,15260
73,23513,5,0.0,752,8180,15333
67,23580,5,0.0,753,8180,15400
44,23624,5,0.0,754,8180,15444
15,23639,5,0.0,755,8180,15459
12,23651,5,0.0,756,8180,15471
30,23681,5,0.0,757,8180,15501
20,23701,5,0.0,758,8180,15521
5,23706,5,0.0,759,8180,15526
15,23721,5,0.0,760,8180,15541
33,23754,5,0.0,761,8180,15574
26,23780,5,0.0,762,8180,15600
18,23798,5,0.0,763,8180,15618
11,23809,5,0.0,764,8180,15629
43,23852,6,1.0,765,8180,15672
56,23908,6,0.0,766,8180,15728
14,23922,6,0.0,767,8180,15742
7,23929,6,0.0,768,8180,15749
64,23993,7,1.0,769,8180,15813
43,24036,7,0.0,770,8180,15856
14,24050,7,0.0,771,8180,15870
17,24067,7,0.0,772,8180,15887
5,24072,7,0.0,773,8180,15892
9,24081,7,0.0,774,8180,15901
35,24116,8,1.0,775,8180,15936
28,24144,9,1.0,776,8180,15964
84,24228,9,0.0,777,8180,16048
13,24241,9,0.0,778,8180,16061
29,24270,9,0.0,779,8180,16090
35,24305,9,0.0,780,8180,16125
20,24325,9,0.0,781,8180,16145
23,24348,9,0.0,782,8180,16168
11,24359,9,0.0,783,8180,16179
20,24379,9,0.0,784,8180,16199
15,24394,9,0.0,785,8180,16214
13,24407,9,0.0,786,8180,16227
12,24419,9,0.0,787,8180,16239
14,24433,9,0.0,788,8180,16253
7,24440,9,0.0,789,8180,16260
28,24468,9,0.0,790,8180,16288
7,24475,9,0.0,791,8180,16295
15,24490,9,0.0,792,8180,16310
19,24509,9,0.0,793,8180,16329
24,24533,9,0.0,794,8180,16353
42,24575,9,0.0,795,8180,16395
53,24628,9,0.0,796,8180,16448
28,24656,9,0.0,797,8180,16476
57,24713,10,1.0,798,8180,16533
14,24727,10,0.0,799,8180,16547
8,24735,10,0.0,800,8180,16555
12,24747,10,0.0,801,8180,16567
23,24770,10,0.0,802,8180,16590
18,24788,10,0.0,803,8180,16608
44,24832,10,0.0,804,8180,16652
28,24860,10,0.0,805,8180,16680
17,24877,10,0.0,806,8180,16697
24,24901,10,0.0,807,8180,16721
24,24925,10,0.0,808,8180,16745
6,24931,10,0.0,809,8180,16751
21,24952,10,0.0,810,8180,16772
17,24969,10,0.0,811,8180,16789
90,25059,10,0.0,812,8180,16879
30,25089,10,0.0,813,8180,16909
46,25135,10,0.0,814,8180,16955
100,25235,10,0.0,815,8180,17055
20,25255,10,0.0,816,8180,17075
29,25284,10,0.0,817,8180,17104
42,25326,11,1.0,818,8180,17146
25,25351,11,0.0,819,8180,17171
28,25379,12,1.0,820,8180,17199
10,25389,12,0.0,821,8180,17209
64,25453,12,0.0,822,8180,17273
23,25476,12,0.0,823,8180,17296
42,25518,12,0.0,824,8180,17338
20,25538,12,0.0,825,8180,17358
26,25564,12,0.0,826,8180,17384
43,25607,12,0.0,827,8180,17427
58,25665,13,1.0,828,8180,17485
30,25695,13,0.0,829,8180,17515
15,25710,13,0.0,830,8180,17530
70,25780,13,0.0,831,8180,17600
26,25806,13,0.0,832,8180,17626
26,25832,13,0.0,833,8180,17652
19,25851,13,0.0,834,8180,17671
10,25861,13,0.0,835,8180,17681
49,25910,13,0.0,836,8180,17730
37,25947,13,0.0,837,8180,17767
58,26005,13,0.0,838,8180,17825
43,26048,13,0.0,839,8180,17868
17,26065,13,0.0,840,8180,17885
8,26073,13,0.0,841,8180,17893
31,26104,13,0.0,842,8180,17924
18,26122,13,0.0,843,8180,17942
51,26173,13,0.0,844,8180,17993
7,26180,13,0.0,845,8180,18000
62,26242,13,0.0,846,8180,18062
20,26262,13,0.0,847,8180,18082
61,26323,13,0.0,848,8180,18143
25,26348,13,0.0,849,8180,18168
14,26362,13,0.0,850,8180,18182
23,26385,13,0.0,851,8180,18205
28,26413,14,1.0,852,8180,18233
19,26432,14,0.0,853,8180,18252
9,26441,14,0.0,854,8180,18261
22,26463,14,0.0,855,8180,18283
67,26530,14,0.0,856,8180,18350
12,26542,14,0.0,857,8180,18362
18,26560,14,0.0,858,8180,18380
68,26628,14,0.0,859,8180,18448
9,26637,14,0.0,860,8180,18457
28,26665,14,0.0,861,8180,18485
16,26681,14,0.0,862,8180,18501
71,26752,14,0.0,863,8180,18572
16,26768,14,0.0,864,8180,18588
28,26796,14,0.0,865,8180,18616
23,26819,14,0.0,866,8180,18639
36,26855,14,0.0,867,8180,18675
14,26869,14,0.0,868,8180,18689
40,26909,14,0.0,869,8180,18729
20,26929,14,0.0,870,8180,18749
16,26945,14,0.0,871,8180,18765
19,26964,14,0.0,872,8180,18784
42,27006,14,0.0,873,8180,18826
42,27048,15,1.0,874,8180,18868
78,27126,15,0.0,875,8180,18946
92,27218,15,0.0,876,8180,19038
16,27234,15,0.0,877,8180,19054
23,27257,15,0.0,878,8180,19077
55,27312,15,0.0,879,8180,19132
100,27412,15,0.0,880,8180,19232
12,27424,15,0.0,881,8180,19244
40,27464,15,0.0,882,8180,19284
30,27494,16,1.0,883,8180,19314
55,27549,16,0.0,884,8180,19369
16,27565,16,0.0,885,8180,19385
17,27582,16,0.0,886,8180,19402
69,27651,16,0.0,887,8180,19471
11,27662,16,0.0,888,8180,19482
14,27676,16,0.0,889,8180,19496
27,27703,16,0.0,890,8180,19523
24,27727,16,0.0,891,8180,19547
30,27757,16,0.0,892,8180,19577
18,27775,16,0.0,893,8180,19595
51,27826,17,1.0,894,8180,19646
18,27844,17,0.0,895,8180,19664
29,27873,17,0.0,896,8180,19693
21,27894,17,0.0,897,8180,19714
23,27917,17,0.0,898,8180,19737
54,27971,17,0.0,899,8180,19791
11,27982,17,0.0,900,8180,19802
34,28016,17,0.0,901,8180,19836
14,28030,17,0.0,902,8180,19850
21,28051,17,0.0,903,8180,19871
13,28064,17,0.0,904,8180,19884
25,28089,17,0.0,905,8180,19909
26,28115,17,0.0,906,8180,19935
6,28121,17,0.0,907,8180,19941
16,28137,17,0.0,908,8180,19957
7,28144,17,0.0,909,8180,19964
12,28156,17,0.0,910,8180,19976
31,28187,17,0.0,911,8180,20007
24,28211,18,1.0,912,8180,20031
14,28225,18,0.0,913,8180,20045
26,28251,18,0.0,914,8180,20071
56,28307,19,1.0,915,8180,20127
57,28364,19,0.0,916,8180,20184
21,28385,19,0.0,917,8180,20205
16,28401,19,0.0,918,8180,20221
11,28412,19,0.0,919,8180,20232
22,28434,19,0.0,920,8180,20254
13,28447,19,0.0,921,8180,20267
21,28468,19,0.0,922,8180,20288
32,28500,19,0.0,923,8180,20320
62,28562,19,0.0,924,8180,20382
27,28589,19,0.0,925,8180,20409
76,28665,19,0.0,926,8180,20485
22,28687,19,0.0,927,8180,20507
12,28699,19,0.0,928,8180,20519
31,28730,19,0.0,929,8180,20550
50,28780,19,0.0,930,8180,20600
17,28797,19,0.0,931,8180,20617
11,28808,19,0.0,932,8180,20628
41,28849,19,0.0,933,8180,20669
9,28858,19,0.0,934,8180,20678
32,28890,19,0.0,935,8180,20710
10,28900,19,0.0,936,8180,20720
18,28918,19,0.0,937,8180,20738
10,28928,19,0.0,938,8180,20748
22,28950,19,0.0,939,8180,20770
16,28966,19,0.0,940,8180,20786
33,28999,19,0.0,941,8180,20819
34,29033,19,0.0,942,8180,20853
26,29059,19,0.0,943,8180,20879
18,29077,19,0.0,944,8180,20897
13,29090,19,0.0,945,8180,20910
22,29112,19,0.0,946,8180,20932
20,29132,19,0.0,947,8180,20952
60,29192,19,0.0,948,8180,21012
18,29210,19,0.0,949,8180,21030
72,29282,19,0.0,950,8180,21102
8,29290,19,0.0,951,8180,21110
72,29362,19,0.0,952,8180,21182
36,29398,19,0.0,953,8180,21218
44,29442,19,0.0,954,8180,21262
74,29516,19,0.0,955,8180,21336
35,29551,19,0.0,956,8180,21371
42,29593,19,0.0,957,8180,21413
46,29639,19,0.0,958,8180,21459
44,29683,19,0.0,959,8180,21503
54,29737,19,0.0,960,8180,21557
97,29834,19,0.0,961,8180,21654
25,29859,19,0.0,962,8180,21679
19,29878,19,0.0,963,8180,21698
18,29896,19,0.0,964,8180,21716
13,29909,19,0.0,965,8180,21729
37,29946,19,0.0,966,8180,21766
43,29989,20,1.0,967,8180,21809
27,30016,20,0.0,968,8180,21836
8,30024,20,0.0,969,8180,21844
35,30059,20,0.0,970,8180,21879
19,30078,20,0.0,971,8180,21898
100,30178,20,0.0,972,8180,21998
52,30230,21,1.0,973,8180,22050
36,30266,21,0.0,974,8180,22086
8,30274,21,0.0,975,8180,22094
37,30311,21,0.0,976,8180,22131
12,30323,21,0.0,977,8180,22143
11,30334,21,0.0,978,8180,22154
62,30396,21,0.0,979,8180,22216
69,30465,21,0.0,980,8180,22285
26,30491,21,0.0,981,8180,22311
31,30522,21,0.0,982,8180,22342
28,30550,21,0.0,983,8180,22370
56,30606,21,0.0,984,8180,22426
38,30644,21,0.0,985,8180,22464
29,30673,21,0.0,986,8180,22493
11,30684,21,0.0,987,8180,22504
14,30698,21,0.0,988,8180,22518
17,30715,21,0.0,989,8180,22535
16,30731,21,0.0,990,8180,22551
70,30801,21,0.0,991,8180,22621
12,30813,21,0.0,992,8180,22633
53,30866,21,0.0,993,8180,22686
32,30898,21,0.0,994,8180,22718
44,30942,21,0.0,995,8180,22762
36,30978,21,0.0,996,8180,22798
14,30992,21,0.0,997,8180,22812
53,31045,21,0.0,998,8180,22865
17,31062,21,0.0,999,8180,22882
9,31071,21,0.0,1000,8180,22891
39,31110,21,0.0,1001,8180,22930
55,31165,21,0.0,1002,8180,22985
58,31223,21,0.0,1003,8180,23043
37,31260,21,0.0,1004,8180,23080
13,31273,21,0.0,1005,8180,23093
26,31299,21,0.0,1006,8180,23119
10,31309,21,0.0,1007,8180,23129
24,31333,21,0.0,1008,8180,23153
29,31362,21,0.0,1009,8180,23182
32,31394,21,0.0,1010,8180,23214
27,31421,21,0.0,1011,8180,23241
32,31453,21,0.0,1012,8180,23273
6,31459,21,0.0,1013,8180,23279
24,31483,21,0.0,1014,8180,23303
9,31492,21,0.0,1015,8180,23312
35,31527,22,1.0,1016,8180,23347
25,31552,22,0.0,1017,8180,23372
24,31576,23,1.0,1018,8180,23396
57,31633,23,0.0,1019,8180,23453
62,31695,23,0.0,1020,8180,23515
36,31731,24,1.0,1021,8180,23551
5,31736,24,0.0,1022,8180,23556
10,31746,24,0.0,1023,8180,23566
16,31762,24,0.0,1024,8180,23582
14,31776,24,0.0,1025,8180,23596
73,31849,24,0.0,1026,8180,23669
45,31894,25,1.0,1027,8180,23714
11,31905,25,0.0,1028,8180,23725
5,31910,25,0.0,1029,8180,23730
8,31918,25,0.0,1030,8180,23738
35,31953,25,0.0,1031,8180,23773
31,31984,25,0.0,1032,8180,23804
43,32027,26,1.0,1033,8180,23847
16,32043,26,0.0,1034,8180,23863
21,32064,26,0.0,1035,8180,23884
9,32073,26,0.0,1036,8180,23893
20,32093,26,0.0,1037,8180,23913
27,32120,26,0.0,1038,8180,23940
34,32154,26,0.0,1039,8180,23974
32,32186,26,0.0,1040,8180,24006
30,32216,26,0.0,1041,8180,24036
72,32288,27,1.0,1042,8180,24108
51,32339,27,0.0,1043,8180,24159
13,32352,27,0.0,1044,8180,24172
12,32364,27,0.0,1045,8180,24184
25,32389,27,0.0,1046,8180,24209
29,32418,27,0.0,1047,8180,24238
49,32467,28,1.0,1048,8180,24287
18,32485,28,0.0,1049,8180,24305
33,32518,28,0.0,1050,8180,24338
23,32541,28,0.0,1051,8180,24361
10,32551,28,0.0,1052,8180,24371
20,32571,28,0.0,1053,8180,24391
27,32598,28,0.0,1054,8180,24418
46,32644,28,0.0,1055,8180,24464
44,32688,28,0.0,1056,8180,24508
24,32712,28,0.0,1057,8180,24532
10,32722,28,0.0,1058,8180,24542
24,32746,28,0.0,1059,8180,24566
26,32772,28,0.0,1060,8180,24592
9,32781,28,0.0,1061,8180,24601
76,32857,28,0.0,1062,8180,24677
11,32868,28,0.0,1063,8180,24688
11,32879,28,0.0,1064,8180,24699
29,32908,28,0.0,1065,8180,24728
30,32938,28,0.0,1066,8180,24758
48,32986,28,0.0,1067,8180,24806
21,33007,28,0.0,1068,8180,24827
20,33027,28,0.0,1069,8180,24847
14,33041,28,0.0,1070,8180,24861
25,33066,28,0.0,1071,8180,24886
32,33098,28,0.0,1072,8180,24918
15,33113,28,0.0,1073,8180,24933
25,33138,28,0.0,1074,8180,24958
22,33160,28,0.0,1075,8180,24980
10,33170,28,0.0,1076,8180,24990
83,33253,28,0.0,1077,8180,25073
23,33276,28,0.0,1078,8180,25096
22,33298,28,0.0,1079,8180,25118
56,33354,28,0.0,1080,8180,25174
29,33383,28,0.0,1081,8180,25203
27,33410,28,0.0,1082,8180,25230
58,33468,28,0.0,1083,8180,25288
31,33499,28,0.0,1084,8180,25319
24,33523,28,0.0,1085,8180,25343
22,33545,28,0.0,1086,8180,25365
52,33597,28,0.0,1087,8180,25417
31,33628,28,0.0,1088,8180,25448
20,33648,28,0.0,1089,8180,25468
35,33683,28,0.0,1090,8180,25503
9,33692,28,0.0,1091,8180,25512
14,33706,28,0.0,1092,8180,25526
10,33716,28,0.0,1093,8180,25536
51,33767,28,0.0,1094,8180,25587
26,33793,28,0.0,1095,8180,25613
25,33818,28,0.0,1096,8180,25638
7,33825,28,0.0,1097,8180,25645
42,33867,28,0.0,1098,8180,25687
28,33895,28,0.0,1099,8180,25715
9,33904,28,0.0,1100,8180,25724
18,33922,28,0.0,1101,8180,25742
6,33928,28,0.0,1102,8180,25748
33,33961,28,0.0,1103,8180,25781
23,33984,28,0.0,1104,8180,25804
25,34009,28,0.0,1105,8180,25829
39,34048,28,0.0,1106,8180,25868
68,34116,28,0.0,1107,8180,25936
83,34199,28,0.0,1108,8180,26019
15,34214,28,0.0,1109,8180,26034
63,34277,29,1.0,1110,8180,26097
47,34324,29,0.0,1111,8180,26144
22,34346,29,0.0,1112,8180,26166
13,34359,29,0.0,1113,8180,26179
47,34406,29,0.0,1114,8180,26226
11,34417,29,0.0,1115,8180,26237
30,34447,30,1.0,1116,8180,26267
25,34472,30,0.0,1117,8180,26292
32,34504,30,0.0,1118,8180,26324
52,34556,30,0.0,1119,8180,26376
25,34581,30,0.0,1120,8180,26401
5,34586,30,0.0,1121,8180,26406
18,34604,30,0.0,1122,8180,26424
65,34669,30,0.0,1123,8180,26489
10,34679,30,0.0,1124,8180,26499
45,34724,30,0.0,1125,8180,26544
21,34745,30,0.0,1126,8180,26565
15,34760,30,0.0,1127,8180,26580
17,34777,30,0.0,1128,8180,26597
18,34795,30,0.0,1129,8180,26615
15,34810,30,0.0,1130,8180,26630
17,34827,30,0.0,1131,8180,26647
15,34842,30,0.0,1132,8180,26662
23,34865,31,1.0,1133,8180,26685
24,34889,31,0.0,1134,8180,26709
7,34896,31,0.0,1135,8180,26716
39,34935,31,0.0,1136,8180,26755
21,34956,31,0.0,1137,8180,26776
28,34984,32,1.0,1138,8180,26804
62,35046,32,0.0,1139,8180,26866
60,35106,33,1.0,1140,8180,26926
37,35143,33,0.0,1141,8180,26963
28,35171,33,0.0,1142,8180,26991
12,35183,33,0.0,1143,8180,27003
14,35197,33,0.0,1144,8180,27017
14,35211,33,0.0,1145,8180,27031
18,35229,33,0.0,1146,8180,27049
100,35329,33,0.0,1147,8180,27149
35,35364,33,0.0,1148,8180,27184
16,35380,33,0.0,1149,8180,27200
21,35401,33,0.0,1150,8180,27221
30,35431,33,0.0,1151,8180,27251
36,35467,33,0.0,1152,8180,27287
44,35511,33,0.0,1153,8180,27331
26,35537,33,0.0,1154,8180,27357
24,35561,33,0.0,1155,8180,27381
23,35584,33,0.0,1156,8180,27404
28,35612,33,0.0,1157,8180,27432
25,35637,33,0.0,1158,8180,27457
41,35678,33,0.0,1159,8180,27498
15,35693,33,0.0,1160,8180,27513
21,35714,33,0.0,1161,8180,27534
13,35727,33,0.0,1162,8180,27547
9,35736,33,0.0,1163,8180,27556
27,35763,33,0.0,1164,8180,27583
56,35819,33,0.0,1165,8180,27639
19,35838,33,0.0,1166,8180,27658
23,35861,33,0.0,1167,8180,27681
27,35888,33,0.0,1168,8180,27708
24,35912,33,0.0,1169,8180,27732
24,35936,34,1.0,1170,8180,27756
10,35946,34,0.0,1171,8180,27766
47,35993,34,0.0,1172,8180,27813
49,36042,34,0.0,1173,8180,27862
18,36060,34,0.0,1174,8180,27880
16,36076,34,0.0,1175,8180,27896
76,36152,34,0.0,1176,8180,27972
7,36159,34,0.0,1177,8180,27979
77,36236,35,1.0,1178,8180,28056
35,36271,35,0.0,1179,8180,28091
19,36290,35,0.0,1180,8180,28110
21,36311,36,1.0,1181,8180,28131
31,36342,36,0.0,1182,8180,28162
26,36368,36,0.0,1183,8180,28188
19,36387,36,0.0,1184,8180,28207
13,36400,36,0.0,1185,8180,28220
40,36440,36,0.0,1186,8180,28260
12,36452,36,0.0,1187,8180,28272
29,36481,36,0.0,1188,8180,28301
52,36533,37,1.0,1189,8180,28353
12,36545,37,0.0,1190,8180,28365
13,36558,37,0.0,1191,8180,28378
22,36580,38,1.0,1192,8180,28400
25,36605,38,0.0,1193,8180,28425
31,36636,38,0.0,1194,8180,28456
14,36650,38,0.0,1195,8180,28470
16,36666,38,0.0,1196,8180,28486
35,36701,38,0.0,1197,8180,28521
34,36735,38,0.0,1198,8180,28555
14,36749,38,0.0,1199,8180,28569
37,36786,39,1.0,1200,8180,28606
48,36834,39,0.0,1201,8180,28654
35,36869,39,0.0,1202,8180,28689
10,36879,39,0.0,1203,8180,28699
19,36898,39,0.0,1204,8180,28718
7,36905,39,0.0,1205,8180,28725
27,36932,39,0.0,1206,8180,28752
10,36942,39,0.0,1207,8180,28762
21,36963,40,1.0,1208,8180,28783
71,37034,40,0.0,1209,8180,28854
31,37065,40,0.0,1210,8180,28885
10,37075,40,0.0,1211,8180,28895
26,37101,40,0.0,1212,8180,28921
19,37120,40,0.0,1213,8180,28940
32,37152,40,0.0,1214,8180,28972
43,37195,41,1.0,1215,8180,29015
28,37223,41,0.0,1216,8180,29043
36,37259,41,0.0,1217,8180,29079
48,37307,41,0.0,1218,8180,29127
62,37369,41,0.0,1219,8180,29189
25,37394,41,0.0,1220,8180,29214
14,37408,41,0.0,1221,8180,29228
32,37440,41,0.0,1222,8180,29260
71,37511,41,0.0,1223,8180,29331
45,37556,41,0.0,1224,8180,29376
48,37604,41,0.0,1225,8180,29424
54,37658,41,0.0,1226,8180,29478
46,37704,42,1.0,1227,8180,29524
17,37721,42,0.0,1228,8180,29541
18,37739,42,0.0,1229,8180,29559
100,37839,42,0.0,1230,8180,29659
8,37847,42,0.0,1231,8180,29667
28,37875,42,0.0,1232,8180,29695
31,37906,42,0.0,1233,8180,29726
28,37934,42,0.0,1234,8180,29754
11,37945,42,0.0,1235,8180,29765
14,37959,42,0.0,1236,8180,29779
5,37964,42,0.0,1237,8180,29784
23,37987,42,0.0,1238,8180,29807
13,38000,42,0.0,1239,8180,29820
49,38049,42,0.0,1240,8180,29869
10,38059,42,0.0,1241,8180,29879
40,38099,42,0.0,1242,8180,29919
12,38111,42,0.0,1243,8180,29931
47,38158,42,0.0,1244,8180,29978
24,38182,42,0.0,1245,8180,30002
11,38193,42,0.0,1246,8180,30013
14,38207,42,0.0,1247,8180,30027
21,38228,42,0.0,1248,8180,30048
21,38249,42,0.0,1249,8180,30069
27,38276,42,0.0,1250,8180,30096
16,38292,42,0.0,1251,8180,30112
17,38309,42,0.0,1252,8180,30129
23,38332,42,0.0,1253,8180,30152
9,38341,42,0.0,1254,8180,30161
91,38432,42,0.0,1255,8180,30252
73,38505,42,0.0,1256,8180,30325
8,38513,42,0.0,1257,8180,30333
20,38533,42,0.0,1258,8180,30353
12,38545,42,0.0,1259,8180,30365
9,38554,42,0.0,1260,8180,30374
8,38562,42,0.0,1261,8180,30382
30,38592,42,0.0,1262,8180,30412
15,38607,42,0.0,1263,8180,30427
10,38617,42,0.0,1264,8180,30437
41,38658,42,0.0,1265,8180,30478
21,38679,42,0.0,1266,8180,30499
18,38697,42,0.0,1267,8180,30517
75,38772,42,0.0,1268,8180,30592
22,38794,42,0.0,1269,8180,30614
24,38818,42,0.0,1270,8180,30638
19,38837,42,0.0,1271,8180,30657
75,38912,42,0.0,1272,8180,30732
86,38998,42,0.0,1273,8180,30818
9,39007,42,0.0,1274,8180,30827
7,39014,42,0.0,1275,8180,30834
17,39031,42,0.0,1276,8180,30851
15,39046,42,0.0,1277,8180,30866
68,39114,42,0.0,1278,8180,30934
30,39144,42,0.0,1279,8180,30964
16,39160,42,0.0,1280,8180,30980
6,39166,42,0.0,1281,8180,30986
20,39186,42,0.0,1282,8180,31006
12,39198,42,0.0,1283,8180,31018
62,39260,42,0.0,1284,8180,31080
26,39286,42,0.0,1285,8180,31106
12,39298,42,0.0,1286,8180,31118
47,39345,42,0.0,1287,8180,31165
31,39376,42,0.0,1288,8180,31196
82,39458,42,0.0,1289,8180,31278
46,39504,42,0.0,1290,8180,31324
12,39516,42,0.0,1291,8180,31336
12,39528,42,0.0,1292,8180,31348
89,39617,43,1.0,1293,8180,31437
20,39637,43,0.0,1294,8180,31457
21,39658,43,0.0,1295,8180,31478
24,39682,43,0.0,1296,8180,31502
21,39703,43,0.0,1297,8180,31523
21,39724,43,0.0,1298,8180,31544
28,39752,43,0.0,1299,8180,31572
40,39792,43,0.0,1300,8180,31612
30,39822,43,0.0,1301,8180,31642
25,39847,44,1.0,1302,8180,31667
72,39919,44,0.0,1303,8180,31739
11,39930,44,0.0,1304,8180,31750
42,39972,44,0.0,1305,8180,31792
49,40021,44,0.0,1306,8180,31841
44,40065,44,0.0,1307,8180,31885
43,40108,44,0.0,1308,8180,31928
20,40128,44,0.0,1309,8180,31948
15,40143,44,0.0,1310,8180,31963
40,40183,44,0.0,1311,8180,32003
20,40203,44,0.0,1312,8180,32023
19,40222,44,0.0,1313,8180,32042
7,40229,44,0.0,1314,8180,32049
10,40239,44,0.0,1315,8180,32059
62,40301,44,0.0,1316,8180,32121
23,40324,44,0.0,1317,8180,32144
38,40362,44,0.0,1318,8180,32182
21,40383,44,0.0,1319,8180,32203
7,40390,44,0.0,1320,8180,32210
47,40437,45,1.0,1321,8180,32257
49,40486,46,1.0,1322,8180,32306
13,40499,46,0.0,1323,8180,32319
9,40508,46,0.0,1324,8180,32328
11,40519,46,0.0,1325,8180,32339
35,40554,46,0.0,1326,8180,32374
94,40648,46,0.0,1327,8180,32468
19,40667,46,0.0,1328,8180,32487
35,40702,46,0.0,1329,8180,32522
26,40728,46,0.0,1330,8180,32548
22,40750,46,0.0,1331,8180,32570
72,40822,46,0.0,1332,8180,32642
35,40857,47,1.0,1333,8180,32677
10,40867,47,0.0,1334,8180,32687
50,40917,47,0.0,1335,8180,32737
6,40923,47,0.0,1336,8180,32743
48,40971,48,1.0,1337,8180,32791
41,41012,48,0.0,1338,8180,32832
43,41055,48,0.0,1339,8180,32875
26,41081,48,0.0,1340,8180,32901
10,41091,48,0.0,1341,8180,32911
10,41101,48,0.0,1342,8180,32921
27,41128,48,0.0,1343,8180,32948
15,41143,48,0.0,1344,8180,32963
36,41179,48,0.0,1345,8180,32999
53,41232,48,0.0,1346,8180,33052
38,41270,49,1.0,1347,8180,33090
28,41298,49,0.0,1348,8180,33118
36,41334,49,0.0,1349,8180,33154
19,41353,49,0.0,1350,8180,33173
23,41376,49,0.0,1351,8180,33196
61,41437,49,0.0,1352,8180,33257
8,41445,49,0.0,1353,8180,33265
28,41473,50,1.0,1354,8180,33293
6,41479,50,0.0,1355,8180,33299
23,41502,50,0.0,1356,8180,33322
18,41520,50,0.0,1357,8180,33340
29,41549,50,0.0,1358,8180,33369
27,41576,50,0.0,1359,8180,33396
24,41600,50,0.0,1360,8180,33420
28,41628,50,0.0,1361,8180,33448
15,41643,50,0.0,1362,8180,33463
5,41648,50,0.0,1363,8180,33468
48,41696,50,0.0,1364,8180,33516
19,41715,50,0.0,1365,8180,33535
88,41803,50,0.0,1366,8180,33623
13,41816,50,0.0,1367,8180,33636
26,41842,50,0.0,1368,8180,33662
15,41857,50,0.0,1369,8180,33677
15,41872,50,0.0,1370,8180,33692
12,41884,50,0.0,1371,8180,33704
59,41943,51,1.0,1372,8180,33763
32,41975,51,0.0,1373,8180,33795
13,41988,51,0.0,1374,8180,33808
24,42012,51,0.0,1375,8180,33832
15,42027,51,0.0,1376,8180,33847
49,42076,51,0.0,1377,8180,33896
51,42127,51,0.0,1378,8180,33947
64,42191,51,0.0,1379,8180,34011
16,42207,51,0.0,1380,8180,34027
16,42223,51,0.0,1381,8180,34043
20,42243,51,0.0,1382,8180,34063
9,42252,51,0.0,1383,8180,34072
100,42352,51,0.0,1384,8180,34172
22,42374,51,0.0,1385,8180,34194
35,42409,51,0.0,1386,8180,34229
59,42468,51,0.0,1387,8180,34288
36,42504,52,1.0,1388,8180,34324
22,42526,52,0.0,1389,8180,34346
36,42562,52,0.0,1390,8180,34382
23,42585,52,0.0,1391,8180,34405
47,42632,53,1.0,1392,8180,34452
7,42639,53,0.0,1393,8180,34459
33,42672,53,0.0,1394,8180,34492
10,42682,53,0.0,1395,8180,34502
16,42698,53,0.0,1396,8180,34518
44,42742,53,0.0,1397,8180,34562
45,42787,53,0.0,1398,8180,34607
24,42811,53,0.0,1399,8180,34631
16,42827,53,0.0,1400,8180,34647
26,42853,53,0.0,1401,8180,34673
44,42897,53,0.0,1402,8180,34717
10,42907,53,0.0,1403,8180,34727
22,42929,53,0.0,1404,8180,34749
11,42940,53,0.0,1405,8180,34760
20,42960,53,0.0,1406,8180,34780
27,42987,53,0.0,1407,8180,34807
38,43025,53,0.0,1408,8180,34845
21,43046,53,0.0,1409,8180,34866
89,43135,53,0.0,1410,8180,34955
14,43149,53,0.0,1411,8180,34969
25,43174,53,0.0,1412,8180,34994
100,43274,53,0.0,1413,8180,35094
7,43281,53,0.0,1414,8180,35101
9,43290,53,0.0,1415,8180,35110
34,43324,54,1.0,1416,8180,35144
40,43364,54,0.0,1417,8180,35184
32,43396,54,0.0,1418,8180,35216
16,43412,54,0.0,1419,8180,35232
16,43428,54,0.0,1420,8180,35248
10,43438,54,0.0,1421,8180,35258
39,43477,54,0.0,1422,8180,35297
15,43492,54,0.0,1423,8180,35312
7,43499,54,0.0,1424,8180,35319
30,43529,54,0.0,1425,8180,35349
10,43539,54,0.0,1426,8180,35359
29,43568,54,0.0,1427,8180,35388
20,43588,54,0.0,1428,8180,35408
17,43605,54,0.0,1429,8180,35425
57,43662,55,1.0,1430,8180,35482
17,43679,55,0.0,1431,8180,35499
12,43691,55,0.0,1432,8180,35511
18,43709,55,0.0,1433,8180,35529
11,43720,55,0.0,1434,8180,35540
17,43737,55,0.0,1435,8180,35557
10,43747,55,0.0,1436,8180,35567
18,43765,55,0.0,1437,8180,35585
28,43793,55,0.0,1438,8180,35613
51,43844,55,0.0,1439,8180,35664
42,43886,55,0.0,1440,8180,35706
14,43900,55,0.0,1441,8180,35720
23,43923,55,0.0,1442,8180,35743
61,43984,55,0.0,1443,8180,35804
14,43998,55,0.0,1444,8180,35818
31,44029,56,1.0,1445,8180,35849
85,44114,56,0.0,1446,8180,35934
22,44136,56,0.0,1447,8180,35956
30,44166,56,0.0,1448,8180,35986
38,44204,56,0.0,1449,8180,36024
47,44251,57,1.0,1450,8180,36071
16,44267,57,0.0,1451,8180,36087
44,44311,57,0.0,1452,8180,36131
38,44349,57,0.0,1453,8180,36169
13,44362,57,0.0,1454,8180,36182
21,44383,57,0.0,1455,8180,36203
24,44407,57,0.0,1456,8180,36227
22,44429,57,0.0,1457,8180,36249
22,44451,57,0.0,1458,8180,36271
19,44470,57,0.0,1459,8180,36290
11,44481,57,0.0,1460,8180,36301
24,44505,57,0.0,1461,8180,36325
100,44605,57,0.0,1462,8180,36425
61,44666,57,0.0,1463,8180,36486
9,44675,57,0.0,1464,8180,36495
17,44692,57,0.0,1465,8180,36512
5,44697,57,0.0,1466,8180,36517
5,44702,57,0.0,1467,8180,36522
23,44725,57,0.0,1468,8180,36545
17,44742,57,0.0,1469,8180,36562
17,44759,57,0.0,1470,8180,36579
20,44779,57,0.0,1471,8180,36599
21,44800,57,0.0,1472,8180,36620
15,44815,57,0.0,1473,8180,36635
19,44834,57,0.0,1474,8180,36654
16,44850,57,0.0,1475,8180,36670
33,44883,57,0.0,1476,8180,36703
34,44917,57,0.0,1477,8180,36737
18,44935,57,0.0,1478,8180,36755
29,44964,57,0.0,1479,8180,36784
5,44969,57,0.0,1480,8180,36789
49,45018,57,0.0,1481,8180,36838
77,45095,57,0.0,1482,8180,36915
41,45136,57,0.0,1483,8180,36956
28,45164,57,0.0,1484,8180,36984
9,45173,57,0.0,1485,8180,36993
30,45203,57,0.0,1486,8180,37023
12,45215,57,0.0,1487,8180,37035
47,45262,58,1.0,1488,8180,37082
23,45285,58,0.0,1489,8180,37105
9,45294,58,0.0,1490,8180,37114
11,45305,58,0.0,1491,8180,37125
22,45327,58,0.0,1492,8180,37147
18,45345,58,0.0,1493,8180,37165
71,45416,58,0.0,1494,8180,37236
13,45429,58,0.0,1495,8180,37249
49,45478,58,0.0,1496,8180,37298
41,45519,58,0.0,1497,8180,37339
53,45572,58,0.0,1498,8180,37392
80,45652,59,1.0,1499,8180,37472
9,45661,59,0.0,1500,8180,37481
58,45719,59,0.0,1501,8180,37539
22,45741,59,0.0,1502,8180,37561
11,45752,59,0.0,1503,8180,37572
57,45809,59,0.0,1504,8180,37629
19,45828,59,0.0,1505,8180,37648
27,45855,59,0.0,1506,8180,37675
91,45946,59,0.0,1507,8180,37766
22,45968,59,0.0,1508,8180,37788
16,45984,59,0.0,1509,8180,37804
29,46013,60,1.0,1510,8180,37833
13,46026,60,0.0,1511,8180,37846
78,46104,60,0.0,1512,8180,37924
15,46119,60,0.0,1513,8180,37939
62,46181,60,0.0,1514,8180,38001
28,46209,60,0.0,1515,8180,38029
35,46244,60,0.0,1516,8180,38064
32,46276,60,0.0,1517,8180,38096
5,46281,60,0.0,1518,8180,38101
31,46312,60,0.0,1519,8180,38132
49,46361,60,0.0,1520,8180,38181
24,46385,60,0.0,1521,8180,38205
46,46431,60,0.0,1522,8180,38251
10,46441,60,0.0,1523,8180,38261
39,46480,61,1.0,1524,8180,38300
28,46508,61,0.0,1525,8180,38328
28,46536,61,0.0,1526,8180,38356
13,46549,61,0.0,1527,8180,38369
38,46587,61,0.0,1528,8180,38407
47,46634,61,0.0,1529,8180,38454
26,46660,61,0.0,1530,8180,38480
22,46682,61,0.0,1531,8180,38502
10,46692,61,0.0,1532,8180,38512
7,46699,61,0.0,1533,8180,38519
22,46721,61,0.0,1534,8180,38541
31,46752,61,0.0,1535,8180,38572
55,46807,61,0.0,1536,8180,38627
26,46833,61,0.0,1537,8180,38653
35,46868,61,0.0,1538,8180,38688
9,46877,61,0.0,1539,8180,38697
25,46902,62,1.0,1540,8180,38722
28,46930,62,0.0,1541,8180,38750
27,46957,62,0.0,1542,8180,38777
31,46988,62,0.0,1543,8180,38808
57,47045,62,0.0,1544,8180,38865
64,47109,62,0.0,1545,8180,38929
8,47117,62,0.0,1546,8180,38937
22,47139,62,0.0,1547,8180,38959
24,47163,62,0.0,1548,8180,38983
17,47180,62,0.0,1549,8180,39000
100,47280,62,0.0,1550,8180,39100
14,47294,62,0.0,1551,8180,39114
37,47331,62,0.0,1552,8180,39151
100,47431,62,0.0,1553,8180,39251
30,47461,62,0.0,1554,8180,39281
10,47471,62,0.0,1555,8180,39291
35,47506,62,0.0,1556,8180,39326
62,47568,62,0.0,1557,8180,39388
29,47597,62,0.0,1558,8180,39417
31,47628,62,0.0,1559,8180,39448
7,47635,62,0.0,1560,8180,39455
13,47648,62,0.0,1561,8180,39468
62,47710,62,0.0,1562,8180,39530
18,47728,62,0.0,1563,8180,39548
19,47747,62,0.0,1564,8180,39567
48,47795,62,0.0,1565,8180,39615
15,47810,62,0.0,1566,8180,39630
24,47834,62,0.0,1567,8180,39654
9,47843,62,0.0,1568,8180,39663
18,47861,62,0.0,1569,8180,39681
32,47893,62,0.0,1570,8180,39713
31,47924,62,0.0,1571,8180,39744
24,47948,62,0.0,1572,8180,39768
7,47955,62,0.0,1573,8180,39775
8,47963,62,0.0,1574,8180,39783
14,47977,62,0.0,1575,8180,39797
6,47983,62,0.0,1576,8180,39803
41,48024,62,0.0,1577,8180,39844
32,48056,63,1.0,1578,8180,39876
29,48085,63,0.0,1579,8180,39905
14,48099,63,0.0,1580,8180,39919
11,48110,63,0.0,1581,8180,39930
16,48126,63,0.0,1582,8180,39946
18,48144,63,0.0,1583,8180,39964
19,48163,63,0.0,1584,8180,39983
28,48191,63,0.0,1585,8180,40011
24,48215,63,0.0,1586,8180,40035
10,48225,63,0.0,1587,8180,40045
37,48262,63,0.0,1588,8180,40082
12,48274,63,0.0,1589,8180,40094
13,48287,63,0.0,1590,8180,40107
17,48304,63,0.0,1591,8180,40124
15,48319,63,0.0,1592,8180,40139
8,48327,63,0.0,1593,8180,40147
19,48346,63,0.0,1594,8180,40166
44,48390,63,0.0,1595,8180,40210
15,48405,63,0.0,1596,8180,40225
11,48416,63,0.0,1597,8180,40236
42,48458,64,1.0,1598,8180,40278
11,48469,64,0.0,1599,8180,40289
26,48495,64,0.0,1600,8180,40315
18,48513,64,0.0,1601,8180,40333
32,48545,64,0.0,1602,8180,40365
9,48554,64,0.0,1603,8180,40374
18,48572,64,0.0,1604,8180,40392
10,48582,64,0.0,1605,8180,40402
63,48645,64,0.0,1606,8180,40465
23,48668,64,0.0,1607,8180,40488
48,48716,64,0.0,1608,8180,40536
39,48755,64,0.0,1609,8180,40575
17,48772,64,0.0,1610,8180,40592
73,48845,65,1.0,1611,8180,40665
73,48918,65,0.0,1612,8180,40738
23,48941,65,0.0,1613,8180,40761
19,48960,65,0.0,1614,8180,40780
13,48973,65,0.0,1615,8180,40793
60,49033,65,0.0,1616,8180,40853
20,49053,65,0.0,1617,8180,40873
34,49087,65,0.0,1618,8180,40907
12,49099,65,0.0,1619,8180,40919
16,49115,65,0.0,1620,8180,40935
23,49138,65,0.0,1621,8180,40958
40,49178,65,0.0,1622,8180,40998
11,49189,65,0.0,1623,8180,41009
47,49236,65,0.0,1624,8180,41056
22,49258,65,0.0,1625,8180,41078
21,49279,65,0.0,1626,8180,41099
35,49314,65,0.0,1627,8180,41134
30,49344,65,0.0,1628,8180,41164
24,49368,65,0.0,1629,8180,41188
62,49430,66,1.0,1630,8180,41250
6,49436,66,0.0,1631,8180,41256
20,49456,66,0.0,1632,8180,41276
34,49490,66,0.0,1633,8180,41310
13,49503,66,0.0,1634,8180,41323
51,49554,66,0.0,1635,8180,41374
36,49590,66,0.0,1636,8180,41410
6,49596,66,0.0,1637,8180,41416
9,49605,66,0.0,1638,8180,41425
39,49644,67,1.0,1639,8180,41464
23,49667,67,0.0,1640,8180,41487
22,49689,67,0.0,1641,8180,41509
20,49709,67,0.0,1642,8180,41529
16,49725,67,0.0,1643,8180,41545
14,49739,67,0.0,1644,8180,41559
34,49773,68,1.0,1645,8180,41593
33,49806,69,1.0,1646,8180,41626
79,49885,69,0.0,1647,8180,41705
17,49902,69,0.0,1648,8180,41722
35,49937,69,0.0,1649,8180,41757
29,49966,69,0.0,1650,8180,41786
32,49998,69,0.0,1651,8180,41818
69,50067,69,0.0,1652,8180,41887
12,50079,69,0.0,1653,8180,41899
22,50101,69,0.0,1654,8180,41921
21,50122,69,0.0,1655,8180,41942
14,50136,69,0.0,1656,8180,41956
100,50236,70,1.0,1657,8180,42056
35,50271,70,0.0,1658,8180,42091
15,50286,70,0.0,1659,8180,42106
52,50338,70,0.0,1660,8180,42158
57,50395,71,1.0,1661,8180,42215
56,50451,71,0.0,1662,8180,42271
27,50478,71,0.0,1663,8180,42298
51,50529,71,0.0,1664,8180,42349
53,50582,71,0.0,1665,8180,42402
11,50593,71,0.0,1666,8180,42413
23,50616,71,0.0,1667,8180,42436
34,50650,71,0.0,1668,8180,42470
11,50661,71,0.0,1669,8180,42481
28,50689,71,0.0,1670,8180,42509
26,50715,71,0.0,1671,8180,42535
67,50782,71,0.0,1672,8180,42602
12,50794,71,0.0,1673,8180,42614
36,50830,71,0.0,1674,8180,42650
20,50850,71,0.0,1675,8180,42670
21,50871,71,0.0,1676,8180,42691
7,50878,71,0.0,1677,8180,42698
47,50925,71,0.0,1678,8180,42745
29,50954,71,0.0,1679,8180,42774
9,50963,71,0.0,1680,8180,42783
6,50969,71,0.0,1681,8180,42789
57,51026,71,0.0,1682,8180,42846
28,51054,71,0.0,1683,8180,42874
25,51079,71,0.0,1684,8180,42899
75,51154,71,0.0,1685,8180,42974
75,51229,71,0.0,1686,8180,43049
45,51274,72,1.0,1687,8180,43094
20,51294,72,0.0,1688,8180,43114
12,51306,72,0.0,1689,8180,43126
29,51335,72,0.0,1690,8180,43155
24,51359,72,0.0,1691,8180,43179
43,51402,72,0.0,1692,8180,43222
21,51423,72,0.0,1693,8180,43243
37,51460,72,0.0,1694,8180,43280
22,51482,72,0.0,1695,8180,43302
28,51510,72,0.0,1696,8180,43330
31,51541,72,0.0,1697,8180,43361
11,51552,72,0.0,1698,8180,43372
55,51607,73,1.0,1699,8180,43427
26,51633,73,0.0,1700,8180,43453
24,51657,73,0.0,1701,8180,43477
32,51689,73,0.0,1702,8180,43509
16,51705,73,0.0,1703,8180,43525
27,51732,73,0.0,1704,8180,43552
65,51797,73,0.0,1705,8180,43617
18,51815,73,0.0,1706,8180,43635
47,51862,73,0.0,1707,8180,43682
16,51878,73,0.0,1708,8180,43698
6,51884,73,0.0,1709,8180,43704
18,51902,73,0.0,1710,8180,43722
46,51948,73,0.0,1711,8180,43768
37,51985,74,1.0,1712,8180,43805
12,51997,74,0.0,1713,8180,43817
15,52012,74,0.0,1714,8180,43832
15,52027,74,0.0,1715,8180,43847
10,52037,74,0.0,1716,8180,43857
17,52054,74,0.0,1717,8180,43874
27,52081,74,0.0,1718,8180,43901
21,52102,74,0.0,1719,8180,43922
18,52120,74,0.0,1720,8180,43940
61,52181,74,0.0,1721,8180,44001
15,52196,74,0.0,1722,8180,44016
23,52219,74,0.0,1723,8180,44039
14,52233,74,0.0,1724,8180,44053
9,52242,74,0.0,1725,8180,44062
27,52269,74,0.0,1726,8180,44089
38,52307,74,0.0,1727,8180,44127
69,52376,74,0.0,1728,8180,44196
34,52410,74,0.0,1729,8180,44230
31,52441,74,0.0,1730,8180,44261
22,52463,74,0.0,1731,8180,44283
11,52474,74,0.0,1732,8180,44294
9,52483,74,0.0,1733,8180,44303
22,52505,75,1.0,1734,8180,44325
18,52523,75,0.0,1735,8180,44343
21,52544,76,1.0,1736,8180,44364
33,52577,76,0.0,1737,8180,44397
47,52624,76,0.0,1738,8180,44444
28,52652,76,0.0,1739,8180,44472
32,52684,76,0.0,1740,8180,44504
15,52699,76,0.0,1741,8180,44519
13,52712,76,0.0,1742,8180,44532
9,52721,76,0.0,1743,8180,44541
10,52731,76,0.0,1744,8180,44551
34,52765,77,1.0,1745,8180,44585
22,52787,78,1.0,1746,8180,44607
32,52819,78,0.0,1747,8180,44639
38,52857,78,0.0,1748,8180,44677
14,52871,78,0.0,1749,8180,44691
12,52883,78,0.0,1750,8180,44703
8,52891,78,0.0,1751,8180,44711
13,52904,78,0.0,1752,8180,44724
32,52936,78,0.0,1753,8180,44756
50,52986,79,1.0,1754,8180,44806
58,53044,80,1.0,1755,8180,44864
56,53100,81,1.0,1756,8180,44920
27,53127,81,0.0,1757,8180,44947
11,53138,81,0.0,1758,8180,44958
12,53150,81,0.0,1759,8180,44970
27,53177,81,0.0,1760,8180,44997
31,53208,81,0.0,1761,8180,45028
12,53220,81,0.0,1762,8180,45040
6,53226,81,0.0,1763,8180,45046
54,53280,82,1.0,1764,8180,45100
40,53320,83,1.0,1765,8180,45140
18,53338,83,0.0,1766,8180,45158
27,53365,83,0.0,1767,8180,45185
27,53392,83,0.0,1768,8180,45212
39,53431,83,0.0,1769,8180,45251
8,53439,83,0.0,1770,8180,45259
25,53464,83,0.0,1771,8180,45284
78,53542,84,1.0,1772,8180,45362
50,53592,84,0.0,1773,8180,45412
15,53607,84,0.0,1774,8180,45427
58,53665,85,1.0,1775,8180,45485
44,53709,85,0.0,1776,8180,45529
9,53718,85,0.0,1777,8180,45538
13,53731,85,0.0,1778,8180,45551
22,53753,85,0.0,1779,8180,45573
47,53800,85,0.0,1780,8180,45620
42,53842,85,0.0,1781,8180,45662
34,53876,85,0.0,1782,8180,45696
30,53906,85,0.0,1783,8180,45726
36,53942,86,1.0,1784,8180,45762
39,53981,86,0.0,1785,8180,45801
36,54017,86,0.0,1786,8180,45837
20,54037,86,0.0,1787,8180,45857
10,54047,86,0.0,1788,8180,45867
46,54093,87,1.0,1789,8180,45913
9,54102,87,0.0,1790,8180,45922
60,54162,88,1.0,1791,8180,45982
43,54205,89,1.0,1792,8180,46025
16,54221,89,0.0,1793,8180,46041
17,54238,89,0.0,1794,8180,46058
25,54263,89,0.0,1795,8180,46083
19,54282,89,0.0,1796,8180,46102
77,54359,90,1.0,1797,8180,46179
42,54401,90,0.0,1798,8180,46221
9,54410,90,0.0,1799,8180,46230
38,54448,90,0.0,1800,8180,46268
13,54461,90,0.0,1801,8180,46281
60,54521,90,0.0,1802,8180,46341
16,54537,90,0.0,1803,8180,46357
30,54567,90,0.0,1804,8180,46387
11,54578,90,0.0,1805,8180,46398
55,54633,91,1.0,1806,8180,46453
34,54667,91,0.0,1807,8180,46487
18,54685,91,0.0,1808,8180,46505
10,54695,91,0.0,1809,8180,46515
48,54743,91,0.0,1810,8180,46563
41,54784,91,0.0,1811,8180,46604
28,54812,91,0.0,1812,8180,46632
10,54822,91,0.0,1813,8180,46642
35,54857,91,0.0,1814,8180,46677
28,54885,91,0.0,1815,8180,46705
35,54920,91,0.0,1816,8180,46740
25,54945,91,0.0,1817,8180,46765
40,54985,91,0.0,1818,8180,46805
25,55010,91,0.0,1819,8180,46830
13,55023,91,0.0,1820,8180,46843
35,55058,91,0.0,1821,8180,46878
44,55102,92,1.0,1822,8180,46922
21,55123,92,0.0,1823,8180,46943
19,55142,92,0.0,1824,8180,46962
26,55168,92,0.0,1825,8180,46988
74,55242,93,1.0,1826,8180,47062
45,55287,93,0.0,1827,8180,47107
8,55295,93,0.0,1828,8180,47115
15,55310,93,0.0,1829,8180,47130
54,55364,93,0.0,1830,8180,47184
17,55381,93,0.0,1831,8180,47201
37,55418,93,0.0,1832,8180,47238
35,55453,94,1.0,1833,8180,47273
30,55483,94,0.0,1834,8180,47303
35,55518,94,0.0,1835,8180,47338
20,55538,94,0.0,1836,8180,47358
28,55566,95,1.0,1837,8180,47386
26,55592,95,0.0,1838,8180,47412
45,55637,95,0.0,1839,8180,47457
26,55663,95,0.0,1840,8180,47483
26,55689,95,0.0,1841,8180,47509
59,55748,95,0.0,1842,8180,47568
15,55763,95,0.0,1843,8180,47583
15,55778,95,0.0,1844,8180,47598
39,55817,95,0.0,1845,8180,47637
30,55847,95,0.0,1846,8180,47667
51,55898,96,1.0,1847,8180,47718
98,55996,96,0.0,1848,8180,47816
11,56007,96,0.0,1849,8180,47827
40,56047,97,1.0,1850,8180,47867
63,56110,98,1.0,1851,8180,47930
14,56124,98,0.0,1852,8180,47944
55,56179,98,0.0,1853,8180,47999
28,56207,98,0.0,1854,8180,48027
13,56220,98,0.0,1855,8180,48040
31,56251,98,0.0,1856,8180,48071
17,56268,98,0.0,1857,8180,48088
69,56337,98,0.0,1858,8180,48157
38,56375,98,0.0,1859,8180,48195
11,56386,98,0.0,1860,8180,48206
35,56421,98,0.0,1861,8180,48241
33,56454,98,0.0,1862,8180,48274
11,56465,98,0.0,1863,8180,48285
21,56486,98,0.0,1864,8180,48306
10,56496,98,0.0,1865,8180,48316
38,56534,98,0.0,1866,8180,48354
30,56564,98,0.0,1867,8180,48384
42,56606,99,1.0,1868,8180,48426
25,56631,100,1.0,1869,8180,48451
31,56662,101,1.0,1870,8180,48482
12,56674,101,0.0,1871,8180,48494
13,56687,101,0.0,1872,8180,48507
36,56723,101,0.0,1873,8180,48543
10,56733,101,0.0,1874,8180,48553
15,56748,101,0.0,1875,8180,48568
48,56796,102,1.0,1876,8180,48616
13,56809,102,0.0,1877,8180,48629
70,56879,102,0.0,1878,8180,48699
16,56895,102,0.0,1879,8180,48715
43,56938,102,0.0,1880,8180,48758
29,56967,102,0.0,1881,8180,48787
71,57038,102,0.0,1882,8180,48858
44,57082,102,0.0,1883,8180,48902
34,57116,102,0.0,1884,8180,48936
17,57133,102,0.0,1885,8180,48953
25,57158,102,0.0,1886,8180,48978
29,57187,102,0.0,1887,8180,49007
20,57207,102,0.0,1888,8180,49027
12,57219,102,0.0,1889,8180,49039
23,57242,102,0.0,1890,8180,49062
64,57306,102,0.0,1891,8180,49126
25,57331,102,0.0,1892,8180,49151
76,57407,102,0.0,1893,8180,49227
5,57412,102,0.0,1894,8180,49232
38,57450,102,0.0,1895,8180,49270
59,57509,102,0.0,1896,8180,49329
33,57542,102,0.0,1897,8180,49362
11,57553,102,0.0,1898,8180,49373
29,57582,102,0.0,1899,8180,49402
22,57604,102,0.0,1900,8180,49424
18,57622,102,0.0,1901,8180,49442
16,57638,102,0.0,1902,8180,49458
26,57664,102,0.0,1903,8180,49484
52,57716,102,0.0,1904,8180,49536
27,57743,102,0.0,1905,8180,49563
22,57765,103,1.0,1906,8180,49585
86,57851,104,1.0,1907,8180,49671
17,57868,104,0.0,1908,8180,49688
18,57886,104,0.0,1909,8180,49706
36,57922,104,0.0,1910,8180,49742
15,57937,104,0.0,1911,8180,49757
48,57985,104,0.0,1912,8180,49805
29,58014,104,0.0,1913,8180,49834
30,58044,104,0.0,1914,8180,49864
12,58056,104,0.0,1915,8180,49876
27,58083,104,0.0,1916,8180,49903
13,58096,104,0.0,1917,8180,49916
20,58116,104,0.0,1918,8180,49936
27,58143,104,0.0,1919,8180,49963
95,58238,104,0.0,1920,8180,50058
32,58270,105,1.0,1921,8180,50090
22,58292,105,0.0,1922,8180,50112
7,58299,105,0.0,1923,8180,50119
9,58308,105,0.0,1924,8180,50128
39,58347,105,0.0,1925,8180,50167
27,58374,105,0.0,1926,8180,50194
50,58424,106,1.0,1927,8180,50244
8,58432,106,0.0,1928,8180,50252
41,58473,107,1.0,1929,8180,50293
69,58542,107,0.0,1930,8180,50362
27,58569,107,0.0,1931,8180,50389
16,58585,107,0.0,1932,8180,50405
12,58597,107,0.0,1933,8180,50417
6,58603,107,0.0,1934,8180,50423
44,58647,107,0.0,1935,8180,50467
19,58666,107,0.0,1936,8180,50486
11,58677,107,0.0,1937,8180,50497
19,58696,107,0.0,1938,8180,50516
31,58727,107,0.0,1939,8180,50547
65,58792,108,1.0,1940,8180,50612
46,58838,108,0.0,1941,8180,50658
18,58856,108,0.0,1942,8180,50676
25,58881,108,0.0,1943,8180,50701
8,58889,108,0.0,1944,8180,50709
53,58942,108,0.0,1945,8180,50762
10,58952,108,0.0,1946,8180,50772
16,58968,108,0.0,1947,8180,50788
50,59018,108,0.0,1948,8180,50838
59,59077,108,0.0,1949,8180,50897
16,59093,108,0.0,1950,8180,50913
31,59124,108,0.0,1951,8180,50944
19,59143,109,1.0,1952,8180,50963
9,59152,109,0.0,1953,8180,50972
38,59190,109,0.0,1954,8180,51010
18,59208,109,0.0,1955,8180,51028
42,59250,109,0.0,1956,8180,51070
39,59289,109,0.0,1957,8180,51109
6,59295,109,0.0,1958,8180,51115
11,59306,109,0.0,1959,8180,51126
9,59315,109,0.0,1960,8180,51135
11,59326,109,0.0,1961,8180,51146
35,59361,109,0.0,1962,8180,51181
17,59378,109,0.0,1963,8180,51198
24,59402,109,0.0,1964,8180,51222
11,59413,109,0.0,1965,8180,51233
40,59453,109,0.0,1966,8180,51273
27,59480,109,0.0,1967,8180,51300
17,59497,109,0.0,1968,8180,51317
28,59525,109,0.0,1969,8180,51345
27,59552,110,1.0,1970,8180,51372
18,59570,110,0.0,1971,8180,51390
50,59620,111,1.0,1972,8180,51440
15,59635,111,0.0,1973,8180,51455
24,59659,111,0.0,1974,8180,51479
32,59691,111,0.0,1975,8180,51511
22,59713,111,0.0,1976,8180,51533
57,59770,111,0.0,1977,8180,51590
37,59807,111,0.0,1978,8180,51627
11,59818,111,0.0,1979,8180,51638
21,59839,112,1.0,1980,8180,51659
49,59888,112,0.0,1981,8180,51708
82,59970,112,0.0,1982,8180,51790
27,59997,113,1.0,1983,8180,51817
11,60008,113,0.0,1984,8180,51828
8,60016,113,0.0,1985,8180,51836
14,60030,113,0.0,1986,8180,51850
56,60086,113,0.0,1987,8180,51906
27,60113,113,0.0,1988,8180,51933
13,60126,113,0.0,1989,8180,51946
66,60192,113,0.0,1990,8180,52012
16,60208,113,0.0,1991,8180,52028
8,60216,113,0.0,1992,8180,52036
49,60265,113,0.0,1993,8180,52085
8,60273,113,0.0,1994,8180,52093
15,60288,113,0.0,1995,8180,52108
17,60305,113,0.0,1996,8180,52125
23,60328,114,1.0,1997,8180,52148
42,60370,114,0.0,1998,8180,52190
14,60384,114,0.0,1999,8180,52204
18,60402,115,1.0,2000,8180,52222
50,60452,115,0.0,2001,8180,52272
29,60481,115,0.0,2002,8180,52301
20,60501,115,0.0,2003,8180,52321
57,60558,115,0.0,2004,8180,52378
5,60563,115,0.0,2005,8180,52383
13,60576,115,0.0,2006,8180,52396
88,60664,115,0.0,2007,8180,52484
37,60701,116,1.0,2008,8180,52521
25,60726,117,1.0,2009,8180,52546
60,60786,118,1.0,2010,8180,52606
73,60859,118,0.0,2011,8180,52679
48,60907,118,0.0,2012,8180,52727
51,60958,118,0.0,2013,8180,52778
13,60971,118,0.0,2014,8180,52791
37,61008,118,0.0,2015,8180,52828
85,61093,118,0.0,2016,8180,52913
31,61124,118,0.0,2017,8180,52944
21,61145,118,0.0,2018,8180,52965
13,61158,118,0.0,2019,8180,52978
7,61165,118,0.0,2020,8180,52985
39,61204,118,0.0,2021,8180,53024
36,61240,118,0.0,2022,8180,53060
28,61268,118,0.0,2023,8180,53088
23,61291,118,0.0,2024,8180,53111
27,61318,118,0.0,2025,8180,53138
13,61331,118,0.0,2026,8180,53151
30,61361,118,0.0,2027,8180,53181
39,61400,118,0.0,2028,8180,53220
12,61412,118,0.0,2029,8180,53232
40,61452,118,0.0,2030,8180,53272
44,61496,118,0.0,2031,8180,53316
19,61515,118,0.0,2032,8180,53335
49,61564,118,0.0,2033,8180,53384
19,61583,118,0.0,2034,8180,53403
30,61613,119,1.0,2035,8180,53433
52,61665,119,0.0,2036,8180,53485
28,61693,119,0.0,2037,8180,53513
17,61710,119,0.0,2038,8180,53530
33,61743,120,1.0,2039,8180,53563
9,61752,120,0.0,2040,8180,53572
31,61783,120,0.0,2041,8180,53603
26,61809,120,0.0,2042,8180,53629
29,61838,120,0.0,2043,8180,53658
41,61879,120,0.0,2044,8180,53699
26,61905,120,0.0,2045,8180,53725
5,61910,120,0.0,2046,8180,53730
66,61976,120,0.0,2047,8180,53796
14,61990,120,0.0,2048,8180,53810
25,62015,120,0.0,2049,8180,53835
18,62033,120,0.0,2050,8180,53853
28,62061,120,0.0,2051,8180,53881
34,62095,121,1.0,2052,8180,53915
49,62144,121,0.0,2053,8180,53964
13,62157,121,0.0,2054,8180,53977
6,62163,121,0.0,2055,8180,53983
9,62172,121,0.0,2056,8180,53992
35,62207,121,0.0,2057,8180,54027
31,62238,122,1.0,2058,8180,54058
31,62269,122,0.0,2059,8180,54089
100,62369,122,0.0,2060,8180,54189
27,62396,122,0.0,2061,8180,54216
26,62422,123,1.0,2062,8180,54242
36,62458,123,0.0,2063,8180,54278
5,62463,123,0.0,2064,8180,54283
5,62468,123,0.0,2065,8180,54288
23,62491,123,0.0,2066,8180,54311
9,62500,123,0.0,2067,8180,54320
86,62586,123,0.0,2068,8180,54406
21,62607,123,0.0,2069,8180,54427
12,62619,123,0.0,2070,8180,54439
9,62628,123,0.0,2071,8180,54448
26,62654,123,0.0,2072,8180,54474
100,62754,123,0.0,2073,8180,54574
25,62779,123,0.0,2074,8180,54599
8,62787,123,0.0,2075,8180,54607
37,62824,124,1.0,2076,8180,54644
17,62841,124,0.0,2077,8180,54661
28,62869,124,0.0,2078,8180,54689
21,62890,125,1.0,2079,8180,54710
23,62913,125,0.0,2080,8180,54733
11,62924,125,0.0,2081,8180,54744
26,62950,125,0.0,2082,8180,54770
18,62968,125,0.0,2083,8180,54788
13,62981,125,0.0,2084,8180,54801
18,62999,125,0.0,2085,8180,54819
52,63051,126,1.0,2086,8180,54871
23,63074,126,0.0,2087,8180,54894
13,63087,126,0.0,2088,8180,54907
41,63128,127,1.0,2089,8180,54948
49,63177,127,0.0,2090,8180,54997
53,63230,127,0.0,2091,8180,55050
11,63241,127,0.0,2092,8180,55061
25,63266,127,0.0,2093,8180,55086
24,63290,127,0.0,2094,8180,55110
32,63322,127,0.0,2095,8180,55142
24,63346,127,0.0,2096,8180,55166
47,63393,127,0.0,2097,8180,55213
9,63402,127,0.0,2098,8180,55222
40,63442,128,1.0,2099,8180,55262
17,63459,128,0.0,2100,8180,55279
17,63476,128,0.0,2101,8180,55296
12,63488,128,0.0,2102,8180,55308
7,63495,128,0.0,2103,8180,55315
9,63504,128,0.0,2104,8180,55324
17,63521,128,0.0,2105,8180,55341
29,63550,128,0.0,2106,8180,55370
26,63576,128,0.0,2107,8180,55396
25,63601,128,0.0,2108,8180,55421
34,63635,128,0.0,2109,8180,55455
55,63690,128,0.0,2110,8180,55510
30,63720,128,0.0,2111,8180,55540
16,63736,128,0.0,2112,8180,55556
18,63754,128,0.0,2113,8180,55574
29,63783,128,0.0,2114,8180,55603
7,63790,128,0.0,2115,8180,55610
19,63809,128,0.0,2116,8180,55629
22,63831,128,0.0,2117,8180,55651
13,63844,128,0.0,2118,8180,55664
25,63869,128,0.0,2119,8180,55689
24,63893,128,0.0,2120,8180,55713
12,63905,128,0.0,2121,8180,55725
44,63949,128,0.0,2122,8180,55769
8,63957,128,0.0,2123,8180,55777
28,63985,128,0.0,2124,8180,55805
33,64018,128,0.0,2125,8180,55838
68,64086,128,0.0,2126,8180,55906
48,64134,128,0.0,2127,8180,55954
19,64153,128,0.0,2128,8180,55973
73,64226,128,0.0,2129,8180,56046
34,64260,128,0.0,2130,8180,56080
21,64281,128,0.0,2131,8180,56101
16,64297,128,0.0,2132,8180,56117
19,64316,128,0.0,2133,8180,56136
35,64351,128,0.0,2134,8180,56171
35,64386,128,0.0,2135,8180,56206
19,64405,128,0.0,2136,8180,56225
60,64465,129,1.0,2137,8180,56285
58,64523,129,0.0,2138,8180,56343
60,64583,129,0.0,2139,8180,56403
43,64626,129,0.0,2140,8180,56446
18,64644,129,0.0,2141,8180,56464
34,64678,129,0.0,2142,8180,56498
11,64689,129,0.0,2143,8180,56509
14,64703,129,0.0,2144,8180,56523
51,64754,129,0.0,2145,8180,56574
17,64771,129,0.0,2146,8180,56591
11,64782,129,0.0,2147,8180,56602
10,64792,129,0.0,2148,8180,56612
11,64803,129,0.0,2149,8180,56623
16,64819,129,0.0,2150,8180,56639
38,64857,129,0.0,2151,8180,56677
12,64869,129,0.0,2152,8180,56689
98,64967,130,1.0,2153,8180,56787
46,65013,130,0.0,2154,8180,56833
10,65023,130,0.0,2155,8180,56843
31,65054,130,0.0,2156,8180,56874
63,65117,130,0.0,2157,8180,56937
9,65126,130,0.0,2158,8180,56946
30,65156,131,1.0,2159,8180,56976
30,65186,131,0.0,2160,8180,57006
23,65209,131,0.0,2161,8180,57029
49,65258,131,0.0,2162,8180,57078
14,65272,131,0.0,2163,8180,57092
13,65285,131,0.0,2164,8180,57105
24,65309,131,0.0,2165,8180,57129
15,65324,131,0.0,2166,8180,57144
41,65365,131,0.0,2167,8180,57185
10,65375,131,0.0,2168,8180,57195
45,65420,131,0.0,2169,8180,57240
13,65433,131,0.0,2170,8180,57253
7,65440,131,0.0,2171,8180,57260
13,65453,131,0.0,2172,8180,57273
18,65471,131,0.0,2173,8180,57291
22,65493,131,0.0,2174,8180,57313
24,65517,131,0.0,2175,8180,57337
18,65535,131,0.0,2176,8180,57355
32,65567,132,1.0,2177,8180,57387
20,65587,132,0.0,2178,8180,57407
17,65604,132,0.0,2179,8180,57424
38,65642,133,1.0,2180,8180,57462
39,65681,133,0.0,2181,8180,57501
13,65694,133,0.0,2182,8180,57514
16,65710,133,0.0,2183,8180,57530
10,65720,133,0.0,2184,8180,57540
24,65744,133,0.0,2185,8180,57564
21,65765,133,0.0,2186,8180,57585
17,65782,133,0.0,2187,8180,57602
19,65801,133,0.0,2188,8180,57621
29,65830,133,0.0,2189,8180,57650
15,65845,133,0.0,2190,8180,57665
26,65871,133,0.0,2191,8180,57691
74,65945,134,1.0,2192,8180,57765
20,65965,134,0.0,2193,8180,57785
100,66065,134,0.0,2194,8180,57885
51,66116,134,0.0,2195,8180,57936
21,66137,134,0.0,2196,8180,57957
39,66176,135,1.0,2197,8180,57996
12,66188,135,0.0,2198,8180,58008
23,66211,135,0.0,2199,8180,58031
43,66254,135,0.0,2200,8180,58074
9,66263,135,0.0,2201,8180,58083
17,66280,135,0.0,2202,8180,58100
13,66293,135,0.0,2203,8180,58113
14,66307,135,0.0,2204,8180,58127
26,66333,135,0.0,2205,8180,58153
10,66343,135,0.0,2206,8180,58163
81,66424,135,0.0,2207,8180,58244
21,66445,135,0.0,2208,8180,58265
17,66462,135,0.0,2209,8180,58282
9,66471,135,0.0,2210,8180,58291
54,66525,135,0.0,2211,8180,58345
60,66585,135,0.0,2212,8180,58405
25,66610,135,0.0,2213,8180,58430
28,66638,135,0.0,2214,8180,58458
30,66668,135,0.0,2215,8180,58488
36,66704,135,0.0,2216,8180,58524
54,66758,135,0.0,2217,8180,58578
38,66796,135,0.0,2218,8180,58616
45,66841,135,0.0,2219,8180,58661
18,66859,135,0.0,2220,8180,58679
100,66959,135,0.0,2221,8180,58779
63,67022,135,0.0,2222,8180,58842
9,67031,135,0.0,2223,8180,58851
36,67067,135,0.0,2224,8180,58887
25,67092,136,1.0,2225,8180,58912
46,67138,137,1.0,2226,8180,58958
35,67173,138,1.0,2227,8180,58993
27,67200,139,1.0,2228,8180,59020
12,67212,139,0.0,2229,8180,59032
100,67312,139,0.0,2230,8180,59132
37,67349,140,1.0,2231,8180,59169
26,67375,140,0.0,2232,8180,59195
8,67383,140,0.0,2233,8180,59203
7,67390,140,0.0,2234,8180,59210
21,67411,140,0.0,2235,8180,59231
11,67422,140,0.0,2236,8180,59242
18,67440,140,0.0,2237,8180,59260
11,67451,140,0.0,2238,8180,59271
29,67480,140,0.0,2239,8180,59300
33,67513,140,0.0,2240,8180,59333
36,67549,140,0.0,2241,8180,59369
42,67591,140,0.0,2242,8180,59411
19,67610,140,0.0,2243,8180,59430
19,67629,140,0.0,2244,8180,59449
19,67648,140,0.0,2245,8180,59468
34,67682,140,0.0,2246,8180,59502
43,67725,140,0.0,2247,8180,59545
43,67768,140,0.0,2248,8180,59588
22,67790,141,1.0,2249,8180,59610
15,67805,141,0.0,2250,8180,59625
59,67864,142,1.0,2251,8180,59684
49,67913,143,1.0,2252,8180,59733
5,67918,143,0.0,2253,8180,59738
9,67927,143,0.0,2254,8180,59747
20,67947,143,0.0,2255,8180,59767
31,67978,143,0.0,2256,8180,59798
70,68048,143,0.0,2257,8180,59868
45,68093,143,0.0,2258,8180,59913
69,68162,143,0.0,2259,8180,59982
28,68190,143,0.0,2260,8180,60010
5,68195,143,0.0,2261,8180,60015
10,68205,143,0.0,2262,8180,60025
32,68237,144,1.0,2263,8180,60057
42,68279,144,0.0,2264,8180,60099
17,68296,144,0.0,2265,8180,60116
25,68321,144,0.0,2266,8180,60141
26,68347,145,1.0,2267,8180,60167
89,68436,145,0.0,2268,8180,60256
22,68458,145,0.0,2269,8180,60278
24,68482,145,0.0,2270,8180,60302
14,68496,145,0.0,2271,8180,60316
33,68529,145,0.0,2272,8180,60349
11,68540,145,0.0,2273,8180,60360
33,68573,146,1.0,2274,8180,60393
40,68613,146,0.0,2275,8180,60433
9,68622,146,0.0,2276,8180,60442
14,68636,146,0.0,2277,8180,60456
57,68693,147,1.0,2278,8180,60513
13,68706,147,0.0,2279,8180,60526
23,68729,148,1.0,2280,8180,60549
48,68777,149,1.0,2281,8180,60597
19,68796,149,0.0,2282,8180,60616
37,68833,150,1.0,2283,8180,60653
10,68843,150,0.0,2284,8180,60663
23,68866,150,0.0,2285,8180,60686
16,68882,150,0.0,2286,8180,60702
49,68931,151,1.0,2287,8180,60751
13,68944,151,0.0,2288,8180,60764
41,68985,151,0.0,2289,8180,60805
31,69016,152,1.0,2290,8180,60836
14,69030,152,0.0,2291,8180,60850
24,69054,152,0.0,2292,8180,60874
21,69075,152,0.0,2293,8180,60895
11,69086,152,0.0,2294,8180,60906
32,69118,152,0.0,2295,8180,60938
18,69136,152,0.0,2296,8180,60956
29,69165,153,1.0,2297,8180,60985
67,69232,153,0.0,2298,8180,61052
49,69281,153,0.0,2299,8180,61101
22,69303,153,0.0,2300,8180,61123
20,69323,153,0.0,2301,8180,61143
21,69344,153,0.0,2302,8180,61164
35,69379,154,1.0,2303,8180,61199
24,69403,154,0.0,2304,8180,61223
13,69416,154,0.0,2305,8180,61236
56,69472,155,1.0,2306,8180,61292
9,69481,155,0.0,2307,8180,61301
8,69489,155,0.0,2308,8180,61309
58,69547,156,1.0,2309,8180,61367
77,69624,156,0.0,2310,8180,61444
95,69719,157,1.0,2311,8180,61539
36,69755,158,1.0,2312,8180,61575
93,69848,158,0.0,2313,8180,61668
18,69866,158,0.0,2314,8180,61686
20,69886,158,0.0,2315,8180,61706
26,69912,158,0.0,2316,8180,61732
10,69922,158,0.0,2317,8180,61742
56,69978,159,1.0,2318,8180,61798
47,70025,159,0.0,2319,8180,61845
41,70066,159,0.0,2320,8180,61886
39,70105,160,1.0,2321,8180,61925
10,70115,160,0.0,2322,8180,61935
29,70144,160,0.0,2323,8180,61964
9,70153,160,0.0,2324,8180,61973
43,70196,161,1.0,2325,8180,62016
59,70255,162,1.0,2326,8180,62075
72,70327,162,0.0,2327,8180,62147
28,70355,163,1.0,2328,8180,62175
19,70374,163,0.0,2329,8180,62194
40,70414,163,0.0,2330,8180,62234
32,70446,163,0.0,2331,8180,62266
8,70454,163,0.0,2332,8180,62274
26,70480,163,0.0,2333,8180,62300
38,70518,163,0.0,2334,8180,62338
28,70546,163,0.0,2335,8180,62366
30,70576,163,0.0,2336,8180,62396
19,70595,163,0.0,2337,8180,62415
8,70603,163,0.0,2338,8180,62423
17,70620,163,0.0,2339,8180,62440
32,70652,164,1.0,2340,8180,62472
21,70673,164,0.0,2341,8180,62493
52,70725,164,0.0,2342,8180,62545
13,70738,164,0.0,2343,8180,62558
7,70745,164,0.0,2344,8180,62565
29,70774,164,0.0,2345,8180,62594
33,70807,165,1.0,2346,8180,62627
25,70832,165,0.0,2347,8180,62652
69,70901,166,1.0,2348,8180,62721
61,70962,167,1.0,2349,8180,62782
56,71018,167,0.0,2350,8180,62838
14,71032,167,0.0,2351,8180,62852
33,71065,167,0.0,2352,8180,62885
20,71085,167,0.0,2353,8180,62905
25,71110,167,0.0,2354,8180,62930
22,71132,167,0.0,2355,8180,62952
29,71161,167,0.0,2356,8180,62981
42,71203,167,0.0,2357,8180,63023
13,71216,167,0.0,2358,8180,63036
58,71274,167,0.0,2359,8180,63094
11,71285,167,0.0,2360,8180,63105
78,71363,167,0.0,2361,8180,63183
19,71382,167,0.0,2362,8180,63202
9,71391,167,0.0,2363,8180,63211
44,71435,167,0.0,2364,8180,63255
27,71462,167,0.0,2365,8180,63282
17,71479,167,0.0,2366,8180,63299
22,71501,167,0.0,2367,8180,63321
16,71517,167,0.0,2368,8180,63337
18,71535,167,0.0,2369,8180,63355
27,71562,167,0.0,2370,8180,63382
14,71576,167,0.0,2371,8180,63396
46,71622,168,1.0,2372,8180,63442
82,71704,168,0.0,2373,8180,63524
15,71719,168,0.0,2374,8180,63539
37,71756,168,0.0,2375,8180,63576
30,71786,169,1.0,2376,8180,63606
19,71805,169,0.0,2377,8180,63625
28,71833,169,0.0,2378,8180,63653
7,71840,169,0.0,2379,8180,63660
85,71925,169,0.0,2380,8180,63745
22,71947,169,0.0,2381,8180,63767
50,71997,169,0.0,2382,8180,63817
71,72068,169,0.0,2383,8180,63888
21,72089,169,0.0,2384,8180,63909
42,72131,169,0.0,2385,8180,63951
35,72166,169,0.0,2386,8180,63986
55,72221,169,0.0,2387,8180,64041
19,72240,169,0.0,2388,8180,64060
6,72246,169,0.0,2389,8180,64066
26,72272,169,0.0,2390,8180,64092
57,72329,170,1.0,2391,8180,64149
24,72353,171,1.0,2392,8180,64173
60,72413,171,0.0,2393,8180,64233
91,72504,172,1.0,2394,8180,64324
34,72538,172,0.0,2395,8180,64358
65,72603,173,1.0,2396,8180,64423
32,72635,174,1.0,2397,8180,64455
63,72698,174,0.0,2398,8180,64518
84,72782,175,1.0,2399,8180,64602
30,72812,176,1.0,2400,8180,64632
19,72831,176,0.0,2401,8180,64651
32,72863,176,0.0,2402,8180,64683
21,72884,176,0.0,2403,8180,64704
52,72936,176,0.0,2404,8180,64756
32,72968,176,0.0,2405,8180,64788
7,72975,176,0.0,2406,8180,64795
32,73007,176,0.0,2407,8180,64827
12,73019,176,0.0,2408,8180,64839
52,73071,176,0.0,2409,8180,64891
49,73120,176,0.0,2410,8180,64940
9,73129,176,0.0,2411,8180,64949
18,73147,177,1.0,2412,8180,64967
42,73189,177,0.0,2413,8180,65009
19,73208,177,0.0,2414,8180,65028
10,73218,177,0.0,2415,8180,65038
25,73243,177,0.0,2416,8180,65063
13,73256,177,0.0,2417,8180,65076
56,73312,178,1.0,2418,8180,65132
28,73340,178,0.0,2419,8180,65160
15,73355,179,1.0,2420,8180,65175
30,73385,179,0.0,2421,8180,65205
36,73421,179,0.0,2422,8180,65241
52,73473,180,1.0,2423,8180,65293
26,73499,180,0.0,2424,8180,65319
25,73524,180,0.0,2425,8180,65344
17,73541,180,0.0,2426,8180,65361
61,73602,180,0.0,2427,8180,65422
11,73613,180,0.0,2428,8180,65433
63,73676,181,1.0,2429,8180,65496
23,73699,182,1.0,2430,8180,65519
10,73709,182,0.0,2431,8180,65529
28,73737,182,0.0,2432,8180,65557
26,73763,182,0.0,2433,8180,65583
100,73863,182,0.0,2434,8180,65683
100,73963,182,0.0,2435,8180,65783
51,74014,182,0.0,2436,8180,65834
18,74032,182,0.0,2437,8180,65852
8,74040,182,0.0,2438,8180,65860
14,74054,182,0.0,2439,8180,65874
23,74077,182,0.0,2440,8180,65897
34,74111,183,1.0,2441,8180,65931
100,74211,183,0.0,2442,8180,66031
10,74221,183,0.0,2443,8180,66041
37,74258,183,0.0,2444,8180,66078
5,74263,183,0.0,2445,8180,66083
28,74291,183,0.0,2446,8180,66111
54,74345,184,1.0,2447,8180,66165
54,74399,184,0.0,2448,8180,66219
7,74406,184,0.0,2449,8180,66226
25,74431,185,1.0,2450,8180,66251
26,74457,185,0.0,2451,8180,66277
77,74534,185,0.0,2452,8180,66354
5,74539,185,0.0,2453,8180,66359
11,74550,185,0.0,2454,8180,66370
34,74584,185,0.0,2455,8180,66404
19,74603,185,0.0,2456,8180,66423
54,74657,186,1.0,2457,8180,66477
40,74697,186,0.0,2458,8180,66517
10,74707,186,0.0,2459,8180,66527
19,74726,186,0.0,2460,8180,66546
9,74735,186,0.0,2461,8180,66555
12,74747,186,0.0,2462,8180,66567
26,74773,186,0.0,2463,8180,66593
26,74799,186,0.0,2464,8180,66619
21,74820,186,0.0,2465,8180,66640
15,74835,186,0.0,2466,8180,66655
22,74857,186,0.0,2467,8180,66677
42,74899,187,1.0,2468,8180,66719
37,74936,188,1.0,2469,8180,66756
16,74952,188,0.0,2470,8180,66772
29,74981,188,0.0,2471,8180,66801
9,74990,188,0.0,2472,8180,66810
28,75018,188,0.0,2473,8180,66838
80,75098,188,0.0,2474,8180,66918
62,75160,188,0.0,2475,8180,66980
14,75174,188,0.0,2476,8180,66994
11,75185,188,0.0,2477,8180,67005
21,75206,188,0.0,2478,8180,67026
11,75217,188,0.0,2479,8180,67037
28,75245,188,0.0,2480,8180,67065
30,75275,188,0.0,2481,8180,67095
10,75285,188,0.0,2482,8180,67105
47,75332,189,1.0,2483,8180,67152
39,75371,189,0.0,2484,8180,67191
26,75397,189,0.0,2485,8180,67217
19,75416,189,0.0,2486,8180,67236
54,75470,189,0.0,2487,8180,67290
56,75526,189,0.0,2488,8180,67346
20,75546,189,0.0,2489,8180,67366
64,75610,189,0.0,2490,8180,67430
13,75623,189,0.0,2491,8180,67443
34,75657,189,0.0,2492,8180,67477
33,75690,190,1.0,2493,8180,67510
9,75699,190,0.0,2494,8180,67519
20,75719,190,0.0,2495,8180,67539
24,75743,191,1.0,2496,8180,67563
11,75754,191,0.0,2497,8180,67574
48,75802,191,0.0,2498,8180,67622
18,75820,191,0.0,2499,8180,67640
14,75834,191,0.0,2500,8180,67654
15,75849,191,0.0,2501,8180,67669
28,75877,191,0.0,2502,8180,67697
45,75922,191,0.0,2503,8180,67742
34,75956,191,0.0,2504,8180,67776
31,75987,191,0.0,2505,8180,67807
19,76006,191,0.0,2506,8180,67826
32,76038,191,0.0,2507,8180,67858
23,76061,191,0.0,2508,8180,67881
100,76161,191,0.0,2509,8180,67981
16,76177,191,0.0,2510,8180,67997
33,76210,191,0.0,2511,8180,68030
10,76220,191,0.0,2512,8180,68040
23,76243,192,1.0,2513,8180,68063
37,76280,192,0.0,2514,8180,68100
12,76292,192,0.0,2515,8180,68112
49,76341,192,0.0,2516,8180,68161
22,76363,192,0.0,2517,8180,68183
26,76389,192,0.0,2518,8180,68209
41,76430,192,0.0,2519,8180,68250
36,76466,192,0.0,2520,8180,68286
23,76489,192,0.0,2521,8180,68309
20,76509,192,0.0,2522,8180,68329
26,76535,192,0.0,2523,8180,68355
17,76552,192,0.0,2524,8180,68372
13,76565,192,0.0,2525,8180,68385
36,76601,192,0.0,2526,8180,68421
12,76613,192,0.0,2527,8180,68433
26,76639,192,0.0,2528,8180,68459
8,76647,192,0.0,2529,8180,68467
28,76675,193,1.0,2530,8180,68495
22,76697,193,0.0,2531,8180,68517
69,76766,193,0.0,2532,8180,68586
19,76785,193,0.0,2533,8180,68605
22,76807,194,1.0,2534,8180,68627
77,76884,194,0.0,2535,8180,68704
40,76924,194,0.0,2536,8180,68744
11,76935,194,0.0,2537,8180,68755
8,76943,194,0.0,2538,8180,68763
14,76957,194,0.0,2539,8180,68777
41,76998,194,0.0,2540,8180,68818
17,77015,194,0.0,2541,8180,68835
28,77043,194,0.0,2542,8180,68863
31,77074,194,0.0,2543,8180,68894
31,77105,194,0.0,2544,8180,68925
14,77119,194,0.0,2545,8180,68939
15,77134,194,0.0,2546,8180,68954
43,77177,194,0.0,2547,8180,68997
14,77191,194,0.0,2548,8180,69011
19,77210,194,0.0,2549,8180,69030
16,77226,194,0.0,2550,8180,69046
42,77268,194,0.0,2551,8180,69088
16,77284,194,0.0,2552,8180,69104
31,77315,194,0.0,2553,8180,69135
38,77353,194,0.0,2554,8180,69173
46,77399,194,0.0,2555,8180,69219
41,77440,194,0.0,2556,8180,69260
34,77474,194,0.0,2557,8180,69294
26,77500,194,0.0,2558,8180,69320
9,77509,194,0.0,2559,8180,69329
21,77530,194,0.0,2560,8180,69350
10,77540,194,0.0,2561,8180,69360
11,77551,194,0.0,2562,8180,69371
35,77586,194,0.0,2563,8180,69406
23,77609,194,0.0,2564,8180,69429
56,77665,194,0.0,2565,8180,69485
14,77679,194,0.0,2566,8180,69499
7,77686,194,0.0,2567,8180,69506
13,77699,194,0.0,2568,8180,69519
29,77728,194,0.0,2569,8180,69548
71,77799,194,0.0,2570,8180,69619
100,77899,194,0.0,2571,8180,69719
33,77932,194,0.0,2572,8180,69752
21,77953,194,0.0,2573,8180,69773
35,77988,194,0.0,2574,8180,69808
43,78031,194,0.0,2575,8180,69851
8,78039,194,0.0,2576,8180,69859
11,78050,194,0.0,2577,8180,69870
40,78090,194,0.0,2578,8180,69910
44,78134,195,1.0,2579,8180,69954
100,78234,195,0.0,2580,8180,70054
14,78248,195,0.0,2581,8180,70068
39,78287,195,0.0,2582,8180,70107
26,78313,195,0.0,2583,8180,70133
11,78324,195,0.0,2584,8180,70144
34,78358,195,0.0,2585,8180,70178
91,78449,196,1.0,2586,8180,70269
61,78510,196,0.0,2587,8180,70330
23,78533,196,0.0,2588,8180,70353
11,78544,196,0.0,2589,8180,70364
41,78585,196,0.0,2590,8180,70405
41,78626,196,0.0,2591,8180,70446
30,78656,196,0.0,2592,8180,70476
38,78694,196,0.0,2593,8180,70514
79,78773,196,0.0,2594,8180,70593
8,78781,196,0.0,2595,8180,70601
50,78831,196,0.0,2596,8180,70651
9,78840,196,0.0,2597,8180,70660
30,78870,196,0.0,2598,8180,70690
40,78910,196,0.0,2599,8180,70730
25,78935,196,0.0,2600,8180,70755
27,78962,197,1.0,2601,8180,70782
30,78992,197,0.0,2602,8180,70812
11,79003,197,0.0,2603,8180,70823
15,79018,197,0.0,2604,8180,70838
20,79038,197,0.0,2605,8180,70858
8,79046,197,0.0,2606,8180,70866
32,79078,197,0.0,2607,8180,70898
12,79090,197,0.0,2608,8180,70910
10,79100,197,0.0,2609,8180,70920
29,79129,197,0.0,2610,8180,70949
13,79142,197,0.0,2611,8180,70962
29,79171,197,0.0,2612,8180,70991
22,79193,197,0.0,2613,8180,71013
32,79225,197,0.0,2614,8180,71045
28,79253,197,0.0,2615,8180,71073
74,79327,198,1.0,2616,8180,71147
30,79357,198,0.0,2617,8180,71177
73,79430,198,0.0,2618,8180,71250
19,79449,198,0.0,2619,8180,71269
58,79507,199,1.0,2620,8180,71327
13,79520,199,0.0,2621,8180,71340
47,79567,199,0.0,2622,8180,71387
51,79618,199,0.0,2623,8180,71438
27,79645,199,0.0,2624,8180,71465
12,79657,199,0.0,2625,8180,71477
42,79699,199,0.0,2626,8180,71519
10,79709,199,0.0,2627,8180,71529
19,79728,199,0.0,2628,8180,71548
13,79741,199,0.0,2629,8180,71561
10,79751,199,0.0,2630,8180,71571
31,79782,199,0.0,2631,8180,71602
25,79807,199,0.0,2632,8180,71627
28,79835,199,0.0,2633,8180,71655
17,79852,199,0.0,2634,8180,71672
46,79898,199,0.0,2635,8180,71718
47,79945,199,0.0,2636,8180,71765
43,79988,199,0.0,2637,8180,71808
45,80033,200,1.0,2638,8180,71853
64,80097,200,0.0,2639,8180,71917
29,80126,201,1.0,2640,8180,71946
16,80142,201,0.0,2641,8180,71962
12,80154,201,0.0,2642,8180,71974
30,80184,202,1.0,2643,8180,72004
17,80201,202,0.0,2644,8180,72021
42,80243,202,0.0,2645,8180,72063
11,80254,202,0.0,2646,8180,72074
30,80284,202,0.0,2647,8180,72104
20,80304,203,1.0,2648,8180,72124
24,80328,203,0.0,2649,8180,72148
55,80383,203,0.0,2650,8180,72203
49,80432,203,0.0,2651,8180,72252
12,80444,203,0.0,2652,8180,72264
24,80468,203,0.0,2653,8180,72288
20,80488,203,0.0,2654,8180,72308
24,80512,204,1.0,2655,8180,72332
13,80525,204,0.0,2656,8180,72345
27,80552,204,0.0,2657,8180,72372
26,80578,204,0.0,2658,8180,72398
16,80594,204,0.0,2659,8180,72414
15,80609,204,0.0,2660,8180,72429
16,80625,204,0.0,2661,8180,72445
26,80651,204,0.0,2662,8180,72471
26,80677,204,0.0,2663,8180,72497
19,80696,204,0.0,2664,8180,72516
57,80753,205,1.0,2665,8180,72573
40,80793,205,0.0,2666,8180,72613
29,80822,206,1.0,2667,8180,72642
29,80851,206,0.0,2668,8180,72671
13,80864,206,0.0,2669,8180,72684
38,80902,206,0.0,2670,8180,72722
74,80976,206,0.0,2671,8180,72796
10,80986,206,0.0,2672,8180,72806
21,81007,206,0.0,2673,8180,72827
16,81023,206,0.0,2674,8180,72843
21,81044,206,0.0,2675,8180,72864
16,81060,206,0.0,2676,8180,72880
38,81098,206,0.0,2677,8180,72918
30,81128,206,0.0,2678,8180,72948
12,81140,206,0.0,2679,8180,72960
10,81150,206,0.0,2680,8180,72970
10,81160,206,0.0,2681,8180,72980
16,81176,206,0.0,2682,8180,72996
51,81227,206,0.0,2683,8180,73047
6,81233,206,0.0,2684,8180,73053
56,81289,206,0.0,2685,8180,73109
37,81326,206,0.0,2686,8180,73146
9,81335,206,0.0,2687,8180,73155
17,81352,206,0.0,2688,8180,73172
7,81359,206,0.0,2689,8180,73179
14,81373,206,0.0,2690,8180,73193
42,81415,206,0.0,2691,8180,73235
22,81437,206,0.0,2692,8180,73257
14,81451,206,0.0,2693,8180,73271
19,81470,206,0.0,2694,8180,73290
62,81532,206,0.0,2695,8180,73352
28,81560,206,0.0,2696,8180,73380
25,81585,206,0.0,2697,8180,73405
14,81599,206,0.0,2698,8180,73419
8,81607,206,0.0,2699,8180,73427
25,81632,206,0.0,2700,8180,73452
20,81652,206,0.0,2701,8180,73472
46,81698,206,0.0,2702,8180,73518
46,81744,206,0.0,2703,8180,73564
26,81770,206,0.0,2704,8180,73590
43,81813,206,0.0,2705,8180,73633
10,81823,206,0.0,2706,8180,73643
23,81846,206,0.0,2707,8180,73666
24,81870,206,0.0,2708,8180,73690
21,81891,206,0.0,2709,8180,73711
38,81929,206,0.0,2710,8180,73749
38,81967,206,0.0,2711,8180,73787
30,81997,207,1.0,2712,8180,73817
70,82067,207,0.0,2713,8180,73887
28,82095,207,0.0,2714,8180,73915
35,82130,208,1.0,2715,8180,73950
66,82196,208,0.0,2716,8180,74016
18,82214,208,0.0,2717,8180,74034
19,82233,208,0.0,2718,8180,74053
12,82245,208,0.0,2719,8180,74065
33,82278,208,0.0,2720,8180,74098
11,82289,208,0.0,2721,8180,74109
27,82316,209,1.0,2722,8180,74136
33,82349,209,0.0,2723,8180,74169
39,82388,210,1.0,2724,8180,74208
14,82402,210,0.0,2725,8180,74222
73,82475,210,0.0,2726,8180,74295
9,82484,210,0.0,2727,8180,74304
68,82552,210,0.0,2728,8180,74372
38,82590,210,0.0,2729,8180,74410
47,82637,210,0.0,2730,8180,74457
24,82661,210,0.0,2731,8180,74481
22,82683,210,0.0,2732,8180,74503
26,82709,210,0.0,2733,8180,74529
11,82720,210,0.0,2734,8180,74540
13,82733,210,0.0,2735,8180,74553
68,82801,210,0.0,2736,8180,74621
22,82823,210,0.0,2737,8180,74643
47,82870,211,1.0,2738,8180,74690
72,82942,211,0.0,2739,8180,74762
11,82953,211,0.0,2740,8180,74773
7,82960,211,0.0,2741,8180,74780
10,82970,211,0.0,2742,8180,74790
15,82985,211,0.0,2743,8180,74805
13,82998,211,0.0,2744,8180,74818
42,83040,211,0.0,2745,8180,74860
67,83107,211,0.0,2746,8180,74927
47,83154,212,1.0,2747,8180,74974
10,83164,212,0.0,2748,8180,74984
52,83216,213,1.0,2749,8180,75036
32,83248,214,1.0,2750,8180,75068
29,83277,214,0.0,2751,8180,75097
33,83310,214,0.0,2752,8180,75130
23,83333,214,0.0,2753,8180,75153
61,83394,214,0.0,2754,8180,75214
76,83470,215,1.0,2755,8180,75290
38,83508,215,0.0,2756,8180,75328
48,83556,215,0.0,2757,8180,75376
13,83569,215,0.0,2758,8180,75389
48,83617,215,0.0,2759,8180,75437
28,83645,215,0.0,2760,8180,75465
26,83671,215,0.0,2761,8180,75491
18,83689,215,0.0,2762,8180,75509
15,83704,215,0.0,2763,8180,75524
61,83765,215,0.0,2764,8180,75585
43,83808,215,0.0,2765,8180,75628
34,83842,216,1.0,2766,8180,75662
18,83860,216,0.0,2767,8180,75680
23,83883,216,0.0,2768,8180,75703
5,83888,216,0.0,2769,8180,75708
30,83918,217,1.0,2770,8180,75738
37,83955,218,1.0,2771,8180,75775
11,83966,218,0.0,2772,8180,75786
11,83977,218,0.0,2773,8180,75797
54,84031,219,1.0,2774,8180,75851
17,84048,219,0.0,2775,8180,75868
31,84079,220,1.0,2776,8180,75899
13,84092,220,0.0,2777,8180,75912
58,84150,220,0.0,2778,8180,75970
14,84164,220,0.0,2779,8180,75984
35,84199,220,0.0,2780,8180,76019
55,84254,220,0.0,2781,8180,76074
13,84267,220,0.0,2782,8180,76087
100,84367,220,0.0,2783,8180,76187
29,84396,220,0.0,2784,8180,76216
21,84417,221,1.0,2785,8180,76237
24,84441,221,0.0,2786,8180,76261
23,84464,221,0.0,2787,8180,76284
34,84498,221,0.0,2788,8180,76318
17,84515,221,0.0,2789,8180,76335
14,84529,221,0.0,2790,8180,76349
30,84559,221,0.0,2791,8180,76379
69,84628,222,1.0,2792,8180,76448
13,84641,222,0.0,2793,8180,76461
28,84669,222,0.0,2794,8180,76489
16,84685,222,0.0,2795,8180,76505
6,84691,222,0.0,2796,8180,76511
27,84718,222,0.0,2797,8180,76538
23,84741,222,0.0,2798,8180,76561
10,84751,222,0.0,2799,8180,76571
13,84764,222,0.0,2800,8180,76584
16,84780,222,0.0,2801,8180,76600
31,84811,222,0.0,2802,8180,76631
57,84868,222,0.0,2803,8180,76688
20,84888,222,0.0,2804,8180,76708
29,84917,223,1.0,2805,8180,76737
9,84926,223,0.0,2806,8180,76746
9,84935,223,0.0,2807,8180,76755
32,84967,223,0.0,2808,8180,76787
19,84986,223,0.0,2809,8180,76806
14,85000,223,0.0,2810,8180,76820
19,85019,223,0.0,2811,8180,76839
9,85028,223,0.0,2812,8180,76848
64,85092,223,0.0,2813,8180,76912
40,85132,224,1.0,2814,8180,76952
8,85140,224,0.0,2815,8180,76960
8,85148,224,0.0,2816,8180,76968
6,85154,224,0.0,2817,8180,76974
29,85183,224,0.0,2818,8180,77003
26,85209,224,0.0,2819,8180,77029
45,85254,225,1.0,2820,8180,77074
33,85287,225,0.0,2821,8180,77107
36,85323,225,0.0,2822,8180,77143
20,85343,225,0.0,2823,8180,77163
26,85369,225,0.0,2824,8180,77189
14,85383,225,0.0,2825,8180,77203
11,85394,225,0.0,2826,8180,77214
38,85432,225,0.0,2827,8180,77252
30,85462,225,0.0,2828,8180,77282
51,85513,226,1.0,2829,8180,77333
30,85543,226,0.0,2830,8180,77363
14,85557,226,0.0,2831,8180,77377
24,85581,227,1.0,2832,8180,77401
17,85598,227,0.0,2833,8180,77418
20,85618,228,1.0,2834,8180,77438
16,85634,228,0.0,2835,8180,77454
56,85690,228,0.0,2836,8180,77510
16,85706,228,0.0,2837,8180,77526
33,85739,228,0.0,2838,8180,77559
25,85764,228,0.0,2839,8180,77584
84,85848,228,0.0,2840,8180,77668
7,85855,228,0.0,2841,8180,77675
11,85866,228,0.0,2842,8180,77686
55,85921,228,0.0,2843,8180,77741
24,85945,228,0.0,2844,8180,77765
32,85977,228,0.0,2845,8180,77797
41,86018,228,0.0,2846,8180,77838
35,86053,229,1.0,2847,8180,77873
40,86093,229,0.0,2848,8180,77913
14,86107,229,0.0,2849,8180,77927
13,86120,229,0.0,2850,8180,77940
49,86169,229,0.0,2851,8180,77989
32,86201,229,0.0,2852,8180,78021
56,86257,230,1.0,2853,8180,78077
53,86310,231,1.0,2854,8180,78130
18,86328,231,0.0,2855,8180,78148
100,86428,231,0.0,2856,8180,78248
6,86434,231,0.0,2857,8180,78254
34,86468,231,0.0,2858,8180,78288
38,86506,231,0.0,2859,8180,78326
25,86531,231,0.0,2860,8180,78351
57,86588,231,0.0,2861,8180,78408
20,86608,231,0.0,2862,8180,78428
9,86617,231,0.0,2863,8180,78437
52,86669,231,0.0,2864,8180,78489
11,86680,231,0.0,2865,8180,78500
46,86726,231,0.0,2866,8180,78546
64,86790,231,0.0,2867,8180,78610
24,86814,232,1.0,2868,8180,78634
44,86858,233,1.0,2869,8180,78678
51,86909,234,1.0,2870,8180,78729
12,86921,234,0.0,2871,8180,78741
19,86940,234,0.0,2872,8180,78760
15,86955,234,0.0,2873,8180,78775
23,86978,234,0.0,2874,8180,78798
45,87023,234,0.0,2875,8180,78843
15,87038,234,0.0,2876,8180,78858
56,87094,235,1.0,2877,8180,78914
22,87116,235,0.0,2878,8180,78936
30,87146,235,0.0,2879,8180,78966
15,87161,235,0.0,2880,8180,78981
43,87204,235,0.0,2881,8180,79024
30,87234,235,0.0,2882,8180,79054
32,87266,235,0.0,2883,8180,79086
26,87292,235,0.0,2884,8180,79112
15,87307,235,0.0,2885,8180,79127
16,87323,235,0.0,2886,8180,79143
22,87345,235,0.0,2887,8180,79165
24,87369,235,0.0,2888,8180,79189
32,87401,235,0.0,2889,8180,79221
20,87421,235,0.0,2890,8180,79241
9,87430,235,0.0,2891,8180,79250
52,87482,235,0.0,2892,8180,79302
51,87533,236,1.0,2893,8180,79353
50,87583,236,0.0,2894,8180,79403
33,87616,236,0.0,2895,8180,79436
39,87655,236,0.0,2896,8180,79475
24,87679,236,0.0,2897,8180,79499
18,87697,236,0.0,2898,8180,79517
54,87751,236,0.0,2899,8180,79571
96,87847,236,0.0,2900,8180,79667
9,87856,236,0.0,2901,8180,79676
31,87887,236,0.0,2902,8180,79707
29,87916,237,1.0,2903,8180,79736
31,87947,237,0.0,2904,8180,79767
8,87955,237,0.0,2905,8180,79775
21,87976,237,0.0,2906,8180,79796
22,87998,237,0.0,2907,8180,79818
16,88014,237,0.0,2908,8180,79834
15,88029,237,0.0,2909,8180,79849
40,88069,237,0.0,2910,8180,79889
25,88094,237,0.0,2911,8180,79914
29,88123,237,0.0,2912,8180,79943
15,88138,237,0.0,2913,8180,79958
29,88167,237,0.0,2914,8180,79987
18,88185,237,0.0,2915,8180,80005
19,88204,237,0.0,2916,8180,80024
29,88233,237,0.0,2917,8180,80053
9,88242,237,0.0,2918,8180,80062
53,88295,237,0.0,2919,8180,80115
42,88337,237,0.0,2920,8180,80157
18,88355,237,0.0,2921,8180,80175
44,88399,238,1.0,2922,8180,80219
24,88423,238,0.0,2923,8180,80243
19,88442,238,0.0,2924,8180,80262
15,88457,238,0.0,2925,8180,80277
51,88508,238,0.0,2926,8180,80328
38,88546,238,0.0,2927,8180,80366
30,88576,238,0.0,2928,8180,80396
44,88620,238,0.0,2929,8180,80440
6,88626,238,0.0,2930,8180,80446
14,88640,238,0.0,2931,8180,80460
12,88652,238,0.0,2932,8180,80472
56,88708,238,0.0,2933,8180,80528
33,88741,239,1.0,2934,8180,80561
57,88798,239,0.0,2935,8180,80618
10,88808,239,0.0,2936,8180,80628
9,88817,239,0.0,2937,8180,80637
35,88852,239,0.0,2938,8180,80672
45,88897,239,0.0,2939,8180,80717
93,88990,239,0.0,2940,8180,80810
9,88999,239,0.0,2941,8180,80819
9,89008,239,0.0,2942,8180,80828
15,89023,239,0.0,2943,8180,80843
86,89109,240,1.0,2944,8180,80929
29,89138,241,1.0,2945,8180,80958
62,89200,241,0.0,2946,8180,81020
8,89208,241,0.0,2947,8180,81028
78,89286,241,0.0,2948,8180,81106
15,89301,241,0.0,2949,8180,81121
18,89319,241,0.0,2950,8180,81139
65,89384,241,0.0,2951,8180,81204
25,89409,241,0.0,2952,8180,81229
50,89459,241,0.0,2953,8180,81279
32,89491,241,0.0,2954,8180,81311
6,89497,241,0.0,2955,8180,81317
18,89515,242,1.0,2956,8180,81335
16,89531,242,0.0,2957,8180,81351
23,89554,242,0.0,2958,8180,81374
33,89587,242,0.0,2959,8180,81407
11,89598,242,0.0,2960,8180,81418
34,89632,243,1.0,2961,8180,81452
12,89644,243,0.0,2962,8180,81464
19,89663,243,0.0,2963,8180,81483
8,89671,243,0.0,2964,8180,81491
46,89717,244,1.0,2965,8180,81537
57,89774,245,1.0,2966,8180,81594
61,89835,246,1.0,2967,8180,81655
11,89846,246,0.0,2968,8180,81666
16,89862,246,0.0,2969,8180,81682
26,89888,247,1.0,2970,8180,81708
26,89914,247,0.0,2971,8180,81734
22,89936,247,0.0,2972,8180,81756
16,89952,247,0.0,2973,8180,81772
38,89990,247,0.0,2974,8180,81810
64,90054,247,0.0,2975,8180,81874
25,90079,247,0.0,2976,8180,81899
52,90131,247,0.0,2977,8180,81951
20,90151,247,0.0,2978,8180,81971
11,90162,247,0.0,2979,8180,81982
59,90221,247,0.0,2980,8180,82041
19,90240,247,0.0,2981,8180,82060
31,90271,248,1.0,2982,8180,82091
20,90291,248,0.0,2983,8180,82111
28,90319,248,0.0,2984,8180,82139
60,90379,248,0.0,2985,8180,82199
15,90394,248,0.0,2986,8180,82214
46,90440,248,0.0,2987,8180,82260
13,90453,248,0.0,2988,8180,82273
99,90552,248,0.0,2989,8180,82372
33,90585,248,0.0,2990,8180,82405
71,90656,248,0.0,2991,8180,82476
16,90672,248,0.0,2992,8180,82492
16,90688,248,0.0,2993,8180,82508
23,90711,248,0.0,2994,8180,82531
20,90731,248,0.0,2995,8180,82551
11,90742,248,0.0,2996,8180,82562
48,90790,248,0.0,2997,8180,82610
44,90834,248,0.0,2998,8180,82654
96,90930,248,0.0,2999,8180,82750
45,90975,248,0.0,3000,8180,82795
19,90994,248,0.0,3001,8180,82814
59,91053,248,0.0,3002,8180,82873
23,91076,248,0.0,3003,8180,82896
10,91086,248,0.0,3004,8180,82906
42,91128,248,0.0,3005,8180,82948
36,91164,248,0.0,3006,8180,82984
13,91177,248,0.0,3007,8180,82997
55,91232,248,0.0,3008,8180,83052
20,91252,248,0.0,3009,8180,83072
13,91265,248,0.0,3010,8180,83085
15,91280,248,0.0,3011,8180,83100
54,91334,248,0.0,3012,8180,83154
22,91356,248,0.0,3013,8180,83176
21,91377,248,0.0,3014,8180,83197
21,91398,248,0.0,3015,8180,83218
24,91422,248,0.0,3016,8180,83242
38,91460,248,0.0,3017,8180,83280
15,91475,248,0.0,3018,8180,83295
58,91533,248,0.0,3019,8180,83353
54,91587,248,0.0,3020,8180,83407
19,91606,248,0.0,3021,8180,83426
31,91637,249,1.0,3022,8180,83457
17,91654,249,0.0,3023,8180,83474
37,91691,249,0.0,3024,8180,83511
21,91712,249,0.0,3025,8180,83532
11,91723,249,0.0,3026,8180,83543
15,91738,249,0.0,3027,8180,83558
22,91760,249,0.0,3028,8180,83580
7,91767,249,0.0,3029,8180,83587
28,91795,249,0.0,3030,8180,83615
29,91824,249,0.0,3031,8180,83644
33,91857,249,0.0,3032,8180,83677
21,91878,249,0.0,3033,8180,83698
33,91911,249,0.0,3034,8180,83731
35,91946,249,0.0,3035,8180,83766
33,91979,250,1.0,3036,8180,83799
29,92008,250,0.0,3037,8180,83828
16,92024,250,0.0,3038,8180,83844
44,92068,250,0.0,3039,8180,83888
19,92087,250,0.0,3040,8180,83907
48,92135,250,0.0,3041,8180,83955
6,92141,250,0.0,3042,8180,83961
43,92184,250,0.0,3043,8180,84004
11,92195,250,0.0,3044,8180,84015
9,92204,250,0.0,3045,8180,84024
35,92239,250,0.0,3046,8180,84059
39,92278,251,1.0,3047,8180,84098
15,92293,251,0.0,3048,8180,84113
24,92317,251,0.0,3049,8180,84137
27,92344,251,0.0,3050,8180,84164
55,92399,251,0.0,3051,8180,84219
10,92409,251,0.0,3052,8180,84229
34,92443,251,0.0,3053,8180,84263
18,92461,251,0.0,3054,8180,84281
12,92473,251,0.0,3055,8180,84293
47,92520,252,1.0,3056,8180,84340
10,92530,252,0.0,3057,8180,84350
21,92551,252,0.0,3058,8180,84371
23,92574,252,0.0,3059,8180,84394
75,92649,252,0.0,3060,8180,84469
55,92704,252,0.0,3061,8180,84524
51,92755,252,0.0,3062,8180,84575
9,92764,252,0.0,3063,8180,84584
16,92780,252,0.0,3064,8180,84600
20,92800,252,0.0,3065,8180,84620
28,92828,253,1.0,3066,8180,84648
37,92865,253,0.0,3067,8180,84685
24,92889,253,0.0,3068,8180,84709
5,92894,253,0.0,3069,8180,84714
28,92922,253,0.0,3070,8180,84742
41,92963,253,0.0,3071,8180,84783
7,92970,253,0.0,3072,8180,84790
25,92995,253,0.0,3073,8180,84815
60,93055,253,0.0,3074,8180,84875
65,93120,253,0.0,3075,8180,84940
27,93147,253,0.0,3076,8180,84967
37,93184,253,0.0,3077,8180,85004
27,93211,253,0.0,3078,8180,85031
27,93238,253,0.0,3079,8180,85058
42,93280,253,0.0,3080,8180,85100
52,93332,253,0.0,3081,8180,85152
23,93355,253,0.0,3082,8180,85175
28,93383,253,0.0,3083,8180,85203
23,93406,253,0.0,3084,8180,85226
31,93437,253,0.0,3085,8180,85257
47,93484,253,0.0,3086,8180,85304
10,93494,253,0.0,3087,8180,85314
15,93509,254,1.0,3088,8180,85329
24,93533,254,0.0,3089,8180,85353
18,93551,254,0.0,3090,8180,85371
46,93597,254,0.0,3091,8180,85417
47,93644,255,1.0,3092,8180,85464
20,93664,255,0.0,3093,8180,85484
55,93719,255,0.0,3094,8180,85539
27,93746,255,0.0,3095,8180,85566
8,93754,255,0.0,3096,8180,85574
13,93767,255,0.0,3097,8180,85587
14,93781,255,0.0,3098,8180,85601
9,93790,255,0.0,3099,8180,85610
45,93835,255,0.0,3100,8180,85655
21,93856,255,0.0,3101,8180,85676
44,93900,255,0.0,3102,8180,85720
13,93913,255,0.0,3103,8180,85733
42,93955,255,0.0,3104,8180,85775
18,93973,255,0.0,3105,8180,85793
30,94003,255,0.0,3106,8180,85823
27,94030,255,0.0,3107,8180,85850
19,94049,255,0.0,3108,8180,85869
34,94083,255,0.0,3109,8180,85903
14,94097,255,0.0,3110,8180,85917
42,94139,255,0.0,3111,8180,85959
13,94152,255,0.0,3112,8180,85972
58,94210,255,0.0,3113,8180,86030
17,94227,255,0.0,3114,8180,86047
11,94238,255,0.0,3115,8180,86058
31,94269,255,0.0,3116,8180,86089
42,94311,255,0.0,3117,8180,86131
47,94358,255,0.0,3118,8180,86178
22,94380,255,0.0,3119,8180,86200
22,94402,255,0.0,3120,8180,86222
40,94442,255,0.0,3121,8180,86262
30,94472,256,1.0,3122,8180,86292
17,94489,256,0.0,3123,8180,86309
31,94520,256,0.0,3124,8180,86340
23,94543,257,1.0,3125,8180,86363
11,94554,257,0.0,3126,8180,86374
44,94598,257,0.0,3127,8180,86418
9,94607,257,0.0,3128,8180,86427
28,94635,257,0.0,3129,8180,86455
23,94658,257,0.0,3130,8180,86478
27,94685,257,0.0,3131,8180,86505
23,94708,257,0.0,3132,8180,86528
28,94736,257,0.0,3133,8180,86556
33,94769,257,0.0,3134,8180,86589
12,94781,257,0.0,3135,8180,86601
18,94799,257,0.0,3136,8180,86619
38,94837,257,0.0,3137,8180,86657
7,94844,257,0.0,3138,8180,86664
22,94866,258,1.0,3139,8180,86686
60,94926,258,0.0,3140,8180,86746
38,94964,258,0.0,3141,8180,86784
41,95005,258,0.0,3142,8180,86825
33,95038,258,0.0,3143,8180,86858
11,95049,258,0.0,3144,8180,86869
20,95069,258,0.0,3145,8180,86889
22,95091,258,0.0,3146,8180,86911
25,95116,258,0.0,3147,8180,86936
24,95140,258,0.0,3148,8180,86960
28,95168,258,0.0,3149,8180,86988
32,95200,258,0.0,3150,8180,87020
16,95216,258,0.0,3151,8180,87036
17,95233,258,0.0,3152,8180,87053
16,95249,258,0.0,3153,8180,87069
24,95273,258,0.0,3154,8180,87093
29,95302,258,0.0,3155,8180,87122
14,95316,258,0.0,3156,8180,87136
8,95324,258,0.0,3157,8180,87144
21,95345,258,0.0,3158,8180,87165
41,95386,259,1.0,3159,8180,87206
30,95416,259,0.0,3160,8180,87236
26,95442,259,0.0,3161,8180,87262
59,95501,260,1.0,3162,8180,87321
86,95587,260,0.0,3163,8180,87407
64,95651,260,0.0,3164,8180,87471
100,95751,260,0.0,3165,8180,87571
59,95810,260,0.0,3166,8180,87630
17,95827,260,0.0,3167,8180,87647
18,95845,260,0.0,3168,8180,87665
47,95892,260,0.0,3169,8180,87712
25,95917,260,0.0,3170,8180,87737
12,95929,260,0.0,3171,8180,87749
20,95949,260,0.0,3172,8180,87769
33,95982,260,0.0,3173,8180,87802
36,96018,260,0.0,3174,8180,87838
27,96045,260,0.0,3175,8180,87865
17,96062,261,1.0,3176,8180,87882
22,96084,262,1.0,3177,8180,87904
18,96102,262,0.0,3178,8180,87922
21,96123,262,0.0,3179,8180,87943
36,96159,263,1.0,3180,8180,87979
22,96181,263,0.0,3181,8180,88001
21,96202,263,0.0,3182,8180,88022
9,96211,263,0.0,3183,8180,88031
35,96246,263,0.0,3184,8180,88066
22,96268,263,0.0,3185,8180,88088
17,96285,263,0.0,3186,8180,88105
21,96306,263,0.0,3187,8180,88126
19,96325,263,0.0,3188,8180,88145
61,96386,263,0.0,3189,8180,88206
8,96394,263,0.0,3190,8180,88214
25,96419,263,0.0,3191,8180,88239
17,96436,263,0.0,3192,8180,88256
9,96445,263,0.0,3193,8180,88265
6,96451,263,0.0,3194,8180,88271
53,96504,264,1.0,3195,8180,88324
29,96533,264,0.0,3196,8180,88353
10,96543,264,0.0,3197,8180,88363
18,96561,264,0.0,3198,8180,88381
6,96567,264,0.0,3199,8180,88387
100,96667,264,0.0,3200,8180,88487
15,96682,264,0.0,3201,8180,88502
93,96775,264,0.0,3202,8180,88595
21,96796,264,0.0,3203,8180,88616
47,96843,264,0.0,3204,8180,88663
8,96851,264,0.0,3205,8180,88671
62,96913,264,0.0,3206,8180,88733
7,96920,264,0.0,3207,8180,88740
16,96936,264,0.0,3208,8180,88756
14,96950,264,0.0,3209,8180,88770
15,96965,264,0.0,3210,8180,88785
10,96975,264,0.0,3211,8180,88795
22,96997,264,0.0,3212,8180,88817
29,97026,264,0.0,3213,8180,88846
21,97047,264,0.0,3214,8180,88867
41,97088,265,1.0,3215,8180,88908
22,97110,265,0.0,3216,8180,88930
21,97131,265,0.0,3217,8180,88951
16,97147,265,0.0,3218,8180,88967
24,97171,265,0.0,3219,8180,88991
34,97205,265,0.0,3220,8180,89025
8,97213,265,0.0,3221,8180,89033
17,97230,265,0.0,3222,8180,89050
30,97260,265,0.0,3223,8180,89080
61,97321,265,0.0,3224,8180,89141
16,97337,265,0.0,3225,8180,89157
37,97374,265,0.0,3226,8180,89194
46,97420,265,0.0,3227,8180,89240
8,97428,265,0.0,3228,8180,89248
50,97478,266,1.0,3229,8180,89298
23,97501,266,0.0,3230,8180,89321
9,97510,266,0.0,3231,8180,89330
18,97528,266,0.0,3232,8180,89348
9,97537,266,0.0,3233,8180,89357
15,97552,266,0.0,3234,8180,89372
41,97593,266,0.0,3235,8180,89413
8,97601,266,0.0,3236,8180,89421
20,97621,266,0.0,3237,8180,89441
36,97657,266,0.0,3238,8180,89477
22,97679,266,0.0,3239,8180,89499
37,97716,266,0.0,3240,8180,89536
54,97770,266,0.0,3241,8180,89590
14,97784,266,0.0,3242,8180,89604
63,97847,266,0.0,3243,8180,89667
26,97873,266,0.0,3244,8180,89693
30,97903,266,0.0,3245,8180,89723
24,97927,266,0.0,3246,8180,89747
46,97973,267,1.0,3247,8180,89793
22,97995,268,1.0,3248,8180,89815
21,98016,268,0.0,3249,8180,89836
11,98027,268,0.0,3250,8180,89847
56,98083,269,1.0,3251,8180,89903
40,98123,269,0.0,3252,8180,89943
27,98150,269,0.0,3253,8180,89970
14,98164,269,0.0,3254,8180,89984
20,98184,269,0.0,3255,8180,90004
19,98203,269,0.0,3256,8180,90023
11,98214,269,0.0,3257,8180,90034
42,98256,269,0.0,3258,8180,90076
24,98280,269,0.0,3259,8180,90100
15,98295,269,0.0,3260,8180,90115
24,98319,269,0.0,3261,8180,90139
16,98335,269,0.0,3262,8180,90155
14,98349,269,0.0,3263,8180,90169
12,98361,269,0.0,3264,8180,90181
19,98380,269,0.0,3265,8180,90200
10,98390,269,0.0,3266,8180,90210
20,98410,269,0.0,3267,8180,90230
56,98466,269,0.0,3268,8180,90286
98,98564,270,1.0,3269,8180,90384
78,98642,270,0.0,3270,8180,90462
12,98654,270,0.0,3271,8180,90474
45,98699,270,0.0,3272,8180,90519
8,98707,270,0.0,3273,8180,90527
14,98721,270,0.0,3274,8180,90541
50,98771,270,0.0,3275,8180,90591
100,98871,270,0.0,3276,8180,90691
14,98885,270,0.0,3277,8180,90705
10,98895,270,0.0,3278,8180,90715
28,98923,270,0.0,3279,8180,90743
37,98960,270,0.0,3280,8180,90780
91,99051,270,0.0,3281,8180,90871
20,99071,270,0.0,3282,8180,90891
9,99080,270,0.0,3283,8180,90900
24,99104,270,0.0,3284,8180,90924
5,99109,270,0.0,3285,8180,90929
12,99121,270,0.0,3286,8180,90941
46,99167,270,0.0,3287,8180,90987
21,99188,271,1.0,3288,8180,91008
10,99198,271,0.0,3289,8180,91018
73,99271,272,1.0,3290,8180,91091
15,99286,272,0.0,3291,8180,91106
17,99303,272,0.0,3292,8180,91123
17,99320,272,0.0,3293,8180,91140
45,99365,272,0.0,3294,8180,91185
32,99397,272,0.0,3295,8180,91217
18,99415,272,0.0,3296,8180,91235
7,99422,272,0.0,3297,8180,91242
32,99454,272,0.0,3298,8180,91274
75,99529,273,1.0,3299,8180,91349
13,99542,273,0.0,3300,8180,91362
19,99561,273,0.0,3301,8180,91381
14,99575,273,0.0,3302,8180,91395
35,99610,273,0.0,3303,8180,91430
10,99620,273,0.0,3304,8180,91440
56,99676,273,0.0,3305,8180,91496
7,99683,273,0.0,3306,8180,91503
24,99707,273,0.0,3307,8180,91527
47,99754,274,1.0,3308,8180,91574
18,99772,274,0.0,3309,8180,91592
21,99793,274,0.0,3310,8180,91613
10,99803,274,0.0,3311,8180,91623
13,99816,274,0.0,3312,8180,91636
15,99831,274,0.0,3313,8180,91651
10,99841,274,0.0,3314,8180,91661
24,99865,275,1.0,3315,8180,91685
33,99898,276,1.0,3316,8180,91718
15,99913,276,0.0,3317,8180,91733
21,99934,276,0.0,3318,8180,91754
12,99946,276,0.0,3319,8180,91766
22,99968,276,0.0,3320,8180,91788
28,99996,276,0.0,3321,8180,91816
