iteration,successes,successes_episode,reward_episode,episode_count,random_act,timestep,epsilon
100,100,0,0.0,1,100,0,1.0
66,166,0,0.0,2,166,0,0.9901493354116764
21,187,0,0.0,3,187,0,0.9803966865736877
70,257,0,0.0,4,255,2,0.970741078213023
27,284,0,0.0,5,281,3,0.9611815447608
41,325,0,0.0,6,321,4,0.9517171302557069
12,337,0,0.0,7,332,5,0.9423468882484062
14,351,0,0.0,8,345,6,0.9330698817068888
15,366,0,0.0,9,358,8,0.9238851829227694
77,443,0,0.0,10,427,16,0.9147918734185159
31,474,0,0.0,11,454,20,0.9057890438555999
21,495,0,0.0,12,473,22,0.896875793943563
25,520,0,0.0,13,493,27,0.888051232349986
10,530,0,0.0,14,503,27,0.8793144766113556
19,549,0,0.0,15,520,29,0.8706646530448178
36,585,0,0.0,16,551,34,0.8621008966608072
30,615,0,0.0,17,577,38,0.8536223510765493
7,622,0,0.0,18,584,38,0.8452281684304199
16,638,0,0.0,19,597,41,0.8369175092971592
12,650,0,0.0,20,608,42,0.8286895426039287
51,701,0,0.0,21,652,49,0.820543445547202
71,772,0,0.0,22,713,59,0.8124784035104852
53,825,0,0.0,23,752,73,0.8044936099828537
15,840,0,0.0,24,764,76,0.7965882664783007
24,864,0,0.0,25,785,79,0.7887615824558879
24,888,0,0.0,26,804,84,0.7810127752406908
12,900,0,0.0,27,815,85,0.7733410699455306
33,933,0,0.0,28,841,92,0.7657456993934846
24,957,0,0.0,29,856,101,0.7582259040411682
11,968,0,0.0,30,864,104,0.7507809319027796
10,978,0,0.0,31,873,105,0.7434100384749007
24,1002,0,0.0,32,891,111,0.7361124866620463
33,1035,0,0.0,33,918,117,0.7288875467029541
8,1043,0,0.0,34,925,118,0.7217344960976069
16,1059,0,0.0,35,938,121,0.7146526195349836
30,1089,0,0.0,36,961,128,0.7076412088215263
23,1112,0,0.0,37,975,137,0.7006995628103208
52,1164,0,0.0,38,1012,152,0.6938269873309811
100,1264,0,0.0,39,1077,187,0.6870227951202322
27,1291,0,0.0,40,1091,200,0.680286305753183
43,1334,0,0.0,41,1120,214,0.6736168455752829
14,1348,0,0.0,42,1130,218,0.6670137476349562
17,1365,0,0.0,43,1142,223,0.6604763516169062
82,1447,0,0.0,44,1199,248,0.6540040037760834
46,1493,0,0.0,45,1232,261,0.64759605687231
22,1515,0,0.0,46,1248,267,0.6412518701055556
40,1555,0,0.0,47,1273,282,0.6349708090518567
25,1580,0,0.0,48,1293,287,0.6287522455998737
16,1596,0,0.0,49,1304,292,0.6225955578880794
12,1608,0,0.0,50,1311,297,0.616500130242572
19,1627,0,0.0,51,1322,305,0.6104653531155071
13,1640,0,0.0,52,1331,309,0.6044906230241432
8,1648,0,0.0,53,1335,313,0.5985753424904925
37,1685,0,0.0,54,1355,330,0.5927189199815717
20,1705,0,0.0,55,1367,338,0.5869207698502498
22,1727,0,0.0,56,1381,346,0.5811803122766818
29,1756,0,0.0,57,1397,359,0.5754969732103268
54,1810,0,0.0,58,1427,383,0.5698701843125418
42,1852,0,0.0,59,1450,402,0.564299382899748
24,1876,0,0.0,60,1464,412,0.558784011887162
83,1959,0,0.0,61,1506,453,0.5533235197330862
27,1986,0,0.0,62,1526,460,0.5479173603837548
43,2029,0,0.0,63,1548,481,0.5425649932187278
100,2129,0,0.0,64,1598,531,0.5372658829968282
40,2169,0,0.0,65,1615,554,0.5320194998026181
44,2213,0,0.0,66,1636,577,0.5268253189934059
85,2298,0,0.0,67,1677,621,0.5216828211467822
32,2330,0,0.0,68,1698,632,0.516591492008677
100,2430,0,0.0,69,1751,679,0.5115508224419336
32,2462,0,0.0,70,1767,695,0.5065603083753949
29,2491,0,0.0,71,1785,706,0.5016194507534953
78,2569,0,0.0,72,1817,752,0.49672775548635545
42,2611,0,0.0,73,1838,773,0.491884733400372
27,2638,0,0.0,74,1852,786,0.48708990018930043
32,2670,0,0.0,75,1868,802,0.48234277636582407
27,2697,0,0.0,76,1878,819,0.47764288721360454
41,2738,0,0.0,77,1900,838,0.47298976273981014
32,2770,0,0.0,78,1913,857,0.4683829376281158
28,2798,0,0.0,79,1927,871,0.4638219511921713
23,2821,0,0.0,80,1937,884,0.4593063473295323
100,2921,0,0.0,81,1976,945,0.45483567447604933
43,2964,0,0.0,82,1995,969,0.4504094855607117
30,2994,0,0.0,83,2006,988,0.44602733796093924
44,3038,0,0.0,84,2028,1010,0.4416887934583202
100,3138,0,0.0,85,2069,1069,0.43739341819478894
40,3178,0,0.0,86,2084,1094,0.43314078262923944
46,3224,0,0.0,87,2102,1122,0.4289304614945713
47,3271,0,0.0,88,2121,1150,0.42476203375516264
28,3299,0,0.0,89,2133,1166,0.42063508256476556
100,3399,0,0.0,90,2164,1235,0.41654919522482203
42,3441,0,0.0,91,2175,1266,0.4125039631431931
18,3459,0,0.0,92,2184,1275,0.40849898179329963
100,3559,0,0.0,93,2221,1338,0.404533850673669
27,3586,0,0.0,94,2230,1356,0.40060817326788506
26,3612,0,0.0,95,2238,1374,0.3967215570049359
83,3695,0,0.0,96,2271,1424,0.3928736132199562
34,3729,0,0.0,97,2286,1443,0.38906395711536096
45,3774,0,0.0,98,2305,1469,0.38529220772236483
26,3800,0,0.0,99,2316,1484,0.3815579878628856
50,3850,0,0.0,100,2339,1511,0.37786092411182526
28,3878,0,0.0,101,2346,1532,0.3742006467597279
28,3906,0,0.0,102,2355,1551,0.3705767897758081
32,3938,0,0.0,103,2366,1572,0.3669889907713475
40,3978,0,0.0,104,2375,1603,0.36343689096345594
41,4019,0,0.0,105,2390,1629,0.35992013513919235
47,4066,0,0.0,106,2404,1662,0.35643837162004377
100,4166,0,0.0,107,2437,1729,0.3529912522267568
57,4223,0,0.0,108,2460,1763,0.34957843224451957
23,4246,0,0.0,109,2473,1773,0.34619957038848975
43,4289,0,0.0,110,2487,1802,0.34285432876966604
19,4308,0,0.0,111,2496,1812,0.3395423728610988
42,4350,0,0.0,112,2512,1838,0.3362633714644372
31,4381,0,0.0,113,2520,1861,0.33301699667680906
36,4417,0,0.0,114,2530,1887,0.3298029238580304
53,4470,0,0.0,115,2548,1922,0.3266208315981408
85,4555,0,0.0,116,2577,1978,0.32347040168526264
38,4593,0,0.0,117,2585,2008,0.3203513190737793
48,4641,0,0.0,118,2603,2038,0.3172632718528302
100,4741,0,0.0,119,2631,2110,0.31420595121511996
85,4826,0,0.0,120,2660,2166,0.311179051426037
42,4868,0,0.0,121,2675,2193,0.3081822697930801
40,4908,0,0.0,122,2690,2218,0.3052153066355885
39,4947,0,0.0,123,2699,2248,0.30227786525477407
78,5025,0,0.0,124,2723,2302,0.29936965190405085
25,5050,0,0.0,125,2729,2321,0.29649037575966014
27,5077,0,0.0,126,2739,2338,0.29363974889158817
100,5177,0,0.0,127,2756,2421,0.2908174862347727
26,5203,0,0.0,128,2763,2440,0.28802330556059597
61,5264,0,0.0,129,2787,2477,0.2852569274486622
100,5364,0,0.0,130,2822,2542,0.2825180752588548
100,5464,0,0.0,131,2848,2616,0.27980647510367246
43,5507,0,0.0,132,2857,2650,0.2771218558208399
32,5539,0,0.0,133,2864,2675,0.27446394894619186
100,5639,0,0.0,134,2893,2746,0.27183248868682575
42,5681,0,0.0,135,2904,2777,0.26922721189452276
33,5714,0,0.0,136,2914,2800,0.2666478580394326
54,5768,0,0.0,137,2930,2838,0.26409416918402034
24,5792,0,0.0,138,2940,2852,0.26156588995727226
40,5832,0,0.0,139,2954,2878,0.2590627675291589
50,5882,0,0.0,140,2965,2917,0.2565845515853515
100,5982,0,0.0,141,2990,2992,0.2541309943021904
100,6082,0,0.0,142,3016,3066,0.25170185032190273
57,6139,0,0.0,143,3028,3111,0.24929687672806608
38,6177,0,0.0,144,3041,3136,0.246915833021317
23,6200,0,0.0,145,3048,3152,0.24455848109530054
53,6253,0,0.0,146,3058,3195,0.2422245852128597
78,6331,0,0.0,147,3079,3252,0.23991391198246126
57,6388,0,0.0,148,3091,3297,0.2376262303348566
76,6464,0,0.0,149,3106,3358,0.2353613114999746
33,6497,0,0.0,150,3117,3380,0.23311892898404435
100,6597,0,0.0,151,3141,3456,0.23089885854694553
38,6635,0,0.0,152,3148,3487,0.22870087817978443
35,6670,0,0.0,153,3152,3518,0.22652476808269262
53,6723,0,0.0,154,3162,3561,0.22437031064284702
32,6755,0,0.0,155,3176,3579,0.22223729041270818
39,6794,0,0.0,156,3190,3604,0.22012549408847562
66,6860,0,0.0,157,3204,3656,0.21803471048875708
23,6883,0,0.0,158,3208,3675,0.21596473053345028
47,6930,0,0.0,159,3216,3714,0.21391534722283462
53,6983,0,0.0,160,3225,3758,0.2118863556168713
25,7008,0,0.0,161,3229,3779,0.20987755281470882
27,7035,0,0.0,162,3234,3801,0.20788873793439305
25,7060,0,0.0,163,3237,3823,0.2059197120927785
38,7098,0,0.0,164,3244,3854,0.20397027838564025
100,7198,0,0.0,165,3268,3930,0.20204024186798297
40,7238,0,0.0,166,3275,3963,0.20012940953454655
53,7291,0,0.0,167,3283,4008,0.1982375903005053
38,7329,0,0.0,168,3286,4043,0.19636459498235934
47,7376,0,0.0,169,3297,4079,0.19451023627901587
57,7433,0,0.0,170,3310,4123,0.19267432875305937
48,7481,0,0.0,171,3321,4160,0.19085668881220733
100,7581,0,0.0,172,3339,4242,0.1890571346909509
100,7681,0,0.0,173,3360,4321,0.1872754864323783
28,7709,0,0.0,174,3364,4345,0.18551156587017906
100,7809,0,0.0,175,3385,4424,0.1837651966108269
87,7896,0,0.0,176,3400,4496,0.1820362040159407
33,7929,0,0.0,177,3405,4524,0.18032441518482004
34,7963,0,0.0,178,3413,4550,0.17862965893715535
40,8003,0,0.0,179,3418,4585,0.17695176579590954
100,8103,0,0.0,180,3431,4672,0.1752905679703703
60,8163,0,0.0,181,3442,4721,0.17364589933937066
29,8192,0,0.0,182,3448,4744,0.172017595434677
49,8241,0,0.0,183,3455,4786,0.17040549342454195
100,8341,0,0.0,184,3475,4866,0.16880943209742102
33,8374,0,0.0,185,3487,4887,0.16722925184585147
100,8474,0,0.0,186,3508,4966,0.16566479465049133
100,8574,0,0.0,187,3523,5051,0.16411590406431734
59,8633,0,0.0,188,3532,5101,0.1625824251969801
100,8733,0,0.0,189,3545,5188,0.16106420469931504
25,8758,0,0.0,190,3549,5209,0.15956109074800714
33,8791,0,0.0,191,3555,5236,0.1580729330304087
70,8861,0,0.0,192,3568,5293,0.15659958272950783
49,8910,0,0.0,193,3574,5336,0.15514089250904667
100,9010,0,0.0,194,3590,5420,0.1536967164987875
36,9046,0,0.0,195,3597,5449,0.1522669102799259
88,9134,0,0.0,196,3612,5522,0.15085133087064845
100,9234,0,0.0,197,3628,5606,0.14944983671183457
100,9334,0,0.0,198,3645,5689,0.14806228765290044
43,9377,0,0.0,199,3653,5724,0.1466885449377839
100,9477,0,0.0,200,3671,5806,0.14532847119106862
100,9577,0,0.0,201,3687,5890,0.1439819304042466
100,9677,0,0.0,202,3701,5976,0.14264878792211688
53,9730,0,0.0,203,3710,6020,0.1413289104293205
33,9763,0,0.0,204,3720,6043,0.14002216593700811
100,9863,0,0.0,205,3737,6126,0.13872842376964165
100,9963,0,0.0,206,3750,6213,0.1374475545519262
60,10023,0,0.0,207,3762,6261,0.13617943019587256
47,10070,0,0.0,208,3770,6300,0.13492392388798838
59,10129,0,0.0,209,3778,6351,0.13368091007659658
100,10229,0,0.0,210,3791,6438,0.1324502644592803
35,10264,0,0.0,211,3795,6469,0.13123186397045208
100,10364,0,0.0,212,3811,6553,0.13002558676904785
100,10464,0,0.0,213,3824,6640,0.12883131222634217
60,10524,0,0.0,214,3835,6689,0.12764892091388555
100,10624,0,0.0,215,3856,6768,0.1264782945915614
100,10724,0,0.0,216,3866,6858,0.125319316195762
54,10778,0,0.0,217,3873,6905,0.12417186982768189
100,10878,0,0.0,218,3883,6995,0.12303584074172813
100,10978,0,0.0,219,3891,7087,0.12191111533404535
83,11061,0,0.0,220,3900,7161,0.12079758113115559
100,11161,0,0.0,221,3909,7252,0.11969512677871053
100,11261,0,0.0,222,3923,7338,0.11860364203035628
100,11361,0,0.0,223,3928,7433,0.11752301773670837
100,11461,0,0.0,224,3939,7522,0.116453145834437
33,11494,0,0.0,225,3943,7551,0.11539391933546027
79,11573,0,0.0,226,3952,7621,0.11434523231624569
41,11614,0,0.0,227,3956,7658,0.11330697990721733
35,11649,0,0.0,228,3958,7691,0.1122790582822692
100,11749,0,0.0,229,3977,7772,0.11126136464838206
84,11833,0,0.0,230,3988,7845,0.11025379723534455
100,11933,0,0.0,231,4000,7933,0.10925625528557566
100,12033,0,0.0,232,4009,8024,0.1082686390440492
100,12133,0,0.0,233,4014,8119,0.10729084974831793
80,12213,0,0.0,234,4029,8184,0.10632278961863742
100,12313,0,0.0,235,4041,8272,0.10536436184818809
39,12352,0,0.0,236,4049,8303,0.10441547059339411
100,12452,0,0.0,237,4061,8391,0.10347602096433932
34,12486,0,0.0,238,4063,8423,0.10254591901527788
38,12524,0,0.0,239,4067,8457,0.10162507173523985
100,12624,0,0.0,240,4075,8549,0.10071338703872978
100,12724,0,0.0,241,4086,8638,0.09981077375651838
33,12757,0,0.0,242,4088,8669,0.09891714162652515
41,12798,0,0.0,243,4091,8707,0.09803240128479247
59,12857,0,0.0,244,4095,8762,0.09715646425654882
47,12904,0,0.0,245,4100,8804,0.09628924294736148
52,12956,0,0.0,246,4106,8850,0.09543065063437678
100,13056,0,0.0,247,4116,8940,0.09458060145764802
90,13146,0,0.0,248,4126,9020,0.09373901041154904
100,13246,0,0.0,249,4134,9112,0.092905793336274
100,13346,0,0.0,250,4143,9203,0.09208086690942092
47,13393,0,0.0,251,4147,9246,0.0912641486376598
60,13453,0,0.0,252,4153,9300,0.09045555684848275
100,13553,0,0.0,253,4162,9391,0.08965501068203711
39,13592,0,0.0,254,4164,9428,0.08886243008303903
100,13692,0,0.0,255,4171,9521,0.08807773579276819
52,13744,0,0.0,256,4174,9570,0.08730084934114159
63,13807,0,0.0,257,4183,9624,0.08653169303886674
76,13883,0,0.0,258,4192,9691,0.0857701899696724
100,13983,0,0.0,259,4202,9781,0.08501626398261702
100,14083,0,0.0,260,4206,9877,0.0842698396844737
100,14183,0,0.0,261,4212,9971,0.08353084243219053
100,14283,0,0.0,262,4230,10053,0.08279919832542652
100,14383,0,0.0,263,4236,10147,0.08207483419916123
40,14423,0,0.0,264,4240,10183,0.08135767761637844
100,14523,0,0.0,265,4246,10277,0.08064765686082219
100,14623,0,0.0,266,4254,10369,0.0799447009298253
100,14723,0,0.0,267,4263,10460,0.0792487395272088
83,14806,0,0.0,268,4269,10537,0.07855970305625253
100,14906,0,0.0,269,4277,10629,0.07787752261273513
74,14980,0,0.0,270,4284,10696,0.07720212997804382
34,15014,0,0.0,271,4286,10728,0.07653345761235225
100,15114,0,0.0,272,4299,10815,0.07587143864786668
28,15142,0,0.0,273,4303,10839,0.07521600688213892
100,15242,0,0.0,274,4306,10936,0.07456709677144624
100,15342,0,0.0,275,4311,11031,0.07392464342423678
51,15393,0,0.0,276,4314,11079,0.0732885825946405
100,15493,0,0.0,277,4320,11173,0.07265885067604429
100,15593,0,0.0,278,4327,11266,0.07203538469473161
100,15693,0,0.0,279,4334,11359,0.0714181223035847
26,15719,0,0.0,280,4336,11383,0.07080700177585013
100,15819,0,0.0,281,4346,11473,0.07020196199896576
100,15919,0,0.0,282,4353,11566,0.06960294246844981
48,15967,0,0.0,283,4360,11607,0.06900988328184997
47,16014,0,0.0,284,4364,11650,0.06842272513275337
47,16061,0,0.0,285,4367,11694,0.06784140930485581
100,16161,0,0.0,286,4373,11788,0.06726587766609007
100,16261,0,0.0,287,4385,11876,0.06669607266281269
43,16304,0,0.0,288,4388,11916,0.06613193731404843
60,16364,0,0.0,289,4393,11971,0.06557341520579238
100,16464,0,0.0,290,4401,12063,0.06502045048536823
100,16564,0,0.0,291,4407,12157,0.06447298785584316
100,16664,0,0.0,292,4415,12249,0.06393097257049796
100,16764,0,0.0,293,4419,12345,0.06339435042735246
100,16864,0,0.0,294,4425,12439,0.06286306776374512
100,16964,0,0.0,295,4428,12536,0.06233707145096687
100,17064,0,0.0,296,4434,12630,0.06181630888894806
100,17164,0,0.0,297,4438,12726,0.061300728000998575
100,17264,0,0.0,298,4444,12820,0.06079027722859992
100,17364,0,0.0,299,4450,12914,0.060284905526249516
100,17464,0,0.0,300,4458,13006,0.05978456235635595
100,17564,0,0.0,301,4465,13099,0.05928919768418531
28,17592,0,0.0,302,4468,13124,0.05879876197285753
100,17692,0,0.0,303,4475,13217,0.058313206178392835
100,17792,0,0.0,304,4478,13314,0.05783248174480709
100,17892,0,0.0,305,4483,13409,0.057356540599256385
100,17992,0,0.0,306,4492,13500,0.0568853351472295
100,18092,0,0.0,307,4496,13596,0.0564188182677886
100,18192,0,0.0,308,4503,13689,0.05595694330885694
100,18292,0,0.0,309,4506,13786,0.05549966408255377
100,18392,0,0.0,310,4510,13882,0.05504693486057535
100,18492,0,0.0,311,4515,13977,0.05459871036962222
100,18592,0,0.0,312,4520,14072,0.05415494578687179
100,18692,0,0.0,313,4529,14163,0.05371559673549593
100,18792,0,0.0,314,4531,14261,0.053280619280223436
77,18869,0,0.0,315,4536,14333,0.05284996992294624
100,18969,0,0.0,316,4541,14428,0.05242360559836979
37,19006,0,0.0,317,4545,14461,0.05200148366970627
45,19051,0,0.0,318,4548,14503,0.051583561924411096
100,19151,0,0.0,319,4551,14600,0.05116979856996143
38,19189,0,0.0,320,4555,14634,0.050760152229677065
77,19266,0,0.0,321,4561,14705,0.05035458193858255
100,19366,0,0.0,322,4567,14799,0.049953047139310834
100,19466,0,0.0,323,4571,14895,0.04955550767804736
51,19517,0,0.0,324,4575,14942,0.04916192380051474
80,19597,0,0.0,325,4581,15016,0.0487722561479972
77,19674,0,0.0,326,4584,15090,0.04838646575340479
100,19774,0,0.0,327,4586,15188,0.04800451403737654
100,19874,0,0.0,328,4594,15280,0.04762636280442257
43,19917,0,0.0,329,4597,15320,0.04725197423910444
25,19942,0,0.0,330,4598,15344,0.04688131090225365
100,20042,0,0.0,331,4600,15442,0.046514335727227595
100,20142,0,0.0,332,4603,15539,0.046151012016203
100,20242,0,0.0,333,4609,15633,0.04579130343650595
100,20342,0,0.0,334,4615,15727,0.04543517401697875
100,20442,0,0.0,335,4619,15823,0.04508258814438266
100,20542,0,0.0,336,4625,15917,0.04473351055983658
100,20642,0,0.0,337,4631,16011,0.044387906355291176
60,20702,0,0.0,338,4636,16066,0.04404574097003798
100,20802,0,0.0,339,4642,16160,0.04370698018725335
100,20902,0,0.0,340,4647,16255,0.043371590130576676
100,21002,0,0.0,341,4650,16352,0.04303953726072282
28,21030,0,0.0,342,4651,16379,0.042710788372128064
100,21130,0,0.0,343,4653,16477,0.042385310589629625
100,21230,0,0.0,344,4654,16576,0.04206307136517797
60,21290,0,0.0,345,4659,16631,0.04174403847458216
100,21390,0,0.0,346,4664,16726,0.04142818001428726
100,21490,0,0.0,347,4665,16825,0.04111546439818403
100,21590,0,0.0,348,4669,16921,0.04080586035445025
100,21690,0,0.0,349,4670,17020,0.040499336922423565
100,21790,0,0.0,350,4674,17116,0.040195863449505306
36,21826,0,0.0,351,4675,17151,0.039895409588095315
42,21868,0,0.0,352,4677,17191,0.039597945292557044
100,21968,0,0.0,353,4680,17288,0.03930344081621308
100,22068,0,0.0,354,4683,17385,0.03901186670837034
40,22108,0,0.0,355,4684,17424,0.03872319381137508
100,22208,0,0.0,356,4686,17522,0.03843739325769703
60,22268,0,0.0,357,4689,17579,0.03815443646704266
59,22327,0,0.0,358,4691,17636,0.03787429514349709
100,22427,0,0.0,359,4695,17732,0.03759694127269454
26,22453,0,0.0,360,4699,17754,0.037322347119016795
100,22553,0,0.0,361,4708,17845,0.03705048522281963
32,22585,0,0.0,362,4710,17875,0.03678132839768691
28,22613,0,0.0,363,4711,17902,0.036514849727711796
100,22713,0,0.0,364,4715,17998,0.03625102256480524
37,22750,0,0.0,365,4717,18033,0.03598982052603108
100,22850,0,0.0,366,4719,18131,0.0357312174909678
100,22950,0,0.0,367,4722,18228,0.03547518759909634
90,23040,0,0.0,368,4726,18314,0.035221705247214206
100,23140,0,0.0,369,4727,18413,0.03497074508687494
100,23240,0,0.0,370,4729,18511,0.034722282021853394
60,23300,0,0.0,371,4732,18568,0.034476291205635994
100,23400,0,0.0,372,4737,18663,0.034232748038936146
100,23500,0,0.0,373,4737,18763,0.0339916281672342
100,23600,0,0.0,374,4738,18862,0.03375290747834208
100,23700,0,0.0,375,4738,18962,0.033516562099991945
28,23728,0,0.0,376,4739,18989,0.03328256839744902
77,23805,0,0.0,377,4744,19061,0.03305090297114803
100,23905,0,0.0,378,4748,19157,0.03282154265435332
20,23925,0,0.0,379,4751,19174,0.03259446451084204
33,23958,0,0.0,380,4753,19205,0.03236964583261064
39,23997,0,0.0,381,4756,19241,0.03214706413760394
100,24097,0,0.0,382,4758,19339,0.03192669716746694
100,24197,0,0.0,383,4762,19435,0.031708522885318995
100,24297,0,0.0,384,4767,19530,0.031492519473550085
100,24397,0,0.0,385,4772,19625,0.031278665331639026
100,24497,0,0.0,386,4775,19722,0.031066939073993396
100,24597,0,0.0,387,4780,19817,0.030857319527811018
100,24697,0,0.0,388,4782,19915,0.030649785730962574
60,24757,0,0.0,389,4783,19974,0.030444316929895437
100,24857,0,0.0,390,4786,20071,0.030240892577558277
100,24957,0,0.0,391,4787,20170,0.030039492331346347
100,25057,0,0.0,392,4792,20265,0.029840096051067175
100,25157,0,0.0,393,4795,20362,0.029642683796926583
100,25257,0,0.0,394,4798,20459,0.02944723582753464
100,25357,0,0.0,395,4800,20557,0.029253732597931535
100,25457,0,0.0,396,4804,20653,0.029062154757633053
100,25557,0,0.0,397,4806,20751,0.02887248314869552
100,25657,0,0.0,398,4810,20847,0.028684698803799973
100,25757,0,0.0,399,4812,20945,0.02849878294435545
100,25857,0,0.0,400,4816,21041,0.02831471697862105
100,25957,0,0.0,401,4818,21139,0.028132482499846838
100,26057,0,0.0,402,4820,21237,0.027952061284433068
100,26157,0,0.0,403,4822,21335,0.02777343529010782
100,26257,0,0.0,404,4823,21434,0.027596586654122846
100,26357,0,0.0,405,4827,21530,0.027421497691467157
100,26457,0,0.0,406,4828,21629,0.02724815089309858
100,26557,0,0.0,407,4830,21727,0.0270765289241928
100,26657,0,0.0,408,4831,21826,0.026906614622409945
100,26757,0,0.0,409,4833,21924,0.026738390996178224
100,26857,0,0.0,410,4834,22023,0.026571841222994823
100,26957,0,0.0,411,4835,22122,0.026406948647743643
100,27057,0,0.0,412,4836,22221,0.026243696781029717
40,27097,0,0.0,413,4838,22259,0.026082069297530375
100,27197,0,0.0,414,4844,22353,0.02592205003436255
100,27297,0,0.0,415,4850,22447,0.025763622989466578
100,27397,0,0.0,416,4853,22544,0.025606772320005942
100,27497,0,0.0,417,4854,22643,0.025451482340783003
100,27597,0,0.0,418,4856,22741,0.02529773752267042
100,27697,0,0.0,419,4859,22838,0.025145522491058264
53,27750,0,0.0,420,4861,22889,0.02499482202431651
100,27850,0,0.0,421,4865,22985,0.024845621052272927
100,27950,0,0.0,422,4866,23084,0.024697904654705963
100,28050,0,0.0,423,4866,23184,0.024551658059852766
100,28150,0,0.0,424,4869,23281,0.024406866642931964
100,28250,0,0.0,425,4871,23379,0.024263515924681227
100,28350,0,0.0,426,4876,23474,0.024121591569909263
100,28450,0,0.0,427,4878,23572,0.023981079386062323
100,28550,0,0.0,428,4881,23669,0.023841965321804916
100,28650,0,0.0,429,4882,23768,0.023704235465614704
100,28750,0,0.0,430,4883,23867,0.023567876044391298
76,28826,0,0.0,431,4886,23940,0.023432873422078924
100,28926,0,0.0,432,4890,24036,0.02329921409830285
100,29026,0,0.0,433,4890,24136,0.02316688470701933
100,29126,0,0.0,434,4892,24234,0.023035872015178954
100,29226,0,0.0,435,4893,24333,0.022906162921403357
100,29326,0,0.0,436,4897,24429,0.022777744454675064
100,29426,0,0.0,437,4899,24527,0.0226506037730404
100,29526,0,0.0,438,4903,24623,0.02252472816232525
100,29626,0,0.0,439,4904,24722,0.022400105034863643
100,29726,0,0.0,440,4907,24819,0.02227672192823897
48,29774,0,0.0,441,4908,24866,0.02215456650403775
100,29874,0,0.0,442,4909,24965,0.022033626546615788
100,29974,0,0.0,443,4912,25062,0.021913889961876536
100,30074,0,0.0,444,4914,25160,0.02179534477606175
100,30174,0,0.0,445,4915,25259,0.02167797913455405
100,30274,0,0.0,446,4915,25359,0.021561781300691488
100,30374,0,0.0,447,4921,25453,0.02144673965459385
100,30474,0,0.0,448,4922,25552,0.021332842692000656
100,30574,0,0.0,449,4925,25649,0.021220079023120713
100,30674,0,0.0,450,4926,25748,0.02110843737149319
100,30774,0,0.0,451,4929,25845,0.02099790657285988
100,30874,0,0.0,452,4929,25945,0.020888475574048812
100,30974,0,0.0,453,4933,26041,0.020780133431868894
48,31022,0,0.0,454,4934,26088,0.020672869312015653
100,31122,0,0.0,455,4937,26185,0.020566672487987697
100,31222,0,0.0,456,4940,26282,0.02046153234001413
100,31322,0,0.0,457,4943,26379,0.02035743835399253
100,31422,0,0.0,458,4944,26478,0.020254380120437558
100,31522,0,0.0,459,4945,26577,0.02015234733343998
100,31622,0,0.0,460,4949,26673,0.020051329789636065
100,31722,0,0.0,461,4953,26769,0.01995131738718724
100,31822,0,0.0,462,4957,26865,0.019852300124769934
100,31922,0,0.0,463,4958,26964,0.019754268100575387
100,32022,0,0.0,464,4958,27064,0.019657211511319474
100,32122,0,0.0,465,4960,27162,0.0195611206512624
100,32222,0,0.0,466,4960,27262,0.01946598591123807
100,32322,0,0.0,467,4963,27359,0.01937179777769322
100,32422,0,0.0,468,4964,27458,0.019278546831735997
100,32522,0,0.0,469,4967,27555,0.019186223748194096
100,32622,0,0.0,470,4968,27654,0.01909481929468222
100,32722,0,0.0,471,4969,27753,0.019004324330678855
100,32822,0,0.0,472,4970,27852,0.018914729806612192
100,32922,0,0.0,473,4972,27950,0.01882602676295516
100,33022,0,0.0,474,4977,28045,0.018738206329329453
100,33122,0,0.0,475,4978,28144,0.018651259723618557
100,33222,0,0.0,476,4979,28243,0.01856517825108943
100,33322,0,0.0,477,4979,28343,0.018479953303523082
85,33407,0,0.0,478,4982,28425,0.018395576358353725
100,33507,0,0.0,479,4984,28523,0.018312038977816556
100,33607,0,0.0,480,4985,28622,0.018229332808103887
100,33707,0,0.0,481,4987,28720,0.01814744957852983
100,33807,0,0.0,482,4987,28820,0.01806638110070318
100,33907,0,0.0,483,4987,28920,0.01798611926770862
100,34007,0,0.0,484,4989,29018,0.017906656053295947
100,34107,0,0.0,485,4990,29117,0.017827983511077505
100,34207,0,0.0,486,4990,29217,0.01775009377373351
53,34260,0,0.0,487,4991,29269,0.017672979052225327
100,34360,0,0.0,488,4991,29369,0.017596631635016534
100,34460,0,0.0,489,4991,29469,0.01752104388730179
100,34560,0,0.0,490,4993,29567,0.017446208250243338
100,34660,0,0.0,491,4996,29664,0.017372117240215094
100,34760,0,0.0,492,4997,29763,0.01729876344805433
100,34860,0,0.0,493,4998,29862,0.0172261395383207
27,34887,0,0.0,494,5000,29887,0.017154238248562697
100,34987,0,0.0,495,5003,29984,0.017083052388591435
100,35087,0,0.0,496,5004,30083,0.017012574839761596
100,35187,0,0.0,497,5005,30182,0.01694279855425957
100,35287,0,0.0,498,5006,30281,0.016873716554398652
100,35387,0,0.0,499,5009,30378,0.016805321931921288
100,35487,0,0.0,500,5010,30477,0.01673760784730824
100,35587,0,0.0,501,5011,30576,0.016670567529094613
100,35687,0,0.0,502,5011,30676,0.01660419427319272
100,35787,0,0.0,503,5011,30776,0.016538481442221656
100,35887,0,0.0,504,5014,30873,0.016473422464843575
100,35987,0,0.0,505,5015,30972,0.01640901083510651
100,36087,0,0.0,506,5016,31071,0.01634524011179382
100,36187,0,0.0,507,5020,31167,0.016282103917780018
100,36287,0,0.0,508,5021,31266,0.01621959593939311
100,36387,0,0.0,509,5026,31361,0.016157709925783147
100,36487,0,0.0,510,5029,31458,0.016096439688297208
100,36587,0,0.0,511,5033,31554,0.016035779099860478
100,36687,0,0.0,512,5035,31652,0.01597572209436357
100,36787,0,0.0,513,5037,31750,0.015916262666055885
100,36887,0,0.0,514,5038,31849,0.015857394868945038
100,36987,0,0.0,515,5040,31947,0.015799112816202266
100,37087,0,0.0,516,5042,32045,0.01574141067957372
100,37187,0,0.0,517,5043,32144,0.01568428268879766
100,37287,0,0.0,518,5045,32242,0.0156277231310274
100,37387,0,0.0,519,5045,32342,0.015571726350260025
100,37487,0,0.0,520,5047,32440,0.015516286746770792
100,37587,0,0.0,521,5049,32538,0.015461398776553163
100,37687,0,0.0,522,5051,32636,0.015407056950764372
100,37787,0,0.0,523,5052,32735,0.01535325583517655
100,37887,0,0.0,524,5055,32832,0.015299990049633304
100,37987,0,0.0,525,5056,32931,0.015247254267511699
100,38087,0,0.0,526,5058,33029,0.015195043215189571
100,38187,0,0.0,527,5059,33128,0.015143351671518179
100,38287,0,0.0,528,5059,33228,0.015092174467300075
86,38373,0,0.0,529,5063,33310,0.015041506484772198
100,38473,0,0.0,530,5063,33410,0.01499134265709407
100,38573,0,0.0,531,5065,33508,0.014941677967841115
100,38673,0,0.0,532,5066,33607,0.01489250745050302
100,38773,0,0.0,533,5071,33702,0.014843826187987082
100,38873,0,0.0,534,5074,33799,0.014795629312126479
100,38973,0,0.0,535,5074,33899,0.014747912003193458
100,39073,0,0.0,536,5076,33997,0.014700669489417359
34,39107,0,0.0,537,5077,34030,0.014653897046507443
100,39207,0,0.0,538,5079,34128,0.01460758999718044
100,39307,0,0.0,539,5080,34227,0.014561743710692824
100,39407,0,0.0,540,5082,34325,0.014516353602377746
100,39507,0,0.0,541,5084,34423,0.01447141513318654
100,39607,0,0.0,542,5085,34522,0.014426923809234849
28,39635,0,0.0,543,5086,34549,0.014382875181353196
100,39735,0,0.0,544,5087,34648,0.01433926484464209
100,39835,0,0.0,545,5089,34746,0.014296088438031505
100,39935,0,0.0,546,5089,34846,0.014253341643844817
100,40035,0,0.0,547,5090,34945,0.014211020187366974
100,40135,0,0.0,548,5092,35043,0.014169119836417065
100,40235,0,0.0,549,5093,35142,0.01412763640092507
100,40335,0,0.0,550,5094,35241,0.014086565732512882
100,40435,0,0.0,551,5095,35340,0.014045903724079427
100,40535,0,0.0,552,5096,35439,0.014005646309389977
35,40570,0,0.0,553,5097,35473,0.013965789462669513
100,40670,0,0.0,554,5097,35573,0.013926329198200155
100,40770,0,0.0,555,5097,35673,0.013887261569922569
100,40870,0,0.0,556,5098,35772,0.01384858267104137
100,40970,0,0.0,557,5099,35871,0.013810288633634434
100,41070,0,0.0,558,5101,35969,0.013772375628266116
100,41170,0,0.0,559,5102,36068,0.013734839863604284
100,41270,0,0.0,560,5104,36166,0.013697677586041186
100,41370,0,0.0,561,5107,36263,0.0136608850793181
100,41470,0,0.0,562,5108,36362,0.013624458664153696
100,41570,0,0.0,563,5109,36461,0.013588394697876097
100,41670,0,0.0,564,5111,36559,0.013552689574058628
100,41770,0,0.0,565,5112,36658,0.013517339722159148
100,41870,0,0.0,566,5113,36757,0.013482341607163007
100,41970,0,0.0,567,5113,36857,0.013447691729229546
100,42070,0,0.0,568,5114,36956,0.013413386623342096
100,42170,0,0.0,569,5118,37052,0.013379422858961477
100,42270,0,0.0,570,5119,37151,0.013345797039682946
100,42370,0,0.0,571,5120,37250,0.01331250580289656
100,42470,0,0.0,572,5121,37349,0.013279545819450893
100,42570,0,0.0,573,5123,37447,0.013246913793320138
100,42670,0,0.0,574,5124,37546,0.01321460646127448
100,42770,0,0.0,575,5126,37644,0.013182620592553802
100,42870,0,0.0,576,5127,37743,0.01315095298854457
100,42970,0,0.0,577,5127,37843,0.013119600482459998
100,43070,0,0.0,578,5127,37943,0.013088559939023343
100,43170,0,0.0,579,5127,38043,0.013057828254154401
100,43270,0,0.0,580,5129,38141,0.013027402354659073
57,43327,0,0.0,581,5132,38195,0.012997279197922058
100,43427,0,0.0,582,5132,38295,0.012967455771602571
100,43527,0,0.0,583,5132,38395,0.012937929093333135
39,43566,0,0.0,584,5133,38433,0.012908696210421315
100,43666,0,0.0,585,5135,38531,0.012879754199554458
100,43766,0,0.0,586,5136,38630,0.012851100166507357
100,43866,0,0.0,587,5137,38729,0.012822731245852837
100,43966,0,0.0,588,5138,38828,0.012794644600675184
100,44066,0,0.0,589,5141,38925,0.012766837422286476
100,44166,0,0.0,590,5141,39025,0.012739306929945703
100,44266,0,0.0,591,5143,39123,0.012712050370580685
100,44366,0,0.0,592,5143,39223,0.012685065018512777
40,44406,0,0.0,593,5145,39261,0.012658348175184284
100,44506,0,0.0,594,5146,39360,0.012631897168888604
100,44606,0,0.0,595,5146,39460,0.012605709354503067
100,44706,0,0.0,596,5146,39560,0.012579782113224414
36,44742,0,0.0,597,5147,39595,0.012554112852306908
100,44842,0,0.0,598,5149,39693,0.012528699004803068
53,44895,0,0.0,599,5150,39745,0.012503538029306963
100,44995,0,0.0,600,5151,39844,0.012478627409700078
100,45095,0,0.0,601,5153,39942,0.012453964654899695
100,45195,0,0.0,602,5153,40042,0.012429547298609778
100,45295,0,0.0,603,5155,40140,0.01240537289907435
100,45395,0,0.0,604,5156,40239,0.012381439038833314
100,45495,0,0.0,605,5159,40336,0.012357743324480702
100,45595,0,0.0,606,5160,40435,0.01233428338642533
100,45695,0,0.0,607,5161,40534,0.012311056878653841
100,45795,0,0.0,608,5161,40634,0.012288061478496108
100,45895,0,0.0,609,5163,40732,0.012265294886392948
100,45995,0,0.0,610,5164,40831,0.01224275482566618
100,46095,0,0.0,611,5164,40931,0.012220439042290943
100,46195,0,0.0,612,5165,41030,0.012198345304670311
100,46295,0,0.0,613,5166,41129,0.012176471403412107
100,46395,0,0.0,614,5167,41228,0.012154815151107974
100,46495,0,0.0,615,5167,41328,0.012133374382114637
100,46595,0,0.0,616,5168,41427,0.012112146952337331
100,46695,0,0.0,617,5169,41526,0.012091130739015387
100,46795,0,0.0,618,5169,41626,0.012070323640509958
100,46895,0,0.0,619,5170,41725,0.012049723576093858
100,46995,0,0.0,620,5170,41825,0.012029328485743472
48,47043,0,0.0,621,5171,41872,0.012009136329932777
100,47143,0,0.0,622,5171,41972,0.01198914508942936
100,47243,0,0.0,623,5172,42071,0.011969352765092513
100,47343,0,0.0,624,5173,42170,0.011949757377673304
100,47443,0,0.0,625,5174,42269,0.01193035696761667
27,47470,0,0.0,626,5175,42295,0.011911149594865432
100,47570,0,0.0,627,5176,42394,0.011892133338666311
100,47670,0,0.0,628,5177,42493,0.01187330629737784
100,47770,0,0.0,629,5177,42593,0.011854666588280199
100,47870,0,0.0,630,5180,42690,0.011836212347386948
100,47970,0,0.0,631,5182,42788,0.011817941729258619
100,48070,0,0.0,632,5183,42887,0.011799852906818169
100,48170,0,0.0,633,5185,42985,0.011781944071168286
100,48270,0,0.0,634,5186,43084,0.011764213431410478
100,48370,0,0.0,635,5186,43184,0.011746659214465993
100,48470,0,0.0,636,5188,43282,0.011729279664898506
100,48570,0,0.0,637,5189,43381,0.011712073044738584
100,48670,0,0.0,638,5191,43479,0.011695037633309868
100,48770,0,0.0,639,5192,43578,0.011678171727057018
100,48870,0,0.0,640,5193,43677,0.011661473639375353
100,48970,0,0.0,641,5194,43776,0.011644941700442194
100,49070,0,0.0,642,5195,43875,0.011628574257049868
100,49170,0,0.0,643,5196,43974,0.011612369672440398
100,49270,0,0.0,644,5196,44074,0.011596326326141817
100,49370,0,0.0,645,5196,44174,0.011580442613806126
100,49470,0,0.0,646,5197,44273,0.011564716947048855
100,49570,0,0.0,647,5199,44371,0.011549147753290225
100,49670,0,0.0,648,5200,44470,0.011533733475597885
100,49770,0,0.0,649,5200,44570,0.011518472572531219
100,49870,0,0.0,650,5204,44666,0.011503363517987204
100,49970,0,0.0,651,5205,44765,0.011488404801047796
100,50070,0,0.0,652,5205,44865,0.011473594925828836
100,50170,0,0.0,653,5206,44964,0.011458932411330456
100,50270,0,0.0,654,5206,45064,0.01144441579128899
100,50370,0,0.0,655,5206,45164,0.011430043614030338
100,50470,0,0.0,656,5207,45263,0.011415814442324796
100,50570,0,0.0,657,5208,45362,0.011401726853243335
100,50670,0,0.0,658,5210,45460,0.011387779438015309
100,50770,0,0.0,659,5211,45559,0.011373970801887569
100,50870,0,0.0,660,5214,45656,0.011360299563985
100,50970,0,0.0,661,5218,45752,0.011346764357172414
100,51070,0,0.0,662,5218,45852,0.011333363827917855
100,51170,0,0.0,663,5219,45951,0.011320096636157226
100,51270,0,0.0,664,5220,46050,0.011306961455160297
100,51370,0,0.0,665,5220,46150,0.011293956971398022
100,51470,0,0.0,666,5222,46248,0.01128108188441119
100,51570,0,0.0,667,5223,46347,0.01126833490668037
100,51670,0,0.0,668,5224,46446,0.011255714763497167
100,51770,0,0.0,669,5225,46545,0.011243220192836747
100,51870,0,0.0,670,5225,46645,0.011230849945231628
100,51970,0,0.0,671,5228,46742,0.011218602783646746
100,52070,0,0.0,672,5229,46841,0.011206477483355735
100,52170,0,0.0,673,5231,46939,0.01119447283181846
100,52270,0,0.0,674,5231,47039,0.011182587628559764
100,52370,0,0.0,675,5231,47139,0.011170820685049418
100,52470,0,0.0,676,5231,47239,0.011159170824583262
100,52570,0,0.0,677,5231,47339,0.011147636882165546
100,52670,0,0.0,678,5232,47438,0.011136217704392411
83,52753,0,0.0,679,5235,47518,0.011124912149336568
100,52853,0,0.0,680,5235,47618,0.01111371908643309
100,52953,0,0.0,681,5236,47717,0.011102637396366355
100,53053,0,0.0,682,5236,47817,0.011091665970958125
100,53153,0,0.0,683,5236,47917,0.011080803713056716
100,53253,0,0.0,684,5236,48017,0.011070049536427285
85,53338,0,0.0,685,5238,48100,0.011059402365643208
100,53438,0,0.0,686,5240,48198,0.011048861135978534
100,53538,0,0.0,687,5241,48297,0.011038424793301511
100,53638,0,0.0,688,5241,48397,0.011028092293969175
100,53738,0,0.0,689,5242,48496,0.011017862604722983
100,53838,0,0.0,690,5244,48594,0.011007734702585483
100,53938,0,0.0,691,5245,48693,0.010997707574758025
100,54038,0,0.0,692,5245,48793,0.010987780218519469
100,54138,0,0.0,693,5245,48893,0.010977951641125918
100,54238,0,0.0,694,5246,48992,0.010968220859711442
100,54338,0,0.0,695,5247,49091,0.010958586901189789
100,54438,0,0.0,696,5248,49190,0.01094904880215708
100,54538,0,0.0,697,5248,49290,0.010939605608795464
100,54638,0,0.0,698,5248,49390,0.010930256376777735
100,54738,0,0.0,699,5250,49488,0.010921000171172899
49,54787,0,0.0,700,5251,49536,0.010911836066352685
100,54887,0,0.0,701,5253,49634,0.010902763145898971
100,54987,0,0.0,702,5256,49731,0.010893780502512152
100,55087,0,0.0,703,5256,49831,0.010884887237920403
100,55187,0,0.0,704,5257,49930,0.010876082462789857
100,55287,0,0.0,705,5258,50029,0.010867365296635659
25,55312,0,0.0,706,5259,50053,0.010858734867733933
26,55338,0,0.0,707,5261,50077,0.010850190313034594
100,55438,0,0.0,708,5261,50177,0.010841730778075053
100,55538,0,0.0,709,5261,50277,0.010833355416894765
100,55638,0,0.0,710,5263,50375,0.01082506339195063
100,55738,0,0.0,711,5266,50472,0.010816853874033245
100,55838,0,0.0,712,5268,50570,0.010808726042183978
100,55938,0,0.0,713,5269,50669,0.01080067908361287
100,56038,0,0.0,714,5270,50768,0.01079271219361736
100,56138,0,0.0,715,5270,50868,0.010784824575501804
100,56238,0,0.0,716,5272,50966,0.010777015440497823
100,56338,0,0.0,717,5273,51065,0.010769284007685407
100,56438,0,0.0,718,5275,51163,0.01076162950391483
100,56538,0,0.0,719,5278,51260,0.01075405116372934
100,56638,0,0.0,720,5278,51360,0.010746548229288598
100,56738,0,0.0,721,5280,51458,0.010739119950292912
100,56838,0,0.0,722,5280,51558,0.010731765583908192
100,56938,0,0.0,723,5280,51658,0.010724484394691668
100,57038,0,0.0,724,5280,51758,0.010717275654518353
100,57138,0,0.0,725,5280,51858,0.010710138642508221
100,57238,0,0.0,726,5281,51957,0.010703072644954124
100,57338,0,0.0,727,5282,52056,0.010696076955250418
60,57398,0,0.0,728,5284,52114,0.010689150873822304
100,57498,0,0.0,729,5284,52214,0.010682293708055865
100,57598,0,0.0,730,5285,52313,0.010675504772228813
100,57698,0,0.0,731,5288,52410,0.010668783387441906
100,57798,0,0.0,732,5288,52510,0.010662128881551065
100,57898,0,0.0,733,5290,52608,0.010655540589100154
76,57974,0,0.0,734,5291,52683,0.010649017851254439
100,58074,0,0.0,735,5292,52782,0.0106425600157347
80,58154,0,0.0,736,5294,52860,0.010636166436752002
32,58186,0,0.0,737,5295,52891,0.01062983647494312
100,58286,0,0.0,738,5295,52991,0.010623569497306598
100,58386,0,0.0,739,5297,53089,0.01061736487713945
100,58486,0,0.0,740,5297,53189,0.010611221993974488
100,58586,0,0.0,741,5298,53288,0.010605140233518277
100,58686,0,0.0,742,5301,53385,0.010599118987589702
100,58786,0,0.0,743,5303,53483,0.010593157654059155
100,58886,0,0.0,744,5303,53583,0.010587255636788313
100,58986,0,0.0,745,5304,53682,0.01058141234557053
100,59086,0,0.0,746,5304,53782,0.01057562719607182
100,59186,0,0.0,747,5304,53882,0.010569899609772403
100,59286,0,0.0,748,5306,53980,0.010564229013908884
100,59386,0,0.0,749,5307,54079,0.010558614841416947
100,59486,0,0.0,750,5307,54179,0.010553056530874667
100,59586,0,0.0,751,5309,54277,0.010547553526446355
100,59686,0,0.0,752,5310,54376,0.010542105277826985
100,59786,0,0.0,753,5311,54475,0.010536711240187152
100,59886,0,0.0,754,5313,54573,0.0105313708741186
100,59986,0,0.0,755,5313,54673,0.01052608364558027
33,60019,0,0.0,756,5315,54704,0.010520849025844903
47,60066,0,0.0,757,5317,54749,0.010515666491446161
100,60166,0,0.0,758,5322,54844,0.01051053552412629
100,60266,0,0.0,759,5323,54943,0.010505455610784278
100,60366,0,0.0,760,5324,55042,0.010500426243424558
48,60414,0,0.0,761,5326,55088,0.010495446919106205
100,60514,0,0.0,762,5328,55186,0.010490517139892635
100,60614,0,0.0,763,5328,55286,0.010485636412801822
100,60714,0,0.0,764,5328,55386,0.010480804249756986
100,60814,0,0.0,765,5329,55485,0.010476020167537797
100,60914,0,0.0,766,5330,55584,0.010471283687732046
100,61014,0,0.0,767,5331,55683,0.010466594336687809
100,61114,0,0.0,768,5331,55783,0.010461951645466068
100,61214,0,0.0,769,5332,55882,0.010457355149793835
100,61314,0,0.0,770,5335,55979,0.010452804390017712
80,61394,0,0.0,771,5337,56057,0.010448298911057929
100,61494,0,0.0,772,5337,56157,0.010443838262362837
100,61594,0,0.0,773,5337,56257,0.010439421997863846
100,61694,0,0.0,774,5338,56356,0.010435049675930827
100,61794,0,0.0,775,5341,56453,0.010430720859327945
100,61894,0,0.0,776,5342,56552,0.01042643511516993
100,61994,0,0.0,777,5343,56651,0.010422192014878798
100,62094,0,0.0,778,5343,56751,0.01041799113414098
100,62194,0,0.0,779,5345,56849,0.010413832052864903
100,62294,0,0.0,780,5346,56948,0.010409714355138974
100,62394,0,0.0,781,5346,57048,0.010405637629189989
100,62494,0,0.0,782,5348,57146,0.010401601467341955
100,62594,0,0.0,783,5348,57246,0.010397605465975325
100,62694,0,0.0,784,5349,57345,0.01039364922548663
100,62794,0,0.0,785,5350,57444,0.010389732350248527
100,62894,0,0.0,786,5350,57544,0.010385854448570228
100,62994,0,0.0,787,5352,57642,0.01038201513265833
100,63094,0,0.0,788,5352,57742,0.010378214018578047
100,63194,0,0.0,789,5352,57842,0.0103744507262148
100,63294,0,0.0,790,5354,57940,0.010370724879236218
100,63394,0,0.0,791,5357,58037,0.010367036105054498
100,63494,0,0.0,792,5357,58137,0.010363384034789147
100,63594,0,0.0,793,5359,58235,0.010359768303230097
100,63694,0,0.0,794,5359,58335,0.010356188548801179
100,63794,0,0.0,795,5363,58431,0.010352644413523964
100,63894,0,0.0,796,5363,58531,0.010349135542981974
100,63994,0,0.0,797,5364,58630,0.010345661586285228
100,64094,0,0.0,798,5364,58730,0.010342222196035164
59,64153,0,0.0,799,5366,58787,0.01033881702828989
100,64253,0,0.0,800,5366,58887,0.010335445742529792
100,64353,0,0.0,801,5367,58986,0.010332108001623487
100,64453,0,0.0,802,5371,59082,0.010328803471794101
100,64553,0,0.0,803,5371,59182,0.0103255318225859
100,64653,0,0.0,804,5374,59279,0.010322292726831234
100,64753,0,0.0,805,5374,59379,0.01031908586061783
100,64853,0,0.0,806,5375,59478,0.010315910903256391
100,64953,0,0.0,807,5375,59578,0.01031276753724854
100,65053,0,0.0,808,5376,59677,0.010309655448255054
100,65153,0,0.0,809,5376,59777,0.01030657432506444
100,65253,0,0.0,810,5376,59877,0.010303523859561813
100,65353,0,0.0,811,5377,59976,0.01030050374669808
100,65453,0,0.0,812,5377,60076,0.010297513684459435
100,65553,0,0.0,813,5379,60174,0.010294553373837166
52,65605,0,0.0,814,5380,60225,0.010291622518797741
100,65705,0,0.0,815,5384,60321,0.010288720826253218
100,65805,0,0.0,816,5386,60419,0.010285848006031922
100,65905,0,0.0,817,5388,60517,0.010283003770849435
100,66005,0,0.0,818,5388,60617,0.010280187836279871
100,66105,0,0.0,819,5391,60714,0.010277399920727424
100,66205,0,0.0,820,5391,60814,0.01027463974539822
100,66305,0,0.0,821,5392,60913,0.010271907034272422
100,66405,0,0.0,822,5393,61012,0.01026920151407664
100,66505,0,0.0,823,5393,61112,0.010266522914256601
100,66605,0,0.0,824,5394,61211,0.010263870966950093
100,66705,0,0.0,825,5396,61309,0.01026124540696017
76,66781,0,0.0,826,5398,61383,0.010258645971728651
100,66881,0,0.0,827,5398,61483,0.010256072401309843
100,66981,0,0.0,828,5399,61582,0.01025352443834456
100,67081,0,0.0,829,5400,61681,0.010251001828034383
100,67181,0,0.0,830,5401,61780,0.010248504318116178
100,67281,0,0.0,831,5402,61879,0.010246031658836873
100,67381,0,0.0,832,5403,61978,0.010243583602928479
100,67481,0,0.0,833,5403,62078,0.010241159905583363
100,67581,0,0.0,834,5406,62175,0.010238760324429774
100,67681,0,0.0,835,5406,62275,0.010236384619507594
100,67781,0,0.0,836,5408,62373,0.010234032553244354
100,67881,0,0.0,837,5409,62472,0.010231703890431466
100,67981,0,0.0,838,5409,62572,0.01022939839820071
100,68081,0,0.0,839,5412,62669,0.010227115846000938
100,68181,0,0.0,840,5413,62768,0.01022485600557503
100,68281,0,0.0,841,5415,62866,0.01022261865093706
100,68381,0,0.0,842,5416,62965,0.010220403558349701
25,68406,0,0.0,843,5417,62989,0.010218210506301846
100,68506,0,0.0,844,5419,63087,0.010216039275486465
100,68606,0,0.0,845,5419,63187,0.010213889648778665
100,68706,0,0.0,846,5419,63287,0.010211761411213984
100,68806,0,0.0,847,5419,63387,0.010209654349966894
100,68906,0,0.0,848,5419,63487,0.010207568254329514
100,69006,0,0.0,849,5420,63586,0.01020550291569054
100,69106,0,0.0,850,5420,63686,0.010203458127514388
100,69206,0,0.0,851,5421,63785,0.010201433685320538
100,69306,0,0.0,852,5422,63884,0.010199429386663081
100,69406,0,0.0,853,5424,63982,0.010197445031110482
100,69506,0,0.0,854,5424,64082,0.010195480420225531
100,69606,0,0.0,855,5428,64178,0.010193535357545505
100,69706,0,0.0,856,5429,64277,0.010191609648562514
100,69806,0,0.0,857,5429,64377,0.010189703100704052
100,69906,0,0.0,858,5432,64474,0.01018781552331375
100,70006,0,0.0,859,5432,64574,0.01018594672763229
100,70106,0,0.0,860,5433,64673,0.010184096526778551
100,70206,0,0.0,861,5433,64773,0.010182264735730903
100,70306,0,0.0,862,5434,64872,0.010180451171308717
100,70406,0,0.0,863,5435,64971,0.010178655652154037
100,70506,0,0.0,864,5436,65070,0.010176877998713455
100,70606,0,0.0,865,5438,65168,0.01017511803322014
100,70706,0,0.0,866,5439,65267,0.010173375579676082
100,70806,0,0.0,867,5440,65366,0.01017165046383447
100,70906,0,0.0,868,5442,65464,0.010169942513182286
77,70983,0,0.0,869,5443,65540,0.010168251556923037
100,71083,0,0.0,870,5443,65640,0.010166577425959692
76,71159,0,0.0,871,5444,65715,0.010164919952877757
100,71259,0,0.0,872,5445,65814,0.010163278971928544
100,71359,0,0.0,873,5446,65913,0.01016165431901259
100,71459,0,0.0,874,5446,66013,0.01016004583166325
100,71559,0,0.0,875,5447,66112,0.010158453349030448
100,71659,0,0.0,876,5448,66211,0.010156876711864594
100,71759,0,0.0,877,5450,66309,0.010155315762500658
100,71859,0,0.0,878,5452,66407,0.0101537703448424
100,71959,0,0.0,879,5453,66506,0.010152240304346772
53,72012,0,0.0,880,5454,66558,0.010150725488008444
100,72112,0,0.0,881,5455,66657,0.010149225744344521
100,72212,0,0.0,882,5456,66756,0.01014774092337939
100,72312,0,0.0,883,5457,66855,0.010146270876629714
100,72412,0,0.0,884,5459,66953,0.010144815457089593
100,72512,0,0.0,885,5464,67048,0.010143374519215861
100,72612,0,0.0,886,5466,67146,0.01014194791891353
100,72712,0,0.0,887,5467,67245,0.01014053551352138
100,72812,0,0.0,888,5467,67345,0.010139137161797698
100,72912,0,0.0,889,5467,67445,0.010137752723906142
100,73012,0,0.0,890,5467,67545,0.01013638206140177
100,73112,0,0.0,891,5467,67645,0.010135025037217192
100,73212,0,0.0,892,5467,67745,0.010133681515648855
100,73312,0,0.0,893,5469,67843,0.010132351362343486
100,73412,0,0.0,894,5470,67942,0.010131034444284644
100,73512,0,0.0,895,5471,68041,0.010129730629779427
100,73612,0,0.0,896,5471,68141,0.010128439788445296
100,73712,0,0.0,897,5471,68241,0.010127161791197044
100,73812,0,0.0,898,5472,68340,0.01012589651023388
100,73912,0,0.0,899,5472,68440,0.010124643819026653
100,74012,0,0.0,900,5473,68539,0.0101234035923052
100,74112,0,0.0,901,5474,68638,0.010122175706045813
100,74212,0,0.0,902,5475,68737,0.010120960037458845
52,74264,0,0.0,903,5476,68788,0.010119756464976423
32,74296,0,0.0,904,5477,68819,0.010118564868240294
100,74396,0,0.0,905,5479,68917,0.010117385128089795
100,74496,0,0.0,906,5481,69015,0.010116217126549927
100,74596,0,0.0,907,5484,69112,0.010115060746819561
100,74696,0,0.0,908,5484,69212,0.010113915873259762
32,74728,0,0.0,909,5485,69243,0.010112782391382219
100,74828,0,0.0,910,5485,69343,0.010111660187837799
100,74928,0,0.0,911,5487,69441,0.010110549150405214
100,75028,0,0.0,912,5488,69540,0.010109449167979795
100,75128,0,0.0,913,5489,69639,0.010108360130562379
100,75228,0,0.0,914,5490,69738,0.010107281929248322
100,75328,0,0.0,915,5492,69836,0.010106214456216591
100,75428,0,0.0,916,5493,69935,0.010105157604718994
100,75528,0,0.0,917,5494,70034,0.010104111269069502
100,75628,0,0.0,918,5494,70134,0.010103075344633675
100,75728,0,0.0,919,5494,70234,0.010102049727818207
100,75828,0,0.0,920,5495,70333,0.010101034316060565
100,75928,0,0.0,921,5496,70432,0.010100029007818723
100,76028,0,0.0,922,5498,70530,0.01009903370256102
100,76128,0,0.0,923,5499,70629,0.010098048300756102
100,76228,0,0.0,924,5502,70726,0.010097072703862968
100,76328,0,0.0,925,5502,70826,0.010096106814321115
100,76428,0,0.0,926,5502,70926,0.01009515053554078
100,76528,0,0.0,927,5503,71025,0.010094203771893295
100,76628,0,0.0,928,5505,71123,0.010093266428701501
100,76728,0,0.0,929,5506,71222,0.0100923384122303
100,76828,0,0.0,930,5506,71322,0.01009141962967727
100,76928,0,0.0,931,5506,71422,0.010090509989163391
32,76960,0,0.0,932,5508,71452,0.010089609399723856
100,77060,0,0.0,933,5508,71552,0.010088717771298966
100,77160,0,0.0,934,5509,71651,0.010087835014725138
100,77260,0,0.0,935,5510,71750,0.010086961041725979
100,77360,0,0.0,936,5511,71849,0.01008609576490346
100,77460,0,0.0,937,5512,71948,0.010085239097729176
100,77560,0,0.0,938,5514,72046,0.0100843909545357
100,77660,0,0.0,939,5515,72145,0.010083551250508005
100,77760,0,0.0,940,5515,72245,0.010082719901674985
100,77860,0,0.0,941,5517,72343,0.010081896824901066
100,77960,0,0.0,942,5518,72442,0.010081081937877885
100,78060,0,0.0,943,5518,72542,0.01008027515911606
100,78160,0,0.0,944,5518,72642,0.010079476407937044
100,78260,0,0.0,945,5518,72742,0.010078685604465051
100,78360,0,0.0,946,5518,72842,0.010077902669619077
100,78460,0,0.0,947,5519,72941,0.010077127525104984
100,78560,0,0.0,948,5519,73041,0.010076360093407673
100,78660,0,0.0,949,5519,73141,0.010075600297783338
100,78760,0,0.0,950,5519,73241,0.010074848062251781
100,78860,0,0.0,951,5520,73340,0.010074103311588823
38,78898,0,0.0,952,5522,73376,0.010073365971318778
100,78998,0,0.0,953,5522,73476,0.010072635967707003
100,79098,0,0.0,954,5522,73576,0.010071913227752527
100,79198,0,0.0,955,5523,73675,0.010071197679180756
100,79298,0,0.0,956,5523,73775,0.010070489250436234
100,79398,0,0.0,957,5523,73875,0.010069787870675497
100,79498,0,0.0,958,5524,73974,0.010069093469759984
100,79598,0,0.0,959,5525,74073,0.010068405978249026
100,79698,0,0.0,960,5526,74172,0.010067725327392897
37,79735,0,0.0,961,5527,74208,0.010067051449125945
100,79835,0,0.0,962,5528,74307,0.010066384276059784
100,79935,0,0.0,963,5528,74407,0.010065723741476547
100,80035,0,0.0,964,5528,74507,0.01006506977932223
100,80135,0,0.0,965,5529,74606,0.010064422324200068
100,80235,0,0.0,966,5530,74705,0.010063781311364012
59,80294,0,0.0,967,5532,74762,0.010063146676712244
100,80394,0,0.0,968,5533,74861,0.01006251835678077
25,80419,0,0.0,969,5534,74885,0.010061896288737071
100,80519,0,0.0,970,5535,74984,0.01006128041037383
100,80619,0,0.0,971,5536,75083,0.01006067066010269
100,80719,0,0.0,972,5538,75181,0.01006006697694812
100,80819,0,0.0,973,5538,75281,0.010059469300541302
100,80919,0,0.0,974,5539,75380,0.010058877571114096
100,81019,0,0.0,975,5542,75477,0.010058291729493065
100,81119,0,0.0,976,5544,75575,0.01005771171709356
100,81219,0,0.0,977,5546,75673,0.010057137475913858
100,81319,0,0.0,978,5547,75772,0.010056568948529363
100,81419,0,0.0,979,5547,75872,0.010056006078086861
100,81519,0,0.0,980,5549,75970,0.01005544880829884
100,81619,0,0.0,981,5549,76070,0.010054897083437856
36,81655,0,0.0,982,5551,76104,0.010054350848330963
100,81755,0,0.0,983,5551,76204,0.010053810048354195
100,81855,0,0.0,984,5552,76303,0.010053274629427107
100,81955,0,0.0,985,5552,76403,0.010052744538007355
100,82055,0,0.0,986,5552,76503,0.01005221972108536
100,82155,0,0.0,987,5553,76602,0.010051700126178988
100,82255,0,0.0,988,5553,76702,0.010051185701328317
100,82355,0,0.0,989,5554,76801,0.010050676395090436
100,82455,0,0.0,990,5554,76901,0.010050172156534292
100,82555,0,0.0,991,5554,77001,0.010049672935235614
100,82655,0,0.0,992,5555,77100,0.010049178681271852
100,82755,0,0.0,993,5557,77198,0.010048689345217202
43,82798,0,0.0,994,5559,77239,0.010048204878137646
100,82898,0,0.0,995,5561,77337,0.010047725231586075
100,82998,0,0.0,996,5561,77437,0.010047250357597435
100,83098,0,0.0,997,5561,77537,0.010046780208683928
100,83198,0,0.0,998,5562,77636,0.010046314737830275
100,83298,0,0.0,999,5562,77736,0.010045853898488999
100,83398,0,0.0,1000,5563,77835,0.010045397644575786
100,83498,0,0.0,1001,5564,77934,0.010044945930464861
100,83598,0,0.0,1002,5564,78034,0.010044498710984437
100,83698,0,0.0,1003,5564,78134,0.010044055941412194
100,83798,0,0.0,1004,5566,78232,0.010043617577470805
100,83898,0,0.0,1005,5569,78329,0.010043183575323512
100,83998,0,0.0,1006,5570,78428,0.010042753891569738
100,84098,0,0.0,1007,5571,78527,0.01004232848324075
100,84198,0,0.0,1008,5571,78627,0.010041907307795358
100,84298,0,0.0,1009,5572,78726,0.01004149032311567
100,84398,0,0.0,1010,5572,78826,0.010041077487502869
100,84498,0,0.0,1011,5573,78925,0.010040668759673048
100,84598,0,0.0,1012,5574,79024,0.010040264098753086
100,84698,0,0.0,1013,5575,79123,0.010039863464276553
100,84798,0,0.0,1014,5577,79221,0.010039466816179668
100,84898,0,0.0,1015,5578,79320,0.010039074114797288
100,84998,0,0.0,1016,5581,79417,0.01003868532085895
100,85098,0,0.0,1017,5581,79517,0.010038300395484938
100,85198,0,0.0,1018,5583,79615,0.01003791930018239
100,85298,0,0.0,1019,5584,79714,0.01003754199684146
100,85398,0,0.0,1020,5584,79814,0.0100371684477315
100,85498,0,0.0,1021,5585,79913,0.010036798615497286
100,85598,0,0.0,1022,5585,80013,0.010036432463155286
100,85698,0,0.0,1023,5586,80112,0.010036069954089965
100,85798,0,0.0,1024,5587,80211,0.01003571105205011
100,85898,0,0.0,1025,5587,80311,0.01003535572114522
100,85998,0,0.0,1026,5587,80411,0.010035003925841906
100,86098,0,0.0,1027,5588,80510,0.010034655630960348
100,86198,0,0.0,1028,5591,80607,0.010034310801670764
100,86298,0,0.0,1029,5593,80705,0.010033969403489941
100,86398,0,0.0,1030,5593,80805,0.010033631402277775
100,86498,0,0.0,1031,5593,80905,0.010033296764233863
79,86577,0,0.0,1032,5594,80983,0.01003296545589412
100,86677,0,0.0,1033,5595,81082,0.01003263744412744
100,86777,0,0.0,1034,5597,81180,0.010032312696132369
100,86877,0,0.0,1035,5597,81280,0.01003199117943384
100,86977,0,0.0,1036,5599,81378,0.010031672861879913
100,87077,0,0.0,1037,5600,81477,0.010031357711638567
100,87177,0,0.0,1038,5601,81576,0.010031045697194518
100,87277,0,0.0,1039,5601,81676,0.01003073678734606
100,87377,0,0.0,1040,5603,81774,0.01003043095120195
100,87477,0,0.0,1041,5604,81873,0.01003012815817832
100,87577,0,0.0,1042,5604,81973,0.010029828377995615
100,87677,0,0.0,1043,5604,82073,0.010029531580675564
100,87777,0,0.0,1044,5605,82172,0.010029237736538193
100,87877,0,0.0,1045,5606,82271,0.01002894681619884
100,87977,0,0.0,1046,5607,82370,0.010028658790565229
100,88077,0,0.0,1047,5608,82469,0.010028373630834558
35,88112,0,0.0,1048,5610,82502,0.010028091308490614
100,88212,0,0.0,1049,5613,82599,0.010027811795300929
100,88312,0,0.0,1050,5614,82698,0.01002753506331395
100,88412,0,0.0,1051,5616,82796,0.01002726108485625
100,88512,0,0.0,1052,5616,82896,0.010026989832529752
100,88612,0,0.0,1053,5617,82995,0.010026721279208999
100,88712,0,0.0,1054,5617,83095,0.010026455398038434
100,88812,0,0.0,1055,5618,83194,0.01002619216242972
100,88912,0,0.0,1056,5618,83294,0.010025931546059077
100,89012,0,0.0,1057,5619,83393,0.010025673522864646
100,89112,0,0.0,1058,5621,83491,0.0100254180670439
100,89212,0,0.0,1059,5623,83589,0.010025165153051038
100,89312,0,0.0,1060,5624,83688,0.010024914755594453
100,89412,0,0.0,1061,5624,83788,0.01002466684963419
100,89512,0,0.0,1062,5624,83888,0.010024421410379444
100,89612,0,0.0,1063,5624,83988,0.01002417841328609
100,89712,0,0.0,1064,5626,84086,0.010023937834054211
100,89812,0,0.0,1065,5626,84186,0.010023699648625687
100,89912,0,0.0,1066,5626,84286,0.010023463833181775
100,90012,0,0.0,1067,5626,84386,0.010023230364140734
100,90112,0,0.0,1068,5627,84485,0.010022999218155467
100,90212,0,0.0,1069,5629,84583,0.01002277037211118
100,90312,0,0.0,1070,5630,84682,0.01002254380312308
100,90412,0,0.0,1071,5632,84780,0.01002231948853408
100,90512,0,0.0,1072,5632,84880,0.010022097405912533
100,90612,0,0.0,1073,5633,84979,0.010021877533049992
100,90712,0,0.0,1074,5634,85078,0.010021659847958985
100,90812,0,0.0,1075,5635,85177,0.010021444328870826
100,90912,0,0.0,1076,5636,85276,0.010021230954233424
100,91012,0,0.0,1077,5637,85375,0.010021019702709136
100,91112,0,0.0,1078,5637,85475,0.010020810553172638
100,91212,0,0.0,1079,5637,85575,0.010020603484708799
100,91312,0,0.0,1080,5639,85673,0.0100203984766106
100,91412,0,0.0,1081,5639,85773,0.01002019550837706
100,91512,0,0.0,1082,5641,85871,0.010019994559711188
100,91612,0,0.0,1083,5642,85970,0.01001979561051795
100,91712,0,0.0,1084,5644,86068,0.01001959864090226
100,91812,0,0.0,1085,5645,86167,0.010019403631166992
100,91912,0,0.0,1086,5647,86265,0.01001921056181101
100,92012,0,0.0,1087,5649,86363,0.01001901941352722
100,92112,0,0.0,1088,5649,86463,0.01001883016720063
55,92167,0,0.0,1089,5651,86516,0.010018642803906453
100,92267,0,0.0,1090,5652,86615,0.010018457304908203
100,92367,0,0.0,1091,5652,86715,0.010018273651655822
100,92467,0,0.0,1092,5653,86814,0.010018091825783837
100,92567,0,0.0,1093,5654,86913,0.010017911809109508
100,92667,0,0.0,1094,5655,87012,0.010017733583631014
100,92767,0,0.0,1095,5656,87111,0.010017557131525663
100,92867,0,0.0,1096,5657,87210,0.010017382435148095
100,92967,0,0.0,1097,5658,87309,0.010017209477028527
100,93067,0,0.0,1098,5659,87408,0.010017038239871004
100,93167,0,0.0,1099,5660,87507,0.010016868706551666
100,93267,0,0.0,1100,5661,87606,0.01001670086011704
100,93367,0,0.0,1101,5664,87703,0.010016534683782344
100,93467,0,0.0,1102,5664,87803,0.010016370160929804
100,93567,0,0.0,1103,5664,87903,0.010016207275107
100,93667,0,0.0,1104,5664,88003,0.010016046010025212
100,93767,0,0.0,1105,5666,88101,0.0100158863495578
100,93867,0,0.0,1106,5668,88199,0.01001572827773858
100,93967,0,0.0,1107,5671,88296,0.010015571778760241
100,94067,0,0.0,1108,5671,88396,0.010015416836972756
100,94167,0,0.0,1109,5672,88495,0.010015263436881815
100,94267,0,0.0,1110,5673,88594,0.010015111563147282
100,94367,0,0.0,1111,5676,88691,0.010014961200581656
100,94467,0,0.0,1112,5678,88789,0.010014812334148557
100,94567,0,0.0,1113,5679,88888,0.010014664948961216
100,94667,0,0.0,1114,5680,88987,0.010014519030280992
100,94767,0,0.0,1115,5684,89083,0.010014374563515895
100,94867,0,0.0,1116,5684,89183,0.01001423153421913
100,94967,0,0.0,1117,5685,89282,0.010014089928087644
100,95067,0,0.0,1118,5688,89379,0.01001394973096071
100,95167,0,0.0,1119,5690,89477,0.010013810928818496
100,95267,0,0.0,1120,5691,89576,0.010013673507780674
100,95367,0,0.0,1121,5692,89675,0.010013537454105024
100,95467,0,0.0,1122,5692,89775,0.010013402754186067
100,95567,0,0.0,1123,5692,89875,0.010013269394553695
100,95667,0,0.0,1124,5693,89974,0.010013137361871838
36,95703,0,0.0,1125,5694,90009,0.010013006642937116
100,95803,0,0.0,1126,5695,90108,0.010012877224677526
100,95903,0,0.0,1127,5695,90208,0.010012749094151136
100,96003,0,0.0,1128,5695,90308,0.010012622238544785
60,96063,0,0.0,1129,5696,90367,0.010012496645172807
100,96163,0,0.0,1130,5696,90467,0.01001237230147576
100,96263,0,0.0,1131,5696,90567,0.01001224919501917
100,96363,0,0.0,1132,5697,90666,0.01001212731349229
100,96463,0,0.0,1133,5699,90764,0.010012006644706866
100,96563,0,0.0,1134,5699,90864,0.010011887176595919
100,96663,0,0.0,1135,5701,90962,0.010011768897212536
100,96763,0,0.0,1136,5701,91062,0.010011651794728682
100,96863,0,0.0,1137,5701,91162,0.010011535857434011
100,96963,0,0.0,1138,5701,91262,0.010011421073734697
100,97063,0,0.0,1139,5703,91360,0.010011307432152275
100,97163,0,0.0,1140,5703,91460,0.01001119492132249
100,97263,0,0.0,1141,5703,91560,0.010011083529994165
100,97363,0,0.0,1142,5703,91660,0.010010973247028078
100,97463,0,0.0,1143,5703,91760,0.010010864061395836
100,97563,0,0.0,1144,5704,91859,0.01001075596217879
100,97663,0,0.0,1145,5706,91957,0.010010648938566923
100,97763,0,0.0,1146,5707,92056,0.010010542979857786
100,97863,0,0.0,1147,5708,92155,0.010010438075455421
100,97963,0,0.0,1148,5711,92252,0.010010334214869302
100,98063,0,0.0,1149,5711,92352,0.010010231387713281
100,98163,0,0.0,1150,5711,92452,0.010010129583704556
100,98263,0,0.0,1151,5713,92550,0.010010028792662645
100,98363,0,0.0,1152,5715,92648,0.010009929004508356
100,98463,0,0.0,1153,5716,92747,0.010009830209262792
100,98563,0,0.0,1154,5718,92845,0.010009732397046348
100,98663,0,0.0,1155,5720,92943,0.010009635558077717
100,98763,0,0.0,1156,5720,93043,0.010009539682672925
100,98863,0,0.0,1157,5720,93143,0.010009444761244348
100,98963,0,0.0,1158,5720,93243,0.010009350784299768
100,99063,0,0.0,1159,5723,93340,0.01000925774244141
100,99163,0,0.0,1160,5724,93439,0.01000916562636501
100,99263,0,0.0,1161,5725,93538,0.010009074426858885
37,99300,0,0.0,1162,5726,93574,0.010008984134803008
100,99400,0,0.0,1163,5726,93674,0.010008894741168098
100,99500,0,0.0,1164,5726,93774,0.010008806237014717
100,99600,0,0.0,1165,5727,93873,0.010008718613492376
100,99700,0,0.0,1166,5729,93971,0.010008631861838651
39,99739,0,0.0,1167,5730,94009,0.010008545973378302
100,99839,0,0.0,1168,5730,94109,0.010008460939522413
100,99939,0,0.0,1169,5731,94208,0.010008376751767528
