iteration,successes,successes_episode,reward_episode,episode_count,random_act,timestep
12,12,0,0.0,1,8,4
84,96,0,0.0,2,66,30
10,106,0,0.0,3,74,32
37,143,0,0.0,4,103,40
21,164,0,0.0,5,122,42
60,224,0,0.0,6,169,55
5,229,0,0.0,7,174,55
38,267,0,0.0,8,203,64
14,281,0,0.0,9,213,68
85,366,0,0.0,10,281,85
15,381,0,0.0,11,294,87
52,433,0,0.0,12,342,91
22,455,0,0.0,13,360,95
23,478,0,0.0,14,377,101
27,505,0,0.0,15,397,108
16,521,0,0.0,16,409,112
21,542,0,0.0,17,425,117
20,562,0,0.0,18,444,118
14,576,0,0.0,19,452,124
24,600,0,0.0,20,473,127
5,605,0,0.0,21,477,128
29,634,0,0.0,22,502,132
14,648,0,0.0,23,515,133
46,694,0,0.0,24,551,143
21,715,0,0.0,25,566,149
16,731,0,0.0,26,579,152
14,745,0,0.0,27,590,155
22,767,0,0.0,28,608,159
10,777,0,0.0,29,616,161
15,792,0,0.0,30,627,165
28,820,0,0.0,31,652,168
7,827,0,0.0,32,659,168
42,869,0,0.0,33,695,174
43,912,0,0.0,34,728,184
18,930,0,0.0,35,737,193
28,958,0,0.0,36,758,200
16,974,0,0.0,37,771,203
28,1002,0,0.0,38,794,208
29,1031,0,0.0,39,820,211
77,1108,0,0.0,40,878,230
25,1133,0,0.0,41,899,234
17,1150,0,0.0,42,912,238
20,1170,0,0.0,43,928,242
15,1185,0,0.0,44,940,245
47,1232,0,0.0,45,977,255
8,1240,0,0.0,46,985,255
7,1247,0,0.0,47,992,255
32,1279,0,0.0,48,1019,260
25,1304,0,0.0,49,1040,264
42,1346,0,0.0,50,1073,273
18,1364,0,0.0,51,1086,278
44,1408,0,0.0,52,1119,289
36,1444,0,0.0,53,1145,299
25,1469,0,0.0,54,1164,305
77,1546,0,0.0,55,1228,318
18,1564,0,0.0,56,1243,321
38,1602,0,0.0,57,1275,327
25,1627,0,0.0,58,1295,332
29,1656,0,0.0,59,1319,337
11,1667,0,0.0,60,1329,338
13,1680,0,0.0,61,1339,341
16,1696,0,0.0,62,1350,346
21,1717,0,0.0,63,1369,348
42,1759,0,0.0,64,1403,356
6,1765,0,0.0,65,1409,356
28,1793,0,0.0,66,1431,362
35,1828,0,0.0,67,1459,369
26,1854,0,0.0,68,1481,373
26,1880,0,0.0,69,1499,381
45,1925,0,0.0,70,1539,386
16,1941,0,0.0,71,1554,387
22,1963,0,0.0,72,1571,392
32,1995,0,0.0,73,1596,399
39,2034,0,0.0,74,1627,407
6,2040,0,0.0,75,1630,410
15,2055,0,0.0,76,1643,412
20,2075,0,0.0,77,1657,418
10,2085,0,0.0,78,1666,419
13,2098,0,0.0,79,1678,420
20,2118,0,0.0,80,1693,425
21,2139,0,0.0,81,1711,428
69,2208,0,0.0,82,1765,443
46,2254,0,0.0,83,1797,457
40,2294,0,0.0,84,1828,466
12,2306,0,0.0,85,1838,468
23,2329,0,0.0,86,1856,473
26,2355,0,0.0,87,1876,479
33,2388,0,0.0,88,1903,485
22,2410,0,0.0,89,1921,489
32,2442,0,0.0,90,1945,497
43,2485,0,0.0,91,1978,507
29,2514,0,0.0,92,2000,514
19,2533,0,0.0,93,2016,517
100,2633,0,0.0,94,2093,540
47,2680,0,0.0,95,2137,543
27,2707,0,0.0,96,2160,547
40,2747,0,0.0,97,2191,556
35,2782,0,0.0,98,2216,566
40,2822,0,0.0,99,2250,572
19,2841,0,0.0,100,2266,575
29,2870,0,0.0,101,2286,584
15,2885,0,0.0,102,2296,589
61,2946,0,0.0,103,2341,605
22,2968,0,0.0,104,2363,605
11,2979,0,0.0,105,2372,607
16,2995,0,0.0,106,2385,610
50,3045,0,0.0,107,2424,621
54,3099,0,0.0,108,2468,631
61,3160,0,0.0,109,2519,641
15,3175,0,0.0,110,2532,643
12,3187,0,0.0,111,2541,646
25,3212,0,0.0,112,2560,652
15,3227,0,0.0,113,2571,656
39,3266,0,0.0,114,2606,660
34,3300,0,0.0,115,2631,669
31,3331,0,0.0,116,2658,673
31,3362,0,0.0,117,2681,681
30,3392,0,0.0,118,2706,686
45,3437,0,0.0,119,2739,698
38,3475,0,0.0,120,2762,713
49,3524,0,0.0,121,2799,725
6,3530,0,0.0,122,2804,726
20,3550,0,0.0,123,2821,729
16,3566,0,0.0,124,2832,734
6,3572,0,0.0,125,2837,735
33,3605,0,0.0,126,2860,745
15,3620,0,0.0,127,2871,749
52,3672,0,0.0,128,2913,759
46,3718,0,0.0,129,2954,764
14,3732,0,0.0,130,2968,764
44,3776,0,0.0,131,3002,774
22,3798,0,0.0,132,3021,777
8,3806,0,0.0,133,3027,779
35,3841,0,0.0,134,3056,785
26,3867,0,0.0,135,3078,789
9,3876,0,0.0,136,3085,791
24,3900,0,0.0,137,3104,796
12,3912,0,0.0,138,3114,798
37,3949,0,0.0,139,3142,807
33,3982,0,0.0,140,3171,811
33,4015,0,0.0,141,3198,817
33,4048,0,0.0,142,3225,823
13,4061,0,0.0,143,3237,824
30,4091,0,0.0,144,3258,833
22,4113,0,0.0,145,3278,835
14,4127,0,0.0,146,3287,840
6,4133,0,0.0,147,3293,840
34,4167,0,0.0,148,3319,848
100,4267,0,0.0,149,3388,879
25,4292,0,0.0,150,3406,886
21,4313,0,0.0,151,3420,893
23,4336,0,0.0,152,3442,894
14,4350,0,0.0,153,3454,896
11,4361,0,0.0,154,3462,899
59,4420,0,0.0,155,3505,915
77,4497,0,0.0,156,3573,924
31,4528,0,0.0,157,3592,936
34,4562,0,0.0,158,3620,942
13,4575,0,0.0,159,3630,945
26,4601,0,0.0,160,3652,949
26,4627,0,0.0,161,3673,954
32,4659,0,0.0,162,3700,959
33,4692,0,0.0,163,3723,969
39,4731,0,0.0,164,3754,977
22,4753,0,0.0,165,3774,979
35,4788,0,0.0,166,3802,986
54,4842,0,0.0,167,3844,998
28,4870,0,0.0,168,3869,1001
24,4894,0,0.0,169,3888,1006
10,4904,0,0.0,170,3894,1010
20,4924,0,0.0,171,3906,1018
18,4942,0,0.0,172,3919,1023
24,4966,0,0.0,173,3936,1030
31,4997,0,0.0,174,3962,1035
100,5097,0,0.0,175,4052,1045
35,5132,0,0.0,176,4080,1052
19,5151,0,0.0,177,4096,1055
26,5177,0,0.0,178,4114,1063
21,5198,0,0.0,179,4131,1067
28,5226,0,0.0,180,4154,1072
13,5239,0,0.0,181,4165,1074
20,5259,0,0.0,182,4182,1077
32,5291,0,0.0,183,4204,1087
39,5330,0,0.0,184,4239,1091
42,5372,0,0.0,185,4274,1098
18,5390,0,0.0,186,4287,1103
54,5444,0,0.0,187,4332,1112
47,5491,0,0.0,188,4374,1117
21,5512,0,0.0,189,4392,1120
14,5526,0,0.0,190,4405,1121
19,5545,0,0.0,191,4421,1124
50,5595,0,0.0,192,4462,1133
70,5665,0,0.0,193,4520,1145
88,5753,0,0.0,194,4592,1161
25,5778,0,0.0,195,4615,1163
9,5787,0,0.0,196,4622,1165
8,5795,0,0.0,197,4627,1168
23,5818,0,0.0,198,4647,1171
13,5831,0,0.0,199,4656,1175
22,5853,0,0.0,200,4676,1177
26,5879,0,0.0,201,4700,1179
36,5915,0,0.0,202,4728,1187
35,5950,0,0.0,203,4759,1191
11,5961,0,0.0,204,4767,1194
40,6001,0,0.0,205,4801,1200
22,6023,0,0.0,206,4819,1204
13,6036,0,0.0,207,4829,1207
30,6066,0,0.0,208,4853,1213
69,6135,0,0.0,209,4913,1222
55,6190,0,0.0,210,4956,1234
29,6219,0,0.0,211,4979,1240
30,6249,0,0.0,212,5004,1245
22,6271,0,0.0,213,5024,1247
7,6278,0,0.0,214,5030,1248
15,6293,0,0.0,215,5042,1251
16,6309,0,0.0,216,5058,1251
20,6329,0,0.0,217,5077,1252
50,6379,0,0.0,218,5116,1263
13,6392,0,0.0,219,5125,1267
48,6440,0,0.0,220,5164,1276
12,6452,0,0.0,221,5175,1277
33,6485,0,0.0,222,5205,1280
68,6553,0,0.0,223,5260,1293
5,6558,0,0.0,224,5264,1294
16,6574,0,0.0,225,5278,1296
18,6592,0,0.0,226,5292,1300
17,6609,0,0.0,227,5305,1304
9,6618,0,0.0,228,5312,1306
30,6648,0,0.0,229,5337,1311
22,6670,0,0.0,230,5353,1317
45,6715,0,0.0,231,5388,1327
35,6750,0,0.0,232,5417,1333
59,6809,0,0.0,233,5465,1344
78,6887,0,0.0,234,5530,1357
17,6904,0,0.0,235,5544,1360
39,6943,0,0.0,236,5576,1367
13,6956,0,0.0,237,5586,1370
50,7006,0,0.0,238,5629,1377
17,7023,0,0.0,239,5639,1384
7,7030,0,0.0,240,5645,1385
13,7043,0,0.0,241,5654,1389
32,7075,0,0.0,242,5676,1399
45,7120,0,0.0,243,5715,1405
97,7217,0,0.0,244,5796,1421
15,7232,0,0.0,245,5805,1427
100,7332,0,0.0,246,5884,1448
46,7378,0,0.0,247,5925,1453
10,7388,0,0.0,248,5932,1456
10,7398,0,0.0,249,5941,1457
14,7412,0,0.0,250,5954,1458
19,7431,0,0.0,251,5964,1467
55,7486,0,0.0,252,6002,1484
9,7495,0,0.0,253,6011,1484
26,7521,0,0.0,254,6030,1491
19,7540,0,0.0,255,6046,1494
11,7551,0,0.0,256,6055,1496
34,7585,0,0.0,257,6080,1505
19,7604,0,0.0,258,6098,1506
40,7644,0,0.0,259,6130,1514
13,7657,0,0.0,260,6140,1517
84,7741,0,0.0,261,6208,1533
22,7763,0,0.0,262,6225,1538
31,7794,0,0.0,263,6249,1545
60,7854,0,0.0,264,6293,1561
100,7954,0,0.0,265,6374,1580
24,7978,0,0.0,266,6394,1584
8,7986,0,0.0,267,6399,1587
87,8073,0,0.0,268,6474,1599
9,8082,0,0.0,269,6481,1601
100,8182,0,0.0,270,6552,1630
50,8232,0,0.0,271,6588,1644
60,8292,0,0.0,272,6633,1659
77,8369,0,0.0,273,6700,1669
13,8382,0,0.0,274,6711,1671
33,8415,0,0.0,275,6736,1679
22,8437,0,0.0,276,6751,1686
26,8463,0,0.0,277,6771,1692
100,8563,0,0.0,278,6850,1713
12,8575,0,0.0,279,6859,1716
30,8605,0,0.0,280,6881,1724
13,8618,0,0.0,281,6893,1725
9,8627,0,0.0,282,6901,1726
13,8640,0,0.0,283,6911,1729
12,8652,0,0.0,284,6922,1730
17,8669,0,0.0,285,6935,1734
20,8689,0,0.0,286,6950,1739
13,8702,0,0.0,287,6962,1740
7,8709,0,0.0,288,6967,1742
10,8719,0,0.0,289,6975,1744
46,8765,0,0.0,290,7012,1753
25,8790,0,0.0,291,7032,1758
15,8805,0,0.0,292,7044,1761
16,8821,0,0.0,293,7057,1764
43,8864,0,0.0,294,7092,1772
9,8873,0,0.0,295,7101,1772
17,8890,0,0.0,296,7116,1774
9,8899,0,0.0,297,7123,1776
18,8917,0,0.0,298,7137,1780
17,8934,0,0.0,299,7152,1782
15,8949,0,0.0,300,7163,1786
100,9049,0,0.0,301,7242,1807
11,9060,0,0.0,302,7250,1810
33,9093,0,0.0,303,7273,1820
17,9110,0,0.0,304,7287,1823
35,9145,0,0.0,305,7317,1828
26,9171,0,0.0,306,7338,1833
23,9194,0,0.0,307,7359,1835
24,9218,0,0.0,308,7380,1838
10,9228,0,0.0,309,7387,1841
16,9244,0,0.0,310,7400,1844
27,9271,0,0.0,311,7420,1851
13,9284,0,0.0,312,7431,1853
19,9303,0,0.0,313,7445,1858
18,9321,0,0.0,314,7460,1861
15,9336,0,0.0,315,7474,1862
28,9364,0,0.0,316,7499,1865
35,9399,0,0.0,317,7528,1871
47,9446,0,0.0,318,7565,1881
66,9512,0,0.0,319,7618,1894
8,9520,0,0.0,320,7625,1895
16,9536,0,0.0,321,7638,1898
26,9562,0,0.0,322,7662,1900
27,9589,0,0.0,323,7686,1903
26,9615,0,0.0,324,7708,1907
13,9628,0,0.0,325,7719,1909
10,9638,0,0.0,326,7728,1910
26,9664,0,0.0,327,7748,1916
11,9675,0,0.0,328,7758,1917
18,9693,0,0.0,329,7769,1924
44,9737,0,0.0,330,7799,1938
14,9751,0,0.0,331,7810,1941
7,9758,0,0.0,332,7815,1943
84,9842,0,0.0,333,7886,1956
40,9882,0,0.0,334,7917,1965
9,9891,0,0.0,335,7922,1969
7,9898,0,0.0,336,7929,1969
49,9947,0,0.0,337,7971,1976
34,9981,0,0.0,338,7995,1986
87,10068,0,0.0,339,8068,2000
16,10084,0,0.0,340,8083,2001
23,10107,0,0.0,341,8101,2006
9,10116,0,0.0,342,8108,2008
18,10134,0,0.0,343,8123,2011
72,10206,0,0.0,344,8179,2027
31,10237,0,0.0,345,8204,2033
11,10248,0,0.0,346,8215,2033
19,10267,0,0.0,347,8234,2033
13,10280,0,0.0,348,8247,2033
58,10338,0,0.0,349,8293,2045
30,10368,0,0.0,350,8318,2050
13,10381,0,0.0,351,8330,2051
32,10413,0,0.0,352,8348,2065
34,10447,0,0.0,353,8378,2069
21,10468,0,0.0,354,8394,2074
57,10525,0,0.0,355,8437,2088
27,10552,0,0.0,356,8461,2091
15,10567,0,0.0,357,8475,2092
20,10587,0,0.0,358,8489,2098
24,10611,0,0.0,359,8507,2104
24,10635,0,0.0,360,8525,2110
24,10659,0,0.0,361,8546,2113
14,10673,0,0.0,362,8559,2114
19,10692,0,0.0,363,8576,2116
18,10710,0,0.0,364,8588,2122
58,10768,0,0.0,365,8634,2134
10,10778,0,0.0,366,8644,2134
24,10802,0,0.0,367,8662,2140
90,10892,0,0.0,368,8738,2154
26,10918,0,0.0,369,8758,2160
9,10927,0,0.0,370,8767,2160
13,10940,0,0.0,371,8778,2162
14,10954,0,0.0,372,8789,2165
18,10972,0,0.0,373,8803,2169
23,10995,0,0.0,374,8824,2171
46,11041,0,0.0,375,8865,2176
7,11048,0,0.0,376,8870,2178
13,11061,0,0.0,377,8882,2179
63,11124,0,0.0,378,8938,2186
11,11135,0,0.0,379,8946,2189
7,11142,0,0.0,380,8952,2190
31,11173,0,0.0,381,8978,2195
12,11185,0,0.0,382,8990,2195
28,11213,0,0.0,383,9013,2200
14,11227,0,0.0,384,9025,2202
28,11255,0,0.0,385,9051,2204
20,11275,0,0.0,386,9069,2206
18,11293,0,0.0,387,9081,2212
13,11306,0,0.0,388,9093,2213
12,11318,0,0.0,389,9100,2218
26,11344,0,0.0,390,9120,2224
14,11358,0,0.0,391,9132,2226
37,11395,0,0.0,392,9165,2230
29,11424,0,0.0,393,9184,2240
12,11436,0,0.0,394,9196,2240
18,11454,0,0.0,395,9211,2243
54,11508,0,0.0,396,9254,2254
19,11527,0,0.0,397,9269,2258
48,11575,0,0.0,398,9309,2266
62,11637,0,0.0,399,9359,2278
64,11701,0,0.0,400,9411,2290
20,11721,0,0.0,401,9427,2294
49,11770,0,0.0,402,9464,2306
17,11787,0,0.0,403,9478,2309
23,11810,0,0.0,404,9498,2312
16,11826,0,0.0,405,9511,2315
28,11854,0,0.0,406,9528,2326
16,11870,0,0.0,407,9542,2328
20,11890,0,0.0,408,9558,2332
16,11906,0,0.0,409,9571,2335
52,11958,0,0.0,410,9611,2347
50,12008,0,0.0,411,9650,2358
5,12013,0,0.0,412,9655,2358
17,12030,0,0.0,413,9669,2361
25,12055,0,0.0,414,9690,2365
18,12073,0,0.0,415,9705,2368
98,12171,0,0.0,416,9777,2394
76,12247,0,0.0,417,9836,2411
43,12290,0,0.0,418,9871,2419
18,12308,0,0.0,419,9885,2423
34,12342,0,0.0,420,9910,2432
100,12442,0,0.0,421,9993,2449
21,12463,0,0.0,422,10010,2453
51,12514,0,0.0,423,10054,2460
49,12563,0,0.0,424,10094,2469
14,12577,0,0.0,425,10105,2472
17,12594,0,0.0,426,10119,2475
10,12604,0,0.0,427,10128,2476
27,12631,0,0.0,428,10146,2485
31,12662,0,0.0,429,10168,2494
52,12714,0,0.0,430,10213,2501
7,12721,0,0.0,431,10218,2503
24,12745,0,0.0,432,10238,2507
59,12804,0,0.0,433,10285,2519
51,12855,0,0.0,434,10329,2526
14,12869,0,0.0,435,10339,2530
91,12960,0,0.0,436,10413,2547
24,12984,0,0.0,437,10431,2553
25,13009,0,0.0,438,10450,2559
22,13031,0,0.0,439,10467,2564
100,13131,0,0.0,440,10547,2584
40,13171,0,0.0,441,10578,2593
23,13194,0,0.0,442,10600,2594
19,13213,0,0.0,443,10614,2599
5,13218,0,0.0,444,10619,2599
18,13236,0,0.0,445,10633,2603
63,13299,0,0.0,446,10685,2614
42,13341,0,0.0,447,10715,2626
41,13382,0,0.0,448,10749,2633
65,13447,0,0.0,449,10798,2649
90,13537,0,0.0,450,10871,2666
34,13571,0,0.0,451,10899,2672
25,13596,0,0.0,452,10917,2679
29,13625,0,0.0,453,10937,2688
45,13670,0,0.0,454,10972,2698
51,13721,0,0.0,455,11010,2711
8,13729,0,0.0,456,11017,2712
59,13788,0,0.0,457,11066,2722
52,13840,0,0.0,458,11105,2735
33,13873,0,0.0,459,11129,2744
8,13881,0,0.0,460,11137,2744
16,13897,0,0.0,461,11149,2748
38,13935,0,0.0,462,11179,2756
28,13963,0,0.0,463,11198,2765
31,13994,0,0.0,464,11218,2776
17,14011,0,0.0,465,11232,2779
82,14093,0,0.0,466,11304,2789
34,14127,0,0.0,467,11335,2792
9,14136,0,0.0,468,11344,2792
32,14168,0,0.0,469,11369,2799
13,14181,0,0.0,470,11377,2804
24,14205,0,0.0,471,11398,2807
15,14220,0,0.0,472,11408,2812
16,14236,0,0.0,473,11422,2814
55,14291,0,0.0,474,11463,2828
40,14331,0,0.0,475,11493,2838
24,14355,0,0.0,476,11513,2842
22,14377,0,0.0,477,11531,2846
38,14415,0,0.0,478,11563,2852
13,14428,0,0.0,479,11573,2855
29,14457,0,0.0,480,11596,2861
21,14478,0,0.0,481,11613,2865
33,14511,0,0.0,482,11639,2872
32,14543,0,0.0,483,11664,2879
47,14590,0,0.0,484,11704,2886
64,14654,0,0.0,485,11755,2899
16,14670,0,0.0,486,11766,2904
67,14737,0,0.0,487,11828,2909
8,14745,0,0.0,488,11834,2911
32,14777,0,0.0,489,11856,2921
34,14811,0,0.0,490,11882,2929
100,14911,0,0.0,491,11962,2949
34,14945,0,0.0,492,11987,2958
21,14966,0,0.0,493,12006,2960
41,15007,0,0.0,494,12039,2968
100,15107,0,0.0,495,12112,2995
10,15117,0,0.0,496,12121,2996
5,15122,0,0.0,497,12125,2997
47,15169,0,0.0,498,12163,3006
40,15209,0,0.0,499,12197,3012
41,15250,0,0.0,500,12231,3019
15,15265,0,0.0,501,12246,3019
38,15303,0,0.0,502,12277,3026
41,15344,0,0.0,503,12310,3034
21,15365,0,0.0,504,12326,3039
19,15384,0,0.0,505,12341,3043
18,15402,0,0.0,506,12356,3046
10,15412,0,0.0,507,12365,3047
54,15466,0,0.0,508,12407,3059
86,15552,0,0.0,509,12477,3075
47,15599,0,0.0,510,12514,3085
18,15617,0,0.0,511,12528,3089
52,15669,0,0.0,512,12570,3099
23,15692,0,0.0,513,12590,3102
8,15700,0,0.0,514,12594,3106
16,15716,0,0.0,515,12607,3109
33,15749,0,0.0,516,12636,3113
20,15769,0,0.0,517,12649,3120
24,15793,0,0.0,518,12668,3125
62,15855,0,0.0,519,12717,3138
21,15876,0,0.0,520,12737,3139
77,15953,0,0.0,521,12804,3149
16,15969,0,0.0,522,12818,3151
28,15997,0,0.0,523,12841,3156
47,16044,0,0.0,524,12877,3167
13,16057,0,0.0,525,12889,3168
31,16088,0,0.0,526,12913,3175
16,16104,0,0.0,527,12929,3175
22,16126,0,0.0,528,12949,3177
18,16144,0,0.0,529,12963,3181
13,16157,0,0.0,530,12974,3183
46,16203,0,0.0,531,13008,3195
10,16213,0,0.0,532,13016,3197
7,16220,0,0.0,533,13022,3198
64,16284,0,0.0,534,13069,3215
10,16294,0,0.0,535,13077,3217
17,16311,0,0.0,536,13091,3220
31,16342,0,0.0,537,13114,3228
7,16349,0,0.0,538,13119,3230
87,16436,0,0.0,539,13191,3245
100,16536,0,0.0,540,13264,3272
11,16547,0,0.0,541,13270,3277
49,16596,0,0.0,542,13309,3287
24,16620,0,0.0,543,13331,3289
24,16644,0,0.0,544,13350,3294
28,16672,0,0.0,545,13375,3297
10,16682,0,0.0,546,13385,3297
10,16692,0,0.0,547,13393,3299
34,16726,0,0.0,548,13423,3303
11,16737,0,0.0,549,13432,3305
73,16810,0,0.0,550,13491,3319
72,16882,0,0.0,551,13552,3330
23,16905,0,0.0,552,13572,3333
23,16928,0,0.0,553,13593,3335
6,16934,0,0.0,554,13598,3336
19,16953,0,0.0,555,13612,3341
17,16970,0,0.0,556,13623,3347
9,16979,0,0.0,557,13628,3351
35,17014,0,0.0,558,13651,3363
5,17019,0,0.0,559,13655,3364
21,17040,0,0.0,560,13672,3368
10,17050,0,0.0,561,13682,3368
17,17067,0,0.0,562,13696,3371
14,17081,0,0.0,563,13707,3374
40,17121,0,0.0,564,13738,3383
13,17134,0,0.0,565,13750,3384
16,17150,0,0.0,566,13762,3388
14,17164,0,0.0,567,13773,3391
18,17182,0,0.0,568,13789,3393
15,17197,0,0.0,569,13801,3396
42,17239,0,0.0,570,13834,3405
100,17339,0,0.0,571,13916,3423
100,17439,0,0.0,572,13995,3444
22,17461,0,0.0,573,14013,3448
7,17468,0,0.0,574,14019,3449
34,17502,0,0.0,575,14045,3457
38,17540,0,0.0,576,14072,3468
19,17559,0,0.0,577,14088,3471
60,17619,0,0.0,578,14139,3480
34,17653,0,0.0,579,14168,3485
37,17690,0,0.0,580,14198,3492
40,17730,0,0.0,581,14229,3501
5,17735,0,0.0,582,14232,3503
9,17744,0,0.0,583,14240,3504
70,17814,0,0.0,584,14289,3525
11,17825,0,0.0,585,14297,3528
28,17853,0,0.0,586,14319,3534
38,17891,0,0.0,587,14349,3542
22,17913,0,0.0,588,14367,3546
21,17934,0,0.0,589,14386,3548
9,17943,0,0.0,590,14393,3550
22,17965,0,0.0,591,14413,3552
65,18030,0,0.0,592,14463,3567
30,18060,0,0.0,593,14488,3572
30,18090,0,0.0,594,14511,3579
45,18135,0,0.0,595,14549,3586
80,18215,0,0.0,596,14613,3602
18,18233,0,0.0,597,14626,3607
21,18254,0,0.0,598,14644,3610
28,18282,0,0.0,599,14668,3614
10,18292,0,0.0,600,14677,3615
35,18327,0,0.0,601,14704,3623
9,18336,0,0.0,602,14710,3626
80,18416,0,0.0,603,14775,3641
42,18458,0,0.0,604,14800,3658
21,18479,0,0.0,605,14818,3661
29,18508,0,0.0,606,14843,3665
57,18565,0,0.0,607,14890,3675
18,18583,0,0.0,608,14906,3677
31,18614,0,0.0,609,14929,3685
26,18640,0,0.0,610,14950,3690
26,18666,0,0.0,611,14969,3697
51,18717,0,0.0,612,15006,3711
18,18735,0,0.0,613,15022,3713
50,18785,0,0.0,614,15067,3718
13,18798,0,0.0,615,15077,3721
7,18805,0,0.0,616,15084,3721
23,18828,0,0.0,617,15104,3724
27,18855,0,0.0,618,15127,3728
64,18919,0,0.0,619,15180,3739
40,18959,0,0.0,620,15207,3752
24,18983,0,0.0,621,15227,3756
27,19010,0,0.0,622,15249,3761
100,19110,0,0.0,623,15329,3781
13,19123,0,0.0,624,15340,3783
21,19144,0,0.0,625,15356,3788
10,19154,0,0.0,626,15364,3790
25,19179,0,0.0,627,15382,3797
19,19198,0,0.0,628,15398,3800
28,19226,0,0.0,629,15421,3805
28,19254,0,0.0,630,15443,3811
15,19269,0,0.0,631,15456,3813
29,19298,0,0.0,632,15478,3820
19,19317,0,0.0,633,15495,3822
25,19342,0,0.0,634,15517,3825
22,19364,0,0.0,635,15534,3830
80,19444,0,0.0,636,15590,3854
47,19491,0,0.0,637,15624,3867
25,19516,0,0.0,638,15644,3872
37,19553,0,0.0,639,15672,3881
23,19576,0,0.0,640,15692,3884
21,19597,0,0.0,641,15708,3889
21,19618,0,0.0,642,15725,3893
8,19626,0,0.0,643,15731,3895
25,19651,0,0.0,644,15753,3898
48,19699,0,0.0,645,15794,3905
30,19729,0,0.0,646,15820,3909
41,19770,0,0.0,647,15856,3914
45,19815,0,0.0,648,15886,3929
88,19903,0,0.0,649,15964,3939
23,19926,0,0.0,650,15982,3944
39,19965,0,0.0,651,16012,3953
21,19986,0,0.0,652,16026,3960
22,20008,0,0.0,653,16044,3964
31,20039,0,0.0,654,16071,3968
13,20052,0,0.0,655,16080,3972
12,20064,0,0.0,656,16091,3973
18,20082,0,0.0,657,16104,3978
31,20113,0,0.0,658,16127,3986
43,20156,0,0.0,659,16164,3992
22,20178,0,0.0,660,16185,3993
40,20218,0,0.0,661,16217,4001
23,20241,0,0.0,662,16236,4005
64,20305,0,0.0,663,16287,4018
37,20342,0,0.0,664,16314,4028
17,20359,0,0.0,665,16331,4028
13,20372,0,0.0,666,16343,4029
39,20411,0,0.0,667,16372,4039
26,20437,0,0.0,668,16393,4044
9,20446,0,0.0,669,16401,4045
18,20464,0,0.0,670,16414,4050
92,20556,0,0.0,671,16492,4064
29,20585,0,0.0,672,16517,4068
100,20685,0,0.0,673,16597,4088
57,20742,0,0.0,674,16642,4100
7,20749,0,0.0,675,16647,4102
19,20768,0,0.0,676,16662,4106
23,20791,0,0.0,677,16681,4110
63,20854,0,0.0,678,16730,4124
6,20860,0,0.0,679,16733,4127
18,20878,0,0.0,680,16745,4133
14,20892,0,0.0,681,16757,4135
69,20961,0,0.0,682,16810,4151
11,20972,0,0.0,683,16818,4154
25,20997,0,0.0,684,16835,4162
19,21016,0,0.0,685,16854,4162
45,21061,0,0.0,686,16892,4169
35,21096,0,0.0,687,16921,4175
79,21175,0,0.0,688,16986,4189
91,21266,0,0.0,689,17057,4209
22,21288,0,0.0,690,17075,4213
52,21340,0,0.0,691,17121,4219
24,21364,0,0.0,692,17141,4223
35,21399,0,0.0,693,17171,4228
18,21417,0,0.0,694,17183,4234
44,21461,0,0.0,695,17219,4242
27,21488,0,0.0,696,17240,4248
10,21498,0,0.0,697,17247,4251
56,21554,0,0.0,698,17292,4262
24,21578,0,0.0,699,17310,4268
11,21589,0,0.0,700,17318,4271
26,21615,0,0.0,701,17338,4277
8,21623,0,0.0,702,17344,4279
22,21645,0,0.0,703,17363,4282
50,21695,0,0.0,704,17406,4289
9,21704,0,0.0,705,17412,4292
58,21762,0,0.0,706,17452,4310
32,21794,0,0.0,707,17475,4319
25,21819,0,0.0,708,17495,4324
30,21849,0,0.0,709,17520,4329
40,21889,0,0.0,710,17549,4340
53,21942,0,0.0,711,17595,4347
24,21966,0,0.0,712,17613,4353
28,21994,0,0.0,713,17634,4360
30,22024,0,0.0,714,17660,4364
69,22093,0,0.0,715,17716,4377
62,22155,0,0.0,716,17768,4387
66,22221,0,0.0,717,17821,4400
20,22241,0,0.0,718,17837,4404
55,22296,0,0.0,719,17883,4413
17,22313,0,0.0,720,17899,4414
25,22338,0,0.0,721,17917,4421
25,22363,0,0.0,722,17936,4427
19,22382,0,0.0,723,17955,4427
11,22393,0,0.0,724,17964,4429
17,22410,0,0.0,725,17978,4432
15,22425,0,0.0,726,17991,4434
70,22495,0,0.0,727,18045,4450
32,22527,0,0.0,728,18073,4454
26,22553,0,0.0,729,18095,4458
16,22569,0,0.0,730,18108,4461
9,22578,0,0.0,731,18116,4462
12,22590,0,0.0,732,18126,4464
35,22625,0,0.0,733,18156,4469
16,22641,0,0.0,734,18170,4471
7,22648,0,0.0,735,18176,4472
15,22663,0,0.0,736,18184,4479
10,22673,0,0.0,737,18192,4481
25,22698,0,0.0,738,18211,4487
8,22706,0,0.0,739,18218,4488
41,22747,0,0.0,740,18249,4498
67,22814,0,0.0,741,18304,4510
7,22821,0,0.0,742,18308,4513
46,22867,0,0.0,743,18350,4517
31,22898,0,0.0,744,18375,4523
7,22905,0,0.0,745,18381,4524
12,22917,0,0.0,746,18391,4526
10,22927,0,0.0,747,18401,4526
53,22980,0,0.0,748,18442,4538
16,22996,0,0.0,749,18455,4541
15,23011,0,0.0,750,18467,4544
34,23045,0,0.0,751,18497,4548
16,23061,0,0.0,752,18510,4551
37,23098,0,0.0,753,18541,4557
33,23131,0,0.0,754,18568,4563
10,23141,0,0.0,755,18577,4564
24,23165,0,0.0,756,18596,4569
30,23195,0,0.0,757,18621,4574
57,23252,0,0.0,758,18666,4586
21,23273,0,0.0,759,18684,4589
10,23283,0,0.0,760,18690,4593
47,23330,0,0.0,761,18728,4602
8,23338,0,0.0,762,18735,4603
48,23386,0,0.0,763,18774,4612
31,23417,0,0.0,764,18797,4620
26,23443,0,0.0,765,18817,4626
56,23499,0,0.0,766,18865,4634
52,23551,0,0.0,767,18908,4643
28,23579,0,0.0,768,18930,4649
30,23609,0,0.0,769,18954,4655
100,23709,0,0.0,770,19032,4677
25,23734,0,0.0,771,19056,4678
18,23752,0,0.0,772,19073,4679
20,23772,0,0.0,773,19090,4682
26,23798,0,0.0,774,19111,4687
55,23853,0,0.0,775,19155,4698
51,23904,0,0.0,776,19196,4708
38,23942,0,0.0,777,19228,4714
10,23952,0,0.0,778,19235,4717
79,24031,0,0.0,779,19304,4727
33,24064,0,0.0,780,19330,4734
81,24145,0,0.0,781,19393,4752
11,24156,0,0.0,782,19403,4753
14,24170,0,0.0,783,19416,4754
22,24192,0,0.0,784,19435,4757
17,24209,0,0.0,785,19452,4757
34,24243,0,0.0,786,19479,4764
14,24257,0,0.0,787,19490,4767
21,24278,0,0.0,788,19508,4770
11,24289,0,0.0,789,19514,4775
9,24298,0,0.0,790,19523,4775
26,24324,0,0.0,791,19545,4779
27,24351,0,0.0,792,19569,4782
25,24376,0,0.0,793,19591,4785
39,24415,0,0.0,794,19619,4796
10,24425,0,0.0,795,19627,4798
24,24449,0,0.0,796,19647,4802
37,24486,0,0.0,797,19675,4811
35,24521,0,0.0,798,19700,4821
28,24549,0,0.0,799,19726,4823
42,24591,0,0.0,800,19760,4831
24,24615,0,0.0,801,19780,4835
34,24649,0,0.0,802,19806,4843
64,24713,0,0.0,803,19860,4853
19,24732,0,0.0,804,19875,4857
92,24824,0,0.0,805,19949,4875
19,24843,0,0.0,806,19964,4879
44,24887,0,0.0,807,19997,4890
33,24920,0,0.0,808,20024,4896
41,24961,0,0.0,809,20059,4902
31,24992,0,0.0,810,20085,4907
27,25019,0,0.0,811,20111,4908
79,25098,0,0.0,812,20172,4926
44,25142,0,0.0,813,20209,4933
47,25189,0,0.0,814,20250,4939
26,25215,0,0.0,815,20267,4948
40,25255,0,0.0,816,20303,4952
66,25321,0,0.0,817,20353,4968
100,25421,0,0.0,818,20438,4983
31,25452,0,0.0,819,20464,4988
14,25466,0,0.0,820,20476,4990
27,25493,0,0.0,821,20496,4997
21,25514,0,0.0,822,20512,5002
26,25540,0,0.0,823,20533,5007
17,25557,0,0.0,824,20547,5010
5,25562,0,0.0,825,20552,5010
33,25595,0,0.0,826,20577,5018
35,25630,0,0.0,827,20609,5021
42,25672,0,0.0,828,20642,5030
27,25699,0,0.0,829,20667,5032
35,25734,0,0.0,830,20696,5038
9,25743,0,0.0,831,20703,5040
36,25779,0,0.0,832,20732,5047
49,25828,0,0.0,833,20775,5053
98,25926,0,0.0,834,20853,5073
25,25951,0,0.0,835,20873,5078
15,25966,0,0.0,836,20884,5082
53,26019,0,0.0,837,20927,5092
27,26046,0,0.0,838,20950,5096
73,26119,0,0.0,839,21003,5116
8,26127,0,0.0,840,21008,5119
75,26202,0,0.0,841,21066,5136
47,26249,0,0.0,842,21103,5146
34,26283,0,0.0,843,21131,5152
69,26352,0,0.0,844,21184,5168
43,26395,0,0.0,845,21219,5176
35,26430,0,0.0,846,21248,5182
24,26454,0,0.0,847,21272,5182
19,26473,0,0.0,848,21288,5185
22,26495,0,0.0,849,21307,5188
24,26519,0,0.0,850,21330,5189
21,26540,0,0.0,851,21346,5194
31,26571,0,0.0,852,21372,5199
35,26606,0,0.0,853,21400,5206
16,26622,0,0.0,854,21413,5209
7,26629,0,0.0,855,21419,5210
27,26656,0,0.0,856,21441,5215
42,26698,0,0.0,857,21475,5223
17,26715,0,0.0,858,21489,5226
10,26725,0,0.0,859,21499,5226
39,26764,0,0.0,860,21528,5236
17,26781,0,0.0,861,21541,5240
22,26803,0,0.0,862,21557,5246
54,26857,0,0.0,863,21594,5263
41,26898,0,0.0,864,21629,5269
18,26916,0,0.0,865,21643,5273
14,26930,0,0.0,866,21655,5275
34,26964,0,0.0,867,21684,5280
10,26974,0,0.0,868,21692,5282
36,27010,0,0.0,869,21722,5288
43,27053,0,0.0,870,21759,5294
43,27096,0,0.0,871,21791,5305
13,27109,0,0.0,872,21800,5309
20,27129,0,0.0,873,21814,5315
24,27153,0,0.0,874,21837,5316
30,27183,0,0.0,875,21862,5321
22,27205,0,0.0,876,21880,5325
39,27244,0,0.0,877,21912,5332
14,27258,0,0.0,878,21925,5333
22,27280,0,0.0,879,21943,5337
18,27298,0,0.0,880,21958,5340
15,27313,0,0.0,881,21971,5342
5,27318,0,0.0,882,21976,5342
71,27389,0,0.0,883,22031,5358
23,27412,0,0.0,884,22051,5361
10,27422,0,0.0,885,22058,5364
25,27447,0,0.0,886,22079,5368
34,27481,0,0.0,887,22104,5377
54,27535,0,0.0,888,22146,5389
40,27575,0,0.0,889,22173,5402
23,27598,0,0.0,890,22193,5405
16,27614,0,0.0,891,22206,5408
12,27626,0,0.0,892,22215,5411
7,27633,0,0.0,893,22222,5411
7,27640,0,0.0,894,22228,5412
15,27655,0,0.0,895,22240,5415
18,27673,0,0.0,896,22250,5423
19,27692,0,0.0,897,22267,5425
78,27770,0,0.0,898,22335,5435
22,27792,0,0.0,899,22354,5438
15,27807,0,0.0,900,22367,5440
9,27816,0,0.0,901,22373,5443
8,27824,0,0.0,902,22380,5444
27,27851,0,0.0,903,22400,5451
20,27871,0,0.0,904,22415,5456
18,27889,0,0.0,905,22432,5457
28,27917,0,0.0,906,22456,5461
77,27994,0,0.0,907,22520,5474
69,28063,0,0.0,908,22573,5490
11,28074,0,0.0,909,22581,5493
33,28107,0,0.0,910,22611,5496
15,28122,0,0.0,911,22622,5500
15,28137,0,0.0,912,22632,5505
31,28168,0,0.0,913,22655,5513
25,28193,0,0.0,914,22672,5521
28,28221,0,0.0,915,22697,5524
87,28308,0,0.0,916,22767,5541
27,28335,0,0.0,917,22790,5545
15,28350,0,0.0,918,22804,5546
32,28382,0,0.0,919,22827,5555
20,28402,0,0.0,920,22843,5559
25,28427,0,0.0,921,22863,5564
16,28443,0,0.0,922,22876,5567
57,28500,0,0.0,923,22912,5588
15,28515,0,0.0,924,22925,5590
8,28523,0,0.0,925,22931,5592
38,28561,0,0.0,926,22960,5601
15,28576,0,0.0,927,22973,5603
27,28603,0,0.0,928,22996,5607
49,28652,0,0.0,929,23038,5614
100,28752,0,0.0,930,23122,5630
71,28823,0,0.0,931,23181,5642
24,28847,0,0.0,932,23200,5647
20,28867,0,0.0,933,23211,5656
28,28895,0,0.0,934,23232,5663
79,28974,0,0.0,935,23290,5684
15,28989,0,0.0,936,23302,5687
20,29009,0,0.0,937,23317,5692
82,29091,0,0.0,938,23386,5705
41,29132,0,0.0,939,23421,5711
46,29178,0,0.0,940,23453,5725
6,29184,0,0.0,941,23458,5726
12,29196,0,0.0,942,23467,5729
32,29228,0,0.0,943,23492,5736
22,29250,0,0.0,944,23509,5741
17,29267,0,0.0,945,23525,5742
30,29297,0,0.0,946,23544,5753
16,29313,0,0.0,947,23557,5756
28,29341,0,0.0,948,23582,5759
38,29379,0,0.0,949,23612,5767
12,29391,0,0.0,950,23622,5769
22,29413,0,0.0,951,23639,5774
100,29513,0,0.0,952,23717,5796
12,29525,0,0.0,953,23726,5799
54,29579,0,0.0,954,23769,5810
29,29608,0,0.0,955,23791,5817
20,29628,0,0.0,956,23805,5823
50,29678,0,0.0,957,23845,5833
50,29728,0,0.0,958,23889,5839
39,29767,0,0.0,959,23919,5848
32,29799,0,0.0,960,23946,5853
46,29845,0,0.0,961,23982,5863
8,29853,0,0.0,962,23989,5864
49,29902,0,0.0,963,24024,5878
33,29935,0,0.0,964,24051,5884
28,29963,0,0.0,965,24071,5892
26,29989,0,0.0,966,24092,5897
88,30077,0,0.0,967,24169,5908
37,30114,0,0.0,968,24201,5913
6,30120,0,0.0,969,24206,5914
59,30179,0,0.0,970,24252,5927
29,30208,0,0.0,971,24277,5931
29,30237,0,0.0,972,24298,5939
7,30244,0,0.0,973,24304,5940
22,30266,0,0.0,974,24320,5946
10,30276,0,0.0,975,24328,5948
28,30304,0,0.0,976,24352,5952
12,30316,0,0.0,977,24363,5953
29,30345,0,0.0,978,24388,5957
13,30358,0,0.0,979,24398,5960
24,30382,0,0.0,980,24417,5965
12,30394,0,0.0,981,24429,5965
47,30441,0,0.0,982,24464,5977
10,30451,0,0.0,983,24472,5979
21,30472,0,0.0,984,24488,5984
24,30496,0,0.0,985,24509,5987
100,30596,0,0.0,986,24587,6009
11,30607,0,0.0,987,24595,6012
57,30664,0,0.0,988,24640,6024
19,30683,0,0.0,989,24655,6028
12,30695,0,0.0,990,24665,6030
44,30739,0,0.0,991,24703,6036
74,30813,0,0.0,992,24763,6050
34,30847,0,0.0,993,24789,6058
15,30862,0,0.0,994,24801,6061
44,30906,0,0.0,995,24835,6071
20,30926,0,0.0,996,24852,6074
28,30954,0,0.0,997,24874,6080
36,30990,0,0.0,998,24907,6083
46,31036,0,0.0,999,24939,6097
100,31136,0,0.0,1000,25022,6114
23,31159,0,0.0,1001,25040,6119
35,31194,0,0.0,1002,25067,6127
15,31209,0,0.0,1003,25078,6131
9,31218,0,0.0,1004,25084,6134
22,31240,0,0.0,1005,25102,6138
6,31246,0,0.0,1006,25106,6140
71,31317,0,0.0,1007,25165,6152
16,31333,0,0.0,1008,25177,6156
80,31413,0,0.0,1009,25239,6174
16,31429,0,0.0,1010,25252,6177
29,31458,0,0.0,1011,25273,6185
12,31470,0,0.0,1012,25280,6190
23,31493,0,0.0,1013,25297,6196
32,31525,0,0.0,1014,25325,6200
36,31561,0,0.0,1015,25353,6208
27,31588,0,0.0,1016,25372,6216
16,31604,0,0.0,1017,25388,6216
80,31684,0,0.0,1018,25460,6224
37,31721,0,0.0,1019,25490,6231
8,31729,0,0.0,1020,25497,6232
37,31766,0,0.0,1021,25530,6236
26,31792,0,0.0,1022,25549,6243
34,31826,0,0.0,1023,25576,6250
51,31877,0,0.0,1024,25615,6262
13,31890,0,0.0,1025,25627,6263
7,31897,0,0.0,1026,25632,6265
18,31915,0,0.0,1027,25647,6268
23,31938,0,0.0,1028,25662,6276
21,31959,0,0.0,1029,25678,6281
18,31977,0,0.0,1030,25690,6287
31,32008,0,0.0,1031,25716,6292
39,32047,0,0.0,1032,25743,6304
8,32055,0,0.0,1033,25750,6305
35,32090,0,0.0,1034,25776,6314
47,32137,0,0.0,1035,25811,6326
37,32174,0,0.0,1036,25843,6331
19,32193,0,0.0,1037,25856,6337
12,32205,0,0.0,1038,25867,6338
32,32237,0,0.0,1039,25891,6346
15,32252,0,0.0,1040,25903,6349
12,32264,0,0.0,1041,25912,6352
15,32279,0,0.0,1042,25924,6355
34,32313,0,0.0,1043,25950,6363
12,32325,0,0.0,1044,25959,6366
17,32342,0,0.0,1045,25971,6371
28,32370,0,0.0,1046,25993,6377
60,32430,0,0.0,1047,26038,6392
33,32463,0,0.0,1048,26067,6396
16,32479,0,0.0,1049,26080,6399
30,32509,0,0.0,1050,26104,6405
100,32609,0,0.0,1051,26178,6431
38,32647,0,0.0,1052,26206,6441
33,32680,0,0.0,1053,26234,6446
31,32711,0,0.0,1054,26257,6454
18,32729,0,0.0,1055,26274,6455
100,32829,0,0.0,1056,26359,6470
47,32876,0,0.0,1057,26397,6479
54,32930,0,0.0,1058,26439,6491
29,32959,0,0.0,1059,26459,6500
12,32971,0,0.0,1060,26469,6502
74,33045,0,0.0,1061,26530,6515
22,33067,0,0.0,1062,26550,6517
11,33078,0,0.0,1063,26559,6519
60,33138,0,0.0,1064,26608,6530
57,33195,0,0.0,1065,26651,6544
8,33203,0,0.0,1066,26656,6547
7,33210,0,0.0,1067,26662,6548
7,33217,0,0.0,1068,26669,6548
36,33253,0,0.0,1069,26702,6551
66,33319,0,0.0,1070,26756,6563
8,33327,0,0.0,1071,26762,6565
97,33424,0,0.0,1072,26841,6583
10,33434,0,0.0,1073,26849,6585
26,33460,0,0.0,1074,26872,6588
81,33541,0,0.0,1075,26936,6605
21,33562,0,0.0,1076,26952,6610
24,33586,0,0.0,1077,26968,6618
13,33599,0,0.0,1078,26976,6623
48,33647,0,0.0,1079,27015,6632
37,33684,0,0.0,1080,27046,6638
29,33713,0,0.0,1081,27067,6646
37,33750,0,0.0,1082,27098,6652
91,33841,0,0.0,1083,27173,6668
95,33936,0,0.0,1084,27244,6692
28,33964,0,0.0,1085,27264,6700
39,34003,0,0.0,1086,27296,6707
66,34069,0,0.0,1087,27345,6724
100,34169,0,0.0,1088,27432,6737
10,34179,0,0.0,1089,27439,6740
41,34220,0,0.0,1090,27469,6751
19,34239,0,0.0,1091,27485,6754
34,34273,0,0.0,1092,27516,6757
97,34370,0,0.0,1093,27591,6779
21,34391,0,0.0,1094,27610,6781
15,34406,0,0.0,1095,27621,6785
15,34421,0,0.0,1096,27634,6787
27,34448,0,0.0,1097,27659,6789
10,34458,0,0.0,1098,27669,6789
21,34479,0,0.0,1099,27686,6793
43,34522,0,0.0,1100,27722,6800
21,34543,0,0.0,1101,27739,6804
18,34561,0,0.0,1102,27754,6807
19,34580,0,0.0,1103,27770,6810
26,34606,0,0.0,1104,27790,6816
7,34613,0,0.0,1105,27796,6817
13,34626,0,0.0,1106,27808,6818
34,34660,0,0.0,1107,27833,6827
36,34696,0,0.0,1108,27862,6834
34,34730,0,0.0,1109,27889,6841
41,34771,0,0.0,1110,27920,6851
30,34801,0,0.0,1111,27941,6860
18,34819,0,0.0,1112,27959,6860
37,34856,0,0.0,1113,27986,6870
42,34898,0,0.0,1114,28019,6879
61,34959,0,0.0,1115,28069,6890
60,35019,0,0.0,1116,28118,6901
26,35045,0,0.0,1117,28140,6905
12,35057,0,0.0,1118,28148,6909
28,35085,0,0.0,1119,28172,6913
14,35099,0,0.0,1120,28183,6916
21,35120,0,0.0,1121,28198,6922
9,35129,0,0.0,1122,28206,6923
15,35144,0,0.0,1123,28220,6924
33,35177,0,0.0,1124,28246,6931
100,35277,0,0.0,1125,28321,6956
25,35302,0,0.0,1126,28343,6959
100,35402,0,0.0,1127,28426,6976
17,35419,0,0.0,1128,28437,6982
49,35468,0,0.0,1129,28477,6991
34,35502,0,0.0,1130,28507,6995
47,35549,0,0.0,1131,28544,7005
72,35621,0,0.0,1132,28605,7016
17,35638,0,0.0,1133,28622,7016
66,35704,0,0.0,1134,28672,7032
63,35767,0,0.0,1135,28723,7044
21,35788,0,0.0,1136,28742,7046
94,35882,0,0.0,1137,28815,7067
27,35909,0,0.0,1138,28839,7070
23,35932,0,0.0,1139,28856,7076
43,35975,0,0.0,1140,28891,7084
12,35987,0,0.0,1141,28899,7088
43,36030,0,0.0,1142,28935,7095
75,36105,0,0.0,1143,28998,7107
19,36124,0,0.0,1144,29014,7110
24,36148,0,0.0,1145,29030,7118
15,36163,0,0.0,1146,29044,7119
23,36186,0,0.0,1147,29061,7125
53,36239,0,0.0,1148,29105,7134
23,36262,0,0.0,1149,29122,7140
12,36274,0,0.0,1150,29131,7143
51,36325,0,0.0,1151,29168,7157
38,36363,0,0.0,1152,29199,7164
32,36395,0,0.0,1153,29223,7172
22,36417,0,0.0,1154,29244,7173
99,36516,1,1.0,1155,29310,7206
36,36552,1,0.0,1156,29310,7242
35,36587,1,0.0,1157,29310,7277
23,36610,1,0.0,1158,29310,7300
13,36623,1,0.0,1159,29310,7313
23,36646,1,0.0,1160,29310,7336
13,36659,1,0.0,1161,29310,7349
39,36698,1,0.0,1162,29310,7388
25,36723,1,0.0,1163,29310,7413
38,36761,1,0.0,1164,29310,7451
15,36776,1,0.0,1165,29310,7466
61,36837,1,0.0,1166,29311,7526
7,36844,1,0.0,1167,29311,7533
23,36867,1,0.0,1168,29311,7556
46,36913,1,0.0,1169,29311,7602
25,36938,1,0.0,1170,29311,7627
27,36965,1,0.0,1171,29311,7654
20,36985,1,0.0,1172,29311,7674
28,37013,1,0.0,1173,29311,7702
26,37039,1,0.0,1174,29311,7728
22,37061,1,0.0,1175,29311,7750
14,37075,1,0.0,1176,29311,7764
9,37084,1,0.0,1177,29311,7773
37,37121,1,0.0,1178,29311,7810
100,37221,1,0.0,1179,29311,7910
60,37281,1,0.0,1180,29311,7970
52,37333,1,0.0,1181,29312,8021
39,37372,1,0.0,1182,29312,8060
9,37381,1,0.0,1183,29312,8069
15,37396,1,0.0,1184,29312,8084
34,37430,1,0.0,1185,29312,8118
26,37456,1,0.0,1186,29312,8144
16,37472,1,0.0,1187,29312,8160
13,37485,1,0.0,1188,29312,8173
22,37507,1,0.0,1189,29312,8195
71,37578,1,0.0,1190,29312,8266
7,37585,1,0.0,1191,29312,8273
10,37595,1,0.0,1192,29312,8283
38,37633,1,0.0,1193,29312,8321
32,37665,1,0.0,1194,29312,8353
71,37736,1,0.0,1195,29312,8424
17,37753,1,0.0,1196,29312,8441
27,37780,1,0.0,1197,29312,8468
43,37823,1,0.0,1198,29312,8511
25,37848,1,0.0,1199,29312,8536
9,37857,1,0.0,1200,29312,8545
13,37870,1,0.0,1201,29312,8558
65,37935,1,0.0,1202,29314,8621
9,37944,1,0.0,1203,29314,8630
57,38001,1,0.0,1204,29314,8687
54,38055,1,0.0,1205,29314,8741
35,38090,1,0.0,1206,29314,8776
9,38099,1,0.0,1207,29314,8785
15,38114,1,0.0,1208,29314,8800
61,38175,1,0.0,1209,29314,8861
52,38227,1,0.0,1210,29314,8913
23,38250,1,0.0,1211,29315,8935
28,38278,1,0.0,1212,29315,8963
35,38313,1,0.0,1213,29315,8998
9,38322,1,0.0,1214,29315,9007
7,38329,1,0.0,1215,29315,9014
25,38354,1,0.0,1216,29315,9039
63,38417,1,0.0,1217,29315,9102
9,38426,1,0.0,1218,29315,9111
20,38446,1,0.0,1219,29315,9131
9,38455,1,0.0,1220,29315,9140
46,38501,1,0.0,1221,29316,9185
38,38539,1,0.0,1222,29317,9222
15,38554,1,0.0,1223,29317,9237
16,38570,1,0.0,1224,29317,9253
32,38602,1,0.0,1225,29317,9285
14,38616,1,0.0,1226,29317,9299
25,38641,1,0.0,1227,29317,9324
28,38669,1,0.0,1228,29317,9352
49,38718,1,0.0,1229,29317,9401
56,38774,1,0.0,1230,29317,9457
38,38812,1,0.0,1231,29318,9494
22,38834,1,0.0,1232,29318,9516
17,38851,1,0.0,1233,29318,9533
20,38871,1,0.0,1234,29318,9553
23,38894,1,0.0,1235,29319,9575
31,38925,1,0.0,1236,29319,9606
9,38934,1,0.0,1237,29319,9615
18,38952,1,0.0,1238,29319,9633
28,38980,1,0.0,1239,29319,9661
8,38988,1,0.0,1240,29319,9669
39,39027,1,0.0,1241,29319,9708
29,39056,1,0.0,1242,29319,9737
12,39068,1,0.0,1243,29319,9749
11,39079,1,0.0,1244,29319,9760
51,39130,1,0.0,1245,29319,9811
69,39199,1,0.0,1246,29319,9880
66,39265,1,0.0,1247,29320,9945
20,39285,1,0.0,1248,29320,9965
11,39296,1,0.0,1249,29320,9976
50,39346,1,0.0,1250,29320,10026
27,39373,1,0.0,1251,29320,10053
70,39443,1,0.0,1252,29320,10123
29,39472,1,0.0,1253,29320,10152
77,39549,1,0.0,1254,29320,10229
38,39587,1,0.0,1255,29321,10266
30,39617,1,0.0,1256,29321,10296
25,39642,1,0.0,1257,29322,10320
25,39667,1,0.0,1258,29322,10345
32,39699,1,0.0,1259,29322,10377
27,39726,1,0.0,1260,29322,10404
13,39739,1,0.0,1261,29322,10417
19,39758,1,0.0,1262,29322,10436
5,39763,1,0.0,1263,29322,10441
9,39772,1,0.0,1264,29322,10450
33,39805,1,0.0,1265,29322,10483
69,39874,1,0.0,1266,29322,10552
19,39893,1,0.0,1267,29322,10571
32,39925,1,0.0,1268,29322,10603
19,39944,1,0.0,1269,29322,10622
22,39966,1,0.0,1270,29322,10644
11,39977,1,0.0,1271,29322,10655
21,39998,1,0.0,1272,29322,10676
39,40037,1,0.0,1273,29322,10715
42,40079,1,0.0,1274,29322,10757
38,40117,1,0.0,1275,29322,10795
15,40132,1,0.0,1276,29322,10810
34,40166,1,0.0,1277,29322,10844
11,40177,1,0.0,1278,29322,10855
43,40220,1,0.0,1279,29322,10898
13,40233,1,0.0,1280,29322,10911
33,40266,1,0.0,1281,29322,10944
19,40285,1,0.0,1282,29322,10963
51,40336,1,0.0,1283,29322,11014
100,40436,1,0.0,1284,29323,11113
21,40457,1,0.0,1285,29323,11134
5,40462,1,0.0,1286,29323,11139
14,40476,1,0.0,1287,29323,11153
48,40524,1,0.0,1288,29323,11201
47,40571,1,0.0,1289,29324,11247
64,40635,1,0.0,1290,29324,11311
51,40686,1,0.0,1291,29324,11362
42,40728,1,0.0,1292,29324,11404
33,40761,1,0.0,1293,29324,11437
13,40774,1,0.0,1294,29324,11450
89,40863,1,0.0,1295,29325,11538
47,40910,2,1.0,1296,29326,11584
20,40930,2,0.0,1297,29326,11604
17,40947,2,0.0,1298,29326,11621
9,40956,2,0.0,1299,29326,11630
18,40974,2,0.0,1300,29326,11648
35,41009,2,0.0,1301,29326,11683
22,41031,2,0.0,1302,29326,11705
20,41051,2,0.0,1303,29326,11725
41,41092,2,0.0,1304,29326,11766
19,41111,2,0.0,1305,29326,11785
23,41134,2,0.0,1306,29326,11808
49,41183,2,0.0,1307,29326,11857
12,41195,2,0.0,1308,29326,11869
23,41218,2,0.0,1309,29326,11892
33,41251,2,0.0,1310,29326,11925
15,41266,2,0.0,1311,29326,11940
11,41277,2,0.0,1312,29326,11951
17,41294,2,0.0,1313,29326,11968
14,41308,2,0.0,1314,29326,11982
15,41323,2,0.0,1315,29326,11997
8,41331,2,0.0,1316,29326,12005
42,41373,2,0.0,1317,29326,12047
21,41394,2,0.0,1318,29326,12068
35,41429,2,0.0,1319,29326,12103
55,41484,2,0.0,1320,29326,12158
14,41498,2,0.0,1321,29326,12172
100,41598,2,0.0,1322,29326,12272
41,41639,2,0.0,1323,29326,12313
28,41667,2,0.0,1324,29326,12341
22,41689,2,0.0,1325,29326,12363
57,41746,2,0.0,1326,29326,12420
19,41765,2,0.0,1327,29326,12439
55,41820,2,0.0,1328,29326,12494
17,41837,2,0.0,1329,29326,12511
38,41875,2,0.0,1330,29326,12549
17,41892,2,0.0,1331,29326,12566
13,41905,2,0.0,1332,29326,12579
52,41957,2,0.0,1333,29326,12631
100,42057,2,0.0,1334,29326,12731
48,42105,2,0.0,1335,29326,12779
44,42149,2,0.0,1336,29326,12823
27,42176,2,0.0,1337,29326,12850
9,42185,2,0.0,1338,29326,12859
13,42198,2,0.0,1339,29326,12872
11,42209,2,0.0,1340,29326,12883
58,42267,2,0.0,1341,29326,12941
24,42291,2,0.0,1342,29326,12965
65,42356,2,0.0,1343,29327,13029
5,42361,2,0.0,1344,29327,13034
100,42461,2,0.0,1345,29328,13133
53,42514,2,0.0,1346,29328,13186
76,42590,2,0.0,1347,29328,13262
36,42626,2,0.0,1348,29328,13298
25,42651,2,0.0,1349,29329,13322
66,42717,2,0.0,1350,29329,13388
26,42743,2,0.0,1351,29329,13414
18,42761,2,0.0,1352,29329,13432
42,42803,2,0.0,1353,29329,13474
96,42899,2,0.0,1354,29330,13569
8,42907,2,0.0,1355,29330,13577
14,42921,2,0.0,1356,29330,13591
17,42938,2,0.0,1357,29330,13608
45,42983,2,0.0,1358,29330,13653
20,43003,2,0.0,1359,29330,13673
13,43016,2,0.0,1360,29330,13686
41,43057,2,0.0,1361,29330,13727
13,43070,2,0.0,1362,29330,13740
43,43113,2,0.0,1363,29330,13783
25,43138,2,0.0,1364,29330,13808
86,43224,2,0.0,1365,29330,13894
52,43276,2,0.0,1366,29330,13946
16,43292,2,0.0,1367,29330,13962
32,43324,2,0.0,1368,29330,13994
35,43359,2,0.0,1369,29330,14029
30,43389,2,0.0,1370,29330,14059
70,43459,2,0.0,1371,29330,14129
16,43475,2,0.0,1372,29330,14145
27,43502,2,0.0,1373,29330,14172
26,43528,2,0.0,1374,29330,14198
17,43545,2,0.0,1375,29330,14215
15,43560,2,0.0,1376,29330,14230
84,43644,2,0.0,1377,29330,14314
39,43683,2,0.0,1378,29330,14353
26,43709,2,0.0,1379,29330,14379
47,43756,2,0.0,1380,29330,14426
9,43765,2,0.0,1381,29330,14435
34,43799,2,0.0,1382,29330,14469
16,43815,2,0.0,1383,29330,14485
26,43841,2,0.0,1384,29330,14511
24,43865,2,0.0,1385,29330,14535
29,43894,2,0.0,1386,29330,14564
8,43902,2,0.0,1387,29330,14572
20,43922,2,0.0,1388,29330,14592
78,44000,2,0.0,1389,29330,14670
21,44021,2,0.0,1390,29330,14691
52,44073,2,0.0,1391,29330,14743
51,44124,2,0.0,1392,29330,14794
19,44143,2,0.0,1393,29330,14813
8,44151,2,0.0,1394,29330,14821
29,44180,2,0.0,1395,29330,14850
17,44197,2,0.0,1396,29330,14867
8,44205,2,0.0,1397,29330,14875
51,44256,2,0.0,1398,29330,14926
28,44284,2,0.0,1399,29330,14954
14,44298,2,0.0,1400,29330,14968
35,44333,2,0.0,1401,29330,15003
22,44355,2,0.0,1402,29330,15025
12,44367,2,0.0,1403,29330,15037
80,44447,2,0.0,1404,29330,15117
38,44485,2,0.0,1405,29330,15155
10,44495,2,0.0,1406,29330,15165
35,44530,2,0.0,1407,29330,15200
22,44552,2,0.0,1408,29330,15222
33,44585,2,0.0,1409,29330,15255
24,44609,2,0.0,1410,29330,15279
10,44619,2,0.0,1411,29330,15289
73,44692,2,0.0,1412,29330,15362
67,44759,2,0.0,1413,29330,15429
44,44803,2,0.0,1414,29330,15473
15,44818,2,0.0,1415,29330,15488
12,44830,2,0.0,1416,29330,15500
30,44860,2,0.0,1417,29330,15530
20,44880,2,0.0,1418,29330,15550
5,44885,2,0.0,1419,29330,15555
15,44900,2,0.0,1420,29330,15570
33,44933,2,0.0,1421,29330,15603
26,44959,2,0.0,1422,29330,15629
18,44977,2,0.0,1423,29330,15647
11,44988,2,0.0,1424,29330,15658
43,45031,3,1.0,1425,29330,15701
56,45087,3,0.0,1426,29330,15757
14,45101,3,0.0,1427,29330,15771
7,45108,3,0.0,1428,29330,15778
66,45174,4,1.0,1429,29330,15844
42,45216,4,0.0,1430,29330,15886
14,45230,4,0.0,1431,29330,15900
17,45247,4,0.0,1432,29330,15917
5,45252,4,0.0,1433,29330,15922
9,45261,4,0.0,1434,29330,15931
35,45296,5,1.0,1435,29330,15966
28,45324,6,1.0,1436,29330,15994
84,45408,6,0.0,1437,29330,16078
13,45421,6,0.0,1438,29330,16091
29,45450,6,0.0,1439,29330,16120
35,45485,6,0.0,1440,29330,16155
20,45505,6,0.0,1441,29330,16175
23,45528,6,0.0,1442,29330,16198
11,45539,6,0.0,1443,29330,16209
20,45559,6,0.0,1444,29330,16229
15,45574,6,0.0,1445,29330,16244
13,45587,6,0.0,1446,29330,16257
12,45599,6,0.0,1447,29330,16269
14,45613,6,0.0,1448,29330,16283
7,45620,6,0.0,1449,29330,16290
28,45648,6,0.0,1450,29330,16318
7,45655,6,0.0,1451,29330,16325
15,45670,6,0.0,1452,29330,16340
19,45689,6,0.0,1453,29330,16359
24,45713,6,0.0,1454,29330,16383
42,45755,6,0.0,1455,29330,16425
53,45808,6,0.0,1456,29330,16478
28,45836,6,0.0,1457,29330,16506
62,45898,6,0.0,1458,29330,16568
8,45906,6,0.0,1459,29330,16576
9,45915,6,0.0,1460,29330,16585
30,45945,6,0.0,1461,29330,16615
18,45963,6,0.0,1462,29330,16633
44,46007,6,0.0,1463,29330,16677
28,46035,6,0.0,1464,29330,16705
17,46052,6,0.0,1465,29330,16722
24,46076,6,0.0,1466,29330,16746
24,46100,6,0.0,1467,29330,16770
6,46106,6,0.0,1468,29330,16776
21,46127,6,0.0,1469,29330,16797
17,46144,6,0.0,1470,29330,16814
90,46234,6,0.0,1471,29330,16904
30,46264,6,0.0,1472,29330,16934
46,46310,6,0.0,1473,29330,16980
100,46410,6,0.0,1474,29330,17080
20,46430,6,0.0,1475,29330,17100
29,46459,6,0.0,1476,29330,17129
49,46508,6,0.0,1477,29330,17178
38,46546,7,1.0,1478,29330,17216
10,46556,7,0.0,1479,29330,17226
64,46620,7,0.0,1480,29330,17290
23,46643,7,0.0,1481,29330,17313
42,46685,7,0.0,1482,29330,17355
20,46705,7,0.0,1483,29330,17375
26,46731,7,0.0,1484,29330,17401
43,46774,7,0.0,1485,29330,17444
58,46832,8,1.0,1486,29330,17502
30,46862,8,0.0,1487,29330,17532
15,46877,8,0.0,1488,29330,17547
70,46947,8,0.0,1489,29330,17617
28,46975,8,0.0,1490,29330,17645
21,46996,8,0.0,1491,29330,17666
19,47015,8,0.0,1492,29330,17685
16,47031,8,0.0,1493,29330,17701
42,47073,8,0.0,1494,29330,17743
37,47110,8,0.0,1495,29330,17780
58,47168,8,0.0,1496,29330,17838
43,47211,8,0.0,1497,29330,17881
17,47228,8,0.0,1498,29330,17898
8,47236,8,0.0,1499,29330,17906
31,47267,8,0.0,1500,29330,17937
18,47285,8,0.0,1501,29330,17955
51,47336,8,0.0,1502,29330,18006
7,47343,8,0.0,1503,29330,18013
62,47405,8,0.0,1504,29330,18075
20,47425,8,0.0,1505,29330,18095
61,47486,8,0.0,1506,29330,18156
25,47511,8,0.0,1507,29330,18181
14,47525,8,0.0,1508,29330,18195
23,47548,8,0.0,1509,29330,18218
30,47578,9,1.0,1510,29330,18248
18,47596,9,0.0,1511,29330,18266
9,47605,9,0.0,1512,29330,18275
22,47627,9,0.0,1513,29330,18297
67,47694,9,0.0,1514,29330,18364
12,47706,9,0.0,1515,29330,18376
18,47724,9,0.0,1516,29330,18394
68,47792,9,0.0,1517,29330,18462
9,47801,9,0.0,1518,29330,18471
28,47829,9,0.0,1519,29330,18499
16,47845,9,0.0,1520,29330,18515
71,47916,9,0.0,1521,29330,18586
16,47932,9,0.0,1522,29330,18602
28,47960,9,0.0,1523,29330,18630
23,47983,9,0.0,1524,29330,18653
36,48019,9,0.0,1525,29330,18689
14,48033,9,0.0,1526,29330,18703
40,48073,9,0.0,1527,29330,18743
20,48093,9,0.0,1528,29330,18763
16,48109,9,0.0,1529,29330,18779
19,48128,9,0.0,1530,29330,18798
42,48170,9,0.0,1531,29330,18840
42,48212,10,1.0,1532,29330,18882
78,48290,10,0.0,1533,29330,18960
92,48382,10,0.0,1534,29330,19052
16,48398,10,0.0,1535,29330,19068
23,48421,10,0.0,1536,29330,19091
55,48476,10,0.0,1537,29330,19146
100,48576,10,0.0,1538,29330,19246
12,48588,10,0.0,1539,29330,19258
40,48628,10,0.0,1540,29330,19298
30,48658,11,1.0,1541,29330,19328
55,48713,11,0.0,1542,29330,19383
16,48729,11,0.0,1543,29330,19399
17,48746,11,0.0,1544,29330,19416
69,48815,11,0.0,1545,29330,19485
11,48826,11,0.0,1546,29330,19496
14,48840,11,0.0,1547,29330,19510
27,48867,11,0.0,1548,29330,19537
24,48891,11,0.0,1549,29330,19561
30,48921,11,0.0,1550,29330,19591
18,48939,11,0.0,1551,29330,19609
51,48990,12,1.0,1552,29330,19660
18,49008,12,0.0,1553,29330,19678
29,49037,12,0.0,1554,29330,19707
21,49058,12,0.0,1555,29330,19728
23,49081,12,0.0,1556,29330,19751
54,49135,12,0.0,1557,29330,19805
11,49146,12,0.0,1558,29330,19816
34,49180,12,0.0,1559,29330,19850
14,49194,12,0.0,1560,29330,19864
21,49215,12,0.0,1561,29330,19885
13,49228,12,0.0,1562,29330,19898
25,49253,12,0.0,1563,29330,19923
26,49279,12,0.0,1564,29330,19949
6,49285,12,0.0,1565,29330,19955
16,49301,12,0.0,1566,29330,19971
7,49308,12,0.0,1567,29330,19978
12,49320,12,0.0,1568,29330,19990
31,49351,12,0.0,1569,29330,20021
24,49375,13,1.0,1570,29330,20045
14,49389,13,0.0,1571,29330,20059
26,49415,13,0.0,1572,29330,20085
55,49470,13,0.0,1573,29330,20140
55,49525,13,0.0,1574,29330,20195
21,49546,13,0.0,1575,29330,20216
16,49562,13,0.0,1576,29330,20232
11,49573,13,0.0,1577,29330,20243
22,49595,13,0.0,1578,29330,20265
13,49608,13,0.0,1579,29330,20278
21,49629,13,0.0,1580,29330,20299
32,49661,13,0.0,1581,29330,20331
60,49721,13,0.0,1582,29330,20391
36,49757,13,0.0,1583,29330,20427
73,49830,13,0.0,1584,29330,20500
22,49852,13,0.0,1585,29330,20522
12,49864,13,0.0,1586,29330,20534
31,49895,13,0.0,1587,29330,20565
50,49945,13,0.0,1588,29330,20615
17,49962,13,0.0,1589,29330,20632
11,49973,13,0.0,1590,29330,20643
41,50014,13,0.0,1591,29330,20684
9,50023,13,0.0,1592,29330,20693
32,50055,13,0.0,1593,29330,20725
10,50065,13,0.0,1594,29330,20735
18,50083,13,0.0,1595,29330,20753
10,50093,13,0.0,1596,29330,20763
22,50115,13,0.0,1597,29330,20785
16,50131,13,0.0,1598,29330,20801
33,50164,13,0.0,1599,29330,20834
34,50198,13,0.0,1600,29330,20868
26,50224,13,0.0,1601,29330,20894
18,50242,13,0.0,1602,29330,20912
13,50255,13,0.0,1603,29330,20925
22,50277,13,0.0,1604,29330,20947
20,50297,13,0.0,1605,29330,20967
60,50357,13,0.0,1606,29330,21027
18,50375,13,0.0,1607,29330,21045
72,50447,13,0.0,1608,29330,21117
8,50455,13,0.0,1609,29330,21125
72,50527,13,0.0,1610,29330,21197
36,50563,13,0.0,1611,29330,21233
44,50607,13,0.0,1612,29330,21277
74,50681,13,0.0,1613,29330,21351
35,50716,13,0.0,1614,29330,21386
42,50758,13,0.0,1615,29330,21428
46,50804,13,0.0,1616,29330,21474
44,50848,13,0.0,1617,29330,21518
58,50906,13,0.0,1618,29330,21576
95,51001,13,0.0,1619,29330,21671
25,51026,13,0.0,1620,29330,21696
19,51045,13,0.0,1621,29330,21715
18,51063,13,0.0,1622,29330,21733
13,51076,13,0.0,1623,29330,21746
37,51113,13,0.0,1624,29330,21783
43,51156,13,0.0,1625,29330,21826
27,51183,13,0.0,1626,29330,21853
8,51191,13,0.0,1627,29330,21861
35,51226,13,0.0,1628,29330,21896
19,51245,13,0.0,1629,29330,21915
100,51345,13,0.0,1630,29330,22015
52,51397,14,1.0,1631,29330,22067
36,51433,14,0.0,1632,29330,22103
8,51441,14,0.0,1633,29330,22111
37,51478,14,0.0,1634,29330,22148
12,51490,14,0.0,1635,29330,22160
11,51501,14,0.0,1636,29330,22171
62,51563,14,0.0,1637,29330,22233
69,51632,14,0.0,1638,29330,22302
26,51658,14,0.0,1639,29330,22328
31,51689,14,0.0,1640,29330,22359
28,51717,14,0.0,1641,29330,22387
56,51773,14,0.0,1642,29330,22443
38,51811,14,0.0,1643,29330,22481
29,51840,14,0.0,1644,29330,22510
11,51851,14,0.0,1645,29330,22521
14,51865,14,0.0,1646,29330,22535
17,51882,14,0.0,1647,29330,22552
16,51898,14,0.0,1648,29330,22568
70,51968,14,0.0,1649,29330,22638
12,51980,14,0.0,1650,29330,22650
53,52033,14,0.0,1651,29330,22703
32,52065,14,0.0,1652,29330,22735
44,52109,14,0.0,1653,29330,22779
36,52145,14,0.0,1654,29330,22815
14,52159,14,0.0,1655,29330,22829
53,52212,14,0.0,1656,29330,22882
17,52229,14,0.0,1657,29330,22899
9,52238,14,0.0,1658,29330,22908
39,52277,14,0.0,1659,29330,22947
55,52332,14,0.0,1660,29330,23002
58,52390,14,0.0,1661,29330,23060
37,52427,14,0.0,1662,29330,23097
13,52440,14,0.0,1663,29330,23110
26,52466,14,0.0,1664,29330,23136
10,52476,14,0.0,1665,29330,23146
24,52500,14,0.0,1666,29330,23170
29,52529,14,0.0,1667,29330,23199
32,52561,14,0.0,1668,29330,23231
27,52588,14,0.0,1669,29330,23258
32,52620,14,0.0,1670,29330,23290
6,52626,14,0.0,1671,29330,23296
24,52650,14,0.0,1672,29330,23320
9,52659,14,0.0,1673,29330,23329
35,52694,15,1.0,1674,29330,23364
25,52719,15,0.0,1675,29330,23389
21,52740,15,0.0,1676,29330,23410
15,52755,15,0.0,1677,29330,23425
43,52798,15,0.0,1678,29330,23468
62,52860,15,0.0,1679,29330,23530
34,52894,16,1.0,1680,29330,23564
5,52899,16,0.0,1681,29330,23569
10,52909,16,0.0,1682,29330,23579
16,52925,16,0.0,1683,29330,23595
14,52939,16,0.0,1684,29330,23609
73,53012,16,0.0,1685,29330,23682
45,53057,17,1.0,1686,29330,23727
11,53068,17,0.0,1687,29330,23738
5,53073,17,0.0,1688,29330,23743
8,53081,17,0.0,1689,29330,23751
35,53116,17,0.0,1690,29330,23786
31,53147,17,0.0,1691,29330,23817
44,53191,18,1.0,1692,29330,23861
16,53207,18,0.0,1693,29330,23877
21,53228,18,0.0,1694,29330,23898
9,53237,18,0.0,1695,29330,23907
20,53257,18,0.0,1696,29330,23927
27,53284,18,0.0,1697,29330,23954
34,53318,18,0.0,1698,29330,23988
32,53350,18,0.0,1699,29330,24020
30,53380,18,0.0,1700,29330,24050
72,53452,19,1.0,1701,29330,24122
51,53503,19,0.0,1702,29330,24173
13,53516,19,0.0,1703,29330,24186
12,53528,19,0.0,1704,29330,24198
25,53553,19,0.0,1705,29330,24223
29,53582,19,0.0,1706,29330,24252
52,53634,19,0.0,1707,29330,24304
15,53649,19,0.0,1708,29330,24319
32,53681,19,0.0,1709,29330,24351
23,53704,19,0.0,1710,29330,24374
10,53714,19,0.0,1711,29330,24384
20,53734,19,0.0,1712,29330,24404
27,53761,19,0.0,1713,29330,24431
45,53806,19,0.0,1714,29330,24476
44,53850,19,0.0,1715,29330,24520
24,53874,19,0.0,1716,29330,24544
10,53884,19,0.0,1717,29330,24554
24,53908,19,0.0,1718,29330,24578
26,53934,19,0.0,1719,29330,24604
9,53943,19,0.0,1720,29330,24613
76,54019,19,0.0,1721,29330,24689
11,54030,19,0.0,1722,29330,24700
11,54041,19,0.0,1723,29330,24711
29,54070,19,0.0,1724,29330,24740
30,54100,19,0.0,1725,29330,24770
48,54148,19,0.0,1726,29330,24818
21,54169,19,0.0,1727,29330,24839
20,54189,19,0.0,1728,29330,24859
14,54203,19,0.0,1729,29330,24873
25,54228,19,0.0,1730,29330,24898
32,54260,19,0.0,1731,29330,24930
15,54275,19,0.0,1732,29330,24945
25,54300,19,0.0,1733,29330,24970
22,54322,19,0.0,1734,29330,24992
10,54332,19,0.0,1735,29330,25002
83,54415,19,0.0,1736,29330,25085
23,54438,19,0.0,1737,29330,25108
22,54460,19,0.0,1738,29330,25130
56,54516,19,0.0,1739,29330,25186
29,54545,19,0.0,1740,29330,25215
27,54572,19,0.0,1741,29330,25242
58,54630,19,0.0,1742,29330,25300
31,54661,19,0.0,1743,29330,25331
24,54685,19,0.0,1744,29330,25355
22,54707,19,0.0,1745,29330,25377
52,54759,19,0.0,1746,29330,25429
31,54790,19,0.0,1747,29330,25460
20,54810,19,0.0,1748,29330,25480
35,54845,19,0.0,1749,29330,25515
9,54854,19,0.0,1750,29330,25524
14,54868,19,0.0,1751,29330,25538
10,54878,19,0.0,1752,29330,25548
51,54929,19,0.0,1753,29330,25599
26,54955,19,0.0,1754,29330,25625
25,54980,19,0.0,1755,29330,25650
7,54987,19,0.0,1756,29330,25657
42,55029,19,0.0,1757,29330,25699
28,55057,19,0.0,1758,29330,25727
9,55066,19,0.0,1759,29330,25736
18,55084,19,0.0,1760,29330,25754
6,55090,19,0.0,1761,29330,25760
33,55123,19,0.0,1762,29330,25793
23,55146,19,0.0,1763,29330,25816
25,55171,19,0.0,1764,29330,25841
39,55210,19,0.0,1765,29330,25880
68,55278,19,0.0,1766,29330,25948
83,55361,19,0.0,1767,29330,26031
15,55376,19,0.0,1768,29330,26046
63,55439,20,1.0,1769,29330,26109
47,55486,20,0.0,1770,29330,26156
22,55508,20,0.0,1771,29330,26178
13,55521,20,0.0,1772,29330,26191
47,55568,20,0.0,1773,29330,26238
11,55579,20,0.0,1774,29330,26249
16,55595,20,0.0,1775,29330,26265
16,55611,20,0.0,1776,29330,26281
16,55627,20,0.0,1777,29330,26297
32,55659,20,0.0,1778,29330,26329
52,55711,20,0.0,1779,29330,26381
25,55736,20,0.0,1780,29330,26406
5,55741,20,0.0,1781,29330,26411
18,55759,20,0.0,1782,29330,26429
65,55824,20,0.0,1783,29330,26494
10,55834,20,0.0,1784,29330,26504
45,55879,20,0.0,1785,29330,26549
21,55900,20,0.0,1786,29330,26570
15,55915,20,0.0,1787,29330,26585
17,55932,20,0.0,1788,29330,26602
18,55950,20,0.0,1789,29330,26620
15,55965,20,0.0,1790,29330,26635
17,55982,20,0.0,1791,29330,26652
15,55997,20,0.0,1792,29330,26667
23,56020,21,1.0,1793,29330,26690
24,56044,21,0.0,1794,29330,26714
7,56051,21,0.0,1795,29330,26721
39,56090,21,0.0,1796,29330,26760
21,56111,21,0.0,1797,29330,26781
24,56135,22,1.0,1798,29330,26805
64,56199,22,0.0,1799,29330,26869
60,56259,23,1.0,1800,29330,26929
37,56296,23,0.0,1801,29330,26966
28,56324,23,0.0,1802,29330,26994
12,56336,23,0.0,1803,29330,27006
14,56350,23,0.0,1804,29330,27020
14,56364,23,0.0,1805,29330,27034
18,56382,23,0.0,1806,29330,27052
100,56482,23,0.0,1807,29330,27152
35,56517,23,0.0,1808,29330,27187
16,56533,23,0.0,1809,29330,27203
21,56554,23,0.0,1810,29330,27224
30,56584,23,0.0,1811,29330,27254
36,56620,23,0.0,1812,29330,27290
44,56664,23,0.0,1813,29330,27334
26,56690,23,0.0,1814,29330,27360
24,56714,23,0.0,1815,29330,27384
23,56737,23,0.0,1816,29330,27407
28,56765,23,0.0,1817,29330,27435
25,56790,23,0.0,1818,29330,27460
41,56831,23,0.0,1819,29330,27501
15,56846,23,0.0,1820,29330,27516
21,56867,23,0.0,1821,29330,27537
13,56880,23,0.0,1822,29330,27550
9,56889,23,0.0,1823,29330,27559
27,56916,23,0.0,1824,29330,27586
57,56973,23,0.0,1825,29330,27643
19,56992,23,0.0,1826,29330,27662
23,57015,23,0.0,1827,29330,27685
27,57042,23,0.0,1828,29330,27712
24,57066,23,0.0,1829,29330,27736
23,57089,24,1.0,1830,29330,27759
11,57100,24,0.0,1831,29330,27770
47,57147,24,0.0,1832,29330,27817
49,57196,24,0.0,1833,29330,27866
18,57214,24,0.0,1834,29330,27884
16,57230,24,0.0,1835,29330,27900
76,57306,24,0.0,1836,29330,27976
7,57313,24,0.0,1837,29330,27983
76,57389,25,1.0,1838,29330,28059
36,57425,25,0.0,1839,29330,28095
19,57444,25,0.0,1840,29330,28114
17,57461,25,0.0,1841,29330,28131
30,57491,25,0.0,1842,29330,28161
26,57517,25,0.0,1843,29330,28187
19,57536,25,0.0,1844,29330,28206
13,57549,25,0.0,1845,29330,28219
40,57589,25,0.0,1846,29330,28259
12,57601,25,0.0,1847,29330,28271
29,57630,25,0.0,1848,29330,28300
50,57680,26,1.0,1849,29330,28350
11,57691,26,0.0,1850,29330,28361
14,57705,26,0.0,1851,29330,28375
23,57728,27,1.0,1852,29330,28398
25,57753,27,0.0,1853,29330,28423
31,57784,27,0.0,1854,29330,28454
14,57798,27,0.0,1855,29330,28468
16,57814,27,0.0,1856,29330,28484
35,57849,27,0.0,1857,29330,28519
34,57883,27,0.0,1858,29330,28553
14,57897,27,0.0,1859,29330,28567
37,57934,28,1.0,1860,29330,28604
48,57982,28,0.0,1861,29330,28652
35,58017,28,0.0,1862,29330,28687
10,58027,28,0.0,1863,29330,28697
19,58046,28,0.0,1864,29330,28716
7,58053,28,0.0,1865,29330,28723
27,58080,28,0.0,1866,29330,28750
10,58090,28,0.0,1867,29330,28760
21,58111,29,1.0,1868,29330,28781
71,58182,29,0.0,1869,29330,28852
31,58213,29,0.0,1870,29330,28883
10,58223,29,0.0,1871,29330,28893
26,58249,29,0.0,1872,29330,28919
19,58268,29,0.0,1873,29330,28938
32,58300,29,0.0,1874,29330,28970
43,58343,30,1.0,1875,29330,29013
28,58371,30,0.0,1876,29330,29041
36,58407,30,0.0,1877,29330,29077
48,58455,30,0.0,1878,29330,29125
62,58517,30,0.0,1879,29330,29187
25,58542,30,0.0,1880,29330,29212
14,58556,30,0.0,1881,29330,29226
32,58588,30,0.0,1882,29330,29258
71,58659,30,0.0,1883,29330,29329
45,58704,30,0.0,1884,29330,29374
48,58752,30,0.0,1885,29330,29422
51,58803,30,0.0,1886,29330,29473
46,58849,31,1.0,1887,29330,29519
17,58866,31,0.0,1888,29330,29536
18,58884,31,0.0,1889,29330,29554
100,58984,31,0.0,1890,29330,29654
8,58992,31,0.0,1891,29330,29662
28,59020,31,0.0,1892,29330,29690
31,59051,31,0.0,1893,29330,29721
28,59079,31,0.0,1894,29330,29749
11,59090,31,0.0,1895,29330,29760
14,59104,31,0.0,1896,29330,29774
5,59109,31,0.0,1897,29330,29779
23,59132,31,0.0,1898,29330,29802
13,59145,31,0.0,1899,29330,29815
49,59194,31,0.0,1900,29330,29864
10,59204,31,0.0,1901,29330,29874
40,59244,31,0.0,1902,29330,29914
12,59256,31,0.0,1903,29330,29926
47,59303,31,0.0,1904,29330,29973
24,59327,31,0.0,1905,29330,29997
11,59338,31,0.0,1906,29330,30008
14,59352,31,0.0,1907,29330,30022
21,59373,31,0.0,1908,29330,30043
21,59394,31,0.0,1909,29330,30064
27,59421,31,0.0,1910,29330,30091
16,59437,31,0.0,1911,29330,30107
17,59454,31,0.0,1912,29330,30124
23,59477,31,0.0,1913,29330,30147
9,59486,31,0.0,1914,29330,30156
91,59577,31,0.0,1915,29330,30247
73,59650,31,0.0,1916,29330,30320
8,59658,31,0.0,1917,29330,30328
20,59678,31,0.0,1918,29330,30348
12,59690,31,0.0,1919,29330,30360
9,59699,31,0.0,1920,29330,30369
8,59707,31,0.0,1921,29330,30377
30,59737,31,0.0,1922,29330,30407
15,59752,31,0.0,1923,29330,30422
10,59762,31,0.0,1924,29330,30432
41,59803,31,0.0,1925,29330,30473
21,59824,31,0.0,1926,29330,30494
18,59842,31,0.0,1927,29330,30512
75,59917,31,0.0,1928,29330,30587
22,59939,31,0.0,1929,29330,30609
24,59963,31,0.0,1930,29330,30633
19,59982,31,0.0,1931,29330,30652
75,60057,31,0.0,1932,29330,30727
86,60143,31,0.0,1933,29330,30813
9,60152,31,0.0,1934,29330,30822
7,60159,31,0.0,1935,29330,30829
17,60176,31,0.0,1936,29330,30846
15,60191,31,0.0,1937,29330,30861
68,60259,31,0.0,1938,29330,30929
30,60289,31,0.0,1939,29330,30959
16,60305,31,0.0,1940,29330,30975
6,60311,31,0.0,1941,29330,30981
20,60331,31,0.0,1942,29330,31001
12,60343,31,0.0,1943,29330,31013
62,60405,31,0.0,1944,29330,31075
26,60431,31,0.0,1945,29330,31101
12,60443,31,0.0,1946,29330,31113
47,60490,31,0.0,1947,29330,31160
31,60521,31,0.0,1948,29330,31191
82,60603,31,0.0,1949,29330,31273
46,60649,31,0.0,1950,29330,31319
12,60661,31,0.0,1951,29330,31331
12,60673,31,0.0,1952,29330,31343
81,60754,31,0.0,1953,29330,31424
24,60778,31,0.0,1954,29330,31448
21,60799,31,0.0,1955,29330,31469
24,60823,31,0.0,1956,29330,31493
21,60844,31,0.0,1957,29330,31514
23,60867,31,0.0,1958,29330,31537
27,60894,31,0.0,1959,29330,31564
43,60937,32,1.0,1960,29330,31607
29,60966,32,0.0,1961,29330,31636
25,60991,33,1.0,1962,29330,31661
72,61063,33,0.0,1963,29330,31733
11,61074,33,0.0,1964,29330,31744
42,61116,33,0.0,1965,29330,31786
49,61165,33,0.0,1966,29330,31835
44,61209,33,0.0,1967,29330,31879
43,61252,33,0.0,1968,29330,31922
20,61272,33,0.0,1969,29330,31942
15,61287,33,0.0,1970,29330,31957
40,61327,33,0.0,1971,29330,31997
20,61347,33,0.0,1972,29330,32017
19,61366,33,0.0,1973,29330,32036
7,61373,33,0.0,1974,29330,32043
10,61383,33,0.0,1975,29330,32053
62,61445,33,0.0,1976,29330,32115
23,61468,33,0.0,1977,29330,32138
38,61506,33,0.0,1978,29330,32176
21,61527,33,0.0,1979,29330,32197
7,61534,33,0.0,1980,29330,32204
46,61580,34,1.0,1981,29330,32250
49,61629,35,1.0,1982,29330,32299
13,61642,35,0.0,1983,29330,32312
9,61651,35,0.0,1984,29330,32321
11,61662,35,0.0,1985,29330,32332
35,61697,35,0.0,1986,29330,32367
94,61791,35,0.0,1987,29330,32461
19,61810,35,0.0,1988,29330,32480
35,61845,35,0.0,1989,29330,32515
26,61871,35,0.0,1990,29330,32541
22,61893,35,0.0,1991,29330,32563
72,61965,35,0.0,1992,29330,32635
35,62000,36,1.0,1993,29330,32670
10,62010,36,0.0,1994,29330,32680
40,62050,36,0.0,1995,29330,32720
18,62068,36,0.0,1996,29330,32738
47,62115,37,1.0,1997,29330,32785
42,62157,37,0.0,1998,29330,32827
43,62200,37,0.0,1999,29330,32870
26,62226,37,0.0,2000,29330,32896
10,62236,37,0.0,2001,29330,32906
10,62246,37,0.0,2002,29330,32916
27,62273,37,0.0,2003,29330,32943
15,62288,37,0.0,2004,29330,32958
36,62324,37,0.0,2005,29330,32994
53,62377,37,0.0,2006,29330,33047
38,62415,38,1.0,2007,29330,33085
28,62443,38,0.0,2008,29330,33113
36,62479,38,0.0,2009,29330,33149
19,62498,38,0.0,2010,29330,33168
23,62521,38,0.0,2011,29330,33191
61,62582,38,0.0,2012,29330,33252
8,62590,38,0.0,2013,29330,33260
27,62617,39,1.0,2014,29330,33287
6,62623,39,0.0,2015,29330,33293
23,62646,39,0.0,2016,29330,33316
18,62664,39,0.0,2017,29330,33334
29,62693,39,0.0,2018,29330,33363
27,62720,39,0.0,2019,29330,33390
24,62744,39,0.0,2020,29330,33414
28,62772,39,0.0,2021,29330,33442
15,62787,39,0.0,2022,29330,33457
5,62792,39,0.0,2023,29330,33462
50,62842,39,0.0,2024,29330,33512
18,62860,39,0.0,2025,29330,33530
94,62954,40,1.0,2026,29330,33624
15,62969,40,0.0,2027,29330,33639
26,62995,40,0.0,2028,29330,33665
15,63010,40,0.0,2029,29330,33680
15,63025,40,0.0,2030,29330,33695
12,63037,40,0.0,2031,29330,33707
59,63096,41,1.0,2032,29330,33766
32,63128,41,0.0,2033,29330,33798
13,63141,41,0.0,2034,29330,33811
24,63165,41,0.0,2035,29330,33835
15,63180,41,0.0,2036,29330,33850
49,63229,41,0.0,2037,29330,33899
51,63280,41,0.0,2038,29330,33950
64,63344,41,0.0,2039,29330,34014
16,63360,41,0.0,2040,29330,34030
16,63376,41,0.0,2041,29330,34046
20,63396,41,0.0,2042,29330,34066
9,63405,41,0.0,2043,29330,34075
100,63505,41,0.0,2044,29330,34175
22,63527,41,0.0,2045,29330,34197
35,63562,41,0.0,2046,29330,34232
59,63621,41,0.0,2047,29330,34291
36,63657,42,1.0,2048,29330,34327
22,63679,42,0.0,2049,29330,34349
36,63715,42,0.0,2050,29330,34385
23,63738,42,0.0,2051,29330,34408
47,63785,43,1.0,2052,29330,34455
9,63794,43,0.0,2053,29330,34464
33,63827,43,0.0,2054,29330,34497
10,63837,43,0.0,2055,29330,34507
16,63853,43,0.0,2056,29330,34523
44,63897,43,0.0,2057,29330,34567
45,63942,43,0.0,2058,29330,34612
24,63966,43,0.0,2059,29330,34636
16,63982,43,0.0,2060,29330,34652
39,64021,44,1.0,2061,29330,34691
37,64058,44,0.0,2062,29330,34728
10,64068,44,0.0,2063,29330,34738
22,64090,44,0.0,2064,29330,34760
11,64101,44,0.0,2065,29330,34771
20,64121,44,0.0,2066,29330,34791
27,64148,44,0.0,2067,29330,34818
38,64186,44,0.0,2068,29330,34856
21,64207,44,0.0,2069,29330,34877
89,64296,44,0.0,2070,29330,34966
14,64310,44,0.0,2071,29330,34980
25,64335,44,0.0,2072,29330,35005
100,64435,44,0.0,2073,29330,35105
7,64442,44,0.0,2074,29330,35112
9,64451,44,0.0,2075,29330,35121
34,64485,45,1.0,2076,29330,35155
40,64525,45,0.0,2077,29330,35195
32,64557,45,0.0,2078,29330,35227
16,64573,45,0.0,2079,29330,35243
16,64589,45,0.0,2080,29330,35259
10,64599,45,0.0,2081,29330,35269
39,64638,45,0.0,2082,29330,35308
15,64653,45,0.0,2083,29330,35323
7,64660,45,0.0,2084,29330,35330
30,64690,45,0.0,2085,29330,35360
10,64700,45,0.0,2086,29330,35370
29,64729,45,0.0,2087,29330,35399
20,64749,45,0.0,2088,29330,35419
17,64766,45,0.0,2089,29330,35436
58,64824,46,1.0,2090,29330,35494
17,64841,46,0.0,2091,29330,35511
12,64853,46,0.0,2092,29330,35523
36,64889,47,1.0,2093,29330,35559
17,64906,47,0.0,2094,29330,35576
10,64916,47,0.0,2095,29330,35586
18,64934,47,0.0,2096,29330,35604
28,64962,47,0.0,2097,29330,35632
51,65013,47,0.0,2098,29330,35683
42,65055,47,0.0,2099,29330,35725
14,65069,47,0.0,2100,29330,35739
23,65092,47,0.0,2101,29330,35762
61,65153,47,0.0,2102,29330,35823
14,65167,47,0.0,2103,29330,35837
31,65198,48,1.0,2104,29330,35868
85,65283,48,0.0,2105,29330,35953
22,65305,48,0.0,2106,29330,35975
30,65335,48,0.0,2107,29330,36005
38,65373,48,0.0,2108,29330,36043
46,65419,49,1.0,2109,29330,36089
16,65435,49,0.0,2110,29330,36105
44,65479,49,0.0,2111,29330,36149
38,65517,49,0.0,2112,29330,36187
13,65530,49,0.0,2113,29330,36200
21,65551,49,0.0,2114,29330,36221
24,65575,49,0.0,2115,29330,36245
22,65597,49,0.0,2116,29330,36267
22,65619,49,0.0,2117,29330,36289
19,65638,49,0.0,2118,29330,36308
11,65649,49,0.0,2119,29330,36319
24,65673,49,0.0,2120,29330,36343
100,65773,49,0.0,2121,29330,36443
61,65834,49,0.0,2122,29330,36504
9,65843,49,0.0,2123,29330,36513
17,65860,49,0.0,2124,29330,36530
5,65865,49,0.0,2125,29330,36535
5,65870,49,0.0,2126,29330,36540
23,65893,49,0.0,2127,29330,36563
17,65910,49,0.0,2128,29330,36580
17,65927,49,0.0,2129,29330,36597
20,65947,49,0.0,2130,29330,36617
21,65968,49,0.0,2131,29330,36638
15,65983,49,0.0,2132,29330,36653
19,66002,49,0.0,2133,29330,36672
16,66018,49,0.0,2134,29330,36688
33,66051,49,0.0,2135,29330,36721
34,66085,49,0.0,2136,29330,36755
18,66103,49,0.0,2137,29330,36773
29,66132,49,0.0,2138,29330,36802
5,66137,49,0.0,2139,29330,36807
49,66186,49,0.0,2140,29330,36856
77,66263,49,0.0,2141,29330,36933
41,66304,49,0.0,2142,29330,36974
28,66332,49,0.0,2143,29330,37002
9,66341,49,0.0,2144,29330,37011
30,66371,49,0.0,2145,29330,37041
12,66383,49,0.0,2146,29330,37053
40,66423,50,1.0,2147,29330,37093
28,66451,50,0.0,2148,29330,37121
9,66460,50,0.0,2149,29330,37130
11,66471,50,0.0,2150,29330,37141
22,66493,50,0.0,2151,29330,37163
18,66511,50,0.0,2152,29330,37181
71,66582,50,0.0,2153,29330,37252
13,66595,50,0.0,2154,29330,37265
49,66644,50,0.0,2155,29330,37314
41,66685,50,0.0,2156,29330,37355
53,66738,50,0.0,2157,29330,37408
80,66818,51,1.0,2158,29330,37488
9,66827,51,0.0,2159,29330,37497
58,66885,51,0.0,2160,29330,37555
22,66907,51,0.0,2161,29330,37577
11,66918,51,0.0,2162,29330,37588
57,66975,51,0.0,2163,29330,37645
19,66994,51,0.0,2164,29330,37664
27,67021,51,0.0,2165,29330,37691
91,67112,51,0.0,2166,29330,37782
22,67134,51,0.0,2167,29330,37804
16,67150,51,0.0,2168,29330,37820
29,67179,52,1.0,2169,29330,37849
13,67192,52,0.0,2170,29330,37862
78,67270,52,0.0,2171,29330,37940
15,67285,52,0.0,2172,29330,37955
53,67338,52,0.0,2173,29330,38008
33,67371,52,0.0,2174,29330,38041
35,67406,52,0.0,2175,29330,38076
32,67438,52,0.0,2176,29330,38108
5,67443,52,0.0,2177,29330,38113
31,67474,52,0.0,2178,29330,38144
49,67523,52,0.0,2179,29330,38193
24,67547,52,0.0,2180,29330,38217
49,67596,52,0.0,2181,29330,38266
9,67605,52,0.0,2182,29330,38275
38,67643,53,1.0,2183,29330,38313
28,67671,53,0.0,2184,29330,38341
28,67699,53,0.0,2185,29330,38369
13,67712,53,0.0,2186,29330,38382
38,67750,53,0.0,2187,29330,38420
47,67797,53,0.0,2188,29330,38467
26,67823,53,0.0,2189,29330,38493
22,67845,53,0.0,2190,29330,38515
10,67855,53,0.0,2191,29330,38525
7,67862,53,0.0,2192,29330,38532
22,67884,53,0.0,2193,29330,38554
31,67915,53,0.0,2194,29330,38585
55,67970,53,0.0,2195,29330,38640
26,67996,53,0.0,2196,29330,38666
35,68031,53,0.0,2197,29330,38701
9,68040,53,0.0,2198,29330,38710
25,68065,54,1.0,2199,29330,38735
28,68093,54,0.0,2200,29330,38763
27,68120,54,0.0,2201,29330,38790
31,68151,54,0.0,2202,29330,38821
57,68208,54,0.0,2203,29330,38878
64,68272,54,0.0,2204,29330,38942
8,68280,54,0.0,2205,29330,38950
22,68302,54,0.0,2206,29330,38972
24,68326,54,0.0,2207,29330,38996
17,68343,54,0.0,2208,29330,39013
100,68443,54,0.0,2209,29330,39113
14,68457,54,0.0,2210,29330,39127
37,68494,54,0.0,2211,29330,39164
100,68594,54,0.0,2212,29330,39264
30,68624,54,0.0,2213,29330,39294
10,68634,54,0.0,2214,29330,39304
35,68669,54,0.0,2215,29330,39339
62,68731,54,0.0,2216,29330,39401
29,68760,54,0.0,2217,29330,39430
31,68791,54,0.0,2218,29330,39461
7,68798,54,0.0,2219,29330,39468
13,68811,54,0.0,2220,29330,39481
62,68873,54,0.0,2221,29330,39543
18,68891,54,0.0,2222,29330,39561
19,68910,54,0.0,2223,29330,39580
48,68958,54,0.0,2224,29330,39628
15,68973,54,0.0,2225,29330,39643
24,68997,54,0.0,2226,29330,39667
9,69006,54,0.0,2227,29330,39676
18,69024,54,0.0,2228,29330,39694
32,69056,54,0.0,2229,29330,39726
31,69087,54,0.0,2230,29330,39757
24,69111,54,0.0,2231,29330,39781
7,69118,54,0.0,2232,29330,39788
8,69126,54,0.0,2233,29330,39796
14,69140,54,0.0,2234,29330,39810
6,69146,54,0.0,2235,29330,39816
41,69187,54,0.0,2236,29330,39857
32,69219,55,1.0,2237,29330,39889
29,69248,55,0.0,2238,29330,39918
14,69262,55,0.0,2239,29330,39932
11,69273,55,0.0,2240,29330,39943
16,69289,55,0.0,2241,29330,39959
18,69307,55,0.0,2242,29330,39977
19,69326,55,0.0,2243,29330,39996
28,69354,55,0.0,2244,29330,40024
24,69378,55,0.0,2245,29330,40048
10,69388,55,0.0,2246,29330,40058
37,69425,55,0.0,2247,29330,40095
12,69437,55,0.0,2248,29330,40107
13,69450,55,0.0,2249,29330,40120
17,69467,55,0.0,2250,29330,40137
15,69482,55,0.0,2251,29330,40152
8,69490,55,0.0,2252,29330,40160
19,69509,55,0.0,2253,29330,40179
44,69553,55,0.0,2254,29330,40223
15,69568,55,0.0,2255,29330,40238
11,69579,55,0.0,2256,29330,40249
42,69621,56,1.0,2257,29330,40291
11,69632,56,0.0,2258,29330,40302
26,69658,56,0.0,2259,29330,40328
18,69676,56,0.0,2260,29330,40346
32,69708,56,0.0,2261,29330,40378
9,69717,56,0.0,2262,29330,40387
18,69735,56,0.0,2263,29330,40405
10,69745,56,0.0,2264,29330,40415
63,69808,56,0.0,2265,29330,40478
23,69831,56,0.0,2266,29330,40501
48,69879,56,0.0,2267,29330,40549
39,69918,56,0.0,2268,29330,40588
17,69935,56,0.0,2269,29330,40605
70,70005,56,0.0,2270,29330,40675
72,70077,56,0.0,2271,29330,40747
23,70100,56,0.0,2272,29330,40770
19,70119,56,0.0,2273,29330,40789
13,70132,56,0.0,2274,29330,40802
60,70192,56,0.0,2275,29330,40862
20,70212,56,0.0,2276,29330,40882
34,70246,56,0.0,2277,29330,40916
12,70258,56,0.0,2278,29330,40928
16,70274,56,0.0,2279,29330,40944
23,70297,56,0.0,2280,29330,40967
40,70337,56,0.0,2281,29330,41007
11,70348,56,0.0,2282,29330,41018
47,70395,56,0.0,2283,29330,41065
22,70417,56,0.0,2284,29330,41087
21,70438,56,0.0,2285,29330,41108
35,70473,56,0.0,2286,29330,41143
30,70503,56,0.0,2287,29330,41173
24,70527,56,0.0,2288,29330,41197
51,70578,56,0.0,2289,29330,41248
11,70589,56,0.0,2290,29330,41259
14,70603,56,0.0,2291,29330,41273
43,70646,56,0.0,2292,29330,41316
13,70659,56,0.0,2293,29330,41329
51,70710,56,0.0,2294,29330,41380
36,70746,56,0.0,2295,29330,41416
6,70752,56,0.0,2296,29330,41422
9,70761,56,0.0,2297,29330,41431
39,70800,57,1.0,2298,29330,41470
23,70823,57,0.0,2299,29330,41493
22,70845,57,0.0,2300,29330,41515
20,70865,57,0.0,2301,29330,41535
16,70881,57,0.0,2302,29330,41551
14,70895,57,0.0,2303,29330,41565
34,70929,58,1.0,2304,29330,41599
33,70962,59,1.0,2305,29330,41632
79,71041,59,0.0,2306,29330,41711
17,71058,59,0.0,2307,29330,41728
35,71093,59,0.0,2308,29330,41763
29,71122,59,0.0,2309,29330,41792
32,71154,59,0.0,2310,29330,41824
69,71223,59,0.0,2311,29330,41893
12,71235,59,0.0,2312,29330,41905
22,71257,59,0.0,2313,29330,41927
21,71278,59,0.0,2314,29330,41948
14,71292,59,0.0,2315,29330,41962
79,71371,59,0.0,2316,29330,42041
60,71431,60,1.0,2317,29330,42101
13,71444,60,0.0,2318,29330,42114
52,71496,60,0.0,2319,29330,42166
57,71553,61,1.0,2320,29330,42223
56,71609,61,0.0,2321,29330,42279
27,71636,61,0.0,2322,29330,42306
51,71687,61,0.0,2323,29330,42357
53,71740,61,0.0,2324,29330,42410
11,71751,61,0.0,2325,29330,42421
23,71774,61,0.0,2326,29330,42444
34,71808,61,0.0,2327,29330,42478
11,71819,61,0.0,2328,29330,42489
28,71847,61,0.0,2329,29330,42517
26,71873,61,0.0,2330,29330,42543
67,71940,61,0.0,2331,29330,42610
12,71952,61,0.0,2332,29330,42622
36,71988,61,0.0,2333,29330,42658
20,72008,61,0.0,2334,29330,42678
21,72029,61,0.0,2335,29330,42699
7,72036,61,0.0,2336,29330,42706
47,72083,61,0.0,2337,29330,42753
29,72112,61,0.0,2338,29330,42782
9,72121,61,0.0,2339,29330,42791
6,72127,61,0.0,2340,29330,42797
57,72184,61,0.0,2341,29330,42854
28,72212,61,0.0,2342,29330,42882
25,72237,61,0.0,2343,29330,42907
75,72312,61,0.0,2344,29330,42982
75,72387,61,0.0,2345,29330,43057
45,72432,62,1.0,2346,29330,43102
20,72452,62,0.0,2347,29330,43122
12,72464,62,0.0,2348,29330,43134
29,72493,62,0.0,2349,29330,43163
24,72517,62,0.0,2350,29330,43187
43,72560,62,0.0,2351,29330,43230
21,72581,62,0.0,2352,29330,43251
37,72618,62,0.0,2353,29330,43288
22,72640,62,0.0,2354,29330,43310
28,72668,62,0.0,2355,29330,43338
30,72698,62,0.0,2356,29330,43368
12,72710,62,0.0,2357,29330,43380
56,72766,63,1.0,2358,29330,43436
26,72792,63,0.0,2359,29330,43462
24,72816,63,0.0,2360,29330,43486
32,72848,63,0.0,2361,29330,43518
16,72864,63,0.0,2362,29330,43534
27,72891,63,0.0,2363,29330,43561
65,72956,63,0.0,2364,29330,43626
18,72974,63,0.0,2365,29330,43644
47,73021,63,0.0,2366,29330,43691
16,73037,63,0.0,2367,29330,43707
6,73043,63,0.0,2368,29330,43713
18,73061,63,0.0,2369,29330,43731
46,73107,63,0.0,2370,29330,43777
36,73143,64,1.0,2371,29330,43813
12,73155,64,0.0,2372,29330,43825
15,73170,64,0.0,2373,29330,43840
15,73185,64,0.0,2374,29330,43855
10,73195,64,0.0,2375,29330,43865
17,73212,64,0.0,2376,29330,43882
27,73239,64,0.0,2377,29330,43909
21,73260,64,0.0,2378,29330,43930
18,73278,64,0.0,2379,29330,43948
61,73339,64,0.0,2380,29330,44009
15,73354,64,0.0,2381,29330,44024
23,73377,64,0.0,2382,29330,44047
14,73391,64,0.0,2383,29330,44061
9,73400,64,0.0,2384,29330,44070
27,73427,64,0.0,2385,29330,44097
38,73465,64,0.0,2386,29330,44135
69,73534,64,0.0,2387,29330,44204
34,73568,64,0.0,2388,29330,44238
31,73599,64,0.0,2389,29330,44269
40,73639,64,0.0,2390,29330,44309
24,73663,65,1.0,2391,29330,44333
17,73680,65,0.0,2392,29330,44350
24,73704,66,1.0,2393,29330,44374
32,73736,66,0.0,2394,29330,44406
46,73782,66,0.0,2395,29330,44452
28,73810,66,0.0,2396,29330,44480
32,73842,66,0.0,2397,29330,44512
15,73857,66,0.0,2398,29330,44527
13,73870,66,0.0,2399,29330,44540
9,73879,66,0.0,2400,29330,44549
10,73889,66,0.0,2401,29330,44559
29,73918,66,0.0,2402,29330,44588
23,73941,67,1.0,2403,29330,44611
31,73972,67,0.0,2404,29330,44642
41,74013,68,1.0,2405,29330,44683
13,74026,68,0.0,2406,29330,44696
12,74038,68,0.0,2407,29330,44708
8,74046,68,0.0,2408,29330,44716
13,74059,68,0.0,2409,29330,44729
32,74091,68,0.0,2410,29330,44761
30,74121,68,0.0,2411,29330,44791
71,74192,69,1.0,2412,29330,44862
45,74237,69,0.0,2413,29330,44907
31,74268,69,0.0,2414,29330,44938
11,74279,69,0.0,2415,29330,44949
12,74291,69,0.0,2416,29330,44961
27,74318,69,0.0,2417,29330,44988
31,74349,69,0.0,2418,29330,45019
12,74361,69,0.0,2419,29330,45031
6,74367,69,0.0,2420,29330,45037
87,74454,70,1.0,2421,29330,45124
18,74472,70,0.0,2422,29330,45142
27,74499,70,0.0,2423,29330,45169
64,74563,70,0.0,2424,29330,45233
8,74571,70,0.0,2425,29330,45241
20,74591,70,0.0,2426,29330,45261
85,74676,71,1.0,2427,29330,45346
47,74723,71,0.0,2428,29330,45393
15,74738,71,0.0,2429,29330,45408
89,74827,71,0.0,2430,29330,45497
9,74836,71,0.0,2431,29330,45506
13,74849,71,0.0,2432,29330,45519
22,74871,71,0.0,2433,29330,45541
45,74916,71,0.0,2434,29330,45586
38,74954,71,0.0,2435,29330,45624
34,74988,71,0.0,2436,29330,45658
64,75052,72,1.0,2437,29330,45722
39,75091,72,0.0,2438,29330,45761
36,75127,72,0.0,2439,29330,45797
19,75146,72,0.0,2440,29330,45816
10,75156,72,0.0,2441,29330,45826
27,75183,72,0.0,2442,29330,45853
71,75254,72,0.0,2443,29330,45924
40,75294,73,1.0,2444,29330,45964
16,75310,73,0.0,2445,29330,45980
17,75327,73,0.0,2446,29330,45997
25,75352,73,0.0,2447,29330,46022
19,75371,73,0.0,2448,29330,46041
56,75427,73,0.0,2449,29330,46097
53,75480,73,0.0,2450,29330,46150
9,75489,73,0.0,2451,29330,46159
38,75527,73,0.0,2452,29330,46197
13,75540,73,0.0,2453,29330,46210
28,75568,73,0.0,2454,29330,46238
19,75587,73,0.0,2455,29330,46257
12,75599,73,0.0,2456,29330,46269
6,75605,73,0.0,2457,29330,46275
25,75630,73,0.0,2458,29330,46300
12,75642,73,0.0,2459,29330,46312
11,75653,73,0.0,2460,29330,46323
44,75697,73,0.0,2461,29330,46367
24,75721,73,0.0,2462,29330,46391
18,75739,73,0.0,2463,29330,46409
13,75752,73,0.0,2464,29330,46422
10,75762,73,0.0,2465,29330,46432
48,75810,73,0.0,2466,29330,46480
41,75851,73,0.0,2467,29330,46521
28,75879,73,0.0,2468,29330,46549
10,75889,73,0.0,2469,29330,46559
35,75924,73,0.0,2470,29330,46594
28,75952,73,0.0,2471,29330,46622
35,75987,73,0.0,2472,29330,46657
23,76010,73,0.0,2473,29330,46680
41,76051,73,0.0,2474,29330,46721
25,76076,73,0.0,2475,29330,46746
13,76089,73,0.0,2476,29330,46759
35,76124,73,0.0,2477,29330,46794
39,76163,73,0.0,2478,29330,46833
18,76181,73,0.0,2479,29330,46851
19,76200,73,0.0,2480,29330,46870
25,76225,73,0.0,2481,29330,46895
69,76294,74,1.0,2482,29330,46964
45,76339,74,0.0,2483,29330,47009
8,76347,74,0.0,2484,29330,47017
15,76362,74,0.0,2485,29330,47032
54,76416,74,0.0,2486,29330,47086
17,76433,74,0.0,2487,29330,47103
37,76470,74,0.0,2488,29330,47140
35,76505,75,1.0,2489,29330,47175
30,76535,75,0.0,2490,29330,47205
35,76570,75,0.0,2491,29330,47240
20,76590,75,0.0,2492,29330,47260
28,76618,76,1.0,2493,29330,47288
26,76644,76,0.0,2494,29330,47314
45,76689,76,0.0,2495,29330,47359
26,76715,76,0.0,2496,29330,47385
26,76741,76,0.0,2497,29330,47411
59,76800,76,0.0,2498,29330,47470
15,76815,76,0.0,2499,29330,47485
15,76830,76,0.0,2500,29330,47500
39,76869,76,0.0,2501,29330,47539
30,76899,76,0.0,2502,29330,47569
51,76950,77,1.0,2503,29330,47620
98,77048,77,0.0,2504,29330,47718
11,77059,77,0.0,2505,29330,47729
40,77099,78,1.0,2506,29330,47769
62,77161,79,1.0,2507,29330,47831
14,77175,79,0.0,2508,29330,47845
55,77230,79,0.0,2509,29330,47900
28,77258,79,0.0,2510,29330,47928
13,77271,79,0.0,2511,29330,47941
31,77302,79,0.0,2512,29330,47972
17,77319,79,0.0,2513,29330,47989
69,77388,79,0.0,2514,29330,48058
19,77407,79,0.0,2515,29330,48077
20,77427,79,0.0,2516,29330,48097
11,77438,79,0.0,2517,29330,48108
35,77473,79,0.0,2518,29330,48143
33,77506,79,0.0,2519,29330,48176
11,77517,79,0.0,2520,29330,48187
21,77538,79,0.0,2521,29330,48208
10,77548,79,0.0,2522,29330,48218
38,77586,79,0.0,2523,29330,48256
30,77616,79,0.0,2524,29330,48286
42,77658,80,1.0,2525,29330,48328
25,77683,81,1.0,2526,29330,48353
19,77702,81,0.0,2527,29330,48372
15,77717,81,0.0,2528,29330,48387
13,77730,81,0.0,2529,29330,48400
36,77766,81,0.0,2530,29330,48436
10,77776,81,0.0,2531,29330,48446
15,77791,81,0.0,2532,29330,48461
48,77839,82,1.0,2533,29330,48509
13,77852,82,0.0,2534,29330,48522
70,77922,82,0.0,2535,29330,48592
16,77938,82,0.0,2536,29330,48608
43,77981,82,0.0,2537,29330,48651
29,78010,82,0.0,2538,29330,48680
71,78081,82,0.0,2539,29330,48751
44,78125,82,0.0,2540,29330,48795
40,78165,83,1.0,2541,29330,48835
15,78180,83,0.0,2542,29330,48850
25,78205,83,0.0,2543,29330,48875
29,78234,83,0.0,2544,29330,48904
20,78254,83,0.0,2545,29330,48924
12,78266,83,0.0,2546,29330,48936
23,78289,83,0.0,2547,29330,48959
64,78353,83,0.0,2548,29330,49023
25,78378,83,0.0,2549,29330,49048
76,78454,83,0.0,2550,29330,49124
5,78459,83,0.0,2551,29330,49129
38,78497,83,0.0,2552,29330,49167
59,78556,83,0.0,2553,29330,49226
33,78589,83,0.0,2554,29330,49259
11,78600,83,0.0,2555,29330,49270
29,78629,83,0.0,2556,29330,49299
22,78651,83,0.0,2557,29330,49321
18,78669,83,0.0,2558,29330,49339
16,78685,83,0.0,2559,29330,49355
26,78711,83,0.0,2560,29330,49381
52,78763,83,0.0,2561,29330,49433
27,78790,83,0.0,2562,29330,49460
14,78804,83,0.0,2563,29330,49474
5,78809,83,0.0,2564,29330,49479
86,78895,84,1.0,2565,29330,49565
17,78912,84,0.0,2566,29330,49582
18,78930,84,0.0,2567,29330,49600
36,78966,84,0.0,2568,29330,49636
15,78981,84,0.0,2569,29330,49651
48,79029,84,0.0,2570,29330,49699
29,79058,84,0.0,2571,29330,49728
30,79088,84,0.0,2572,29330,49758
12,79100,84,0.0,2573,29330,49770
27,79127,84,0.0,2574,29330,49797
13,79140,84,0.0,2575,29330,49810
20,79160,84,0.0,2576,29330,49830
27,79187,84,0.0,2577,29330,49857
97,79284,84,0.0,2578,29330,49954
28,79312,85,1.0,2579,29330,49982
22,79334,85,0.0,2580,29330,50004
7,79341,85,0.0,2581,29330,50011
9,79350,85,0.0,2582,29330,50020
39,79389,85,0.0,2583,29330,50059
27,79416,85,0.0,2584,29330,50086
50,79466,86,1.0,2585,29330,50136
8,79474,86,0.0,2586,29330,50144
41,79515,87,1.0,2587,29330,50185
69,79584,87,0.0,2588,29330,50254
27,79611,87,0.0,2589,29330,50281
16,79627,87,0.0,2590,29330,50297
12,79639,87,0.0,2591,29330,50309
6,79645,87,0.0,2592,29330,50315
44,79689,87,0.0,2593,29330,50359
19,79708,87,0.0,2594,29330,50378
11,79719,87,0.0,2595,29330,50389
19,79738,87,0.0,2596,29330,50408
31,79769,87,0.0,2597,29330,50439
54,79823,87,0.0,2598,29330,50493
13,79836,87,0.0,2599,29330,50506
40,79876,87,0.0,2600,29330,50546
18,79894,87,0.0,2601,29330,50564
25,79919,87,0.0,2602,29330,50589
8,79927,87,0.0,2603,29330,50597
53,79980,87,0.0,2604,29330,50650
10,79990,87,0.0,2605,29330,50660
16,80006,87,0.0,2606,29330,50676
50,80056,87,0.0,2607,29330,50726
59,80115,87,0.0,2608,29330,50785
16,80131,87,0.0,2609,29330,50801
31,80162,87,0.0,2610,29330,50832
19,80181,88,1.0,2611,29330,50851
9,80190,88,0.0,2612,29330,50860
38,80228,88,0.0,2613,29330,50898
18,80246,88,0.0,2614,29330,50916
42,80288,88,0.0,2615,29330,50958
39,80327,88,0.0,2616,29330,50997
6,80333,88,0.0,2617,29330,51003
11,80344,88,0.0,2618,29330,51014
9,80353,88,0.0,2619,29330,51023
11,80364,88,0.0,2620,29330,51034
35,80399,88,0.0,2621,29330,51069
17,80416,88,0.0,2622,29330,51086
24,80440,88,0.0,2623,29330,51110
11,80451,88,0.0,2624,29330,51121
40,80491,88,0.0,2625,29330,51161
27,80518,88,0.0,2626,29330,51188
17,80535,88,0.0,2627,29330,51205
28,80563,88,0.0,2628,29330,51233
27,80590,89,1.0,2629,29330,51260
18,80608,89,0.0,2630,29330,51278
50,80658,90,1.0,2631,29330,51328
15,80673,90,0.0,2632,29330,51343
24,80697,90,0.0,2633,29330,51367
32,80729,90,0.0,2634,29330,51399
22,80751,90,0.0,2635,29330,51421
57,80808,90,0.0,2636,29330,51478
37,80845,90,0.0,2637,29330,51515
11,80856,90,0.0,2638,29330,51526
17,80873,91,1.0,2639,29330,51543
51,80924,91,0.0,2640,29330,51594
82,81006,91,0.0,2641,29330,51676
27,81033,92,1.0,2642,29330,51703
11,81044,92,0.0,2643,29330,51714
8,81052,92,0.0,2644,29330,51722
14,81066,92,0.0,2645,29330,51736
56,81122,92,0.0,2646,29330,51792
27,81149,92,0.0,2647,29330,51819
13,81162,92,0.0,2648,29330,51832
63,81225,92,0.0,2649,29330,51895
16,81241,92,0.0,2650,29330,51911
8,81249,92,0.0,2651,29330,51919
49,81298,92,0.0,2652,29330,51968
8,81306,92,0.0,2653,29330,51976
15,81321,92,0.0,2654,29330,51991
17,81338,92,0.0,2655,29330,52008
22,81360,93,1.0,2656,29330,52030
43,81403,93,0.0,2657,29330,52073
14,81417,93,0.0,2658,29330,52087
18,81435,94,1.0,2659,29330,52105
50,81485,94,0.0,2660,29330,52155
29,81514,94,0.0,2661,29330,52184
20,81534,94,0.0,2662,29330,52204
57,81591,94,0.0,2663,29330,52261
5,81596,94,0.0,2664,29330,52266
13,81609,94,0.0,2665,29330,52279
69,81678,94,0.0,2666,29330,52348
24,81702,94,0.0,2667,29330,52372
30,81732,95,1.0,2668,29330,52402
23,81755,95,0.0,2669,29330,52425
61,81816,96,1.0,2670,29330,52486
73,81889,96,0.0,2671,29330,52559
48,81937,96,0.0,2672,29330,52607
51,81988,96,0.0,2673,29330,52658
13,82001,96,0.0,2674,29330,52671
37,82038,96,0.0,2675,29330,52708
85,82123,96,0.0,2676,29330,52793
31,82154,96,0.0,2677,29330,52824
21,82175,96,0.0,2678,29330,52845
13,82188,96,0.0,2679,29330,52858
7,82195,96,0.0,2680,29330,52865
39,82234,96,0.0,2681,29330,52904
36,82270,96,0.0,2682,29330,52940
28,82298,96,0.0,2683,29330,52968
23,82321,96,0.0,2684,29330,52991
27,82348,96,0.0,2685,29330,53018
13,82361,96,0.0,2686,29330,53031
30,82391,96,0.0,2687,29330,53061
39,82430,96,0.0,2688,29330,53100
12,82442,96,0.0,2689,29330,53112
40,82482,96,0.0,2690,29330,53152
44,82526,96,0.0,2691,29330,53196
19,82545,96,0.0,2692,29330,53215
49,82594,96,0.0,2693,29330,53264
19,82613,96,0.0,2694,29330,53283
24,82637,96,0.0,2695,29330,53307
54,82691,96,0.0,2696,29330,53361
28,82719,96,0.0,2697,29330,53389
17,82736,96,0.0,2698,29330,53406
33,82769,97,1.0,2699,29330,53439
9,82778,97,0.0,2700,29330,53448
31,82809,97,0.0,2701,29330,53479
26,82835,97,0.0,2702,29330,53505
29,82864,97,0.0,2703,29330,53534
41,82905,97,0.0,2704,29330,53575
26,82931,97,0.0,2705,29330,53601
5,82936,97,0.0,2706,29330,53606
66,83002,97,0.0,2707,29330,53672
14,83016,97,0.0,2708,29330,53686
25,83041,97,0.0,2709,29330,53711
18,83059,97,0.0,2710,29330,53729
28,83087,97,0.0,2711,29330,53757
34,83121,98,1.0,2712,29330,53791
49,83170,98,0.0,2713,29330,53840
13,83183,98,0.0,2714,29330,53853
6,83189,98,0.0,2715,29330,53859
9,83198,98,0.0,2716,29330,53868
35,83233,98,0.0,2717,29330,53903
31,83264,99,1.0,2718,29330,53934
31,83295,99,0.0,2719,29330,53965
100,83395,99,0.0,2720,29330,54065
27,83422,99,0.0,2721,29330,54092
24,83446,100,1.0,2722,29330,54116
37,83483,100,0.0,2723,29330,54153
5,83488,100,0.0,2724,29330,54158
5,83493,100,0.0,2725,29330,54163
23,83516,100,0.0,2726,29330,54186
9,83525,100,0.0,2727,29330,54195
86,83611,100,0.0,2728,29330,54281
21,83632,100,0.0,2729,29330,54302
12,83644,100,0.0,2730,29330,54314
9,83653,100,0.0,2731,29330,54323
26,83679,100,0.0,2732,29330,54349
100,83779,100,0.0,2733,29330,54449
25,83804,100,0.0,2734,29330,54474
8,83812,100,0.0,2735,29330,54482
37,83849,101,1.0,2736,29330,54519
17,83866,101,0.0,2737,29330,54536
28,83894,101,0.0,2738,29330,54564
21,83915,102,1.0,2739,29330,54585
28,83943,103,1.0,2740,29330,54613
10,83953,103,0.0,2741,29330,54623
26,83979,103,0.0,2742,29330,54649
18,83997,103,0.0,2743,29330,54667
13,84010,103,0.0,2744,29330,54680
18,84028,103,0.0,2745,29330,54698
46,84074,104,1.0,2746,29330,54744
28,84102,104,0.0,2747,29330,54772
13,84115,104,0.0,2748,29330,54785
41,84156,105,1.0,2749,29330,54826
49,84205,105,0.0,2750,29330,54875
53,84258,105,0.0,2751,29330,54928
11,84269,105,0.0,2752,29330,54939
25,84294,105,0.0,2753,29330,54964
24,84318,105,0.0,2754,29330,54988
32,84350,105,0.0,2755,29330,55020
24,84374,105,0.0,2756,29330,55044
47,84421,105,0.0,2757,29330,55091
9,84430,105,0.0,2758,29330,55100
40,84470,106,1.0,2759,29330,55140
17,84487,106,0.0,2760,29330,55157
17,84504,106,0.0,2761,29330,55174
12,84516,106,0.0,2762,29330,55186
7,84523,106,0.0,2763,29330,55193
9,84532,106,0.0,2764,29330,55202
17,84549,106,0.0,2765,29330,55219
29,84578,106,0.0,2766,29330,55248
30,84608,107,1.0,2767,29330,55278
25,84633,107,0.0,2768,29330,55303
34,84667,107,0.0,2769,29330,55337
55,84722,107,0.0,2770,29330,55392
30,84752,107,0.0,2771,29330,55422
16,84768,107,0.0,2772,29330,55438
18,84786,107,0.0,2773,29330,55456
29,84815,107,0.0,2774,29330,55485
7,84822,107,0.0,2775,29330,55492
19,84841,107,0.0,2776,29330,55511
22,84863,107,0.0,2777,29330,55533
13,84876,107,0.0,2778,29330,55546
25,84901,107,0.0,2779,29330,55571
24,84925,107,0.0,2780,29330,55595
12,84937,107,0.0,2781,29330,55607
44,84981,107,0.0,2782,29330,55651
8,84989,107,0.0,2783,29330,55659
28,85017,107,0.0,2784,29330,55687
33,85050,107,0.0,2785,29330,55720
68,85118,107,0.0,2786,29330,55788
48,85166,107,0.0,2787,29330,55836
19,85185,107,0.0,2788,29330,55855
73,85258,107,0.0,2789,29330,55928
34,85292,107,0.0,2790,29330,55962
21,85313,107,0.0,2791,29330,55983
16,85329,107,0.0,2792,29330,55999
19,85348,107,0.0,2793,29330,56018
35,85383,107,0.0,2794,29330,56053
35,85418,107,0.0,2795,29330,56088
19,85437,107,0.0,2796,29330,56107
60,85497,108,1.0,2797,29330,56167
58,85555,108,0.0,2798,29330,56225
60,85615,108,0.0,2799,29330,56285
43,85658,108,0.0,2800,29330,56328
18,85676,108,0.0,2801,29330,56346
34,85710,108,0.0,2802,29330,56380
11,85721,108,0.0,2803,29330,56391
14,85735,108,0.0,2804,29330,56405
51,85786,108,0.0,2805,29330,56456
17,85803,108,0.0,2806,29330,56473
11,85814,108,0.0,2807,29330,56484
10,85824,108,0.0,2808,29330,56494
11,85835,108,0.0,2809,29330,56505
16,85851,108,0.0,2810,29330,56521
38,85889,108,0.0,2811,29330,56559
12,85901,108,0.0,2812,29330,56571
98,85999,109,1.0,2813,29330,56669
46,86045,109,0.0,2814,29330,56715
10,86055,109,0.0,2815,29330,56725
31,86086,109,0.0,2816,29330,56756
63,86149,109,0.0,2817,29330,56819
9,86158,109,0.0,2818,29330,56828
30,86188,110,1.0,2819,29330,56858
30,86218,110,0.0,2820,29330,56888
23,86241,110,0.0,2821,29330,56911
49,86290,110,0.0,2822,29330,56960
14,86304,110,0.0,2823,29330,56974
13,86317,110,0.0,2824,29330,56987
24,86341,110,0.0,2825,29330,57011
15,86356,110,0.0,2826,29330,57026
41,86397,110,0.0,2827,29330,57067
10,86407,110,0.0,2828,29330,57077
45,86452,110,0.0,2829,29330,57122
13,86465,110,0.0,2830,29330,57135
7,86472,110,0.0,2831,29330,57142
13,86485,110,0.0,2832,29330,57155
18,86503,110,0.0,2833,29330,57173
22,86525,110,0.0,2834,29330,57195
24,86549,110,0.0,2835,29330,57219
18,86567,110,0.0,2836,29330,57237
32,86599,111,1.0,2837,29330,57269
20,86619,111,0.0,2838,29330,57289
17,86636,111,0.0,2839,29330,57306
38,86674,112,1.0,2840,29330,57344
39,86713,112,0.0,2841,29330,57383
13,86726,112,0.0,2842,29330,57396
16,86742,112,0.0,2843,29330,57412
10,86752,112,0.0,2844,29330,57422
24,86776,112,0.0,2845,29330,57446
21,86797,112,0.0,2846,29330,57467
17,86814,112,0.0,2847,29330,57484
19,86833,112,0.0,2848,29330,57503
29,86862,112,0.0,2849,29330,57532
15,86877,112,0.0,2850,29330,57547
26,86903,112,0.0,2851,29330,57573
74,86977,113,1.0,2852,29330,57647
20,86997,113,0.0,2853,29330,57667
100,87097,113,0.0,2854,29330,57767
51,87148,113,0.0,2855,29330,57818
21,87169,113,0.0,2856,29330,57839
39,87208,114,1.0,2857,29330,57878
12,87220,114,0.0,2858,29330,57890
23,87243,114,0.0,2859,29330,57913
43,87286,114,0.0,2860,29330,57956
9,87295,114,0.0,2861,29330,57965
17,87312,114,0.0,2862,29330,57982
13,87325,114,0.0,2863,29330,57995
14,87339,114,0.0,2864,29330,58009
26,87365,114,0.0,2865,29330,58035
10,87375,114,0.0,2866,29330,58045
81,87456,114,0.0,2867,29330,58126
21,87477,114,0.0,2868,29330,58147
17,87494,114,0.0,2869,29330,58164
9,87503,114,0.0,2870,29330,58173
54,87557,114,0.0,2871,29330,58227
60,87617,114,0.0,2872,29330,58287
25,87642,114,0.0,2873,29330,58312
28,87670,114,0.0,2874,29330,58340
30,87700,114,0.0,2875,29330,58370
36,87736,114,0.0,2876,29330,58406
54,87790,114,0.0,2877,29330,58460
38,87828,114,0.0,2878,29330,58498
45,87873,114,0.0,2879,29330,58543
18,87891,114,0.0,2880,29330,58561
100,87991,114,0.0,2881,29330,58661
63,88054,114,0.0,2882,29330,58724
9,88063,114,0.0,2883,29330,58733
36,88099,114,0.0,2884,29330,58769
25,88124,115,1.0,2885,29330,58794
36,88160,115,0.0,2886,29330,58830
39,88199,116,1.0,2887,29330,58869
29,88228,117,1.0,2888,29330,58898
25,88253,117,0.0,2889,29330,58923
97,88350,117,0.0,2890,29330,59020
28,88378,118,1.0,2891,29330,59048
26,88404,118,0.0,2892,29330,59074
8,88412,118,0.0,2893,29330,59082
7,88419,118,0.0,2894,29330,59089
21,88440,118,0.0,2895,29330,59110
11,88451,118,0.0,2896,29330,59121
18,88469,118,0.0,2897,29330,59139
11,88480,118,0.0,2898,29330,59150
29,88509,118,0.0,2899,29330,59179
33,88542,118,0.0,2900,29330,59212
36,88578,118,0.0,2901,29330,59248
42,88620,118,0.0,2902,29330,59290
19,88639,118,0.0,2903,29330,59309
19,88658,118,0.0,2904,29330,59328
19,88677,118,0.0,2905,29330,59347
34,88711,118,0.0,2906,29330,59381
43,88754,118,0.0,2907,29330,59424
43,88797,118,0.0,2908,29330,59467
22,88819,119,1.0,2909,29330,59489
15,88834,119,0.0,2910,29330,59504
59,88893,120,1.0,2911,29330,59563
49,88942,121,1.0,2912,29330,59612
5,88947,121,0.0,2913,29330,59617
9,88956,121,0.0,2914,29330,59626
20,88976,121,0.0,2915,29330,59646
31,89007,121,0.0,2916,29330,59677
70,89077,121,0.0,2917,29330,59747
45,89122,121,0.0,2918,29330,59792
69,89191,121,0.0,2919,29330,59861
28,89219,121,0.0,2920,29330,59889
5,89224,121,0.0,2921,29330,59894
10,89234,121,0.0,2922,29330,59904
32,89266,122,1.0,2923,29330,59936
42,89308,122,0.0,2924,29330,59978
17,89325,122,0.0,2925,29330,59995
25,89350,122,0.0,2926,29330,60020
26,89376,123,1.0,2927,29330,60046
89,89465,123,0.0,2928,29330,60135
22,89487,123,0.0,2929,29330,60157
24,89511,123,0.0,2930,29330,60181
14,89525,123,0.0,2931,29330,60195
33,89558,123,0.0,2932,29330,60228
11,89569,123,0.0,2933,29330,60239
33,89602,124,1.0,2934,29330,60272
40,89642,124,0.0,2935,29330,60312
9,89651,124,0.0,2936,29330,60321
14,89665,124,0.0,2937,29330,60335
57,89722,125,1.0,2938,29330,60392
13,89735,125,0.0,2939,29330,60405
17,89752,125,0.0,2940,29330,60422
49,89801,126,1.0,2941,29330,60471
19,89820,126,0.0,2942,29330,60490
37,89857,127,1.0,2943,29330,60527
10,89867,127,0.0,2944,29330,60537
23,89890,127,0.0,2945,29330,60560
16,89906,127,0.0,2946,29330,60576
49,89955,128,1.0,2947,29330,60625
13,89968,128,0.0,2948,29330,60638
41,90009,128,0.0,2949,29330,60679
31,90040,129,1.0,2950,29330,60710
14,90054,129,0.0,2951,29330,60724
24,90078,129,0.0,2952,29330,60748
22,90100,129,0.0,2953,29330,60770
11,90111,129,0.0,2954,29330,60781
32,90143,129,0.0,2955,29330,60813
18,90161,129,0.0,2956,29330,60831
24,90185,129,0.0,2957,29330,60855
69,90254,129,0.0,2958,29330,60924
49,90303,129,0.0,2959,29330,60973
22,90325,129,0.0,2960,29330,60995
20,90345,129,0.0,2961,29330,61015
21,90366,129,0.0,2962,29330,61036
34,90400,130,1.0,2963,29330,61070
26,90426,130,0.0,2964,29330,61096
12,90438,130,0.0,2965,29330,61108
47,90485,130,0.0,2966,29330,61155
13,90498,130,0.0,2967,29330,61168
9,90507,130,0.0,2968,29330,61177
63,90570,130,0.0,2969,29330,61240
73,90643,130,0.0,2970,29330,61313
66,90709,130,0.0,2971,29330,61379
18,90727,130,0.0,2972,29330,61397
34,90761,130,0.0,2973,29330,61431
88,90849,130,0.0,2974,29330,61519
18,90867,130,0.0,2975,29330,61537
20,90887,130,0.0,2976,29330,61557
26,90913,130,0.0,2977,29330,61583
10,90923,130,0.0,2978,29330,61593
57,90980,131,1.0,2979,29330,61650
48,91028,132,1.0,2980,29330,61698
22,91050,132,0.0,2981,29330,61720
20,91070,132,0.0,2982,29330,61740
43,91113,133,1.0,2983,29330,61783
10,91123,133,0.0,2984,29330,61793
27,91150,134,1.0,2985,29330,61820
22,91172,135,1.0,2986,29330,61842
33,91205,135,0.0,2987,29330,61875
58,91263,136,1.0,2988,29330,61933
72,91335,136,0.0,2989,29330,62005
20,91355,136,0.0,2990,29330,62025
11,91366,136,0.0,2991,29330,62036
13,91379,136,0.0,2992,29330,62049
44,91423,137,1.0,2993,29330,62093
30,91453,137,0.0,2994,29330,62123
8,91461,137,0.0,2995,29330,62131
26,91487,137,0.0,2996,29330,62157
40,91527,137,0.0,2997,29330,62197
27,91554,137,0.0,2998,29330,62224
30,91584,137,0.0,2999,29330,62254
19,91603,137,0.0,3000,29330,62273
8,91611,137,0.0,3001,29330,62281
17,91628,137,0.0,3002,29330,62298
32,91660,138,1.0,3003,29330,62330
21,91681,138,0.0,3004,29330,62351
57,91738,138,0.0,3005,29330,62408
11,91749,138,0.0,3006,29330,62419
9,91758,138,0.0,3007,29330,62428
28,91786,138,0.0,3008,29330,62456
33,91819,139,1.0,3009,29330,62489
25,91844,139,0.0,3010,29330,62514
53,91897,139,0.0,3011,29330,62567
14,91911,139,0.0,3012,29330,62581
11,91922,139,0.0,3013,29330,62592
39,91961,140,1.0,3014,29330,62631
32,91993,140,0.0,3015,29330,62663
49,92042,140,0.0,3016,29330,62712
44,92086,140,0.0,3017,29330,62756
15,92101,140,0.0,3018,29330,62771
23,92124,140,0.0,3019,29330,62794
22,92146,140,0.0,3020,29330,62816
29,92175,140,0.0,3021,29330,62845
42,92217,140,0.0,3022,29330,62887
13,92230,140,0.0,3023,29330,62900
58,92288,140,0.0,3024,29330,62958
11,92299,140,0.0,3025,29330,62969
78,92377,140,0.0,3026,29330,63047
19,92396,140,0.0,3027,29330,63066
22,92418,140,0.0,3028,29330,63088
35,92453,140,0.0,3029,29330,63123
27,92480,140,0.0,3030,29330,63150
17,92497,140,0.0,3031,29330,63167
22,92519,140,0.0,3032,29330,63189
16,92535,140,0.0,3033,29330,63205
18,92553,140,0.0,3034,29330,63223
27,92580,140,0.0,3035,29330,63250
14,92594,140,0.0,3036,29330,63264
45,92639,141,1.0,3037,29330,63309
82,92721,141,0.0,3038,29330,63391
15,92736,141,0.0,3039,29330,63406
37,92773,141,0.0,3040,29330,63443
30,92803,142,1.0,3041,29330,63473
19,92822,142,0.0,3042,29330,63492
28,92850,142,0.0,3043,29330,63520
13,92863,142,0.0,3044,29330,63533
81,92944,142,0.0,3045,29330,63614
24,92968,142,0.0,3046,29330,63638
49,93017,142,0.0,3047,29330,63687
64,93081,142,0.0,3048,29330,63751
28,93109,142,0.0,3049,29330,63779
42,93151,142,0.0,3050,29330,63821
35,93186,142,0.0,3051,29330,63856
57,93243,142,0.0,3052,29330,63913
18,93261,142,0.0,3053,29330,63931
6,93267,142,0.0,3054,29330,63937
26,93293,142,0.0,3055,29330,63963
46,93339,142,0.0,3056,29330,64009
17,93356,142,0.0,3057,29330,64026
66,93422,142,0.0,3058,29330,64092
80,93502,142,0.0,3059,29330,64172
10,93512,142,0.0,3060,29330,64182
31,93543,142,0.0,3061,29330,64213
63,93606,143,1.0,3062,29330,64276
32,93638,144,1.0,3063,29330,64308
68,93706,144,0.0,3064,29330,64376
49,93755,144,0.0,3065,29330,64425
28,93783,144,0.0,3066,29330,64453
30,93813,145,1.0,3067,29330,64483
19,93832,145,0.0,3068,29330,64502
32,93864,145,0.0,3069,29330,64534
21,93885,145,0.0,3070,29330,64555
52,93937,145,0.0,3071,29330,64607
32,93969,145,0.0,3072,29330,64639
7,93976,145,0.0,3073,29330,64646
32,94008,145,0.0,3074,29330,64678
17,94025,145,0.0,3075,29330,64695
62,94087,146,1.0,3076,29330,64757
45,94132,146,0.0,3077,29330,64802
9,94141,146,0.0,3078,29330,64811
18,94159,147,1.0,3079,29330,64829
42,94201,147,0.0,3080,29330,64871
19,94220,147,0.0,3081,29330,64890
10,94230,147,0.0,3082,29330,64900
25,94255,147,0.0,3083,29330,64925
13,94268,147,0.0,3084,29330,64938
53,94321,148,1.0,3085,29330,64991
29,94350,148,0.0,3086,29330,65020
10,94360,148,0.0,3087,29330,65030
31,94391,148,0.0,3088,29330,65061
36,94427,148,0.0,3089,29330,65097
44,94471,148,0.0,3090,29330,65141
29,94500,148,0.0,3091,29330,65170
25,94525,148,0.0,3092,29330,65195
17,94542,148,0.0,3093,29330,65212
64,94606,148,0.0,3094,29330,65276
10,94616,148,0.0,3095,29330,65286
56,94672,149,1.0,3096,29330,65342
27,94699,150,1.0,3097,29330,65369
12,94711,150,0.0,3098,29330,65381
17,94728,150,0.0,3099,29330,65398
12,94740,150,0.0,3100,29330,65410
28,94768,150,0.0,3101,29330,65438
75,94843,150,0.0,3102,29330,65513
38,94881,150,0.0,3103,29330,65551
60,94941,150,0.0,3104,29330,65611
78,95019,150,0.0,3105,29330,65689
18,95037,150,0.0,3106,29330,65707
8,95045,150,0.0,3107,29330,65715
14,95059,150,0.0,3108,29330,65729
24,95083,150,0.0,3109,29330,65753
30,95113,151,1.0,3110,29330,65783
100,95213,151,0.0,3111,29330,65883
13,95226,151,0.0,3112,29330,65896
8,95234,151,0.0,3113,29330,65904
31,95265,151,0.0,3114,29330,65935
16,95281,151,0.0,3115,29330,65951
19,95300,151,0.0,3116,29330,65970
53,95353,151,0.0,3117,29330,66023
50,95403,151,0.0,3118,29330,66073
7,95410,151,0.0,3119,29330,66080
24,95434,152,1.0,3120,29330,66104
28,95462,152,0.0,3121,29330,66132
77,95539,152,0.0,3122,29330,66209
5,95544,152,0.0,3123,29330,66214
11,95555,152,0.0,3124,29330,66225
34,95589,152,0.0,3125,29330,66259
19,95608,152,0.0,3126,29330,66278
63,95671,153,1.0,3127,29330,66341
34,95705,153,0.0,3128,29330,66375
10,95715,153,0.0,3129,29330,66385
20,95735,153,0.0,3130,29330,66405
9,95744,153,0.0,3131,29330,66414
12,95756,153,0.0,3132,29330,66426
26,95782,153,0.0,3133,29330,66452
25,95807,153,0.0,3134,29330,66477
23,95830,153,0.0,3135,29330,66500
15,95845,153,0.0,3136,29330,66515
11,95856,153,0.0,3137,29330,66526
27,95883,154,1.0,3138,29330,66553
42,95925,154,0.0,3139,29330,66595
23,95948,154,0.0,3140,29330,66618
13,95961,154,0.0,3141,29330,66631
29,95990,154,0.0,3142,29330,66660
9,95999,154,0.0,3143,29330,66669
28,96027,154,0.0,3144,29330,66697
83,96110,154,0.0,3145,29330,66780
25,96135,154,0.0,3146,29330,66805
39,96174,154,0.0,3147,29330,66844
14,96188,154,0.0,3148,29330,66858
11,96199,154,0.0,3149,29330,66869
21,96220,154,0.0,3150,29330,66890
15,96235,154,0.0,3151,29330,66905
26,96261,154,0.0,3152,29330,66931
26,96287,154,0.0,3153,29330,66957
17,96304,154,0.0,3154,29330,66974
48,96352,155,1.0,3155,29330,67022
39,96391,155,0.0,3156,29330,67061
26,96417,155,0.0,3157,29330,67087
19,96436,155,0.0,3158,29330,67106
36,96472,155,0.0,3159,29330,67142
76,96548,155,0.0,3160,29330,67218
20,96568,155,0.0,3161,29330,67238
66,96634,155,0.0,3162,29330,67304
13,96647,155,0.0,3163,29330,67317
34,96681,155,0.0,3164,29330,67351
34,96715,156,1.0,3165,29330,67385
12,96727,156,0.0,3166,29330,67397
20,96747,156,0.0,3167,29330,67417
21,96768,157,1.0,3168,29330,67438
12,96780,157,0.0,3169,29330,67450
48,96828,157,0.0,3170,29330,67498
19,96847,157,0.0,3171,29330,67517
15,96862,157,0.0,3172,29330,67532
15,96877,157,0.0,3173,29330,67547
37,96914,158,1.0,3174,29330,67584
17,96931,158,0.0,3175,29330,67601
37,96968,158,0.0,3176,29330,67638
27,96995,158,0.0,3177,29330,67665
31,97026,158,0.0,3178,29330,67696
19,97045,158,0.0,3179,29330,67715
38,97083,158,0.0,3180,29330,67753
18,97101,158,0.0,3181,29330,67771
100,97201,158,0.0,3182,29330,67871
18,97219,158,0.0,3183,29330,67889
33,97252,158,0.0,3184,29330,67922
10,97262,158,0.0,3185,29330,67932
12,97274,158,0.0,3186,29330,67944
42,97316,158,0.0,3187,29330,67986
12,97328,158,0.0,3188,29330,67998
49,97377,158,0.0,3189,29330,68047
22,97399,158,0.0,3190,29330,68069
26,97425,158,0.0,3191,29330,68095
41,97466,158,0.0,3192,29330,68136
36,97502,158,0.0,3193,29330,68172
25,97527,158,0.0,3194,29330,68197
11,97538,158,0.0,3195,29330,68208
13,97551,158,0.0,3196,29330,68221
16,97567,158,0.0,3197,29330,68237
29,97596,158,0.0,3198,29330,68266
13,97609,158,0.0,3199,29330,68279
42,97651,158,0.0,3200,29330,68321
17,97668,158,0.0,3201,29330,68338
14,97682,158,0.0,3202,29330,68352
15,97697,158,0.0,3203,29330,68367
25,97722,159,1.0,3204,29330,68392
23,97745,159,0.0,3205,29330,68415
69,97814,159,0.0,3206,29330,68484
19,97833,159,0.0,3207,29330,68503
22,97855,160,1.0,3208,29330,68525
13,97868,160,0.0,3209,29330,68538
65,97933,160,0.0,3210,29330,68603
40,97973,160,0.0,3211,29330,68643
11,97984,160,0.0,3212,29330,68654
8,97992,160,0.0,3213,29330,68662
14,98006,160,0.0,3214,29330,68676
41,98047,160,0.0,3215,29330,68717
17,98064,160,0.0,3216,29330,68734
18,98082,160,0.0,3217,29330,68752
42,98124,160,0.0,3218,29330,68794
31,98155,160,0.0,3219,29330,68825
14,98169,160,0.0,3220,29330,68839
15,98184,160,0.0,3221,29330,68854
43,98227,160,0.0,3222,29330,68897
14,98241,160,0.0,3223,29330,68911
19,98260,160,0.0,3224,29330,68930
16,98276,160,0.0,3225,29330,68946
42,98318,160,0.0,3226,29330,68988
16,98334,160,0.0,3227,29330,69004
62,98396,161,1.0,3228,29330,69066
46,98442,161,0.0,3229,29330,69112
59,98501,161,0.0,3230,29330,69171
14,98515,162,1.0,3231,29330,69185
32,98547,163,1.0,3232,29330,69217
26,98573,163,0.0,3233,29330,69243
9,98582,163,0.0,3234,29330,69252
21,98603,163,0.0,3235,29330,69273
10,98613,163,0.0,3236,29330,69283
11,98624,163,0.0,3237,29330,69294
34,98658,163,0.0,3238,29330,69328
5,98663,163,0.0,3239,29330,69333
21,98684,163,0.0,3240,29330,69354
47,98731,163,0.0,3241,29330,69401
10,98741,163,0.0,3242,29330,69411
14,98755,163,0.0,3243,29330,69425
7,98762,163,0.0,3244,29330,69432
13,98775,163,0.0,3245,29330,69445
29,98804,163,0.0,3246,29330,69474
73,98877,163,0.0,3247,29330,69547
51,98928,163,0.0,3248,29330,69598
58,98986,163,0.0,3249,29330,69656
27,99013,163,0.0,3250,29330,69683
21,99034,163,0.0,3251,29330,69704
30,99064,163,0.0,3252,29330,69734
47,99111,163,0.0,3253,29330,69781
8,99119,163,0.0,3254,29330,69789
11,99130,163,0.0,3255,29330,69800
37,99167,163,0.0,3256,29330,69837
21,99188,163,0.0,3257,29330,69858
100,99288,163,0.0,3258,29330,69958
42,99330,163,0.0,3259,29330,70000
32,99362,163,0.0,3260,29330,70032
27,99389,163,0.0,3261,29330,70059
11,99400,163,0.0,3262,29330,70070
16,99416,163,0.0,3263,29330,70086
100,99516,163,0.0,3264,29330,70186
7,99523,163,0.0,3265,29330,70193
59,99582,163,0.0,3266,29330,70252
23,99605,163,0.0,3267,29330,70275
15,99620,163,0.0,3268,29330,70290
35,99655,163,0.0,3269,29330,70325
31,99686,163,0.0,3270,29330,70356
16,99702,163,0.0,3271,29330,70372
30,99732,163,0.0,3272,29330,70402
38,99770,163,0.0,3273,29330,70440
79,99849,163,0.0,3274,29330,70519
8,99857,163,0.0,3275,29330,70527
50,99907,163,0.0,3276,29330,70577
9,99916,163,0.0,3277,29330,70586
30,99946,163,0.0,3278,29330,70616
16,99962,163,0.0,3279,29330,70632
19,99981,163,0.0,3280,29330,70651
