iteration,successes,successes_episode,reward_episode,episode_count,random_act,timestep
55,55,0,0.0,1,36,19
100,155,0,0.0,2,114,41
61,216,0,0.0,3,162,54
55,271,0,0.0,4,205,66
18,289,0,0.0,5,219,70
15,304,0,0.0,6,229,75
42,346,0,0.0,7,262,84
53,399,0,0.0,8,311,88
34,433,0,0.0,9,342,91
7,440,0,0.0,10,348,92
14,454,0,0.0,11,359,95
76,530,0,0.0,12,416,114
30,560,0,0.0,13,442,118
53,613,0,0.0,14,485,128
7,620,0,0.0,15,490,130
19,639,0,0.0,16,507,132
19,658,0,0.0,17,521,137
36,694,0,0.0,18,551,143
18,712,0,0.0,19,563,149
18,730,0,0.0,20,578,152
13,743,0,0.0,21,589,154
14,757,0,0.0,22,598,159
22,779,0,0.0,23,617,162
46,825,0,0.0,24,657,168
29,854,0,0.0,25,682,172
25,879,0,0.0,26,701,178
44,923,0,0.0,27,732,191
25,948,0,0.0,28,750,198
72,1020,0,0.0,29,810,210
10,1030,0,0.0,30,819,211
100,1130,0,0.0,31,896,234
12,1142,0,0.0,32,907,235
12,1154,0,0.0,33,914,240
54,1208,0,0.0,34,958,250
35,1243,0,0.0,35,988,255
32,1275,0,0.0,36,1016,259
11,1286,0,0.0,37,1024,262
11,1297,0,0.0,38,1034,263
21,1318,0,0.0,39,1050,268
44,1362,0,0.0,40,1084,278
28,1390,0,0.0,41,1105,285
16,1406,0,0.0,42,1117,289
10,1416,0,0.0,43,1125,291
23,1439,0,0.0,44,1141,298
10,1449,0,0.0,45,1147,302
17,1466,0,0.0,46,1162,304
10,1476,0,0.0,47,1170,306
10,1486,0,0.0,48,1179,307
19,1505,0,0.0,49,1196,309
32,1537,0,0.0,50,1220,317
31,1568,0,0.0,51,1246,322
43,1611,0,0.0,52,1283,328
23,1634,0,0.0,53,1301,333
37,1671,0,0.0,54,1331,340
47,1718,0,0.0,55,1370,348
54,1772,0,0.0,56,1414,358
32,1804,0,0.0,57,1441,363
61,1865,0,0.0,58,1489,376
16,1881,0,0.0,59,1500,381
18,1899,0,0.0,60,1516,383
9,1908,0,0.0,61,1524,384
21,1929,0,0.0,62,1543,386
70,1999,0,0.0,63,1599,400
14,2013,0,0.0,64,1610,403
21,2034,0,0.0,65,1627,407
5,2039,0,0.0,66,1630,409
28,2067,0,0.0,67,1652,415
29,2096,0,0.0,68,1676,420
9,2105,0,0.0,69,1684,421
30,2135,0,0.0,70,1708,427
7,2142,0,0.0,71,1713,429
22,2164,0,0.0,72,1729,435
37,2201,0,0.0,73,1762,439
48,2249,0,0.0,74,1794,455
14,2263,0,0.0,75,1805,458
12,2275,0,0.0,76,1814,461
8,2283,0,0.0,77,1819,464
8,2291,0,0.0,78,1826,465
14,2305,0,0.0,79,1837,468
10,2315,0,0.0,80,1846,469
60,2375,0,0.0,81,1893,482
17,2392,0,0.0,82,1906,486
22,2414,0,0.0,83,1923,491
8,2422,0,0.0,84,1929,493
18,2440,0,0.0,85,1943,497
32,2472,0,0.0,86,1966,506
14,2486,0,0.0,87,1979,507
12,2498,0,0.0,88,1987,511
23,2521,0,0.0,89,2006,515
92,2613,0,0.0,90,2079,534
45,2658,0,0.0,91,2117,541
30,2688,0,0.0,92,2143,545
57,2745,0,0.0,93,2189,556
6,2751,0,0.0,94,2195,556
7,2758,0,0.0,95,2202,556
68,2826,0,0.0,96,2253,573
64,2890,0,0.0,97,2299,591
31,2921,0,0.0,98,2323,598
11,2932,0,0.0,99,2330,602
12,2944,0,0.0,100,2339,605
48,2992,0,0.0,101,2383,609
79,3071,1,1.0,102,2444,627
26,3097,1,0.0,103,2450,647
55,3152,1,0.0,104,2461,691
29,3181,1,0.0,105,2463,718
19,3200,1,0.0,106,2465,735
34,3234,1,0.0,107,2470,764
19,3253,1,0.0,108,2476,777
15,3268,1,0.0,109,2479,789
11,3279,1,0.0,110,2481,798
8,3287,1,0.0,111,2483,804
9,3296,1,0.0,112,2485,811
37,3333,1,0.0,113,2493,840
22,3355,1,0.0,114,2495,860
13,3368,1,0.0,115,2495,873
56,3424,1,0.0,116,2504,920
33,3457,1,0.0,117,2513,944
37,3494,1,0.0,118,2520,974
35,3529,1,0.0,119,2528,1001
23,3552,1,0.0,120,2531,1021
29,3581,1,0.0,121,2539,1042
40,3621,1,0.0,122,2551,1070
100,3721,1,0.0,123,2578,1143
62,3783,1,0.0,124,2596,1187
100,3883,1,0.0,125,2627,1256
12,3895,1,0.0,126,2628,1267
23,3918,1,0.0,127,2637,1281
40,3958,1,0.0,128,2644,1314
33,3991,1,0.0,129,2650,1341
53,4044,1,0.0,130,2662,1382
48,4092,1,0.0,131,2672,1420
46,4138,1,0.0,132,2683,1455
22,4160,1,0.0,133,2685,1475
49,4209,1,0.0,134,2694,1515
31,4240,1,0.0,135,2701,1539
31,4271,1,0.0,136,2704,1567
46,4317,1,0.0,137,2716,1601
100,4417,1,0.0,138,2729,1688
39,4456,1,0.0,139,2736,1720
11,4467,1,0.0,140,2739,1728
22,4489,1,0.0,141,2745,1744
14,4503,1,0.0,142,2748,1755
32,4535,1,0.0,143,2755,1780
22,4557,1,0.0,144,2761,1796
32,4589,1,0.0,145,2765,1824
29,4618,1,0.0,146,2774,1844
8,4626,1,0.0,147,2774,1852
13,4639,1,0.0,148,2777,1862
51,4690,1,0.0,149,2789,1901
16,4706,1,0.0,150,2793,1913
19,4725,1,0.0,151,2795,1930
17,4742,1,0.0,152,2797,1945
11,4753,1,0.0,153,2800,1953
5,4758,1,0.0,154,2801,1957
16,4774,1,0.0,155,2804,1970
49,4823,1,0.0,156,2815,2008
19,4842,1,0.0,157,2818,2024
21,4863,1,0.0,158,2826,2037
30,4893,1,0.0,159,2832,2061
16,4909,1,0.0,160,2835,2074
12,4921,1,0.0,161,2837,2084
38,4959,1,0.0,162,2845,2114
19,4978,1,0.0,163,2851,2127
16,4994,1,0.0,164,2853,2141
46,5040,1,0.0,165,2867,2173
13,5053,1,0.0,166,2873,2180
8,5061,1,0.0,167,2875,2186
11,5072,1,0.0,168,2879,2193
55,5127,1,0.0,169,2895,2232
56,5183,1,0.0,170,2906,2277
38,5221,1,0.0,171,2911,2310
20,5241,1,0.0,172,2913,2328
9,5250,1,0.0,173,2915,2335
12,5262,1,0.0,174,2916,2346
29,5291,1,0.0,175,2923,2368
44,5335,1,0.0,176,2930,2405
22,5357,1,0.0,177,2936,2421
43,5400,1,0.0,178,2945,2455
23,5423,1,0.0,179,2951,2472
37,5460,1,0.0,180,2960,2500
6,5466,1,0.0,181,2961,2505
32,5498,1,0.0,182,2967,2531
18,5516,1,0.0,183,2971,2545
35,5551,1,0.0,184,2977,2574
30,5581,1,0.0,185,2986,2595
8,5589,1,0.0,186,2988,2601
66,5655,1,0.0,187,2999,2656
69,5724,1,0.0,188,3011,2713
12,5736,1,0.0,189,3014,2722
17,5753,1,0.0,190,3017,2736
20,5773,1,0.0,191,3018,2755
45,5818,1,0.0,192,3029,2789
51,5869,1,0.0,193,3044,2825
38,5907,1,0.0,194,3051,2856
51,5958,1,0.0,195,3063,2895
22,5980,1,0.0,196,3071,2909
20,6000,1,0.0,197,3073,2927
55,6055,1,0.0,198,3084,2971
31,6086,1,0.0,199,3087,2999
40,6126,1,0.0,200,3098,3028
96,6222,1,0.0,201,3119,3103
41,6263,1,0.0,202,3125,3138
19,6282,1,0.0,203,3134,3148
37,6319,1,0.0,204,3144,3175
30,6349,1,0.0,205,3149,3200
22,6371,1,0.0,206,3152,3219
18,6389,1,0.0,207,3155,3234
93,6482,1,0.0,208,3177,3305
39,6521,1,0.0,209,3189,3332
23,6544,1,0.0,210,3195,3349
26,6570,1,0.0,211,3199,3371
7,6577,1,0.0,212,3200,3377
52,6629,1,0.0,213,3212,3417
46,6675,1,0.0,214,3220,3455
31,6706,1,0.0,215,3226,3480
22,6728,1,0.0,216,3232,3496
81,6809,1,0.0,217,3246,3563
27,6836,1,0.0,218,3251,3585
100,6936,1,0.0,219,3269,3667
69,7005,1,0.0,220,3284,3721
41,7046,1,0.0,221,3293,3753
92,7138,1,0.0,222,3311,3827
5,7143,1,0.0,223,3311,3832
30,7173,1,0.0,224,3315,3858
50,7223,1,0.0,225,3324,3899
57,7280,1,0.0,226,3340,3940
9,7289,1,0.0,227,3342,3947
19,7308,1,0.0,228,3344,3964
14,7322,1,0.0,229,3349,3973
17,7339,1,0.0,230,3351,3988
38,7377,1,0.0,231,3362,4015
33,7410,1,0.0,232,3372,4038
43,7453,1,0.0,233,3384,4069
22,7475,1,0.0,234,3389,4086
20,7495,1,0.0,235,3393,4102
22,7517,1,0.0,236,3397,4120
10,7527,1,0.0,237,3398,4129
34,7561,1,0.0,238,3402,4159
47,7608,1,0.0,239,3417,4191
10,7618,1,0.0,240,3419,4199
12,7630,1,0.0,241,3422,4208
10,7640,1,0.0,242,3425,4215
25,7665,1,0.0,243,3431,4234
13,7678,1,0.0,244,3434,4244
66,7744,1,0.0,245,3446,4298
35,7779,1,0.0,246,3449,4330
100,7879,1,0.0,247,3472,4407
13,7892,1,0.0,248,3476,4416
9,7901,1,0.0,249,3476,4425
30,7931,1,0.0,250,3484,4447
14,7945,1,0.0,251,3488,4457
18,7963,1,0.0,252,3492,4471
19,7982,1,0.0,253,3494,4488
36,8018,1,0.0,254,3504,4514
28,8046,1,0.0,255,3511,4535
15,8061,1,0.0,256,3513,4548
9,8070,1,0.0,257,3513,4557
11,8081,1,0.0,258,3517,4564
99,8180,1,0.0,259,3532,4648
99,8279,1,0.0,260,3551,4728
11,8290,1,0.0,261,3554,4736
52,8342,1,0.0,262,3565,4777
25,8367,1,0.0,263,3569,4798
31,8398,1,0.0,264,3573,4825
42,8440,1,0.0,265,3580,4860
13,8453,1,0.0,266,3582,4871
20,8473,1,0.0,267,3585,4888
12,8485,1,0.0,268,3587,4898
14,8499,1,0.0,269,3592,4907
83,8582,1,0.0,270,3610,4972
25,8607,1,0.0,271,3617,4990
68,8675,1,0.0,272,3630,5045
76,8751,1,0.0,273,3642,5109
18,8769,1,0.0,274,3645,5124
32,8801,1,0.0,275,3650,5151
11,8812,1,0.0,276,3651,5161
7,8819,1,0.0,277,3651,5168
31,8850,1,0.0,278,3661,5189
18,8868,1,0.0,279,3665,5203
10,8878,1,0.0,280,3668,5210
9,8887,1,0.0,281,3670,5217
43,8930,1,0.0,282,3675,5255
64,8994,1,0.0,283,3686,5308
7,9001,1,0.0,284,3686,5315
15,9016,1,0.0,285,3691,5325
11,9027,1,0.0,286,3693,5334
13,9040,1,0.0,287,3697,5343
17,9057,1,0.0,288,3698,5359
50,9107,1,0.0,289,3703,5404
9,9116,1,0.0,290,3705,5411
44,9160,1,0.0,291,3714,5446
8,9168,1,0.0,292,3715,5453
36,9204,1,0.0,293,3722,5482
12,9216,1,0.0,294,3723,5493
9,9225,1,0.0,295,3725,5500
24,9249,1,0.0,296,3727,5522
22,9271,1,0.0,297,3731,5540
19,9290,1,0.0,298,3735,5555
21,9311,1,0.0,299,3738,5573
51,9362,1,0.0,300,3746,5616
62,9424,1,0.0,301,3756,5668
63,9487,1,0.0,302,3766,5721
36,9523,1,0.0,303,3770,5753
30,9553,1,0.0,304,3777,5776
32,9585,1,0.0,305,3782,5803
20,9605,1,0.0,306,3785,5820
16,9621,1,0.0,307,3788,5833
61,9682,1,0.0,308,3795,5887
63,9745,1,0.0,309,3806,5939
10,9755,1,0.0,310,3807,5948
43,9798,1,0.0,311,3814,5984
38,9836,1,0.0,312,3821,6015
19,9855,1,0.0,313,3824,6031
49,9904,1,0.0,314,3832,6072
70,9974,1,0.0,315,3840,6134
7,9981,1,0.0,316,3841,6140
12,9993,1,0.0,317,3843,6150
46,10039,1,0.0,318,3849,6190
30,10069,1,0.0,319,3853,6216
42,10111,1,0.0,320,3868,6243
29,10140,1,0.0,321,3873,6267
8,10148,1,0.0,322,3873,6275
12,10160,1,0.0,323,3874,6286
27,10187,1,0.0,324,3876,6311
37,10224,1,0.0,325,3880,6344
9,10233,1,0.0,326,3881,6352
41,10274,1,0.0,327,3884,6390
16,10290,1,0.0,328,3887,6403
13,10303,1,0.0,329,3889,6414
48,10351,1,0.0,330,3896,6455
16,10367,1,0.0,331,3901,6466
8,10375,1,0.0,332,3902,6473
15,10390,1,0.0,333,3905,6485
28,10418,1,0.0,334,3910,6508
15,10433,1,0.0,335,3914,6519
73,10506,1,0.0,336,3931,6575
53,10559,1,0.0,337,3938,6621
19,10578,1,0.0,338,3942,6636
14,10592,1,0.0,339,3943,6649
37,10629,1,0.0,340,3951,6678
26,10655,1,0.0,341,3954,6701
28,10683,1,0.0,342,3959,6724
36,10719,1,0.0,343,3965,6754
27,10746,1,0.0,344,3970,6776
44,10790,1,0.0,345,3980,6810
30,10820,1,0.0,346,3986,6834
43,10863,1,0.0,347,3992,6871
64,10927,1,0.0,348,4003,6924
13,10940,1,0.0,349,4005,6935
10,10950,1,0.0,350,4006,6944
32,10982,1,0.0,351,4009,6973
12,10994,1,0.0,352,4012,6982
23,11017,1,0.0,353,4017,7000
14,11031,1,0.0,354,4020,7011
10,11041,1,0.0,355,4023,7018
21,11062,1,0.0,356,4025,7037
41,11103,1,0.0,357,4031,7072
31,11134,1,0.0,358,4036,7098
19,11153,1,0.0,359,4040,7113
56,11209,1,0.0,360,4047,7162
14,11223,1,0.0,361,4050,7173
56,11279,1,0.0,362,4059,7220
26,11305,1,0.0,363,4066,7239
46,11351,1,0.0,364,4075,7276
32,11383,1,0.0,365,4081,7302
12,11395,1,0.0,366,4082,7313
39,11434,1,0.0,367,4085,7349
80,11514,1,0.0,368,4098,7416
15,11529,1,0.0,369,4102,7427
27,11556,1,0.0,370,4106,7450
25,11581,1,0.0,371,4107,7474
69,11650,1,0.0,372,4120,7530
35,11685,1,0.0,373,4128,7557
11,11696,1,0.0,374,4132,7564
47,11743,1,0.0,375,4140,7603
27,11770,1,0.0,376,4142,7628
5,11775,1,0.0,377,4146,7629
31,11806,1,0.0,378,4151,7655
7,11813,1,0.0,379,4153,7660
16,11829,1,0.0,380,4155,7674
25,11854,1,0.0,381,4157,7697
33,11887,1,0.0,382,4161,7726
40,11927,1,0.0,383,4168,7759
11,11938,1,0.0,384,4170,7768
47,11985,1,0.0,385,4177,7808
33,12018,1,0.0,386,4186,7832
6,12024,1,0.0,387,4189,7835
43,12067,1,0.0,388,4195,7872
52,12119,1,0.0,389,4205,7914
67,12186,1,0.0,390,4215,7971
58,12244,1,0.0,391,4225,8019
29,12273,1,0.0,392,4229,8044
13,12286,1,0.0,393,4230,8056
14,12300,1,0.0,394,4230,8070
12,12312,1,0.0,395,4231,8081
22,12334,1,0.0,396,4232,8102
13,12347,1,0.0,397,4233,8114
14,12361,1,0.0,398,4234,8127
21,12382,1,0.0,399,4238,8144
41,12423,1,0.0,400,4244,8179
19,12442,1,0.0,401,4247,8195
83,12525,1,0.0,402,4263,8262
9,12534,1,0.0,403,4264,8270
15,12549,1,0.0,404,4264,8285
43,12592,1,0.0,405,4273,8319
17,12609,1,0.0,406,4276,8333
18,12627,1,0.0,407,4279,8348
18,12645,1,0.0,408,4282,8363
23,12668,1,0.0,409,4287,8381
18,12686,1,0.0,410,4289,8397
18,12704,1,0.0,411,4293,8411
17,12721,1,0.0,412,4298,8423
20,12741,1,0.0,413,4300,8441
26,12767,1,0.0,414,4306,8461
9,12776,1,0.0,415,4309,8467
17,12793,1,0.0,416,4313,8480
34,12827,1,0.0,417,4315,8512
28,12855,1,0.0,418,4319,8536
9,12864,1,0.0,419,4320,8544
13,12877,1,0.0,420,4322,8555
13,12890,1,0.0,421,4325,8565
77,12967,1,0.0,422,4344,8623
11,12978,1,0.0,423,4346,8632
61,13039,1,0.0,424,4356,8683
18,13057,1,0.0,425,4359,8698
49,13106,1,0.0,426,4365,8741
100,13206,1,0.0,427,4383,8823
5,13211,1,0.0,428,4385,8826
12,13223,1,0.0,429,4387,8836
31,13254,1,0.0,430,4391,8863
45,13299,1,0.0,431,4398,8901
10,13309,1,0.0,432,4400,8909
25,13334,1,0.0,433,4404,8930
46,13380,1,0.0,434,4416,8964
36,13416,1,0.0,435,4425,8991
19,13435,1,0.0,436,4427,9008
11,13446,1,0.0,437,4430,9016
89,13535,1,0.0,438,4445,9090
11,13546,1,0.0,439,4448,9098
20,13566,1,0.0,440,4452,9114
64,13630,1,0.0,441,4463,9167
73,13703,1,0.0,442,4478,9225
9,13712,1,0.0,443,4482,9230
12,13724,1,0.0,444,4483,9241
12,13736,1,0.0,445,4485,9251
52,13788,1,0.0,446,4496,9292
40,13828,1,0.0,447,4501,9327
75,13903,1,0.0,448,4515,9388
19,13922,1,0.0,449,4519,9403
66,13988,1,0.0,450,4528,9460
30,14018,1,0.0,451,4532,9486
29,14047,1,0.0,452,4542,9505
12,14059,1,0.0,453,4546,9513
26,14085,1,0.0,454,4548,9537
22,14107,1,0.0,455,4554,9553
9,14116,1,0.0,456,4557,9559
62,14178,1,0.0,457,4569,9609
12,14190,1,0.0,458,4570,9620
57,14247,1,0.0,459,4580,9667
50,14297,1,0.0,460,4587,9710
40,14337,1,0.0,461,4597,9740
15,14352,1,0.0,462,4600,9752
6,14358,1,0.0,463,4602,9756
47,14405,1,0.0,464,4610,9795
27,14432,1,0.0,465,4619,9813
83,14515,1,0.0,466,4629,9886
14,14529,1,0.0,467,4634,9895
66,14595,1,0.0,468,4645,9950
38,14633,1,0.0,469,4652,9981
100,14733,1,0.0,470,4663,10070
46,14779,1,0.0,471,4671,10108
57,14836,1,0.0,472,4681,10155
14,14850,1,0.0,473,4685,10165
81,14931,1,0.0,474,4696,10235
32,14963,1,0.0,475,4701,10262
32,14995,1,0.0,476,4706,10289
29,15024,1,0.0,477,4710,10314
14,15038,1,0.0,478,4715,10323
33,15071,1,0.0,479,4722,10349
35,15106,1,0.0,480,4728,10378
37,15143,1,0.0,481,4734,10409
16,15159,1,0.0,482,4736,10423
21,15180,1,0.0,483,4738,10442
5,15185,1,0.0,484,4738,10447
34,15219,1,0.0,485,4743,10476
14,15233,1,0.0,486,4744,10489
100,15333,1,0.0,487,4760,10573
30,15363,1,0.0,488,4765,10598
19,15382,1,0.0,489,4767,10615
14,15396,1,0.0,490,4768,10628
29,15425,1,0.0,491,4775,10650
14,15439,1,0.0,492,4777,10662
14,15453,1,0.0,493,4781,10672
16,15469,1,0.0,494,4785,10684
29,15498,1,0.0,495,4788,10710
27,15525,1,0.0,496,4793,10732
46,15571,1,0.0,497,4797,10774
56,15627,1,0.0,498,4805,10822
21,15648,1,0.0,499,4811,10837
18,15666,1,0.0,500,4814,10852
9,15675,1,0.0,501,4814,10861
43,15718,1,0.0,502,4820,10898
20,15738,1,0.0,503,4822,10916
19,15757,1,0.0,504,4829,10928
32,15789,1,0.0,505,4837,10952
20,15809,1,0.0,506,4840,10969
58,15867,1,0.0,507,4848,11019
100,15967,1,0.0,508,4866,11101
47,16014,1,0.0,509,4873,11141
9,16023,1,0.0,510,4875,11148
15,16038,1,0.0,511,4878,11160
31,16069,1,0.0,512,4881,11188
18,16087,1,0.0,513,4884,11203
43,16130,1,0.0,514,4894,11236
19,16149,1,0.0,515,4895,11254
44,16193,1,0.0,516,4900,11293
49,16242,1,0.0,517,4910,11332
53,16295,1,0.0,518,4915,11380
50,16345,1,0.0,519,4921,11424
83,16428,1,0.0,520,4939,11489
100,16528,1,0.0,521,4959,11569
27,16555,2,1.0,522,4960,11595
14,16569,2,0.0,523,4960,11609
29,16598,2,0.0,524,4961,11637
19,16617,2,0.0,525,4961,11656
36,16653,2,0.0,526,4962,11691
22,16675,2,0.0,527,4962,11713
20,16695,2,0.0,528,4962,11733
42,16737,2,0.0,529,4963,11774
20,16757,2,0.0,530,4964,11793
23,16780,2,0.0,531,4964,11816
46,16826,2,0.0,532,4966,11860
15,16841,2,0.0,533,4966,11875
24,16865,2,0.0,534,4966,11899
33,16898,2,0.0,535,4966,11932
15,16913,2,0.0,536,4966,11947
11,16924,2,0.0,537,4966,11958
17,16941,2,0.0,538,4966,11975
14,16955,2,0.0,539,4966,11989
15,16970,2,0.0,540,4966,12004
8,16978,2,0.0,541,4966,12012
42,17020,2,0.0,542,4966,12054
21,17041,2,0.0,543,4966,12075
36,17077,2,0.0,544,4968,12109
47,17124,2,0.0,545,4970,12154
21,17145,2,0.0,546,4970,12175
100,17245,2,0.0,547,4970,12275
18,17263,2,0.0,548,4972,12291
26,17289,2,0.0,549,4972,12317
29,17318,2,0.0,550,4973,12345
22,17340,2,0.0,551,4973,12367
30,17370,2,0.0,552,4975,12395
30,17400,2,0.0,553,4975,12425
18,17418,2,0.0,554,4975,12443
56,17474,2,0.0,555,4976,12498
17,17491,2,0.0,556,4976,12515
58,17549,2,0.0,557,4981,12568
12,17561,2,0.0,558,4981,12580
52,17613,2,0.0,559,4981,12632
100,17713,2,0.0,560,4983,12730
49,17762,2,0.0,561,4983,12779
46,17808,2,0.0,562,4984,12824
26,17834,2,0.0,563,4984,12850
9,17843,2,0.0,564,4984,12859
14,17857,2,0.0,565,4986,12871
11,17868,2,0.0,566,4986,12882
58,17926,2,0.0,567,4986,12940
24,17950,2,0.0,568,4986,12964
36,17986,2,0.0,569,4988,12998
31,18017,2,0.0,570,4989,13028
5,18022,2,0.0,571,4990,13032
52,18074,2,0.0,572,4991,13083
81,18155,2,0.0,573,4992,13163
21,18176,2,0.0,574,4993,13183
76,18252,2,0.0,575,4993,13259
38,18290,2,0.0,576,4995,13295
13,18303,2,0.0,577,4997,13306
78,18381,2,0.0,578,4997,13384
26,18407,2,0.0,579,4997,13410
18,18425,2,0.0,580,4997,13428
30,18455,2,0.0,581,4998,13457
13,18468,2,0.0,582,4998,13470
96,18564,2,0.0,583,4999,13565
8,18572,2,0.0,584,4999,13573
11,18583,2,0.0,585,5000,13583
6,18589,2,0.0,586,5000,13589
20,18609,2,0.0,587,5000,13609
40,18649,2,0.0,588,5000,13649
20,18669,2,0.0,589,5000,13669
13,18682,2,0.0,590,5000,13682
42,18724,2,0.0,591,5001,13723
13,18737,2,0.0,592,5001,13736
44,18781,2,0.0,593,5002,13779
26,18807,2,0.0,594,5003,13804
86,18893,2,0.0,595,5005,13888
39,18932,2,0.0,596,5006,13926
31,18963,2,0.0,597,5006,13957
30,18993,2,0.0,598,5006,13987
35,19028,2,0.0,599,5006,14022
30,19058,2,0.0,600,5008,14050
72,19130,2,0.0,601,5009,14121
15,19145,2,0.0,602,5010,14135
28,19173,2,0.0,603,5011,14162
27,19200,2,0.0,604,5012,14188
29,19229,2,0.0,605,5013,14216
17,19246,2,0.0,606,5013,14233
79,19325,2,0.0,607,5016,14309
45,19370,2,0.0,608,5017,14353
16,19386,2,0.0,609,5017,14369
46,19432,2,0.0,610,5017,14415
8,19440,2,0.0,611,5017,14423
35,19475,2,0.0,612,5018,14457
16,19491,2,0.0,613,5018,14473
27,19518,2,0.0,614,5019,14499
25,19543,2,0.0,615,5020,14523
30,19573,2,0.0,616,5021,14552
8,19581,2,0.0,617,5021,14560
20,19601,2,0.0,618,5021,14580
37,19638,2,0.0,619,5024,14614
33,19671,3,1.0,620,5026,14645
20,19691,3,0.0,621,5026,14665
25,19716,3,0.0,622,5026,14690
37,19753,3,0.0,623,5026,14727
51,19804,3,0.0,624,5026,14778
19,19823,3,0.0,625,5026,14797
8,19831,3,0.0,626,5026,14805
29,19860,3,0.0,627,5026,14834
17,19877,3,0.0,628,5026,14851
8,19885,3,0.0,629,5026,14859
51,19936,3,0.0,630,5026,14910
28,19964,3,0.0,631,5026,14938
14,19978,3,0.0,632,5026,14952
36,20014,3,0.0,633,5027,14987
22,20036,3,0.0,634,5027,15009
12,20048,3,0.0,635,5027,15021
80,20128,3,0.0,636,5027,15101
38,20166,3,0.0,637,5027,15139
10,20176,3,0.0,638,5027,15149
35,20211,3,0.0,639,5027,15184
22,20233,3,0.0,640,5027,15206
33,20266,3,0.0,641,5027,15239
24,20290,3,0.0,642,5027,15263
10,20300,3,0.0,643,5027,15273
73,20373,3,0.0,644,5027,15346
67,20440,3,0.0,645,5027,15413
44,20484,3,0.0,646,5027,15457
15,20499,3,0.0,647,5027,15472
12,20511,3,0.0,648,5027,15484
30,20541,3,0.0,649,5027,15514
20,20561,3,0.0,650,5027,15534
5,20566,3,0.0,651,5027,15539
15,20581,3,0.0,652,5027,15554
33,20614,3,0.0,653,5027,15587
26,20640,3,0.0,654,5027,15613
18,20658,3,0.0,655,5027,15631
11,20669,3,0.0,656,5027,15642
43,20712,4,1.0,657,5027,15685
56,20768,4,0.0,658,5027,15741
14,20782,4,0.0,659,5027,15755
7,20789,4,0.0,660,5027,15762
64,20853,5,1.0,661,5027,15826
42,20895,5,0.0,662,5027,15868
14,20909,5,0.0,663,5027,15882
17,20926,5,0.0,664,5027,15899
5,20931,5,0.0,665,5027,15904
9,20940,5,0.0,666,5027,15913
29,20969,5,0.0,667,5027,15942
13,20982,5,0.0,668,5027,15955
11,20993,5,0.0,669,5027,15966
87,21080,5,0.0,670,5027,16053
13,21093,5,0.0,671,5027,16066
29,21122,5,0.0,672,5027,16095
35,21157,5,0.0,673,5027,16130
20,21177,5,0.0,674,5027,16150
23,21200,5,0.0,675,5027,16173
11,21211,5,0.0,676,5027,16184
20,21231,5,0.0,677,5027,16204
15,21246,5,0.0,678,5027,16219
13,21259,5,0.0,679,5027,16232
12,21271,5,0.0,680,5027,16244
14,21285,5,0.0,681,5027,16258
7,21292,5,0.0,682,5027,16265
28,21320,5,0.0,683,5027,16293
7,21327,5,0.0,684,5027,16300
15,21342,5,0.0,685,5027,16315
19,21361,5,0.0,686,5027,16334
24,21385,5,0.0,687,5027,16358
42,21427,5,0.0,688,5027,16400
53,21480,5,0.0,689,5027,16453
28,21508,5,0.0,690,5027,16481
62,21570,5,0.0,691,5027,16543
8,21578,5,0.0,692,5027,16551
9,21587,5,0.0,693,5027,16560
30,21617,5,0.0,694,5027,16590
18,21635,5,0.0,695,5027,16608
44,21679,5,0.0,696,5027,16652
28,21707,5,0.0,697,5027,16680
17,21724,5,0.0,698,5027,16697
24,21748,5,0.0,699,5027,16721
24,21772,5,0.0,700,5027,16745
6,21778,5,0.0,701,5027,16751
21,21799,5,0.0,702,5027,16772
17,21816,5,0.0,703,5027,16789
90,21906,5,0.0,704,5027,16879
30,21936,5,0.0,705,5027,16909
46,21982,5,0.0,706,5027,16955
100,22082,5,0.0,707,5027,17055
20,22102,5,0.0,708,5027,17075
29,22131,5,0.0,709,5027,17104
49,22180,5,0.0,710,5027,17153
38,22218,6,1.0,711,5027,17191
10,22228,6,0.0,712,5027,17201
64,22292,6,0.0,713,5027,17265
23,22315,6,0.0,714,5027,17288
42,22357,6,0.0,715,5027,17330
20,22377,6,0.0,716,5027,17350
26,22403,6,0.0,717,5027,17376
43,22446,6,0.0,718,5027,17419
58,22504,7,1.0,719,5027,17477
36,22540,8,1.0,720,5027,17513
16,22556,8,0.0,721,5027,17529
65,22621,8,0.0,722,5027,17594
28,22649,8,0.0,723,5027,17622
21,22670,8,0.0,724,5027,17643
19,22689,8,0.0,725,5027,17662
16,22705,8,0.0,726,5027,17678
42,22747,8,0.0,727,5027,17720
37,22784,8,0.0,728,5027,17757
58,22842,8,0.0,729,5027,17815
43,22885,8,0.0,730,5027,17858
17,22902,8,0.0,731,5027,17875
8,22910,8,0.0,732,5027,17883
31,22941,8,0.0,733,5027,17914
18,22959,8,0.0,734,5027,17932
51,23010,8,0.0,735,5027,17983
7,23017,8,0.0,736,5027,17990
62,23079,8,0.0,737,5027,18052
20,23099,8,0.0,738,5027,18072
61,23160,8,0.0,739,5027,18133
25,23185,8,0.0,740,5027,18158
14,23199,8,0.0,741,5027,18172
23,23222,8,0.0,742,5027,18195
46,23268,9,1.0,743,5027,18241
20,23288,10,1.0,744,5027,18261
18,23306,10,0.0,745,5027,18279
67,23373,10,0.0,746,5027,18346
12,23385,10,0.0,747,5027,18358
18,23403,10,0.0,748,5027,18376
68,23471,10,0.0,749,5027,18444
9,23480,10,0.0,750,5027,18453
28,23508,10,0.0,751,5027,18481
16,23524,10,0.0,752,5027,18497
71,23595,10,0.0,753,5027,18568
16,23611,10,0.0,754,5027,18584
28,23639,10,0.0,755,5027,18612
23,23662,10,0.0,756,5027,18635
36,23698,10,0.0,757,5027,18671
14,23712,10,0.0,758,5027,18685
40,23752,10,0.0,759,5027,18725
20,23772,10,0.0,760,5027,18745
16,23788,10,0.0,761,5027,18761
19,23807,10,0.0,762,5027,18780
42,23849,10,0.0,763,5027,18822
42,23891,11,1.0,764,5027,18864
78,23969,11,0.0,765,5027,18942
92,24061,11,0.0,766,5027,19034
16,24077,11,0.0,767,5027,19050
23,24100,11,0.0,768,5027,19073
55,24155,11,0.0,769,5027,19128
100,24255,11,0.0,770,5027,19228
12,24267,11,0.0,771,5027,19240
40,24307,11,0.0,772,5027,19280
30,24337,12,1.0,773,5027,19310
58,24395,12,0.0,774,5027,19368
13,24408,12,0.0,775,5027,19381
17,24425,12,0.0,776,5027,19398
69,24494,12,0.0,777,5027,19467
11,24505,12,0.0,778,5027,19478
14,24519,12,0.0,779,5027,19492
27,24546,12,0.0,780,5027,19519
24,24570,12,0.0,781,5027,19543
30,24600,12,0.0,782,5027,19573
18,24618,12,0.0,783,5027,19591
51,24669,13,1.0,784,5027,19642
18,24687,13,0.0,785,5027,19660
29,24716,13,0.0,786,5027,19689
21,24737,13,0.0,787,5027,19710
23,24760,13,0.0,788,5027,19733
54,24814,13,0.0,789,5027,19787
11,24825,13,0.0,790,5027,19798
34,24859,13,0.0,791,5027,19832
14,24873,13,0.0,792,5027,19846
21,24894,13,0.0,793,5027,19867
13,24907,13,0.0,794,5027,19880
25,24932,13,0.0,795,5027,19905
26,24958,13,0.0,796,5027,19931
6,24964,13,0.0,797,5027,19937
16,24980,13,0.0,798,5027,19953
7,24987,13,0.0,799,5027,19960
12,24999,13,0.0,800,5027,19972
31,25030,13,0.0,801,5027,20003
24,25054,14,1.0,802,5027,20027
14,25068,14,0.0,803,5027,20041
26,25094,14,0.0,804,5027,20067
70,25164,15,1.0,805,5027,20137
43,25207,15,0.0,806,5027,20180
21,25228,15,0.0,807,5027,20201
16,25244,15,0.0,808,5027,20217
11,25255,15,0.0,809,5027,20228
22,25277,15,0.0,810,5027,20250
13,25290,15,0.0,811,5027,20263
21,25311,15,0.0,812,5027,20284
32,25343,15,0.0,813,5027,20316
60,25403,15,0.0,814,5027,20376
36,25439,15,0.0,815,5027,20412
73,25512,15,0.0,816,5027,20485
22,25534,15,0.0,817,5027,20507
12,25546,15,0.0,818,5027,20519
31,25577,15,0.0,819,5027,20550
50,25627,15,0.0,820,5027,20600
17,25644,15,0.0,821,5027,20617
11,25655,15,0.0,822,5027,20628
41,25696,15,0.0,823,5027,20669
9,25705,15,0.0,824,5027,20678
32,25737,15,0.0,825,5027,20710
10,25747,15,0.0,826,5027,20720
18,25765,15,0.0,827,5027,20738
10,25775,15,0.0,828,5027,20748
22,25797,15,0.0,829,5027,20770
16,25813,15,0.0,830,5027,20786
33,25846,15,0.0,831,5027,20819
34,25880,15,0.0,832,5027,20853
26,25906,15,0.0,833,5027,20879
18,25924,15,0.0,834,5027,20897
13,25937,15,0.0,835,5027,20910
22,25959,15,0.0,836,5027,20932
20,25979,15,0.0,837,5027,20952
60,26039,15,0.0,838,5027,21012
18,26057,15,0.0,839,5027,21030
72,26129,15,0.0,840,5027,21102
8,26137,15,0.0,841,5027,21110
72,26209,15,0.0,842,5027,21182
36,26245,15,0.0,843,5027,21218
44,26289,15,0.0,844,5027,21262
74,26363,15,0.0,845,5027,21336
35,26398,15,0.0,846,5027,21371
42,26440,15,0.0,847,5027,21413
46,26486,15,0.0,848,5027,21459
44,26530,15,0.0,849,5027,21503
64,26594,15,0.0,850,5027,21567
87,26681,15,0.0,851,5027,21654
25,26706,15,0.0,852,5027,21679
19,26725,15,0.0,853,5027,21698
18,26743,15,0.0,854,5027,21716
13,26756,15,0.0,855,5027,21729
37,26793,15,0.0,856,5027,21766
43,26836,15,0.0,857,5027,21809
27,26863,15,0.0,858,5027,21836
8,26871,15,0.0,859,5027,21844
35,26906,15,0.0,860,5027,21879
19,26925,15,0.0,861,5027,21898
100,27025,15,0.0,862,5027,21998
52,27077,16,1.0,863,5027,22050
36,27113,16,0.0,864,5027,22086
8,27121,16,0.0,865,5027,22094
37,27158,16,0.0,866,5027,22131
12,27170,16,0.0,867,5027,22143
11,27181,16,0.0,868,5027,22154
62,27243,16,0.0,869,5027,22216
69,27312,16,0.0,870,5027,22285
26,27338,16,0.0,871,5027,22311
31,27369,16,0.0,872,5027,22342
28,27397,16,0.0,873,5027,22370
56,27453,16,0.0,874,5027,22426
38,27491,16,0.0,875,5027,22464
29,27520,16,0.0,876,5027,22493
11,27531,16,0.0,877,5027,22504
14,27545,16,0.0,878,5027,22518
17,27562,16,0.0,879,5027,22535
16,27578,16,0.0,880,5027,22551
70,27648,16,0.0,881,5027,22621
12,27660,16,0.0,882,5027,22633
53,27713,16,0.0,883,5027,22686
32,27745,16,0.0,884,5027,22718
44,27789,16,0.0,885,5027,22762
36,27825,16,0.0,886,5027,22798
14,27839,16,0.0,887,5027,22812
53,27892,16,0.0,888,5027,22865
17,27909,16,0.0,889,5027,22882
9,27918,16,0.0,890,5027,22891
39,27957,16,0.0,891,5027,22930
55,28012,16,0.0,892,5027,22985
58,28070,16,0.0,893,5027,23043
37,28107,16,0.0,894,5027,23080
13,28120,16,0.0,895,5027,23093
26,28146,16,0.0,896,5027,23119
10,28156,16,0.0,897,5027,23129
24,28180,16,0.0,898,5027,23153
29,28209,16,0.0,899,5027,23182
32,28241,16,0.0,900,5027,23214
27,28268,16,0.0,901,5027,23241
32,28300,16,0.0,902,5027,23273
6,28306,16,0.0,903,5027,23279
24,28330,16,0.0,904,5027,23303
9,28339,16,0.0,905,5027,23312
35,28374,17,1.0,906,5027,23347
25,28399,17,0.0,907,5027,23372
24,28423,18,1.0,908,5027,23396
66,28489,19,1.0,909,5027,23462
60,28549,19,0.0,910,5027,23522
35,28584,20,1.0,911,5027,23557
5,28589,20,0.0,912,5027,23562
10,28599,20,0.0,913,5027,23572
16,28615,20,0.0,914,5027,23588
14,28629,20,0.0,915,5027,23602
73,28702,20,0.0,916,5027,23675
35,28737,20,0.0,917,5027,23710
15,28752,20,0.0,918,5027,23725
5,28757,20,0.0,919,5027,23730
17,28774,21,1.0,920,5027,23747
37,28811,21,0.0,921,5027,23784
34,28845,22,1.0,922,5027,23818
40,28885,23,1.0,923,5027,23858
16,28901,23,0.0,924,5027,23874
24,28925,23,0.0,925,5027,23898
9,28934,23,0.0,926,5027,23907
20,28954,23,0.0,927,5027,23927
27,28981,23,0.0,928,5027,23954
34,29015,23,0.0,929,5027,23988
32,29047,23,0.0,930,5027,24020
30,29077,23,0.0,931,5027,24050
72,29149,24,1.0,932,5027,24122
51,29200,24,0.0,933,5027,24173
13,29213,24,0.0,934,5027,24186
12,29225,24,0.0,935,5027,24198
25,29250,24,0.0,936,5027,24223
29,29279,24,0.0,937,5027,24252
51,29330,25,1.0,938,5027,24303
18,29348,25,0.0,939,5027,24321
33,29381,25,0.0,940,5027,24354
23,29404,25,0.0,941,5027,24377
10,29414,25,0.0,942,5027,24387
20,29434,25,0.0,943,5027,24407
27,29461,25,0.0,944,5027,24434
46,29507,25,0.0,945,5027,24480
44,29551,25,0.0,946,5027,24524
24,29575,25,0.0,947,5027,24548
10,29585,25,0.0,948,5027,24558
24,29609,25,0.0,949,5027,24582
26,29635,25,0.0,950,5027,24608
9,29644,25,0.0,951,5027,24617
76,29720,25,0.0,952,5027,24693
11,29731,25,0.0,953,5027,24704
11,29742,25,0.0,954,5027,24715
29,29771,25,0.0,955,5027,24744
30,29801,25,0.0,956,5027,24774
48,29849,25,0.0,957,5027,24822
21,29870,25,0.0,958,5027,24843
20,29890,25,0.0,959,5027,24863
14,29904,25,0.0,960,5027,24877
25,29929,25,0.0,961,5027,24902
32,29961,25,0.0,962,5027,24934
15,29976,25,0.0,963,5027,24949
25,30001,25,0.0,964,5027,24974
22,30023,25,0.0,965,5027,24996
10,30033,25,0.0,966,5027,25006
83,30116,25,0.0,967,5027,25089
23,30139,25,0.0,968,5027,25112
22,30161,25,0.0,969,5027,25134
56,30217,25,0.0,970,5027,25190
29,30246,25,0.0,971,5027,25219
27,30273,25,0.0,972,5027,25246
58,30331,25,0.0,973,5027,25304
31,30362,25,0.0,974,5027,25335
24,30386,25,0.0,975,5027,25359
22,30408,25,0.0,976,5027,25381
58,30466,26,1.0,977,5027,25439
29,30495,26,0.0,978,5027,25468
20,30515,26,0.0,979,5027,25488
35,30550,26,0.0,980,5027,25523
9,30559,26,0.0,981,5027,25532
14,30573,26,0.0,982,5027,25546
10,30583,26,0.0,983,5027,25556
51,30634,26,0.0,984,5027,25607
26,30660,26,0.0,985,5027,25633
25,30685,26,0.0,986,5027,25658
7,30692,26,0.0,987,5027,25665
42,30734,26,0.0,988,5027,25707
28,30762,26,0.0,989,5027,25735
9,30771,26,0.0,990,5027,25744
18,30789,26,0.0,991,5027,25762
6,30795,26,0.0,992,5027,25768
33,30828,26,0.0,993,5027,25801
23,30851,26,0.0,994,5027,25824
25,30876,26,0.0,995,5027,25849
39,30915,26,0.0,996,5027,25888
68,30983,26,0.0,997,5027,25956
83,31066,26,0.0,998,5027,26039
15,31081,26,0.0,999,5027,26054
63,31144,27,1.0,1000,5027,26117
47,31191,27,0.0,1001,5027,26164
22,31213,27,0.0,1002,5027,26186
13,31226,27,0.0,1003,5027,26199
47,31273,27,0.0,1004,5027,26246
11,31284,27,0.0,1005,5027,26257
16,31300,27,0.0,1006,5027,26273
16,31316,27,0.0,1007,5027,26289
16,31332,27,0.0,1008,5027,26305
32,31364,27,0.0,1009,5027,26337
52,31416,27,0.0,1010,5027,26389
25,31441,27,0.0,1011,5027,26414
5,31446,27,0.0,1012,5027,26419
18,31464,27,0.0,1013,5027,26437
65,31529,27,0.0,1014,5027,26502
10,31539,27,0.0,1015,5027,26512
45,31584,27,0.0,1016,5027,26557
21,31605,27,0.0,1017,5027,26578
15,31620,27,0.0,1018,5027,26593
17,31637,27,0.0,1019,5027,26610
18,31655,27,0.0,1020,5027,26628
15,31670,27,0.0,1021,5027,26643
17,31687,27,0.0,1022,5027,26660
15,31702,27,0.0,1023,5027,26675
23,31725,28,1.0,1024,5027,26698
24,31749,28,0.0,1025,5027,26722
7,31756,28,0.0,1026,5027,26729
39,31795,28,0.0,1027,5027,26768
21,31816,28,0.0,1028,5027,26789
24,31840,29,1.0,1029,5027,26813
64,31904,29,0.0,1030,5027,26877
60,31964,30,1.0,1031,5027,26937
37,32001,30,0.0,1032,5027,26974
28,32029,30,0.0,1033,5027,27002
12,32041,30,0.0,1034,5027,27014
14,32055,30,0.0,1035,5027,27028
14,32069,30,0.0,1036,5027,27042
18,32087,30,0.0,1037,5027,27060
100,32187,30,0.0,1038,5027,27160
35,32222,30,0.0,1039,5027,27195
16,32238,30,0.0,1040,5027,27211
21,32259,30,0.0,1041,5027,27232
30,32289,30,0.0,1042,5027,27262
42,32331,31,1.0,1043,5027,27304
43,32374,31,0.0,1044,5027,27347
26,32400,31,0.0,1045,5027,27373
24,32424,31,0.0,1046,5027,27397
23,32447,31,0.0,1047,5027,27420
28,32475,31,0.0,1048,5027,27448
25,32500,31,0.0,1049,5027,27473
41,32541,31,0.0,1050,5027,27514
15,32556,31,0.0,1051,5027,27529
21,32577,31,0.0,1052,5027,27550
13,32590,31,0.0,1053,5027,27563
9,32599,31,0.0,1054,5027,27572
27,32626,31,0.0,1055,5027,27599
57,32683,31,0.0,1056,5027,27656
19,32702,31,0.0,1057,5027,27675
23,32725,31,0.0,1058,5027,27698
27,32752,31,0.0,1059,5027,27725
24,32776,31,0.0,1060,5027,27749
24,32800,32,1.0,1061,5027,27773
11,32811,32,0.0,1062,5027,27784
47,32858,32,0.0,1063,5027,27831
49,32907,32,0.0,1064,5027,27880
18,32925,32,0.0,1065,5027,27898
16,32941,32,0.0,1066,5027,27914
76,33017,32,0.0,1067,5027,27990
7,33024,32,0.0,1068,5027,27997
76,33100,33,1.0,1069,5027,28073
36,33136,33,0.0,1070,5027,28109
19,33155,33,0.0,1071,5027,28128
21,33176,34,1.0,1072,5027,28149
31,33207,34,0.0,1073,5027,28180
26,33233,34,0.0,1074,5027,28206
19,33252,34,0.0,1075,5027,28225
13,33265,34,0.0,1076,5027,28238
40,33305,34,0.0,1077,5027,28278
12,33317,34,0.0,1078,5027,28290
29,33346,34,0.0,1079,5027,28319
52,33398,35,1.0,1080,5027,28371
12,33410,35,0.0,1081,5027,28383
13,33423,35,0.0,1082,5027,28396
27,33450,35,0.0,1083,5027,28423
21,33471,35,0.0,1084,5027,28444
31,33502,35,0.0,1085,5027,28475
14,33516,35,0.0,1086,5027,28489
16,33532,35,0.0,1087,5027,28505
35,33567,35,0.0,1088,5027,28540
34,33601,35,0.0,1089,5027,28574
14,33615,35,0.0,1090,5027,28588
37,33652,36,1.0,1091,5027,28625
48,33700,36,0.0,1092,5027,28673
35,33735,36,0.0,1093,5027,28708
10,33745,36,0.0,1094,5027,28718
19,33764,36,0.0,1095,5027,28737
7,33771,36,0.0,1096,5027,28744
27,33798,36,0.0,1097,5027,28771
10,33808,36,0.0,1098,5027,28781
21,33829,37,1.0,1099,5027,28802
71,33900,37,0.0,1100,5027,28873
31,33931,37,0.0,1101,5027,28904
10,33941,37,0.0,1102,5027,28914
26,33967,37,0.0,1103,5027,28940
19,33986,37,0.0,1104,5027,28959
32,34018,37,0.0,1105,5027,28991
43,34061,38,1.0,1106,5027,29034
28,34089,38,0.0,1107,5027,29062
36,34125,38,0.0,1108,5027,29098
48,34173,38,0.0,1109,5027,29146
62,34235,38,0.0,1110,5027,29208
25,34260,38,0.0,1111,5027,29233
14,34274,38,0.0,1112,5027,29247
32,34306,38,0.0,1113,5027,29279
71,34377,38,0.0,1114,5027,29350
45,34422,38,0.0,1115,5027,29395
48,34470,38,0.0,1116,5027,29443
51,34521,38,0.0,1117,5027,29494
46,34567,39,1.0,1118,5027,29540
17,34584,39,0.0,1119,5027,29557
18,34602,39,0.0,1120,5027,29575
100,34702,39,0.0,1121,5027,29675
8,34710,39,0.0,1122,5027,29683
28,34738,39,0.0,1123,5027,29711
31,34769,39,0.0,1124,5027,29742
28,34797,39,0.0,1125,5027,29770
11,34808,39,0.0,1126,5027,29781
14,34822,39,0.0,1127,5027,29795
5,34827,39,0.0,1128,5027,29800
23,34850,39,0.0,1129,5027,29823
13,34863,39,0.0,1130,5027,29836
49,34912,39,0.0,1131,5027,29885
10,34922,39,0.0,1132,5027,29895
40,34962,39,0.0,1133,5027,29935
12,34974,39,0.0,1134,5027,29947
47,35021,39,0.0,1135,5027,29994
24,35045,39,0.0,1136,5027,30018
11,35056,39,0.0,1137,5027,30029
14,35070,39,0.0,1138,5027,30043
21,35091,39,0.0,1139,5027,30064
21,35112,39,0.0,1140,5027,30085
27,35139,39,0.0,1141,5027,30112
16,35155,39,0.0,1142,5027,30128
17,35172,39,0.0,1143,5027,30145
23,35195,39,0.0,1144,5027,30168
9,35204,39,0.0,1145,5027,30177
91,35295,39,0.0,1146,5027,30268
73,35368,39,0.0,1147,5027,30341
8,35376,39,0.0,1148,5027,30349
20,35396,39,0.0,1149,5027,30369
12,35408,39,0.0,1150,5027,30381
9,35417,39,0.0,1151,5027,30390
8,35425,39,0.0,1152,5027,30398
30,35455,39,0.0,1153,5027,30428
15,35470,39,0.0,1154,5027,30443
10,35480,39,0.0,1155,5027,30453
41,35521,39,0.0,1156,5027,30494
23,35544,39,0.0,1157,5027,30517
16,35560,39,0.0,1158,5027,30533
75,35635,39,0.0,1159,5027,30608
22,35657,39,0.0,1160,5027,30630
24,35681,39,0.0,1161,5027,30654
19,35700,39,0.0,1162,5027,30673
75,35775,39,0.0,1163,5027,30748
86,35861,39,0.0,1164,5027,30834
9,35870,39,0.0,1165,5027,30843
7,35877,39,0.0,1166,5027,30850
17,35894,39,0.0,1167,5027,30867
15,35909,39,0.0,1168,5027,30882
68,35977,39,0.0,1169,5027,30950
30,36007,39,0.0,1170,5027,30980
16,36023,39,0.0,1171,5027,30996
6,36029,39,0.0,1172,5027,31002
20,36049,39,0.0,1173,5027,31022
12,36061,39,0.0,1174,5027,31034
62,36123,39,0.0,1175,5027,31096
26,36149,39,0.0,1176,5027,31122
12,36161,39,0.0,1177,5027,31134
47,36208,39,0.0,1178,5027,31181
31,36239,39,0.0,1179,5027,31212
82,36321,39,0.0,1180,5027,31294
46,36367,39,0.0,1181,5027,31340
12,36379,39,0.0,1182,5027,31352
12,36391,39,0.0,1183,5027,31364
87,36478,40,1.0,1184,5027,31451
20,36498,40,0.0,1185,5027,31471
21,36519,40,0.0,1186,5027,31492
24,36543,40,0.0,1187,5027,31516
21,36564,40,0.0,1188,5027,31537
21,36585,40,0.0,1189,5027,31558
29,36614,40,0.0,1190,5027,31587
43,36657,41,1.0,1191,5027,31630
29,36686,41,0.0,1192,5027,31659
25,36711,42,1.0,1193,5027,31684
72,36783,42,0.0,1194,5027,31756
11,36794,42,0.0,1195,5027,31767
42,36836,42,0.0,1196,5027,31809
49,36885,42,0.0,1197,5027,31858
44,36929,42,0.0,1198,5027,31902
43,36972,42,0.0,1199,5027,31945
20,36992,42,0.0,1200,5027,31965
15,37007,42,0.0,1201,5027,31980
40,37047,42,0.0,1202,5027,32020
20,37067,42,0.0,1203,5027,32040
19,37086,42,0.0,1204,5027,32059
7,37093,42,0.0,1205,5027,32066
10,37103,42,0.0,1206,5027,32076
62,37165,42,0.0,1207,5027,32138
23,37188,42,0.0,1208,5027,32161
38,37226,42,0.0,1209,5027,32199
21,37247,42,0.0,1210,5027,32220
7,37254,42,0.0,1211,5027,32227
47,37301,43,1.0,1212,5027,32274
49,37350,44,1.0,1213,5027,32323
13,37363,44,0.0,1214,5027,32336
9,37372,44,0.0,1215,5027,32345
11,37383,44,0.0,1216,5027,32356
35,37418,44,0.0,1217,5027,32391
94,37512,44,0.0,1218,5027,32485
19,37531,44,0.0,1219,5027,32504
35,37566,44,0.0,1220,5027,32539
26,37592,44,0.0,1221,5027,32565
22,37614,44,0.0,1222,5027,32587
72,37686,44,0.0,1223,5027,32659
35,37721,45,1.0,1224,5027,32694
10,37731,45,0.0,1225,5027,32704
39,37770,45,0.0,1226,5027,32743
16,37786,45,0.0,1227,5027,32759
49,37835,46,1.0,1228,5027,32808
41,37876,46,0.0,1229,5027,32849
43,37919,46,0.0,1230,5027,32892
26,37945,46,0.0,1231,5027,32918
10,37955,46,0.0,1232,5027,32928
10,37965,46,0.0,1233,5027,32938
27,37992,46,0.0,1234,5027,32965
15,38007,46,0.0,1235,5027,32980
36,38043,46,0.0,1236,5027,33016
53,38096,46,0.0,1237,5027,33069
38,38134,47,1.0,1238,5027,33107
28,38162,47,0.0,1239,5027,33135
36,38198,47,0.0,1240,5027,33171
19,38217,47,0.0,1241,5027,33190
23,38240,47,0.0,1242,5027,33213
61,38301,47,0.0,1243,5027,33274
8,38309,47,0.0,1244,5027,33282
28,38337,48,1.0,1245,5027,33310
6,38343,48,0.0,1246,5027,33316
23,38366,48,0.0,1247,5027,33339
18,38384,48,0.0,1248,5027,33357
29,38413,48,0.0,1249,5027,33386
27,38440,48,0.0,1250,5027,33413
24,38464,48,0.0,1251,5027,33437
28,38492,48,0.0,1252,5027,33465
15,38507,48,0.0,1253,5027,33480
5,38512,48,0.0,1254,5027,33485
50,38562,48,0.0,1255,5027,33535
18,38580,48,0.0,1256,5027,33553
92,38672,48,0.0,1257,5027,33645
13,38685,48,0.0,1258,5027,33658
26,38711,48,0.0,1259,5027,33684
15,38726,48,0.0,1260,5027,33699
15,38741,48,0.0,1261,5027,33714
12,38753,48,0.0,1262,5027,33726
59,38812,49,1.0,1263,5027,33785
32,38844,49,0.0,1264,5027,33817
13,38857,49,0.0,1265,5027,33830
24,38881,49,0.0,1266,5027,33854
15,38896,49,0.0,1267,5027,33869
49,38945,49,0.0,1268,5027,33918
51,38996,49,0.0,1269,5027,33969
64,39060,49,0.0,1270,5027,34033
16,39076,49,0.0,1271,5027,34049
16,39092,49,0.0,1272,5027,34065
20,39112,49,0.0,1273,5027,34085
9,39121,49,0.0,1274,5027,34094
100,39221,49,0.0,1275,5027,34194
22,39243,49,0.0,1276,5027,34216
35,39278,49,0.0,1277,5027,34251
59,39337,49,0.0,1278,5027,34310
36,39373,50,1.0,1279,5027,34346
22,39395,50,0.0,1280,5027,34368
32,39427,50,0.0,1281,5027,34400
27,39454,50,0.0,1282,5027,34427
48,39502,51,1.0,1283,5027,34475
7,39509,51,0.0,1284,5027,34482
33,39542,51,0.0,1285,5027,34515
10,39552,51,0.0,1286,5027,34525
16,39568,51,0.0,1287,5027,34541
44,39612,51,0.0,1288,5027,34585
45,39657,51,0.0,1289,5027,34630
24,39681,51,0.0,1290,5027,34654
16,39697,51,0.0,1291,5027,34670
39,39736,52,1.0,1292,5027,34709
37,39773,52,0.0,1293,5027,34746
10,39783,52,0.0,1294,5027,34756
22,39805,52,0.0,1295,5027,34778
11,39816,52,0.0,1296,5027,34789
20,39836,52,0.0,1297,5027,34809
27,39863,52,0.0,1298,5027,34836
38,39901,52,0.0,1299,5027,34874
21,39922,52,0.0,1300,5027,34895
89,40011,52,0.0,1301,5027,34984
14,40025,52,0.0,1302,5027,34998
25,40050,52,0.0,1303,5027,35023
100,40150,52,0.0,1304,5027,35123
7,40157,52,0.0,1305,5027,35130
9,40166,52,0.0,1306,5027,35139
34,40200,53,1.0,1307,5027,35173
40,40240,53,0.0,1308,5027,35213
32,40272,53,0.0,1309,5027,35245
16,40288,53,0.0,1310,5027,35261
16,40304,53,0.0,1311,5027,35277
10,40314,53,0.0,1312,5027,35287
39,40353,53,0.0,1313,5027,35326
15,40368,53,0.0,1314,5027,35341
7,40375,53,0.0,1315,5027,35348
30,40405,53,0.0,1316,5027,35378
10,40415,53,0.0,1317,5027,35388
29,40444,53,0.0,1318,5027,35417
20,40464,53,0.0,1319,5027,35437
17,40481,53,0.0,1320,5027,35454
57,40538,54,1.0,1321,5027,35511
17,40555,54,0.0,1322,5027,35528
12,40567,54,0.0,1323,5027,35540
36,40603,55,1.0,1324,5027,35576
17,40620,55,0.0,1325,5027,35593
10,40630,55,0.0,1326,5027,35603
18,40648,55,0.0,1327,5027,35621
28,40676,55,0.0,1328,5027,35649
51,40727,55,0.0,1329,5027,35700
42,40769,55,0.0,1330,5027,35742
14,40783,55,0.0,1331,5027,35756
23,40806,55,0.0,1332,5027,35779
61,40867,55,0.0,1333,5027,35840
14,40881,55,0.0,1334,5027,35854
31,40912,56,1.0,1335,5027,35885
85,40997,56,0.0,1336,5027,35970
22,41019,56,0.0,1337,5027,35992
30,41049,56,0.0,1338,5027,36022
38,41087,56,0.0,1339,5027,36060
47,41134,57,1.0,1340,5027,36107
16,41150,57,0.0,1341,5027,36123
44,41194,57,0.0,1342,5027,36167
38,41232,57,0.0,1343,5027,36205
13,41245,57,0.0,1344,5027,36218
21,41266,57,0.0,1345,5027,36239
24,41290,57,0.0,1346,5027,36263
22,41312,57,0.0,1347,5027,36285
22,41334,57,0.0,1348,5027,36307
19,41353,57,0.0,1349,5027,36326
11,41364,57,0.0,1350,5027,36337
24,41388,57,0.0,1351,5027,36361
100,41488,57,0.0,1352,5027,36461
61,41549,57,0.0,1353,5027,36522
9,41558,57,0.0,1354,5027,36531
17,41575,57,0.0,1355,5027,36548
5,41580,57,0.0,1356,5027,36553
5,41585,57,0.0,1357,5027,36558
23,41608,57,0.0,1358,5027,36581
17,41625,57,0.0,1359,5027,36598
17,41642,57,0.0,1360,5027,36615
20,41662,57,0.0,1361,5027,36635
21,41683,57,0.0,1362,5027,36656
15,41698,57,0.0,1363,5027,36671
19,41717,57,0.0,1364,5027,36690
16,41733,57,0.0,1365,5027,36706
33,41766,57,0.0,1366,5027,36739
34,41800,57,0.0,1367,5027,36773
18,41818,57,0.0,1368,5027,36791
29,41847,57,0.0,1369,5027,36820
5,41852,57,0.0,1370,5027,36825
49,41901,57,0.0,1371,5027,36874
77,41978,57,0.0,1372,5027,36951
41,42019,57,0.0,1373,5027,36992
28,42047,57,0.0,1374,5027,37020
9,42056,57,0.0,1375,5027,37029
30,42086,57,0.0,1376,5027,37059
12,42098,57,0.0,1377,5027,37071
47,42145,58,1.0,1378,5027,37118
23,42168,58,0.0,1379,5027,37141
9,42177,58,0.0,1380,5027,37150
11,42188,58,0.0,1381,5027,37161
22,42210,58,0.0,1382,5027,37183
18,42228,58,0.0,1383,5027,37201
71,42299,58,0.0,1384,5027,37272
13,42312,58,0.0,1385,5027,37285
49,42361,58,0.0,1386,5027,37334
41,42402,58,0.0,1387,5027,37375
53,42455,58,0.0,1388,5027,37428
79,42534,59,1.0,1389,5027,37507
9,42543,59,0.0,1390,5027,37516
58,42601,59,0.0,1391,5027,37574
22,42623,59,0.0,1392,5027,37596
11,42634,59,0.0,1393,5027,37607
57,42691,59,0.0,1394,5027,37664
19,42710,59,0.0,1395,5027,37683
27,42737,59,0.0,1396,5027,37710
96,42833,59,0.0,1397,5027,37806
33,42866,59,0.0,1398,5027,37839
31,42897,60,1.0,1399,5027,37870
13,42910,60,0.0,1400,5027,37883
78,42988,60,0.0,1401,5027,37961
15,43003,60,0.0,1402,5027,37976
62,43065,60,0.0,1403,5027,38038
28,43093,60,0.0,1404,5027,38066
35,43128,60,0.0,1405,5027,38101
32,43160,60,0.0,1406,5027,38133
5,43165,60,0.0,1407,5027,38138
31,43196,60,0.0,1408,5027,38169
49,43245,60,0.0,1409,5027,38218
24,43269,60,0.0,1410,5027,38242
49,43318,60,0.0,1411,5027,38291
9,43327,60,0.0,1412,5027,38300
38,43365,61,1.0,1413,5027,38338
28,43393,61,0.0,1414,5027,38366
28,43421,61,0.0,1415,5027,38394
13,43434,61,0.0,1416,5027,38407
38,43472,61,0.0,1417,5027,38445
47,43519,61,0.0,1418,5027,38492
26,43545,61,0.0,1419,5027,38518
22,43567,61,0.0,1420,5027,38540
10,43577,61,0.0,1421,5027,38550
7,43584,61,0.0,1422,5027,38557
22,43606,61,0.0,1423,5027,38579
31,43637,61,0.0,1424,5027,38610
55,43692,61,0.0,1425,5027,38665
26,43718,61,0.0,1426,5027,38691
35,43753,61,0.0,1427,5027,38726
9,43762,61,0.0,1428,5027,38735
25,43787,62,1.0,1429,5027,38760
28,43815,62,0.0,1430,5027,38788
27,43842,62,0.0,1431,5027,38815
31,43873,62,0.0,1432,5027,38846
57,43930,62,0.0,1433,5027,38903
64,43994,62,0.0,1434,5027,38967
8,44002,62,0.0,1435,5027,38975
22,44024,62,0.0,1436,5027,38997
24,44048,62,0.0,1437,5027,39021
17,44065,62,0.0,1438,5027,39038
100,44165,62,0.0,1439,5027,39138
14,44179,62,0.0,1440,5027,39152
37,44216,62,0.0,1441,5027,39189
100,44316,62,0.0,1442,5027,39289
30,44346,62,0.0,1443,5027,39319
10,44356,62,0.0,1444,5027,39329
35,44391,62,0.0,1445,5027,39364
62,44453,62,0.0,1446,5027,39426
29,44482,62,0.0,1447,5027,39455
31,44513,62,0.0,1448,5027,39486
7,44520,62,0.0,1449,5027,39493
13,44533,62,0.0,1450,5027,39506
62,44595,62,0.0,1451,5027,39568
18,44613,62,0.0,1452,5027,39586
19,44632,62,0.0,1453,5027,39605
48,44680,62,0.0,1454,5027,39653
15,44695,62,0.0,1455,5027,39668
24,44719,62,0.0,1456,5027,39692
9,44728,62,0.0,1457,5027,39701
18,44746,62,0.0,1458,5027,39719
32,44778,62,0.0,1459,5027,39751
31,44809,62,0.0,1460,5027,39782
24,44833,62,0.0,1461,5027,39806
7,44840,62,0.0,1462,5027,39813
8,44848,62,0.0,1463,5027,39821
14,44862,62,0.0,1464,5027,39835
6,44868,62,0.0,1465,5027,39841
41,44909,62,0.0,1466,5027,39882
32,44941,63,1.0,1467,5027,39914
29,44970,63,0.0,1468,5027,39943
14,44984,63,0.0,1469,5027,39957
11,44995,63,0.0,1470,5027,39968
16,45011,63,0.0,1471,5027,39984
18,45029,63,0.0,1472,5027,40002
19,45048,63,0.0,1473,5027,40021
28,45076,63,0.0,1474,5027,40049
24,45100,63,0.0,1475,5027,40073
10,45110,63,0.0,1476,5027,40083
37,45147,63,0.0,1477,5027,40120
12,45159,63,0.0,1478,5027,40132
13,45172,63,0.0,1479,5027,40145
17,45189,63,0.0,1480,5027,40162
15,45204,63,0.0,1481,5027,40177
8,45212,63,0.0,1482,5027,40185
19,45231,63,0.0,1483,5027,40204
44,45275,63,0.0,1484,5027,40248
15,45290,63,0.0,1485,5027,40263
11,45301,63,0.0,1486,5027,40274
42,45343,64,1.0,1487,5027,40316
11,45354,64,0.0,1488,5027,40327
26,45380,64,0.0,1489,5027,40353
18,45398,64,0.0,1490,5027,40371
32,45430,64,0.0,1491,5027,40403
9,45439,64,0.0,1492,5027,40412
18,45457,64,0.0,1493,5027,40430
10,45467,64,0.0,1494,5027,40440
63,45530,64,0.0,1495,5027,40503
23,45553,64,0.0,1496,5027,40526
48,45601,64,0.0,1497,5027,40574
39,45640,64,0.0,1498,5027,40613
17,45657,64,0.0,1499,5027,40630
73,45730,65,1.0,1500,5027,40703
73,45803,65,0.0,1501,5027,40776
23,45826,65,0.0,1502,5027,40799
19,45845,65,0.0,1503,5027,40818
13,45858,65,0.0,1504,5027,40831
60,45918,65,0.0,1505,5027,40891
20,45938,65,0.0,1506,5027,40911
34,45972,65,0.0,1507,5027,40945
12,45984,65,0.0,1508,5027,40957
16,46000,65,0.0,1509,5027,40973
23,46023,65,0.0,1510,5027,40996
40,46063,65,0.0,1511,5027,41036
11,46074,65,0.0,1512,5027,41047
47,46121,65,0.0,1513,5027,41094
22,46143,65,0.0,1514,5027,41116
21,46164,65,0.0,1515,5027,41137
35,46199,65,0.0,1516,5027,41172
30,46229,65,0.0,1517,5027,41202
24,46253,65,0.0,1518,5027,41226
62,46315,66,1.0,1519,5027,41288
6,46321,66,0.0,1520,5027,41294
20,46341,66,0.0,1521,5027,41314
34,46375,66,0.0,1522,5027,41348
13,46388,66,0.0,1523,5027,41361
51,46439,66,0.0,1524,5027,41412
36,46475,66,0.0,1525,5027,41448
6,46481,66,0.0,1526,5027,41454
9,46490,66,0.0,1527,5027,41463
39,46529,67,1.0,1528,5027,41502
23,46552,67,0.0,1529,5027,41525
22,46574,67,0.0,1530,5027,41547
20,46594,67,0.0,1531,5027,41567
16,46610,67,0.0,1532,5027,41583
14,46624,67,0.0,1533,5027,41597
34,46658,68,1.0,1534,5027,41631
33,46691,69,1.0,1535,5027,41664
79,46770,69,0.0,1536,5027,41743
17,46787,69,0.0,1537,5027,41760
35,46822,69,0.0,1538,5027,41795
29,46851,69,0.0,1539,5027,41824
32,46883,69,0.0,1540,5027,41856
69,46952,69,0.0,1541,5027,41925
12,46964,69,0.0,1542,5027,41937
22,46986,69,0.0,1543,5027,41959
21,47007,69,0.0,1544,5027,41980
14,47021,69,0.0,1545,5027,41994
78,47099,69,0.0,1546,5027,42072
62,47161,69,0.0,1547,5027,42134
12,47173,69,0.0,1548,5027,42146
52,47225,69,0.0,1549,5027,42198
57,47282,70,1.0,1550,5027,42255
56,47338,70,0.0,1551,5027,42311
27,47365,70,0.0,1552,5027,42338
51,47416,70,0.0,1553,5027,42389
53,47469,70,0.0,1554,5027,42442
11,47480,70,0.0,1555,5027,42453
23,47503,70,0.0,1556,5027,42476
34,47537,70,0.0,1557,5027,42510
11,47548,70,0.0,1558,5027,42521
28,47576,70,0.0,1559,5027,42549
26,47602,70,0.0,1560,5027,42575
67,47669,70,0.0,1561,5027,42642
12,47681,70,0.0,1562,5027,42654
36,47717,70,0.0,1563,5027,42690
20,47737,70,0.0,1564,5027,42710
21,47758,70,0.0,1565,5027,42731
7,47765,70,0.0,1566,5027,42738
47,47812,70,0.0,1567,5027,42785
29,47841,70,0.0,1568,5027,42814
9,47850,70,0.0,1569,5027,42823
6,47856,70,0.0,1570,5027,42829
61,47917,70,0.0,1571,5027,42890
25,47942,70,0.0,1572,5027,42915
25,47967,70,0.0,1573,5027,42940
76,48043,70,0.0,1574,5027,43016
75,48118,70,0.0,1575,5027,43091
45,48163,71,1.0,1576,5027,43136
20,48183,71,0.0,1577,5027,43156
12,48195,71,0.0,1578,5027,43168
29,48224,71,0.0,1579,5027,43197
24,48248,71,0.0,1580,5027,43221
43,48291,71,0.0,1581,5027,43264
21,48312,71,0.0,1582,5027,43285
43,48355,71,0.0,1583,5027,43328
18,48373,71,0.0,1584,5027,43346
28,48401,71,0.0,1585,5027,43374
31,48432,71,0.0,1586,5027,43405
11,48443,71,0.0,1587,5027,43416
60,48503,72,1.0,1588,5027,43476
24,48527,72,0.0,1589,5027,43500
24,48551,72,0.0,1590,5027,43524
32,48583,72,0.0,1591,5027,43556
16,48599,72,0.0,1592,5027,43572
27,48626,72,0.0,1593,5027,43599
65,48691,72,0.0,1594,5027,43664
18,48709,72,0.0,1595,5027,43682
47,48756,72,0.0,1596,5027,43729
16,48772,72,0.0,1597,5027,43745
6,48778,72,0.0,1598,5027,43751
18,48796,72,0.0,1599,5027,43769
46,48842,72,0.0,1600,5027,43815
36,48878,73,1.0,1601,5027,43851
12,48890,73,0.0,1602,5027,43863
15,48905,73,0.0,1603,5027,43878
15,48920,73,0.0,1604,5027,43893
10,48930,73,0.0,1605,5027,43903
17,48947,73,0.0,1606,5027,43920
27,48974,73,0.0,1607,5027,43947
21,48995,73,0.0,1608,5027,43968
18,49013,73,0.0,1609,5027,43986
61,49074,73,0.0,1610,5027,44047
15,49089,73,0.0,1611,5027,44062
23,49112,73,0.0,1612,5027,44085
14,49126,73,0.0,1613,5027,44099
9,49135,73,0.0,1614,5027,44108
27,49162,73,0.0,1615,5027,44135
38,49200,73,0.0,1616,5027,44173
69,49269,73,0.0,1617,5027,44242
34,49303,73,0.0,1618,5027,44276
31,49334,73,0.0,1619,5027,44307
22,49356,73,0.0,1620,5027,44329
11,49367,73,0.0,1621,5027,44340
9,49376,73,0.0,1622,5027,44349
22,49398,74,1.0,1623,5027,44371
18,49416,74,0.0,1624,5027,44389
21,49437,75,1.0,1625,5027,44410
33,49470,75,0.0,1626,5027,44443
47,49517,75,0.0,1627,5027,44490
28,49545,75,0.0,1628,5027,44518
32,49577,75,0.0,1629,5027,44550
15,49592,75,0.0,1630,5027,44565
13,49605,75,0.0,1631,5027,44578
9,49614,75,0.0,1632,5027,44587
10,49624,75,0.0,1633,5027,44597
34,49658,76,1.0,1634,5027,44631
23,49681,77,1.0,1635,5027,44654
32,49713,77,0.0,1636,5027,44686
38,49751,77,0.0,1637,5027,44724
14,49765,77,0.0,1638,5027,44738
12,49777,77,0.0,1639,5027,44750
8,49785,77,0.0,1640,5027,44758
13,49798,77,0.0,1641,5027,44771
32,49830,77,0.0,1642,5027,44803
49,49879,77,0.0,1643,5027,44852
57,49936,78,1.0,1644,5027,44909
45,49981,78,0.0,1645,5027,44954
31,50012,78,0.0,1646,5027,44985
11,50023,78,0.0,1647,5027,44996
12,50035,78,0.0,1648,5027,45008
27,50062,78,0.0,1649,5027,45035
31,50093,78,0.0,1650,5027,45066
12,50105,78,0.0,1651,5027,45078
6,50111,78,0.0,1652,5027,45084
54,50165,79,1.0,1653,5027,45138
40,50205,80,1.0,1654,5027,45178
18,50223,80,0.0,1655,5027,45196
27,50250,80,0.0,1656,5027,45223
27,50277,80,0.0,1657,5027,45250
39,50316,80,0.0,1658,5027,45289
8,50324,80,0.0,1659,5027,45297
25,50349,80,0.0,1660,5027,45322
79,50428,81,1.0,1661,5027,45401
49,50477,81,0.0,1662,5027,45450
15,50492,81,0.0,1663,5027,45465
80,50572,82,1.0,1664,5027,45545
32,50604,82,0.0,1665,5027,45577
26,50630,83,1.0,1666,5027,45603
21,50651,83,0.0,1667,5027,45624
47,50698,83,0.0,1668,5027,45671
42,50740,83,0.0,1669,5027,45713
34,50774,83,0.0,1670,5027,45747
30,50804,83,0.0,1671,5027,45777
36,50840,84,1.0,1672,5027,45813
39,50879,84,0.0,1673,5027,45852
36,50915,84,0.0,1674,5027,45888
20,50935,84,0.0,1675,5027,45908
10,50945,84,0.0,1676,5027,45918
33,50978,85,1.0,1677,5027,45951
40,51018,85,0.0,1678,5027,45991
38,51056,86,1.0,1679,5027,46029
42,51098,87,1.0,1680,5027,46071
16,51114,87,0.0,1681,5027,46087
17,51131,87,0.0,1682,5027,46104
25,51156,87,0.0,1683,5027,46129
19,51175,87,0.0,1684,5027,46148
71,51246,88,1.0,1685,5027,46219
48,51294,88,0.0,1686,5027,46267
9,51303,88,0.0,1687,5027,46276
38,51341,88,0.0,1688,5027,46314
13,51354,88,0.0,1689,5027,46327
60,51414,88,0.0,1690,5027,46387
16,51430,88,0.0,1691,5027,46403
30,51460,88,0.0,1692,5027,46433
11,51471,88,0.0,1693,5027,46444
55,51526,89,1.0,1694,5027,46499
34,51560,89,0.0,1695,5027,46533
18,51578,89,0.0,1696,5027,46551
10,51588,89,0.0,1697,5027,46561
48,51636,89,0.0,1698,5027,46609
41,51677,89,0.0,1699,5027,46650
28,51705,89,0.0,1700,5027,46678
10,51715,89,0.0,1701,5027,46688
35,51750,89,0.0,1702,5027,46723
28,51778,89,0.0,1703,5027,46751
35,51813,89,0.0,1704,5027,46786
25,51838,89,0.0,1705,5027,46811
40,51878,89,0.0,1706,5027,46851
25,51903,89,0.0,1707,5027,46876
13,51916,89,0.0,1708,5027,46889
35,51951,89,0.0,1709,5027,46924
44,51995,90,1.0,1710,5027,46968
21,52016,90,0.0,1711,5027,46989
19,52035,90,0.0,1712,5027,47008
26,52061,90,0.0,1713,5027,47034
64,52125,91,1.0,1714,5027,47098
51,52176,91,0.0,1715,5027,47149
8,52184,91,0.0,1716,5027,47157
15,52199,91,0.0,1717,5027,47172
63,52262,92,1.0,1718,5027,47235
17,52279,92,0.0,1719,5027,47252
37,52316,92,0.0,1720,5027,47289
35,52351,93,1.0,1721,5027,47324
30,52381,93,0.0,1722,5027,47354
35,52416,93,0.0,1723,5027,47389
20,52436,93,0.0,1724,5027,47409
28,52464,94,1.0,1725,5027,47437
26,52490,94,0.0,1726,5027,47463
45,52535,94,0.0,1727,5027,47508
26,52561,94,0.0,1728,5027,47534
26,52587,94,0.0,1729,5027,47560
59,52646,94,0.0,1730,5027,47619
15,52661,94,0.0,1731,5027,47634
15,52676,94,0.0,1732,5027,47649
39,52715,94,0.0,1733,5027,47688
30,52745,94,0.0,1734,5027,47718
51,52796,95,1.0,1735,5027,47769
98,52894,95,0.0,1736,5027,47867
11,52905,95,0.0,1737,5027,47878
40,52945,96,1.0,1738,5027,47918
63,53008,97,1.0,1739,5027,47981
14,53022,97,0.0,1740,5027,47995
55,53077,97,0.0,1741,5027,48050
28,53105,97,0.0,1742,5027,48078
13,53118,97,0.0,1743,5027,48091
31,53149,97,0.0,1744,5027,48122
17,53166,97,0.0,1745,5027,48139
69,53235,97,0.0,1746,5027,48208
15,53250,97,0.0,1747,5027,48223
22,53272,97,0.0,1748,5027,48245
11,53283,97,0.0,1749,5027,48256
35,53318,97,0.0,1750,5027,48291
33,53351,97,0.0,1751,5027,48324
11,53362,97,0.0,1752,5027,48335
21,53383,97,0.0,1753,5027,48356
10,53393,97,0.0,1754,5027,48366
38,53431,97,0.0,1755,5027,48404
30,53461,97,0.0,1756,5027,48434
42,53503,98,1.0,1757,5027,48476
27,53530,99,1.0,1758,5027,48503
31,53561,100,1.0,1759,5027,48534
12,53573,100,0.0,1760,5027,48546
13,53586,100,0.0,1761,5027,48559
36,53622,100,0.0,1762,5027,48595
10,53632,100,0.0,1763,5027,48605
15,53647,100,0.0,1764,5027,48620
49,53696,101,1.0,1765,5027,48669
12,53708,101,0.0,1766,5027,48681
70,53778,101,0.0,1767,5027,48751
16,53794,101,0.0,1768,5027,48767
43,53837,101,0.0,1769,5027,48810
29,53866,101,0.0,1770,5027,48839
71,53937,101,0.0,1771,5027,48910
44,53981,101,0.0,1772,5027,48954
40,54021,102,1.0,1773,5027,48994
15,54036,102,0.0,1774,5027,49009
25,54061,102,0.0,1775,5027,49034
29,54090,102,0.0,1776,5027,49063
20,54110,102,0.0,1777,5027,49083
12,54122,102,0.0,1778,5027,49095
23,54145,102,0.0,1779,5027,49118
64,54209,102,0.0,1780,5027,49182
25,54234,102,0.0,1781,5027,49207
76,54310,102,0.0,1782,5027,49283
5,54315,102,0.0,1783,5027,49288
38,54353,102,0.0,1784,5027,49326
59,54412,102,0.0,1785,5027,49385
33,54445,102,0.0,1786,5027,49418
11,54456,102,0.0,1787,5027,49429
29,54485,102,0.0,1788,5027,49458
22,54507,102,0.0,1789,5027,49480
18,54525,102,0.0,1790,5027,49498
16,54541,102,0.0,1791,5027,49514
26,54567,102,0.0,1792,5027,49540
52,54619,102,0.0,1793,5027,49592
27,54646,102,0.0,1794,5027,49619
14,54660,102,0.0,1795,5027,49633
5,54665,102,0.0,1796,5027,49638
86,54751,103,1.0,1797,5027,49724
17,54768,103,0.0,1798,5027,49741
18,54786,103,0.0,1799,5027,49759
36,54822,103,0.0,1800,5027,49795
15,54837,103,0.0,1801,5027,49810
48,54885,103,0.0,1802,5027,49858
29,54914,103,0.0,1803,5027,49887
30,54944,103,0.0,1804,5027,49917
12,54956,103,0.0,1805,5027,49929
27,54983,103,0.0,1806,5027,49956
13,54996,103,0.0,1807,5027,49969
20,55016,103,0.0,1808,5027,49989
27,55043,103,0.0,1809,5027,50016
97,55140,103,0.0,1810,5027,50113
28,55168,104,1.0,1811,5027,50141
22,55190,104,0.0,1812,5027,50163
7,55197,104,0.0,1813,5027,50170
9,55206,104,0.0,1814,5027,50179
39,55245,104,0.0,1815,5027,50218
27,55272,104,0.0,1816,5027,50245
50,55322,105,1.0,1817,5027,50295
8,55330,105,0.0,1818,5027,50303
41,55371,106,1.0,1819,5027,50344
69,55440,106,0.0,1820,5027,50413
27,55467,106,0.0,1821,5027,50440
16,55483,106,0.0,1822,5027,50456
12,55495,106,0.0,1823,5027,50468
6,55501,106,0.0,1824,5027,50474
44,55545,106,0.0,1825,5027,50518
19,55564,106,0.0,1826,5027,50537
11,55575,106,0.0,1827,5027,50548
19,55594,106,0.0,1828,5027,50567
31,55625,106,0.0,1829,5027,50598
66,55691,107,1.0,1830,5027,50664
46,55737,107,0.0,1831,5027,50710
18,55755,107,0.0,1832,5027,50728
25,55780,107,0.0,1833,5027,50753
8,55788,107,0.0,1834,5027,50761
57,55845,107,0.0,1835,5027,50818
7,55852,107,0.0,1836,5027,50825
15,55867,107,0.0,1837,5027,50840
50,55917,107,0.0,1838,5027,50890
59,55976,107,0.0,1839,5027,50949
16,55992,107,0.0,1840,5027,50965
31,56023,107,0.0,1841,5027,50996
19,56042,108,1.0,1842,5027,51015
9,56051,108,0.0,1843,5027,51024
38,56089,108,0.0,1844,5027,51062
18,56107,108,0.0,1845,5027,51080
42,56149,108,0.0,1846,5027,51122
39,56188,108,0.0,1847,5027,51161
6,56194,108,0.0,1848,5027,51167
11,56205,108,0.0,1849,5027,51178
9,56214,108,0.0,1850,5027,51187
11,56225,108,0.0,1851,5027,51198
35,56260,108,0.0,1852,5027,51233
17,56277,108,0.0,1853,5027,51250
24,56301,108,0.0,1854,5027,51274
11,56312,108,0.0,1855,5027,51285
40,56352,108,0.0,1856,5027,51325
27,56379,108,0.0,1857,5027,51352
17,56396,108,0.0,1858,5027,51369
28,56424,108,0.0,1859,5027,51397
27,56451,109,1.0,1860,5027,51424
18,56469,109,0.0,1861,5027,51442
50,56519,110,1.0,1862,5027,51492
15,56534,110,0.0,1863,5027,51507
24,56558,110,0.0,1864,5027,51531
32,56590,110,0.0,1865,5027,51563
22,56612,110,0.0,1866,5027,51585
57,56669,110,0.0,1867,5027,51642
37,56706,110,0.0,1868,5027,51679
11,56717,110,0.0,1869,5027,51690
21,56738,111,1.0,1870,5027,51711
49,56787,111,0.0,1871,5027,51760
82,56869,111,0.0,1872,5027,51842
27,56896,112,1.0,1873,5027,51869
11,56907,112,0.0,1874,5027,51880
8,56915,112,0.0,1875,5027,51888
14,56929,112,0.0,1876,5027,51902
56,56985,112,0.0,1877,5027,51958
27,57012,112,0.0,1878,5027,51985
13,57025,112,0.0,1879,5027,51998
45,57070,112,0.0,1880,5027,52043
43,57113,112,0.0,1881,5027,52086
50,57163,112,0.0,1882,5027,52136
8,57171,112,0.0,1883,5027,52144
15,57186,112,0.0,1884,5027,52159
17,57203,112,0.0,1885,5027,52176
23,57226,113,1.0,1886,5027,52199
42,57268,113,0.0,1887,5027,52241
14,57282,113,0.0,1888,5027,52255
18,57300,114,1.0,1889,5027,52273
50,57350,114,0.0,1890,5027,52323
29,57379,114,0.0,1891,5027,52352
20,57399,114,0.0,1892,5027,52372
57,57456,114,0.0,1893,5027,52429
5,57461,114,0.0,1894,5027,52434
13,57474,114,0.0,1895,5027,52447
88,57562,114,0.0,1896,5027,52535
38,57600,115,1.0,1897,5027,52573
20,57620,115,0.0,1898,5027,52593
62,57682,116,1.0,1899,5027,52655
73,57755,116,0.0,1900,5027,52728
48,57803,116,0.0,1901,5027,52776
51,57854,116,0.0,1902,5027,52827
13,57867,116,0.0,1903,5027,52840
37,57904,116,0.0,1904,5027,52877
85,57989,116,0.0,1905,5027,52962
31,58020,116,0.0,1906,5027,52993
21,58041,116,0.0,1907,5027,53014
13,58054,116,0.0,1908,5027,53027
7,58061,116,0.0,1909,5027,53034
39,58100,116,0.0,1910,5027,53073
36,58136,116,0.0,1911,5027,53109
28,58164,116,0.0,1912,5027,53137
23,58187,116,0.0,1913,5027,53160
27,58214,116,0.0,1914,5027,53187
13,58227,116,0.0,1915,5027,53200
30,58257,116,0.0,1916,5027,53230
39,58296,116,0.0,1917,5027,53269
12,58308,116,0.0,1918,5027,53281
44,58352,117,1.0,1919,5027,53325
43,58395,117,0.0,1920,5027,53368
19,58414,117,0.0,1921,5027,53387
49,58463,117,0.0,1922,5027,53436
19,58482,117,0.0,1923,5027,53455
30,58512,118,1.0,1924,5027,53485
52,58564,118,0.0,1925,5027,53537
28,58592,118,0.0,1926,5027,53565
17,58609,118,0.0,1927,5027,53582
33,58642,119,1.0,1928,5027,53615
9,58651,119,0.0,1929,5027,53624
31,58682,119,0.0,1930,5027,53655
26,58708,119,0.0,1931,5027,53681
29,58737,119,0.0,1932,5027,53710
41,58778,119,0.0,1933,5027,53751
26,58804,119,0.0,1934,5027,53777
5,58809,119,0.0,1935,5027,53782
66,58875,119,0.0,1936,5027,53848
14,58889,119,0.0,1937,5027,53862
25,58914,119,0.0,1938,5027,53887
18,58932,119,0.0,1939,5027,53905
28,58960,119,0.0,1940,5027,53933
34,58994,120,1.0,1941,5027,53967
49,59043,120,0.0,1942,5027,54016
13,59056,120,0.0,1943,5027,54029
6,59062,120,0.0,1944,5027,54035
9,59071,120,0.0,1945,5027,54044
35,59106,120,0.0,1946,5027,54079
22,59128,120,0.0,1947,5027,54101
34,59162,120,0.0,1948,5027,54135
100,59262,120,0.0,1949,5027,54235
27,59289,120,0.0,1950,5027,54262
24,59313,121,1.0,1951,5027,54286
37,59350,121,0.0,1952,5027,54323
5,59355,121,0.0,1953,5027,54328
5,59360,121,0.0,1954,5027,54333
23,59383,121,0.0,1955,5027,54356
9,59392,121,0.0,1956,5027,54365
86,59478,121,0.0,1957,5027,54451
21,59499,121,0.0,1958,5027,54472
12,59511,121,0.0,1959,5027,54484
9,59520,121,0.0,1960,5027,54493
26,59546,121,0.0,1961,5027,54519
100,59646,121,0.0,1962,5027,54619
25,59671,121,0.0,1963,5027,54644
8,59679,121,0.0,1964,5027,54652
35,59714,122,1.0,1965,5027,54687
17,59731,122,0.0,1966,5027,54704
29,59760,122,0.0,1967,5027,54733
21,59781,123,1.0,1968,5027,54754
23,59804,123,0.0,1969,5027,54777
11,59815,123,0.0,1970,5027,54788
26,59841,123,0.0,1971,5027,54814
18,59859,123,0.0,1972,5027,54832
13,59872,123,0.0,1973,5027,54845
18,59890,123,0.0,1974,5027,54863
46,59936,124,1.0,1975,5027,54909
28,59964,124,0.0,1976,5027,54937
13,59977,124,0.0,1977,5027,54950
41,60018,125,1.0,1978,5027,54991
49,60067,125,0.0,1979,5027,55040
53,60120,125,0.0,1980,5027,55093
11,60131,125,0.0,1981,5027,55104
25,60156,125,0.0,1982,5027,55129
24,60180,125,0.0,1983,5027,55153
32,60212,125,0.0,1984,5027,55185
24,60236,125,0.0,1985,5027,55209
47,60283,125,0.0,1986,5027,55256
9,60292,125,0.0,1987,5027,55265
34,60326,125,0.0,1988,5027,55299
19,60345,125,0.0,1989,5027,55318
17,60362,125,0.0,1990,5027,55335
12,60374,125,0.0,1991,5027,55347
7,60381,125,0.0,1992,5027,55354
9,60390,125,0.0,1993,5027,55363
17,60407,125,0.0,1994,5027,55380
29,60436,125,0.0,1995,5027,55409
30,60466,126,1.0,1996,5027,55439
25,60491,126,0.0,1997,5027,55464
34,60525,126,0.0,1998,5027,55498
55,60580,126,0.0,1999,5027,55553
30,60610,126,0.0,2000,5027,55583
16,60626,126,0.0,2001,5027,55599
18,60644,126,0.0,2002,5027,55617
29,60673,126,0.0,2003,5027,55646
7,60680,126,0.0,2004,5027,55653
19,60699,126,0.0,2005,5027,55672
22,60721,126,0.0,2006,5027,55694
13,60734,126,0.0,2007,5027,55707
25,60759,126,0.0,2008,5027,55732
24,60783,126,0.0,2009,5027,55756
12,60795,126,0.0,2010,5027,55768
44,60839,126,0.0,2011,5027,55812
8,60847,126,0.0,2012,5027,55820
28,60875,126,0.0,2013,5027,55848
33,60908,126,0.0,2014,5027,55881
68,60976,126,0.0,2015,5027,55949
48,61024,126,0.0,2016,5027,55997
19,61043,126,0.0,2017,5027,56016
73,61116,126,0.0,2018,5027,56089
34,61150,126,0.0,2019,5027,56123
21,61171,126,0.0,2020,5027,56144
16,61187,126,0.0,2021,5027,56160
19,61206,126,0.0,2022,5027,56179
35,61241,126,0.0,2023,5027,56214
35,61276,126,0.0,2024,5027,56249
19,61295,126,0.0,2025,5027,56268
47,61342,127,1.0,2026,5027,56315
21,61363,128,1.0,2027,5027,56336
55,61418,128,0.0,2028,5027,56391
60,61478,128,0.0,2029,5027,56451
43,61521,128,0.0,2030,5027,56494
18,61539,128,0.0,2031,5027,56512
34,61573,128,0.0,2032,5027,56546
11,61584,128,0.0,2033,5027,56557
14,61598,128,0.0,2034,5027,56571
51,61649,128,0.0,2035,5027,56622
17,61666,128,0.0,2036,5027,56639
11,61677,128,0.0,2037,5027,56650
10,61687,128,0.0,2038,5027,56660
11,61698,128,0.0,2039,5027,56671
16,61714,128,0.0,2040,5027,56687
39,61753,128,0.0,2041,5027,56726
10,61763,128,0.0,2042,5027,56736
92,61855,128,0.0,2043,5027,56828
46,61901,128,0.0,2044,5027,56874
10,61911,128,0.0,2045,5027,56884
31,61942,128,0.0,2046,5027,56915
63,62005,128,0.0,2047,5027,56978
9,62014,128,0.0,2048,5027,56987
30,62044,129,1.0,2049,5027,57017
30,62074,129,0.0,2050,5027,57047
23,62097,129,0.0,2051,5027,57070
49,62146,129,0.0,2052,5027,57119
14,62160,129,0.0,2053,5027,57133
13,62173,129,0.0,2054,5027,57146
24,62197,129,0.0,2055,5027,57170
15,62212,129,0.0,2056,5027,57185
41,62253,129,0.0,2057,5027,57226
10,62263,129,0.0,2058,5027,57236
45,62308,129,0.0,2059,5027,57281
13,62321,129,0.0,2060,5027,57294
7,62328,129,0.0,2061,5027,57301
13,62341,129,0.0,2062,5027,57314
18,62359,129,0.0,2063,5027,57332
22,62381,129,0.0,2064,5027,57354
24,62405,129,0.0,2065,5027,57378
18,62423,129,0.0,2066,5027,57396
32,62455,130,1.0,2067,5027,57428
20,62475,130,0.0,2068,5027,57448
17,62492,130,0.0,2069,5027,57465
38,62530,131,1.0,2070,5027,57503
39,62569,131,0.0,2071,5027,57542
13,62582,131,0.0,2072,5027,57555
16,62598,131,0.0,2073,5027,57571
10,62608,131,0.0,2074,5027,57581
24,62632,131,0.0,2075,5027,57605
21,62653,131,0.0,2076,5027,57626
17,62670,131,0.0,2077,5027,57643
19,62689,131,0.0,2078,5027,57662
29,62718,131,0.0,2079,5027,57691
15,62733,131,0.0,2080,5027,57706
26,62759,131,0.0,2081,5027,57732
77,62836,132,1.0,2082,5027,57809
22,62858,132,0.0,2083,5027,57831
96,62954,132,0.0,2084,5027,57927
49,63003,132,0.0,2085,5027,57976
21,63024,132,0.0,2086,5027,57997
39,63063,133,1.0,2087,5027,58036
12,63075,133,0.0,2088,5027,58048
23,63098,133,0.0,2089,5027,58071
43,63141,133,0.0,2090,5027,58114
9,63150,133,0.0,2091,5027,58123
17,63167,133,0.0,2092,5027,58140
13,63180,133,0.0,2093,5027,58153
14,63194,133,0.0,2094,5027,58167
26,63220,133,0.0,2095,5027,58193
10,63230,133,0.0,2096,5027,58203
80,63310,133,0.0,2097,5027,58283
18,63328,133,0.0,2098,5027,58301
17,63345,133,0.0,2099,5027,58318
9,63354,133,0.0,2100,5027,58327
54,63408,133,0.0,2101,5027,58381
60,63468,133,0.0,2102,5027,58441
25,63493,133,0.0,2103,5027,58466
28,63521,133,0.0,2104,5027,58494
30,63551,133,0.0,2105,5027,58524
36,63587,133,0.0,2106,5027,58560
54,63641,133,0.0,2107,5027,58614
38,63679,133,0.0,2108,5027,58652
45,63724,133,0.0,2109,5027,58697
18,63742,133,0.0,2110,5027,58715
100,63842,133,0.0,2111,5027,58815
63,63905,133,0.0,2112,5027,58878
9,63914,133,0.0,2113,5027,58887
36,63950,133,0.0,2114,5027,58923
25,63975,134,1.0,2115,5027,58948
30,64005,134,0.0,2116,5027,58978
43,64048,135,1.0,2117,5027,59021
27,64075,136,1.0,2118,5027,59048
38,64113,136,0.0,2119,5027,59086
62,64175,136,0.0,2120,5027,59148
50,64225,137,1.0,2121,5027,59198
22,64247,137,0.0,2122,5027,59220
9,64256,137,0.0,2123,5027,59229
7,64263,137,0.0,2124,5027,59236
21,64284,137,0.0,2125,5027,59257
11,64295,137,0.0,2126,5027,59268
18,64313,137,0.0,2127,5027,59286
11,64324,137,0.0,2128,5027,59297
29,64353,137,0.0,2129,5027,59326
33,64386,137,0.0,2130,5027,59359
36,64422,137,0.0,2131,5027,59395
42,64464,137,0.0,2132,5027,59437
19,64483,137,0.0,2133,5027,59456
19,64502,137,0.0,2134,5027,59475
16,64518,137,0.0,2135,5027,59491
36,64554,137,0.0,2136,5027,59527
43,64597,137,0.0,2137,5027,59570
52,64649,138,1.0,2138,5027,59622
24,64673,139,1.0,2139,5027,59646
68,64741,140,1.0,2140,5027,59714
49,64790,141,1.0,2141,5027,59763
5,64795,141,0.0,2142,5027,59768
18,64813,141,0.0,2143,5027,59786
9,64822,141,0.0,2144,5027,59795
34,64856,141,0.0,2145,5027,59829
67,64923,141,0.0,2146,5027,59896
45,64968,141,0.0,2147,5027,59941
69,65037,141,0.0,2148,5027,60010
22,65059,141,0.0,2149,5027,60032
7,65066,141,0.0,2150,5027,60039
46,65112,142,1.0,2151,5027,60085
43,65155,142,0.0,2152,5027,60128
17,65172,142,0.0,2153,5027,60145
20,65192,142,0.0,2154,5027,60165
34,65226,143,1.0,2155,5027,60199
89,65315,143,0.0,2156,5027,60288
26,65341,143,0.0,2157,5027,60314
23,65364,143,0.0,2158,5027,60337
14,65378,143,0.0,2159,5027,60351
33,65411,143,0.0,2160,5027,60384
11,65422,143,0.0,2161,5027,60395
34,65456,144,1.0,2162,5027,60429
39,65495,144,0.0,2163,5027,60468
9,65504,144,0.0,2164,5027,60477
14,65518,144,0.0,2165,5027,60491
59,65577,145,1.0,2166,5027,60550
10,65587,145,0.0,2167,5027,60560
16,65603,145,0.0,2168,5027,60576
39,65642,145,0.0,2169,5027,60615
16,65658,145,0.0,2170,5027,60631
39,65697,145,0.0,2171,5027,60670
10,65707,145,0.0,2172,5027,60680
23,65730,145,0.0,2173,5027,60703
16,65746,145,0.0,2174,5027,60719
49,65795,146,1.0,2175,5027,60768
13,65808,146,0.0,2176,5027,60781
37,65845,146,0.0,2177,5027,60818
22,65867,146,0.0,2178,5027,60840
26,65893,147,1.0,2179,5027,60866
24,65917,147,0.0,2180,5027,60890
23,65940,147,0.0,2181,5027,60913
12,65952,147,0.0,2182,5027,60925
33,65985,147,0.0,2183,5027,60958
18,66003,147,0.0,2184,5027,60976
26,66029,147,0.0,2185,5027,61002
67,66096,147,0.0,2186,5027,61069
49,66145,147,0.0,2187,5027,61118
22,66167,147,0.0,2188,5027,61140
20,66187,147,0.0,2189,5027,61160
21,66208,147,0.0,2190,5027,61181
34,66242,148,1.0,2191,5027,61215
26,66268,148,0.0,2192,5027,61241
12,66280,148,0.0,2193,5027,61253
47,66327,148,0.0,2194,5027,61300
13,66340,148,0.0,2195,5027,61313
9,66349,148,0.0,2196,5027,61322
63,66412,148,0.0,2197,5027,61385
59,66471,148,0.0,2198,5027,61444
17,66488,148,0.0,2199,5027,61461
85,66573,148,0.0,2200,5027,61546
42,66615,148,0.0,2201,5027,61588
81,66696,148,0.0,2202,5027,61669
18,66714,148,0.0,2203,5027,61687
20,66734,148,0.0,2204,5027,61707
18,66752,148,0.0,2205,5027,61725
14,66766,148,0.0,2206,5027,61739
11,66777,148,0.0,2207,5027,61750
52,66829,149,1.0,2208,5027,61802
36,66865,149,0.0,2209,5027,61838
13,66878,149,0.0,2210,5027,61851
46,66924,150,1.0,2211,5027,61897
14,66938,150,0.0,2212,5027,61911
22,66960,150,0.0,2213,5027,61933
10,66970,150,0.0,2214,5027,61943
27,66997,151,1.0,2215,5027,61970
22,67019,152,1.0,2216,5027,61992
40,67059,153,1.0,2217,5027,62032
58,67117,154,1.0,2218,5027,62090
72,67189,154,0.0,2219,5027,62162
20,67209,154,0.0,2220,5027,62182
11,67220,154,0.0,2221,5027,62193
13,67233,154,0.0,2222,5027,62206
35,67268,154,0.0,2223,5027,62241
32,67300,154,0.0,2224,5027,62273
8,67308,154,0.0,2225,5027,62281
26,67334,154,0.0,2226,5027,62307
40,67374,154,0.0,2227,5027,62347
27,67401,154,0.0,2228,5027,62374
30,67431,154,0.0,2229,5027,62404
19,67450,154,0.0,2230,5027,62423
8,67458,154,0.0,2231,5027,62431
17,67475,154,0.0,2232,5027,62448
32,67507,155,1.0,2233,5027,62480
21,67528,155,0.0,2234,5027,62501
53,67581,155,0.0,2235,5027,62554
14,67595,155,0.0,2236,5027,62568
9,67604,155,0.0,2237,5027,62577
28,67632,155,0.0,2238,5027,62605
33,67665,156,1.0,2239,5027,62638
11,67676,156,0.0,2240,5027,62649
15,67691,156,0.0,2241,5027,62664
53,67744,156,0.0,2242,5027,62717
14,67758,156,0.0,2243,5027,62731
11,67769,156,0.0,2244,5027,62742
46,67815,156,0.0,2245,5027,62788
56,67871,156,0.0,2246,5027,62844
14,67885,156,0.0,2247,5027,62858
44,67929,156,0.0,2248,5027,62902
15,67944,156,0.0,2249,5027,62917
23,67967,156,0.0,2250,5027,62940
22,67989,156,0.0,2251,5027,62962
29,68018,156,0.0,2252,5027,62991
42,68060,156,0.0,2253,5027,63033
13,68073,156,0.0,2254,5027,63046
58,68131,156,0.0,2255,5027,63104
11,68142,156,0.0,2256,5027,63115
55,68197,156,0.0,2257,5027,63170
28,68225,156,0.0,2258,5027,63198
19,68244,156,0.0,2259,5027,63217
22,68266,156,0.0,2260,5027,63239
35,68301,156,0.0,2261,5027,63274
27,68328,156,0.0,2262,5027,63301
30,68358,156,0.0,2263,5027,63331
15,68373,156,0.0,2264,5027,63346
12,68385,156,0.0,2265,5027,63358
21,68406,156,0.0,2266,5027,63379
27,68433,156,0.0,2267,5027,63406
14,68447,156,0.0,2268,5027,63420
45,68492,157,1.0,2269,5027,63465
82,68574,157,0.0,2270,5027,63547
15,68589,157,0.0,2271,5027,63562
37,68626,157,0.0,2272,5027,63599
30,68656,158,1.0,2273,5027,63629
17,68673,158,0.0,2274,5027,63646
29,68702,158,0.0,2275,5027,63675
13,68715,158,0.0,2276,5027,63688
42,68757,158,0.0,2277,5027,63730
44,68801,158,0.0,2278,5027,63774
25,68826,158,0.0,2279,5027,63799
50,68876,158,0.0,2280,5027,63849
64,68940,158,0.0,2281,5027,63913
28,68968,158,0.0,2282,5027,63941
42,69010,158,0.0,2283,5027,63983
35,69045,158,0.0,2284,5027,64018
57,69102,158,0.0,2285,5027,64075
18,69120,158,0.0,2286,5027,64093
6,69126,158,0.0,2287,5027,64099
26,69152,158,0.0,2288,5027,64125
56,69208,159,1.0,2289,5027,64181
12,69220,159,0.0,2290,5027,64193
11,69231,159,0.0,2291,5027,64204
57,69288,159,0.0,2292,5027,64261
78,69366,159,0.0,2293,5027,64339
10,69376,159,0.0,2294,5027,64349
34,69410,159,0.0,2295,5027,64383
47,69457,159,0.0,2296,5027,64430
10,69467,159,0.0,2297,5027,64440
33,69500,160,1.0,2298,5027,64473
68,69568,160,0.0,2299,5027,64541
50,69618,160,0.0,2300,5027,64591
32,69650,161,1.0,2301,5027,64623
31,69681,162,1.0,2302,5027,64654
19,69700,162,0.0,2303,5027,64673
32,69732,162,0.0,2304,5027,64705
21,69753,162,0.0,2305,5027,64726
52,69805,162,0.0,2306,5027,64778
32,69837,162,0.0,2307,5027,64810
7,69844,162,0.0,2308,5027,64817
32,69876,162,0.0,2309,5027,64849
17,69893,162,0.0,2310,5027,64866
62,69955,163,1.0,2311,5027,64928
45,70000,163,0.0,2312,5027,64973
9,70009,163,0.0,2313,5027,64982
18,70027,164,1.0,2314,5027,65000
42,70069,164,0.0,2315,5027,65042
19,70088,164,0.0,2316,5027,65061
10,70098,164,0.0,2317,5027,65071
25,70123,164,0.0,2318,5027,65096
13,70136,164,0.0,2319,5027,65109
53,70189,165,1.0,2320,5027,65162
29,70218,165,0.0,2321,5027,65191
10,70228,165,0.0,2322,5027,65201
31,70259,165,0.0,2323,5027,65232
36,70295,165,0.0,2324,5027,65268
44,70339,165,0.0,2325,5027,65312
29,70368,165,0.0,2326,5027,65341
25,70393,165,0.0,2327,5027,65366
17,70410,165,0.0,2328,5027,65383
64,70474,165,0.0,2329,5027,65447
10,70484,165,0.0,2330,5027,65457
56,70540,166,1.0,2331,5027,65513
27,70567,167,1.0,2332,5027,65540
12,70579,167,0.0,2333,5027,65552
17,70596,167,0.0,2334,5027,65569
12,70608,167,0.0,2335,5027,65581
28,70636,167,0.0,2336,5027,65609
100,70736,167,0.0,2337,5027,65709
100,70836,167,0.0,2338,5027,65809
53,70889,167,0.0,2339,5027,65862
18,70907,167,0.0,2340,5027,65880
8,70915,167,0.0,2341,5027,65888
14,70929,167,0.0,2342,5027,65902
24,70953,167,0.0,2343,5027,65926
30,70983,168,1.0,2344,5027,65956
100,71083,168,0.0,2345,5027,66056
13,71096,168,0.0,2346,5027,66069
8,71104,168,0.0,2347,5027,66077
31,71135,168,0.0,2348,5027,66108
16,71151,168,0.0,2349,5027,66124
19,71170,168,0.0,2350,5027,66143
64,71234,168,0.0,2351,5027,66207
40,71274,168,0.0,2352,5027,66247
7,71281,168,0.0,2353,5027,66254
24,71305,169,1.0,2354,5027,66278
30,71335,169,0.0,2355,5027,66308
76,71411,169,0.0,2356,5027,66384
5,71416,169,0.0,2357,5027,66389
11,71427,169,0.0,2358,5027,66400
34,71461,169,0.0,2359,5027,66434
19,71480,169,0.0,2360,5027,66453
55,71535,170,1.0,2361,5027,66508
42,71577,170,0.0,2362,5027,66550
10,71587,170,0.0,2363,5027,66560
20,71607,170,0.0,2364,5027,66580
9,71616,170,0.0,2365,5027,66589
12,71628,170,0.0,2366,5027,66601
26,71654,170,0.0,2367,5027,66627
25,71679,170,0.0,2368,5027,66652
23,71702,170,0.0,2369,5027,66675
15,71717,170,0.0,2370,5027,66690
11,71728,170,0.0,2371,5027,66701
27,71755,171,1.0,2372,5027,66728
35,71790,171,0.0,2373,5027,66763
8,71798,171,0.0,2374,5027,66771
23,71821,171,0.0,2375,5027,66794
13,71834,171,0.0,2376,5027,66807
29,71863,171,0.0,2377,5027,66836
9,71872,171,0.0,2378,5027,66845
28,71900,171,0.0,2379,5027,66873
83,71983,171,0.0,2380,5027,66956
24,72007,171,0.0,2381,5027,66980
39,72046,171,0.0,2382,5027,67019
14,72060,171,0.0,2383,5027,67033
11,72071,171,0.0,2384,5027,67044
21,72092,171,0.0,2385,5027,67065
15,72107,171,0.0,2386,5027,67080
26,72133,171,0.0,2387,5027,67106
26,72159,171,0.0,2388,5027,67132
17,72176,171,0.0,2389,5027,67149
48,72224,172,1.0,2390,5027,67197
39,72263,172,0.0,2391,5027,67236
26,72289,172,0.0,2392,5027,67262
19,72308,172,0.0,2393,5027,67281
36,72344,172,0.0,2394,5027,67317
76,72420,172,0.0,2395,5027,67393
20,72440,172,0.0,2396,5027,67413
50,72490,172,0.0,2397,5027,67463
19,72509,172,0.0,2398,5027,67482
13,72522,172,0.0,2399,5027,67495
41,72563,173,1.0,2400,5027,67536
31,72594,174,1.0,2401,5027,67567
9,72603,174,0.0,2402,5027,67576
20,72623,174,0.0,2403,5027,67596
21,72644,175,1.0,2404,5027,67617
12,72656,175,0.0,2405,5027,67629
48,72704,175,0.0,2406,5027,67677
19,72723,175,0.0,2407,5027,67696
14,72737,175,0.0,2408,5027,67710
15,72752,175,0.0,2409,5027,67725
28,72780,175,0.0,2410,5027,67753
48,72828,175,0.0,2411,5027,67801
34,72862,175,0.0,2412,5027,67835
31,72893,175,0.0,2413,5027,67866
19,72912,175,0.0,2414,5027,67885
37,72949,175,0.0,2415,5027,67922
20,72969,175,0.0,2416,5027,67942
100,73069,175,0.0,2417,5027,68042
18,73087,175,0.0,2418,5027,68060
33,73120,175,0.0,2419,5027,68093
7,73127,175,0.0,2420,5027,68100
12,73139,175,0.0,2421,5027,68112
45,73184,175,0.0,2422,5027,68157
12,73196,175,0.0,2423,5027,68169
49,73245,175,0.0,2424,5027,68218
22,73267,175,0.0,2425,5027,68240
26,73293,175,0.0,2426,5027,68266
41,73334,175,0.0,2427,5027,68307
36,73370,175,0.0,2428,5027,68343
26,73396,176,1.0,2429,5027,68369
12,73408,176,0.0,2430,5027,68381
13,73421,176,0.0,2431,5027,68394
16,73437,176,0.0,2432,5027,68410
29,73466,176,0.0,2433,5027,68439
13,73479,176,0.0,2434,5027,68452
42,73521,176,0.0,2435,5027,68494
17,73538,176,0.0,2436,5027,68511
14,73552,176,0.0,2437,5027,68525
11,73563,176,0.0,2438,5027,68536
29,73592,177,1.0,2439,5027,68565
23,73615,177,0.0,2440,5027,68588
69,73684,177,0.0,2441,5027,68657
19,73703,177,0.0,2442,5027,68676
22,73725,178,1.0,2443,5027,68698
13,73738,178,0.0,2444,5027,68711
65,73803,178,0.0,2445,5027,68776
40,73843,178,0.0,2446,5027,68816
11,73854,178,0.0,2447,5027,68827
8,73862,178,0.0,2448,5027,68835
14,73876,178,0.0,2449,5027,68849
41,73917,178,0.0,2450,5027,68890
17,73934,178,0.0,2451,5027,68907
18,73952,178,0.0,2452,5027,68925
42,73994,178,0.0,2453,5027,68967
13,74007,178,0.0,2454,5027,68980
22,74029,178,0.0,2455,5027,69002
17,74046,178,0.0,2456,5027,69019
52,74098,178,0.0,2457,5027,69071
14,74112,178,0.0,2458,5027,69085
19,74131,178,0.0,2459,5027,69104
16,74147,178,0.0,2460,5027,69120
42,74189,178,0.0,2461,5027,69162
16,74205,178,0.0,2462,5027,69178
39,74244,178,0.0,2463,5027,69217
32,74276,178,0.0,2464,5027,69249
46,74322,178,0.0,2465,5027,69295
41,74363,178,0.0,2466,5027,69336
14,74377,179,1.0,2467,5027,69350
32,74409,180,1.0,2468,5027,69382
24,74433,180,0.0,2469,5027,69406
12,74445,180,0.0,2470,5027,69418
21,74466,180,0.0,2471,5027,69439
10,74476,180,0.0,2472,5027,69449
11,74487,180,0.0,2473,5027,69460
34,74521,180,0.0,2474,5027,69494
5,74526,180,0.0,2475,5027,69499
21,74547,180,0.0,2476,5027,69520
48,74595,180,0.0,2477,5027,69568
10,74605,180,0.0,2478,5027,69578
14,74619,180,0.0,2479,5027,69592
7,74626,180,0.0,2480,5027,69599
13,74639,180,0.0,2481,5027,69612
29,74668,180,0.0,2482,5027,69641
43,74711,180,0.0,2483,5027,69684
31,74742,180,0.0,2484,5027,69715
52,74794,180,0.0,2485,5027,69767
63,74857,180,0.0,2486,5027,69830
27,74884,180,0.0,2487,5027,69857
21,74905,180,0.0,2488,5027,69878
32,74937,180,0.0,2489,5027,69910
47,74984,180,0.0,2490,5027,69957
8,74992,180,0.0,2491,5027,69965
11,75003,180,0.0,2492,5027,69976
37,75040,180,0.0,2493,5027,70013
21,75061,180,0.0,2494,5027,70034
100,75161,180,0.0,2495,5027,70134
42,75203,180,0.0,2496,5027,70176
33,75236,180,0.0,2497,5027,70209
26,75262,180,0.0,2498,5027,70235
11,75273,180,0.0,2499,5027,70246
16,75289,180,0.0,2500,5027,70262
100,75389,180,0.0,2501,5027,70362
7,75396,180,0.0,2502,5027,70369
59,75455,180,0.0,2503,5027,70428
23,75478,180,0.0,2504,5027,70451
15,75493,180,0.0,2505,5027,70466
35,75528,180,0.0,2506,5027,70501
31,75559,180,0.0,2507,5027,70532
16,75575,180,0.0,2508,5027,70548
30,75605,180,0.0,2509,5027,70578
38,75643,180,0.0,2510,5027,70616
79,75722,180,0.0,2511,5027,70695
8,75730,180,0.0,2512,5027,70703
50,75780,180,0.0,2513,5027,70753
9,75789,180,0.0,2514,5027,70762
30,75819,180,0.0,2515,5027,70792
16,75835,180,0.0,2516,5027,70808
19,75854,180,0.0,2517,5027,70827
28,75882,180,0.0,2518,5027,70855
28,75910,181,1.0,2519,5027,70883
33,75943,181,0.0,2520,5027,70916
13,75956,181,0.0,2521,5027,70929
14,75970,181,0.0,2522,5027,70943
21,75991,181,0.0,2523,5027,70964
8,75999,181,0.0,2524,5027,70972
32,76031,181,0.0,2525,5027,71004
12,76043,181,0.0,2526,5027,71016
10,76053,181,0.0,2527,5027,71026
29,76082,181,0.0,2528,5027,71055
13,76095,181,0.0,2529,5027,71068
29,76124,181,0.0,2530,5027,71097
22,76146,181,0.0,2531,5027,71119
26,76172,181,0.0,2532,5027,71145
6,76178,181,0.0,2533,5027,71151
30,76208,181,0.0,2534,5027,71181
67,76275,181,0.0,2535,5027,71248
36,76311,181,0.0,2536,5027,71284
73,76384,181,0.0,2537,5027,71357
19,76403,181,0.0,2538,5027,71376
58,76461,182,1.0,2539,5027,71434
13,76474,182,0.0,2540,5027,71447
46,76520,182,0.0,2541,5027,71493
52,76572,182,0.0,2542,5027,71545
27,76599,182,0.0,2543,5027,71572
18,76617,183,1.0,2544,5027,71590
42,76659,183,0.0,2545,5027,71632
11,76670,183,0.0,2546,5027,71643
20,76690,183,0.0,2547,5027,71663
13,76703,183,0.0,2548,5027,71676
10,76713,183,0.0,2549,5027,71686
40,76753,184,1.0,2550,5027,71726
21,76774,184,0.0,2551,5027,71747
28,76802,184,0.0,2552,5027,71775
17,76819,184,0.0,2553,5027,71792
46,76865,184,0.0,2554,5027,71838
26,76891,184,0.0,2555,5027,71864
23,76914,184,0.0,2556,5027,71887
43,76957,184,0.0,2557,5027,71930
12,76969,184,0.0,2558,5027,71942
23,76992,184,0.0,2559,5027,71965
28,77020,184,0.0,2560,5027,71993
44,77064,184,0.0,2561,5027,72037
30,77094,185,1.0,2562,5027,72067
16,77110,185,0.0,2563,5027,72083
12,77122,185,0.0,2564,5027,72095
30,77152,186,1.0,2565,5027,72125
17,77169,186,0.0,2566,5027,72142
42,77211,186,0.0,2567,5027,72184
11,77222,186,0.0,2568,5027,72195
30,77252,186,0.0,2569,5027,72225
20,77272,187,1.0,2570,5027,72245
26,77298,187,0.0,2571,5027,72271
43,77341,187,0.0,2572,5027,72314
11,77352,187,0.0,2573,5027,72325
43,77395,187,0.0,2574,5027,72368
44,77439,187,0.0,2575,5027,72412
20,77459,187,0.0,2576,5027,72432
24,77483,188,1.0,2577,5027,72456
13,77496,188,0.0,2578,5027,72469
27,77523,188,0.0,2579,5027,72496
26,77549,188,0.0,2580,5027,72522
16,77565,188,0.0,2581,5027,72538
15,77580,188,0.0,2582,5027,72553
16,77596,188,0.0,2583,5027,72569
21,77617,188,0.0,2584,5027,72590
15,77632,188,0.0,2585,5027,72605
83,77715,189,1.0,2586,5027,72688
46,77761,189,0.0,2587,5027,72734
21,77782,189,0.0,2588,5027,72755
8,77790,189,0.0,2589,5027,72763
26,77816,189,0.0,2590,5027,72789
26,77842,190,1.0,2591,5027,72815
31,77873,190,0.0,2592,5027,72846
74,77947,190,0.0,2593,5027,72920
10,77957,190,0.0,2594,5027,72930
21,77978,190,0.0,2595,5027,72951
16,77994,190,0.0,2596,5027,72967
21,78015,190,0.0,2597,5027,72988
16,78031,190,0.0,2598,5027,73004
37,78068,191,1.0,2599,5027,73041
39,78107,191,0.0,2600,5027,73080
8,78115,191,0.0,2601,5027,73088
8,78123,191,0.0,2602,5027,73096
10,78133,191,0.0,2603,5027,73106
18,78151,191,0.0,2604,5027,73124
50,78201,191,0.0,2605,5027,73174
6,78207,191,0.0,2606,5027,73180
56,78263,191,0.0,2607,5027,73236
38,78301,191,0.0,2608,5027,73274
9,78310,191,0.0,2609,5027,73283
17,78327,191,0.0,2610,5027,73300
7,78334,191,0.0,2611,5027,73307
14,78348,191,0.0,2612,5027,73321
23,78371,191,0.0,2613,5027,73344
20,78391,191,0.0,2614,5027,73364
20,78411,192,1.0,2615,5027,73384
22,78433,192,0.0,2616,5027,73406
21,78454,192,0.0,2617,5027,73427
58,78512,192,0.0,2618,5027,73485
26,78538,192,0.0,2619,5027,73511
23,78561,192,0.0,2620,5027,73534
9,78570,192,0.0,2621,5027,73543
15,78585,192,0.0,2622,5027,73558
8,78593,192,0.0,2623,5027,73566
43,78636,192,0.0,2624,5027,73609
49,78685,192,0.0,2625,5027,73658
45,78730,192,0.0,2626,5027,73703
27,78757,192,0.0,2627,5027,73730
43,78800,192,0.0,2628,5027,73773
10,78810,192,0.0,2629,5027,73783
14,78824,192,0.0,2630,5027,73797
14,78838,192,0.0,2631,5027,73811
19,78857,192,0.0,2632,5027,73830
21,78878,192,0.0,2633,5027,73851
38,78916,192,0.0,2634,5027,73889
38,78954,192,0.0,2635,5027,73927
25,78979,193,1.0,2636,5027,73952
8,78987,193,0.0,2637,5027,73960
68,79055,193,0.0,2638,5027,74028
28,79083,193,0.0,2639,5027,74056
34,79117,194,1.0,2640,5027,74090
66,79183,194,0.0,2641,5027,74156
18,79201,194,0.0,2642,5027,74174
19,79220,194,0.0,2643,5027,74193
13,79233,194,0.0,2644,5027,74206
33,79266,194,0.0,2645,5027,74239
11,79277,194,0.0,2646,5027,74250
18,79295,194,0.0,2647,5027,74268
22,79317,195,1.0,2648,5027,74290
23,79340,195,0.0,2649,5027,74313
31,79371,195,0.0,2650,5027,74344
19,79390,195,0.0,2651,5027,74363
73,79463,195,0.0,2652,5027,74436
9,79472,195,0.0,2653,5027,74445
68,79540,195,0.0,2654,5027,74513
11,79551,195,0.0,2655,5027,74524
28,79579,195,0.0,2656,5027,74552
19,79598,195,0.0,2657,5027,74571
26,79624,195,0.0,2658,5027,74597
20,79644,195,0.0,2659,5027,74617
14,79658,195,0.0,2660,5027,74631
17,79675,195,0.0,2661,5027,74648
34,79709,195,0.0,2662,5027,74682
10,79719,195,0.0,2663,5027,74692
73,79792,195,0.0,2664,5027,74765
27,79819,195,0.0,2665,5027,74792
47,79866,196,1.0,2666,5027,74839
72,79938,196,0.0,2667,5027,74911
11,79949,196,0.0,2668,5027,74922
7,79956,196,0.0,2669,5027,74929
10,79966,196,0.0,2670,5027,74939
15,79981,196,0.0,2671,5027,74954
13,79994,196,0.0,2672,5027,74967
11,80005,196,0.0,2673,5027,74978
31,80036,196,0.0,2674,5027,75009
18,80054,196,0.0,2675,5027,75027
55,80109,196,0.0,2676,5027,75082
47,80156,197,1.0,2677,5027,75129
11,80167,197,0.0,2678,5027,75140
63,80230,198,1.0,2679,5027,75203
18,80248,198,0.0,2680,5027,75221
29,80277,198,0.0,2681,5027,75250
27,80304,198,0.0,2682,5027,75277
12,80316,198,0.0,2683,5027,75289
19,80335,198,0.0,2684,5027,75308
11,80346,198,0.0,2685,5027,75319
53,80399,198,0.0,2686,5027,75372
62,80461,198,0.0,2687,5027,75434
51,80512,199,1.0,2688,5027,75485
51,80563,199,0.0,2689,5027,75536
13,80576,199,0.0,2690,5027,75549
51,80627,199,0.0,2691,5027,75600
26,80653,199,0.0,2692,5027,75626
24,80677,199,0.0,2693,5027,75650
21,80698,199,0.0,2694,5027,75671
15,80713,199,0.0,2695,5027,75686
61,80774,199,0.0,2696,5027,75747
43,80817,199,0.0,2697,5027,75790
33,80850,200,1.0,2698,5027,75823
18,80868,200,0.0,2699,5027,75841
23,80891,200,0.0,2700,5027,75864
8,80899,200,0.0,2701,5027,75872
29,80928,201,1.0,2702,5027,75901
24,80952,202,1.0,2703,5027,75925
14,80966,202,0.0,2704,5027,75939
11,80977,202,0.0,2705,5027,75950
11,80988,202,0.0,2706,5027,75961
48,81036,202,0.0,2707,5027,76009
19,81055,202,0.0,2708,5027,76028
27,81082,202,0.0,2709,5027,76055
14,81096,202,0.0,2710,5027,76069
58,81154,202,0.0,2711,5027,76127
14,81168,202,0.0,2712,5027,76141
35,81203,202,0.0,2713,5027,76176
40,81243,202,0.0,2714,5027,76216
16,81259,202,0.0,2715,5027,76232
13,81272,202,0.0,2716,5027,76245
100,81372,202,0.0,2717,5027,76345
30,81402,202,0.0,2718,5027,76375
38,81440,202,0.0,2719,5027,76413
23,81463,202,0.0,2720,5027,76436
34,81497,202,0.0,2721,5027,76470
17,81514,202,0.0,2722,5027,76487
14,81528,202,0.0,2723,5027,76501
30,81558,202,0.0,2724,5027,76531
77,81635,203,1.0,2725,5027,76608
8,81643,203,0.0,2726,5027,76616
26,81669,203,0.0,2727,5027,76642
17,81686,203,0.0,2728,5027,76659
6,81692,203,0.0,2729,5027,76665
27,81719,203,0.0,2730,5027,76692
23,81742,203,0.0,2731,5027,76715
10,81752,203,0.0,2732,5027,76725
13,81765,203,0.0,2733,5027,76738
16,81781,203,0.0,2734,5027,76754
31,81812,203,0.0,2735,5027,76785
57,81869,203,0.0,2736,5027,76842
20,81889,203,0.0,2737,5027,76862
30,81919,204,1.0,2738,5027,76892
9,81928,204,0.0,2739,5027,76901
9,81937,204,0.0,2740,5027,76910
32,81969,204,0.0,2741,5027,76942
19,81988,204,0.0,2742,5027,76961
14,82002,204,0.0,2743,5027,76975
19,82021,204,0.0,2744,5027,76994
9,82030,204,0.0,2745,5027,77003
64,82094,204,0.0,2746,5027,77067
40,82134,205,1.0,2747,5027,77107
8,82142,205,0.0,2748,5027,77115
8,82150,205,0.0,2749,5027,77123
6,82156,205,0.0,2750,5027,77129
29,82185,205,0.0,2751,5027,77158
26,82211,205,0.0,2752,5027,77184
38,82249,205,0.0,2753,5027,77222
33,82282,205,0.0,2754,5027,77255
36,82318,205,0.0,2755,5027,77291
20,82338,205,0.0,2756,5027,77311
26,82364,205,0.0,2757,5027,77337
14,82378,205,0.0,2758,5027,77351
11,82389,205,0.0,2759,5027,77362
38,82427,205,0.0,2760,5027,77400
30,82457,205,0.0,2761,5027,77430
78,82535,205,0.0,2762,5027,77508
10,82545,205,0.0,2763,5027,77518
23,82568,206,1.0,2764,5027,77541
17,82585,206,0.0,2765,5027,77558
20,82605,207,1.0,2766,5027,77578
16,82621,207,0.0,2767,5027,77594
56,82677,207,0.0,2768,5027,77650
16,82693,207,0.0,2769,5027,77666
33,82726,207,0.0,2770,5027,77699
25,82751,207,0.0,2771,5027,77724
83,82834,207,0.0,2772,5027,77807
7,82841,207,0.0,2773,5027,77814
11,82852,207,0.0,2774,5027,77825
55,82907,207,0.0,2775,5027,77880
24,82931,207,0.0,2776,5027,77904
32,82963,207,0.0,2777,5027,77936
74,83037,208,1.0,2778,5027,78010
40,83077,208,0.0,2779,5027,78050
14,83091,208,0.0,2780,5027,78064
13,83104,208,0.0,2781,5027,78077
49,83153,208,0.0,2782,5027,78126
32,83185,208,0.0,2783,5027,78158
38,83223,208,0.0,2784,5027,78196
16,83239,208,0.0,2785,5027,78212
44,83283,209,1.0,2786,5027,78256
18,83301,209,0.0,2787,5027,78274
100,83401,209,0.0,2788,5027,78374
6,83407,209,0.0,2789,5027,78380
34,83441,209,0.0,2790,5027,78414
39,83480,209,0.0,2791,5027,78453
21,83501,209,0.0,2792,5027,78474
57,83558,209,0.0,2793,5027,78531
20,83578,209,0.0,2794,5027,78551
9,83587,209,0.0,2795,5027,78560
52,83639,209,0.0,2796,5027,78612
11,83650,209,0.0,2797,5027,78623
46,83696,209,0.0,2798,5027,78669
64,83760,209,0.0,2799,5027,78733
31,83791,210,1.0,2800,5027,78764
30,83821,210,0.0,2801,5027,78794
48,83869,211,1.0,2802,5027,78842
12,83881,211,0.0,2803,5027,78854
19,83900,211,0.0,2804,5027,78873
15,83915,211,0.0,2805,5027,78888
23,83938,211,0.0,2806,5027,78911
45,83983,211,0.0,2807,5027,78956
15,83998,211,0.0,2808,5027,78971
52,84050,211,0.0,2809,5027,79023
23,84073,211,0.0,2810,5027,79046
30,84103,211,0.0,2811,5027,79076
15,84118,211,0.0,2812,5027,79091
43,84161,211,0.0,2813,5027,79134
30,84191,211,0.0,2814,5027,79164
32,84223,211,0.0,2815,5027,79196
25,84248,211,0.0,2816,5027,79221
15,84263,211,0.0,2817,5027,79236
16,84279,211,0.0,2818,5027,79252
22,84301,211,0.0,2819,5027,79274
24,84325,211,0.0,2820,5027,79298
32,84357,211,0.0,2821,5027,79330
20,84377,211,0.0,2822,5027,79350
9,84386,211,0.0,2823,5027,79359
100,84486,211,0.0,2824,5027,79459
41,84527,211,0.0,2825,5027,79500
33,84560,211,0.0,2826,5027,79533
39,84599,211,0.0,2827,5027,79572
24,84623,211,0.0,2828,5027,79596
18,84641,211,0.0,2829,5027,79614
54,84695,211,0.0,2830,5027,79668
96,84791,211,0.0,2831,5027,79764
9,84800,211,0.0,2832,5027,79773
31,84831,211,0.0,2833,5027,79804
15,84846,211,0.0,2834,5027,79819
8,84854,211,0.0,2835,5027,79827
28,84882,211,0.0,2836,5027,79855
8,84890,211,0.0,2837,5027,79863
21,84911,211,0.0,2838,5027,79884
22,84933,211,0.0,2839,5027,79906
16,84949,211,0.0,2840,5027,79922
15,84964,211,0.0,2841,5027,79937
40,85004,211,0.0,2842,5027,79977
25,85029,211,0.0,2843,5027,80002
29,85058,211,0.0,2844,5027,80031
15,85073,211,0.0,2845,5027,80046
29,85102,211,0.0,2846,5027,80075
18,85120,211,0.0,2847,5027,80093
19,85139,211,0.0,2848,5027,80112
29,85168,211,0.0,2849,5027,80141
9,85177,211,0.0,2850,5027,80150
53,85230,211,0.0,2851,5027,80203
42,85272,211,0.0,2852,5027,80245
18,85290,211,0.0,2853,5027,80263
44,85334,212,1.0,2854,5027,80307
24,85358,212,0.0,2855,5027,80331
19,85377,212,0.0,2856,5027,80350
15,85392,212,0.0,2857,5027,80365
51,85443,212,0.0,2858,5027,80416
38,85481,212,0.0,2859,5027,80454
30,85511,212,0.0,2860,5027,80484
43,85554,212,0.0,2861,5027,80527
6,85560,212,0.0,2862,5027,80533
14,85574,212,0.0,2863,5027,80547
12,85586,212,0.0,2864,5027,80559
56,85642,212,0.0,2865,5027,80615
33,85675,213,1.0,2866,5027,80648
55,85730,213,0.0,2867,5027,80703
10,85740,213,0.0,2868,5027,80713
9,85749,213,0.0,2869,5027,80722
35,85784,213,0.0,2870,5027,80757
45,85829,213,0.0,2871,5027,80802
93,85922,213,0.0,2872,5027,80895
9,85931,213,0.0,2873,5027,80904
9,85940,213,0.0,2874,5027,80913
15,85955,213,0.0,2875,5027,80928
40,85995,213,0.0,2876,5027,80968
16,86011,213,0.0,2877,5027,80984
28,86039,213,0.0,2878,5027,81012
70,86109,213,0.0,2879,5027,81082
8,86117,213,0.0,2880,5027,81090
72,86189,213,0.0,2881,5027,81162
16,86205,213,0.0,2882,5027,81178
18,86223,213,0.0,2883,5027,81196
65,86288,213,0.0,2884,5027,81261
25,86313,213,0.0,2885,5027,81286
50,86363,213,0.0,2886,5027,81336
32,86395,213,0.0,2887,5027,81368
6,86401,213,0.0,2888,5027,81374
18,86419,214,1.0,2889,5027,81392
16,86435,214,0.0,2890,5027,81408
23,86458,214,0.0,2891,5027,81431
39,86497,214,0.0,2892,5027,81470
6,86503,214,0.0,2893,5027,81476
41,86544,215,1.0,2894,5027,81517
20,86564,215,0.0,2895,5027,81537
8,86572,215,0.0,2896,5027,81545
44,86616,216,1.0,2897,5027,81589
59,86675,217,1.0,2898,5027,81648
61,86736,218,1.0,2899,5027,81709
10,86746,218,0.0,2900,5027,81719
16,86762,218,0.0,2901,5027,81735
26,86788,219,1.0,2902,5027,81761
25,86813,219,0.0,2903,5027,81786
22,86835,219,0.0,2904,5027,81808
16,86851,219,0.0,2905,5027,81824
38,86889,219,0.0,2906,5027,81862
26,86915,219,0.0,2907,5027,81888
40,86955,219,0.0,2908,5027,81928
17,86972,219,0.0,2909,5027,81945
10,86982,219,0.0,2910,5027,81955
51,87033,219,0.0,2911,5027,82006
20,87053,219,0.0,2912,5027,82026
11,87064,219,0.0,2913,5027,82037
60,87124,219,0.0,2914,5027,82097
19,87143,219,0.0,2915,5027,82116
31,87174,220,1.0,2916,5027,82147
20,87194,220,0.0,2917,5027,82167
28,87222,220,0.0,2918,5027,82195
60,87282,220,0.0,2919,5027,82255
15,87297,220,0.0,2920,5027,82270
31,87328,220,0.0,2921,5027,82301
20,87348,220,0.0,2922,5027,82321
100,87448,220,0.0,2923,5027,82421
35,87483,220,0.0,2924,5027,82456
71,87554,220,0.0,2925,5027,82527
16,87570,220,0.0,2926,5027,82543
16,87586,220,0.0,2927,5027,82559
23,87609,220,0.0,2928,5027,82582
20,87629,220,0.0,2929,5027,82602
11,87640,220,0.0,2930,5027,82613
48,87688,220,0.0,2931,5027,82661
44,87732,220,0.0,2932,5027,82705
55,87787,220,0.0,2933,5027,82760
87,87874,220,0.0,2934,5027,82847
19,87893,220,0.0,2935,5027,82866
59,87952,220,0.0,2936,5027,82925
23,87975,220,0.0,2937,5027,82948
10,87985,220,0.0,2938,5027,82958
42,88027,220,0.0,2939,5027,83000
55,88082,221,1.0,2940,5027,83055
53,88135,221,0.0,2941,5027,83108
20,88155,221,0.0,2942,5027,83128
13,88168,221,0.0,2943,5027,83141
15,88183,221,0.0,2944,5027,83156
54,88237,221,0.0,2945,5027,83210
22,88259,221,0.0,2946,5027,83232
21,88280,221,0.0,2947,5027,83253
21,88301,221,0.0,2948,5027,83274
24,88325,221,0.0,2949,5027,83298
38,88363,221,0.0,2950,5027,83336
15,88378,221,0.0,2951,5027,83351
58,88436,221,0.0,2952,5027,83409
54,88490,221,0.0,2953,5027,83463
19,88509,221,0.0,2954,5027,83482
28,88537,221,0.0,2955,5027,83510
18,88555,221,0.0,2956,5027,83528
37,88592,221,0.0,2957,5027,83565
21,88613,221,0.0,2958,5027,83586
11,88624,221,0.0,2959,5027,83597
15,88639,221,0.0,2960,5027,83612
22,88661,221,0.0,2961,5027,83634
7,88668,221,0.0,2962,5027,83641
28,88696,221,0.0,2963,5027,83669
29,88725,221,0.0,2964,5027,83698
33,88758,221,0.0,2965,5027,83731
21,88779,221,0.0,2966,5027,83752
33,88812,221,0.0,2967,5027,83785
42,88854,222,1.0,2968,5027,83827
31,88885,223,1.0,2969,5027,83858
29,88914,223,0.0,2970,5027,83887
16,88930,223,0.0,2971,5027,83903
44,88974,223,0.0,2972,5027,83947
19,88993,223,0.0,2973,5027,83966
48,89041,223,0.0,2974,5027,84014
6,89047,223,0.0,2975,5027,84020
43,89090,223,0.0,2976,5027,84063
12,89102,223,0.0,2977,5027,84075
9,89111,223,0.0,2978,5027,84084
37,89148,223,0.0,2979,5027,84121
31,89179,223,0.0,2980,5027,84152
13,89192,223,0.0,2981,5027,84165
27,89219,223,0.0,2982,5027,84192
27,89246,223,0.0,2983,5027,84219
61,89307,223,0.0,2984,5027,84280
34,89341,223,0.0,2985,5027,84314
18,89359,223,0.0,2986,5027,84332
12,89371,223,0.0,2987,5027,84344
53,89424,224,1.0,2988,5027,84397
23,89447,224,0.0,2989,5027,84420
23,89470,224,0.0,2990,5027,84443
75,89545,224,0.0,2991,5027,84518
52,89597,224,0.0,2992,5027,84570
51,89648,224,0.0,2993,5027,84621
9,89657,224,0.0,2994,5027,84630
16,89673,224,0.0,2995,5027,84646
20,89693,224,0.0,2996,5027,84666
23,89716,224,0.0,2997,5027,84689
36,89752,224,0.0,2998,5027,84725
24,89776,224,0.0,2999,5027,84749
5,89781,224,0.0,3000,5027,84754
28,89809,224,0.0,3001,5027,84782
41,89850,224,0.0,3002,5027,84823
7,89857,224,0.0,3003,5027,84830
25,89882,224,0.0,3004,5027,84855
56,89938,224,0.0,3005,5027,84911
71,90009,224,0.0,3006,5027,84982
29,90038,224,0.0,3007,5027,85011
36,90074,224,0.0,3008,5027,85047
27,90101,224,0.0,3009,5027,85074
27,90128,224,0.0,3010,5027,85101
43,90171,224,0.0,3011,5027,85144
52,90223,224,0.0,3012,5027,85196
23,90246,224,0.0,3013,5027,85219
28,90274,224,0.0,3014,5027,85247
23,90297,224,0.0,3015,5027,85270
31,90328,224,0.0,3016,5027,85301
47,90375,224,0.0,3017,5027,85348
10,90385,224,0.0,3018,5027,85358
15,90400,225,1.0,3019,5027,85373
25,90425,225,0.0,3020,5027,85398
18,90443,225,0.0,3021,5027,85416
46,90489,225,0.0,3022,5027,85462
47,90536,226,1.0,3023,5027,85509
20,90556,226,0.0,3024,5027,85529
55,90611,226,0.0,3025,5027,85584
27,90638,226,0.0,3026,5027,85611
8,90646,226,0.0,3027,5027,85619
13,90659,226,0.0,3028,5027,85632
14,90673,226,0.0,3029,5027,85646
9,90682,226,0.0,3030,5027,85655
45,90727,226,0.0,3031,5027,85700
21,90748,226,0.0,3032,5027,85721
44,90792,226,0.0,3033,5027,85765
13,90805,226,0.0,3034,5027,85778
42,90847,226,0.0,3035,5027,85820
18,90865,226,0.0,3036,5027,85838
30,90895,226,0.0,3037,5027,85868
27,90922,226,0.0,3038,5027,85895
19,90941,226,0.0,3039,5027,85914
34,90975,226,0.0,3040,5027,85948
14,90989,226,0.0,3041,5027,85962
42,91031,226,0.0,3042,5027,86004
13,91044,226,0.0,3043,5027,86017
58,91102,226,0.0,3044,5027,86075
17,91119,226,0.0,3045,5027,86092
11,91130,226,0.0,3046,5027,86103
31,91161,226,0.0,3047,5027,86134
42,91203,226,0.0,3048,5027,86176
47,91250,226,0.0,3049,5027,86223
22,91272,226,0.0,3050,5027,86245
22,91294,226,0.0,3051,5027,86267
55,91349,227,1.0,3052,5027,86322
24,91373,227,0.0,3053,5027,86346
32,91405,227,0.0,3054,5027,86378
26,91431,228,1.0,3055,5027,86404
50,91481,228,0.0,3056,5027,86454
9,91490,228,0.0,3057,5027,86463
24,91514,228,0.0,3058,5027,86487
26,91540,228,0.0,3059,5027,86513
27,91567,228,0.0,3060,5027,86540
23,91590,228,0.0,3061,5027,86563
28,91618,228,0.0,3062,5027,86591
33,91651,228,0.0,3063,5027,86624
12,91663,228,0.0,3064,5027,86636
18,91681,228,0.0,3065,5027,86654
38,91719,228,0.0,3066,5027,86692
7,91726,228,0.0,3067,5027,86699
22,91748,229,1.0,3068,5027,86721
60,91808,229,0.0,3069,5027,86781
38,91846,229,0.0,3070,5027,86819
41,91887,229,0.0,3071,5027,86860
33,91920,229,0.0,3072,5027,86893
11,91931,229,0.0,3073,5027,86904
20,91951,229,0.0,3074,5027,86924
22,91973,229,0.0,3075,5027,86946
25,91998,229,0.0,3076,5027,86971
24,92022,229,0.0,3077,5027,86995
28,92050,229,0.0,3078,5027,87023
32,92082,229,0.0,3079,5027,87055
16,92098,229,0.0,3080,5027,87071
17,92115,229,0.0,3081,5027,87088
16,92131,229,0.0,3082,5027,87104
24,92155,229,0.0,3083,5027,87128
29,92184,229,0.0,3084,5027,87157
22,92206,230,1.0,3085,5027,87179
11,92217,230,0.0,3086,5027,87190
19,92236,230,0.0,3087,5027,87209
35,92271,231,1.0,3088,5027,87244
29,92300,231,0.0,3089,5027,87273
26,92326,231,0.0,3090,5027,87299
59,92385,232,1.0,3091,5027,87358
84,92469,232,0.0,3092,5027,87442
64,92533,232,0.0,3093,5027,87506
100,92633,232,0.0,3094,5027,87606
59,92692,232,0.0,3095,5027,87665
17,92709,232,0.0,3096,5027,87682
18,92727,232,0.0,3097,5027,87700
47,92774,232,0.0,3098,5027,87747
25,92799,232,0.0,3099,5027,87772
12,92811,232,0.0,3100,5027,87784
20,92831,232,0.0,3101,5027,87804
33,92864,232,0.0,3102,5027,87837
36,92900,232,0.0,3103,5027,87873
27,92927,232,0.0,3104,5027,87900
17,92944,233,1.0,3105,5027,87917
40,92984,234,1.0,3106,5027,87957
19,93003,234,0.0,3107,5027,87976
34,93037,235,1.0,3108,5027,88010
22,93059,235,0.0,3109,5027,88032
21,93080,235,0.0,3110,5027,88053
9,93089,235,0.0,3111,5027,88062
35,93124,235,0.0,3112,5027,88097
22,93146,235,0.0,3113,5027,88119
17,93163,235,0.0,3114,5027,88136
23,93186,235,0.0,3115,5027,88159
17,93203,235,0.0,3116,5027,88176
61,93264,235,0.0,3117,5027,88237
8,93272,235,0.0,3118,5027,88245
23,93295,235,0.0,3119,5027,88268
18,93313,235,0.0,3120,5027,88286
9,93322,235,0.0,3121,5027,88295
6,93328,235,0.0,3122,5027,88301
56,93384,236,1.0,3123,5027,88357
26,93410,236,0.0,3124,5027,88383
10,93420,236,0.0,3125,5027,88393
18,93438,236,0.0,3126,5027,88411
6,93444,236,0.0,3127,5027,88417
95,93539,236,0.0,3128,5027,88512
19,93558,236,0.0,3129,5027,88531
93,93651,236,0.0,3130,5027,88624
21,93672,236,0.0,3131,5027,88645
47,93719,236,0.0,3132,5027,88692
8,93727,236,0.0,3133,5027,88700
62,93789,236,0.0,3134,5027,88762
7,93796,236,0.0,3135,5027,88769
16,93812,236,0.0,3136,5027,88785
14,93826,236,0.0,3137,5027,88799
15,93841,236,0.0,3138,5027,88814
10,93851,236,0.0,3139,5027,88824
22,93873,236,0.0,3140,5027,88846
29,93902,236,0.0,3141,5027,88875
19,93921,236,0.0,3142,5027,88894
33,93954,236,0.0,3143,5027,88927
21,93975,236,0.0,3144,5027,88948
21,93996,236,0.0,3145,5027,88969
16,94012,236,0.0,3146,5027,88985
24,94036,236,0.0,3147,5027,89009
34,94070,236,0.0,3148,5027,89043
8,94078,236,0.0,3149,5027,89051
17,94095,236,0.0,3150,5027,89068
30,94125,236,0.0,3151,5027,89098
61,94186,236,0.0,3152,5027,89159
16,94202,236,0.0,3153,5027,89175
37,94239,236,0.0,3154,5027,89212
46,94285,236,0.0,3155,5027,89258
8,94293,236,0.0,3156,5027,89266
54,94347,236,0.0,3157,5027,89320
15,94362,236,0.0,3158,5027,89335
8,94370,236,0.0,3159,5027,89343
18,94388,236,0.0,3160,5027,89361
9,94397,236,0.0,3161,5027,89370
15,94412,236,0.0,3162,5027,89385
41,94453,236,0.0,3163,5027,89426
8,94461,236,0.0,3164,5027,89434
20,94481,236,0.0,3165,5027,89454
36,94517,236,0.0,3166,5027,89490
22,94539,236,0.0,3167,5027,89512
37,94576,236,0.0,3168,5027,89549
54,94630,236,0.0,3169,5027,89603
14,94644,236,0.0,3170,5027,89617
100,94744,236,0.0,3171,5027,89717
19,94763,236,0.0,3172,5027,89736
22,94785,236,0.0,3173,5027,89758
44,94829,237,1.0,3174,5027,89802
22,94851,238,1.0,3175,5027,89824
21,94872,238,0.0,3176,5027,89845
11,94883,238,0.0,3177,5027,89856
52,94935,238,0.0,3178,5027,89908
39,94974,238,0.0,3179,5027,89947
27,95001,238,0.0,3180,5027,89974
14,95015,238,0.0,3181,5027,89988
20,95035,238,0.0,3182,5027,90008
19,95054,238,0.0,3183,5027,90027
11,95065,238,0.0,3184,5027,90038
42,95107,238,0.0,3185,5027,90080
24,95131,238,0.0,3186,5027,90104
15,95146,238,0.0,3187,5027,90119
24,95170,238,0.0,3188,5027,90143
16,95186,238,0.0,3189,5027,90159
14,95200,238,0.0,3190,5027,90173
12,95212,238,0.0,3191,5027,90185
19,95231,238,0.0,3192,5027,90204
10,95241,238,0.0,3193,5027,90214
20,95261,238,0.0,3194,5027,90234
56,95317,238,0.0,3195,5027,90290
100,95417,238,0.0,3196,5027,90390
70,95487,238,0.0,3197,5027,90460
12,95499,238,0.0,3198,5027,90472
45,95544,238,0.0,3199,5027,90517
8,95552,238,0.0,3200,5027,90525
11,95563,238,0.0,3201,5027,90536
51,95614,238,0.0,3202,5027,90587
100,95714,238,0.0,3203,5027,90687
14,95728,238,0.0,3204,5027,90701
10,95738,238,0.0,3205,5027,90711
51,95789,238,0.0,3206,5027,90762
15,95804,238,0.0,3207,5027,90777
86,95890,238,0.0,3208,5027,90863
20,95910,238,0.0,3209,5027,90883
9,95919,238,0.0,3210,5027,90892
24,95943,238,0.0,3211,5027,90916
5,95948,238,0.0,3212,5027,90921
12,95960,238,0.0,3213,5027,90933
46,96006,238,0.0,3214,5027,90979
21,96027,239,1.0,3215,5027,91000
10,96037,239,0.0,3216,5027,91010
65,96102,239,0.0,3217,5027,91075
16,96118,239,0.0,3218,5027,91091
20,96138,239,0.0,3219,5027,91111
13,96151,239,0.0,3220,5027,91124
45,96196,239,0.0,3221,5027,91169
32,96228,239,0.0,3222,5027,91201
18,96246,239,0.0,3223,5027,91219
7,96253,239,0.0,3224,5027,91226
32,96285,239,0.0,3225,5027,91258
75,96360,240,1.0,3226,5027,91333
13,96373,240,0.0,3227,5027,91346
19,96392,240,0.0,3228,5027,91365
14,96406,240,0.0,3229,5027,91379
35,96441,240,0.0,3230,5027,91414
10,96451,240,0.0,3231,5027,91424
57,96508,240,0.0,3232,5027,91481
5,96513,240,0.0,3233,5027,91486
24,96537,240,0.0,3234,5027,91510
52,96589,240,0.0,3235,5027,91562
16,96605,240,0.0,3236,5027,91578
13,96618,240,0.0,3237,5027,91591
15,96633,240,0.0,3238,5027,91606
22,96655,240,0.0,3239,5027,91628
10,96665,240,0.0,3240,5027,91638
36,96701,241,1.0,3241,5027,91674
12,96713,241,0.0,3242,5027,91686
10,96723,241,0.0,3243,5027,91696
27,96750,241,0.0,3244,5027,91723
12,96762,241,0.0,3245,5027,91735
22,96784,241,0.0,3246,5027,91757
28,96812,241,0.0,3247,5027,91785
27,96839,241,0.0,3248,5027,91812
11,96850,241,0.0,3249,5027,91823
28,96878,241,0.0,3250,5027,91851
17,96895,241,0.0,3251,5027,91868
27,96922,241,0.0,3252,5027,91895
11,96933,241,0.0,3253,5027,91906
33,96966,241,0.0,3254,5027,91939
11,96977,241,0.0,3255,5027,91950
18,96995,241,0.0,3256,5027,91968
28,97023,241,0.0,3257,5027,91996
17,97040,241,0.0,3258,5027,92013
36,97076,242,1.0,3259,5027,92049
14,97090,242,0.0,3260,5027,92063
24,97114,242,0.0,3261,5027,92087
24,97138,242,0.0,3262,5027,92111
31,97169,242,0.0,3263,5027,92142
16,97185,242,0.0,3264,5027,92158
22,97207,242,0.0,3265,5027,92180
15,97222,242,0.0,3266,5027,92195
21,97243,242,0.0,3267,5027,92216
24,97267,242,0.0,3268,5027,92240
53,97320,242,0.0,3269,5027,92293
23,97343,242,0.0,3270,5027,92316
40,97383,242,0.0,3271,5027,92356
15,97398,242,0.0,3272,5027,92371
34,97432,242,0.0,3273,5027,92405
42,97474,242,0.0,3274,5027,92447
17,97491,242,0.0,3275,5027,92464
16,97507,242,0.0,3276,5027,92480
20,97527,242,0.0,3277,5027,92500
13,97540,242,0.0,3278,5027,92513
24,97564,242,0.0,3279,5027,92537
5,97569,242,0.0,3280,5027,92542
11,97580,242,0.0,3281,5027,92553
100,97680,242,0.0,3282,5027,92653
14,97694,242,0.0,3283,5027,92667
23,97717,242,0.0,3284,5027,92690
45,97762,242,0.0,3285,5027,92735
26,97788,242,0.0,3286,5027,92761
28,97816,242,0.0,3287,5027,92789
59,97875,242,0.0,3288,5027,92848
49,97924,242,0.0,3289,5027,92897
48,97972,242,0.0,3290,5027,92945
14,97986,242,0.0,3291,5027,92959
38,98024,242,0.0,3292,5027,92997
31,98055,242,0.0,3293,5027,93028
14,98069,242,0.0,3294,5027,93042
45,98114,242,0.0,3295,5027,93087
16,98130,242,0.0,3296,5027,93103
89,98219,242,0.0,3297,5027,93192
10,98229,242,0.0,3298,5027,93202
46,98275,242,0.0,3299,5027,93248
14,98289,242,0.0,3300,5027,93262
40,98329,242,0.0,3301,5027,93302
15,98344,242,0.0,3302,5027,93317
31,98375,242,0.0,3303,5027,93348
42,98417,242,0.0,3304,5027,93390
68,98485,243,1.0,3305,5027,93458
38,98523,243,0.0,3306,5027,93496
34,98557,243,0.0,3307,5027,93530
33,98590,243,0.0,3308,5027,93563
19,98609,243,0.0,3309,5027,93582
57,98666,244,1.0,3310,5027,93639
19,98685,244,0.0,3311,5027,93658
47,98732,245,1.0,3312,5027,93705
15,98747,245,0.0,3313,5027,93720
18,98765,245,0.0,3314,5027,93738
30,98795,246,1.0,3315,5027,93768
11,98806,246,0.0,3316,5027,93779
50,98856,246,0.0,3317,5027,93829
100,98956,246,0.0,3318,5027,93929
24,98980,246,0.0,3319,5027,93953
27,99007,246,0.0,3320,5027,93980
18,99025,246,0.0,3321,5027,93998
74,99099,246,0.0,3322,5027,94072
15,99114,246,0.0,3323,5027,94087
57,99171,246,0.0,3324,5027,94144
10,99181,246,0.0,3325,5027,94154
45,99226,246,0.0,3326,5027,94199
12,99238,246,0.0,3327,5027,94211
20,99258,246,0.0,3328,5027,94231
85,99343,246,0.0,3329,5027,94316
30,99373,246,0.0,3330,5027,94346
41,99414,246,0.0,3331,5027,94387
13,99427,246,0.0,3332,5027,94400
20,99447,246,0.0,3333,5027,94420
25,99472,246,0.0,3334,5027,94445
86,99558,246,0.0,3335,5027,94531
57,99615,246,0.0,3336,5027,94588
27,99642,246,0.0,3337,5027,94615
23,99665,246,0.0,3338,5027,94638
19,99684,246,0.0,3339,5027,94657
8,99692,246,0.0,3340,5027,94665
45,99737,246,0.0,3341,5027,94710
7,99744,246,0.0,3342,5027,94717
34,99778,246,0.0,3343,5027,94751
19,99797,246,0.0,3344,5027,94770
77,99874,246,0.0,3345,5027,94847
17,99891,246,0.0,3346,5027,94864
29,99920,246,0.0,3347,5027,94893
11,99931,246,0.0,3348,5027,94904
18,99949,246,0.0,3349,5027,94922
