iteration,successes,successes_episode,reward_episode,episode_count,random_act,timestep
22,22,0,0.0,1,12,10
33,55,0,0.0,2,36,19
18,73,0,0.0,3,48,25
52,125,0,0.0,4,89,36
54,179,0,0.0,5,134,45
93,272,0,0.0,6,205,67
68,340,0,0.0,7,257,83
52,392,0,0.0,8,305,87
46,438,1,1.0,9,346,92
8,446,1,0.0,10,347,99
27,473,1,0.0,11,350,123
11,484,1,0.0,12,353,131
15,499,1,0.0,13,357,142
7,506,1,0.0,14,358,148
9,515,1,0.0,15,360,155
36,551,1,0.0,16,371,180
42,593,1,0.0,17,378,215
28,621,1,0.0,18,383,238
24,645,1,0.0,19,390,255
12,657,1,0.0,20,393,264
16,673,1,0.0,21,396,277
30,703,1,0.0,22,399,304
44,747,1,0.0,23,410,337
30,777,1,0.0,24,417,360
18,795,1,0.0,25,420,375
15,810,1,0.0,26,424,386
30,840,1,0.0,27,429,411
9,849,1,0.0,28,430,419
18,867,1,0.0,29,434,433
18,885,1,0.0,30,436,449
14,899,1,0.0,31,438,461
10,909,1,0.0,32,440,469
22,931,1,0.0,33,444,487
19,950,1,0.0,34,447,503
100,1050,1,0.0,35,473,577
70,1120,1,0.0,36,485,635
76,1196,1,0.0,37,499,697
32,1228,1,0.0,38,502,726
10,1238,1,0.0,39,503,735
41,1279,1,0.0,40,512,767
15,1294,1,0.0,41,515,779
9,1303,1,0.0,42,516,787
8,1311,1,0.0,43,518,793
8,1319,1,0.0,44,520,799
10,1329,1,0.0,45,521,808
33,1362,1,0.0,46,529,833
9,1371,1,0.0,47,531,840
22,1393,1,0.0,48,533,860
13,1406,1,0.0,49,533,873
29,1435,1,0.0,50,539,896
51,1486,1,0.0,51,548,938
10,1496,1,0.0,52,551,945
29,1525,1,0.0,53,557,968
49,1574,1,0.0,54,568,1006
49,1623,1,0.0,55,581,1042
32,1655,1,0.0,56,588,1067
19,1674,1,0.0,57,591,1083
56,1730,1,0.0,58,609,1121
32,1762,1,0.0,59,618,1144
42,1804,1,0.0,60,628,1176
61,1865,1,0.0,61,649,1216
69,1934,1,0.0,62,666,1268
13,1947,1,0.0,63,670,1277
45,1992,1,0.0,64,682,1310
41,2033,1,0.0,65,689,1344
31,2064,1,0.0,66,696,1368
16,2080,1,0.0,67,700,1380
41,2121,1,0.0,68,707,1414
55,2176,1,0.0,69,721,1455
37,2213,1,0.0,70,726,1487
35,2248,1,0.0,71,732,1516
31,2279,1,0.0,72,739,1540
36,2315,1,0.0,73,745,1570
34,2349,1,0.0,74,753,1596
8,2357,1,0.0,75,755,1602
100,2457,1,0.0,76,767,1690
35,2492,1,0.0,77,774,1718
14,2506,1,0.0,78,777,1729
67,2573,1,0.0,79,793,1780
24,2597,1,0.0,80,799,1798
34,2631,1,0.0,81,805,1826
26,2657,1,0.0,82,812,1845
8,2665,1,0.0,83,812,1853
70,2735,1,0.0,84,830,1905
28,2763,1,0.0,85,833,1930
23,2786,1,0.0,86,836,1950
9,2795,1,0.0,87,839,1956
66,2861,1,0.0,88,853,2008
38,2899,1,0.0,89,864,2035
24,2923,1,0.0,90,870,2053
25,2948,1,0.0,91,874,2074
50,2998,1,0.0,92,884,2114
30,3028,1,0.0,93,890,2138
63,3091,1,0.0,94,911,2180
6,3097,1,0.0,95,913,2184
9,3106,1,0.0,96,916,2190
9,3115,1,0.0,97,919,2196
50,3165,1,0.0,98,933,2232
100,3265,1,0.0,99,951,2314
14,3279,1,0.0,100,951,2328
9,3288,1,0.0,101,953,2335
12,3300,1,0.0,102,954,2346
16,3316,1,0.0,103,958,2358
59,3375,1,0.0,104,969,2406
22,3397,1,0.0,105,974,2423
20,3417,1,0.0,106,978,2439
15,3432,1,0.0,107,981,2451
26,3458,1,0.0,108,989,2469
35,3493,1,0.0,109,996,2497
44,3537,1,0.0,110,1006,2531
15,3552,1,0.0,111,1009,2543
37,3589,1,0.0,112,1015,2574
31,3620,1,0.0,113,1024,2596
38,3658,1,0.0,114,1032,2626
100,3758,1,0.0,115,1048,2710
29,3787,1,0.0,116,1054,2733
6,3793,1,0.0,117,1055,2738
21,3814,1,0.0,118,1058,2756
18,3832,1,0.0,119,1060,2772
25,3857,1,0.0,120,1068,2789
29,3886,1,0.0,121,1077,2809
12,3898,1,0.0,122,1080,2818
55,3953,1,0.0,123,1090,2863
38,3991,1,0.0,124,1101,2890
12,4003,1,0.0,125,1103,2900
13,4016,1,0.0,126,1108,2908
22,4038,1,0.0,127,1111,2927
57,4095,1,0.0,128,1122,2973
31,4126,1,0.0,129,1126,3000
42,4168,1,0.0,130,1137,3031
19,4187,1,0.0,131,1141,3046
36,4223,1,0.0,132,1149,3074
45,4268,1,0.0,133,1158,3110
99,4367,1,0.0,134,1184,3183
17,4384,1,0.0,135,1186,3198
33,4417,1,0.0,136,1191,3226
8,4425,1,0.0,137,1192,3233
95,4520,1,0.0,138,1215,3305
49,4569,1,0.0,139,1231,3338
13,4582,1,0.0,140,1233,3349
28,4610,1,0.0,141,1237,3373
6,4616,1,0.0,142,1238,3378
54,4670,1,0.0,143,1250,3420
45,4715,1,0.0,144,1258,3457
100,4815,1,0.0,145,1276,3539
8,4823,1,0.0,146,1279,3544
20,4843,1,0.0,147,1284,3559
100,4943,1,0.0,148,1302,3641
50,4993,1,0.0,149,1312,3681
57,5050,1,0.0,150,1325,3725
32,5082,1,0.0,151,1331,3751
21,5103,1,0.0,152,1337,3766
71,5174,1,0.0,153,1348,3826
6,5180,1,0.0,154,1349,3831
28,5208,1,0.0,155,1352,3856
15,5223,1,0.0,156,1354,3869
39,5262,1,0.0,157,1362,3900
66,5328,1,0.0,158,1380,3948
11,5339,1,0.0,159,1382,3957
11,5350,1,0.0,160,1384,3966
100,5450,1,0.0,161,1410,4040
42,5492,1,0.0,162,1422,4070
19,5511,1,0.0,163,1427,4084
43,5554,2,1.0,164,1435,4119
10,5564,2,0.0,165,1435,4129
32,5596,2,0.0,166,1436,4160
19,5615,2,0.0,167,1440,4175
19,5634,2,0.0,168,1441,4193
30,5664,2,0.0,169,1445,4219
14,5678,2,0.0,170,1445,4233
12,5690,2,0.0,171,1445,4245
24,5714,2,0.0,172,1445,4269
28,5742,2,0.0,173,1446,4296
16,5758,2,0.0,174,1446,4312
18,5776,2,0.0,175,1448,4328
69,5845,2,0.0,176,1456,4389
27,5872,2,0.0,177,1459,4413
8,5880,2,0.0,178,1459,4421
25,5905,2,0.0,179,1462,4443
10,5915,2,0.0,180,1464,4451
18,5933,2,0.0,181,1465,4468
13,5946,2,0.0,182,1465,4481
41,5987,2,0.0,183,1470,4517
7,5994,2,0.0,184,1471,4523
20,6014,2,0.0,185,1472,4542
9,6023,2,0.0,186,1472,4551
100,6123,2,0.0,187,1480,4643
81,6204,2,0.0,188,1488,4716
10,6214,2,0.0,189,1489,4725
39,6253,2,0.0,190,1492,4761
26,6279,2,0.0,191,1495,4784
35,6314,2,0.0,192,1496,4818
24,6338,2,0.0,193,1497,4841
27,6365,2,0.0,194,1499,4866
11,6376,2,0.0,195,1499,4877
17,6393,2,0.0,196,1500,4893
53,6446,2,0.0,197,1508,4938
24,6470,2,0.0,198,1509,4961
71,6541,2,0.0,199,1513,5028
8,6549,2,0.0,200,1515,5034
64,6613,2,0.0,201,1518,5095
14,6627,2,0.0,202,1518,5109
25,6652,2,0.0,203,1519,5133
10,6662,2,0.0,204,1520,5142
20,6682,2,0.0,205,1521,5161
18,6700,2,0.0,206,1526,5174
12,6712,2,0.0,207,1526,5186
32,6744,2,0.0,208,1530,5214
82,6826,2,0.0,209,1533,5293
5,6831,2,0.0,210,1533,5298
11,6842,2,0.0,211,1536,5306
23,6865,2,0.0,212,1538,5327
19,6884,2,0.0,213,1540,5344
41,6925,2,0.0,214,1540,5385
13,6938,2,0.0,215,1541,5397
27,6965,2,0.0,216,1543,5422
17,6982,2,0.0,217,1544,5438
32,7014,2,0.0,218,1547,5467
22,7036,3,1.0,219,1550,5486
20,7056,3,0.0,220,1550,5506
15,7071,3,0.0,221,1550,5521
15,7086,3,0.0,222,1551,5535
18,7104,3,0.0,223,1551,5553
50,7154,3,0.0,224,1552,5602
28,7182,3,0.0,225,1554,5628
39,7221,3,0.0,226,1554,5667
35,7256,3,0.0,227,1555,5701
33,7289,3,0.0,228,1555,5734
21,7310,3,0.0,229,1558,5752
52,7362,3,0.0,230,1559,5803
48,7410,3,0.0,231,1559,5851
68,7478,3,0.0,232,1561,5917
19,7497,3,0.0,233,1562,5935
30,7527,3,0.0,234,1563,5964
28,7555,3,0.0,235,1563,5992
17,7572,3,0.0,236,1563,6009
40,7612,3,0.0,237,1565,6047
56,7668,3,0.0,238,1565,6103
10,7678,3,0.0,239,1565,6113
16,7694,3,0.0,240,1565,6129
37,7731,3,0.0,241,1566,6165
26,7757,3,0.0,242,1567,6190
23,7780,3,0.0,243,1571,6209
29,7809,3,0.0,244,1571,6238
9,7818,3,0.0,245,1571,6247
12,7830,3,0.0,246,1571,6259
25,7855,3,0.0,247,1571,6284
32,7887,3,0.0,248,1571,6316
11,7898,3,0.0,249,1571,6327
35,7933,3,0.0,250,1571,6362
11,7944,3,0.0,251,1571,6373
13,7957,3,0.0,252,1571,6386
21,7978,3,0.0,253,1571,6407
17,7995,3,0.0,254,1572,6423
58,8053,3,0.0,255,1575,6478
9,8062,3,0.0,256,1575,6487
34,8096,3,0.0,257,1576,6520
41,8137,3,0.0,258,1576,6561
27,8164,3,0.0,259,1576,6588
15,8179,3,0.0,260,1577,6602
14,8193,3,0.0,261,1577,6616
39,8232,3,0.0,262,1578,6654
14,8246,3,0.0,263,1578,6668
25,8271,3,0.0,264,1579,6692
30,8301,3,0.0,265,1580,6721
21,8322,3,0.0,266,1580,6742
22,8344,3,0.0,267,1581,6763
14,8358,3,0.0,268,1581,6777
29,8387,3,0.0,269,1582,6805
81,8468,3,0.0,270,1585,6883
14,8482,3,0.0,271,1585,6897
16,8498,3,0.0,272,1585,6913
23,8521,3,0.0,273,1585,6936
13,8534,3,0.0,274,1585,6949
33,8567,3,0.0,275,1586,6981
8,8575,3,0.0,276,1587,6988
13,8588,3,0.0,277,1587,7001
35,8623,3,0.0,278,1588,7035
41,8664,3,0.0,279,1590,7074
50,8714,3,0.0,280,1590,7124
12,8726,3,0.0,281,1591,7135
48,8774,3,0.0,282,1592,7182
21,8795,3,0.0,283,1593,7202
36,8831,3,0.0,284,1594,7237
23,8854,3,0.0,285,1594,7260
13,8867,3,0.0,286,1594,7273
23,8890,3,0.0,287,1594,7296
13,8903,3,0.0,288,1594,7309
67,8970,3,0.0,289,1597,7373
18,8988,3,0.0,290,1598,7390
24,9012,3,0.0,291,1599,7413
11,9023,3,0.0,292,1599,7424
66,9089,3,0.0,293,1602,7487
9,9098,3,0.0,294,1602,7496
19,9117,3,0.0,295,1602,7515
47,9164,3,0.0,296,1604,7560
25,9189,3,0.0,297,1604,7585
28,9217,3,0.0,298,1605,7612
21,9238,3,0.0,299,1606,7632
36,9274,3,0.0,300,1607,7667
17,9291,3,0.0,301,1608,7683
24,9315,3,0.0,302,1608,7707
14,9329,3,0.0,303,1608,7721
9,9338,3,0.0,304,1608,7730
37,9375,3,0.0,305,1608,7767
25,9400,3,0.0,306,1611,7789
38,9438,3,0.0,307,1612,7826
42,9480,3,0.0,308,1612,7868
15,9495,3,0.0,309,1613,7882
42,9537,3,0.0,310,1614,7923
51,9588,3,0.0,311,1616,7972
17,9605,3,0.0,312,1617,7988
31,9636,3,0.0,313,1617,8019
17,9653,3,0.0,314,1617,8036
34,9687,3,0.0,315,1617,8070
28,9715,3,0.0,316,1619,8096
16,9731,3,0.0,317,1619,8112
13,9744,3,0.0,318,1619,8125
22,9766,3,0.0,319,1619,8147
72,9838,3,0.0,320,1621,8217
7,9845,3,0.0,321,1621,8224
10,9855,3,0.0,322,1621,8234
43,9898,3,0.0,323,1624,8274
29,9927,3,0.0,324,1626,8301
33,9960,3,0.0,325,1628,8332
37,9997,3,0.0,326,1630,8367
18,10015,3,0.0,327,1630,8385
19,10034,3,0.0,328,1632,8402
19,10053,3,0.0,329,1633,8420
35,10088,3,0.0,330,1634,8454
25,10113,3,0.0,331,1634,8479
9,10122,3,0.0,332,1634,8488
13,10135,3,0.0,333,1634,8501
68,10203,3,0.0,334,1639,8564
9,10212,3,0.0,335,1639,8573
58,10270,3,0.0,336,1641,8629
55,10325,3,0.0,337,1642,8683
38,10363,3,0.0,338,1644,8719
9,10372,3,0.0,339,1644,8728
15,10387,3,0.0,340,1645,8742
60,10447,3,0.0,341,1646,8801
55,10502,3,0.0,342,1647,8855
14,10516,3,0.0,343,1648,8868
11,10527,3,0.0,344,1648,8879
62,10589,3,0.0,345,1652,8937
9,10598,3,0.0,346,1652,8946
14,10612,3,0.0,347,1653,8959
21,10633,3,0.0,348,1655,8978
74,10707,3,0.0,349,1659,9048
21,10728,3,0.0,350,1659,9069
9,10737,3,0.0,351,1659,9078
87,10824,3,0.0,352,1663,9161
14,10838,3,0.0,353,1664,9174
18,10856,3,0.0,354,1664,9192
37,10893,3,0.0,355,1668,9225
35,10928,3,0.0,356,1668,9260
28,10956,3,0.0,357,1668,9288
34,10990,3,0.0,358,1669,9321
17,11007,3,0.0,359,1669,9338
56,11063,3,0.0,360,1670,9393
38,11101,3,0.0,361,1671,9430
20,11121,3,0.0,362,1672,9449
20,11141,3,0.0,363,1672,9469
15,11156,3,0.0,364,1673,9483
8,11164,3,0.0,365,1673,9491
52,11216,3,0.0,366,1676,9540
11,11227,3,0.0,367,1676,9551
45,11272,3,0.0,368,1676,9596
8,11280,3,0.0,369,1676,9604
39,11319,3,0.0,370,1677,9642
28,11347,3,0.0,371,1678,9669
12,11359,3,0.0,372,1678,9681
13,11372,3,0.0,373,1680,9692
50,11422,3,0.0,374,1682,9740
72,11494,3,0.0,375,1682,9812
66,11560,3,0.0,376,1683,9877
21,11581,3,0.0,377,1684,9897
12,11593,3,0.0,378,1684,9909
50,11643,3,0.0,379,1684,9959
27,11670,3,0.0,380,1684,9986
70,11740,3,0.0,381,1684,10056
29,11769,3,0.0,382,1684,10085
100,11869,3,0.0,383,1688,10181
17,11886,3,0.0,384,1688,10198
30,11916,3,0.0,385,1688,10228
16,11932,3,0.0,386,1689,10243
35,11967,3,0.0,387,1690,10277
29,11996,3,0.0,388,1691,10305
31,12027,3,0.0,389,1691,10336
13,12040,3,0.0,390,1691,10349
19,12059,3,0.0,391,1691,10368
5,12064,3,0.0,392,1691,10373
9,12073,3,0.0,393,1691,10382
33,12106,3,0.0,394,1691,10415
58,12164,3,0.0,395,1693,10471
14,12178,3,0.0,396,1694,10484
54,12232,3,0.0,397,1696,10536
16,12248,3,0.0,398,1696,10552
29,12277,3,0.0,399,1697,10580
16,12293,3,0.0,400,1697,10596
12,12305,3,0.0,401,1697,10608
39,12344,3,0.0,402,1697,10647
39,12383,3,0.0,403,1697,10686
71,12454,3,0.0,404,1699,10755
18,12472,3,0.0,405,1700,10772
11,12483,3,0.0,406,1700,10783
43,12526,3,0.0,407,1701,10825
13,12539,3,0.0,408,1701,10838
15,12554,3,0.0,409,1704,10850
24,12578,3,0.0,410,1705,10873
17,12595,3,0.0,411,1705,10890
52,12647,3,0.0,412,1707,10940
100,12747,3,0.0,413,1709,11038
22,12769,3,0.0,414,1709,11060
9,12778,3,0.0,415,1710,11068
57,12835,3,0.0,416,1710,11125
17,12852,3,0.0,417,1712,11140
17,12869,3,0.0,418,1713,11156
17,12886,3,0.0,419,1713,11173
63,12949,3,0.0,420,1713,11236
51,13000,3,0.0,421,1713,11287
43,13043,3,0.0,422,1714,11329
86,13129,3,0.0,423,1718,11411
21,13150,3,0.0,424,1720,11430
53,13203,3,0.0,425,1722,11481
24,13227,4,1.0,426,1722,11505
22,13249,4,0.0,427,1722,11527
17,13266,4,0.0,428,1722,11544
9,13275,4,0.0,429,1722,11553
18,13293,4,0.0,430,1722,11571
35,13328,4,0.0,431,1722,11606
22,13350,4,0.0,432,1722,11628
20,13370,4,0.0,433,1722,11648
41,13411,4,0.0,434,1722,11689
19,13430,4,0.0,435,1722,11708
23,13453,4,0.0,436,1722,11731
44,13497,4,0.0,437,1722,11775
15,13512,4,0.0,438,1722,11790
24,13536,4,0.0,439,1722,11814
33,13569,4,0.0,440,1722,11847
15,13584,4,0.0,441,1722,11862
11,13595,4,0.0,442,1722,11873
17,13612,4,0.0,443,1722,11890
14,13626,4,0.0,444,1722,11904
15,13641,4,0.0,445,1722,11919
8,13649,4,0.0,446,1722,11927
42,13691,4,0.0,447,1722,11969
21,13712,4,0.0,448,1722,11990
35,13747,4,0.0,449,1722,12025
55,13802,4,0.0,450,1722,12080
14,13816,4,0.0,451,1722,12094
100,13916,4,0.0,452,1722,12194
42,13958,4,0.0,453,1723,12235
28,13986,4,0.0,454,1723,12263
22,14008,4,0.0,455,1723,12285
57,14065,4,0.0,456,1723,12342
19,14084,4,0.0,457,1723,12361
55,14139,4,0.0,458,1723,12416
17,14156,4,0.0,459,1723,12433
56,14212,4,0.0,460,1724,12488
13,14225,4,0.0,461,1724,12501
52,14277,4,0.0,462,1724,12553
100,14377,4,0.0,463,1725,12652
49,14426,4,0.0,464,1725,12701
44,14470,4,0.0,465,1726,12744
27,14497,4,0.0,466,1726,12771
9,14506,4,0.0,467,1726,12780
13,14519,4,0.0,468,1726,12793
11,14530,4,0.0,469,1726,12804
58,14588,4,0.0,470,1726,12862
24,14612,4,0.0,471,1726,12886
35,14647,4,0.0,472,1728,12919
30,14677,4,0.0,473,1728,12949
32,14709,4,0.0,474,1730,12979
100,14809,4,0.0,475,1730,13079
26,14835,4,0.0,476,1730,13105
76,14911,4,0.0,477,1730,13181
42,14953,4,0.0,478,1732,13221
20,14973,4,0.0,479,1733,13240
65,15038,4,0.0,480,1733,13305
26,15064,4,0.0,481,1733,13331
18,15082,4,0.0,482,1733,13349
42,15124,4,0.0,483,1733,13391
96,15220,4,0.0,484,1734,13486
8,15228,4,0.0,485,1734,13494
15,15243,4,0.0,486,1735,13508
21,15264,4,0.0,487,1735,13529
40,15304,4,0.0,488,1735,13569
20,15324,4,0.0,489,1735,13589
13,15337,4,0.0,490,1735,13602
41,15378,4,0.0,491,1735,13643
13,15391,4,0.0,492,1735,13656
43,15434,4,0.0,493,1735,13699
25,15459,4,0.0,494,1736,13723
86,15545,4,0.0,495,1736,13809
52,15597,4,0.0,496,1736,13861
16,15613,4,0.0,497,1736,13877
32,15645,4,0.0,498,1736,13909
35,15680,4,0.0,499,1736,13944
16,15696,4,0.0,500,1737,13959
17,15713,4,0.0,501,1737,13976
9,15722,4,0.0,502,1737,13985
58,15780,4,0.0,503,1737,14043
16,15796,4,0.0,504,1737,14059
27,15823,4,0.0,505,1737,14086
26,15849,4,0.0,506,1737,14112
17,15866,4,0.0,507,1737,14129
15,15881,4,0.0,508,1737,14144
84,15965,4,0.0,509,1737,14228
28,15993,4,0.0,510,1738,14255
19,16012,4,0.0,511,1738,14274
19,16031,4,0.0,512,1738,14293
46,16077,4,0.0,513,1738,14339
8,16085,4,0.0,514,1738,14347
34,16119,4,0.0,515,1738,14381
16,16135,4,0.0,516,1738,14397
27,16162,4,0.0,517,1739,14423
25,16187,4,0.0,518,1740,14447
29,16216,4,0.0,519,1740,14476
8,16224,4,0.0,520,1740,14484
20,16244,4,0.0,521,1740,14504
84,16328,5,1.0,522,1740,14588
29,16357,5,0.0,523,1740,14617
37,16394,5,0.0,524,1740,14654
51,16445,5,0.0,525,1740,14705
19,16464,5,0.0,526,1740,14724
8,16472,5,0.0,527,1740,14732
29,16501,5,0.0,528,1740,14761
17,16518,5,0.0,529,1740,14778
8,16526,5,0.0,530,1740,14786
51,16577,5,0.0,531,1740,14837
28,16605,5,0.0,532,1740,14865
14,16619,5,0.0,533,1740,14879
35,16654,5,0.0,534,1741,14913
22,16676,5,0.0,535,1741,14935
12,16688,5,0.0,536,1741,14947
80,16768,5,0.0,537,1741,15027
38,16806,5,0.0,538,1741,15065
10,16816,5,0.0,539,1741,15075
35,16851,5,0.0,540,1741,15110
22,16873,5,0.0,541,1741,15132
33,16906,5,0.0,542,1741,15165
24,16930,5,0.0,543,1741,15189
10,16940,5,0.0,544,1741,15199
73,17013,5,0.0,545,1741,15272
67,17080,5,0.0,546,1741,15339
44,17124,5,0.0,547,1741,15383
15,17139,5,0.0,548,1741,15398
12,17151,5,0.0,549,1741,15410
30,17181,5,0.0,550,1741,15440
20,17201,5,0.0,551,1741,15460
5,17206,5,0.0,552,1741,15465
15,17221,5,0.0,553,1741,15480
33,17254,5,0.0,554,1741,15513
26,17280,5,0.0,555,1741,15539
18,17298,5,0.0,556,1741,15557
11,17309,5,0.0,557,1741,15568
44,17353,6,1.0,558,1741,15612
56,17409,6,0.0,559,1741,15668
14,17423,6,0.0,560,1741,15682
7,17430,6,0.0,561,1741,15689
64,17494,7,1.0,562,1741,15753
43,17537,7,0.0,563,1741,15796
14,17551,7,0.0,564,1741,15810
17,17568,7,0.0,565,1741,15827
5,17573,7,0.0,566,1741,15832
9,17582,7,0.0,567,1741,15841
29,17611,7,0.0,568,1741,15870
13,17624,7,0.0,569,1741,15883
11,17635,7,0.0,570,1741,15894
87,17722,7,0.0,571,1741,15981
13,17735,7,0.0,572,1741,15994
29,17764,7,0.0,573,1741,16023
35,17799,7,0.0,574,1741,16058
20,17819,7,0.0,575,1741,16078
23,17842,7,0.0,576,1741,16101
11,17853,7,0.0,577,1741,16112
20,17873,7,0.0,578,1741,16132
15,17888,7,0.0,579,1741,16147
13,17901,7,0.0,580,1741,16160
12,17913,7,0.0,581,1742,16171
14,17927,7,0.0,582,1742,16185
7,17934,7,0.0,583,1742,16192
28,17962,7,0.0,584,1742,16220
7,17969,7,0.0,585,1742,16227
15,17984,7,0.0,586,1742,16242
19,18003,7,0.0,587,1742,16261
24,18027,7,0.0,588,1742,16285
42,18069,7,0.0,589,1742,16327
53,18122,7,0.0,590,1742,16380
28,18150,7,0.0,591,1742,16408
62,18212,7,0.0,592,1742,16470
8,18220,7,0.0,593,1742,16478
9,18229,7,0.0,594,1742,16487
30,18259,7,0.0,595,1742,16517
18,18277,7,0.0,596,1742,16535
44,18321,7,0.0,597,1742,16579
28,18349,7,0.0,598,1742,16607
17,18366,7,0.0,599,1742,16624
24,18390,7,0.0,600,1742,16648
24,18414,7,0.0,601,1742,16672
6,18420,7,0.0,602,1742,16678
21,18441,7,0.0,603,1742,16699
17,18458,7,0.0,604,1742,16716
90,18548,7,0.0,605,1742,16806
30,18578,7,0.0,606,1742,16836
46,18624,7,0.0,607,1742,16882
100,18724,7,0.0,608,1743,16981
20,18744,7,0.0,609,1743,17001
29,18773,7,0.0,610,1743,17030
49,18822,7,0.0,611,1743,17079
38,18860,8,1.0,612,1743,17117
10,18870,8,0.0,613,1743,17127
64,18934,8,0.0,614,1743,17191
23,18957,8,0.0,615,1743,17214
42,18999,8,0.0,616,1743,17256
20,19019,8,0.0,617,1743,17276
26,19045,8,0.0,618,1743,17302
43,19088,8,0.0,619,1743,17345
58,19146,9,1.0,620,1743,17403
36,19182,10,1.0,621,1743,17439
16,19198,10,0.0,622,1743,17455
65,19263,10,0.0,623,1743,17520
28,19291,10,0.0,624,1743,17548
21,19312,10,0.0,625,1743,17569
19,19331,10,0.0,626,1743,17588
16,19347,10,0.0,627,1743,17604
42,19389,10,0.0,628,1743,17646
37,19426,10,0.0,629,1743,17683
58,19484,10,0.0,630,1743,17741
43,19527,10,0.0,631,1743,17784
17,19544,10,0.0,632,1743,17801
8,19552,10,0.0,633,1743,17809
31,19583,10,0.0,634,1743,17840
18,19601,10,0.0,635,1743,17858
51,19652,10,0.0,636,1743,17909
7,19659,10,0.0,637,1743,17916
62,19721,10,0.0,638,1743,17978
20,19741,10,0.0,639,1743,17998
61,19802,10,0.0,640,1743,18059
25,19827,10,0.0,641,1743,18084
14,19841,10,0.0,642,1743,18098
23,19864,10,0.0,643,1743,18121
46,19910,11,1.0,644,1743,18167
18,19928,11,0.0,645,1743,18185
19,19947,11,0.0,646,1743,18204
67,20014,11,0.0,647,1743,18271
12,20026,11,0.0,648,1743,18283
18,20044,11,0.0,649,1743,18301
68,20112,11,0.0,650,1743,18369
9,20121,11,0.0,651,1743,18378
28,20149,11,0.0,652,1743,18406
16,20165,11,0.0,653,1743,18422
71,20236,11,0.0,654,1743,18493
16,20252,11,0.0,655,1743,18509
28,20280,11,0.0,656,1743,18537
23,20303,11,0.0,657,1743,18560
36,20339,11,0.0,658,1743,18596
14,20353,11,0.0,659,1743,18610
40,20393,11,0.0,660,1743,18650
20,20413,11,0.0,661,1743,18670
16,20429,11,0.0,662,1743,18686
19,20448,11,0.0,663,1743,18705
42,20490,11,0.0,664,1743,18747
42,20532,12,1.0,665,1743,18789
78,20610,12,0.0,666,1743,18867
92,20702,12,0.0,667,1743,18959
16,20718,12,0.0,668,1743,18975
23,20741,12,0.0,669,1743,18998
55,20796,12,0.0,670,1743,19053
100,20896,12,0.0,671,1743,19153
12,20908,12,0.0,672,1743,19165
40,20948,12,0.0,673,1743,19205
30,20978,13,1.0,674,1743,19235
58,21036,13,0.0,675,1743,19293
13,21049,13,0.0,676,1743,19306
17,21066,13,0.0,677,1743,19323
69,21135,13,0.0,678,1743,19392
11,21146,13,0.0,679,1743,19403
14,21160,13,0.0,680,1743,19417
27,21187,13,0.0,681,1743,19444
24,21211,13,0.0,682,1743,19468
30,21241,13,0.0,683,1743,19498
18,21259,13,0.0,684,1743,19516
52,21311,14,1.0,685,1743,19568
18,21329,14,0.0,686,1743,19586
29,21358,14,0.0,687,1743,19615
21,21379,14,0.0,688,1743,19636
23,21402,14,0.0,689,1743,19659
54,21456,14,0.0,690,1743,19713
11,21467,14,0.0,691,1743,19724
34,21501,14,0.0,692,1743,19758
14,21515,14,0.0,693,1743,19772
21,21536,14,0.0,694,1743,19793
13,21549,14,0.0,695,1743,19806
25,21574,14,0.0,696,1743,19831
26,21600,14,0.0,697,1743,19857
6,21606,14,0.0,698,1743,19863
16,21622,14,0.0,699,1743,19879
7,21629,14,0.0,700,1743,19886
12,21641,14,0.0,701,1743,19898
31,21672,14,0.0,702,1743,19929
24,21696,15,1.0,703,1743,19953
14,21710,15,0.0,704,1743,19967
26,21736,15,0.0,705,1743,19993
69,21805,15,0.0,706,1743,20062
43,21848,15,0.0,707,1743,20105
21,21869,15,0.0,708,1743,20126
16,21885,15,0.0,709,1743,20142
11,21896,15,0.0,710,1743,20153
22,21918,15,0.0,711,1743,20175
13,21931,15,0.0,712,1743,20188
21,21952,15,0.0,713,1743,20209
32,21984,15,0.0,714,1743,20241
60,22044,15,0.0,715,1743,20301
36,22080,15,0.0,716,1743,20337
73,22153,15,0.0,717,1743,20410
22,22175,15,0.0,718,1743,20432
12,22187,15,0.0,719,1743,20444
31,22218,15,0.0,720,1743,20475
50,22268,15,0.0,721,1743,20525
17,22285,15,0.0,722,1743,20542
11,22296,15,0.0,723,1743,20553
41,22337,15,0.0,724,1743,20594
9,22346,15,0.0,725,1743,20603
32,22378,15,0.0,726,1743,20635
10,22388,15,0.0,727,1743,20645
18,22406,15,0.0,728,1743,20663
10,22416,15,0.0,729,1743,20673
22,22438,15,0.0,730,1743,20695
16,22454,15,0.0,731,1743,20711
33,22487,15,0.0,732,1743,20744
34,22521,15,0.0,733,1743,20778
26,22547,15,0.0,734,1743,20804
18,22565,15,0.0,735,1743,20822
13,22578,15,0.0,736,1743,20835
22,22600,15,0.0,737,1743,20857
20,22620,15,0.0,738,1743,20877
60,22680,15,0.0,739,1743,20937
18,22698,15,0.0,740,1743,20955
72,22770,15,0.0,741,1743,21027
8,22778,15,0.0,742,1743,21035
72,22850,15,0.0,743,1743,21107
36,22886,15,0.0,744,1743,21143
44,22930,15,0.0,745,1743,21187
74,23004,15,0.0,746,1743,21261
35,23039,15,0.0,747,1743,21296
42,23081,15,0.0,748,1743,21338
46,23127,15,0.0,749,1743,21384
44,23171,15,0.0,750,1743,21428
64,23235,15,0.0,751,1743,21492
87,23322,15,0.0,752,1743,21579
25,23347,15,0.0,753,1743,21604
19,23366,15,0.0,754,1743,21623
18,23384,15,0.0,755,1743,21641
13,23397,15,0.0,756,1743,21654
37,23434,15,0.0,757,1743,21691
43,23477,15,0.0,758,1743,21734
27,23504,15,0.0,759,1743,21761
8,23512,15,0.0,760,1743,21769
35,23547,15,0.0,761,1743,21804
19,23566,15,0.0,762,1743,21823
100,23666,15,0.0,763,1743,21923
52,23718,16,1.0,764,1743,21975
36,23754,16,0.0,765,1743,22011
8,23762,16,0.0,766,1743,22019
37,23799,16,0.0,767,1743,22056
12,23811,16,0.0,768,1743,22068
11,23822,16,0.0,769,1743,22079
62,23884,16,0.0,770,1743,22141
69,23953,16,0.0,771,1743,22210
26,23979,16,0.0,772,1743,22236
31,24010,16,0.0,773,1743,22267
28,24038,16,0.0,774,1743,22295
56,24094,16,0.0,775,1743,22351
38,24132,16,0.0,776,1743,22389
29,24161,16,0.0,777,1743,22418
11,24172,16,0.0,778,1743,22429
14,24186,16,0.0,779,1743,22443
17,24203,16,0.0,780,1743,22460
16,24219,16,0.0,781,1743,22476
70,24289,16,0.0,782,1743,22546
12,24301,16,0.0,783,1743,22558
53,24354,16,0.0,784,1743,22611
32,24386,16,0.0,785,1743,22643
44,24430,16,0.0,786,1743,22687
36,24466,16,0.0,787,1743,22723
14,24480,16,0.0,788,1743,22737
53,24533,16,0.0,789,1743,22790
17,24550,16,0.0,790,1743,22807
9,24559,16,0.0,791,1743,22816
39,24598,16,0.0,792,1743,22855
55,24653,16,0.0,793,1743,22910
58,24711,16,0.0,794,1743,22968
37,24748,16,0.0,795,1743,23005
13,24761,16,0.0,796,1743,23018
26,24787,16,0.0,797,1743,23044
10,24797,16,0.0,798,1743,23054
24,24821,16,0.0,799,1743,23078
29,24850,16,0.0,800,1743,23107
32,24882,16,0.0,801,1743,23139
27,24909,16,0.0,802,1743,23166
32,24941,16,0.0,803,1743,23198
6,24947,16,0.0,804,1743,23204
24,24971,16,0.0,805,1743,23228
9,24980,16,0.0,806,1743,23237
35,25015,17,1.0,807,1743,23272
25,25040,17,0.0,808,1743,23297
21,25061,17,0.0,809,1743,23318
15,25076,17,0.0,810,1743,23333
52,25128,18,1.0,811,1743,23385
60,25188,18,0.0,812,1743,23445
35,25223,19,1.0,813,1743,23480
5,25228,19,0.0,814,1743,23485
10,25238,19,0.0,815,1743,23495
16,25254,19,0.0,816,1743,23511
14,25268,19,0.0,817,1743,23525
73,25341,19,0.0,818,1743,23598
34,25375,19,0.0,819,1743,23632
15,25390,19,0.0,820,1743,23647
5,25395,19,0.0,821,1743,23652
17,25412,20,1.0,822,1743,23669
37,25449,20,0.0,823,1743,23706
27,25476,20,0.0,824,1743,23733
43,25519,21,1.0,825,1743,23776
16,25535,21,0.0,826,1743,23792
21,25556,21,0.0,827,1743,23813
9,25565,21,0.0,828,1743,23822
20,25585,21,0.0,829,1743,23842
27,25612,21,0.0,830,1743,23869
34,25646,21,0.0,831,1743,23903
32,25678,21,0.0,832,1743,23935
30,25708,21,0.0,833,1743,23965
72,25780,22,1.0,834,1743,24037
51,25831,22,0.0,835,1743,24088
13,25844,22,0.0,836,1743,24101
12,25856,22,0.0,837,1743,24113
25,25881,22,0.0,838,1743,24138
29,25910,22,0.0,839,1743,24167
50,25960,22,0.0,840,1743,24217
16,25976,22,0.0,841,1743,24233
32,26008,22,0.0,842,1743,24265
23,26031,22,0.0,843,1743,24288
10,26041,22,0.0,844,1743,24298
20,26061,22,0.0,845,1743,24318
27,26088,22,0.0,846,1743,24345
46,26134,22,0.0,847,1743,24391
44,26178,22,0.0,848,1743,24435
24,26202,22,0.0,849,1743,24459
10,26212,22,0.0,850,1743,24469
24,26236,22,0.0,851,1743,24493
26,26262,22,0.0,852,1743,24519
9,26271,22,0.0,853,1743,24528
76,26347,22,0.0,854,1743,24604
11,26358,22,0.0,855,1743,24615
11,26369,22,0.0,856,1743,24626
29,26398,22,0.0,857,1743,24655
30,26428,22,0.0,858,1743,24685
48,26476,22,0.0,859,1743,24733
21,26497,22,0.0,860,1743,24754
20,26517,22,0.0,861,1743,24774
14,26531,22,0.0,862,1743,24788
25,26556,22,0.0,863,1743,24813
32,26588,22,0.0,864,1743,24845
15,26603,22,0.0,865,1743,24860
25,26628,22,0.0,866,1743,24885
22,26650,22,0.0,867,1743,24907
10,26660,22,0.0,868,1743,24917
83,26743,22,0.0,869,1743,25000
23,26766,22,0.0,870,1743,25023
22,26788,22,0.0,871,1743,25045
56,26844,22,0.0,872,1743,25101
29,26873,22,0.0,873,1743,25130
27,26900,22,0.0,874,1743,25157
58,26958,22,0.0,875,1743,25215
31,26989,22,0.0,876,1743,25246
24,27013,22,0.0,877,1743,25270
22,27035,22,0.0,878,1743,25292
55,27090,22,0.0,879,1743,25347
30,27120,22,0.0,880,1743,25377
20,27140,22,0.0,881,1743,25397
35,27175,22,0.0,882,1743,25432
9,27184,22,0.0,883,1743,25441
14,27198,22,0.0,884,1743,25455
10,27208,22,0.0,885,1743,25465
51,27259,22,0.0,886,1743,25516
26,27285,22,0.0,887,1743,25542
25,27310,22,0.0,888,1743,25567
7,27317,22,0.0,889,1743,25574
42,27359,22,0.0,890,1743,25616
28,27387,22,0.0,891,1743,25644
9,27396,22,0.0,892,1743,25653
18,27414,22,0.0,893,1743,25671
6,27420,22,0.0,894,1743,25677
33,27453,22,0.0,895,1743,25710
23,27476,22,0.0,896,1743,25733
25,27501,22,0.0,897,1743,25758
39,27540,22,0.0,898,1743,25797
68,27608,22,0.0,899,1743,25865
83,27691,22,0.0,900,1743,25948
15,27706,22,0.0,901,1743,25963
63,27769,23,1.0,902,1743,26026
47,27816,23,0.0,903,1743,26073
22,27838,23,0.0,904,1743,26095
13,27851,23,0.0,905,1743,26108
47,27898,23,0.0,906,1743,26155
11,27909,23,0.0,907,1743,26166
16,27925,23,0.0,908,1743,26182
16,27941,23,0.0,909,1743,26198
16,27957,23,0.0,910,1743,26214
32,27989,23,0.0,911,1743,26246
52,28041,23,0.0,912,1743,26298
25,28066,23,0.0,913,1743,26323
5,28071,23,0.0,914,1743,26328
18,28089,23,0.0,915,1743,26346
65,28154,23,0.0,916,1743,26411
10,28164,23,0.0,917,1743,26421
45,28209,23,0.0,918,1743,26466
21,28230,23,0.0,919,1743,26487
15,28245,23,0.0,920,1743,26502
17,28262,23,0.0,921,1743,26519
18,28280,23,0.0,922,1743,26537
15,28295,23,0.0,923,1743,26552
17,28312,23,0.0,924,1743,26569
15,28327,23,0.0,925,1743,26584
23,28350,24,1.0,926,1743,26607
24,28374,24,0.0,927,1743,26631
7,28381,24,0.0,928,1743,26638
39,28420,24,0.0,929,1743,26677
21,28441,24,0.0,930,1743,26698
24,28465,25,1.0,931,1743,26722
64,28529,25,0.0,932,1743,26786
60,28589,26,1.0,933,1743,26846
37,28626,26,0.0,934,1743,26883
28,28654,26,0.0,935,1743,26911
12,28666,26,0.0,936,1743,26923
14,28680,26,0.0,937,1743,26937
14,28694,26,0.0,938,1743,26951
18,28712,26,0.0,939,1743,26969
100,28812,26,0.0,940,1743,27069
35,28847,26,0.0,941,1743,27104
16,28863,26,0.0,942,1743,27120
21,28884,26,0.0,943,1743,27141
30,28914,26,0.0,944,1743,27171
39,28953,26,0.0,945,1743,27210
43,28996,26,0.0,946,1743,27253
26,29022,26,0.0,947,1743,27279
24,29046,26,0.0,948,1743,27303
23,29069,26,0.0,949,1743,27326
28,29097,26,0.0,950,1743,27354
25,29122,26,0.0,951,1743,27379
41,29163,26,0.0,952,1743,27420
15,29178,26,0.0,953,1743,27435
21,29199,26,0.0,954,1743,27456
13,29212,26,0.0,955,1743,27469
9,29221,26,0.0,956,1743,27478
27,29248,26,0.0,957,1743,27505
57,29305,26,0.0,958,1743,27562
19,29324,26,0.0,959,1743,27581
23,29347,26,0.0,960,1743,27604
27,29374,26,0.0,961,1743,27631
24,29398,26,0.0,962,1743,27655
24,29422,27,1.0,963,1743,27679
11,29433,27,0.0,964,1743,27690
47,29480,27,0.0,965,1743,27737
49,29529,27,0.0,966,1743,27786
18,29547,27,0.0,967,1743,27804
16,29563,27,0.0,968,1743,27820
76,29639,27,0.0,969,1743,27896
7,29646,27,0.0,970,1743,27903
77,29723,28,1.0,971,1743,27980
35,29758,28,0.0,972,1743,28015
19,29777,28,0.0,973,1743,28034
21,29798,29,1.0,974,1743,28055
31,29829,29,0.0,975,1743,28086
26,29855,29,0.0,976,1743,28112
19,29874,29,0.0,977,1743,28131
13,29887,29,0.0,978,1743,28144
40,29927,29,0.0,979,1743,28184
12,29939,29,0.0,980,1743,28196
29,29968,29,0.0,981,1743,28225
52,30020,30,1.0,982,1743,28277
12,30032,30,0.0,983,1743,28289
13,30045,30,0.0,984,1743,28302
27,30072,30,0.0,985,1743,28329
21,30093,30,0.0,986,1743,28350
31,30124,30,0.0,987,1743,28381
14,30138,30,0.0,988,1743,28395
16,30154,30,0.0,989,1743,28411
35,30189,30,0.0,990,1743,28446
34,30223,30,0.0,991,1743,28480
14,30237,30,0.0,992,1743,28494
37,30274,31,1.0,993,1743,28531
48,30322,31,0.0,994,1743,28579
35,30357,31,0.0,995,1743,28614
10,30367,31,0.0,996,1743,28624
19,30386,31,0.0,997,1743,28643
7,30393,31,0.0,998,1743,28650
27,30420,31,0.0,999,1743,28677
10,30430,31,0.0,1000,1743,28687
21,30451,32,1.0,1001,1743,28708
71,30522,32,0.0,1002,1743,28779
31,30553,32,0.0,1003,1743,28810
10,30563,32,0.0,1004,1743,28820
26,30589,32,0.0,1005,1743,28846
19,30608,32,0.0,1006,1743,28865
32,30640,32,0.0,1007,1743,28897
43,30683,33,1.0,1008,1743,28940
28,30711,33,0.0,1009,1743,28968
36,30747,33,0.0,1010,1743,29004
48,30795,33,0.0,1011,1743,29052
62,30857,33,0.0,1012,1743,29114
25,30882,33,0.0,1013,1743,29139
14,30896,33,0.0,1014,1743,29153
32,30928,33,0.0,1015,1743,29185
71,30999,33,0.0,1016,1743,29256
45,31044,33,0.0,1017,1743,29301
48,31092,33,0.0,1018,1743,29349
51,31143,33,0.0,1019,1743,29400
46,31189,34,1.0,1020,1743,29446
17,31206,34,0.0,1021,1743,29463
18,31224,34,0.0,1022,1743,29481
100,31324,34,0.0,1023,1743,29581
8,31332,34,0.0,1024,1743,29589
28,31360,34,0.0,1025,1743,29617
31,31391,34,0.0,1026,1743,29648
28,31419,34,0.0,1027,1743,29676
11,31430,34,0.0,1028,1743,29687
14,31444,34,0.0,1029,1743,29701
5,31449,34,0.0,1030,1743,29706
23,31472,34,0.0,1031,1743,29729
13,31485,34,0.0,1032,1743,29742
49,31534,34,0.0,1033,1743,29791
10,31544,34,0.0,1034,1743,29801
40,31584,34,0.0,1035,1743,29841
12,31596,34,0.0,1036,1743,29853
47,31643,34,0.0,1037,1743,29900
24,31667,34,0.0,1038,1743,29924
11,31678,34,0.0,1039,1743,29935
14,31692,34,0.0,1040,1743,29949
21,31713,34,0.0,1041,1743,29970
21,31734,34,0.0,1042,1743,29991
27,31761,34,0.0,1043,1743,30018
16,31777,34,0.0,1044,1743,30034
17,31794,34,0.0,1045,1743,30051
23,31817,34,0.0,1046,1743,30074
9,31826,34,0.0,1047,1743,30083
91,31917,34,0.0,1048,1743,30174
73,31990,34,0.0,1049,1743,30247
8,31998,34,0.0,1050,1743,30255
20,32018,34,0.0,1051,1743,30275
12,32030,34,0.0,1052,1743,30287
9,32039,34,0.0,1053,1743,30296
8,32047,34,0.0,1054,1743,30304
30,32077,34,0.0,1055,1743,30334
15,32092,34,0.0,1056,1743,30349
10,32102,34,0.0,1057,1743,30359
41,32143,34,0.0,1058,1743,30400
23,32166,34,0.0,1059,1743,30423
16,32182,34,0.0,1060,1743,30439
75,32257,34,0.0,1061,1743,30514
22,32279,34,0.0,1062,1743,30536
24,32303,34,0.0,1063,1743,30560
19,32322,34,0.0,1064,1743,30579
75,32397,34,0.0,1065,1743,30654
86,32483,34,0.0,1066,1743,30740
9,32492,34,0.0,1067,1743,30749
7,32499,34,0.0,1068,1743,30756
17,32516,34,0.0,1069,1743,30773
15,32531,34,0.0,1070,1743,30788
68,32599,34,0.0,1071,1743,30856
30,32629,34,0.0,1072,1743,30886
16,32645,34,0.0,1073,1743,30902
6,32651,34,0.0,1074,1743,30908
20,32671,34,0.0,1075,1743,30928
12,32683,34,0.0,1076,1743,30940
62,32745,34,0.0,1077,1743,31002
26,32771,34,0.0,1078,1743,31028
12,32783,34,0.0,1079,1743,31040
47,32830,34,0.0,1080,1743,31087
31,32861,34,0.0,1081,1743,31118
82,32943,34,0.0,1082,1743,31200
46,32989,34,0.0,1083,1743,31246
12,33001,34,0.0,1084,1743,31258
12,33013,34,0.0,1085,1743,31270
87,33100,35,1.0,1086,1743,31357
20,33120,35,0.0,1087,1743,31377
21,33141,35,0.0,1088,1743,31398
24,33165,35,0.0,1089,1743,31422
21,33186,35,0.0,1090,1743,31443
21,33207,35,0.0,1091,1743,31464
29,33236,35,0.0,1092,1743,31493
40,33276,35,0.0,1093,1743,31533
30,33306,35,0.0,1094,1743,31563
25,33331,36,1.0,1095,1743,31588
72,33403,36,0.0,1096,1743,31660
11,33414,36,0.0,1097,1743,31671
42,33456,36,0.0,1098,1743,31713
49,33505,36,0.0,1099,1743,31762
44,33549,36,0.0,1100,1743,31806
43,33592,36,0.0,1101,1743,31849
20,33612,36,0.0,1102,1743,31869
15,33627,36,0.0,1103,1743,31884
40,33667,36,0.0,1104,1743,31924
20,33687,36,0.0,1105,1743,31944
19,33706,36,0.0,1106,1743,31963
7,33713,36,0.0,1107,1743,31970
10,33723,36,0.0,1108,1743,31980
62,33785,36,0.0,1109,1743,32042
23,33808,36,0.0,1110,1743,32065
38,33846,36,0.0,1111,1743,32103
21,33867,36,0.0,1112,1743,32124
7,33874,36,0.0,1113,1743,32131
47,33921,37,1.0,1114,1743,32178
49,33970,38,1.0,1115,1743,32227
13,33983,38,0.0,1116,1743,32240
9,33992,38,0.0,1117,1743,32249
11,34003,38,0.0,1118,1743,32260
35,34038,38,0.0,1119,1743,32295
94,34132,38,0.0,1120,1743,32389
19,34151,38,0.0,1121,1743,32408
35,34186,38,0.0,1122,1743,32443
26,34212,38,0.0,1123,1743,32469
22,34234,38,0.0,1124,1743,32491
72,34306,38,0.0,1125,1743,32563
35,34341,39,1.0,1126,1743,32598
10,34351,39,0.0,1127,1743,32608
59,34410,40,1.0,1128,1743,32667
51,34461,41,1.0,1129,1743,32718
41,34502,41,0.0,1130,1743,32759
43,34545,41,0.0,1131,1743,32802
26,34571,41,0.0,1132,1743,32828
10,34581,41,0.0,1133,1743,32838
10,34591,41,0.0,1134,1743,32848
27,34618,41,0.0,1135,1743,32875
15,34633,41,0.0,1136,1743,32890
36,34669,41,0.0,1137,1743,32926
53,34722,41,0.0,1138,1743,32979
38,34760,42,1.0,1139,1743,33017
28,34788,42,0.0,1140,1743,33045
36,34824,42,0.0,1141,1743,33081
19,34843,42,0.0,1142,1743,33100
23,34866,42,0.0,1143,1743,33123
61,34927,42,0.0,1144,1743,33184
8,34935,42,0.0,1145,1743,33192
28,34963,43,1.0,1146,1743,33220
6,34969,43,0.0,1147,1743,33226
23,34992,43,0.0,1148,1743,33249
18,35010,43,0.0,1149,1743,33267
29,35039,43,0.0,1150,1743,33296
27,35066,43,0.0,1151,1743,33323
24,35090,43,0.0,1152,1743,33347
28,35118,43,0.0,1153,1743,33375
15,35133,43,0.0,1154,1743,33390
5,35138,43,0.0,1155,1743,33395
48,35186,43,0.0,1156,1743,33443
19,35205,43,0.0,1157,1743,33462
88,35293,43,0.0,1158,1743,33550
13,35306,43,0.0,1159,1743,33563
26,35332,43,0.0,1160,1743,33589
15,35347,43,0.0,1161,1743,33604
15,35362,43,0.0,1162,1743,33619
12,35374,43,0.0,1163,1743,33631
60,35434,44,1.0,1164,1743,33691
32,35466,44,0.0,1165,1743,33723
13,35479,44,0.0,1166,1743,33736
24,35503,44,0.0,1167,1743,33760
15,35518,44,0.0,1168,1743,33775
49,35567,44,0.0,1169,1743,33824
51,35618,44,0.0,1170,1743,33875
64,35682,44,0.0,1171,1743,33939
16,35698,44,0.0,1172,1743,33955
16,35714,44,0.0,1173,1743,33971
20,35734,44,0.0,1174,1743,33991
9,35743,44,0.0,1175,1743,34000
100,35843,44,0.0,1176,1743,34100
22,35865,44,0.0,1177,1743,34122
35,35900,44,0.0,1178,1743,34157
59,35959,44,0.0,1179,1743,34216
36,35995,45,1.0,1180,1743,34252
22,36017,45,0.0,1181,1743,34274
36,36053,45,0.0,1182,1743,34310
23,36076,45,0.0,1183,1743,34333
48,36124,46,1.0,1184,1743,34381
7,36131,46,0.0,1185,1743,34388
33,36164,46,0.0,1186,1743,34421
10,36174,46,0.0,1187,1743,34431
16,36190,46,0.0,1188,1743,34447
44,36234,46,0.0,1189,1743,34491
45,36279,46,0.0,1190,1743,34536
24,36303,46,0.0,1191,1743,34560
16,36319,46,0.0,1192,1743,34576
26,36345,46,0.0,1193,1743,34602
44,36389,46,0.0,1194,1743,34646
10,36399,46,0.0,1195,1743,34656
22,36421,46,0.0,1196,1743,34678
11,36432,46,0.0,1197,1743,34689
20,36452,46,0.0,1198,1743,34709
27,36479,46,0.0,1199,1743,34736
38,36517,46,0.0,1200,1743,34774
21,36538,46,0.0,1201,1743,34795
89,36627,46,0.0,1202,1743,34884
14,36641,46,0.0,1203,1743,34898
25,36666,46,0.0,1204,1743,34923
100,36766,46,0.0,1205,1743,35023
7,36773,46,0.0,1206,1743,35030
9,36782,46,0.0,1207,1743,35039
34,36816,47,1.0,1208,1743,35073
40,36856,47,0.0,1209,1743,35113
32,36888,47,0.0,1210,1743,35145
16,36904,47,0.0,1211,1743,35161
16,36920,47,0.0,1212,1743,35177
10,36930,47,0.0,1213,1743,35187
39,36969,47,0.0,1214,1743,35226
15,36984,47,0.0,1215,1743,35241
7,36991,47,0.0,1216,1743,35248
30,37021,47,0.0,1217,1743,35278
10,37031,47,0.0,1218,1743,35288
29,37060,47,0.0,1219,1743,35317
20,37080,47,0.0,1220,1743,35337
17,37097,47,0.0,1221,1743,35354
57,37154,48,1.0,1222,1743,35411
17,37171,48,0.0,1223,1743,35428
12,37183,48,0.0,1224,1743,35440
18,37201,48,0.0,1225,1743,35458
11,37212,48,0.0,1226,1743,35469
17,37229,48,0.0,1227,1743,35486
10,37239,48,0.0,1228,1743,35496
18,37257,48,0.0,1229,1743,35514
28,37285,48,0.0,1230,1743,35542
51,37336,48,0.0,1231,1743,35593
42,37378,48,0.0,1232,1743,35635
14,37392,48,0.0,1233,1743,35649
23,37415,48,0.0,1234,1743,35672
61,37476,48,0.0,1235,1743,35733
14,37490,48,0.0,1236,1743,35747
31,37521,49,1.0,1237,1743,35778
85,37606,49,0.0,1238,1743,35863
22,37628,49,0.0,1239,1743,35885
30,37658,49,0.0,1240,1743,35915
38,37696,49,0.0,1241,1743,35953
45,37741,50,1.0,1242,1743,35998
16,37757,50,0.0,1243,1743,36014
44,37801,50,0.0,1244,1743,36058
38,37839,50,0.0,1245,1743,36096
13,37852,50,0.0,1246,1743,36109
21,37873,50,0.0,1247,1743,36130
24,37897,50,0.0,1248,1743,36154
22,37919,50,0.0,1249,1743,36176
22,37941,50,0.0,1250,1743,36198
19,37960,50,0.0,1251,1743,36217
11,37971,50,0.0,1252,1743,36228
24,37995,50,0.0,1253,1743,36252
100,38095,50,0.0,1254,1743,36352
61,38156,50,0.0,1255,1743,36413
9,38165,50,0.0,1256,1743,36422
17,38182,50,0.0,1257,1743,36439
5,38187,50,0.0,1258,1743,36444
5,38192,50,0.0,1259,1743,36449
23,38215,50,0.0,1260,1743,36472
17,38232,50,0.0,1261,1743,36489
17,38249,50,0.0,1262,1743,36506
20,38269,50,0.0,1263,1743,36526
21,38290,50,0.0,1264,1743,36547
15,38305,50,0.0,1265,1743,36562
19,38324,50,0.0,1266,1743,36581
16,38340,50,0.0,1267,1743,36597
33,38373,50,0.0,1268,1743,36630
34,38407,50,0.0,1269,1743,36664
18,38425,50,0.0,1270,1743,36682
29,38454,50,0.0,1271,1743,36711
5,38459,50,0.0,1272,1743,36716
49,38508,50,0.0,1273,1743,36765
77,38585,50,0.0,1274,1743,36842
41,38626,50,0.0,1275,1743,36883
28,38654,50,0.0,1276,1743,36911
9,38663,50,0.0,1277,1743,36920
30,38693,50,0.0,1278,1743,36950
12,38705,50,0.0,1279,1743,36962
47,38752,51,1.0,1280,1743,37009
23,38775,51,0.0,1281,1743,37032
9,38784,51,0.0,1282,1743,37041
11,38795,51,0.0,1283,1743,37052
22,38817,51,0.0,1284,1743,37074
18,38835,51,0.0,1285,1743,37092
71,38906,51,0.0,1286,1743,37163
13,38919,51,0.0,1287,1743,37176
49,38968,51,0.0,1288,1743,37225
41,39009,51,0.0,1289,1743,37266
53,39062,51,0.0,1290,1743,37319
79,39141,52,1.0,1291,1743,37398
9,39150,52,0.0,1292,1743,37407
58,39208,52,0.0,1293,1743,37465
22,39230,52,0.0,1294,1743,37487
11,39241,52,0.0,1295,1743,37498
57,39298,52,0.0,1296,1743,37555
19,39317,52,0.0,1297,1743,37574
27,39344,52,0.0,1298,1743,37601
96,39440,52,0.0,1299,1743,37697
33,39473,52,0.0,1300,1743,37730
31,39504,53,1.0,1301,1743,37761
13,39517,53,0.0,1302,1743,37774
78,39595,53,0.0,1303,1743,37852
15,39610,53,0.0,1304,1743,37867
62,39672,53,0.0,1305,1743,37929
28,39700,53,0.0,1306,1743,37957
35,39735,53,0.0,1307,1743,37992
32,39767,53,0.0,1308,1743,38024
5,39772,53,0.0,1309,1743,38029
31,39803,53,0.0,1310,1743,38060
49,39852,53,0.0,1311,1743,38109
24,39876,53,0.0,1312,1743,38133
52,39928,54,1.0,1313,1743,38185
8,39936,54,0.0,1314,1743,38193
38,39974,55,1.0,1315,1743,38231
28,40002,55,0.0,1316,1743,38259
28,40030,55,0.0,1317,1743,38287
13,40043,55,0.0,1318,1743,38300
38,40081,55,0.0,1319,1743,38338
47,40128,55,0.0,1320,1743,38385
26,40154,55,0.0,1321,1743,38411
22,40176,55,0.0,1322,1743,38433
10,40186,55,0.0,1323,1743,38443
7,40193,55,0.0,1324,1743,38450
22,40215,55,0.0,1325,1743,38472
31,40246,55,0.0,1326,1743,38503
55,40301,55,0.0,1327,1743,38558
26,40327,55,0.0,1328,1743,38584
35,40362,55,0.0,1329,1743,38619
9,40371,55,0.0,1330,1743,38628
25,40396,56,1.0,1331,1743,38653
28,40424,56,0.0,1332,1743,38681
27,40451,56,0.0,1333,1743,38708
31,40482,56,0.0,1334,1743,38739
57,40539,56,0.0,1335,1743,38796
64,40603,56,0.0,1336,1743,38860
8,40611,56,0.0,1337,1743,38868
22,40633,56,0.0,1338,1743,38890
24,40657,56,0.0,1339,1743,38914
17,40674,56,0.0,1340,1743,38931
100,40774,56,0.0,1341,1743,39031
14,40788,56,0.0,1342,1743,39045
37,40825,56,0.0,1343,1743,39082
100,40925,56,0.0,1344,1743,39182
30,40955,56,0.0,1345,1743,39212
10,40965,56,0.0,1346,1743,39222
35,41000,56,0.0,1347,1743,39257
62,41062,56,0.0,1348,1743,39319
29,41091,56,0.0,1349,1743,39348
31,41122,56,0.0,1350,1743,39379
7,41129,56,0.0,1351,1743,39386
13,41142,56,0.0,1352,1743,39399
62,41204,56,0.0,1353,1743,39461
18,41222,56,0.0,1354,1743,39479
19,41241,56,0.0,1355,1743,39498
48,41289,56,0.0,1356,1743,39546
15,41304,56,0.0,1357,1743,39561
24,41328,56,0.0,1358,1743,39585
9,41337,56,0.0,1359,1743,39594
18,41355,56,0.0,1360,1743,39612
32,41387,56,0.0,1361,1743,39644
31,41418,56,0.0,1362,1743,39675
24,41442,56,0.0,1363,1743,39699
7,41449,56,0.0,1364,1743,39706
8,41457,56,0.0,1365,1743,39714
14,41471,56,0.0,1366,1743,39728
6,41477,56,0.0,1367,1743,39734
41,41518,56,0.0,1368,1743,39775
32,41550,57,1.0,1369,1743,39807
29,41579,57,0.0,1370,1743,39836
14,41593,57,0.0,1371,1743,39850
11,41604,57,0.0,1372,1743,39861
16,41620,57,0.0,1373,1743,39877
18,41638,57,0.0,1374,1743,39895
19,41657,57,0.0,1375,1743,39914
28,41685,57,0.0,1376,1743,39942
24,41709,57,0.0,1377,1743,39966
10,41719,57,0.0,1378,1743,39976
37,41756,57,0.0,1379,1743,40013
12,41768,57,0.0,1380,1743,40025
13,41781,57,0.0,1381,1743,40038
17,41798,57,0.0,1382,1743,40055
15,41813,57,0.0,1383,1743,40070
8,41821,57,0.0,1384,1743,40078
19,41840,57,0.0,1385,1743,40097
44,41884,57,0.0,1386,1743,40141
15,41899,57,0.0,1387,1743,40156
11,41910,57,0.0,1388,1743,40167
42,41952,58,1.0,1389,1743,40209
11,41963,58,0.0,1390,1743,40220
26,41989,58,0.0,1391,1743,40246
18,42007,58,0.0,1392,1743,40264
32,42039,58,0.0,1393,1743,40296
9,42048,58,0.0,1394,1743,40305
18,42066,58,0.0,1395,1743,40323
10,42076,58,0.0,1396,1743,40333
63,42139,58,0.0,1397,1743,40396
23,42162,58,0.0,1398,1743,40419
48,42210,58,0.0,1399,1743,40467
39,42249,58,0.0,1400,1743,40506
17,42266,58,0.0,1401,1743,40523
73,42339,59,1.0,1402,1743,40596
73,42412,59,0.0,1403,1743,40669
23,42435,59,0.0,1404,1743,40692
19,42454,59,0.0,1405,1743,40711
13,42467,59,0.0,1406,1743,40724
60,42527,59,0.0,1407,1743,40784
20,42547,59,0.0,1408,1743,40804
34,42581,59,0.0,1409,1743,40838
12,42593,59,0.0,1410,1743,40850
16,42609,59,0.0,1411,1743,40866
23,42632,59,0.0,1412,1743,40889
40,42672,59,0.0,1413,1743,40929
11,42683,59,0.0,1414,1743,40940
47,42730,59,0.0,1415,1743,40987
22,42752,59,0.0,1416,1743,41009
21,42773,59,0.0,1417,1743,41030
35,42808,59,0.0,1418,1743,41065
30,42838,59,0.0,1419,1743,41095
24,42862,59,0.0,1420,1743,41119
62,42924,60,1.0,1421,1743,41181
6,42930,60,0.0,1422,1743,41187
20,42950,60,0.0,1423,1743,41207
34,42984,60,0.0,1424,1743,41241
13,42997,60,0.0,1425,1743,41254
51,43048,60,0.0,1426,1743,41305
36,43084,60,0.0,1427,1743,41341
6,43090,60,0.0,1428,1743,41347
9,43099,60,0.0,1429,1743,41356
39,43138,61,1.0,1430,1743,41395
23,43161,61,0.0,1431,1743,41418
22,43183,61,0.0,1432,1743,41440
20,43203,61,0.0,1433,1743,41460
16,43219,61,0.0,1434,1743,41476
14,43233,61,0.0,1435,1743,41490
36,43269,62,1.0,1436,1743,41526
33,43302,63,1.0,1437,1743,41559
79,43381,63,0.0,1438,1743,41638
17,43398,63,0.0,1439,1743,41655
35,43433,63,0.0,1440,1743,41690
29,43462,63,0.0,1441,1743,41719
32,43494,63,0.0,1442,1743,41751
69,43563,63,0.0,1443,1743,41820
12,43575,63,0.0,1444,1743,41832
22,43597,63,0.0,1445,1743,41854
21,43618,63,0.0,1446,1743,41875
14,43632,63,0.0,1447,1743,41889
100,43732,64,1.0,1448,1743,41989
35,43767,64,0.0,1449,1743,42024
15,43782,64,0.0,1450,1743,42039
52,43834,64,0.0,1451,1743,42091
57,43891,65,1.0,1452,1743,42148
56,43947,65,0.0,1453,1743,42204
27,43974,65,0.0,1454,1743,42231
51,44025,65,0.0,1455,1743,42282
53,44078,65,0.0,1456,1743,42335
11,44089,65,0.0,1457,1743,42346
23,44112,65,0.0,1458,1743,42369
34,44146,65,0.0,1459,1743,42403
11,44157,65,0.0,1460,1743,42414
28,44185,65,0.0,1461,1743,42442
26,44211,65,0.0,1462,1743,42468
67,44278,65,0.0,1463,1743,42535
12,44290,65,0.0,1464,1743,42547
36,44326,65,0.0,1465,1743,42583
20,44346,65,0.0,1466,1743,42603
21,44367,65,0.0,1467,1743,42624
7,44374,65,0.0,1468,1743,42631
47,44421,65,0.0,1469,1743,42678
29,44450,65,0.0,1470,1743,42707
9,44459,65,0.0,1471,1743,42716
6,44465,65,0.0,1472,1743,42722
72,44537,66,1.0,1473,1743,42794
21,44558,66,0.0,1474,1743,42815
25,44583,66,0.0,1475,1743,42840
76,44659,66,0.0,1476,1743,42916
75,44734,66,0.0,1477,1743,42991
45,44779,67,1.0,1478,1743,43036
19,44798,67,0.0,1479,1743,43055
12,44810,67,0.0,1480,1743,43067
29,44839,67,0.0,1481,1743,43096
24,44863,67,0.0,1482,1743,43120
43,44906,67,0.0,1483,1743,43163
21,44927,67,0.0,1484,1743,43184
41,44968,67,0.0,1485,1743,43225
20,44988,67,0.0,1486,1743,43245
28,45016,67,0.0,1487,1743,43273
31,45047,67,0.0,1488,1743,43304
11,45058,67,0.0,1489,1743,43315
60,45118,68,1.0,1490,1743,43375
24,45142,68,0.0,1491,1743,43399
24,45166,68,0.0,1492,1743,43423
32,45198,68,0.0,1493,1743,43455
16,45214,68,0.0,1494,1743,43471
27,45241,68,0.0,1495,1743,43498
65,45306,68,0.0,1496,1743,43563
18,45324,68,0.0,1497,1743,43581
47,45371,68,0.0,1498,1743,43628
16,45387,68,0.0,1499,1743,43644
6,45393,68,0.0,1500,1743,43650
18,45411,68,0.0,1501,1743,43668
46,45457,68,0.0,1502,1743,43714
36,45493,69,1.0,1503,1743,43750
12,45505,69,0.0,1504,1743,43762
15,45520,69,0.0,1505,1743,43777
15,45535,69,0.0,1506,1743,43792
10,45545,69,0.0,1507,1743,43802
17,45562,69,0.0,1508,1743,43819
27,45589,69,0.0,1509,1743,43846
21,45610,69,0.0,1510,1743,43867
18,45628,69,0.0,1511,1743,43885
61,45689,69,0.0,1512,1743,43946
15,45704,69,0.0,1513,1743,43961
23,45727,69,0.0,1514,1743,43984
14,45741,69,0.0,1515,1743,43998
9,45750,69,0.0,1516,1743,44007
27,45777,69,0.0,1517,1743,44034
38,45815,69,0.0,1518,1743,44072
69,45884,69,0.0,1519,1743,44141
34,45918,69,0.0,1520,1743,44175
31,45949,69,0.0,1521,1743,44206
40,45989,69,0.0,1522,1743,44246
24,46013,70,1.0,1523,1743,44270
17,46030,70,0.0,1524,1743,44287
24,46054,71,1.0,1525,1743,44311
32,46086,71,0.0,1526,1743,44343
46,46132,71,0.0,1527,1743,44389
28,46160,71,0.0,1528,1743,44417
32,46192,71,0.0,1529,1743,44449
15,46207,71,0.0,1530,1743,44464
13,46220,71,0.0,1531,1743,44477
9,46229,71,0.0,1532,1743,44486
10,46239,71,0.0,1533,1743,44496
40,46279,72,1.0,1534,1743,44536
12,46291,72,0.0,1535,1743,44548
29,46320,72,0.0,1536,1743,44577
41,46361,73,1.0,1537,1743,44618
13,46374,73,0.0,1538,1743,44631
12,46386,73,0.0,1539,1743,44643
8,46394,73,0.0,1540,1743,44651
13,46407,73,0.0,1541,1743,44664
32,46439,73,0.0,1542,1743,44696
49,46488,73,0.0,1543,1743,44745
57,46545,74,1.0,1544,1743,44802
45,46590,74,0.0,1545,1743,44847
31,46621,74,0.0,1546,1743,44878
11,46632,74,0.0,1547,1743,44889
12,46644,74,0.0,1548,1743,44901
27,46671,74,0.0,1549,1743,44928
31,46702,74,0.0,1550,1743,44959
12,46714,74,0.0,1551,1743,44971
6,46720,74,0.0,1552,1743,44977
54,46774,75,1.0,1553,1743,45031
40,46814,76,1.0,1554,1743,45071
18,46832,76,0.0,1555,1743,45089
27,46859,76,0.0,1556,1743,45116
27,46886,76,0.0,1557,1743,45143
39,46925,76,0.0,1558,1743,45182
8,46933,76,0.0,1559,1743,45190
25,46958,76,0.0,1560,1743,45215
78,47036,77,1.0,1561,1743,45293
50,47086,77,0.0,1562,1743,45343
15,47101,77,0.0,1563,1743,45358
75,47176,77,0.0,1564,1743,45433
24,47200,77,0.0,1565,1743,45457
9,47209,77,0.0,1566,1743,45466
13,47222,77,0.0,1567,1743,45479
22,47244,77,0.0,1568,1743,45501
47,47291,77,0.0,1569,1743,45548
42,47333,77,0.0,1570,1743,45590
34,47367,77,0.0,1571,1743,45624
30,47397,77,0.0,1572,1743,45654
36,47433,78,1.0,1573,1743,45690
39,47472,78,0.0,1574,1743,45729
36,47508,78,0.0,1575,1743,45765
20,47528,78,0.0,1576,1743,45785
10,47538,78,0.0,1577,1743,45795
46,47584,79,1.0,1578,1743,45841
9,47593,79,0.0,1579,1743,45850
60,47653,80,1.0,1580,1743,45910
43,47696,81,1.0,1581,1743,45953
16,47712,81,0.0,1582,1743,45969
17,47729,81,0.0,1583,1743,45986
25,47754,81,0.0,1584,1743,46011
19,47773,81,0.0,1585,1743,46030
77,47850,82,1.0,1586,1743,46107
42,47892,82,0.0,1587,1743,46149
9,47901,82,0.0,1588,1743,46158
38,47939,82,0.0,1589,1743,46196
13,47952,82,0.0,1590,1743,46209
49,48001,82,0.0,1591,1743,46258
12,48013,82,0.0,1592,1743,46270
6,48019,82,0.0,1593,1743,46276
25,48044,82,0.0,1594,1743,46301
12,48056,82,0.0,1595,1743,46313
11,48067,82,0.0,1596,1743,46324
55,48122,83,1.0,1597,1743,46379
34,48156,83,0.0,1598,1743,46413
18,48174,83,0.0,1599,1743,46431
10,48184,83,0.0,1600,1743,46441
48,48232,83,0.0,1601,1743,46489
41,48273,83,0.0,1602,1743,46530
28,48301,83,0.0,1603,1743,46558
10,48311,83,0.0,1604,1743,46568
35,48346,83,0.0,1605,1743,46603
28,48374,83,0.0,1606,1743,46631
35,48409,83,0.0,1607,1743,46666
25,48434,83,0.0,1608,1743,46691
40,48474,83,0.0,1609,1743,46731
25,48499,83,0.0,1610,1743,46756
13,48512,83,0.0,1611,1743,46769
35,48547,83,0.0,1612,1743,46804
44,48591,84,1.0,1613,1743,46848
21,48612,84,0.0,1614,1743,46869
19,48631,84,0.0,1615,1743,46888
26,48657,84,0.0,1616,1743,46914
73,48730,85,1.0,1617,1743,46987
45,48775,85,0.0,1618,1743,47032
8,48783,85,0.0,1619,1743,47040
15,48798,85,0.0,1620,1743,47055
54,48852,85,0.0,1621,1743,47109
17,48869,85,0.0,1622,1743,47126
37,48906,85,0.0,1623,1743,47163
35,48941,86,1.0,1624,1743,47198
30,48971,86,0.0,1625,1743,47228
35,49006,86,0.0,1626,1743,47263
20,49026,86,0.0,1627,1743,47283
28,49054,87,1.0,1628,1743,47311
26,49080,87,0.0,1629,1743,47337
45,49125,87,0.0,1630,1743,47382
26,49151,87,0.0,1631,1743,47408
26,49177,87,0.0,1632,1743,47434
59,49236,87,0.0,1633,1743,47493
15,49251,87,0.0,1634,1743,47508
15,49266,87,0.0,1635,1743,47523
39,49305,87,0.0,1636,1743,47562
30,49335,87,0.0,1637,1743,47592
51,49386,88,1.0,1638,1743,47643
98,49484,88,0.0,1639,1743,47741
11,49495,88,0.0,1640,1743,47752
40,49535,89,1.0,1641,1743,47792
63,49598,90,1.0,1642,1743,47855
14,49612,90,0.0,1643,1743,47869
55,49667,90,0.0,1644,1743,47924
28,49695,90,0.0,1645,1743,47952
13,49708,90,0.0,1646,1743,47965
31,49739,90,0.0,1647,1743,47996
17,49756,90,0.0,1648,1743,48013
69,49825,90,0.0,1649,1743,48082
38,49863,90,0.0,1650,1743,48120
11,49874,90,0.0,1651,1743,48131
35,49909,90,0.0,1652,1743,48166
33,49942,90,0.0,1653,1743,48199
11,49953,90,0.0,1654,1743,48210
21,49974,90,0.0,1655,1743,48231
10,49984,90,0.0,1656,1743,48241
38,50022,90,0.0,1657,1743,48279
30,50052,90,0.0,1658,1743,48309
42,50094,91,1.0,1659,1743,48351
25,50119,92,1.0,1660,1743,48376
19,50138,92,0.0,1661,1743,48395
15,50153,92,0.0,1662,1743,48410
13,50166,92,0.0,1663,1743,48423
36,50202,92,0.0,1664,1743,48459
10,50212,92,0.0,1665,1743,48469
15,50227,92,0.0,1666,1743,48484
48,50275,93,1.0,1667,1743,48532
13,50288,93,0.0,1668,1743,48545
70,50358,93,0.0,1669,1743,48615
16,50374,93,0.0,1670,1743,48631
43,50417,93,0.0,1671,1743,48674
29,50446,93,0.0,1672,1743,48703
71,50517,93,0.0,1673,1743,48774
44,50561,93,0.0,1674,1743,48818
34,50595,93,0.0,1675,1743,48852
17,50612,93,0.0,1676,1743,48869
25,50637,93,0.0,1677,1743,48894
29,50666,93,0.0,1678,1743,48923
20,50686,93,0.0,1679,1743,48943
12,50698,93,0.0,1680,1743,48955
23,50721,93,0.0,1681,1743,48978
64,50785,93,0.0,1682,1743,49042
25,50810,93,0.0,1683,1743,49067
76,50886,93,0.0,1684,1743,49143
5,50891,93,0.0,1685,1743,49148
38,50929,93,0.0,1686,1743,49186
59,50988,93,0.0,1687,1743,49245
33,51021,93,0.0,1688,1743,49278
11,51032,93,0.0,1689,1743,49289
29,51061,93,0.0,1690,1743,49318
22,51083,93,0.0,1691,1743,49340
18,51101,93,0.0,1692,1743,49358
16,51117,93,0.0,1693,1743,49374
26,51143,93,0.0,1694,1743,49400
52,51195,93,0.0,1695,1743,49452
27,51222,93,0.0,1696,1743,49479
22,51244,94,1.0,1697,1743,49501
86,51330,95,1.0,1698,1743,49587
17,51347,95,0.0,1699,1743,49604
18,51365,95,0.0,1700,1743,49622
36,51401,95,0.0,1701,1743,49658
15,51416,95,0.0,1702,1743,49673
48,51464,95,0.0,1703,1743,49721
29,51493,95,0.0,1704,1743,49750
30,51523,95,0.0,1705,1743,49780
12,51535,95,0.0,1706,1743,49792
27,51562,95,0.0,1707,1743,49819
13,51575,95,0.0,1708,1743,49832
20,51595,95,0.0,1709,1743,49852
27,51622,95,0.0,1710,1743,49879
97,51719,95,0.0,1711,1743,49976
25,51744,95,0.0,1712,1743,50001
22,51766,95,0.0,1713,1743,50023
7,51773,95,0.0,1714,1743,50030
9,51782,95,0.0,1715,1743,50039
39,51821,95,0.0,1716,1743,50078
27,51848,95,0.0,1717,1743,50105
50,51898,96,1.0,1718,1743,50155
8,51906,96,0.0,1719,1743,50163
41,51947,97,1.0,1720,1743,50204
69,52016,97,0.0,1721,1743,50273
27,52043,97,0.0,1722,1743,50300
16,52059,97,0.0,1723,1743,50316
12,52071,97,0.0,1724,1743,50328
6,52077,97,0.0,1725,1743,50334
44,52121,97,0.0,1726,1743,50378
19,52140,97,0.0,1727,1743,50397
11,52151,97,0.0,1728,1743,50408
19,52170,97,0.0,1729,1743,50427
31,52201,97,0.0,1730,1743,50458
63,52264,98,1.0,1731,1743,50521
9,52273,98,0.0,1732,1743,50530
43,52316,98,0.0,1733,1743,50573
39,52355,98,0.0,1734,1743,50612
8,52363,98,0.0,1735,1743,50620
25,52388,98,0.0,1736,1743,50645
31,52419,98,0.0,1737,1743,50676
12,52431,98,0.0,1738,1743,50688
57,52488,98,0.0,1739,1743,50745
59,52547,98,0.0,1740,1743,50804
16,52563,98,0.0,1741,1743,50820
31,52594,98,0.0,1742,1743,50851
19,52613,99,1.0,1743,1743,50870
9,52622,99,0.0,1744,1743,50879
38,52660,99,0.0,1745,1743,50917
18,52678,99,0.0,1746,1743,50935
42,52720,99,0.0,1747,1743,50977
39,52759,99,0.0,1748,1743,51016
6,52765,99,0.0,1749,1743,51022
11,52776,99,0.0,1750,1743,51033
9,52785,99,0.0,1751,1743,51042
11,52796,99,0.0,1752,1743,51053
35,52831,99,0.0,1753,1743,51088
17,52848,99,0.0,1754,1743,51105
24,52872,99,0.0,1755,1743,51129
11,52883,99,0.0,1756,1743,51140
40,52923,99,0.0,1757,1743,51180
27,52950,99,0.0,1758,1743,51207
17,52967,99,0.0,1759,1743,51224
28,52995,99,0.0,1760,1743,51252
27,53022,100,1.0,1761,1743,51279
18,53040,100,0.0,1762,1743,51297
50,53090,101,1.0,1763,1743,51347
15,53105,101,0.0,1764,1743,51362
24,53129,101,0.0,1765,1743,51386
32,53161,101,0.0,1766,1743,51418
22,53183,101,0.0,1767,1743,51440
57,53240,101,0.0,1768,1743,51497
37,53277,101,0.0,1769,1743,51534
11,53288,101,0.0,1770,1743,51545
21,53309,102,1.0,1771,1743,51566
49,53358,102,0.0,1772,1743,51615
82,53440,102,0.0,1773,1743,51697
27,53467,103,1.0,1774,1743,51724
11,53478,103,0.0,1775,1743,51735
8,53486,103,0.0,1776,1743,51743
14,53500,103,0.0,1777,1743,51757
56,53556,103,0.0,1778,1743,51813
27,53583,103,0.0,1779,1743,51840
13,53596,103,0.0,1780,1743,51853
63,53659,103,0.0,1781,1743,51916
18,53677,103,0.0,1782,1743,51934
8,53685,103,0.0,1783,1743,51942
49,53734,103,0.0,1784,1743,51991
8,53742,103,0.0,1785,1743,51999
15,53757,103,0.0,1786,1743,52014
17,53774,103,0.0,1787,1743,52031
23,53797,104,1.0,1788,1743,52054
42,53839,104,0.0,1789,1743,52096
14,53853,104,0.0,1790,1743,52110
18,53871,105,1.0,1791,1743,52128
50,53921,105,0.0,1792,1743,52178
29,53950,105,0.0,1793,1743,52207
20,53970,105,0.0,1794,1743,52227
57,54027,105,0.0,1795,1743,52284
5,54032,105,0.0,1796,1743,52289
13,54045,105,0.0,1797,1743,52302
88,54133,105,0.0,1798,1743,52390
38,54171,106,1.0,1799,1743,52428
26,54197,107,1.0,1800,1743,52454
60,54257,108,1.0,1801,1743,52514
73,54330,108,0.0,1802,1743,52587
48,54378,108,0.0,1803,1743,52635
51,54429,108,0.0,1804,1743,52686
13,54442,108,0.0,1805,1743,52699
37,54479,108,0.0,1806,1743,52736
85,54564,108,0.0,1807,1743,52821
31,54595,108,0.0,1808,1743,52852
21,54616,108,0.0,1809,1743,52873
13,54629,108,0.0,1810,1743,52886
7,54636,108,0.0,1811,1743,52893
39,54675,108,0.0,1812,1743,52932
36,54711,108,0.0,1813,1743,52968
28,54739,108,0.0,1814,1743,52996
23,54762,108,0.0,1815,1743,53019
27,54789,108,0.0,1816,1743,53046
13,54802,108,0.0,1817,1743,53059
30,54832,108,0.0,1818,1743,53089
39,54871,108,0.0,1819,1743,53128
12,54883,108,0.0,1820,1743,53140
44,54927,109,1.0,1821,1743,53184
43,54970,109,0.0,1822,1743,53227
19,54989,109,0.0,1823,1743,53246
49,55038,109,0.0,1824,1743,53295
19,55057,109,0.0,1825,1743,53314
30,55087,110,1.0,1826,1743,53344
52,55139,110,0.0,1827,1743,53396
28,55167,110,0.0,1828,1743,53424
17,55184,110,0.0,1829,1743,53441
33,55217,111,1.0,1830,1743,53474
9,55226,111,0.0,1831,1743,53483
31,55257,111,0.0,1832,1743,53514
26,55283,111,0.0,1833,1743,53540
29,55312,111,0.0,1834,1743,53569
41,55353,111,0.0,1835,1743,53610
26,55379,111,0.0,1836,1743,53636
5,55384,111,0.0,1837,1743,53641
66,55450,111,0.0,1838,1743,53707
14,55464,111,0.0,1839,1743,53721
25,55489,111,0.0,1840,1743,53746
18,55507,111,0.0,1841,1743,53764
28,55535,111,0.0,1842,1743,53792
34,55569,112,1.0,1843,1743,53826
49,55618,112,0.0,1844,1743,53875
13,55631,112,0.0,1845,1743,53888
6,55637,112,0.0,1846,1743,53894
9,55646,112,0.0,1847,1743,53903
35,55681,112,0.0,1848,1743,53938
28,55709,113,1.0,1849,1743,53966
32,55741,113,0.0,1850,1743,53998
100,55841,113,0.0,1851,1743,54098
27,55868,113,0.0,1852,1743,54125
26,55894,114,1.0,1853,1743,54151
36,55930,114,0.0,1854,1743,54187
5,55935,114,0.0,1855,1743,54192
5,55940,114,0.0,1856,1743,54197
23,55963,114,0.0,1857,1743,54220
9,55972,114,0.0,1858,1743,54229
86,56058,114,0.0,1859,1743,54315
21,56079,114,0.0,1860,1743,54336
12,56091,114,0.0,1861,1743,54348
9,56100,114,0.0,1862,1743,54357
26,56126,114,0.0,1863,1743,54383
100,56226,114,0.0,1864,1743,54483
25,56251,114,0.0,1865,1743,54508
8,56259,114,0.0,1866,1743,54516
37,56296,115,1.0,1867,1743,54553
17,56313,115,0.0,1868,1743,54570
28,56341,115,0.0,1869,1743,54598
21,56362,116,1.0,1870,1743,54619
23,56385,116,0.0,1871,1743,54642
11,56396,116,0.0,1872,1743,54653
26,56422,116,0.0,1873,1743,54679
18,56440,116,0.0,1874,1743,54697
13,56453,116,0.0,1875,1743,54710
18,56471,116,0.0,1876,1743,54728
52,56523,117,1.0,1877,1743,54780
23,56546,117,0.0,1878,1743,54803
13,56559,117,0.0,1879,1743,54816
41,56600,118,1.0,1880,1743,54857
49,56649,118,0.0,1881,1743,54906
53,56702,118,0.0,1882,1743,54959
11,56713,118,0.0,1883,1743,54970
25,56738,118,0.0,1884,1743,54995
24,56762,118,0.0,1885,1743,55019
32,56794,118,0.0,1886,1743,55051
24,56818,118,0.0,1887,1743,55075
47,56865,118,0.0,1888,1743,55122
9,56874,118,0.0,1889,1743,55131
40,56914,119,1.0,1890,1743,55171
17,56931,119,0.0,1891,1743,55188
17,56948,119,0.0,1892,1743,55205
12,56960,119,0.0,1893,1743,55217
7,56967,119,0.0,1894,1743,55224
9,56976,119,0.0,1895,1743,55233
17,56993,119,0.0,1896,1743,55250
29,57022,119,0.0,1897,1743,55279
26,57048,119,0.0,1898,1743,55305
25,57073,119,0.0,1899,1743,55330
34,57107,119,0.0,1900,1743,55364
55,57162,119,0.0,1901,1743,55419
30,57192,119,0.0,1902,1743,55449
16,57208,119,0.0,1903,1743,55465
18,57226,119,0.0,1904,1743,55483
29,57255,119,0.0,1905,1743,55512
7,57262,119,0.0,1906,1743,55519
19,57281,119,0.0,1907,1743,55538
22,57303,119,0.0,1908,1743,55560
13,57316,119,0.0,1909,1743,55573
25,57341,119,0.0,1910,1743,55598
24,57365,119,0.0,1911,1743,55622
12,57377,119,0.0,1912,1743,55634
44,57421,119,0.0,1913,1743,55678
8,57429,119,0.0,1914,1743,55686
28,57457,119,0.0,1915,1743,55714
33,57490,119,0.0,1916,1743,55747
68,57558,119,0.0,1917,1743,55815
48,57606,119,0.0,1918,1743,55863
19,57625,119,0.0,1919,1743,55882
73,57698,119,0.0,1920,1743,55955
34,57732,119,0.0,1921,1743,55989
21,57753,119,0.0,1922,1743,56010
16,57769,119,0.0,1923,1743,56026
19,57788,119,0.0,1924,1743,56045
35,57823,119,0.0,1925,1743,56080
35,57858,119,0.0,1926,1743,56115
19,57877,119,0.0,1927,1743,56134
60,57937,120,1.0,1928,1743,56194
58,57995,120,0.0,1929,1743,56252
60,58055,120,0.0,1930,1743,56312
43,58098,120,0.0,1931,1743,56355
18,58116,120,0.0,1932,1743,56373
34,58150,120,0.0,1933,1743,56407
11,58161,120,0.0,1934,1743,56418
14,58175,120,0.0,1935,1743,56432
51,58226,120,0.0,1936,1743,56483
17,58243,120,0.0,1937,1743,56500
11,58254,120,0.0,1938,1743,56511
10,58264,120,0.0,1939,1743,56521
11,58275,120,0.0,1940,1743,56532
16,58291,120,0.0,1941,1743,56548
38,58329,120,0.0,1942,1743,56586
12,58341,120,0.0,1943,1743,56598
98,58439,121,1.0,1944,1743,56696
46,58485,121,0.0,1945,1743,56742
10,58495,121,0.0,1946,1743,56752
31,58526,121,0.0,1947,1743,56783
63,58589,121,0.0,1948,1743,56846
9,58598,121,0.0,1949,1743,56855
30,58628,122,1.0,1950,1743,56885
30,58658,122,0.0,1951,1743,56915
23,58681,122,0.0,1952,1743,56938
49,58730,122,0.0,1953,1743,56987
14,58744,122,0.0,1954,1743,57001
13,58757,122,0.0,1955,1743,57014
24,58781,122,0.0,1956,1743,57038
15,58796,122,0.0,1957,1743,57053
41,58837,122,0.0,1958,1743,57094
10,58847,122,0.0,1959,1743,57104
45,58892,122,0.0,1960,1743,57149
13,58905,122,0.0,1961,1743,57162
7,58912,122,0.0,1962,1743,57169
13,58925,122,0.0,1963,1743,57182
18,58943,122,0.0,1964,1743,57200
22,58965,122,0.0,1965,1743,57222
24,58989,122,0.0,1966,1743,57246
18,59007,122,0.0,1967,1743,57264
32,59039,123,1.0,1968,1743,57296
20,59059,123,0.0,1969,1743,57316
17,59076,123,0.0,1970,1743,57333
38,59114,124,1.0,1971,1743,57371
39,59153,124,0.0,1972,1743,57410
13,59166,124,0.0,1973,1743,57423
16,59182,124,0.0,1974,1743,57439
10,59192,124,0.0,1975,1743,57449
24,59216,124,0.0,1976,1743,57473
21,59237,124,0.0,1977,1743,57494
17,59254,124,0.0,1978,1743,57511
19,59273,124,0.0,1979,1743,57530
29,59302,124,0.0,1980,1743,57559
15,59317,124,0.0,1981,1743,57574
26,59343,124,0.0,1982,1743,57600
74,59417,125,1.0,1983,1743,57674
20,59437,125,0.0,1984,1743,57694
100,59537,125,0.0,1985,1743,57794
51,59588,125,0.0,1986,1743,57845
21,59609,125,0.0,1987,1743,57866
39,59648,126,1.0,1988,1743,57905
12,59660,126,0.0,1989,1743,57917
23,59683,126,0.0,1990,1743,57940
43,59726,126,0.0,1991,1743,57983
9,59735,126,0.0,1992,1743,57992
17,59752,126,0.0,1993,1743,58009
13,59765,126,0.0,1994,1743,58022
14,59779,126,0.0,1995,1743,58036
26,59805,126,0.0,1996,1743,58062
10,59815,126,0.0,1997,1743,58072
81,59896,126,0.0,1998,1743,58153
21,59917,126,0.0,1999,1743,58174
17,59934,126,0.0,2000,1743,58191
9,59943,126,0.0,2001,1743,58200
54,59997,126,0.0,2002,1743,58254
60,60057,126,0.0,2003,1743,58314
25,60082,126,0.0,2004,1743,58339
28,60110,126,0.0,2005,1743,58367
30,60140,126,0.0,2006,1743,58397
36,60176,126,0.0,2007,1743,58433
54,60230,126,0.0,2008,1743,58487
38,60268,126,0.0,2009,1743,58525
45,60313,126,0.0,2010,1743,58570
18,60331,126,0.0,2011,1743,58588
100,60431,126,0.0,2012,1743,58688
63,60494,126,0.0,2013,1743,58751
9,60503,126,0.0,2014,1743,58760
36,60539,126,0.0,2015,1743,58796
25,60564,127,1.0,2016,1743,58821
46,60610,128,1.0,2017,1743,58867
35,60645,129,1.0,2018,1743,58902
27,60672,130,1.0,2019,1743,58929
12,60684,130,0.0,2020,1743,58941
100,60784,130,0.0,2021,1743,59041
37,60821,131,1.0,2022,1743,59078
26,60847,131,0.0,2023,1743,59104
8,60855,131,0.0,2024,1743,59112
7,60862,131,0.0,2025,1743,59119
21,60883,131,0.0,2026,1743,59140
11,60894,131,0.0,2027,1743,59151
18,60912,131,0.0,2028,1743,59169
11,60923,131,0.0,2029,1743,59180
29,60952,131,0.0,2030,1743,59209
33,60985,131,0.0,2031,1743,59242
36,61021,131,0.0,2032,1743,59278
42,61063,131,0.0,2033,1743,59320
19,61082,131,0.0,2034,1743,59339
19,61101,131,0.0,2035,1743,59358
19,61120,131,0.0,2036,1743,59377
34,61154,131,0.0,2037,1743,59411
43,61197,131,0.0,2038,1743,59454
43,61240,131,0.0,2039,1743,59497
22,61262,132,1.0,2040,1743,59519
15,61277,132,0.0,2041,1743,59534
59,61336,133,1.0,2042,1743,59593
49,61385,134,1.0,2043,1743,59642
5,61390,134,0.0,2044,1743,59647
9,61399,134,0.0,2045,1743,59656
20,61419,134,0.0,2046,1743,59676
31,61450,134,0.0,2047,1743,59707
70,61520,134,0.0,2048,1743,59777
45,61565,134,0.0,2049,1743,59822
69,61634,134,0.0,2050,1743,59891
28,61662,134,0.0,2051,1743,59919
5,61667,134,0.0,2052,1743,59924
10,61677,134,0.0,2053,1743,59934
32,61709,135,1.0,2054,1743,59966
42,61751,135,0.0,2055,1743,60008
17,61768,135,0.0,2056,1743,60025
25,61793,135,0.0,2057,1743,60050
26,61819,136,1.0,2058,1743,60076
89,61908,136,0.0,2059,1743,60165
22,61930,136,0.0,2060,1743,60187
24,61954,136,0.0,2061,1743,60211
14,61968,136,0.0,2062,1743,60225
33,62001,136,0.0,2063,1743,60258
11,62012,136,0.0,2064,1743,60269
36,62048,137,1.0,2065,1743,60305
39,62087,137,0.0,2066,1743,60344
9,62096,137,0.0,2067,1743,60353
14,62110,137,0.0,2068,1743,60367
57,62167,138,1.0,2069,1743,60424
13,62180,138,0.0,2070,1743,60437
23,62203,139,1.0,2071,1743,60460
48,62251,140,1.0,2072,1743,60508
19,62270,140,0.0,2073,1743,60527
37,62307,141,1.0,2074,1743,60564
10,62317,141,0.0,2075,1743,60574
23,62340,141,0.0,2076,1743,60597
16,62356,141,0.0,2077,1743,60613
49,62405,142,1.0,2078,1743,60662
13,62418,142,0.0,2079,1743,60675
41,62459,142,0.0,2080,1743,60716
28,62487,142,0.0,2081,1743,60744
14,62501,142,0.0,2082,1743,60758
24,62525,142,0.0,2083,1743,60782
21,62546,142,0.0,2084,1743,60803
11,62557,142,0.0,2085,1743,60814
32,62589,142,0.0,2086,1743,60846
18,62607,142,0.0,2087,1743,60864
29,62636,143,1.0,2088,1743,60893
67,62703,143,0.0,2089,1743,60960
49,62752,143,0.0,2090,1743,61009
22,62774,143,0.0,2091,1743,61031
20,62794,143,0.0,2092,1743,61051
21,62815,143,0.0,2093,1743,61072
35,62850,144,1.0,2094,1743,61107
24,62874,144,0.0,2095,1743,61131
13,62887,144,0.0,2096,1743,61144
56,62943,145,1.0,2097,1743,61200
9,62952,145,0.0,2098,1743,61209
8,62960,145,0.0,2099,1743,61217
58,63018,146,1.0,2100,1743,61275
77,63095,146,0.0,2101,1743,61352
92,63187,147,1.0,2102,1743,61444
39,63226,148,1.0,2103,1743,61483
93,63319,148,0.0,2104,1743,61576
18,63337,148,0.0,2105,1743,61594
20,63357,148,0.0,2106,1743,61614
26,63383,148,0.0,2107,1743,61640
10,63393,148,0.0,2108,1743,61650
56,63449,149,1.0,2109,1743,61706
47,63496,149,0.0,2110,1743,61753
41,63537,149,0.0,2111,1743,61794
39,63576,150,1.0,2112,1743,61833
10,63586,150,0.0,2113,1743,61843
29,63615,150,0.0,2114,1743,61872
9,63624,150,0.0,2115,1743,61881
43,63667,151,1.0,2116,1743,61924
59,63726,152,1.0,2117,1743,61983
72,63798,152,0.0,2118,1743,62055
28,63826,153,1.0,2119,1743,62083
19,63845,153,0.0,2120,1743,62102
40,63885,153,0.0,2121,1743,62142
32,63917,153,0.0,2122,1743,62174
8,63925,153,0.0,2123,1743,62182
26,63951,153,0.0,2124,1743,62208
38,63989,153,0.0,2125,1743,62246
28,64017,153,0.0,2126,1743,62274
30,64047,153,0.0,2127,1743,62304
19,64066,153,0.0,2128,1743,62323
8,64074,153,0.0,2129,1743,62331
17,64091,153,0.0,2130,1743,62348
32,64123,154,1.0,2131,1743,62380
21,64144,154,0.0,2132,1743,62401
52,64196,154,0.0,2133,1743,62453
13,64209,154,0.0,2134,1743,62466
7,64216,154,0.0,2135,1743,62473
29,64245,154,0.0,2136,1743,62502
33,64278,155,1.0,2137,1743,62535
25,64303,155,0.0,2138,1743,62560
69,64372,156,1.0,2139,1743,62629
55,64427,156,0.0,2140,1743,62684
25,64452,156,0.0,2141,1743,62709
49,64501,156,0.0,2142,1743,62758
33,64534,156,0.0,2143,1743,62791
20,64554,156,0.0,2144,1743,62811
25,64579,156,0.0,2145,1743,62836
22,64601,156,0.0,2146,1743,62858
29,64630,156,0.0,2147,1743,62887
42,64672,156,0.0,2148,1743,62929
13,64685,156,0.0,2149,1743,62942
58,64743,156,0.0,2150,1743,63000
11,64754,156,0.0,2151,1743,63011
78,64832,156,0.0,2152,1743,63089
19,64851,156,0.0,2153,1743,63108
9,64860,156,0.0,2154,1743,63117
44,64904,156,0.0,2155,1743,63161
27,64931,156,0.0,2156,1743,63188
17,64948,156,0.0,2157,1743,63205
22,64970,156,0.0,2158,1743,63227
16,64986,156,0.0,2159,1743,63243
18,65004,156,0.0,2160,1743,63261
27,65031,156,0.0,2161,1743,63288
14,65045,156,0.0,2162,1743,63302
46,65091,157,1.0,2163,1743,63348
82,65173,157,0.0,2164,1743,63430
15,65188,157,0.0,2165,1743,63445
37,65225,157,0.0,2166,1743,63482
30,65255,158,1.0,2167,1743,63512
19,65274,158,0.0,2168,1743,63531
28,65302,158,0.0,2169,1743,63559
7,65309,158,0.0,2170,1743,63566
85,65394,158,0.0,2171,1743,63651
22,65416,158,0.0,2172,1743,63673
50,65466,158,0.0,2173,1743,63723
71,65537,158,0.0,2174,1743,63794
21,65558,158,0.0,2175,1743,63815
42,65600,158,0.0,2176,1743,63857
35,65635,158,0.0,2177,1743,63892
55,65690,158,0.0,2178,1743,63947
19,65709,158,0.0,2179,1743,63966
6,65715,158,0.0,2180,1743,63972
26,65741,158,0.0,2181,1743,63998
57,65798,159,1.0,2182,1743,64055
24,65822,160,1.0,2183,1743,64079
60,65882,160,0.0,2184,1743,64139
91,65973,161,1.0,2185,1743,64230
34,66007,161,0.0,2186,1743,64264
57,66064,161,0.0,2187,1743,64321
32,66096,162,1.0,2188,1743,64353
62,66158,162,0.0,2189,1743,64415
89,66247,163,1.0,2190,1743,64504
12,66259,163,0.0,2191,1743,64516
8,66267,163,0.0,2192,1743,64524
18,66285,163,0.0,2193,1743,64542
32,66317,163,0.0,2194,1743,64574
21,66338,163,0.0,2195,1743,64595
52,66390,163,0.0,2196,1743,64647
32,66422,163,0.0,2197,1743,64679
7,66429,163,0.0,2198,1743,64686
32,66461,163,0.0,2199,1743,64718
12,66473,163,0.0,2200,1743,64730
52,66525,163,0.0,2201,1743,64782
49,66574,163,0.0,2202,1743,64831
9,66583,163,0.0,2203,1743,64840
18,66601,164,1.0,2204,1743,64858
42,66643,164,0.0,2205,1743,64900
19,66662,164,0.0,2206,1743,64919
10,66672,164,0.0,2207,1743,64929
25,66697,164,0.0,2208,1743,64954
13,66710,164,0.0,2209,1743,64967
53,66763,164,0.0,2210,1743,65020
23,66786,164,0.0,2211,1743,65043
24,66810,164,0.0,2212,1743,65067
17,66827,164,0.0,2213,1743,65084
36,66863,164,0.0,2214,1743,65120
49,66912,164,0.0,2215,1743,65169
27,66939,164,0.0,2216,1743,65196
25,66964,164,0.0,2217,1743,65221
17,66981,164,0.0,2218,1743,65238
61,67042,164,0.0,2219,1743,65299
11,67053,164,0.0,2220,1743,65310
53,67106,164,0.0,2221,1743,65363
25,67131,165,1.0,2222,1743,65388
10,67141,165,0.0,2223,1743,65398
26,67167,165,0.0,2224,1743,65424
27,67194,165,0.0,2225,1743,65451
100,67294,165,0.0,2226,1743,65551
100,67394,165,0.0,2227,1743,65651
47,67441,165,0.0,2228,1743,65698
18,67459,165,0.0,2229,1743,65716
8,67467,165,0.0,2230,1743,65724
14,67481,165,0.0,2231,1743,65738
23,67504,165,0.0,2232,1743,65761
33,67537,166,1.0,2233,1743,65794
100,67637,166,0.0,2234,1743,65894
10,67647,166,0.0,2235,1743,65904
37,67684,166,0.0,2236,1743,65941
5,67689,166,0.0,2237,1743,65946
28,67717,166,0.0,2238,1743,65974
54,67771,167,1.0,2239,1743,66028
54,67825,167,0.0,2240,1743,66082
7,67832,167,0.0,2241,1743,66089
25,67857,168,1.0,2242,1743,66114
26,67883,168,0.0,2243,1743,66140
77,67960,168,0.0,2244,1743,66217
5,67965,168,0.0,2245,1743,66222
11,67976,168,0.0,2246,1743,66233
34,68010,168,0.0,2247,1743,66267
19,68029,168,0.0,2248,1743,66286
54,68083,169,1.0,2249,1743,66340
40,68123,169,0.0,2250,1743,66380
10,68133,169,0.0,2251,1743,66390
19,68152,169,0.0,2252,1743,66409
9,68161,169,0.0,2253,1743,66418
12,68173,169,0.0,2254,1743,66430
26,68199,169,0.0,2255,1743,66456
26,68225,169,0.0,2256,1743,66482
21,68246,169,0.0,2257,1743,66503
15,68261,169,0.0,2258,1743,66518
22,68283,169,0.0,2259,1743,66540
31,68314,169,0.0,2260,1743,66571
42,68356,170,1.0,2261,1743,66613
16,68372,170,0.0,2262,1743,66629
29,68401,170,0.0,2263,1743,66658
9,68410,170,0.0,2264,1743,66667
28,68438,170,0.0,2265,1743,66695
80,68518,170,0.0,2266,1743,66775
62,68580,170,0.0,2267,1743,66837
14,68594,170,0.0,2268,1743,66851
11,68605,170,0.0,2269,1743,66862
21,68626,170,0.0,2270,1743,66883
11,68637,170,0.0,2271,1743,66894
28,68665,170,0.0,2272,1743,66922
30,68695,170,0.0,2273,1743,66952
10,68705,170,0.0,2274,1743,66962
47,68752,171,1.0,2275,1743,67009
39,68791,171,0.0,2276,1743,67048
26,68817,171,0.0,2277,1743,67074
19,68836,171,0.0,2278,1743,67093
54,68890,171,0.0,2279,1743,67147
56,68946,171,0.0,2280,1743,67203
20,68966,171,0.0,2281,1743,67223
64,69030,171,0.0,2282,1743,67287
13,69043,171,0.0,2283,1743,67300
34,69077,171,0.0,2284,1743,67334
33,69110,172,1.0,2285,1743,67367
9,69119,172,0.0,2286,1743,67376
20,69139,172,0.0,2287,1743,67396
24,69163,173,1.0,2288,1743,67420
11,69174,173,0.0,2289,1743,67431
48,69222,173,0.0,2290,1743,67479
18,69240,173,0.0,2291,1743,67497
14,69254,173,0.0,2292,1743,67511
15,69269,173,0.0,2293,1743,67526
28,69297,173,0.0,2294,1743,67554
45,69342,173,0.0,2295,1743,67599
34,69376,173,0.0,2296,1743,67633
31,69407,173,0.0,2297,1743,67664
19,69426,173,0.0,2298,1743,67683
32,69458,173,0.0,2299,1743,67715
23,69481,173,0.0,2300,1743,67738
100,69581,173,0.0,2301,1743,67838
16,69597,173,0.0,2302,1743,67854
33,69630,173,0.0,2303,1743,67887
10,69640,173,0.0,2304,1743,67897
16,69656,173,0.0,2305,1743,67913
39,69695,173,0.0,2306,1743,67952
12,69707,173,0.0,2307,1743,67964
49,69756,173,0.0,2308,1743,68013
22,69778,173,0.0,2309,1743,68035
26,69804,173,0.0,2310,1743,68061
41,69845,173,0.0,2311,1743,68102
36,69881,173,0.0,2312,1743,68138
23,69904,173,0.0,2313,1743,68161
20,69924,173,0.0,2314,1743,68181
26,69950,173,0.0,2315,1743,68207
17,69967,173,0.0,2316,1743,68224
13,69980,173,0.0,2317,1743,68237
36,70016,173,0.0,2318,1743,68273
12,70028,173,0.0,2319,1743,68285
26,70054,173,0.0,2320,1743,68311
8,70062,173,0.0,2321,1743,68319
28,70090,174,1.0,2322,1743,68347
22,70112,174,0.0,2323,1743,68369
69,70181,174,0.0,2324,1743,68438
19,70200,174,0.0,2325,1743,68457
22,70222,175,1.0,2326,1743,68479
77,70299,175,0.0,2327,1743,68556
40,70339,175,0.0,2328,1743,68596
11,70350,175,0.0,2329,1743,68607
8,70358,175,0.0,2330,1743,68615
14,70372,175,0.0,2331,1743,68629
41,70413,175,0.0,2332,1743,68670
17,70430,175,0.0,2333,1743,68687
28,70458,175,0.0,2334,1743,68715
31,70489,175,0.0,2335,1743,68746
31,70520,175,0.0,2336,1743,68777
14,70534,175,0.0,2337,1743,68791
15,70549,175,0.0,2338,1743,68806
43,70592,175,0.0,2339,1743,68849
14,70606,175,0.0,2340,1743,68863
19,70625,175,0.0,2341,1743,68882
16,70641,175,0.0,2342,1743,68898
42,70683,175,0.0,2343,1743,68940
16,70699,175,0.0,2344,1743,68956
31,70730,175,0.0,2345,1743,68987
38,70768,175,0.0,2346,1743,69025
46,70814,175,0.0,2347,1743,69071
41,70855,175,0.0,2348,1743,69112
37,70892,176,1.0,2349,1743,69149
26,70918,176,0.0,2350,1743,69175
9,70927,176,0.0,2351,1743,69184
21,70948,176,0.0,2352,1743,69205
10,70958,176,0.0,2353,1743,69215
11,70969,176,0.0,2354,1743,69226
35,71004,176,0.0,2355,1743,69261
23,71027,176,0.0,2356,1743,69284
56,71083,176,0.0,2357,1743,69340
14,71097,176,0.0,2358,1743,69354
7,71104,176,0.0,2359,1743,69361
13,71117,176,0.0,2360,1743,69374
29,71146,176,0.0,2361,1743,69403
71,71217,176,0.0,2362,1743,69474
100,71317,176,0.0,2363,1743,69574
33,71350,176,0.0,2364,1743,69607
21,71371,176,0.0,2365,1743,69628
35,71406,176,0.0,2366,1743,69663
43,71449,176,0.0,2367,1743,69706
8,71457,176,0.0,2368,1743,69714
11,71468,176,0.0,2369,1743,69725
40,71508,176,0.0,2370,1743,69765
48,71556,176,0.0,2371,1743,69813
99,71655,176,0.0,2372,1743,69912
42,71697,176,0.0,2373,1743,69954
26,71723,176,0.0,2374,1743,69980
11,71734,176,0.0,2375,1743,69991
34,71768,176,0.0,2376,1743,70025
91,71859,177,1.0,2377,1743,70116
61,71920,177,0.0,2378,1743,70177
23,71943,177,0.0,2379,1743,70200
11,71954,177,0.0,2380,1743,70211
41,71995,177,0.0,2381,1743,70252
41,72036,177,0.0,2382,1743,70293
30,72066,177,0.0,2383,1743,70323
38,72104,177,0.0,2384,1743,70361
79,72183,177,0.0,2385,1743,70440
8,72191,177,0.0,2386,1743,70448
50,72241,177,0.0,2387,1743,70498
9,72250,177,0.0,2388,1743,70507
30,72280,177,0.0,2389,1743,70537
40,72320,177,0.0,2390,1743,70577
25,72345,177,0.0,2391,1743,70602
27,72372,178,1.0,2392,1743,70629
30,72402,178,0.0,2393,1743,70659
11,72413,178,0.0,2394,1743,70670
15,72428,178,0.0,2395,1743,70685
20,72448,178,0.0,2396,1743,70705
8,72456,178,0.0,2397,1743,70713
32,72488,178,0.0,2398,1743,70745
12,72500,178,0.0,2399,1743,70757
10,72510,178,0.0,2400,1743,70767
29,72539,178,0.0,2401,1743,70796
13,72552,178,0.0,2402,1743,70809
29,72581,178,0.0,2403,1743,70838
22,72603,178,0.0,2404,1743,70860
32,72635,178,0.0,2405,1743,70892
28,72663,178,0.0,2406,1743,70920
100,72763,179,1.0,2407,1743,71020
78,72841,179,0.0,2408,1743,71098
19,72860,179,0.0,2409,1743,71117
58,72918,180,1.0,2410,1743,71175
45,72963,180,0.0,2411,1743,71220
64,73027,180,0.0,2412,1743,71284
27,73054,180,0.0,2413,1743,71311
12,73066,180,0.0,2414,1743,71323
42,73108,180,0.0,2415,1743,71365
10,73118,180,0.0,2416,1743,71375
19,73137,180,0.0,2417,1743,71394
13,73150,180,0.0,2418,1743,71407
10,73160,180,0.0,2419,1743,71417
31,73191,180,0.0,2420,1743,71448
25,73216,180,0.0,2421,1743,71473
28,73244,180,0.0,2422,1743,71501
17,73261,180,0.0,2423,1743,71518
46,73307,180,0.0,2424,1743,71564
47,73354,180,0.0,2425,1743,71611
43,73397,180,0.0,2426,1743,71654
45,73442,181,1.0,2427,1743,71699
64,73506,181,0.0,2428,1743,71763
29,73535,182,1.0,2429,1743,71792
15,73550,182,0.0,2430,1743,71807
12,73562,182,0.0,2431,1743,71819
30,73592,183,1.0,2432,1743,71849
17,73609,183,0.0,2433,1743,71866
42,73651,183,0.0,2434,1743,71908
11,73662,183,0.0,2435,1743,71919
30,73692,183,0.0,2436,1743,71949
23,73715,184,1.0,2437,1743,71972
21,73736,184,0.0,2438,1743,71993
55,73791,184,0.0,2439,1743,72048
49,73840,184,0.0,2440,1743,72097
12,73852,184,0.0,2441,1743,72109
24,73876,184,0.0,2442,1743,72133
20,73896,184,0.0,2443,1743,72153
24,73920,185,1.0,2444,1743,72177
12,73932,185,0.0,2445,1743,72189
27,73959,185,0.0,2446,1743,72216
26,73985,185,0.0,2447,1743,72242
16,74001,185,0.0,2448,1743,72258
15,74016,185,0.0,2449,1743,72273
16,74032,185,0.0,2450,1743,72289
26,74058,185,0.0,2451,1743,72315
26,74084,185,0.0,2452,1743,72341
19,74103,185,0.0,2453,1743,72360
57,74160,186,1.0,2454,1743,72417
40,74200,186,0.0,2455,1743,72457
29,74229,187,1.0,2456,1743,72486
29,74258,187,0.0,2457,1743,72515
13,74271,187,0.0,2458,1743,72528
38,74309,187,0.0,2459,1743,72566
74,74383,187,0.0,2460,1743,72640
10,74393,187,0.0,2461,1743,72650
21,74414,187,0.0,2462,1743,72671
16,74430,187,0.0,2463,1743,72687
21,74451,187,0.0,2464,1743,72708
16,74467,187,0.0,2465,1743,72724
38,74505,187,0.0,2466,1743,72762
30,74535,187,0.0,2467,1743,72792
12,74547,187,0.0,2468,1743,72804
10,74557,187,0.0,2469,1743,72814
10,74567,187,0.0,2470,1743,72824
16,74583,187,0.0,2471,1743,72840
51,74634,187,0.0,2472,1743,72891
6,74640,187,0.0,2473,1743,72897
56,74696,187,0.0,2474,1743,72953
37,74733,187,0.0,2475,1743,72990
9,74742,187,0.0,2476,1743,72999
17,74759,187,0.0,2477,1743,73016
7,74766,187,0.0,2478,1743,73023
14,74780,187,0.0,2479,1743,73037
42,74822,187,0.0,2480,1743,73079
25,74847,187,0.0,2481,1743,73104
14,74861,187,0.0,2482,1743,73118
17,74878,187,0.0,2483,1743,73135
62,74940,187,0.0,2484,1743,73197
28,74968,187,0.0,2485,1743,73225
25,74993,187,0.0,2486,1743,73250
14,75007,187,0.0,2487,1743,73264
8,75015,187,0.0,2488,1743,73272
25,75040,187,0.0,2489,1743,73297
20,75060,187,0.0,2490,1743,73317
46,75106,187,0.0,2491,1743,73363
46,75152,187,0.0,2492,1743,73409
26,75178,187,0.0,2493,1743,73435
43,75221,187,0.0,2494,1743,73478
10,75231,187,0.0,2495,1743,73488
23,75254,187,0.0,2496,1743,73511
24,75278,187,0.0,2497,1743,73535
21,75299,187,0.0,2498,1743,73556
38,75337,187,0.0,2499,1743,73594
38,75375,187,0.0,2500,1743,73632
30,75405,188,1.0,2501,1743,73662
70,75475,189,1.0,2502,1743,73732
28,75503,189,0.0,2503,1743,73760
35,75538,190,1.0,2504,1743,73795
66,75604,190,0.0,2505,1743,73861
18,75622,190,0.0,2506,1743,73879
19,75641,190,0.0,2507,1743,73898
12,75653,190,0.0,2508,1743,73910
33,75686,190,0.0,2509,1743,73943
11,75697,190,0.0,2510,1743,73954
38,75735,191,1.0,2511,1743,73992
25,75760,191,0.0,2512,1743,74017
39,75799,192,1.0,2513,1743,74056
14,75813,192,0.0,2514,1743,74070
73,75886,192,0.0,2515,1743,74143
9,75895,192,0.0,2516,1743,74152
68,75963,192,0.0,2517,1743,74220
38,76001,192,0.0,2518,1743,74258
47,76048,192,0.0,2519,1743,74305
24,76072,192,0.0,2520,1743,74329
22,76094,192,0.0,2521,1743,74351
26,76120,192,0.0,2522,1743,74377
11,76131,192,0.0,2523,1743,74388
13,76144,192,0.0,2524,1743,74401
68,76212,192,0.0,2525,1743,74469
22,76234,192,0.0,2526,1743,74491
47,76281,193,1.0,2527,1743,74538
72,76353,193,0.0,2528,1743,74610
11,76364,193,0.0,2529,1743,74621
7,76371,193,0.0,2530,1743,74628
10,76381,193,0.0,2531,1743,74638
15,76396,193,0.0,2532,1743,74653
13,76409,193,0.0,2533,1743,74666
42,76451,193,0.0,2534,1743,74708
67,76518,193,0.0,2535,1743,74775
47,76565,194,1.0,2536,1743,74822
10,76575,194,0.0,2537,1743,74832
52,76627,195,1.0,2538,1743,74884
32,76659,196,1.0,2539,1743,74916
29,76688,196,0.0,2540,1743,74945
33,76721,196,0.0,2541,1743,74978
23,76744,196,0.0,2542,1743,75001
61,76805,196,0.0,2543,1743,75062
76,76881,197,1.0,2544,1743,75138
34,76915,197,0.0,2545,1743,75172
52,76967,197,0.0,2546,1743,75224
13,76980,197,0.0,2547,1743,75237
48,77028,197,0.0,2548,1743,75285
28,77056,197,0.0,2549,1743,75313
26,77082,197,0.0,2550,1743,75339
18,77100,197,0.0,2551,1743,75357
15,77115,197,0.0,2552,1743,75372
61,77176,197,0.0,2553,1743,75433
43,77219,197,0.0,2554,1743,75476
34,77253,198,1.0,2555,1743,75510
18,77271,198,0.0,2556,1743,75528
23,77294,198,0.0,2557,1743,75551
5,77299,198,0.0,2558,1743,75556
30,77329,199,1.0,2559,1743,75586
40,77369,200,1.0,2560,1743,75626
11,77380,200,0.0,2561,1743,75637
11,77391,200,0.0,2562,1743,75648
56,77447,201,1.0,2563,1743,75704
17,77464,201,0.0,2564,1743,75721
31,77495,202,1.0,2565,1743,75752
13,77508,202,0.0,2566,1743,75765
58,77566,202,0.0,2567,1743,75823
14,77580,202,0.0,2568,1743,75837
35,77615,202,0.0,2569,1743,75872
55,77670,202,0.0,2570,1743,75927
13,77683,202,0.0,2571,1743,75940
100,77783,202,0.0,2572,1743,76040
29,77812,202,0.0,2573,1743,76069
25,77837,203,1.0,2574,1743,76094
20,77857,203,0.0,2575,1743,76114
23,77880,203,0.0,2576,1743,76137
34,77914,203,0.0,2577,1743,76171
17,77931,203,0.0,2578,1743,76188
14,77945,203,0.0,2579,1743,76202
30,77975,203,0.0,2580,1743,76232
69,78044,204,1.0,2581,1743,76301
13,78057,204,0.0,2582,1743,76314
28,78085,204,0.0,2583,1743,76342
16,78101,204,0.0,2584,1743,76358
6,78107,204,0.0,2585,1743,76364
27,78134,204,0.0,2586,1743,76391
23,78157,204,0.0,2587,1743,76414
10,78167,204,0.0,2588,1743,76424
13,78180,204,0.0,2589,1743,76437
16,78196,204,0.0,2590,1743,76453
31,78227,204,0.0,2591,1743,76484
57,78284,204,0.0,2592,1743,76541
20,78304,204,0.0,2593,1743,76561
29,78333,205,1.0,2594,1743,76590
9,78342,205,0.0,2595,1743,76599
9,78351,205,0.0,2596,1743,76608
32,78383,205,0.0,2597,1743,76640
19,78402,205,0.0,2598,1743,76659
14,78416,205,0.0,2599,1743,76673
19,78435,205,0.0,2600,1743,76692
9,78444,205,0.0,2601,1743,76701
64,78508,205,0.0,2602,1743,76765
40,78548,206,1.0,2603,1743,76805
8,78556,206,0.0,2604,1743,76813
8,78564,206,0.0,2605,1743,76821
6,78570,206,0.0,2606,1743,76827
29,78599,206,0.0,2607,1743,76856
26,78625,206,0.0,2608,1743,76882
36,78661,206,0.0,2609,1743,76918
39,78700,206,0.0,2610,1743,76957
36,78736,206,0.0,2611,1743,76993
20,78756,206,0.0,2612,1743,77013
26,78782,206,0.0,2613,1743,77039
14,78796,206,0.0,2614,1743,77053
11,78807,206,0.0,2615,1743,77064
38,78845,206,0.0,2616,1743,77102
30,78875,206,0.0,2617,1743,77132
50,78925,207,1.0,2618,1743,77182
31,78956,207,0.0,2619,1743,77213
14,78970,207,0.0,2620,1743,77227
24,78994,208,1.0,2621,1743,77251
17,79011,208,0.0,2622,1743,77268
17,79028,208,0.0,2623,1743,77285
17,79045,208,0.0,2624,1743,77302
56,79101,208,0.0,2625,1743,77358
16,79117,208,0.0,2626,1743,77374
33,79150,208,0.0,2627,1743,77407
25,79175,208,0.0,2628,1743,77432
84,79259,208,0.0,2629,1743,77516
7,79266,208,0.0,2630,1743,77523
11,79277,208,0.0,2631,1743,77534
55,79332,208,0.0,2632,1743,77589
24,79356,208,0.0,2633,1743,77613
32,79388,208,0.0,2634,1743,77645
36,79424,208,0.0,2635,1743,77681
39,79463,209,1.0,2636,1743,77720
40,79503,209,0.0,2637,1743,77760
14,79517,209,0.0,2638,1743,77774
13,79530,209,0.0,2639,1743,77787
49,79579,209,0.0,2640,1743,77836
32,79611,209,0.0,2641,1743,77868
56,79667,210,1.0,2642,1743,77924
54,79721,211,1.0,2643,1743,77978
18,79739,211,0.0,2644,1743,77996
100,79839,211,0.0,2645,1743,78096
6,79845,211,0.0,2646,1743,78102
34,79879,211,0.0,2647,1743,78136
38,79917,211,0.0,2648,1743,78174
25,79942,211,0.0,2649,1743,78199
57,79999,211,0.0,2650,1743,78256
20,80019,211,0.0,2651,1743,78276
9,80028,211,0.0,2652,1743,78285
52,80080,211,0.0,2653,1743,78337
11,80091,211,0.0,2654,1743,78348
46,80137,211,0.0,2655,1743,78394
64,80201,211,0.0,2656,1743,78458
30,80231,212,1.0,2657,1743,78488
35,80266,212,0.0,2658,1743,78523
51,80317,213,1.0,2659,1743,78574
12,80329,213,0.0,2660,1743,78586
19,80348,213,0.0,2661,1743,78605
15,80363,213,0.0,2662,1743,78620
23,80386,213,0.0,2663,1743,78643
45,80431,213,0.0,2664,1743,78688
15,80446,213,0.0,2665,1743,78703
74,80520,214,1.0,2666,1743,78777
14,80534,214,0.0,2667,1743,78791
23,80557,214,0.0,2668,1743,78814
15,80572,214,0.0,2669,1743,78829
43,80615,214,0.0,2670,1743,78872
30,80645,214,0.0,2671,1743,78902
32,80677,214,0.0,2672,1743,78934
26,80703,214,0.0,2673,1743,78960
15,80718,214,0.0,2674,1743,78975
16,80734,214,0.0,2675,1743,78991
22,80756,214,0.0,2676,1743,79013
24,80780,214,0.0,2677,1743,79037
32,80812,214,0.0,2678,1743,79069
20,80832,214,0.0,2679,1743,79089
9,80841,214,0.0,2680,1743,79098
52,80893,214,0.0,2681,1743,79150
51,80944,215,1.0,2682,1743,79201
50,80994,215,0.0,2683,1743,79251
33,81027,215,0.0,2684,1743,79284
39,81066,215,0.0,2685,1743,79323
24,81090,215,0.0,2686,1743,79347
18,81108,215,0.0,2687,1743,79365
54,81162,215,0.0,2688,1743,79419
96,81258,215,0.0,2689,1743,79515
9,81267,215,0.0,2690,1743,79524
31,81298,215,0.0,2691,1743,79555
29,81327,216,1.0,2692,1743,79584
31,81358,216,0.0,2693,1743,79615
8,81366,216,0.0,2694,1743,79623
21,81387,216,0.0,2695,1743,79644
22,81409,216,0.0,2696,1743,79666
16,81425,216,0.0,2697,1743,79682
15,81440,216,0.0,2698,1743,79697
40,81480,216,0.0,2699,1743,79737
25,81505,216,0.0,2700,1743,79762
29,81534,216,0.0,2701,1743,79791
15,81549,216,0.0,2702,1743,79806
29,81578,216,0.0,2703,1743,79835
18,81596,216,0.0,2704,1743,79853
19,81615,216,0.0,2705,1743,79872
29,81644,216,0.0,2706,1743,79901
9,81653,216,0.0,2707,1743,79910
53,81706,216,0.0,2708,1743,79963
42,81748,216,0.0,2709,1743,80005
18,81766,216,0.0,2710,1743,80023
45,81811,217,1.0,2711,1743,80068
24,81835,217,0.0,2712,1743,80092
19,81854,217,0.0,2713,1743,80111
15,81869,217,0.0,2714,1743,80126
51,81920,217,0.0,2715,1743,80177
38,81958,217,0.0,2716,1743,80215
30,81988,217,0.0,2717,1743,80245
46,82034,217,0.0,2718,1743,80291
6,82040,217,0.0,2719,1743,80297
14,82054,217,0.0,2720,1743,80311
12,82066,217,0.0,2721,1743,80323
56,82122,217,0.0,2722,1743,80379
35,82157,218,1.0,2723,1743,80414
55,82212,218,0.0,2724,1743,80469
10,82222,218,0.0,2725,1743,80479
9,82231,218,0.0,2726,1743,80488
35,82266,218,0.0,2727,1743,80523
45,82311,218,0.0,2728,1743,80568
93,82404,218,0.0,2729,1743,80661
9,82413,218,0.0,2730,1743,80670
9,82422,218,0.0,2731,1743,80679
15,82437,218,0.0,2732,1743,80694
86,82523,219,1.0,2733,1743,80780
31,82554,220,1.0,2734,1743,80811
60,82614,220,0.0,2735,1743,80871
8,82622,220,0.0,2736,1743,80879
73,82695,220,0.0,2737,1743,80952
18,82713,220,0.0,2738,1743,80970
18,82731,220,0.0,2739,1743,80988
65,82796,220,0.0,2740,1743,81053
25,82821,220,0.0,2741,1743,81078
50,82871,220,0.0,2742,1743,81128
32,82903,220,0.0,2743,1743,81160
6,82909,220,0.0,2744,1743,81166
18,82927,221,1.0,2745,1743,81184
16,82943,221,0.0,2746,1743,81200
23,82966,221,0.0,2747,1743,81223
33,82999,221,0.0,2748,1743,81256
11,83010,221,0.0,2749,1743,81267
34,83044,222,1.0,2750,1743,81301
12,83056,222,0.0,2751,1743,81313
19,83075,222,0.0,2752,1743,81332
8,83083,222,0.0,2753,1743,81340
46,83129,223,1.0,2754,1743,81386
59,83188,224,1.0,2755,1743,81445
61,83249,225,1.0,2756,1743,81506
11,83260,225,0.0,2757,1743,81517
16,83276,225,0.0,2758,1743,81533
26,83302,226,1.0,2759,1743,81559
26,83328,226,0.0,2760,1743,81585
22,83350,226,0.0,2761,1743,81607
16,83366,226,0.0,2762,1743,81623
38,83404,226,0.0,2763,1743,81661
64,83468,226,0.0,2764,1743,81725
25,83493,226,0.0,2765,1743,81750
52,83545,226,0.0,2766,1743,81802
20,83565,226,0.0,2767,1743,81822
11,83576,226,0.0,2768,1743,81833
59,83635,226,0.0,2769,1743,81892
19,83654,226,0.0,2770,1743,81911
31,83685,227,1.0,2771,1743,81942
20,83705,227,0.0,2772,1743,81962
28,83733,227,0.0,2773,1743,81990
60,83793,227,0.0,2774,1743,82050
15,83808,227,0.0,2775,1743,82065
46,83854,227,0.0,2776,1743,82111
13,83867,227,0.0,2777,1743,82124
99,83966,227,0.0,2778,1743,82223
33,83999,227,0.0,2779,1743,82256
71,84070,227,0.0,2780,1743,82327
16,84086,227,0.0,2781,1743,82343
16,84102,227,0.0,2782,1743,82359
23,84125,227,0.0,2783,1743,82382
20,84145,227,0.0,2784,1743,82402
11,84156,227,0.0,2785,1743,82413
48,84204,227,0.0,2786,1743,82461
44,84248,227,0.0,2787,1743,82505
96,84344,227,0.0,2788,1743,82601
45,84389,227,0.0,2789,1743,82646
19,84408,227,0.0,2790,1743,82665
59,84467,227,0.0,2791,1743,82724
23,84490,227,0.0,2792,1743,82747
10,84500,227,0.0,2793,1743,82757
42,84542,227,0.0,2794,1743,82799
36,84578,227,0.0,2795,1743,82835
13,84591,227,0.0,2796,1743,82848
55,84646,227,0.0,2797,1743,82903
20,84666,227,0.0,2798,1743,82923
13,84679,227,0.0,2799,1743,82936
15,84694,227,0.0,2800,1743,82951
54,84748,227,0.0,2801,1743,83005
22,84770,227,0.0,2802,1743,83027
21,84791,227,0.0,2803,1743,83048
21,84812,227,0.0,2804,1743,83069
24,84836,227,0.0,2805,1743,83093
38,84874,227,0.0,2806,1743,83131
15,84889,227,0.0,2807,1743,83146
58,84947,227,0.0,2808,1743,83204
54,85001,227,0.0,2809,1743,83258
19,85020,227,0.0,2810,1743,83277
31,85051,228,1.0,2811,1743,83308
17,85068,228,0.0,2812,1743,83325
37,85105,228,0.0,2813,1743,83362
21,85126,228,0.0,2814,1743,83383
11,85137,228,0.0,2815,1743,83394
15,85152,228,0.0,2816,1743,83409
22,85174,228,0.0,2817,1743,83431
7,85181,228,0.0,2818,1743,83438
28,85209,228,0.0,2819,1743,83466
29,85238,228,0.0,2820,1743,83495
33,85271,228,0.0,2821,1743,83528
21,85292,228,0.0,2822,1743,83549
33,85325,228,0.0,2823,1743,83582
35,85360,228,0.0,2824,1743,83617
33,85393,229,1.0,2825,1743,83650
29,85422,229,0.0,2826,1743,83679
16,85438,229,0.0,2827,1743,83695
44,85482,229,0.0,2828,1743,83739
19,85501,229,0.0,2829,1743,83758
48,85549,229,0.0,2830,1743,83806
6,85555,229,0.0,2831,1743,83812
43,85598,229,0.0,2832,1743,83855
11,85609,229,0.0,2833,1743,83866
9,85618,229,0.0,2834,1743,83875
35,85653,229,0.0,2835,1743,83910
39,85692,230,1.0,2836,1743,83949
14,85706,230,0.0,2837,1743,83963
24,85730,230,0.0,2838,1743,83987
27,85757,230,0.0,2839,1743,84014
54,85811,230,0.0,2840,1743,84068
10,85821,230,0.0,2841,1743,84078
34,85855,230,0.0,2842,1743,84112
18,85873,230,0.0,2843,1743,84130
12,85885,230,0.0,2844,1743,84142
47,85932,231,1.0,2845,1743,84189
10,85942,231,0.0,2846,1743,84199
21,85963,231,0.0,2847,1743,84220
23,85986,231,0.0,2848,1743,84243
75,86061,231,0.0,2849,1743,84318
55,86116,231,0.0,2850,1743,84373
51,86167,231,0.0,2851,1743,84424
9,86176,231,0.0,2852,1743,84433
16,86192,231,0.0,2853,1743,84449
20,86212,231,0.0,2854,1743,84469
37,86249,232,1.0,2855,1743,84506
27,86276,232,0.0,2856,1743,84533
24,86300,232,0.0,2857,1743,84557
5,86305,232,0.0,2858,1743,84562
28,86333,232,0.0,2859,1743,84590
41,86374,232,0.0,2860,1743,84631
7,86381,232,0.0,2861,1743,84638
25,86406,232,0.0,2862,1743,84663
60,86466,232,0.0,2863,1743,84723
65,86531,232,0.0,2864,1743,84788
27,86558,232,0.0,2865,1743,84815
37,86595,232,0.0,2866,1743,84852
27,86622,232,0.0,2867,1743,84879
27,86649,232,0.0,2868,1743,84906
42,86691,232,0.0,2869,1743,84948
52,86743,232,0.0,2870,1743,85000
23,86766,232,0.0,2871,1743,85023
28,86794,232,0.0,2872,1743,85051
23,86817,232,0.0,2873,1743,85074
31,86848,232,0.0,2874,1743,85105
47,86895,232,0.0,2875,1743,85152
10,86905,232,0.0,2876,1743,85162
15,86920,233,1.0,2877,1743,85177
24,86944,233,0.0,2878,1743,85201
18,86962,233,0.0,2879,1743,85219
46,87008,233,0.0,2880,1743,85265
47,87055,234,1.0,2881,1743,85312
20,87075,234,0.0,2882,1743,85332
55,87130,234,0.0,2883,1743,85387
27,87157,234,0.0,2884,1743,85414
8,87165,234,0.0,2885,1743,85422
13,87178,234,0.0,2886,1743,85435
14,87192,234,0.0,2887,1743,85449
9,87201,234,0.0,2888,1743,85458
45,87246,234,0.0,2889,1743,85503
21,87267,234,0.0,2890,1743,85524
44,87311,234,0.0,2891,1743,85568
13,87324,234,0.0,2892,1743,85581
42,87366,234,0.0,2893,1743,85623
18,87384,234,0.0,2894,1743,85641
30,87414,234,0.0,2895,1743,85671
27,87441,234,0.0,2896,1743,85698
19,87460,234,0.0,2897,1743,85717
34,87494,234,0.0,2898,1743,85751
14,87508,234,0.0,2899,1743,85765
42,87550,234,0.0,2900,1743,85807
13,87563,234,0.0,2901,1743,85820
58,87621,234,0.0,2902,1743,85878
17,87638,234,0.0,2903,1743,85895
11,87649,234,0.0,2904,1743,85906
31,87680,234,0.0,2905,1743,85937
42,87722,234,0.0,2906,1743,85979
47,87769,234,0.0,2907,1743,86026
22,87791,234,0.0,2908,1743,86048
22,87813,234,0.0,2909,1743,86070
32,87845,234,0.0,2910,1743,86102
38,87883,235,1.0,2911,1743,86140
14,87897,235,0.0,2912,1743,86154
31,87928,235,0.0,2913,1743,86185
27,87955,236,1.0,2914,1743,86212
7,87962,236,0.0,2915,1743,86219
44,88006,236,0.0,2916,1743,86263
9,88015,236,0.0,2917,1743,86272
28,88043,236,0.0,2918,1743,86300
23,88066,236,0.0,2919,1743,86323
27,88093,236,0.0,2920,1743,86350
23,88116,236,0.0,2921,1743,86373
28,88144,236,0.0,2922,1743,86401
33,88177,236,0.0,2923,1743,86434
12,88189,236,0.0,2924,1743,86446
18,88207,236,0.0,2925,1743,86464
38,88245,236,0.0,2926,1743,86502
7,88252,236,0.0,2927,1743,86509
22,88274,237,1.0,2928,1743,86531
60,88334,237,0.0,2929,1743,86591
38,88372,237,0.0,2930,1743,86629
41,88413,237,0.0,2931,1743,86670
33,88446,237,0.0,2932,1743,86703
11,88457,237,0.0,2933,1743,86714
20,88477,237,0.0,2934,1743,86734
22,88499,237,0.0,2935,1743,86756
25,88524,237,0.0,2936,1743,86781
24,88548,237,0.0,2937,1743,86805
28,88576,237,0.0,2938,1743,86833
32,88608,237,0.0,2939,1743,86865
16,88624,237,0.0,2940,1743,86881
17,88641,237,0.0,2941,1743,86898
16,88657,237,0.0,2942,1743,86914
24,88681,237,0.0,2943,1743,86938
29,88710,237,0.0,2944,1743,86967
24,88734,238,1.0,2945,1743,86991
11,88745,238,0.0,2946,1743,87002
19,88764,238,0.0,2947,1743,87021
35,88799,239,1.0,2948,1743,87056
29,88828,239,0.0,2949,1743,87085
26,88854,239,0.0,2950,1743,87111
59,88913,240,1.0,2951,1743,87170
86,88999,240,0.0,2952,1743,87256
64,89063,240,0.0,2953,1743,87320
100,89163,240,0.0,2954,1743,87420
59,89222,240,0.0,2955,1743,87479
17,89239,240,0.0,2956,1743,87496
18,89257,240,0.0,2957,1743,87514
47,89304,240,0.0,2958,1743,87561
25,89329,240,0.0,2959,1743,87586
12,89341,240,0.0,2960,1743,87598
20,89361,240,0.0,2961,1743,87618
33,89394,240,0.0,2962,1743,87651
36,89430,240,0.0,2963,1743,87687
27,89457,240,0.0,2964,1743,87714
17,89474,241,1.0,2965,1743,87731
40,89514,242,1.0,2966,1743,87771
23,89537,242,0.0,2967,1743,87794
36,89573,243,1.0,2968,1743,87830
22,89595,243,0.0,2969,1743,87852
21,89616,243,0.0,2970,1743,87873
9,89625,243,0.0,2971,1743,87882
35,89660,243,0.0,2972,1743,87917
22,89682,243,0.0,2973,1743,87939
17,89699,243,0.0,2974,1743,87956
27,89726,244,1.0,2975,1743,87983
17,89743,244,0.0,2976,1743,88000
61,89804,244,0.0,2977,1743,88061
8,89812,244,0.0,2978,1743,88069
25,89837,244,0.0,2979,1743,88094
16,89853,244,0.0,2980,1743,88110
11,89864,244,0.0,2981,1743,88121
7,89871,244,0.0,2982,1743,88128
52,89923,245,1.0,2983,1743,88180
28,89951,245,0.0,2984,1743,88208
10,89961,245,0.0,2985,1743,88218
18,89979,245,0.0,2986,1743,88236
6,89985,245,0.0,2987,1743,88242
100,90085,245,0.0,2988,1743,88342
15,90100,245,0.0,2989,1743,88357
93,90193,245,0.0,2990,1743,88450
21,90214,245,0.0,2991,1743,88471
47,90261,245,0.0,2992,1743,88518
8,90269,245,0.0,2993,1743,88526
62,90331,245,0.0,2994,1743,88588
7,90338,245,0.0,2995,1743,88595
16,90354,245,0.0,2996,1743,88611
14,90368,245,0.0,2997,1743,88625
15,90383,245,0.0,2998,1743,88640
10,90393,245,0.0,2999,1743,88650
22,90415,245,0.0,3000,1743,88672
29,90444,245,0.0,3001,1743,88701
21,90465,245,0.0,3002,1743,88722
41,90506,246,1.0,3003,1743,88763
22,90528,246,0.0,3004,1743,88785
21,90549,246,0.0,3005,1743,88806
16,90565,246,0.0,3006,1743,88822
24,90589,246,0.0,3007,1743,88846
34,90623,246,0.0,3008,1743,88880
8,90631,246,0.0,3009,1743,88888
17,90648,246,0.0,3010,1743,88905
30,90678,246,0.0,3011,1743,88935
61,90739,246,0.0,3012,1743,88996
16,90755,246,0.0,3013,1743,89012
37,90792,246,0.0,3014,1743,89049
46,90838,246,0.0,3015,1743,89095
8,90846,246,0.0,3016,1743,89103
50,90896,247,1.0,3017,1743,89153
23,90919,247,0.0,3018,1743,89176
9,90928,247,0.0,3019,1743,89185
18,90946,247,0.0,3020,1743,89203
9,90955,247,0.0,3021,1743,89212
15,90970,247,0.0,3022,1743,89227
41,91011,247,0.0,3023,1743,89268
8,91019,247,0.0,3024,1743,89276
20,91039,247,0.0,3025,1743,89296
36,91075,247,0.0,3026,1743,89332
22,91097,247,0.0,3027,1743,89354
37,91134,247,0.0,3028,1743,89391
54,91188,247,0.0,3029,1743,89445
14,91202,247,0.0,3030,1743,89459
63,91265,247,0.0,3031,1743,89522
26,91291,247,0.0,3032,1743,89548
30,91321,247,0.0,3033,1743,89578
24,91345,247,0.0,3034,1743,89602
46,91391,248,1.0,3035,1743,89648
22,91413,249,1.0,3036,1743,89670
21,91434,249,0.0,3037,1743,89691
11,91445,249,0.0,3038,1743,89702
56,91501,250,1.0,3039,1743,89758
40,91541,250,0.0,3040,1743,89798
27,91568,250,0.0,3041,1743,89825
14,91582,250,0.0,3042,1743,89839
20,91602,250,0.0,3043,1743,89859
19,91621,250,0.0,3044,1743,89878
11,91632,250,0.0,3045,1743,89889
42,91674,250,0.0,3046,1743,89931
24,91698,250,0.0,3047,1743,89955
15,91713,250,0.0,3048,1743,89970
24,91737,250,0.0,3049,1743,89994
16,91753,250,0.0,3050,1743,90010
14,91767,250,0.0,3051,1743,90024
12,91779,250,0.0,3052,1743,90036
19,91798,250,0.0,3053,1743,90055
10,91808,250,0.0,3054,1743,90065
20,91828,250,0.0,3055,1743,90085
56,91884,250,0.0,3056,1743,90141
98,91982,251,1.0,3057,1743,90239
78,92060,251,0.0,3058,1743,90317
12,92072,251,0.0,3059,1743,90329
45,92117,251,0.0,3060,1743,90374
8,92125,251,0.0,3061,1743,90382
14,92139,251,0.0,3062,1743,90396
50,92189,251,0.0,3063,1743,90446
100,92289,251,0.0,3064,1743,90546
14,92303,251,0.0,3065,1743,90560
10,92313,251,0.0,3066,1743,90570
28,92341,251,0.0,3067,1743,90598
37,92378,251,0.0,3068,1743,90635
91,92469,251,0.0,3069,1743,90726
20,92489,251,0.0,3070,1743,90746
9,92498,251,0.0,3071,1743,90755
24,92522,251,0.0,3072,1743,90779
5,92527,251,0.0,3073,1743,90784
12,92539,251,0.0,3074,1743,90796
46,92585,251,0.0,3075,1743,90842
21,92606,252,1.0,3076,1743,90863
10,92616,252,0.0,3077,1743,90873
73,92689,253,1.0,3078,1743,90946
15,92704,253,0.0,3079,1743,90961
17,92721,253,0.0,3080,1743,90978
17,92738,253,0.0,3081,1743,90995
45,92783,253,0.0,3082,1743,91040
32,92815,253,0.0,3083,1743,91072
18,92833,253,0.0,3084,1743,91090
7,92840,253,0.0,3085,1743,91097
32,92872,253,0.0,3086,1743,91129
75,92947,254,1.0,3087,1743,91204
13,92960,254,0.0,3088,1743,91217
19,92979,254,0.0,3089,1743,91236
14,92993,254,0.0,3090,1743,91250
35,93028,254,0.0,3091,1743,91285
10,93038,254,0.0,3092,1743,91295
56,93094,254,0.0,3093,1743,91351
7,93101,254,0.0,3094,1743,91358
24,93125,254,0.0,3095,1743,91382
47,93172,255,1.0,3096,1743,91429
18,93190,255,0.0,3097,1743,91447
21,93211,255,0.0,3098,1743,91468
10,93221,255,0.0,3099,1743,91478
13,93234,255,0.0,3100,1743,91491
15,93249,255,0.0,3101,1743,91506
10,93259,255,0.0,3102,1743,91516
24,93283,256,1.0,3103,1743,91540
33,93316,257,1.0,3104,1743,91573
15,93331,257,0.0,3105,1743,91588
21,93352,257,0.0,3106,1743,91609
12,93364,257,0.0,3107,1743,91621
22,93386,257,0.0,3108,1743,91643
28,93414,257,0.0,3109,1743,91671
27,93441,257,0.0,3110,1743,91698
11,93452,257,0.0,3111,1743,91709
28,93480,257,0.0,3112,1743,91737
17,93497,257,0.0,3113,1743,91754
27,93524,257,0.0,3114,1743,91781
11,93535,257,0.0,3115,1743,91792
33,93568,257,0.0,3116,1743,91825
11,93579,257,0.0,3117,1743,91836
18,93597,257,0.0,3118,1743,91854
32,93629,258,1.0,3119,1743,91886
21,93650,258,0.0,3120,1743,91907
36,93686,259,1.0,3121,1743,91943
24,93710,260,1.0,3122,1743,91967
23,93733,260,0.0,3123,1743,91990
24,93757,260,0.0,3124,1743,92014
31,93788,260,0.0,3125,1743,92045
16,93804,260,0.0,3126,1743,92061
20,93824,260,0.0,3127,1743,92081
9,93833,260,0.0,3128,1743,92090
31,93864,260,0.0,3129,1743,92121
24,93888,260,0.0,3130,1743,92145
53,93941,260,0.0,3131,1743,92198
23,93964,260,0.0,3132,1743,92221
40,94004,260,0.0,3133,1743,92261
15,94019,260,0.0,3134,1743,92276
34,94053,260,0.0,3135,1743,92310
42,94095,260,0.0,3136,1743,92352
17,94112,260,0.0,3137,1743,92369
16,94128,260,0.0,3138,1743,92385
20,94148,260,0.0,3139,1743,92405
13,94161,260,0.0,3140,1743,92418
24,94185,260,0.0,3141,1743,92442
5,94190,260,0.0,3142,1743,92447
11,94201,260,0.0,3143,1743,92458
55,94256,261,1.0,3144,1743,92513
62,94318,261,0.0,3145,1743,92575
21,94339,261,0.0,3146,1743,92596
45,94384,261,0.0,3147,1743,92641
26,94410,261,0.0,3148,1743,92667
28,94438,261,0.0,3149,1743,92695
59,94497,261,0.0,3150,1743,92754
49,94546,261,0.0,3151,1743,92803
48,94594,261,0.0,3152,1743,92851
14,94608,261,0.0,3153,1743,92865
38,94646,261,0.0,3154,1743,92903
45,94691,261,0.0,3155,1743,92948
34,94725,262,1.0,3156,1743,92982
24,94749,262,0.0,3157,1743,93006
16,94765,262,0.0,3158,1743,93022
89,94854,262,0.0,3159,1743,93111
10,94864,262,0.0,3160,1743,93121
46,94910,262,0.0,3161,1743,93167
14,94924,262,0.0,3162,1743,93181
40,94964,262,0.0,3163,1743,93221
15,94979,262,0.0,3164,1743,93236
31,95010,262,0.0,3165,1743,93267
42,95052,262,0.0,3166,1743,93309
69,95121,263,1.0,3167,1743,93378
38,95159,263,0.0,3168,1743,93416
34,95193,263,0.0,3169,1743,93450
33,95226,263,0.0,3170,1743,93483
19,95245,263,0.0,3171,1743,93502
45,95290,264,1.0,3172,1743,93547
19,95309,264,0.0,3173,1743,93566
9,95318,264,0.0,3174,1743,93575
50,95368,265,1.0,3175,1743,93625
16,95384,265,0.0,3176,1743,93641
18,95402,265,0.0,3177,1743,93659
24,95426,265,0.0,3178,1743,93683
15,95441,265,0.0,3179,1743,93698
50,95491,265,0.0,3180,1743,93748
98,95589,266,1.0,3181,1743,93846
34,95623,266,0.0,3182,1743,93880
27,95650,266,0.0,3183,1743,93907
18,95668,266,0.0,3184,1743,93925
74,95742,266,0.0,3185,1743,93999
15,95757,266,0.0,3186,1743,94014
57,95814,266,0.0,3187,1743,94071
10,95824,266,0.0,3188,1743,94081
45,95869,266,0.0,3189,1743,94126
12,95881,266,0.0,3190,1743,94138
20,95901,266,0.0,3191,1743,94158
85,95986,266,0.0,3192,1743,94243
30,96016,266,0.0,3193,1743,94273
41,96057,266,0.0,3194,1743,94314
13,96070,266,0.0,3195,1743,94327
20,96090,266,0.0,3196,1743,94347
25,96115,266,0.0,3197,1743,94372
29,96144,267,1.0,3198,1743,94401
100,96244,267,0.0,3199,1743,94501
18,96262,267,0.0,3200,1743,94519
27,96289,267,0.0,3201,1743,94546
23,96312,267,0.0,3202,1743,94569
22,96334,267,0.0,3203,1743,94591
8,96342,267,0.0,3204,1743,94599
45,96387,267,0.0,3205,1743,94644
7,96394,267,0.0,3206,1743,94651
34,96428,267,0.0,3207,1743,94685
19,96447,267,0.0,3208,1743,94704
70,96517,267,0.0,3209,1743,94774
6,96523,267,0.0,3210,1743,94780
19,96542,267,0.0,3211,1743,94799
29,96571,267,0.0,3212,1743,94828
11,96582,267,0.0,3213,1743,94839
18,96600,267,0.0,3214,1743,94857
65,96665,267,0.0,3215,1743,94922
26,96691,267,0.0,3216,1743,94948
26,96717,267,0.0,3217,1743,94974
20,96737,267,0.0,3218,1743,94994
39,96776,267,0.0,3219,1743,95033
63,96839,267,0.0,3220,1743,95096
9,96848,267,0.0,3221,1743,95105
16,96864,268,1.0,3222,1743,95121
35,96899,269,1.0,3223,1743,95156
21,96920,269,0.0,3224,1743,95177
25,96945,269,0.0,3225,1743,95202
87,97032,269,0.0,3226,1743,95289
50,97082,269,0.0,3227,1743,95339
24,97106,269,0.0,3228,1743,95363
20,97126,269,0.0,3229,1743,95383
41,97167,269,0.0,3230,1743,95424
62,97229,269,0.0,3231,1743,95486
56,97285,269,0.0,3232,1743,95542
46,97331,270,1.0,3233,1743,95588
60,97391,270,0.0,3234,1743,95648
15,97406,270,0.0,3235,1743,95663
16,97422,270,0.0,3236,1743,95679
11,97433,270,0.0,3237,1743,95690
16,97449,270,0.0,3238,1743,95706
19,97468,270,0.0,3239,1743,95725
46,97514,270,0.0,3240,1743,95771
22,97536,270,0.0,3241,1743,95793
14,97550,270,0.0,3242,1743,95807
34,97584,270,0.0,3243,1743,95841
21,97605,270,0.0,3244,1743,95862
13,97618,270,0.0,3245,1743,95875
51,97669,271,1.0,3246,1743,95926
17,97686,271,0.0,3247,1743,95943
54,97740,271,0.0,3248,1743,95997
10,97750,271,0.0,3249,1743,96007
12,97762,271,0.0,3250,1743,96019
63,97825,271,0.0,3251,1743,96082
45,97870,271,0.0,3252,1743,96127
16,97886,271,0.0,3253,1743,96143
21,97907,272,1.0,3254,1743,96164
73,97980,272,0.0,3255,1743,96237
18,97998,272,0.0,3256,1743,96255
17,98015,272,0.0,3257,1743,96272
28,98043,272,0.0,3258,1743,96300
14,98057,272,0.0,3259,1743,96314
34,98091,273,1.0,3260,1743,96348
5,98096,273,0.0,3261,1743,96353
24,98120,273,0.0,3262,1743,96377
94,98214,274,1.0,3263,1743,96471
22,98236,274,0.0,3264,1743,96493
17,98253,274,0.0,3265,1743,96510
16,98269,274,0.0,3266,1743,96526
43,98312,274,0.0,3267,1743,96569
39,98351,274,0.0,3268,1743,96608
49,98400,275,1.0,3269,1743,96657
16,98416,275,0.0,3270,1743,96673
26,98442,275,0.0,3271,1743,96699
66,98508,275,0.0,3272,1743,96765
14,98522,275,0.0,3273,1743,96779
27,98549,275,0.0,3274,1743,96806
8,98557,275,0.0,3275,1743,96814
35,98592,275,0.0,3276,1743,96849
43,98635,275,0.0,3277,1743,96892
18,98653,275,0.0,3278,1743,96910
8,98661,275,0.0,3279,1743,96918
60,98721,275,0.0,3280,1743,96978
96,98817,275,0.0,3281,1743,97074
35,98852,275,0.0,3282,1743,97109
41,98893,275,0.0,3283,1743,97150
74,98967,276,1.0,3284,1743,97224
8,98975,276,0.0,3285,1743,97232
25,99000,276,0.0,3286,1743,97257
39,99039,276,0.0,3287,1743,97296
34,99073,276,0.0,3288,1743,97330
35,99108,276,0.0,3289,1743,97365
30,99138,276,0.0,3290,1743,97395
36,99174,276,0.0,3291,1743,97431
34,99208,277,1.0,3292,1743,97465
37,99245,277,0.0,3293,1743,97502
31,99276,277,0.0,3294,1743,97533
23,99299,277,0.0,3295,1743,97556
58,99357,278,1.0,3296,1743,97614
20,99377,278,0.0,3297,1743,97634
34,99411,279,1.0,3298,1743,97668
10,99421,279,0.0,3299,1743,97678
32,99453,280,1.0,3300,1743,97710
7,99460,280,0.0,3301,1743,97717
12,99472,280,0.0,3302,1743,97729
9,99481,280,0.0,3303,1743,97738
34,99515,280,0.0,3304,1743,97772
46,99561,280,0.0,3305,1743,97818
24,99585,280,0.0,3306,1743,97842
23,99608,280,0.0,3307,1743,97865
44,99652,280,0.0,3308,1743,97909
22,99674,281,1.0,3309,1743,97931
41,99715,281,0.0,3310,1743,97972
8,99723,281,0.0,3311,1743,97980
13,99736,281,0.0,3312,1743,97993
31,99767,282,1.0,3313,1743,98024
10,99777,282,0.0,3314,1743,98034
41,99818,282,0.0,3315,1743,98075
10,99828,282,0.0,3316,1743,98085
22,99850,282,0.0,3317,1743,98107
9,99859,282,0.0,3318,1743,98116
45,99904,282,0.0,3319,1743,98161
73,99977,282,0.0,3320,1743,98234
8,99985,282,0.0,3321,1743,98242
