iteration,successes,successes_episode,reward_episode,episode_count,random_act,timestep
19,19,0,0.0,1,11,8
28,47,0,0.0,2,32,15
6,53,0,0.0,3,34,19
14,67,0,0.0,4,44,23
36,103,0,0.0,5,72,31
100,203,0,0.0,6,152,51
20,223,0,0.0,7,168,55
14,237,0,0.0,8,181,56
16,253,0,0.0,9,192,61
23,276,0,0.0,10,209,67
51,327,0,0.0,11,247,80
17,344,0,0.0,12,260,84
14,358,0,0.0,13,273,85
60,418,0,0.0,14,329,89
21,439,0,0.0,15,347,92
17,456,0,0.0,16,361,95
7,463,0,0.0,17,366,97
33,496,0,0.0,18,390,106
15,511,0,0.0,19,402,109
7,518,0,0.0,20,407,111
46,564,0,0.0,21,446,118
22,586,0,0.0,22,461,125
15,601,0,0.0,23,474,127
49,650,0,0.0,24,516,134
60,710,0,0.0,25,562,148
9,719,0,0.0,26,570,149
24,743,0,0.0,27,589,154
36,779,0,0.0,28,617,162
25,804,0,0.0,29,638,166
38,842,0,0.0,30,672,170
35,877,0,0.0,31,700,177
20,897,0,0.0,32,717,180
61,958,0,0.0,33,758,200
43,1001,0,0.0,34,793,208
52,1053,0,0.0,35,838,215
24,1077,0,0.0,36,858,219
28,1105,0,0.0,37,876,229
30,1135,0,0.0,38,901,234
7,1142,0,0.0,39,907,235
24,1166,0,0.0,40,925,241
16,1182,0,0.0,41,937,245
39,1221,0,0.0,42,969,252
49,1270,0,0.0,43,1013,257
30,1300,0,0.0,44,1037,263
34,1334,0,0.0,45,1064,270
31,1365,0,0.0,46,1087,278
45,1410,0,0.0,47,1121,289
47,1457,0,0.0,48,1153,304
8,1465,0,0.0,49,1161,304
39,1504,0,0.0,50,1195,309
31,1535,0,0.0,51,1218,317
75,1610,0,0.0,52,1282,328
13,1623,0,0.0,53,1291,332
12,1635,0,0.0,54,1302,333
15,1650,0,0.0,55,1315,335
18,1668,0,0.0,56,1330,338
62,1730,0,0.0,57,1379,351
28,1758,0,0.0,58,1402,356
13,1771,0,0.0,59,1413,358
73,1844,0,0.0,60,1473,371
10,1854,0,0.0,61,1481,373
62,1916,0,0.0,62,1531,385
41,1957,0,0.0,63,1566,391
45,2002,0,0.0,64,1601,401
21,2023,0,0.0,65,1617,406
6,2029,0,0.0,66,1622,407
16,2045,0,0.0,67,1635,410
24,2069,0,0.0,68,1654,415
20,2089,0,0.0,69,1670,419
52,2141,0,0.0,70,1712,429
20,2161,0,0.0,71,1727,434
21,2182,0,0.0,72,1745,437
16,2198,0,0.0,73,1759,439
5,2203,0,0.0,74,1763,440
45,2248,0,0.0,75,1794,454
15,2263,0,0.0,76,1805,458
25,2288,0,0.0,77,1824,464
10,2298,0,0.0,78,1831,467
22,2320,0,0.0,79,1849,471
37,2357,0,0.0,80,1878,479
23,2380,0,0.0,81,1898,482
15,2395,0,0.0,82,1908,487
27,2422,0,0.0,83,1929,493
52,2474,0,0.0,84,1968,506
53,2527,0,0.0,85,2011,516
13,2540,0,0.0,86,2022,518
38,2578,0,0.0,87,2052,526
30,2608,0,0.0,88,2077,531
23,2631,0,0.0,89,2091,540
93,2724,0,0.0,90,2174,550
20,2744,0,0.0,91,2188,556
29,2773,0,0.0,92,2212,561
15,2788,0,0.0,93,2221,567
38,2826,0,0.0,94,2253,573
8,2834,0,0.0,95,2260,574
36,2870,0,0.0,96,2286,584
20,2890,0,0.0,97,2299,591
46,2936,0,0.0,98,2333,603
46,2982,0,0.0,99,2374,608
53,3035,0,0.0,100,2417,618
27,3062,0,0.0,101,2436,626
11,3073,0,0.0,102,2446,627
11,3084,0,0.0,103,2456,628
18,3102,0,0.0,104,2470,632
8,3110,0,0.0,105,2476,634
48,3158,0,0.0,106,2517,641
47,3205,0,0.0,107,2555,650
16,3221,0,0.0,108,2567,654
53,3274,0,0.0,109,2612,662
26,3300,0,0.0,110,2631,669
59,3359,0,0.0,111,2678,681
55,3414,0,0.0,112,2721,693
42,3456,0,0.0,113,2751,705
41,3497,0,0.0,114,2779,718
28,3525,0,0.0,115,2800,725
23,3548,0,0.0,116,2819,729
17,3565,0,0.0,117,2831,734
38,3603,0,0.0,118,2858,745
49,3652,0,0.0,119,2896,756
71,3723,0,0.0,120,2959,764
68,3791,0,0.0,121,3016,775
67,3858,0,0.0,122,3070,788
19,3877,0,0.0,123,3086,791
22,3899,0,0.0,124,3103,796
21,3920,0,0.0,125,3122,798
5,3925,0,0.0,126,3126,799
28,3953,0,0.0,127,3146,807
71,4024,0,0.0,128,3205,819
23,4047,0,0.0,129,3224,823
41,4088,0,0.0,130,3255,833
11,4099,0,0.0,131,3266,833
32,4131,0,0.0,132,3291,840
61,4192,0,0.0,133,3339,853
29,4221,0,0.0,134,3357,864
77,4298,0,0.0,135,3409,889
46,4344,0,0.0,136,3450,894
8,4352,0,0.0,137,3456,896
11,4363,0,0.0,138,3464,899
72,4435,0,0.0,139,3517,918
63,4498,0,0.0,140,3574,924
19,4517,0,0.0,141,3585,932
15,4532,0,0.0,142,3596,936
27,4559,0,0.0,143,3618,941
7,4566,0,0.0,144,3623,943
88,4654,0,0.0,145,3697,957
19,4673,0,0.0,146,3707,966
17,4690,0,0.0,147,3722,968
94,4784,0,0.0,148,3799,985
57,4841,0,0.0,149,3843,998
20,4861,0,0.0,150,3861,1000
12,4873,0,0.0,151,3872,1001
62,4935,0,0.0,152,3916,1019
7,4942,0,0.0,153,3919,1023
30,4972,0,0.0,154,3942,1030
20,4992,0,0.0,155,3957,1035
17,5009,0,0.0,156,3969,1040
26,5035,0,0.0,157,3994,1041
18,5053,0,0.0,158,4011,1042
52,5105,0,0.0,159,4059,1046
9,5114,0,0.0,160,4067,1047
20,5134,0,0.0,161,4082,1052
6,5140,0,0.0,162,4087,1053
55,5195,0,0.0,163,4129,1066
48,5243,0,0.0,164,4169,1074
32,5275,0,0.0,165,4192,1083
19,5294,0,0.0,166,4206,1088
21,5315,0,0.0,167,4224,1091
29,5344,0,0.0,168,4252,1092
58,5402,0,0.0,169,4298,1104
58,5460,0,0.0,170,4346,1114
66,5526,0,0.0,171,4405,1121
100,5626,0,0.0,172,4490,1136
35,5661,0,0.0,173,4517,1144
96,5757,0,0.0,174,4596,1161
30,5787,0,0.0,175,4622,1165
20,5807,0,0.0,176,4638,1169
51,5858,0,0.0,177,4680,1178
13,5871,0,0.0,178,4693,1178
21,5892,0,0.0,179,4710,1182
33,5925,0,0.0,180,4737,1188
7,5932,0,0.0,181,4742,1190
25,5957,0,0.0,182,4764,1193
13,5970,0,0.0,183,4775,1195
24,5994,0,0.0,184,4795,1199
49,6043,0,0.0,185,4834,1209
40,6083,0,0.0,186,4869,1214
82,6165,0,0.0,187,4938,1227
100,6265,0,0.0,188,5019,1246
54,6319,0,0.0,189,5067,1252
47,6366,0,0.0,190,5107,1259
22,6388,0,0.0,191,5123,1265
58,6446,0,0.0,192,5169,1277
15,6461,0,0.0,193,5182,1279
56,6517,0,0.0,194,5234,1283
20,6537,0,0.0,195,5251,1286
25,6562,0,0.0,196,5268,1294
13,6575,0,0.0,197,5279,1296
73,6648,0,0.0,198,5337,1311
65,6713,0,0.0,199,5386,1327
26,6739,0,0.0,200,5409,1330
11,6750,0,0.0,201,5417,1333
17,6767,0,0.0,202,5431,1336
13,6780,0,0.0,203,5441,1339
16,6796,0,0.0,204,5453,1343
38,6834,0,0.0,205,5488,1346
28,6862,0,0.0,206,5510,1352
9,6871,0,0.0,207,5516,1355
22,6893,0,0.0,208,5534,1359
6,6899,0,0.0,209,5540,1359
44,6943,0,0.0,210,5576,1367
36,6979,0,0.0,211,5605,1374
45,7024,0,0.0,212,5640,1384
57,7081,0,0.0,213,5681,1400
74,7155,0,0.0,214,5745,1410
71,7226,0,0.0,215,5801,1425
100,7326,0,0.0,216,5880,1446
28,7354,0,0.0,217,5904,1450
30,7384,0,0.0,218,5930,1454
18,7402,0,0.0,219,5945,1457
16,7418,0,0.0,220,5957,1461
7,7425,0,0.0,221,5960,1465
100,7525,0,0.0,222,6034,1491
11,7536,0,0.0,223,6043,1493
20,7556,0,0.0,224,6058,1498
30,7586,0,0.0,225,6081,1505
21,7607,0,0.0,226,6100,1507
17,7624,0,0.0,227,6114,1510
23,7647,0,0.0,228,6132,1515
27,7674,0,0.0,229,6154,1520
13,7687,0,0.0,230,6164,1523
63,7750,0,0.0,231,6214,1536
38,7788,0,0.0,232,6244,1544
7,7795,0,0.0,233,6250,1545
41,7836,0,0.0,234,6281,1555
24,7860,0,0.0,235,6295,1565
16,7876,0,0.0,236,6310,1566
19,7895,0,0.0,237,6326,1569
80,7975,0,0.0,238,6391,1584
42,8017,0,0.0,239,6424,1593
22,8039,0,0.0,240,6444,1595
17,8056,0,0.0,241,6460,1596
14,8070,0,0.0,242,6471,1599
17,8087,0,0.0,243,6486,1601
21,8108,0,0.0,244,6499,1609
14,8122,0,0.0,245,6510,1612
38,8160,0,0.0,246,6538,1622
38,8198,0,0.0,247,6564,1634
44,8242,0,0.0,248,6598,1644
36,8278,0,0.0,249,6622,1656
26,8304,0,0.0,250,6643,1661
63,8367,0,0.0,251,6699,1668
33,8400,0,0.0,252,6725,1675
24,8424,0,0.0,253,6742,1682
17,8441,0,0.0,254,6755,1686
21,8462,0,0.0,255,6770,1692
29,8491,0,0.0,256,6795,1696
37,8528,0,0.0,257,6825,1703
35,8563,0,0.0,258,6850,1713
43,8606,0,0.0,259,6882,1724
20,8626,0,0.0,260,6900,1726
17,8643,0,0.0,261,6914,1729
28,8671,0,0.0,262,6937,1734
24,8695,0,0.0,263,6956,1739
61,8756,0,0.0,264,7004,1752
45,8801,0,0.0,265,7040,1761
44,8845,0,0.0,266,7076,1769
27,8872,0,0.0,267,7100,1772
26,8898,0,0.0,268,7122,1776
11,8909,0,0.0,269,7132,1777
5,8914,0,0.0,270,7134,1780
9,8923,0,0.0,271,7142,1781
75,8998,0,0.0,272,7202,1796
53,9051,0,0.0,273,7243,1808
77,9128,0,0.0,274,7304,1824
27,9155,0,0.0,275,7325,1830
35,9190,0,0.0,276,7355,1835
35,9225,0,0.0,277,7384,1841
32,9257,0,0.0,278,7410,1847
59,9316,0,0.0,279,7456,1860
21,9337,0,0.0,280,7475,1862
21,9358,0,0.0,281,7493,1865
69,9427,0,0.0,282,7550,1877
18,9445,0,0.0,283,7564,1881
12,9457,0,0.0,284,7574,1883
91,9548,0,0.0,285,7648,1900
34,9582,0,0.0,286,7679,1903
17,9599,0,0.0,287,7694,1905
16,9615,0,0.0,288,7708,1907
51,9666,0,0.0,289,7750,1916
31,9697,0,0.0,290,7771,1926
7,9704,0,0.0,291,7777,1927
23,9727,0,0.0,292,7792,1935
11,9738,0,0.0,293,7799,1939
34,9772,0,0.0,294,7828,1944
25,9797,0,0.0,295,7848,1949
13,9810,0,0.0,296,7860,1950
22,9832,0,0.0,297,7878,1954
16,9848,0,0.0,298,7891,1957
36,9884,0,0.0,299,7918,1966
13,9897,0,0.0,300,7928,1969
47,9944,0,0.0,301,7968,1976
28,9972,0,0.0,302,7989,1983
18,9990,0,0.0,303,8002,1988
19,10009,0,0.0,304,8019,1990
82,10091,0,0.0,305,8088,2003
40,10131,0,0.0,306,8120,2011
36,10167,0,0.0,307,8151,2016
12,10179,0,0.0,308,8162,2017
19,10198,0,0.0,309,8173,2025
63,10261,0,0.0,310,8228,2033
10,10271,0,0.0,311,8238,2033
8,10279,0,0.0,312,8246,2033
25,10304,0,0.0,313,8265,2039
33,10337,0,0.0,314,8292,2045
8,10345,0,0.0,315,8297,2048
10,10355,0,0.0,316,8307,2048
32,10387,0,0.0,317,8335,2052
13,10400,0,0.0,318,8342,2058
10,10410,0,0.0,319,8348,2062
41,10451,0,0.0,320,8381,2070
42,10493,0,0.0,321,8413,2080
21,10514,0,0.0,322,8430,2084
84,10598,0,0.0,323,8497,2101
9,10607,0,0.0,324,8503,2104
33,10640,0,0.0,325,8530,2110
43,10683,0,0.0,326,8569,2114
26,10709,0,0.0,327,8587,2122
26,10735,0,0.0,328,8610,2125
19,10754,0,0.0,329,8625,2129
56,10810,0,0.0,330,8668,2142
24,10834,0,0.0,331,8688,2146
65,10899,0,0.0,332,8742,2157
41,10940,0,0.0,333,8778,2162
24,10964,0,0.0,334,8796,2168
21,10985,0,0.0,335,8815,2170
14,10999,0,0.0,336,8827,2172
48,11047,0,0.0,337,8869,2178
11,11058,0,0.0,338,8880,2178
13,11071,0,0.0,339,8891,2180
36,11107,0,0.0,340,8921,2186
13,11120,0,0.0,341,8934,2186
51,11171,0,0.0,342,8977,2194
47,11218,0,0.0,343,9017,2201
13,11231,0,0.0,344,9029,2202
22,11253,0,0.0,345,9049,2204
40,11293,0,0.0,346,9081,2212
78,11371,0,0.0,347,9143,2228
35,11406,0,0.0,348,9173,2233
28,11434,0,0.0,349,9194,2240
73,11507,0,0.0,350,9253,2254
24,11531,0,0.0,351,9273,2258
54,11585,0,0.0,352,9314,2271
15,11600,0,0.0,353,9326,2274
33,11633,0,0.0,354,9356,2277
26,11659,0,0.0,355,9378,2281
46,11705,0,0.0,356,9414,2291
20,11725,0,0.0,357,9428,2297
38,11763,0,0.0,358,9459,2304
78,11841,0,0.0,359,9521,2320
55,11896,0,0.0,360,9563,2333
5,11901,0,0.0,361,9567,2334
43,11944,0,0.0,362,9600,2344
5,11949,0,0.0,363,9603,2346
9,11958,0,0.0,364,9611,2347
31,11989,0,0.0,365,9634,2355
14,12003,0,0.0,366,9645,2358
65,12068,0,0.0,367,9700,2368
44,12112,0,0.0,368,9735,2377
87,12199,0,0.0,369,9796,2403
18,12217,0,0.0,370,9813,2404
39,12256,0,0.0,371,9845,2411
42,12298,0,0.0,372,9878,2420
17,12315,0,0.0,373,9891,2424
28,12343,0,0.0,374,9911,2432
84,12427,0,0.0,375,9981,2446
60,12487,0,0.0,376,10030,2457
32,12519,0,0.0,377,10059,2460
50,12569,0,0.0,378,10099,2470
8,12577,0,0.0,379,10105,2472
11,12588,0,0.0,380,10114,2474
71,12659,0,0.0,381,10167,2492
18,12677,0,0.0,382,10181,2496
12,12689,0,0.0,383,10191,2498
14,12703,0,0.0,384,10203,2500
19,12722,0,0.0,385,10219,2503
7,12729,0,0.0,386,10224,2505
13,12742,0,0.0,387,10236,2506
36,12778,0,0.0,388,10267,2511
7,12785,0,0.0,389,10271,2514
21,12806,0,0.0,390,10286,2520
58,12864,0,0.0,391,10335,2529
19,12883,0,0.0,392,10351,2532
26,12909,0,0.0,393,10372,2537
21,12930,0,0.0,394,10388,2542
28,12958,0,0.0,395,10411,2547
20,12978,0,0.0,396,10427,2551
91,13069,0,0.0,397,10497,2572
43,13112,0,0.0,398,10533,2579
48,13160,0,0.0,399,10569,2591
47,13207,0,0.0,400,10609,2598
45,13252,0,0.0,401,10646,2606
18,13270,0,0.0,402,10660,2610
26,13296,0,0.0,403,10682,2614
32,13328,0,0.0,404,10706,2622
25,13353,0,0.0,405,10723,2630
48,13401,0,0.0,406,10764,2637
19,13420,0,0.0,407,10780,2640
20,13440,0,0.0,408,10794,2646
49,13489,0,0.0,409,10829,2660
8,13497,0,0.0,410,10835,2662
99,13596,0,0.0,411,10917,2679
76,13672,0,0.0,412,10974,2698
21,13693,0,0.0,413,10990,2703
50,13743,0,0.0,414,11028,2715
22,13765,0,0.0,415,11046,2719
7,13772,0,0.0,416,11052,2720
24,13796,0,0.0,417,11073,2723
23,13819,0,0.0,418,11088,2731
13,13832,0,0.0,419,11098,2734
23,13855,0,0.0,420,11116,2739
30,13885,0,0.0,421,11140,2745
75,13960,0,0.0,422,11195,2765
30,13990,0,0.0,423,11215,2775
86,14076,0,0.0,424,11290,2786
27,14103,0,0.0,425,11313,2790
31,14134,0,0.0,426,11342,2792
45,14179,0,0.0,427,11377,2802
16,14195,0,0.0,428,11391,2804
32,14227,0,0.0,429,11413,2814
19,14246,0,0.0,430,11430,2816
10,14256,0,0.0,431,11436,2820
100,14356,0,0.0,432,11514,2842
80,14436,0,0.0,433,11581,2855
24,14460,0,0.0,434,11597,2863
34,14494,0,0.0,435,11625,2869
10,14504,0,0.0,436,11633,2871
16,14520,0,0.0,437,11644,2876
53,14573,0,0.0,438,11690,2883
40,14613,0,0.0,439,11722,2891
24,14637,0,0.0,440,11740,2897
14,14651,0,0.0,441,11752,2899
40,14691,0,0.0,442,11784,2907
13,14704,0,0.0,443,11796,2908
36,14740,0,0.0,444,11830,2910
10,14750,0,0.0,445,11837,2913
34,14784,0,0.0,446,11862,2922
13,14797,0,0.0,447,11872,2925
23,14820,0,0.0,448,11888,2932
10,14830,0,0.0,449,11897,2933
33,14863,0,0.0,450,11922,2941
7,14870,0,0.0,451,11927,2943
44,14914,0,0.0,452,11964,2950
47,14961,0,0.0,453,12001,2960
12,14973,0,0.0,454,12013,2960
21,14994,0,0.0,455,12029,2965
8,15002,0,0.0,456,12036,2966
32,15034,0,0.0,457,12061,2973
87,15121,0,0.0,458,12124,2997
46,15167,0,0.0,459,12161,3006
24,15191,0,0.0,460,12182,3009
30,15221,0,0.0,461,12207,3014
6,15227,0,0.0,462,12212,3015
40,15267,0,0.0,463,12247,3020
10,15277,0,0.0,464,12255,3022
9,15286,0,0.0,465,12262,3024
22,15308,0,0.0,466,12281,3027
7,15315,0,0.0,467,12285,3030
23,15338,0,0.0,468,12305,3033
44,15382,0,0.0,469,12339,3043
10,15392,0,0.0,470,12346,3046
29,15421,0,0.0,471,12372,3049
100,15521,0,0.0,472,12451,3070
53,15574,0,0.0,473,12494,3080
32,15606,0,0.0,474,12520,3086
40,15646,0,0.0,475,12551,3095
38,15684,0,0.0,476,12583,3101
21,15705,0,0.0,477,12599,3106
25,15730,0,0.0,478,12619,3111
14,15744,0,0.0,479,12631,3113
40,15784,0,0.0,480,12661,3123
75,15859,0,0.0,481,12721,3138
60,15919,0,0.0,482,12773,3146
5,15924,0,0.0,483,12778,3146
50,15974,0,0.0,484,12823,3151
16,15990,0,0.0,485,12836,3154
48,16038,0,0.0,486,12873,3165
33,16071,0,0.0,487,12899,3172
60,16131,0,0.0,488,12953,3178
24,16155,0,0.0,489,12973,3182
9,16164,0,0.0,490,12980,3184
26,16190,0,0.0,491,12996,3194
10,16200,0,0.0,492,13006,3194
19,16219,0,0.0,493,13021,3198
45,16264,0,0.0,494,13054,3210
38,16302,0,0.0,495,13084,3218
17,16319,0,0.0,496,13095,3224
100,16419,0,0.0,497,13177,3242
13,16432,0,0.0,498,13187,3245
29,16461,0,0.0,499,13211,3250
100,16561,0,0.0,500,13281,3280
51,16612,0,0.0,501,13324,3288
91,16703,0,0.0,502,13404,3299
31,16734,0,0.0,503,13429,3305
63,16797,0,0.0,504,13480,3317
23,16820,0,0.0,505,13500,3320
35,16855,0,0.0,506,13527,3328
8,16863,0,0.0,507,13534,3329
5,16868,0,0.0,508,13539,3329
58,16926,0,0.0,509,13592,3334
45,16971,0,0.0,510,13623,3348
8,16979,0,0.0,511,13628,3351
50,17029,0,0.0,512,13664,3365
37,17066,0,0.0,513,13695,3371
14,17080,0,0.0,514,13706,3374
20,17100,0,0.0,515,13721,3379
33,17133,0,0.0,516,13749,3384
27,17160,0,0.0,517,13771,3389
67,17227,0,0.0,518,13826,3401
32,17259,0,0.0,519,13852,3407
20,17279,0,0.0,520,13870,3409
11,17290,0,0.0,521,13881,3409
7,17297,0,0.0,522,13887,3410
9,17306,0,0.0,523,13894,3412
21,17327,0,0.0,524,13909,3418
15,17342,0,0.0,525,13918,3424
5,17347,0,0.0,526,13920,3427
100,17447,0,0.0,527,14002,3445
43,17490,0,0.0,528,14034,3456
48,17538,0,0.0,529,14071,3467
25,17563,0,0.0,530,14090,3473
27,17590,0,0.0,531,14113,3477
15,17605,0,0.0,532,14127,3478
100,17705,0,0.0,533,14209,3496
18,17723,0,0.0,534,14222,3501
95,17818,0,0.0,535,14291,3527
20,17838,0,0.0,536,14307,3531
83,17921,0,0.0,537,14373,3548
12,17933,0,0.0,538,14385,3548
58,17991,0,0.0,539,14433,3558
39,18030,0,0.0,540,14463,3567
23,18053,0,0.0,541,14483,3570
21,18074,0,0.0,542,14497,3577
11,18085,0,0.0,543,14507,3578
28,18113,0,0.0,544,14531,3582
98,18211,0,0.0,545,14611,3600
11,18222,0,0.0,546,14619,3603
15,18237,0,0.0,547,14630,3607
71,18308,0,0.0,548,14690,3618
34,18342,0,0.0,549,14715,3627
15,18357,0,0.0,550,14727,3630
23,18380,0,0.0,551,14746,3634
17,18397,0,0.0,552,14759,3638
31,18428,0,0.0,553,14781,3647
31,18459,0,0.0,554,14801,3658
20,18479,0,0.0,555,14818,3661
24,18503,0,0.0,556,14838,3665
15,18518,0,0.0,557,14852,3666
32,18550,0,0.0,558,14878,3672
43,18593,0,0.0,559,14913,3680
20,18613,0,0.0,560,14929,3684
7,18620,0,0.0,561,14934,3686
30,18650,0,0.0,562,14957,3693
37,18687,0,0.0,563,14985,3702
46,18733,0,0.0,564,15020,3713
47,18780,0,0.0,565,15063,3717
27,18807,0,0.0,566,15086,3721
8,18815,0,0.0,567,15094,3721
12,18827,0,0.0,568,15103,3724
14,18841,0,0.0,569,15115,3726
80,18921,0,0.0,570,15180,3741
42,18963,0,0.0,571,15210,3753
59,19022,0,0.0,572,15259,3763
16,19038,0,0.0,573,15274,3764
14,19052,0,0.0,574,15286,3766
33,19085,0,0.0,575,15313,3772
31,19116,0,0.0,576,15334,3782
11,19127,0,0.0,577,15343,3784
18,19145,0,0.0,578,15357,3788
100,19245,0,0.0,579,15437,3808
16,19261,0,0.0,580,15449,3812
100,19361,0,0.0,581,15532,3829
47,19408,0,0.0,582,15565,3843
28,19436,0,0.0,583,15585,3851
100,19536,0,0.0,584,15657,3879
49,19585,0,0.0,585,15699,3886
89,19674,0,0.0,586,15773,3901
38,19712,0,0.0,587,15807,3905
36,19748,0,0.0,588,15837,3911
24,19772,0,0.0,589,15857,3915
26,19798,0,0.0,590,15875,3923
22,19820,0,0.0,591,15890,3930
17,19837,0,0.0,592,15905,3932
17,19854,0,0.0,593,15921,3933
24,19878,0,0.0,594,15943,3935
22,19900,0,0.0,595,15962,3938
13,19913,0,0.0,596,15973,3940
12,19925,0,0.0,597,15982,3943
55,19980,0,0.0,598,16022,3958
26,20006,1,1.0,599,16042,3964
25,20031,1,0.0,600,16042,3989
29,20060,1,0.0,601,16044,4016
20,20080,1,0.0,602,16046,4034
67,20147,1,0.0,603,16046,4101
15,20162,1,0.0,604,16046,4116
11,20173,1,0.0,605,16046,4127
30,20203,1,0.0,606,16046,4157
18,20221,1,0.0,607,16048,4173
16,20237,1,0.0,608,16049,4188
37,20274,1,0.0,609,16050,4224
71,20345,1,0.0,610,16051,4294
16,20361,1,0.0,611,16051,4310
10,20371,1,0.0,612,16051,4320
18,20389,1,0.0,613,16051,4338
52,20441,1,0.0,614,16051,4390
31,20472,1,0.0,615,16051,4421
28,20500,1,0.0,616,16052,4448
14,20514,1,0.0,617,16053,4461
9,20523,1,0.0,618,16053,4470
13,20536,1,0.0,619,16053,4483
38,20574,1,0.0,620,16054,4520
29,20603,1,0.0,621,16054,4549
11,20614,1,0.0,622,16054,4560
82,20696,1,0.0,623,16055,4641
83,20779,1,0.0,624,16057,4722
8,20787,1,0.0,625,16057,4730
24,20811,1,0.0,626,16059,4752
13,20824,1,0.0,627,16059,4765
10,20834,1,0.0,628,16060,4774
16,20850,1,0.0,629,16060,4790
30,20880,1,0.0,630,16060,4820
23,20903,1,0.0,631,16061,4842
38,20941,1,0.0,632,16061,4880
15,20956,1,0.0,633,16061,4895
13,20969,1,0.0,634,16063,4906
59,21028,1,0.0,635,16066,4962
19,21047,1,0.0,636,16067,4980
51,21098,1,0.0,637,16067,5031
8,21106,1,0.0,638,16067,5039
61,21167,1,0.0,639,16069,5098
14,21181,1,0.0,640,16069,5112
21,21202,1,0.0,641,16069,5133
14,21216,1,0.0,642,16069,5147
17,21233,1,0.0,643,16069,5164
19,21252,1,0.0,644,16071,5181
10,21262,1,0.0,645,16071,5191
47,21309,1,0.0,646,16073,5236
61,21370,1,0.0,647,16074,5296
5,21375,1,0.0,648,16074,5301
13,21388,1,0.0,649,16075,5313
15,21403,1,0.0,650,16076,5327
18,21421,1,0.0,651,16076,5345
46,21467,1,0.0,652,16076,5391
9,21476,1,0.0,653,16076,5400
29,21505,1,0.0,654,16077,5428
26,21531,1,0.0,655,16077,5454
23,21554,1,0.0,656,16077,5477
16,21570,1,0.0,657,16077,5493
20,21590,1,0.0,658,16077,5513
15,21605,1,0.0,659,16077,5528
15,21620,1,0.0,660,16078,5542
18,21638,1,0.0,661,16078,5560
49,21687,1,0.0,662,16079,5608
65,21752,1,0.0,663,16080,5672
39,21791,1,0.0,664,16081,5710
30,21821,1,0.0,665,16081,5740
24,21845,1,0.0,666,16083,5762
47,21892,1,0.0,667,16083,5809
48,21940,1,0.0,668,16083,5857
44,21984,1,0.0,669,16084,5900
25,22009,1,0.0,670,16084,5925
9,22018,1,0.0,671,16085,5933
27,22045,1,0.0,672,16085,5960
39,22084,1,0.0,673,16085,5999
17,22101,1,0.0,674,16085,6016
40,22141,1,0.0,675,16085,6056
56,22197,1,0.0,676,16085,6112
10,22207,1,0.0,677,16085,6122
16,22223,1,0.0,678,16085,6138
37,22260,1,0.0,679,16086,6174
26,22286,1,0.0,680,16086,6200
50,22336,1,0.0,681,16088,6248
9,22345,1,0.0,682,16088,6257
11,22356,1,0.0,683,16088,6268
24,22380,1,0.0,684,16088,6292
35,22415,1,0.0,685,16088,6327
11,22426,1,0.0,686,16088,6338
35,22461,1,0.0,687,16088,6373
11,22472,1,0.0,688,16088,6384
13,22485,1,0.0,689,16088,6397
21,22506,1,0.0,690,16088,6418
20,22526,1,0.0,691,16088,6438
19,22545,1,0.0,692,16088,6457
17,22562,1,0.0,693,16088,6474
16,22578,1,0.0,694,16088,6490
11,22589,1,0.0,695,16088,6501
34,22623,1,0.0,696,16088,6535
41,22664,1,0.0,697,16088,6576
27,22691,1,0.0,698,16088,6603
16,22707,1,0.0,699,16088,6619
12,22719,1,0.0,700,16088,6631
40,22759,1,0.0,701,16088,6671
14,22773,1,0.0,702,16088,6685
25,22798,1,0.0,703,16090,6708
29,22827,1,0.0,704,16090,6737
21,22848,1,0.0,705,16090,6758
35,22883,1,0.0,706,16091,6792
25,22908,1,0.0,707,16092,6816
84,22992,1,0.0,708,16095,6897
15,23007,1,0.0,709,16095,6912
16,23023,1,0.0,710,16095,6928
23,23046,1,0.0,711,16095,6951
13,23059,1,0.0,712,16095,6964
33,23092,1,0.0,713,16095,6997
8,23100,1,0.0,714,16096,7004
13,23113,1,0.0,715,16096,7017
35,23148,1,0.0,716,16096,7052
42,23190,1,0.0,717,16096,7094
49,23239,1,0.0,718,16096,7143
48,23287,1,0.0,719,16097,7190
31,23318,1,0.0,720,16098,7220
38,23356,1,0.0,721,16099,7257
23,23379,1,0.0,722,16099,7280
13,23392,1,0.0,723,16099,7293
23,23415,1,0.0,724,16099,7316
13,23428,1,0.0,725,16099,7329
39,23467,1,0.0,726,16100,7367
25,23492,1,0.0,727,16100,7392
40,23532,1,0.0,728,16101,7431
14,23546,1,0.0,729,16101,7445
63,23609,1,0.0,730,16104,7505
7,23616,1,0.0,731,16104,7512
23,23639,1,0.0,732,16104,7535
46,23685,1,0.0,733,16104,7581
25,23710,1,0.0,734,16104,7606
6,23716,1,0.0,735,16105,7611
26,23742,1,0.0,736,16106,7636
17,23759,1,0.0,737,16106,7653
27,23786,1,0.0,738,16107,7679
26,23812,1,0.0,739,16107,7705
22,23834,1,0.0,740,16107,7727
14,23848,1,0.0,741,16107,7741
9,23857,1,0.0,742,16107,7750
37,23894,1,0.0,743,16107,7787
100,23994,1,0.0,744,16109,7885
61,24055,1,0.0,745,16109,7946
53,24108,1,0.0,746,16111,7997
19,24127,1,0.0,747,16112,8015
15,24142,1,0.0,748,16112,8030
14,24156,1,0.0,749,16112,8044
15,24171,1,0.0,750,16112,8059
34,24205,1,0.0,751,16112,8093
26,24231,1,0.0,752,16114,8117
16,24247,1,0.0,753,16114,8133
13,24260,1,0.0,754,16114,8146
22,24282,1,0.0,755,16114,8168
71,24353,1,0.0,756,16114,8239
7,24360,1,0.0,757,16114,8246
10,24370,1,0.0,758,16114,8256
42,24412,1,0.0,759,16115,8297
31,24443,1,0.0,760,16116,8327
71,24514,1,0.0,761,16118,8396
17,24531,1,0.0,762,16118,8413
14,24545,1,0.0,763,16119,8426
14,24559,1,0.0,764,16119,8440
42,24601,1,0.0,765,16119,8482
25,24626,1,0.0,766,16119,8507
9,24635,1,0.0,767,16119,8516
13,24648,1,0.0,768,16119,8529
13,24661,1,0.0,769,16120,8541
54,24715,1,0.0,770,16122,8593
9,24724,1,0.0,771,16122,8602
58,24782,1,0.0,772,16123,8659
54,24836,1,0.0,773,16124,8712
42,24878,2,1.0,774,16126,8752
66,24944,2,0.0,775,16126,8818
15,24959,2,0.0,776,16126,8833
52,25011,2,0.0,777,16126,8885
21,25032,2,0.0,778,16127,8905
29,25061,2,0.0,779,16127,8934
35,25096,2,0.0,780,16127,8969
9,25105,2,0.0,781,16127,8978
7,25112,2,0.0,782,16127,8985
25,25137,2,0.0,783,16127,9010
63,25200,2,0.0,784,16127,9073
9,25209,2,0.0,785,16127,9082
20,25229,2,0.0,786,16127,9102
9,25238,2,0.0,787,16127,9111
10,25248,2,0.0,788,16127,9121
35,25283,2,0.0,789,16127,9156
38,25321,2,0.0,790,16127,9194
15,25336,2,0.0,791,16127,9209
16,25352,2,0.0,792,16127,9225
32,25384,2,0.0,793,16127,9257
14,25398,2,0.0,794,16127,9271
25,25423,2,0.0,795,16127,9296
28,25451,2,0.0,796,16127,9324
49,25500,2,0.0,797,16127,9373
56,25556,2,0.0,798,16127,9429
34,25590,2,0.0,799,16128,9462
25,25615,2,0.0,800,16128,9487
17,25632,2,0.0,801,16128,9504
20,25652,2,0.0,802,16128,9524
53,25705,2,0.0,803,16128,9577
11,25716,2,0.0,804,16128,9588
45,25761,2,0.0,805,16128,9633
8,25769,2,0.0,806,16128,9641
39,25808,2,0.0,807,16128,9680
29,25837,2,0.0,808,16128,9709
12,25849,2,0.0,809,16128,9721
11,25860,2,0.0,810,16128,9732
51,25911,2,0.0,811,16128,9783
69,25980,2,0.0,812,16128,9852
66,26046,2,0.0,813,16128,9918
20,26066,2,0.0,814,16128,9938
11,26077,2,0.0,815,16128,9949
50,26127,2,0.0,816,16128,9999
27,26154,2,0.0,817,16128,10026
70,26224,2,0.0,818,16128,10096
29,26253,2,0.0,819,16128,10125
77,26330,2,0.0,820,16128,10202
38,26368,2,0.0,821,16128,10240
30,26398,2,0.0,822,16128,10270
21,26419,2,0.0,823,16129,10290
28,26447,2,0.0,824,16129,10318
32,26479,2,0.0,825,16129,10350
27,26506,2,0.0,826,16129,10377
13,26519,2,0.0,827,16129,10390
19,26538,2,0.0,828,16129,10409
5,26543,2,0.0,829,16129,10414
9,26552,2,0.0,830,16129,10423
33,26585,2,0.0,831,16129,10456
69,26654,2,0.0,832,16129,10525
19,26673,2,0.0,833,16129,10544
32,26705,2,0.0,834,16129,10576
19,26724,2,0.0,835,16129,10595
22,26746,2,0.0,836,16129,10617
11,26757,2,0.0,837,16129,10628
21,26778,2,0.0,838,16129,10649
39,26817,2,0.0,839,16129,10688
42,26859,2,0.0,840,16129,10730
38,26897,2,0.0,841,16129,10768
15,26912,2,0.0,842,16129,10783
34,26946,2,0.0,843,16129,10817
11,26957,2,0.0,844,16129,10828
43,27000,2,0.0,845,16129,10871
13,27013,2,0.0,846,16129,10884
33,27046,2,0.0,847,16129,10917
19,27065,2,0.0,848,16129,10936
51,27116,2,0.0,849,16129,10987
100,27216,2,0.0,850,16129,11087
21,27237,2,0.0,851,16129,11108
5,27242,2,0.0,852,16129,11113
14,27256,2,0.0,853,16129,11127
48,27304,2,0.0,854,16129,11175
47,27351,2,0.0,855,16130,11221
64,27415,2,0.0,856,16130,11285
51,27466,2,0.0,857,16130,11336
42,27508,2,0.0,858,16130,11378
33,27541,2,0.0,859,16130,11411
13,27554,2,0.0,860,16130,11424
89,27643,2,0.0,861,16130,11513
41,27684,3,1.0,862,16130,11554
10,27694,3,0.0,863,16130,11564
11,27705,3,0.0,864,16130,11575
21,27726,3,0.0,865,16130,11596
9,27735,3,0.0,866,16130,11605
18,27753,3,0.0,867,16130,11623
35,27788,3,0.0,868,16130,11658
22,27810,3,0.0,869,16130,11680
20,27830,3,0.0,870,16130,11700
41,27871,3,0.0,871,16130,11741
19,27890,3,0.0,872,16130,11760
23,27913,3,0.0,873,16130,11783
49,27962,3,0.0,874,16130,11832
12,27974,3,0.0,875,16130,11844
23,27997,3,0.0,876,16130,11867
33,28030,3,0.0,877,16130,11900
15,28045,3,0.0,878,16130,11915
11,28056,3,0.0,879,16130,11926
17,28073,3,0.0,880,16130,11943
14,28087,3,0.0,881,16130,11957
15,28102,3,0.0,882,16130,11972
8,28110,3,0.0,883,16130,11980
42,28152,3,0.0,884,16130,12022
21,28173,3,0.0,885,16130,12043
35,28208,3,0.0,886,16130,12078
55,28263,3,0.0,887,16130,12133
14,28277,3,0.0,888,16130,12147
100,28377,3,0.0,889,16130,12247
41,28418,3,0.0,890,16130,12288
28,28446,3,0.0,891,16130,12316
22,28468,3,0.0,892,16130,12338
57,28525,3,0.0,893,16130,12395
19,28544,3,0.0,894,16130,12414
55,28599,3,0.0,895,16130,12469
17,28616,3,0.0,896,16130,12486
38,28654,3,0.0,897,16130,12524
17,28671,3,0.0,898,16130,12541
13,28684,3,0.0,899,16130,12554
52,28736,3,0.0,900,16130,12606
6,28742,3,0.0,901,16131,12611
32,28774,3,0.0,902,16131,12643
19,28793,3,0.0,903,16131,12662
91,28884,3,0.0,904,16131,12753
44,28928,3,0.0,905,16131,12797
27,28955,3,0.0,906,16131,12824
9,28964,3,0.0,907,16131,12833
13,28977,3,0.0,908,16131,12846
11,28988,3,0.0,909,16131,12857
58,29046,3,0.0,910,16131,12915
24,29070,3,0.0,911,16131,12939
65,29135,3,0.0,912,16132,13003
5,29140,3,0.0,913,16132,13008
51,29191,3,0.0,914,16133,13058
81,29272,3,0.0,915,16133,13139
21,29293,3,0.0,916,16133,13160
76,29369,3,0.0,917,16133,13236
36,29405,3,0.0,918,16133,13272
25,29430,3,0.0,919,16134,13296
66,29496,3,0.0,920,16134,13362
26,29522,3,0.0,921,16134,13388
18,29540,3,0.0,922,16134,13406
42,29582,3,0.0,923,16134,13448
96,29678,3,0.0,924,16135,13543
8,29686,3,0.0,925,16135,13551
14,29700,3,0.0,926,16135,13565
17,29717,3,0.0,927,16135,13582
45,29762,3,0.0,928,16135,13627
20,29782,3,0.0,929,16135,13647
13,29795,3,0.0,930,16135,13660
41,29836,3,0.0,931,16135,13701
13,29849,3,0.0,932,16135,13714
43,29892,3,0.0,933,16135,13757
25,29917,3,0.0,934,16135,13782
86,30003,3,0.0,935,16135,13868
52,30055,3,0.0,936,16135,13920
16,30071,3,0.0,937,16135,13936
32,30103,3,0.0,938,16135,13968
35,30138,3,0.0,939,16135,14003
30,30168,3,0.0,940,16135,14033
70,30238,3,0.0,941,16135,14103
16,30254,3,0.0,942,16135,14119
27,30281,3,0.0,943,16135,14146
26,30307,3,0.0,944,16135,14172
17,30324,3,0.0,945,16135,14189
15,30339,3,0.0,946,16135,14204
84,30423,3,0.0,947,16135,14288
39,30462,3,0.0,948,16135,14327
26,30488,3,0.0,949,16135,14353
47,30535,3,0.0,950,16135,14400
9,30544,3,0.0,951,16135,14409
34,30578,3,0.0,952,16135,14443
16,30594,3,0.0,953,16135,14459
26,30620,3,0.0,954,16135,14485
24,30644,3,0.0,955,16135,14509
29,30673,3,0.0,956,16135,14538
8,30681,3,0.0,957,16135,14546
20,30701,3,0.0,958,16135,14566
78,30779,3,0.0,959,16135,14644
21,30800,3,0.0,960,16135,14665
52,30852,3,0.0,961,16135,14717
51,30903,3,0.0,962,16135,14768
19,30922,3,0.0,963,16135,14787
8,30930,3,0.0,964,16135,14795
29,30959,3,0.0,965,16135,14824
17,30976,3,0.0,966,16135,14841
8,30984,3,0.0,967,16135,14849
51,31035,3,0.0,968,16135,14900
28,31063,3,0.0,969,16135,14928
14,31077,3,0.0,970,16135,14942
35,31112,3,0.0,971,16135,14977
22,31134,3,0.0,972,16135,14999
12,31146,3,0.0,973,16135,15011
80,31226,3,0.0,974,16135,15091
38,31264,3,0.0,975,16135,15129
10,31274,3,0.0,976,16135,15139
35,31309,3,0.0,977,16135,15174
22,31331,3,0.0,978,16135,15196
33,31364,3,0.0,979,16135,15229
24,31388,3,0.0,980,16135,15253
10,31398,3,0.0,981,16135,15263
73,31471,3,0.0,982,16135,15336
67,31538,3,0.0,983,16135,15403
44,31582,3,0.0,984,16135,15447
15,31597,3,0.0,985,16135,15462
12,31609,3,0.0,986,16135,15474
30,31639,3,0.0,987,16135,15504
20,31659,3,0.0,988,16135,15524
5,31664,3,0.0,989,16135,15529
15,31679,3,0.0,990,16135,15544
33,31712,3,0.0,991,16135,15577
26,31738,3,0.0,992,16135,15603
18,31756,3,0.0,993,16135,15621
11,31767,3,0.0,994,16135,15632
44,31811,4,1.0,995,16135,15676
56,31867,4,0.0,996,16135,15732
14,31881,4,0.0,997,16135,15746
7,31888,4,0.0,998,16135,15753
41,31929,5,1.0,999,16135,15794
31,31960,5,0.0,1000,16135,15825
35,31995,5,0.0,1001,16135,15860
14,32009,5,0.0,1002,16135,15874
17,32026,5,0.0,1003,16135,15891
5,32031,5,0.0,1004,16135,15896
9,32040,5,0.0,1005,16135,15905
35,32075,6,1.0,1006,16135,15940
28,32103,7,1.0,1007,16135,15968
84,32187,7,0.0,1008,16135,16052
13,32200,7,0.0,1009,16135,16065
29,32229,7,0.0,1010,16135,16094
35,32264,7,0.0,1011,16135,16129
20,32284,7,0.0,1012,16135,16149
23,32307,7,0.0,1013,16135,16172
11,32318,7,0.0,1014,16135,16183
20,32338,7,0.0,1015,16135,16203
15,32353,7,0.0,1016,16135,16218
13,32366,7,0.0,1017,16135,16231
12,32378,7,0.0,1018,16135,16243
14,32392,7,0.0,1019,16135,16257
7,32399,7,0.0,1020,16135,16264
28,32427,7,0.0,1021,16135,16292
7,32434,7,0.0,1022,16135,16299
15,32449,7,0.0,1023,16135,16314
19,32468,7,0.0,1024,16135,16333
24,32492,7,0.0,1025,16135,16357
42,32534,7,0.0,1026,16135,16399
53,32587,7,0.0,1027,16135,16452
28,32615,7,0.0,1028,16135,16480
62,32677,7,0.0,1029,16135,16542
8,32685,7,0.0,1030,16135,16550
9,32694,7,0.0,1031,16135,16559
30,32724,7,0.0,1032,16135,16589
18,32742,7,0.0,1033,16135,16607
44,32786,7,0.0,1034,16135,16651
28,32814,7,0.0,1035,16135,16679
17,32831,7,0.0,1036,16135,16696
24,32855,7,0.0,1037,16135,16720
24,32879,7,0.0,1038,16135,16744
6,32885,7,0.0,1039,16135,16750
21,32906,7,0.0,1040,16135,16771
17,32923,7,0.0,1041,16135,16788
90,33013,7,0.0,1042,16135,16878
30,33043,7,0.0,1043,16135,16908
46,33089,7,0.0,1044,16135,16954
100,33189,7,0.0,1045,16135,17054
20,33209,7,0.0,1046,16135,17074
29,33238,7,0.0,1047,16135,17103
49,33287,7,0.0,1048,16135,17152
38,33325,8,1.0,1049,16135,17190
10,33335,8,0.0,1050,16135,17200
64,33399,8,0.0,1051,16135,17264
23,33422,8,0.0,1052,16135,17287
42,33464,8,0.0,1053,16135,17329
20,33484,8,0.0,1054,16135,17349
26,33510,8,0.0,1055,16135,17375
43,33553,8,0.0,1056,16135,17418
58,33611,9,1.0,1057,16135,17476
30,33641,9,0.0,1058,16135,17506
15,33656,9,0.0,1059,16135,17521
70,33726,9,0.0,1060,16135,17591
28,33754,9,0.0,1061,16135,17619
21,33775,9,0.0,1062,16135,17640
19,33794,9,0.0,1063,16135,17659
16,33810,9,0.0,1064,16135,17675
42,33852,9,0.0,1065,16135,17717
37,33889,9,0.0,1066,16135,17754
58,33947,9,0.0,1067,16135,17812
43,33990,9,0.0,1068,16135,17855
17,34007,9,0.0,1069,16135,17872
8,34015,9,0.0,1070,16135,17880
31,34046,9,0.0,1071,16135,17911
18,34064,9,0.0,1072,16135,17929
51,34115,9,0.0,1073,16135,17980
7,34122,9,0.0,1074,16135,17987
62,34184,9,0.0,1075,16135,18049
20,34204,9,0.0,1076,16135,18069
61,34265,9,0.0,1077,16135,18130
25,34290,9,0.0,1078,16135,18155
14,34304,9,0.0,1079,16135,18169
23,34327,9,0.0,1080,16135,18192
35,34362,9,0.0,1081,16135,18227
13,34375,9,0.0,1082,16135,18240
9,34384,9,0.0,1083,16135,18249
22,34406,9,0.0,1084,16135,18271
67,34473,9,0.0,1085,16135,18338
12,34485,9,0.0,1086,16135,18350
18,34503,9,0.0,1087,16135,18368
68,34571,9,0.0,1088,16135,18436
9,34580,9,0.0,1089,16135,18445
28,34608,9,0.0,1090,16135,18473
16,34624,9,0.0,1091,16135,18489
71,34695,9,0.0,1092,16135,18560
16,34711,9,0.0,1093,16135,18576
28,34739,9,0.0,1094,16135,18604
23,34762,9,0.0,1095,16135,18627
36,34798,9,0.0,1096,16135,18663
14,34812,9,0.0,1097,16135,18677
40,34852,9,0.0,1098,16135,18717
20,34872,9,0.0,1099,16135,18737
16,34888,9,0.0,1100,16135,18753
19,34907,9,0.0,1101,16135,18772
42,34949,9,0.0,1102,16135,18814
42,34991,10,1.0,1103,16135,18856
78,35069,10,0.0,1104,16135,18934
92,35161,10,0.0,1105,16135,19026
16,35177,10,0.0,1106,16135,19042
23,35200,10,0.0,1107,16135,19065
55,35255,10,0.0,1108,16135,19120
100,35355,10,0.0,1109,16135,19220
12,35367,10,0.0,1110,16135,19232
40,35407,10,0.0,1111,16135,19272
30,35437,11,1.0,1112,16135,19302
58,35495,11,0.0,1113,16135,19360
13,35508,11,0.0,1114,16135,19373
17,35525,11,0.0,1115,16135,19390
69,35594,11,0.0,1116,16135,19459
11,35605,11,0.0,1117,16135,19470
14,35619,11,0.0,1118,16135,19484
27,35646,11,0.0,1119,16135,19511
24,35670,11,0.0,1120,16135,19535
30,35700,11,0.0,1121,16135,19565
18,35718,11,0.0,1122,16135,19583
52,35770,12,1.0,1123,16135,19635
18,35788,12,0.0,1124,16135,19653
29,35817,12,0.0,1125,16135,19682
21,35838,12,0.0,1126,16135,19703
23,35861,12,0.0,1127,16135,19726
54,35915,12,0.0,1128,16135,19780
11,35926,12,0.0,1129,16135,19791
34,35960,12,0.0,1130,16135,19825
14,35974,12,0.0,1131,16135,19839
21,35995,12,0.0,1132,16135,19860
13,36008,12,0.0,1133,16135,19873
25,36033,12,0.0,1134,16135,19898
26,36059,12,0.0,1135,16135,19924
6,36065,12,0.0,1136,16135,19930
16,36081,12,0.0,1137,16135,19946
7,36088,12,0.0,1138,16135,19953
12,36100,12,0.0,1139,16135,19965
31,36131,12,0.0,1140,16135,19996
24,36155,13,1.0,1141,16135,20020
14,36169,13,0.0,1142,16135,20034
26,36195,13,0.0,1143,16135,20060
64,36259,13,0.0,1144,16135,20124
42,36301,13,0.0,1145,16135,20166
21,36322,13,0.0,1146,16135,20187
16,36338,13,0.0,1147,16135,20203
11,36349,13,0.0,1148,16135,20214
22,36371,13,0.0,1149,16135,20236
13,36384,13,0.0,1150,16135,20249
21,36405,13,0.0,1151,16135,20270
32,36437,13,0.0,1152,16135,20302
59,36496,13,0.0,1153,16135,20361
100,36596,13,0.0,1154,16135,20461
23,36619,13,0.0,1155,16135,20484
12,36631,13,0.0,1156,16135,20496
31,36662,13,0.0,1157,16135,20527
50,36712,13,0.0,1158,16135,20577
17,36729,13,0.0,1159,16135,20594
11,36740,13,0.0,1160,16135,20605
41,36781,13,0.0,1161,16135,20646
9,36790,13,0.0,1162,16135,20655
32,36822,13,0.0,1163,16135,20687
10,36832,13,0.0,1164,16135,20697
18,36850,13,0.0,1165,16135,20715
10,36860,13,0.0,1166,16135,20725
22,36882,13,0.0,1167,16135,20747
16,36898,13,0.0,1168,16135,20763
33,36931,13,0.0,1169,16135,20796
34,36965,13,0.0,1170,16135,20830
26,36991,13,0.0,1171,16135,20856
18,37009,13,0.0,1172,16135,20874
13,37022,13,0.0,1173,16135,20887
22,37044,13,0.0,1174,16135,20909
20,37064,13,0.0,1175,16135,20929
60,37124,13,0.0,1176,16135,20989
18,37142,13,0.0,1177,16135,21007
72,37214,13,0.0,1178,16135,21079
8,37222,13,0.0,1179,16135,21087
72,37294,13,0.0,1180,16135,21159
36,37330,13,0.0,1181,16135,21195
44,37374,13,0.0,1182,16135,21239
74,37448,13,0.0,1183,16135,21313
35,37483,13,0.0,1184,16135,21348
42,37525,13,0.0,1185,16135,21390
46,37571,13,0.0,1186,16135,21436
44,37615,13,0.0,1187,16135,21480
100,37715,13,0.0,1188,16135,21580
49,37764,13,0.0,1189,16135,21629
25,37789,13,0.0,1190,16135,21654
19,37808,13,0.0,1191,16135,21673
18,37826,13,0.0,1192,16135,21691
13,37839,13,0.0,1193,16135,21704
37,37876,13,0.0,1194,16135,21741
41,37917,13,0.0,1195,16135,21782
26,37943,13,0.0,1196,16135,21808
8,37951,13,0.0,1197,16135,21816
35,37986,13,0.0,1198,16135,21851
19,38005,13,0.0,1199,16135,21870
100,38105,13,0.0,1200,16135,21970
52,38157,14,1.0,1201,16135,22022
36,38193,14,0.0,1202,16135,22058
8,38201,14,0.0,1203,16135,22066
37,38238,14,0.0,1204,16135,22103
12,38250,14,0.0,1205,16135,22115
11,38261,14,0.0,1206,16135,22126
62,38323,14,0.0,1207,16135,22188
69,38392,14,0.0,1208,16135,22257
26,38418,14,0.0,1209,16135,22283
31,38449,14,0.0,1210,16135,22314
28,38477,14,0.0,1211,16135,22342
56,38533,14,0.0,1212,16135,22398
38,38571,14,0.0,1213,16135,22436
29,38600,14,0.0,1214,16135,22465
11,38611,14,0.0,1215,16135,22476
14,38625,14,0.0,1216,16135,22490
17,38642,14,0.0,1217,16135,22507
16,38658,14,0.0,1218,16135,22523
70,38728,14,0.0,1219,16135,22593
12,38740,14,0.0,1220,16135,22605
53,38793,14,0.0,1221,16135,22658
32,38825,14,0.0,1222,16135,22690
44,38869,14,0.0,1223,16135,22734
36,38905,14,0.0,1224,16135,22770
14,38919,14,0.0,1225,16135,22784
53,38972,14,0.0,1226,16135,22837
17,38989,14,0.0,1227,16135,22854
9,38998,14,0.0,1228,16135,22863
39,39037,14,0.0,1229,16135,22902
55,39092,14,0.0,1230,16135,22957
58,39150,14,0.0,1231,16135,23015
37,39187,14,0.0,1232,16135,23052
13,39200,14,0.0,1233,16135,23065
26,39226,14,0.0,1234,16135,23091
10,39236,14,0.0,1235,16135,23101
24,39260,14,0.0,1236,16135,23125
29,39289,14,0.0,1237,16135,23154
32,39321,14,0.0,1238,16135,23186
27,39348,14,0.0,1239,16135,23213
32,39380,14,0.0,1240,16135,23245
6,39386,14,0.0,1241,16135,23251
24,39410,14,0.0,1242,16135,23275
9,39419,14,0.0,1243,16135,23284
35,39454,15,1.0,1244,16135,23319
25,39479,15,0.0,1245,16135,23344
24,39503,16,1.0,1246,16135,23368
66,39569,17,1.0,1247,16135,23434
60,39629,17,0.0,1248,16135,23494
34,39663,18,1.0,1249,16135,23528
5,39668,18,0.0,1250,16135,23533
10,39678,18,0.0,1251,16135,23543
16,39694,18,0.0,1252,16135,23559
14,39708,18,0.0,1253,16135,23573
73,39781,18,0.0,1254,16135,23646
34,39815,18,0.0,1255,16135,23680
15,39830,18,0.0,1256,16135,23695
5,39835,18,0.0,1257,16135,23700
18,39853,19,1.0,1258,16135,23718
37,39890,19,0.0,1259,16135,23755
27,39917,19,0.0,1260,16135,23782
44,39961,20,1.0,1261,16135,23826
16,39977,20,0.0,1262,16135,23842
21,39998,20,0.0,1263,16135,23863
9,40007,20,0.0,1264,16135,23872
20,40027,20,0.0,1265,16135,23892
27,40054,20,0.0,1266,16135,23919
34,40088,20,0.0,1267,16135,23953
32,40120,20,0.0,1268,16135,23985
30,40150,20,0.0,1269,16135,24015
72,40222,21,1.0,1270,16135,24087
51,40273,21,0.0,1271,16135,24138
13,40286,21,0.0,1272,16135,24151
12,40298,21,0.0,1273,16135,24163
25,40323,21,0.0,1274,16135,24188
29,40352,21,0.0,1275,16135,24217
52,40404,21,0.0,1276,16135,24269
15,40419,21,0.0,1277,16135,24284
32,40451,21,0.0,1278,16135,24316
23,40474,21,0.0,1279,16135,24339
10,40484,21,0.0,1280,16135,24349
20,40504,21,0.0,1281,16135,24369
27,40531,21,0.0,1282,16135,24396
45,40576,21,0.0,1283,16135,24441
44,40620,21,0.0,1284,16135,24485
24,40644,21,0.0,1285,16135,24509
10,40654,21,0.0,1286,16135,24519
24,40678,21,0.0,1287,16135,24543
26,40704,21,0.0,1288,16135,24569
9,40713,21,0.0,1289,16135,24578
76,40789,21,0.0,1290,16135,24654
11,40800,21,0.0,1291,16135,24665
11,40811,21,0.0,1292,16135,24676
29,40840,21,0.0,1293,16135,24705
30,40870,21,0.0,1294,16135,24735
48,40918,21,0.0,1295,16135,24783
21,40939,21,0.0,1296,16135,24804
20,40959,21,0.0,1297,16135,24824
14,40973,21,0.0,1298,16135,24838
25,40998,21,0.0,1299,16135,24863
32,41030,21,0.0,1300,16135,24895
15,41045,21,0.0,1301,16135,24910
25,41070,21,0.0,1302,16135,24935
22,41092,21,0.0,1303,16135,24957
10,41102,21,0.0,1304,16135,24967
83,41185,21,0.0,1305,16135,25050
23,41208,21,0.0,1306,16135,25073
22,41230,21,0.0,1307,16135,25095
56,41286,21,0.0,1308,16135,25151
29,41315,21,0.0,1309,16135,25180
27,41342,21,0.0,1310,16135,25207
58,41400,21,0.0,1311,16135,25265
31,41431,21,0.0,1312,16135,25296
24,41455,21,0.0,1313,16135,25320
22,41477,21,0.0,1314,16135,25342
58,41535,22,1.0,1315,16135,25400
29,41564,22,0.0,1316,16135,25429
20,41584,22,0.0,1317,16135,25449
35,41619,22,0.0,1318,16135,25484
9,41628,22,0.0,1319,16135,25493
14,41642,22,0.0,1320,16135,25507
10,41652,22,0.0,1321,16135,25517
51,41703,22,0.0,1322,16135,25568
26,41729,22,0.0,1323,16135,25594
25,41754,22,0.0,1324,16135,25619
7,41761,22,0.0,1325,16135,25626
42,41803,22,0.0,1326,16135,25668
28,41831,22,0.0,1327,16135,25696
9,41840,22,0.0,1328,16135,25705
18,41858,22,0.0,1329,16135,25723
6,41864,22,0.0,1330,16135,25729
33,41897,22,0.0,1331,16135,25762
23,41920,22,0.0,1332,16135,25785
25,41945,22,0.0,1333,16135,25810
39,41984,22,0.0,1334,16135,25849
68,42052,22,0.0,1335,16135,25917
83,42135,22,0.0,1336,16135,26000
15,42150,22,0.0,1337,16135,26015
63,42213,23,1.0,1338,16135,26078
47,42260,23,0.0,1339,16135,26125
22,42282,23,0.0,1340,16135,26147
13,42295,23,0.0,1341,16135,26160
47,42342,23,0.0,1342,16135,26207
11,42353,23,0.0,1343,16135,26218
16,42369,23,0.0,1344,16135,26234
16,42385,23,0.0,1345,16135,26250
16,42401,23,0.0,1346,16135,26266
32,42433,23,0.0,1347,16135,26298
52,42485,23,0.0,1348,16135,26350
25,42510,23,0.0,1349,16135,26375
5,42515,23,0.0,1350,16135,26380
18,42533,23,0.0,1351,16135,26398
65,42598,23,0.0,1352,16135,26463
10,42608,23,0.0,1353,16135,26473
45,42653,23,0.0,1354,16135,26518
21,42674,23,0.0,1355,16135,26539
15,42689,23,0.0,1356,16135,26554
17,42706,23,0.0,1357,16135,26571
18,42724,23,0.0,1358,16135,26589
15,42739,23,0.0,1359,16135,26604
17,42756,23,0.0,1360,16135,26621
15,42771,23,0.0,1361,16135,26636
23,42794,24,1.0,1362,16135,26659
24,42818,24,0.0,1363,16135,26683
7,42825,24,0.0,1364,16135,26690
39,42864,24,0.0,1365,16135,26729
21,42885,24,0.0,1366,16135,26750
25,42910,25,1.0,1367,16135,26775
64,42974,25,0.0,1368,16135,26839
74,43048,25,0.0,1369,16135,26913
20,43068,25,0.0,1370,16135,26933
28,43096,25,0.0,1371,16135,26961
12,43108,25,0.0,1372,16135,26973
14,43122,25,0.0,1373,16135,26987
14,43136,25,0.0,1374,16135,27001
18,43154,25,0.0,1375,16135,27019
100,43254,25,0.0,1376,16135,27119
35,43289,25,0.0,1377,16135,27154
16,43305,25,0.0,1378,16135,27170
21,43326,25,0.0,1379,16135,27191
30,43356,25,0.0,1380,16135,27221
36,43392,25,0.0,1381,16135,27257
44,43436,25,0.0,1382,16135,27301
23,43459,25,0.0,1383,16135,27324
28,43487,25,0.0,1384,16135,27352
23,43510,25,0.0,1385,16135,27375
28,43538,25,0.0,1386,16135,27403
25,43563,25,0.0,1387,16135,27428
41,43604,25,0.0,1388,16135,27469
15,43619,25,0.0,1389,16135,27484
21,43640,25,0.0,1390,16135,27505
13,43653,25,0.0,1391,16135,27518
9,43662,25,0.0,1392,16135,27527
27,43689,25,0.0,1393,16135,27554
13,43702,25,0.0,1394,16135,27567
43,43745,25,0.0,1395,16135,27610
19,43764,25,0.0,1396,16135,27629
23,43787,25,0.0,1397,16135,27652
27,43814,25,0.0,1398,16135,27679
24,43838,25,0.0,1399,16135,27703
23,43861,26,1.0,1400,16135,27726
11,43872,26,0.0,1401,16135,27737
47,43919,26,0.0,1402,16135,27784
49,43968,26,0.0,1403,16135,27833
18,43986,26,0.0,1404,16135,27851
16,44002,26,0.0,1405,16135,27867
76,44078,26,0.0,1406,16135,27943
7,44085,26,0.0,1407,16135,27950
76,44161,27,1.0,1408,16135,28026
35,44196,27,0.0,1409,16135,28061
21,44217,27,0.0,1410,16135,28082
21,44238,28,1.0,1411,16135,28103
31,44269,28,0.0,1412,16135,28134
26,44295,28,0.0,1413,16135,28160
19,44314,28,0.0,1414,16135,28179
13,44327,28,0.0,1415,16135,28192
40,44367,28,0.0,1416,16135,28232
12,44379,28,0.0,1417,16135,28244
29,44408,28,0.0,1418,16135,28273
51,44459,29,1.0,1419,16135,28324
12,44471,29,0.0,1420,16135,28336
13,44484,29,0.0,1421,16135,28349
27,44511,29,0.0,1422,16135,28376
21,44532,29,0.0,1423,16135,28397
31,44563,29,0.0,1424,16135,28428
14,44577,29,0.0,1425,16135,28442
16,44593,29,0.0,1426,16135,28458
35,44628,29,0.0,1427,16135,28493
34,44662,29,0.0,1428,16135,28527
14,44676,29,0.0,1429,16135,28541
37,44713,30,1.0,1430,16135,28578
48,44761,30,0.0,1431,16135,28626
35,44796,30,0.0,1432,16135,28661
10,44806,30,0.0,1433,16135,28671
19,44825,30,0.0,1434,16135,28690
7,44832,30,0.0,1435,16135,28697
27,44859,30,0.0,1436,16135,28724
10,44869,30,0.0,1437,16135,28734
21,44890,31,1.0,1438,16135,28755
71,44961,31,0.0,1439,16135,28826
31,44992,31,0.0,1440,16135,28857
10,45002,31,0.0,1441,16135,28867
26,45028,31,0.0,1442,16135,28893
19,45047,31,0.0,1443,16135,28912
32,45079,31,0.0,1444,16135,28944
43,45122,32,1.0,1445,16135,28987
28,45150,32,0.0,1446,16135,29015
36,45186,32,0.0,1447,16135,29051
48,45234,32,0.0,1448,16135,29099
62,45296,32,0.0,1449,16135,29161
25,45321,32,0.0,1450,16135,29186
14,45335,32,0.0,1451,16135,29200
32,45367,32,0.0,1452,16135,29232
71,45438,32,0.0,1453,16135,29303
45,45483,32,0.0,1454,16135,29348
48,45531,32,0.0,1455,16135,29396
51,45582,32,0.0,1456,16135,29447
46,45628,33,1.0,1457,16135,29493
17,45645,33,0.0,1458,16135,29510
18,45663,33,0.0,1459,16135,29528
100,45763,33,0.0,1460,16135,29628
8,45771,33,0.0,1461,16135,29636
28,45799,33,0.0,1462,16135,29664
31,45830,33,0.0,1463,16135,29695
28,45858,33,0.0,1464,16135,29723
11,45869,33,0.0,1465,16135,29734
14,45883,33,0.0,1466,16135,29748
5,45888,33,0.0,1467,16135,29753
23,45911,33,0.0,1468,16135,29776
13,45924,33,0.0,1469,16135,29789
49,45973,33,0.0,1470,16135,29838
10,45983,33,0.0,1471,16135,29848
40,46023,33,0.0,1472,16135,29888
12,46035,33,0.0,1473,16135,29900
47,46082,33,0.0,1474,16135,29947
24,46106,33,0.0,1475,16135,29971
11,46117,33,0.0,1476,16135,29982
14,46131,33,0.0,1477,16135,29996
21,46152,33,0.0,1478,16135,30017
21,46173,33,0.0,1479,16135,30038
27,46200,33,0.0,1480,16135,30065
16,46216,33,0.0,1481,16135,30081
17,46233,33,0.0,1482,16135,30098
23,46256,33,0.0,1483,16135,30121
9,46265,33,0.0,1484,16135,30130
91,46356,33,0.0,1485,16135,30221
73,46429,33,0.0,1486,16135,30294
8,46437,33,0.0,1487,16135,30302
20,46457,33,0.0,1488,16135,30322
12,46469,33,0.0,1489,16135,30334
9,46478,33,0.0,1490,16135,30343
8,46486,33,0.0,1491,16135,30351
30,46516,33,0.0,1492,16135,30381
15,46531,33,0.0,1493,16135,30396
10,46541,33,0.0,1494,16135,30406
41,46582,33,0.0,1495,16135,30447
23,46605,33,0.0,1496,16135,30470
16,46621,33,0.0,1497,16135,30486
75,46696,33,0.0,1498,16135,30561
22,46718,33,0.0,1499,16135,30583
24,46742,33,0.0,1500,16135,30607
19,46761,33,0.0,1501,16135,30626
75,46836,33,0.0,1502,16135,30701
86,46922,33,0.0,1503,16135,30787
9,46931,33,0.0,1504,16135,30796
7,46938,33,0.0,1505,16135,30803
17,46955,33,0.0,1506,16135,30820
15,46970,33,0.0,1507,16135,30835
68,47038,33,0.0,1508,16135,30903
30,47068,33,0.0,1509,16135,30933
16,47084,33,0.0,1510,16135,30949
6,47090,33,0.0,1511,16135,30955
20,47110,33,0.0,1512,16135,30975
12,47122,33,0.0,1513,16135,30987
62,47184,33,0.0,1514,16135,31049
26,47210,33,0.0,1515,16135,31075
12,47222,33,0.0,1516,16135,31087
47,47269,33,0.0,1517,16135,31134
31,47300,33,0.0,1518,16135,31165
82,47382,33,0.0,1519,16135,31247
46,47428,33,0.0,1520,16135,31293
12,47440,33,0.0,1521,16135,31305
12,47452,33,0.0,1522,16135,31317
87,47539,34,1.0,1523,16135,31404
20,47559,34,0.0,1524,16135,31424
21,47580,34,0.0,1525,16135,31445
24,47604,34,0.0,1526,16135,31469
21,47625,34,0.0,1527,16135,31490
21,47646,34,0.0,1528,16135,31511
29,47675,34,0.0,1529,16135,31540
43,47718,35,1.0,1530,16135,31583
29,47747,35,0.0,1531,16135,31612
25,47772,36,1.0,1532,16135,31637
72,47844,36,0.0,1533,16135,31709
11,47855,36,0.0,1534,16135,31720
42,47897,36,0.0,1535,16135,31762
49,47946,36,0.0,1536,16135,31811
44,47990,36,0.0,1537,16135,31855
43,48033,36,0.0,1538,16135,31898
20,48053,36,0.0,1539,16135,31918
15,48068,36,0.0,1540,16135,31933
40,48108,36,0.0,1541,16135,31973
20,48128,36,0.0,1542,16135,31993
19,48147,36,0.0,1543,16135,32012
7,48154,36,0.0,1544,16135,32019
10,48164,36,0.0,1545,16135,32029
62,48226,36,0.0,1546,16135,32091
23,48249,36,0.0,1547,16135,32114
38,48287,36,0.0,1548,16135,32152
21,48308,36,0.0,1549,16135,32173
7,48315,36,0.0,1550,16135,32180
47,48362,37,1.0,1551,16135,32227
49,48411,38,1.0,1552,16135,32276
13,48424,38,0.0,1553,16135,32289
9,48433,38,0.0,1554,16135,32298
11,48444,38,0.0,1555,16135,32309
35,48479,38,0.0,1556,16135,32344
94,48573,38,0.0,1557,16135,32438
19,48592,38,0.0,1558,16135,32457
35,48627,38,0.0,1559,16135,32492
26,48653,38,0.0,1560,16135,32518
22,48675,38,0.0,1561,16135,32540
72,48747,38,0.0,1562,16135,32612
35,48782,39,1.0,1563,16135,32647
10,48792,39,0.0,1564,16135,32657
39,48831,39,0.0,1565,16135,32696
16,48847,39,0.0,1566,16135,32712
48,48895,40,1.0,1567,16135,32760
41,48936,40,0.0,1568,16135,32801
43,48979,40,0.0,1569,16135,32844
26,49005,40,0.0,1570,16135,32870
10,49015,40,0.0,1571,16135,32880
10,49025,40,0.0,1572,16135,32890
27,49052,40,0.0,1573,16135,32917
15,49067,40,0.0,1574,16135,32932
36,49103,40,0.0,1575,16135,32968
53,49156,40,0.0,1576,16135,33021
38,49194,41,1.0,1577,16135,33059
28,49222,41,0.0,1578,16135,33087
36,49258,41,0.0,1579,16135,33123
19,49277,41,0.0,1580,16135,33142
23,49300,41,0.0,1581,16135,33165
61,49361,41,0.0,1582,16135,33226
8,49369,41,0.0,1583,16135,33234
28,49397,42,1.0,1584,16135,33262
6,49403,42,0.0,1585,16135,33268
23,49426,42,0.0,1586,16135,33291
18,49444,42,0.0,1587,16135,33309
29,49473,42,0.0,1588,16135,33338
27,49500,42,0.0,1589,16135,33365
24,49524,42,0.0,1590,16135,33389
28,49552,42,0.0,1591,16135,33417
15,49567,42,0.0,1592,16135,33432
5,49572,42,0.0,1593,16135,33437
48,49620,42,0.0,1594,16135,33485
19,49639,42,0.0,1595,16135,33504
88,49727,42,0.0,1596,16135,33592
13,49740,42,0.0,1597,16135,33605
26,49766,42,0.0,1598,16135,33631
15,49781,42,0.0,1599,16135,33646
15,49796,42,0.0,1600,16135,33661
12,49808,42,0.0,1601,16135,33673
59,49867,43,1.0,1602,16135,33732
32,49899,43,0.0,1603,16135,33764
13,49912,43,0.0,1604,16135,33777
24,49936,43,0.0,1605,16135,33801
15,49951,43,0.0,1606,16135,33816
49,50000,43,0.0,1607,16135,33865
51,50051,43,0.0,1608,16135,33916
64,50115,43,0.0,1609,16135,33980
16,50131,43,0.0,1610,16135,33996
16,50147,43,0.0,1611,16135,34012
20,50167,43,0.0,1612,16135,34032
9,50176,43,0.0,1613,16135,34041
100,50276,43,0.0,1614,16135,34141
22,50298,43,0.0,1615,16135,34163
35,50333,43,0.0,1616,16135,34198
59,50392,43,0.0,1617,16135,34257
36,50428,44,1.0,1618,16135,34293
22,50450,44,0.0,1619,16135,34315
36,50486,44,0.0,1620,16135,34351
23,50509,44,0.0,1621,16135,34374
48,50557,45,1.0,1622,16135,34422
7,50564,45,0.0,1623,16135,34429
33,50597,45,0.0,1624,16135,34462
10,50607,45,0.0,1625,16135,34472
16,50623,45,0.0,1626,16135,34488
44,50667,45,0.0,1627,16135,34532
45,50712,45,0.0,1628,16135,34577
24,50736,45,0.0,1629,16135,34601
16,50752,45,0.0,1630,16135,34617
39,50791,46,1.0,1631,16135,34656
37,50828,46,0.0,1632,16135,34693
10,50838,46,0.0,1633,16135,34703
22,50860,46,0.0,1634,16135,34725
11,50871,46,0.0,1635,16135,34736
20,50891,46,0.0,1636,16135,34756
27,50918,46,0.0,1637,16135,34783
38,50956,46,0.0,1638,16135,34821
21,50977,46,0.0,1639,16135,34842
89,51066,46,0.0,1640,16135,34931
14,51080,46,0.0,1641,16135,34945
25,51105,46,0.0,1642,16135,34970
100,51205,46,0.0,1643,16135,35070
7,51212,46,0.0,1644,16135,35077
9,51221,46,0.0,1645,16135,35086
34,51255,47,1.0,1646,16135,35120
40,51295,47,0.0,1647,16135,35160
32,51327,47,0.0,1648,16135,35192
16,51343,47,0.0,1649,16135,35208
16,51359,47,0.0,1650,16135,35224
10,51369,47,0.0,1651,16135,35234
39,51408,47,0.0,1652,16135,35273
15,51423,47,0.0,1653,16135,35288
7,51430,47,0.0,1654,16135,35295
30,51460,47,0.0,1655,16135,35325
10,51470,47,0.0,1656,16135,35335
29,51499,47,0.0,1657,16135,35364
20,51519,47,0.0,1658,16135,35384
17,51536,47,0.0,1659,16135,35401
57,51593,48,1.0,1660,16135,35458
17,51610,48,0.0,1661,16135,35475
12,51622,48,0.0,1662,16135,35487
36,51658,49,1.0,1663,16135,35523
17,51675,49,0.0,1664,16135,35540
10,51685,49,0.0,1665,16135,35550
18,51703,49,0.0,1666,16135,35568
28,51731,49,0.0,1667,16135,35596
51,51782,49,0.0,1668,16135,35647
42,51824,49,0.0,1669,16135,35689
14,51838,49,0.0,1670,16135,35703
23,51861,49,0.0,1671,16135,35726
61,51922,49,0.0,1672,16135,35787
14,51936,49,0.0,1673,16135,35801
31,51967,50,1.0,1674,16135,35832
85,52052,50,0.0,1675,16135,35917
22,52074,50,0.0,1676,16135,35939
30,52104,50,0.0,1677,16135,35969
38,52142,50,0.0,1678,16135,36007
46,52188,51,1.0,1679,16135,36053
16,52204,51,0.0,1680,16135,36069
44,52248,51,0.0,1681,16135,36113
38,52286,51,0.0,1682,16135,36151
13,52299,51,0.0,1683,16135,36164
21,52320,51,0.0,1684,16135,36185
24,52344,51,0.0,1685,16135,36209
22,52366,51,0.0,1686,16135,36231
22,52388,51,0.0,1687,16135,36253
19,52407,51,0.0,1688,16135,36272
11,52418,51,0.0,1689,16135,36283
24,52442,51,0.0,1690,16135,36307
100,52542,51,0.0,1691,16135,36407
61,52603,51,0.0,1692,16135,36468
9,52612,51,0.0,1693,16135,36477
17,52629,51,0.0,1694,16135,36494
5,52634,51,0.0,1695,16135,36499
5,52639,51,0.0,1696,16135,36504
23,52662,51,0.0,1697,16135,36527
17,52679,51,0.0,1698,16135,36544
17,52696,51,0.0,1699,16135,36561
20,52716,51,0.0,1700,16135,36581
21,52737,51,0.0,1701,16135,36602
15,52752,51,0.0,1702,16135,36617
19,52771,51,0.0,1703,16135,36636
16,52787,51,0.0,1704,16135,36652
33,52820,51,0.0,1705,16135,36685
34,52854,51,0.0,1706,16135,36719
18,52872,51,0.0,1707,16135,36737
29,52901,51,0.0,1708,16135,36766
5,52906,51,0.0,1709,16135,36771
49,52955,51,0.0,1710,16135,36820
77,53032,51,0.0,1711,16135,36897
41,53073,51,0.0,1712,16135,36938
28,53101,51,0.0,1713,16135,36966
9,53110,51,0.0,1714,16135,36975
30,53140,51,0.0,1715,16135,37005
12,53152,51,0.0,1716,16135,37017
47,53199,52,1.0,1717,16135,37064
23,53222,52,0.0,1718,16135,37087
9,53231,52,0.0,1719,16135,37096
11,53242,52,0.0,1720,16135,37107
22,53264,52,0.0,1721,16135,37129
18,53282,52,0.0,1722,16135,37147
71,53353,52,0.0,1723,16135,37218
13,53366,52,0.0,1724,16135,37231
49,53415,52,0.0,1725,16135,37280
41,53456,52,0.0,1726,16135,37321
53,53509,52,0.0,1727,16135,37374
80,53589,53,1.0,1728,16135,37454
9,53598,53,0.0,1729,16135,37463
58,53656,53,0.0,1730,16135,37521
22,53678,53,0.0,1731,16135,37543
11,53689,53,0.0,1732,16135,37554
57,53746,53,0.0,1733,16135,37611
19,53765,53,0.0,1734,16135,37630
27,53792,53,0.0,1735,16135,37657
96,53888,53,0.0,1736,16135,37753
33,53921,53,0.0,1737,16135,37786
31,53952,54,1.0,1738,16135,37817
13,53965,54,0.0,1739,16135,37830
78,54043,54,0.0,1740,16135,37908
15,54058,54,0.0,1741,16135,37923
62,54120,54,0.0,1742,16135,37985
31,54151,54,0.0,1743,16135,38016
33,54184,54,0.0,1744,16135,38049
32,54216,54,0.0,1745,16135,38081
5,54221,54,0.0,1746,16135,38086
31,54252,54,0.0,1747,16135,38117
49,54301,54,0.0,1748,16135,38166
24,54325,54,0.0,1749,16135,38190
49,54374,54,0.0,1750,16135,38239
9,54383,54,0.0,1751,16135,38248
38,54421,55,1.0,1752,16135,38286
28,54449,55,0.0,1753,16135,38314
28,54477,55,0.0,1754,16135,38342
13,54490,55,0.0,1755,16135,38355
38,54528,55,0.0,1756,16135,38393
47,54575,55,0.0,1757,16135,38440
26,54601,55,0.0,1758,16135,38466
22,54623,55,0.0,1759,16135,38488
10,54633,55,0.0,1760,16135,38498
7,54640,55,0.0,1761,16135,38505
22,54662,55,0.0,1762,16135,38527
31,54693,55,0.0,1763,16135,38558
55,54748,55,0.0,1764,16135,38613
26,54774,55,0.0,1765,16135,38639
35,54809,55,0.0,1766,16135,38674
9,54818,55,0.0,1767,16135,38683
25,54843,56,1.0,1768,16135,38708
28,54871,56,0.0,1769,16135,38736
27,54898,56,0.0,1770,16135,38763
31,54929,56,0.0,1771,16135,38794
57,54986,56,0.0,1772,16135,38851
64,55050,56,0.0,1773,16135,38915
8,55058,56,0.0,1774,16135,38923
22,55080,56,0.0,1775,16135,38945
24,55104,56,0.0,1776,16135,38969
17,55121,56,0.0,1777,16135,38986
100,55221,56,0.0,1778,16135,39086
14,55235,56,0.0,1779,16135,39100
37,55272,56,0.0,1780,16135,39137
100,55372,56,0.0,1781,16135,39237
30,55402,56,0.0,1782,16135,39267
10,55412,56,0.0,1783,16135,39277
35,55447,56,0.0,1784,16135,39312
62,55509,56,0.0,1785,16135,39374
29,55538,56,0.0,1786,16135,39403
31,55569,56,0.0,1787,16135,39434
7,55576,56,0.0,1788,16135,39441
13,55589,56,0.0,1789,16135,39454
62,55651,56,0.0,1790,16135,39516
18,55669,56,0.0,1791,16135,39534
19,55688,56,0.0,1792,16135,39553
48,55736,56,0.0,1793,16135,39601
15,55751,56,0.0,1794,16135,39616
24,55775,56,0.0,1795,16135,39640
9,55784,56,0.0,1796,16135,39649
18,55802,56,0.0,1797,16135,39667
32,55834,56,0.0,1798,16135,39699
31,55865,56,0.0,1799,16135,39730
24,55889,56,0.0,1800,16135,39754
7,55896,56,0.0,1801,16135,39761
8,55904,56,0.0,1802,16135,39769
14,55918,56,0.0,1803,16135,39783
6,55924,56,0.0,1804,16135,39789
41,55965,56,0.0,1805,16135,39830
32,55997,57,1.0,1806,16135,39862
29,56026,57,0.0,1807,16135,39891
14,56040,57,0.0,1808,16135,39905
11,56051,57,0.0,1809,16135,39916
16,56067,57,0.0,1810,16135,39932
18,56085,57,0.0,1811,16135,39950
19,56104,57,0.0,1812,16135,39969
28,56132,57,0.0,1813,16135,39997
24,56156,57,0.0,1814,16135,40021
10,56166,57,0.0,1815,16135,40031
37,56203,57,0.0,1816,16135,40068
12,56215,57,0.0,1817,16135,40080
13,56228,57,0.0,1818,16135,40093
17,56245,57,0.0,1819,16135,40110
15,56260,57,0.0,1820,16135,40125
8,56268,57,0.0,1821,16135,40133
19,56287,57,0.0,1822,16135,40152
44,56331,57,0.0,1823,16135,40196
15,56346,57,0.0,1824,16135,40211
11,56357,57,0.0,1825,16135,40222
42,56399,58,1.0,1826,16135,40264
11,56410,58,0.0,1827,16135,40275
26,56436,58,0.0,1828,16135,40301
18,56454,58,0.0,1829,16135,40319
32,56486,58,0.0,1830,16135,40351
9,56495,58,0.0,1831,16135,40360
18,56513,58,0.0,1832,16135,40378
10,56523,58,0.0,1833,16135,40388
63,56586,58,0.0,1834,16135,40451
23,56609,58,0.0,1835,16135,40474
48,56657,58,0.0,1836,16135,40522
39,56696,58,0.0,1837,16135,40561
17,56713,58,0.0,1838,16135,40578
73,56786,59,1.0,1839,16135,40651
73,56859,59,0.0,1840,16135,40724
23,56882,59,0.0,1841,16135,40747
19,56901,59,0.0,1842,16135,40766
13,56914,59,0.0,1843,16135,40779
60,56974,59,0.0,1844,16135,40839
20,56994,59,0.0,1845,16135,40859
34,57028,59,0.0,1846,16135,40893
12,57040,59,0.0,1847,16135,40905
16,57056,59,0.0,1848,16135,40921
23,57079,59,0.0,1849,16135,40944
40,57119,59,0.0,1850,16135,40984
11,57130,59,0.0,1851,16135,40995
47,57177,59,0.0,1852,16135,41042
22,57199,59,0.0,1853,16135,41064
21,57220,59,0.0,1854,16135,41085
35,57255,59,0.0,1855,16135,41120
30,57285,59,0.0,1856,16135,41150
24,57309,59,0.0,1857,16135,41174
62,57371,60,1.0,1858,16135,41236
6,57377,60,0.0,1859,16135,41242
20,57397,60,0.0,1860,16135,41262
34,57431,60,0.0,1861,16135,41296
13,57444,60,0.0,1862,16135,41309
51,57495,60,0.0,1863,16135,41360
36,57531,60,0.0,1864,16135,41396
6,57537,60,0.0,1865,16135,41402
9,57546,60,0.0,1866,16135,41411
39,57585,61,1.0,1867,16135,41450
23,57608,61,0.0,1868,16135,41473
22,57630,61,0.0,1869,16135,41495
20,57650,61,0.0,1870,16135,41515
16,57666,61,0.0,1871,16135,41531
14,57680,61,0.0,1872,16135,41545
32,57712,62,1.0,1873,16135,41577
14,57726,62,0.0,1874,16135,41591
27,57753,63,1.0,1875,16135,41618
76,57829,63,0.0,1876,16135,41694
17,57846,63,0.0,1877,16135,41711
35,57881,63,0.0,1878,16135,41746
29,57910,63,0.0,1879,16135,41775
32,57942,63,0.0,1880,16135,41807
69,58011,63,0.0,1881,16135,41876
12,58023,63,0.0,1882,16135,41888
22,58045,63,0.0,1883,16135,41910
21,58066,63,0.0,1884,16135,41931
14,58080,63,0.0,1885,16135,41945
79,58159,63,0.0,1886,16135,42024
62,58221,63,0.0,1887,16135,42086
12,58233,63,0.0,1888,16135,42098
52,58285,63,0.0,1889,16135,42150
57,58342,64,1.0,1890,16135,42207
56,58398,64,0.0,1891,16135,42263
27,58425,64,0.0,1892,16135,42290
51,58476,64,0.0,1893,16135,42341
53,58529,64,0.0,1894,16135,42394
11,58540,64,0.0,1895,16135,42405
23,58563,64,0.0,1896,16135,42428
34,58597,64,0.0,1897,16135,42462
11,58608,64,0.0,1898,16135,42473
28,58636,64,0.0,1899,16135,42501
26,58662,64,0.0,1900,16135,42527
67,58729,64,0.0,1901,16135,42594
12,58741,64,0.0,1902,16135,42606
36,58777,64,0.0,1903,16135,42642
20,58797,64,0.0,1904,16135,42662
21,58818,64,0.0,1905,16135,42683
7,58825,64,0.0,1906,16135,42690
47,58872,64,0.0,1907,16135,42737
29,58901,64,0.0,1908,16135,42766
9,58910,64,0.0,1909,16135,42775
6,58916,64,0.0,1910,16135,42781
61,58977,64,0.0,1911,16135,42842
25,59002,64,0.0,1912,16135,42867
25,59027,64,0.0,1913,16135,42892
76,59103,64,0.0,1914,16135,42968
75,59178,64,0.0,1915,16135,43043
45,59223,65,1.0,1916,16135,43088
20,59243,65,0.0,1917,16135,43108
12,59255,65,0.0,1918,16135,43120
29,59284,65,0.0,1919,16135,43149
24,59308,65,0.0,1920,16135,43173
43,59351,65,0.0,1921,16135,43216
21,59372,65,0.0,1922,16135,43237
43,59415,65,0.0,1923,16135,43280
18,59433,65,0.0,1924,16135,43298
28,59461,65,0.0,1925,16135,43326
31,59492,65,0.0,1926,16135,43357
11,59503,65,0.0,1927,16135,43368
60,59563,66,1.0,1928,16135,43428
24,59587,66,0.0,1929,16135,43452
24,59611,66,0.0,1930,16135,43476
32,59643,66,0.0,1931,16135,43508
16,59659,66,0.0,1932,16135,43524
27,59686,66,0.0,1933,16135,43551
65,59751,66,0.0,1934,16135,43616
18,59769,66,0.0,1935,16135,43634
47,59816,66,0.0,1936,16135,43681
16,59832,66,0.0,1937,16135,43697
6,59838,66,0.0,1938,16135,43703
18,59856,66,0.0,1939,16135,43721
46,59902,66,0.0,1940,16135,43767
36,59938,67,1.0,1941,16135,43803
12,59950,67,0.0,1942,16135,43815
15,59965,67,0.0,1943,16135,43830
15,59980,67,0.0,1944,16135,43845
10,59990,67,0.0,1945,16135,43855
17,60007,67,0.0,1946,16135,43872
27,60034,67,0.0,1947,16135,43899
21,60055,67,0.0,1948,16135,43920
18,60073,67,0.0,1949,16135,43938
61,60134,67,0.0,1950,16135,43999
15,60149,67,0.0,1951,16135,44014
23,60172,67,0.0,1952,16135,44037
14,60186,67,0.0,1953,16135,44051
9,60195,67,0.0,1954,16135,44060
27,60222,67,0.0,1955,16135,44087
38,60260,67,0.0,1956,16135,44125
69,60329,67,0.0,1957,16135,44194
34,60363,67,0.0,1958,16135,44228
31,60394,67,0.0,1959,16135,44259
40,60434,67,0.0,1960,16135,44299
23,60457,68,1.0,1961,16135,44322
17,60474,68,0.0,1962,16135,44339
24,60498,69,1.0,1963,16135,44363
32,60530,69,0.0,1964,16135,44395
46,60576,69,0.0,1965,16135,44441
28,60604,69,0.0,1966,16135,44469
32,60636,69,0.0,1967,16135,44501
15,60651,69,0.0,1968,16135,44516
13,60664,69,0.0,1969,16135,44529
9,60673,69,0.0,1970,16135,44538
10,60683,69,0.0,1971,16135,44548
29,60712,69,0.0,1972,16135,44577
23,60735,70,1.0,1973,16135,44600
28,60763,70,0.0,1974,16135,44628
41,60804,71,1.0,1975,16135,44669
13,60817,71,0.0,1976,16135,44682
12,60829,71,0.0,1977,16135,44694
8,60837,71,0.0,1978,16135,44702
13,60850,71,0.0,1979,16135,44715
32,60882,71,0.0,1980,16135,44747
30,60912,71,0.0,1981,16135,44777
72,60984,72,1.0,1982,16135,44849
42,61026,72,0.0,1983,16135,44891
32,61058,72,0.0,1984,16135,44923
11,61069,72,0.0,1985,16135,44934
12,61081,72,0.0,1986,16135,44946
27,61108,72,0.0,1987,16135,44973
31,61139,72,0.0,1988,16135,45004
12,61151,72,0.0,1989,16135,45016
6,61157,72,0.0,1990,16135,45022
84,61241,73,1.0,1991,16135,45106
18,61259,73,0.0,1992,16135,45124
27,61286,73,0.0,1993,16135,45151
27,61313,73,0.0,1994,16135,45178
39,61352,73,0.0,1995,16135,45217
8,61360,73,0.0,1996,16135,45225
25,61385,73,0.0,1997,16135,45250
79,61464,74,1.0,1998,16135,45329
49,61513,74,0.0,1999,16135,45378
15,61528,74,0.0,2000,16135,45393
78,61606,74,0.0,2001,16135,45471
25,61631,74,0.0,2002,16135,45496
9,61640,74,0.0,2003,16135,45505
13,61653,74,0.0,2004,16135,45518
22,61675,74,0.0,2005,16135,45540
47,61722,74,0.0,2006,16135,45587
42,61764,74,0.0,2007,16135,45629
34,61798,74,0.0,2008,16135,45663
30,61828,74,0.0,2009,16135,45693
36,61864,75,1.0,2010,16135,45729
39,61903,75,0.0,2011,16135,45768
36,61939,75,0.0,2012,16135,45804
20,61959,75,0.0,2013,16135,45824
10,61969,75,0.0,2014,16135,45834
46,62015,76,1.0,2015,16135,45880
9,62024,76,0.0,2016,16135,45889
60,62084,77,1.0,2017,16135,45949
40,62124,78,1.0,2018,16135,45989
16,62140,78,0.0,2019,16135,46005
17,62157,78,0.0,2020,16135,46022
25,62182,78,0.0,2021,16135,46047
19,62201,78,0.0,2022,16135,46066
71,62272,78,0.0,2023,16135,46137
42,62314,78,0.0,2024,16135,46179
9,62323,78,0.0,2025,16135,46188
38,62361,78,0.0,2026,16135,46226
13,62374,78,0.0,2027,16135,46239
49,62423,78,0.0,2028,16135,46288
12,62435,78,0.0,2029,16135,46300
6,62441,78,0.0,2030,16135,46306
25,62466,78,0.0,2031,16135,46331
12,62478,78,0.0,2032,16135,46343
11,62489,78,0.0,2033,16135,46354
55,62544,79,1.0,2034,16135,46409
34,62578,79,0.0,2035,16135,46443
18,62596,79,0.0,2036,16135,46461
10,62606,79,0.0,2037,16135,46471
48,62654,79,0.0,2038,16135,46519
41,62695,79,0.0,2039,16135,46560
28,62723,79,0.0,2040,16135,46588
10,62733,79,0.0,2041,16135,46598
35,62768,79,0.0,2042,16135,46633
28,62796,79,0.0,2043,16135,46661
35,62831,79,0.0,2044,16135,46696
25,62856,79,0.0,2045,16135,46721
40,62896,79,0.0,2046,16135,46761
25,62921,79,0.0,2047,16135,46786
13,62934,79,0.0,2048,16135,46799
35,62969,79,0.0,2049,16135,46834
44,63013,80,1.0,2050,16135,46878
21,63034,80,0.0,2051,16135,46899
19,63053,80,0.0,2052,16135,46918
26,63079,80,0.0,2053,16135,46944
64,63143,81,1.0,2054,16135,47008
51,63194,81,0.0,2055,16135,47059
8,63202,81,0.0,2056,16135,47067
15,63217,81,0.0,2057,16135,47082
63,63280,82,1.0,2058,16135,47145
17,63297,82,0.0,2059,16135,47162
37,63334,82,0.0,2060,16135,47199
35,63369,83,1.0,2061,16135,47234
30,63399,83,0.0,2062,16135,47264
35,63434,83,0.0,2063,16135,47299
20,63454,83,0.0,2064,16135,47319
28,63482,84,1.0,2065,16135,47347
26,63508,84,0.0,2066,16135,47373
45,63553,84,0.0,2067,16135,47418
26,63579,84,0.0,2068,16135,47444
26,63605,84,0.0,2069,16135,47470
59,63664,84,0.0,2070,16135,47529
15,63679,84,0.0,2071,16135,47544
15,63694,84,0.0,2072,16135,47559
39,63733,84,0.0,2073,16135,47598
30,63763,84,0.0,2074,16135,47628
51,63814,85,1.0,2075,16135,47679
98,63912,85,0.0,2076,16135,47777
11,63923,85,0.0,2077,16135,47788
40,63963,86,1.0,2078,16135,47828
63,64026,87,1.0,2079,16135,47891
14,64040,87,0.0,2080,16135,47905
55,64095,87,0.0,2081,16135,47960
28,64123,87,0.0,2082,16135,47988
13,64136,87,0.0,2083,16135,48001
31,64167,87,0.0,2084,16135,48032
17,64184,87,0.0,2085,16135,48049
69,64253,87,0.0,2086,16135,48118
15,64268,87,0.0,2087,16135,48133
22,64290,87,0.0,2088,16135,48155
11,64301,87,0.0,2089,16135,48166
35,64336,87,0.0,2090,16135,48201
33,64369,87,0.0,2091,16135,48234
11,64380,87,0.0,2092,16135,48245
21,64401,87,0.0,2093,16135,48266
10,64411,87,0.0,2094,16135,48276
38,64449,87,0.0,2095,16135,48314
30,64479,87,0.0,2096,16135,48344
42,64521,88,1.0,2097,16135,48386
27,64548,89,1.0,2098,16135,48413
31,64579,90,1.0,2099,16135,48444
12,64591,90,0.0,2100,16135,48456
13,64604,90,0.0,2101,16135,48469
36,64640,90,0.0,2102,16135,48505
10,64650,90,0.0,2103,16135,48515
15,64665,90,0.0,2104,16135,48530
49,64714,91,1.0,2105,16135,48579
12,64726,91,0.0,2106,16135,48591
70,64796,91,0.0,2107,16135,48661
16,64812,91,0.0,2108,16135,48677
43,64855,91,0.0,2109,16135,48720
29,64884,91,0.0,2110,16135,48749
71,64955,91,0.0,2111,16135,48820
44,64999,91,0.0,2112,16135,48864
40,65039,92,1.0,2113,16135,48904
15,65054,92,0.0,2114,16135,48919
25,65079,92,0.0,2115,16135,48944
29,65108,92,0.0,2116,16135,48973
18,65126,92,0.0,2117,16135,48991
15,65141,92,0.0,2118,16135,49006
24,65165,92,0.0,2119,16135,49030
64,65229,92,0.0,2120,16135,49094
25,65254,92,0.0,2121,16135,49119
76,65330,92,0.0,2122,16135,49195
5,65335,92,0.0,2123,16135,49200
38,65373,92,0.0,2124,16135,49238
59,65432,92,0.0,2125,16135,49297
33,65465,92,0.0,2126,16135,49330
11,65476,92,0.0,2127,16135,49341
29,65505,92,0.0,2128,16135,49370
22,65527,92,0.0,2129,16135,49392
18,65545,92,0.0,2130,16135,49410
16,65561,92,0.0,2131,16135,49426
26,65587,92,0.0,2132,16135,49452
52,65639,92,0.0,2133,16135,49504
27,65666,92,0.0,2134,16135,49531
14,65680,92,0.0,2135,16135,49545
5,65685,92,0.0,2136,16135,49550
86,65771,93,1.0,2137,16135,49636
17,65788,93,0.0,2138,16135,49653
18,65806,93,0.0,2139,16135,49671
36,65842,93,0.0,2140,16135,49707
15,65857,93,0.0,2141,16135,49722
48,65905,93,0.0,2142,16135,49770
29,65934,93,0.0,2143,16135,49799
30,65964,93,0.0,2144,16135,49829
12,65976,93,0.0,2145,16135,49841
27,66003,93,0.0,2146,16135,49868
13,66016,93,0.0,2147,16135,49881
20,66036,93,0.0,2148,16135,49901
27,66063,93,0.0,2149,16135,49928
97,66160,93,0.0,2150,16135,50025
28,66188,94,1.0,2151,16135,50053
22,66210,94,0.0,2152,16135,50075
7,66217,94,0.0,2153,16135,50082
9,66226,94,0.0,2154,16135,50091
39,66265,94,0.0,2155,16135,50130
27,66292,94,0.0,2156,16135,50157
50,66342,95,1.0,2157,16135,50207
8,66350,95,0.0,2158,16135,50215
43,66393,96,1.0,2159,16135,50258
67,66460,96,0.0,2160,16135,50325
27,66487,96,0.0,2161,16135,50352
16,66503,96,0.0,2162,16135,50368
12,66515,96,0.0,2163,16135,50380
6,66521,96,0.0,2164,16135,50386
44,66565,96,0.0,2165,16135,50430
19,66584,96,0.0,2166,16135,50449
11,66595,96,0.0,2167,16135,50460
19,66614,96,0.0,2168,16135,50479
31,66645,96,0.0,2169,16135,50510
70,66715,97,1.0,2170,16135,50580
46,66761,97,0.0,2171,16135,50626
18,66779,97,0.0,2172,16135,50644
25,66804,97,0.0,2173,16135,50669
8,66812,97,0.0,2174,16135,50677
57,66869,97,0.0,2175,16135,50734
7,66876,97,0.0,2176,16135,50741
15,66891,97,0.0,2177,16135,50756
50,66941,97,0.0,2178,16135,50806
59,67000,97,0.0,2179,16135,50865
16,67016,97,0.0,2180,16135,50881
31,67047,97,0.0,2181,16135,50912
19,67066,98,1.0,2182,16135,50931
9,67075,98,0.0,2183,16135,50940
38,67113,98,0.0,2184,16135,50978
18,67131,98,0.0,2185,16135,50996
42,67173,98,0.0,2186,16135,51038
39,67212,98,0.0,2187,16135,51077
6,67218,98,0.0,2188,16135,51083
11,67229,98,0.0,2189,16135,51094
9,67238,98,0.0,2190,16135,51103
11,67249,98,0.0,2191,16135,51114
35,67284,98,0.0,2192,16135,51149
17,67301,98,0.0,2193,16135,51166
24,67325,98,0.0,2194,16135,51190
11,67336,98,0.0,2195,16135,51201
40,67376,98,0.0,2196,16135,51241
27,67403,98,0.0,2197,16135,51268
17,67420,98,0.0,2198,16135,51285
28,67448,98,0.0,2199,16135,51313
27,67475,99,1.0,2200,16135,51340
18,67493,99,0.0,2201,16135,51358
50,67543,100,1.0,2202,16135,51408
15,67558,100,0.0,2203,16135,51423
24,67582,100,0.0,2204,16135,51447
32,67614,100,0.0,2205,16135,51479
22,67636,100,0.0,2206,16135,51501
57,67693,100,0.0,2207,16135,51558
37,67730,100,0.0,2208,16135,51595
11,67741,100,0.0,2209,16135,51606
21,67762,101,1.0,2210,16135,51627
49,67811,101,0.0,2211,16135,51676
82,67893,101,0.0,2212,16135,51758
27,67920,102,1.0,2213,16135,51785
11,67931,102,0.0,2214,16135,51796
8,67939,102,0.0,2215,16135,51804
14,67953,102,0.0,2216,16135,51818
56,68009,102,0.0,2217,16135,51874
27,68036,102,0.0,2218,16135,51901
13,68049,102,0.0,2219,16135,51914
45,68094,102,0.0,2220,16135,51959
43,68137,102,0.0,2221,16135,52002
50,68187,102,0.0,2222,16135,52052
8,68195,102,0.0,2223,16135,52060
15,68210,102,0.0,2224,16135,52075
17,68227,102,0.0,2225,16135,52092
23,68250,103,1.0,2226,16135,52115
42,68292,103,0.0,2227,16135,52157
14,68306,103,0.0,2228,16135,52171
18,68324,104,1.0,2229,16135,52189
50,68374,104,0.0,2230,16135,52239
29,68403,104,0.0,2231,16135,52268
20,68423,104,0.0,2232,16135,52288
57,68480,104,0.0,2233,16135,52345
5,68485,104,0.0,2234,16135,52350
13,68498,104,0.0,2235,16135,52363
88,68586,104,0.0,2236,16135,52451
38,68624,105,1.0,2237,16135,52489
32,68656,106,1.0,2238,16135,52521
57,68713,107,1.0,2239,16135,52578
73,68786,107,0.0,2240,16135,52651
48,68834,107,0.0,2241,16135,52699
51,68885,107,0.0,2242,16135,52750
13,68898,107,0.0,2243,16135,52763
37,68935,107,0.0,2244,16135,52800
85,69020,107,0.0,2245,16135,52885
31,69051,107,0.0,2246,16135,52916
21,69072,107,0.0,2247,16135,52937
13,69085,107,0.0,2248,16135,52950
7,69092,107,0.0,2249,16135,52957
39,69131,107,0.0,2250,16135,52996
36,69167,107,0.0,2251,16135,53032
28,69195,107,0.0,2252,16135,53060
23,69218,107,0.0,2253,16135,53083
27,69245,107,0.0,2254,16135,53110
13,69258,107,0.0,2255,16135,53123
30,69288,107,0.0,2256,16135,53153
39,69327,107,0.0,2257,16135,53192
12,69339,107,0.0,2258,16135,53204
44,69383,108,1.0,2259,16135,53248
49,69432,108,0.0,2260,16135,53297
15,69447,108,0.0,2261,16135,53312
49,69496,108,0.0,2262,16135,53361
19,69515,108,0.0,2263,16135,53380
28,69543,109,1.0,2264,16135,53408
55,69598,109,0.0,2265,16135,53463
28,69626,109,0.0,2266,16135,53491
17,69643,109,0.0,2267,16135,53508
33,69676,110,1.0,2268,16135,53541
9,69685,110,0.0,2269,16135,53550
31,69716,110,0.0,2270,16135,53581
26,69742,110,0.0,2271,16135,53607
29,69771,110,0.0,2272,16135,53636
41,69812,110,0.0,2273,16135,53677
26,69838,110,0.0,2274,16135,53703
5,69843,110,0.0,2275,16135,53708
66,69909,110,0.0,2276,16135,53774
14,69923,110,0.0,2277,16135,53788
25,69948,110,0.0,2278,16135,53813
18,69966,110,0.0,2279,16135,53831
28,69994,110,0.0,2280,16135,53859
34,70028,111,1.0,2281,16135,53893
49,70077,111,0.0,2282,16135,53942
13,70090,111,0.0,2283,16135,53955
6,70096,111,0.0,2284,16135,53961
9,70105,111,0.0,2285,16135,53970
35,70140,111,0.0,2286,16135,54005
22,70162,111,0.0,2287,16135,54027
34,70196,111,0.0,2288,16135,54061
100,70296,111,0.0,2289,16135,54161
27,70323,111,0.0,2290,16135,54188
26,70349,112,1.0,2291,16135,54214
36,70385,112,0.0,2292,16135,54250
5,70390,112,0.0,2293,16135,54255
5,70395,112,0.0,2294,16135,54260
23,70418,112,0.0,2295,16135,54283
9,70427,112,0.0,2296,16135,54292
86,70513,112,0.0,2297,16135,54378
21,70534,112,0.0,2298,16135,54399
12,70546,112,0.0,2299,16135,54411
9,70555,112,0.0,2300,16135,54420
26,70581,112,0.0,2301,16135,54446
100,70681,112,0.0,2302,16135,54546
25,70706,112,0.0,2303,16135,54571
8,70714,112,0.0,2304,16135,54579
33,70747,113,1.0,2305,16135,54612
18,70765,113,0.0,2306,16135,54630
29,70794,113,0.0,2307,16135,54659
21,70815,114,1.0,2308,16135,54680
23,70838,114,0.0,2309,16135,54703
11,70849,114,0.0,2310,16135,54714
26,70875,114,0.0,2311,16135,54740
18,70893,114,0.0,2312,16135,54758
13,70906,114,0.0,2313,16135,54771
18,70924,114,0.0,2314,16135,54789
46,70970,115,1.0,2315,16135,54835
28,70998,115,0.0,2316,16135,54863
13,71011,115,0.0,2317,16135,54876
41,71052,116,1.0,2318,16135,54917
49,71101,116,0.0,2319,16135,54966
53,71154,116,0.0,2320,16135,55019
11,71165,116,0.0,2321,16135,55030
25,71190,116,0.0,2322,16135,55055
24,71214,116,0.0,2323,16135,55079
32,71246,116,0.0,2324,16135,55111
24,71270,116,0.0,2325,16135,55135
47,71317,116,0.0,2326,16135,55182
9,71326,116,0.0,2327,16135,55191
34,71360,116,0.0,2328,16135,55225
19,71379,116,0.0,2329,16135,55244
17,71396,116,0.0,2330,16135,55261
12,71408,116,0.0,2331,16135,55273
7,71415,116,0.0,2332,16135,55280
9,71424,116,0.0,2333,16135,55289
17,71441,116,0.0,2334,16135,55306
29,71470,116,0.0,2335,16135,55335
30,71500,117,1.0,2336,16135,55365
25,71525,117,0.0,2337,16135,55390
34,71559,117,0.0,2338,16135,55424
55,71614,117,0.0,2339,16135,55479
30,71644,117,0.0,2340,16135,55509
16,71660,117,0.0,2341,16135,55525
18,71678,117,0.0,2342,16135,55543
29,71707,117,0.0,2343,16135,55572
7,71714,117,0.0,2344,16135,55579
19,71733,117,0.0,2345,16135,55598
22,71755,117,0.0,2346,16135,55620
13,71768,117,0.0,2347,16135,55633
25,71793,117,0.0,2348,16135,55658
24,71817,117,0.0,2349,16135,55682
12,71829,117,0.0,2350,16135,55694
44,71873,117,0.0,2351,16135,55738
8,71881,117,0.0,2352,16135,55746
28,71909,117,0.0,2353,16135,55774
33,71942,117,0.0,2354,16135,55807
68,72010,117,0.0,2355,16135,55875
48,72058,117,0.0,2356,16135,55923
19,72077,117,0.0,2357,16135,55942
73,72150,117,0.0,2358,16135,56015
34,72184,117,0.0,2359,16135,56049
21,72205,117,0.0,2360,16135,56070
16,72221,117,0.0,2361,16135,56086
19,72240,117,0.0,2362,16135,56105
35,72275,117,0.0,2363,16135,56140
35,72310,117,0.0,2364,16135,56175
19,72329,117,0.0,2365,16135,56194
37,72366,118,1.0,2366,16135,56231
29,72395,119,1.0,2367,16135,56260
55,72450,119,0.0,2368,16135,56315
60,72510,119,0.0,2369,16135,56375
43,72553,119,0.0,2370,16135,56418
18,72571,119,0.0,2371,16135,56436
34,72605,119,0.0,2372,16135,56470
11,72616,119,0.0,2373,16135,56481
14,72630,119,0.0,2374,16135,56495
51,72681,119,0.0,2375,16135,56546
17,72698,119,0.0,2376,16135,56563
11,72709,119,0.0,2377,16135,56574
10,72719,119,0.0,2378,16135,56584
11,72730,119,0.0,2379,16135,56595
16,72746,119,0.0,2380,16135,56611
41,72787,119,0.0,2381,16135,56652
10,72797,119,0.0,2382,16135,56662
92,72889,119,0.0,2383,16135,56754
46,72935,119,0.0,2384,16135,56800
10,72945,119,0.0,2385,16135,56810
32,72977,119,0.0,2386,16135,56842
65,73042,119,0.0,2387,16135,56907
9,73051,119,0.0,2388,16135,56916
30,73081,120,1.0,2389,16135,56946
30,73111,120,0.0,2390,16135,56976
23,73134,120,0.0,2391,16135,56999
49,73183,120,0.0,2392,16135,57048
14,73197,120,0.0,2393,16135,57062
13,73210,120,0.0,2394,16135,57075
24,73234,120,0.0,2395,16135,57099
15,73249,120,0.0,2396,16135,57114
41,73290,120,0.0,2397,16135,57155
10,73300,120,0.0,2398,16135,57165
45,73345,120,0.0,2399,16135,57210
13,73358,120,0.0,2400,16135,57223
7,73365,120,0.0,2401,16135,57230
13,73378,120,0.0,2402,16135,57243
18,73396,120,0.0,2403,16135,57261
22,73418,120,0.0,2404,16135,57283
24,73442,120,0.0,2405,16135,57307
18,73460,120,0.0,2406,16135,57325
32,73492,121,1.0,2407,16135,57357
20,73512,121,0.0,2408,16135,57377
17,73529,121,0.0,2409,16135,57394
39,73568,122,1.0,2410,16135,57433
39,73607,122,0.0,2411,16135,57472
13,73620,122,0.0,2412,16135,57485
16,73636,122,0.0,2413,16135,57501
10,73646,122,0.0,2414,16135,57511
24,73670,122,0.0,2415,16135,57535
21,73691,122,0.0,2416,16135,57556
17,73708,122,0.0,2417,16135,57573
19,73727,122,0.0,2418,16135,57592
29,73756,122,0.0,2419,16135,57621
15,73771,122,0.0,2420,16135,57636
26,73797,122,0.0,2421,16135,57662
74,73871,123,1.0,2422,16135,57736
20,73891,123,0.0,2423,16135,57756
100,73991,123,0.0,2424,16135,57856
51,74042,123,0.0,2425,16135,57907
21,74063,123,0.0,2426,16135,57928
39,74102,124,1.0,2427,16135,57967
12,74114,124,0.0,2428,16135,57979
23,74137,124,0.0,2429,16135,58002
43,74180,124,0.0,2430,16135,58045
9,74189,124,0.0,2431,16135,58054
17,74206,124,0.0,2432,16135,58071
13,74219,124,0.0,2433,16135,58084
14,74233,124,0.0,2434,16135,58098
26,74259,124,0.0,2435,16135,58124
10,74269,124,0.0,2436,16135,58134
81,74350,124,0.0,2437,16135,58215
21,74371,124,0.0,2438,16135,58236
17,74388,124,0.0,2439,16135,58253
9,74397,124,0.0,2440,16135,58262
54,74451,124,0.0,2441,16135,58316
60,74511,124,0.0,2442,16135,58376
25,74536,124,0.0,2443,16135,58401
28,74564,124,0.0,2444,16135,58429
30,74594,124,0.0,2445,16135,58459
36,74630,124,0.0,2446,16135,58495
54,74684,124,0.0,2447,16135,58549
38,74722,124,0.0,2448,16135,58587
45,74767,124,0.0,2449,16135,58632
18,74785,124,0.0,2450,16135,58650
100,74885,124,0.0,2451,16135,58750
63,74948,124,0.0,2452,16135,58813
9,74957,124,0.0,2453,16135,58822
36,74993,124,0.0,2454,16135,58858
25,75018,125,1.0,2455,16135,58883
58,75076,126,1.0,2456,16135,58941
44,75120,127,1.0,2457,16135,58985
13,75133,127,0.0,2458,16135,58998
100,75233,127,0.0,2459,16135,59098
37,75270,128,1.0,2460,16135,59135
26,75296,128,0.0,2461,16135,59161
8,75304,128,0.0,2462,16135,59169
7,75311,128,0.0,2463,16135,59176
21,75332,128,0.0,2464,16135,59197
11,75343,128,0.0,2465,16135,59208
18,75361,128,0.0,2466,16135,59226
11,75372,128,0.0,2467,16135,59237
29,75401,128,0.0,2468,16135,59266
33,75434,128,0.0,2469,16135,59299
36,75470,128,0.0,2470,16135,59335
42,75512,128,0.0,2471,16135,59377
19,75531,128,0.0,2472,16135,59396
19,75550,128,0.0,2473,16135,59415
19,75569,128,0.0,2474,16135,59434
34,75603,128,0.0,2475,16135,59468
43,75646,128,0.0,2476,16135,59511
43,75689,128,0.0,2477,16135,59554
22,75711,129,1.0,2478,16135,59576
15,75726,129,0.0,2479,16135,59591
58,75784,130,1.0,2480,16135,59649
49,75833,131,1.0,2481,16135,59698
5,75838,131,0.0,2482,16135,59703
9,75847,131,0.0,2483,16135,59712
20,75867,131,0.0,2484,16135,59732
31,75898,131,0.0,2485,16135,59763
70,75968,131,0.0,2486,16135,59833
45,76013,131,0.0,2487,16135,59878
69,76082,131,0.0,2488,16135,59947
28,76110,131,0.0,2489,16135,59975
5,76115,131,0.0,2490,16135,59980
10,76125,131,0.0,2491,16135,59990
32,76157,132,1.0,2492,16135,60022
42,76199,132,0.0,2493,16135,60064
17,76216,132,0.0,2494,16135,60081
28,76244,133,1.0,2495,16135,60109
30,76274,134,1.0,2496,16135,60139
89,76363,134,0.0,2497,16135,60228
22,76385,134,0.0,2498,16135,60250
24,76409,134,0.0,2499,16135,60274
14,76423,134,0.0,2500,16135,60288
33,76456,134,0.0,2501,16135,60321
11,76467,134,0.0,2502,16135,60332
36,76503,135,1.0,2503,16135,60368
39,76542,135,0.0,2504,16135,60407
9,76551,135,0.0,2505,16135,60416
14,76565,135,0.0,2506,16135,60430
57,76622,136,1.0,2507,16135,60487
13,76635,136,0.0,2508,16135,60500
17,76652,136,0.0,2509,16135,60517
49,76701,137,1.0,2510,16135,60566
19,76720,137,0.0,2511,16135,60585
37,76757,138,1.0,2512,16135,60622
10,76767,138,0.0,2513,16135,60632
23,76790,138,0.0,2514,16135,60655
16,76806,138,0.0,2515,16135,60671
49,76855,139,1.0,2516,16135,60720
13,76868,139,0.0,2517,16135,60733
41,76909,139,0.0,2518,16135,60774
31,76940,140,1.0,2519,16135,60805
14,76954,140,0.0,2520,16135,60819
21,76975,140,0.0,2521,16135,60840
22,76997,140,0.0,2522,16135,60862
12,77009,140,0.0,2523,16135,60874
32,77041,140,0.0,2524,16135,60906
18,77059,140,0.0,2525,16135,60924
29,77088,141,1.0,2526,16135,60953
67,77155,141,0.0,2527,16135,61020
49,77204,141,0.0,2528,16135,61069
22,77226,141,0.0,2529,16135,61091
20,77246,141,0.0,2530,16135,61111
21,77267,141,0.0,2531,16135,61132
35,77302,142,1.0,2532,16135,61167
24,77326,142,0.0,2533,16135,61191
13,77339,142,0.0,2534,16135,61204
47,77386,142,0.0,2535,16135,61251
13,77399,142,0.0,2536,16135,61264
9,77408,142,0.0,2537,16135,61273
58,77466,143,1.0,2538,16135,61331
77,77543,143,0.0,2539,16135,61408
92,77635,144,1.0,2540,16135,61500
40,77675,145,1.0,2541,16135,61540
93,77768,145,0.0,2542,16135,61633
18,77786,145,0.0,2543,16135,61651
20,77806,145,0.0,2544,16135,61671
26,77832,145,0.0,2545,16135,61697
10,77842,145,0.0,2546,16135,61707
56,77898,146,1.0,2547,16135,61763
50,77948,147,1.0,2548,16135,61813
22,77970,147,0.0,2549,16135,61835
20,77990,147,0.0,2550,16135,61855
41,78031,148,1.0,2551,16135,61896
10,78041,148,0.0,2552,16135,61906
29,78070,148,0.0,2553,16135,61935
9,78079,148,0.0,2554,16135,61944
44,78123,149,1.0,2555,16135,61988
59,78182,150,1.0,2556,16135,62047
72,78254,150,0.0,2557,16135,62119
26,78280,151,1.0,2558,16135,62145
11,78291,151,0.0,2559,16135,62156
13,78304,151,0.0,2560,16135,62169
39,78343,151,0.0,2561,16135,62208
32,78375,151,0.0,2562,16135,62240
8,78383,151,0.0,2563,16135,62248
26,78409,151,0.0,2564,16135,62274
38,78447,151,0.0,2565,16135,62312
28,78475,151,0.0,2566,16135,62340
30,78505,151,0.0,2567,16135,62370
19,78524,151,0.0,2568,16135,62389
8,78532,151,0.0,2569,16135,62397
17,78549,151,0.0,2570,16135,62414
32,78581,152,1.0,2571,16135,62446
21,78602,152,0.0,2572,16135,62467
52,78654,152,0.0,2573,16135,62519
13,78667,152,0.0,2574,16135,62532
7,78674,152,0.0,2575,16135,62539
29,78703,152,0.0,2576,16135,62568
33,78736,153,1.0,2577,16135,62601
25,78761,153,0.0,2578,16135,62626
69,78830,154,1.0,2579,16135,62695
41,78871,154,0.0,2580,16135,62736
33,78904,154,0.0,2581,16135,62769
49,78953,154,0.0,2582,16135,62818
33,78986,154,0.0,2583,16135,62851
20,79006,154,0.0,2584,16135,62871
25,79031,154,0.0,2585,16135,62896
20,79051,154,0.0,2586,16135,62916
27,79078,154,0.0,2587,16135,62943
42,79120,154,0.0,2588,16135,62985
13,79133,154,0.0,2589,16135,62998
58,79191,154,0.0,2590,16135,63056
11,79202,154,0.0,2591,16135,63067
78,79280,154,0.0,2592,16135,63145
19,79299,154,0.0,2593,16135,63164
9,79308,154,0.0,2594,16135,63173
44,79352,154,0.0,2595,16135,63217
27,79379,154,0.0,2596,16135,63244
17,79396,154,0.0,2597,16135,63261
22,79418,154,0.0,2598,16135,63283
16,79434,154,0.0,2599,16135,63299
18,79452,154,0.0,2600,16135,63317
27,79479,154,0.0,2601,16135,63344
14,79493,154,0.0,2602,16135,63358
46,79539,155,1.0,2603,16135,63404
82,79621,155,0.0,2604,16135,63486
15,79636,155,0.0,2605,16135,63501
37,79673,155,0.0,2606,16135,63538
30,79703,156,1.0,2607,16135,63568
19,79722,156,0.0,2608,16135,63587
28,79750,156,0.0,2609,16135,63615
7,79757,156,0.0,2610,16135,63622
85,79842,156,0.0,2611,16135,63707
22,79864,156,0.0,2612,16135,63729
50,79914,156,0.0,2613,16135,63779
71,79985,156,0.0,2614,16135,63850
21,80006,156,0.0,2615,16135,63871
42,80048,156,0.0,2616,16135,63913
35,80083,156,0.0,2617,16135,63948
55,80138,156,0.0,2618,16135,64003
19,80157,156,0.0,2619,16135,64022
6,80163,156,0.0,2620,16135,64028
26,80189,156,0.0,2621,16135,64054
57,80246,157,1.0,2622,16135,64111
18,80264,158,1.0,2623,16135,64129
64,80328,158,0.0,2624,16135,64193
91,80419,159,1.0,2625,16135,64284
34,80453,159,0.0,2626,16135,64318
63,80516,160,1.0,2627,16135,64381
31,80547,161,1.0,2628,16135,64412
84,80631,162,1.0,2629,16135,64496
76,80707,163,1.0,2630,16135,64572
30,80737,164,1.0,2631,16135,64602
19,80756,164,0.0,2632,16135,64621
32,80788,164,0.0,2633,16135,64653
21,80809,164,0.0,2634,16135,64674
52,80861,164,0.0,2635,16135,64726
32,80893,164,0.0,2636,16135,64758
7,80900,164,0.0,2637,16135,64765
32,80932,164,0.0,2638,16135,64797
20,80952,164,0.0,2639,16135,64817
45,80997,164,0.0,2640,16135,64862
49,81046,164,0.0,2641,16135,64911
9,81055,164,0.0,2642,16135,64920
18,81073,165,1.0,2643,16135,64938
42,81115,165,0.0,2644,16135,64980
19,81134,165,0.0,2645,16135,64999
10,81144,165,0.0,2646,16135,65009
25,81169,165,0.0,2647,16135,65034
13,81182,165,0.0,2648,16135,65047
56,81238,166,1.0,2649,16135,65103
28,81266,166,0.0,2650,16135,65131
15,81281,167,1.0,2651,16135,65146
30,81311,167,0.0,2652,16135,65176
36,81347,167,0.0,2653,16135,65212
52,81399,168,1.0,2654,16135,65264
26,81425,168,0.0,2655,16135,65290
25,81450,168,0.0,2656,16135,65315
17,81467,168,0.0,2657,16135,65332
61,81528,168,0.0,2658,16135,65393
11,81539,168,0.0,2659,16135,65404
53,81592,168,0.0,2660,16135,65457
28,81620,169,1.0,2661,16135,65485
10,81630,169,0.0,2662,16135,65495
28,81658,169,0.0,2663,16135,65523
26,81684,169,0.0,2664,16135,65549
100,81784,169,0.0,2665,16135,65649
100,81884,169,0.0,2666,16135,65749
52,81936,169,0.0,2667,16135,65801
18,81954,169,0.0,2668,16135,65819
8,81962,169,0.0,2669,16135,65827
14,81976,169,0.0,2670,16135,65841
23,81999,169,0.0,2671,16135,65864
34,82033,170,1.0,2672,16135,65898
100,82133,170,0.0,2673,16135,65998
10,82143,170,0.0,2674,16135,66008
37,82180,170,0.0,2675,16135,66045
5,82185,170,0.0,2676,16135,66050
28,82213,170,0.0,2677,16135,66078
49,82262,171,1.0,2678,16135,66127
58,82320,171,0.0,2679,16135,66185
7,82327,171,0.0,2680,16135,66192
23,82350,172,1.0,2681,16135,66215
29,82379,172,0.0,2682,16135,66244
77,82456,172,0.0,2683,16135,66321
5,82461,172,0.0,2684,16135,66326
11,82472,172,0.0,2685,16135,66337
34,82506,172,0.0,2686,16135,66371
19,82525,172,0.0,2687,16135,66390
54,82579,173,1.0,2688,16135,66444
46,82625,173,0.0,2689,16135,66490
8,82633,173,0.0,2690,16135,66498
18,82651,173,0.0,2691,16135,66516
9,82660,173,0.0,2692,16135,66525
12,82672,173,0.0,2693,16135,66537
26,82698,173,0.0,2694,16135,66563
26,82724,173,0.0,2695,16135,66589
21,82745,173,0.0,2696,16135,66610
15,82760,173,0.0,2697,16135,66625
22,82782,173,0.0,2698,16135,66647
41,82823,174,1.0,2699,16135,66688
36,82859,174,0.0,2700,16135,66724
18,82877,174,0.0,2701,16135,66742
30,82907,174,0.0,2702,16135,66772
9,82916,174,0.0,2703,16135,66781
28,82944,174,0.0,2704,16135,66809
80,83024,174,0.0,2705,16135,66889
24,83048,174,0.0,2706,16135,66913
39,83087,174,0.0,2707,16135,66952
14,83101,174,0.0,2708,16135,66966
11,83112,174,0.0,2709,16135,66977
21,83133,174,0.0,2710,16135,66998
11,83144,174,0.0,2711,16135,67009
28,83172,174,0.0,2712,16135,67037
30,83202,174,0.0,2713,16135,67067
10,83212,174,0.0,2714,16135,67077
47,83259,175,1.0,2715,16135,67124
39,83298,175,0.0,2716,16135,67163
26,83324,175,0.0,2717,16135,67189
19,83343,175,0.0,2718,16135,67208
100,83443,175,0.0,2719,16135,67308
11,83454,175,0.0,2720,16135,67319
20,83474,175,0.0,2721,16135,67339
64,83538,175,0.0,2722,16135,67403
13,83551,175,0.0,2723,16135,67416
34,83585,175,0.0,2724,16135,67450
32,83617,176,1.0,2725,16135,67482
9,83626,176,0.0,2726,16135,67491
20,83646,176,0.0,2727,16135,67511
21,83667,176,0.0,2728,16135,67532
11,83678,176,0.0,2729,16135,67543
48,83726,176,0.0,2730,16135,67591
21,83747,176,0.0,2731,16135,67612
14,83761,176,0.0,2732,16135,67626
15,83776,176,0.0,2733,16135,67641
30,83806,176,0.0,2734,16135,67671
58,83864,176,0.0,2735,16135,67729
23,83887,176,0.0,2736,16135,67752
31,83918,176,0.0,2737,16135,67783
19,83937,176,0.0,2738,16135,67802
32,83969,176,0.0,2739,16135,67834
23,83992,176,0.0,2740,16135,67857
100,84092,176,0.0,2741,16135,67957
18,84110,176,0.0,2742,16135,67975
33,84143,176,0.0,2743,16135,68008
10,84153,176,0.0,2744,16135,68018
12,84165,176,0.0,2745,16135,68030
41,84206,176,0.0,2746,16135,68071
12,84218,176,0.0,2747,16135,68083
49,84267,176,0.0,2748,16135,68132
22,84289,176,0.0,2749,16135,68154
26,84315,176,0.0,2750,16135,68180
41,84356,176,0.0,2751,16135,68221
36,84392,176,0.0,2752,16135,68257
24,84416,176,0.0,2753,16135,68281
15,84431,176,0.0,2754,16135,68296
9,84440,176,0.0,2755,16135,68305
18,84458,176,0.0,2756,16135,68323
23,84481,176,0.0,2757,16135,68346
13,84494,176,0.0,2758,16135,68359
36,84530,176,0.0,2759,16135,68395
12,84542,176,0.0,2760,16135,68407
39,84581,177,1.0,2761,16135,68446
29,84610,178,1.0,2762,16135,68475
23,84633,178,0.0,2763,16135,68498
69,84702,178,0.0,2764,16135,68567
19,84721,178,0.0,2765,16135,68586
22,84743,179,1.0,2766,16135,68608
13,84756,179,0.0,2767,16135,68621
65,84821,179,0.0,2768,16135,68686
40,84861,179,0.0,2769,16135,68726
11,84872,179,0.0,2770,16135,68737
8,84880,179,0.0,2771,16135,68745
14,84894,179,0.0,2772,16135,68759
41,84935,179,0.0,2773,16135,68800
17,84952,179,0.0,2774,16135,68817
28,84980,179,0.0,2775,16135,68845
31,85011,179,0.0,2776,16135,68876
31,85042,179,0.0,2777,16135,68907
14,85056,179,0.0,2778,16135,68921
15,85071,179,0.0,2779,16135,68936
43,85114,179,0.0,2780,16135,68979
14,85128,179,0.0,2781,16135,68993
19,85147,179,0.0,2782,16135,69012
16,85163,179,0.0,2783,16135,69028
42,85205,179,0.0,2784,16135,69070
16,85221,179,0.0,2785,16135,69086
31,85252,179,0.0,2786,16135,69117
38,85290,179,0.0,2787,16135,69155
45,85335,179,0.0,2788,16135,69200
44,85379,179,0.0,2789,16135,69244
22,85401,180,1.0,2790,16135,69266
21,85422,180,0.0,2791,16135,69287
22,85444,180,0.0,2792,16135,69309
9,85453,180,0.0,2793,16135,69318
21,85474,180,0.0,2794,16135,69339
10,85484,180,0.0,2795,16135,69349
11,85495,180,0.0,2796,16135,69360
24,85519,180,0.0,2797,16135,69384
12,85531,180,0.0,2798,16135,69396
23,85554,180,0.0,2799,16135,69419
47,85601,180,0.0,2800,16135,69466
10,85611,180,0.0,2801,16135,69476
14,85625,180,0.0,2802,16135,69490
7,85632,180,0.0,2803,16135,69497
13,85645,180,0.0,2804,16135,69510
29,85674,180,0.0,2805,16135,69539
71,85745,180,0.0,2806,16135,69610
43,85788,180,0.0,2807,16135,69653
93,85881,180,0.0,2808,16135,69746
21,85902,180,0.0,2809,16135,69767
43,85945,181,1.0,2810,16135,69810
42,85987,181,0.0,2811,16135,69852
8,85995,181,0.0,2812,16135,69860
11,86006,181,0.0,2813,16135,69871
41,86047,181,0.0,2814,16135,69912
56,86103,182,1.0,2815,16135,69968
97,86200,182,0.0,2816,16135,70065
42,86242,182,0.0,2817,16135,70107
27,86269,182,0.0,2818,16135,70134
11,86280,182,0.0,2819,16135,70145
34,86314,182,0.0,2820,16135,70179
85,86399,182,0.0,2821,16135,70264
63,86462,182,0.0,2822,16135,70327
23,86485,182,0.0,2823,16135,70350
11,86496,182,0.0,2824,16135,70361
37,86533,182,0.0,2825,16135,70398
46,86579,182,0.0,2826,16135,70444
30,86609,182,0.0,2827,16135,70474
38,86647,182,0.0,2828,16135,70512
79,86726,182,0.0,2829,16135,70591
8,86734,182,0.0,2830,16135,70599
50,86784,182,0.0,2831,16135,70649
9,86793,182,0.0,2832,16135,70658
30,86823,182,0.0,2833,16135,70688
42,86865,182,0.0,2834,16135,70730
25,86890,182,0.0,2835,16135,70755
28,86918,183,1.0,2836,16135,70783
30,86948,183,0.0,2837,16135,70813
11,86959,183,0.0,2838,16135,70824
35,86994,184,1.0,2839,16135,70859
10,87004,184,0.0,2840,16135,70869
5,87009,184,0.0,2841,16135,70874
39,87048,184,0.0,2842,16135,70913
12,87060,184,0.0,2843,16135,70925
10,87070,184,0.0,2844,16135,70935
29,87099,184,0.0,2845,16135,70964
13,87112,184,0.0,2846,16135,70977
29,87141,184,0.0,2847,16135,71006
22,87163,184,0.0,2848,16135,71028
32,87195,184,0.0,2849,16135,71060
28,87223,184,0.0,2850,16135,71088
65,87288,184,0.0,2851,16135,71153
35,87323,184,0.0,2852,16135,71188
73,87396,184,0.0,2853,16135,71261
19,87415,184,0.0,2854,16135,71280
58,87473,185,1.0,2855,16135,71338
13,87486,185,0.0,2856,16135,71351
49,87535,185,0.0,2857,16135,71400
49,87584,185,0.0,2858,16135,71449
27,87611,185,0.0,2859,16135,71476
12,87623,185,0.0,2860,16135,71488
42,87665,185,0.0,2861,16135,71530
10,87675,185,0.0,2862,16135,71540
19,87694,185,0.0,2863,16135,71559
13,87707,185,0.0,2864,16135,71572
10,87717,185,0.0,2865,16135,71582
31,87748,185,0.0,2866,16135,71613
25,87773,185,0.0,2867,16135,71638
28,87801,185,0.0,2868,16135,71666
17,87818,185,0.0,2869,16135,71683
46,87864,185,0.0,2870,16135,71729
47,87911,185,0.0,2871,16135,71776
43,87954,185,0.0,2872,16135,71819
41,87995,186,1.0,2873,16135,71860
69,88064,186,0.0,2874,16135,71929
30,88094,187,1.0,2875,16135,71959
15,88109,187,0.0,2876,16135,71974
12,88121,187,0.0,2877,16135,71986
30,88151,187,0.0,2878,16135,72016
16,88167,187,0.0,2879,16135,72032
38,88205,187,0.0,2880,16135,72070
11,88216,187,0.0,2881,16135,72081
30,88246,187,0.0,2882,16135,72111
34,88280,188,1.0,2883,16135,72145
14,88294,188,0.0,2884,16135,72159
64,88358,189,1.0,2885,16135,72223
46,88404,189,0.0,2886,16135,72269
12,88416,189,0.0,2887,16135,72281
24,88440,189,0.0,2888,16135,72305
20,88460,189,0.0,2889,16135,72325
24,88484,190,1.0,2890,16135,72349
13,88497,190,0.0,2891,16135,72362
27,88524,190,0.0,2892,16135,72389
26,88550,190,0.0,2893,16135,72415
16,88566,190,0.0,2894,16135,72431
15,88581,190,0.0,2895,16135,72446
16,88597,190,0.0,2896,16135,72462
26,88623,190,0.0,2897,16135,72488
32,88655,190,0.0,2898,16135,72520
61,88716,191,1.0,2899,16135,72581
49,88765,191,0.0,2900,16135,72630
32,88797,192,1.0,2901,16135,72662
29,88826,192,0.0,2902,16135,72691
13,88839,192,0.0,2903,16135,72704
38,88877,192,0.0,2904,16135,72742
74,88951,192,0.0,2905,16135,72816
10,88961,192,0.0,2906,16135,72826
21,88982,192,0.0,2907,16135,72847
16,88998,192,0.0,2908,16135,72863
21,89019,192,0.0,2909,16135,72884
16,89035,192,0.0,2910,16135,72900
37,89072,193,1.0,2911,16135,72937
32,89104,193,0.0,2912,16135,72969
12,89116,193,0.0,2913,16135,72981
10,89126,193,0.0,2914,16135,72991
10,89136,193,0.0,2915,16135,73001
16,89152,193,0.0,2916,16135,73017
51,89203,193,0.0,2917,16135,73068
6,89209,193,0.0,2918,16135,73074
56,89265,193,0.0,2919,16135,73130
38,89303,193,0.0,2920,16135,73168
9,89312,193,0.0,2921,16135,73177
17,89329,193,0.0,2922,16135,73194
7,89336,193,0.0,2923,16135,73201
14,89350,193,0.0,2924,16135,73215
42,89392,193,0.0,2925,16135,73257
30,89422,194,1.0,2926,16135,73287
10,89432,194,0.0,2927,16135,73297
20,89452,194,0.0,2928,16135,73317
62,89514,194,0.0,2929,16135,73379
28,89542,194,0.0,2930,16135,73407
25,89567,194,0.0,2931,16135,73432
14,89581,194,0.0,2932,16135,73446
8,89589,194,0.0,2933,16135,73454
25,89614,194,0.0,2934,16135,73479
20,89634,194,0.0,2935,16135,73499
46,89680,194,0.0,2936,16135,73545
46,89726,194,0.0,2937,16135,73591
24,89750,194,0.0,2938,16135,73615
44,89794,194,0.0,2939,16135,73659
10,89804,194,0.0,2940,16135,73669
21,89825,194,0.0,2941,16135,73690
25,89850,194,0.0,2942,16135,73715
21,89871,194,0.0,2943,16135,73736
38,89909,194,0.0,2944,16135,73774
38,89947,194,0.0,2945,16135,73812
27,89974,195,1.0,2946,16135,73839
72,90046,195,0.0,2947,16135,73911
28,90074,195,0.0,2948,16135,73939
34,90108,196,1.0,2949,16135,73973
66,90174,196,0.0,2950,16135,74039
18,90192,196,0.0,2951,16135,74057
19,90211,196,0.0,2952,16135,74076
18,90229,197,1.0,2953,16135,74094
33,90262,197,0.0,2954,16135,74127
11,90273,197,0.0,2955,16135,74138
37,90310,198,1.0,2956,16135,74175
25,90335,198,0.0,2957,16135,74200
39,90374,199,1.0,2958,16135,74239
14,90388,199,0.0,2959,16135,74253
73,90461,199,0.0,2960,16135,74326
9,90470,199,0.0,2961,16135,74335
68,90538,199,0.0,2962,16135,74403
13,90551,199,0.0,2963,16135,74416
26,90577,199,0.0,2964,16135,74442
47,90624,199,0.0,2965,16135,74489
24,90648,199,0.0,2966,16135,74513
22,90670,199,0.0,2967,16135,74535
26,90696,199,0.0,2968,16135,74561
11,90707,199,0.0,2969,16135,74572
13,90720,199,0.0,2970,16135,74585
68,90788,199,0.0,2971,16135,74653
24,90812,199,0.0,2972,16135,74677
46,90858,200,1.0,2973,16135,74723
72,90930,200,0.0,2974,16135,74795
11,90941,200,0.0,2975,16135,74806
7,90948,200,0.0,2976,16135,74813
10,90958,200,0.0,2977,16135,74823
15,90973,200,0.0,2978,16135,74838
13,90986,200,0.0,2979,16135,74851
42,91028,200,0.0,2980,16135,74893
67,91095,200,0.0,2981,16135,74960
45,91140,201,1.0,2982,16135,75005
8,91148,201,0.0,2983,16135,75013
67,91215,202,1.0,2984,16135,75080
17,91232,202,0.0,2985,16135,75097
29,91261,202,0.0,2986,16135,75126
33,91294,202,0.0,2987,16135,75159
23,91317,202,0.0,2988,16135,75182
61,91378,202,0.0,2989,16135,75243
77,91455,203,1.0,2990,16135,75320
35,91490,203,0.0,2991,16135,75355
50,91540,203,0.0,2992,16135,75405
13,91553,203,0.0,2993,16135,75418
48,91601,203,0.0,2994,16135,75466
28,91629,203,0.0,2995,16135,75494
26,91655,203,0.0,2996,16135,75520
18,91673,203,0.0,2997,16135,75538
15,91688,203,0.0,2998,16135,75553
61,91749,203,0.0,2999,16135,75614
43,91792,203,0.0,3000,16135,75657
33,91825,204,1.0,3001,16135,75690
18,91843,204,0.0,3002,16135,75708
23,91866,204,0.0,3003,16135,75731
5,91871,204,0.0,3004,16135,75736
30,91901,205,1.0,3005,16135,75766
36,91937,206,1.0,3006,16135,75802
11,91948,206,0.0,3007,16135,75813
11,91959,206,0.0,3008,16135,75824
54,92013,207,1.0,3009,16135,75878
17,92030,207,0.0,3010,16135,75895
31,92061,208,1.0,3011,16135,75926
13,92074,208,0.0,3012,16135,75939
58,92132,208,0.0,3013,16135,75997
14,92146,208,0.0,3014,16135,76011
35,92181,208,0.0,3015,16135,76046
56,92237,208,0.0,3016,16135,76102
13,92250,208,0.0,3017,16135,76115
100,92350,208,0.0,3018,16135,76215
30,92380,208,0.0,3019,16135,76245
16,92396,208,0.0,3020,16135,76261
21,92417,208,0.0,3021,16135,76282
23,92440,208,0.0,3022,16135,76305
34,92474,208,0.0,3023,16135,76339
17,92491,208,0.0,3024,16135,76356
14,92505,208,0.0,3025,16135,76370
30,92535,208,0.0,3026,16135,76400
76,92611,209,1.0,3027,16135,76476
17,92628,209,0.0,3028,16135,76493
18,92646,209,0.0,3029,16135,76511
13,92659,209,0.0,3030,16135,76524
32,92691,209,0.0,3031,16135,76556
23,92714,209,0.0,3032,16135,76579
10,92724,209,0.0,3033,16135,76589
13,92737,209,0.0,3034,16135,76602
16,92753,209,0.0,3035,16135,76618
31,92784,209,0.0,3036,16135,76649
57,92841,209,0.0,3037,16135,76706
20,92861,209,0.0,3038,16135,76726
29,92890,210,1.0,3039,16135,76755
9,92899,210,0.0,3040,16135,76764
9,92908,210,0.0,3041,16135,76773
32,92940,210,0.0,3042,16135,76805
19,92959,210,0.0,3043,16135,76824
14,92973,210,0.0,3044,16135,76838
19,92992,210,0.0,3045,16135,76857
9,93001,210,0.0,3046,16135,76866
64,93065,210,0.0,3047,16135,76930
40,93105,211,1.0,3048,16135,76970
10,93115,211,0.0,3049,16135,76980
7,93122,211,0.0,3050,16135,76987
6,93128,211,0.0,3051,16135,76993
29,93157,211,0.0,3052,16135,77022
26,93183,211,0.0,3053,16135,77048
45,93228,212,1.0,3054,16135,77093
33,93261,212,0.0,3055,16135,77126
36,93297,212,0.0,3056,16135,77162
20,93317,212,0.0,3057,16135,77182
26,93343,212,0.0,3058,16135,77208
14,93357,212,0.0,3059,16135,77222
11,93368,212,0.0,3060,16135,77233
38,93406,212,0.0,3061,16135,77271
30,93436,212,0.0,3062,16135,77301
51,93487,213,1.0,3063,16135,77352
32,93519,213,0.0,3064,16135,77384
11,93530,213,0.0,3065,16135,77395
24,93554,214,1.0,3066,16135,77419
17,93571,214,0.0,3067,16135,77436
20,93591,215,1.0,3068,16135,77456
16,93607,215,0.0,3069,16135,77472
56,93663,215,0.0,3070,16135,77528
16,93679,215,0.0,3071,16135,77544
33,93712,215,0.0,3072,16135,77577
25,93737,215,0.0,3073,16135,77602
83,93820,215,0.0,3074,16135,77685
7,93827,215,0.0,3075,16135,77692
11,93838,215,0.0,3076,16135,77703
55,93893,215,0.0,3077,16135,77758
24,93917,215,0.0,3078,16135,77782
32,93949,215,0.0,3079,16135,77814
38,93987,215,0.0,3080,16135,77852
35,94022,216,1.0,3081,16135,77887
40,94062,216,0.0,3082,16135,77927
14,94076,216,0.0,3083,16135,77941
13,94089,216,0.0,3084,16135,77954
49,94138,216,0.0,3085,16135,78003
32,94170,216,0.0,3086,16135,78035
42,94212,216,0.0,3087,16135,78077
57,94269,217,1.0,3088,16135,78134
18,94287,217,0.0,3089,16135,78152
100,94387,217,0.0,3090,16135,78252
6,94393,217,0.0,3091,16135,78258
34,94427,217,0.0,3092,16135,78292
39,94466,217,0.0,3093,16135,78331
21,94487,217,0.0,3094,16135,78352
57,94544,217,0.0,3095,16135,78409
20,94564,217,0.0,3096,16135,78429
9,94573,217,0.0,3097,16135,78438
52,94625,217,0.0,3098,16135,78490
11,94636,217,0.0,3099,16135,78501
46,94682,217,0.0,3100,16135,78547
64,94746,217,0.0,3101,16135,78611
22,94768,217,0.0,3102,16135,78633
44,94812,218,1.0,3103,16135,78677
50,94862,219,1.0,3104,16135,78727
12,94874,219,0.0,3105,16135,78739
19,94893,219,0.0,3106,16135,78758
15,94908,219,0.0,3107,16135,78773
23,94931,219,0.0,3108,16135,78796
45,94976,219,0.0,3109,16135,78841
15,94991,219,0.0,3110,16135,78856
52,95043,219,0.0,3111,16135,78908
23,95066,219,0.0,3112,16135,78931
30,95096,219,0.0,3113,16135,78961
15,95111,219,0.0,3114,16135,78976
43,95154,219,0.0,3115,16135,79019
30,95184,219,0.0,3116,16135,79049
32,95216,219,0.0,3117,16135,79081
25,95241,219,0.0,3118,16135,79106
15,95256,219,0.0,3119,16135,79121
16,95272,219,0.0,3120,16135,79137
22,95294,219,0.0,3121,16135,79159
24,95318,219,0.0,3122,16135,79183
32,95350,219,0.0,3123,16135,79215
20,95370,219,0.0,3124,16135,79235
9,95379,219,0.0,3125,16135,79244
100,95479,219,0.0,3126,16135,79344
42,95521,219,0.0,3127,16135,79386
33,95554,219,0.0,3128,16135,79419
39,95593,219,0.0,3129,16135,79458
24,95617,219,0.0,3130,16135,79482
18,95635,219,0.0,3131,16135,79500
54,95689,219,0.0,3132,16135,79554
96,95785,219,0.0,3133,16135,79650
9,95794,219,0.0,3134,16135,79659
31,95825,219,0.0,3135,16135,79690
20,95845,219,0.0,3136,16135,79710
31,95876,219,0.0,3137,16135,79741
8,95884,219,0.0,3138,16135,79749
21,95905,219,0.0,3139,16135,79770
22,95927,219,0.0,3140,16135,79792
16,95943,219,0.0,3141,16135,79808
15,95958,219,0.0,3142,16135,79823
40,95998,219,0.0,3143,16135,79863
25,96023,219,0.0,3144,16135,79888
29,96052,219,0.0,3145,16135,79917
15,96067,219,0.0,3146,16135,79932
29,96096,219,0.0,3147,16135,79961
18,96114,219,0.0,3148,16135,79979
19,96133,219,0.0,3149,16135,79998
29,96162,219,0.0,3150,16135,80027
9,96171,219,0.0,3151,16135,80036
53,96224,219,0.0,3152,16135,80089
42,96266,219,0.0,3153,16135,80131
18,96284,219,0.0,3154,16135,80149
44,96328,220,1.0,3155,16135,80193
24,96352,220,0.0,3156,16135,80217
19,96371,220,0.0,3157,16135,80236
15,96386,220,0.0,3158,16135,80251
51,96437,220,0.0,3159,16135,80302
38,96475,220,0.0,3160,16135,80340
30,96505,220,0.0,3161,16135,80370
43,96548,220,0.0,3162,16135,80413
6,96554,220,0.0,3163,16135,80419
14,96568,220,0.0,3164,16135,80433
12,96580,220,0.0,3165,16135,80445
56,96636,220,0.0,3166,16135,80501
33,96669,221,1.0,3167,16135,80534
55,96724,221,0.0,3168,16135,80589
10,96734,221,0.0,3169,16135,80599
9,96743,221,0.0,3170,16135,80608
35,96778,221,0.0,3171,16135,80643
45,96823,221,0.0,3172,16135,80688
93,96916,221,0.0,3173,16135,80781
9,96925,221,0.0,3174,16135,80790
9,96934,221,0.0,3175,16135,80799
15,96949,221,0.0,3176,16135,80814
40,96989,221,0.0,3177,16135,80854
16,97005,221,0.0,3178,16135,80870
28,97033,221,0.0,3179,16135,80898
70,97103,221,0.0,3180,16135,80968
8,97111,221,0.0,3181,16135,80976
72,97183,221,0.0,3182,16135,81048
16,97199,221,0.0,3183,16135,81064
18,97217,221,0.0,3184,16135,81082
65,97282,221,0.0,3185,16135,81147
25,97307,221,0.0,3186,16135,81172
50,97357,221,0.0,3187,16135,81222
32,97389,221,0.0,3188,16135,81254
6,97395,221,0.0,3189,16135,81260
18,97413,222,1.0,3190,16135,81278
16,97429,222,0.0,3191,16135,81294
23,97452,222,0.0,3192,16135,81317
39,97491,222,0.0,3193,16135,81356
6,97497,222,0.0,3194,16135,81362
41,97538,223,1.0,3195,16135,81403
20,97558,223,0.0,3196,16135,81423
8,97566,223,0.0,3197,16135,81431
44,97610,224,1.0,3198,16135,81475
59,97669,225,1.0,3199,16135,81534
61,97730,226,1.0,3200,16135,81595
10,97740,226,0.0,3201,16135,81605
16,97756,226,0.0,3202,16135,81621
26,97782,227,1.0,3203,16135,81647
25,97807,227,0.0,3204,16135,81672
22,97829,227,0.0,3205,16135,81694
16,97845,227,0.0,3206,16135,81710
38,97883,227,0.0,3207,16135,81748
64,97947,227,0.0,3208,16135,81812
25,97972,227,0.0,3209,16135,81837
52,98024,227,0.0,3210,16135,81889
20,98044,227,0.0,3211,16135,81909
11,98055,227,0.0,3212,16135,81920
59,98114,227,0.0,3213,16135,81979
19,98133,227,0.0,3214,16135,81998
31,98164,228,1.0,3215,16135,82029
20,98184,228,0.0,3216,16135,82049
28,98212,228,0.0,3217,16135,82077
60,98272,228,0.0,3218,16135,82137
15,98287,228,0.0,3219,16135,82152
31,98318,228,0.0,3220,16135,82183
20,98338,228,0.0,3221,16135,82203
100,98438,228,0.0,3222,16135,82303
35,98473,228,0.0,3223,16135,82338
71,98544,228,0.0,3224,16135,82409
16,98560,228,0.0,3225,16135,82425
16,98576,228,0.0,3226,16135,82441
23,98599,228,0.0,3227,16135,82464
20,98619,228,0.0,3228,16135,82484
11,98630,228,0.0,3229,16135,82495
48,98678,228,0.0,3230,16135,82543
44,98722,228,0.0,3231,16135,82587
94,98816,228,0.0,3232,16135,82681
45,98861,228,0.0,3233,16135,82726
19,98880,228,0.0,3234,16135,82745
59,98939,228,0.0,3235,16135,82804
23,98962,228,0.0,3236,16135,82827
10,98972,228,0.0,3237,16135,82837
42,99014,228,0.0,3238,16135,82879
36,99050,228,0.0,3239,16135,82915
13,99063,228,0.0,3240,16135,82928
55,99118,228,0.0,3241,16135,82983
20,99138,228,0.0,3242,16135,83003
13,99151,228,0.0,3243,16135,83016
15,99166,228,0.0,3244,16135,83031
54,99220,228,0.0,3245,16135,83085
22,99242,228,0.0,3246,16135,83107
21,99263,228,0.0,3247,16135,83128
21,99284,228,0.0,3248,16135,83149
24,99308,228,0.0,3249,16135,83173
38,99346,228,0.0,3250,16135,83211
15,99361,228,0.0,3251,16135,83226
58,99419,228,0.0,3252,16135,83284
54,99473,228,0.0,3253,16135,83338
19,99492,228,0.0,3254,16135,83357
31,99523,229,1.0,3255,16135,83388
17,99540,229,0.0,3256,16135,83405
37,99577,229,0.0,3257,16135,83442
21,99598,229,0.0,3258,16135,83463
11,99609,229,0.0,3259,16135,83474
15,99624,229,0.0,3260,16135,83489
22,99646,229,0.0,3261,16135,83511
7,99653,229,0.0,3262,16135,83518
28,99681,229,0.0,3263,16135,83546
29,99710,229,0.0,3264,16135,83575
33,99743,229,0.0,3265,16135,83608
21,99764,229,0.0,3266,16135,83629
33,99797,229,0.0,3267,16135,83662
35,99832,229,0.0,3268,16135,83697
32,99864,230,1.0,3269,16135,83729
29,99893,230,0.0,3270,16135,83758
16,99909,230,0.0,3271,16135,83774
44,99953,230,0.0,3272,16135,83818
19,99972,230,0.0,3273,16135,83837
