iteration,successes,successes_episode,reward_episode,episode_count,random_act,timestep
30,30,0,0.0,1,19,11
21,51,0,0.0,2,32,19
28,79,0,0.0,3,53,26
13,92,0,0.0,4,62,30
5,97,0,0.0,5,67,30
17,114,0,0.0,6,82,32
10,124,0,0.0,7,88,36
27,151,0,0.0,8,111,40
28,179,0,0.0,9,134,45
54,233,0,0.0,10,178,55
35,268,0,0.0,11,204,64
12,280,0,0.0,12,212,68
7,287,0,0.0,13,217,70
53,340,0,0.0,14,257,83
31,371,0,0.0,15,285,86
30,401,0,0.0,16,313,88
15,416,0,0.0,17,327,89
13,429,0,0.0,18,338,91
9,438,0,0.0,19,346,92
18,456,0,0.0,20,361,95
41,497,0,0.0,21,390,107
11,508,0,0.0,22,399,109
29,537,0,0.0,23,422,115
22,559,0,0.0,24,441,118
16,575,0,0.0,25,451,124
44,619,0,0.0,26,489,130
15,634,0,0.0,27,502,132
71,705,0,0.0,28,558,147
26,731,0,0.0,29,579,152
30,761,0,0.0,30,602,159
14,775,0,0.0,31,614,161
20,795,0,0.0,32,630,165
83,878,0,0.0,33,701,177
15,893,0,0.0,34,715,178
18,911,0,0.0,35,727,184
9,920,0,0.0,36,731,189
51,971,0,0.0,37,768,203
55,1026,0,0.0,38,815,211
33,1059,0,0.0,39,842,217
36,1095,0,0.0,40,869,226
9,1104,0,0.0,41,875,229
23,1127,0,0.0,42,893,234
38,1165,0,0.0,43,924,241
7,1172,0,0.0,44,929,243
19,1191,0,0.0,45,944,247
29,1220,0,0.0,46,968,252
30,1250,0,0.0,47,995,255
25,1275,0,0.0,48,1016,259
14,1289,0,0.0,49,1027,262
27,1316,0,0.0,50,1049,267
12,1328,0,0.0,51,1058,270
10,1338,0,0.0,52,1067,271
18,1356,0,0.0,53,1080,276
22,1378,0,0.0,54,1097,281
25,1403,0,0.0,55,1115,288
7,1410,0,0.0,56,1121,289
65,1475,0,0.0,57,1169,306
9,1484,0,0.0,58,1177,307
21,1505,0,0.0,59,1196,309
35,1540,0,0.0,60,1223,317
50,1590,0,0.0,61,1265,325
12,1602,0,0.0,62,1275,327
26,1628,0,0.0,63,1296,332
43,1671,0,0.0,64,1331,340
31,1702,0,0.0,65,1355,347
32,1734,0,0.0,66,1383,351
52,1786,0,0.0,67,1425,361
63,1849,0,0.0,68,1476,373
24,1873,0,0.0,69,1494,379
34,1907,0,0.0,70,1523,384
26,1933,0,0.0,71,1547,386
59,1992,0,0.0,72,1594,398
7,1999,0,0.0,73,1599,400
35,2034,0,0.0,74,1627,407
30,2064,0,0.0,75,1650,414
7,2071,0,0.0,76,1655,416
57,2128,0,0.0,77,1702,426
9,2137,0,0.0,78,1709,428
50,2187,0,0.0,79,1749,438
24,2211,0,0.0,80,1768,443
15,2226,0,0.0,81,1777,449
22,2248,0,0.0,82,1794,454
8,2256,0,0.0,83,1799,457
15,2271,0,0.0,84,1812,459
26,2297,0,0.0,85,1830,467
82,2379,0,0.0,86,1897,482
27,2406,0,0.0,87,1918,488
11,2417,0,0.0,88,1925,492
44,2461,0,0.0,89,1959,502
89,2550,0,0.0,90,2030,520
25,2575,0,0.0,91,2049,526
19,2594,0,0.0,92,2065,529
17,2611,0,0.0,93,2078,533
24,2635,0,0.0,94,2095,540
31,2666,0,0.0,95,2125,541
51,2717,0,0.0,96,2169,548
66,2783,0,0.0,97,2217,566
21,2804,0,0.0,98,2237,567
10,2814,0,0.0,99,2243,571
55,2869,0,0.0,100,2285,584
25,2894,0,0.0,101,2302,592
58,2952,0,0.0,102,2347,605
36,2988,0,0.0,103,2380,608
34,3022,0,0.0,104,2407,615
49,3071,0,0.0,105,2444,627
24,3095,0,0.0,106,2465,630
27,3122,0,0.0,107,2487,635
37,3159,0,0.0,108,2518,641
7,3166,0,0.0,109,2525,641
63,3229,0,0.0,110,2572,657
14,3243,0,0.0,111,2584,659
29,3272,0,0.0,112,2611,661
43,3315,0,0.0,113,2645,670
28,3343,0,0.0,114,2668,675
63,3406,0,0.0,115,2716,690
36,3442,0,0.0,116,2742,700
16,3458,0,0.0,117,2752,706
37,3495,0,0.0,118,2779,716
66,3561,0,0.0,119,2828,733
8,3569,0,0.0,120,2835,734
11,3580,0,0.0,121,2843,737
10,3590,0,0.0,122,2849,741
55,3645,0,0.0,123,2889,756
10,3655,0,0.0,124,2899,756
72,3727,0,0.0,125,2963,764
16,3743,0,0.0,126,2977,766
63,3806,0,0.0,127,3027,779
36,3842,0,0.0,128,3057,785
66,3908,0,0.0,129,3110,798
45,3953,0,0.0,130,3146,807
46,3999,0,0.0,131,3185,814
11,4010,0,0.0,132,3193,817
7,4017,0,0.0,133,3200,817
35,4052,0,0.0,134,3229,823
38,4090,0,0.0,135,3257,833
14,4104,0,0.0,136,3271,833
27,4131,0,0.0,137,3291,840
40,4171,0,0.0,138,3322,849
43,4214,0,0.0,139,3352,862
12,4226,0,0.0,140,3360,866
21,4247,0,0.0,141,3375,872
22,4269,0,0.0,142,3390,879
70,4339,0,0.0,143,3445,894
23,4362,0,0.0,144,3463,899
79,4441,0,0.0,145,3521,920
30,4471,0,0.0,146,3550,921
26,4497,0,0.0,147,3573,924
14,4511,0,0.0,148,3583,928
36,4547,0,0.0,149,3607,940
100,4647,0,0.0,150,3691,956
7,4654,0,0.0,151,3697,957
21,4675,0,0.0,152,3708,967
24,4699,0,0.0,153,3729,970
34,4733,0,0.0,154,3756,977
33,4766,0,0.0,155,3785,981
18,4784,0,0.0,156,3799,985
7,4791,0,0.0,157,3805,986
100,4891,0,0.0,158,3887,1004
49,4940,0,0.0,159,3918,1022
9,4949,0,0.0,160,3925,1024
19,4968,0,0.0,161,3938,1030
48,5016,0,0.0,162,3976,1040
34,5050,0,0.0,163,4008,1042
72,5122,0,0.0,164,4073,1049
58,5180,0,0.0,165,4116,1064
37,5217,0,0.0,166,4148,1069
72,5289,0,0.0,167,4203,1086
39,5328,0,0.0,168,4237,1091
53,5381,0,0.0,169,4282,1099
43,5424,0,0.0,170,4315,1109
9,5433,0,0.0,171,4323,1110
9,5442,0,0.0,172,4330,1112
26,5468,0,0.0,173,4353,1115
9,5477,0,0.0,174,4362,1115
41,5518,0,0.0,175,4398,1120
13,5531,0,0.0,176,4410,1121
90,5621,0,0.0,177,4485,1136
42,5663,0,0.0,178,4518,1145
48,5711,0,0.0,179,4558,1153
17,5728,0,0.0,180,4570,1158
64,5792,0,0.0,181,4625,1167
16,5808,0,0.0,182,4638,1170
6,5814,0,0.0,183,4643,1171
24,5838,0,0.0,184,4662,1176
26,5864,0,0.0,185,4686,1178
43,5907,0,0.0,186,4724,1183
7,5914,0,0.0,187,4727,1187
27,5941,0,0.0,188,4751,1190
6,5947,0,0.0,189,4757,1190
69,6016,0,0.0,190,4814,1202
17,6033,0,0.0,191,4826,1207
37,6070,0,0.0,192,4857,1213
22,6092,0,0.0,193,4878,1214
10,6102,0,0.0,194,4886,1216
26,6128,0,0.0,195,4908,1220
30,6158,0,0.0,196,4931,1227
28,6186,0,0.0,197,4952,1234
27,6213,0,0.0,198,4973,1240
44,6257,0,0.0,199,5012,1245
13,6270,0,0.0,200,5024,1246
18,6288,0,0.0,201,5038,1250
18,6306,0,0.0,202,5055,1251
87,6393,0,0.0,203,5126,1267
29,6422,0,0.0,204,5150,1272
14,6436,0,0.0,205,5161,1275
11,6447,0,0.0,206,5170,1277
26,6473,0,0.0,207,5194,1279
18,6491,0,0.0,208,5211,1280
26,6517,0,0.0,209,5234,1283
46,6563,0,0.0,210,5268,1295
14,6577,0,0.0,211,5281,1296
13,6590,0,0.0,212,5290,1300
18,6608,0,0.0,213,5304,1304
29,6637,0,0.0,214,5327,1310
48,6685,0,0.0,215,5364,1321
18,6703,0,0.0,216,5379,1324
36,6739,0,0.0,217,5409,1330
21,6760,0,0.0,218,5426,1334
17,6777,0,0.0,219,5438,1339
48,6825,0,0.0,220,5479,1346
19,6844,0,0.0,221,5497,1347
52,6896,0,0.0,222,5537,1359
9,6905,0,0.0,223,5545,1360
30,6935,0,0.0,224,5571,1364
11,6946,0,0.0,225,5578,1368
28,6974,0,0.0,226,5600,1374
37,7011,0,0.0,227,5633,1378
25,7036,0,0.0,228,5651,1385
54,7090,0,0.0,229,5690,1400
47,7137,0,0.0,230,5729,1408
53,7190,0,0.0,231,5774,1416
20,7210,0,0.0,232,5790,1420
10,7220,0,0.0,233,5798,1422
40,7260,0,0.0,234,5826,1434
23,7283,0,0.0,235,5842,1441
14,7297,0,0.0,236,5854,1443
18,7315,0,0.0,237,5869,1446
17,7332,0,0.0,238,5884,1448
24,7356,0,0.0,239,5906,1450
26,7382,0,0.0,240,5928,1454
28,7410,0,0.0,241,5952,1458
11,7421,0,0.0,242,5959,1462
22,7443,0,0.0,243,5972,1471
22,7465,0,0.0,244,5985,1480
18,7483,0,0.0,245,6000,1483
45,7528,0,0.0,246,6036,1492
8,7536,0,0.0,247,6043,1493
20,7556,0,0.0,248,6058,1498
51,7607,0,0.0,249,6100,1507
44,7651,0,0.0,250,6134,1517
21,7672,0,0.0,251,6152,1520
15,7687,0,0.0,252,6164,1523
20,7707,0,0.0,253,6181,1526
11,7718,0,0.0,254,6189,1529
31,7749,0,0.0,255,6214,1535
21,7770,0,0.0,256,6231,1539
26,7796,0,0.0,257,6251,1545
13,7809,0,0.0,258,6263,1546
22,7831,0,0.0,259,6277,1554
48,7879,0,0.0,260,6312,1567
60,7939,0,0.0,261,6362,1577
94,8033,0,0.0,262,6439,1594
46,8079,0,0.0,263,6478,1601
33,8112,0,0.0,264,6502,1610
19,8131,0,0.0,265,6516,1615
7,8138,0,0.0,266,6522,1616
21,8159,0,0.0,267,6537,1622
41,8200,0,0.0,268,6566,1634
100,8300,0,0.0,269,6639,1661
73,8373,0,0.0,270,6704,1669
38,8411,0,0.0,271,6732,1679
27,8438,0,0.0,272,6752,1686
11,8449,0,0.0,273,6760,1689
36,8485,0,0.0,274,6790,1695
63,8548,0,0.0,275,6839,1709
56,8604,0,0.0,276,6881,1723
29,8633,0,0.0,277,6905,1728
57,8690,0,0.0,278,6951,1739
73,8763,0,0.0,279,7010,1753
96,8859,0,0.0,280,7088,1771
5,8864,0,0.0,281,7092,1772
29,8893,0,0.0,282,7117,1776
12,8905,0,0.0,283,7128,1777
30,8935,0,0.0,284,7153,1782
34,8969,0,0.0,285,7177,1792
17,8986,0,0.0,286,7191,1795
30,9016,0,0.0,287,7218,1798
12,9028,0,0.0,288,7228,1800
41,9069,0,0.0,289,7255,1814
18,9087,0,0.0,290,7268,1819
29,9116,0,0.0,291,7293,1823
16,9132,0,0.0,292,7308,1824
25,9157,0,0.0,293,7327,1830
19,9176,0,0.0,294,7342,1834
44,9220,0,0.0,295,7382,1838
15,9235,0,0.0,296,7392,1843
28,9263,0,0.0,297,7414,1849
26,9289,0,0.0,298,7434,1855
29,9318,0,0.0,299,7457,1861
45,9363,0,0.0,300,7498,1865
55,9418,0,0.0,301,7542,1876
39,9457,0,0.0,302,7574,1883
20,9477,0,0.0,303,7590,1887
15,9492,0,0.0,304,7602,1890
53,9545,0,0.0,305,7645,1900
19,9564,0,0.0,306,7663,1901
68,9632,0,0.0,307,7723,1909
21,9653,0,0.0,308,7739,1914
61,9714,0,0.0,309,7781,1933
20,9734,0,0.0,310,7797,1937
22,9756,0,0.0,311,7814,1942
63,9819,0,0.0,312,7867,1952
63,9882,0,0.0,313,7917,1965
8,9890,0,0.0,314,7921,1969
12,9902,0,0.0,315,7932,1970
9,9911,0,0.0,316,7939,1972
47,9958,0,0.0,317,7978,1980
54,10012,0,0.0,318,8022,1990
88,10100,0,0.0,319,8096,2004
28,10128,0,0.0,320,8117,2011
24,10152,0,0.0,321,8140,2012
45,10197,0,0.0,322,8172,2025
36,10233,0,0.0,323,8200,2033
58,10291,0,0.0,324,8255,2036
47,10338,0,0.0,325,8293,2045
18,10356,0,0.0,326,8307,2049
30,10386,0,0.0,327,8335,2051
7,10393,0,0.0,328,8339,2054
14,10407,0,0.0,329,8345,2062
22,10429,0,0.0,330,8362,2067
5,10434,0,0.0,331,8367,2067
60,10494,0,0.0,332,8414,2080
11,10505,0,0.0,333,8423,2082
37,10542,0,0.0,334,8453,2089
63,10605,0,0.0,335,8501,2104
8,10613,0,0.0,336,8508,2105
100,10713,0,0.0,337,8591,2122
19,10732,0,0.0,338,8608,2124
23,10755,0,0.0,339,8626,2129
26,10781,0,0.0,340,8646,2135
35,10816,0,0.0,341,8672,2144
45,10861,0,0.0,342,8710,2151
28,10889,0,0.0,343,8736,2153
40,10929,0,0.0,344,8769,2160
58,10987,0,0.0,345,8817,2170
86,11073,0,0.0,346,8893,2180
20,11093,0,0.0,347,8910,2183
12,11105,0,0.0,348,8920,2185
10,11115,0,0.0,349,8929,2186
16,11131,0,0.0,350,8944,2187
6,11137,0,0.0,351,8948,2189
39,11176,0,0.0,352,8981,2195
26,11202,0,0.0,353,9003,2199
37,11239,0,0.0,354,9036,2203
13,11252,0,0.0,355,9048,2204
18,11270,0,0.0,356,9065,2205
15,11285,0,0.0,357,9075,2210
15,11300,0,0.0,358,9087,2213
43,11343,0,0.0,359,9119,2224
27,11370,0,0.0,360,9142,2228
16,11386,0,0.0,361,9157,2229
46,11432,0,0.0,362,9192,2240
9,11441,0,0.0,363,9200,2241
91,11532,0,0.0,364,9274,2258
37,11569,0,0.0,365,9305,2264
7,11576,0,0.0,366,9310,2266
21,11597,0,0.0,367,9324,2273
23,11620,0,0.0,368,9345,2275
9,11629,0,0.0,369,9353,2276
53,11682,0,0.0,370,9398,2284
32,11714,0,0.0,371,9420,2294
15,11729,0,0.0,372,9432,2297
59,11788,0,0.0,373,9479,2309
14,11802,0,0.0,374,9491,2311
27,11829,0,0.0,375,9512,2317
58,11887,0,0.0,376,9556,2331
37,11924,0,0.0,377,9586,2338
33,11957,0,0.0,378,9610,2347
35,11992,0,0.0,379,9636,2356
5,11997,0,0.0,380,9640,2357
56,12053,0,0.0,381,9689,2364
12,12065,0,0.0,382,9698,2367
9,12074,0,0.0,383,9706,2368
83,12157,0,0.0,384,9766,2391
31,12188,0,0.0,385,9790,2398
30,12218,0,0.0,386,9814,2404
70,12288,0,0.0,387,9869,2419
57,12345,0,0.0,388,9913,2432
72,12417,0,0.0,389,9974,2443
31,12448,0,0.0,390,9997,2451
43,12491,0,0.0,391,10031,2460
13,12504,0,0.0,392,10044,2460
8,12512,0,0.0,393,10052,2460
29,12541,0,0.0,394,10077,2464
34,12575,0,0.0,395,10104,2471
49,12624,0,0.0,396,10141,2483
5,12629,0,0.0,397,10144,2485
13,12642,0,0.0,398,10154,2488
22,12664,0,0.0,399,10170,2494
17,12681,0,0.0,400,10184,2497
27,12708,0,0.0,401,10208,2500
12,12720,0,0.0,402,10217,2503
30,12750,0,0.0,403,10242,2508
34,12784,0,0.0,404,10270,2514
32,12816,0,0.0,405,10294,2522
13,12829,0,0.0,406,10306,2523
94,12923,0,0.0,407,10384,2539
13,12936,0,0.0,408,10393,2543
62,12998,0,0.0,409,10442,2556
16,13014,0,0.0,410,10454,2560
74,13088,0,0.0,411,10513,2575
59,13147,0,0.0,412,10559,2588
27,13174,0,0.0,413,10581,2593
37,13211,0,0.0,414,10613,2598
6,13217,0,0.0,415,10618,2599
15,13232,0,0.0,416,10630,2602
29,13261,0,0.0,417,10653,2608
21,13282,0,0.0,418,10670,2612
14,13296,0,0.0,419,10682,2614
23,13319,0,0.0,420,10699,2620
22,13341,0,0.0,421,10715,2626
25,13366,0,0.0,422,10734,2632
11,13377,0,0.0,423,10744,2633
47,13424,0,0.0,424,10783,2641
63,13487,0,0.0,425,10828,2659
47,13534,0,0.0,426,10869,2665
39,13573,0,0.0,427,10899,2674
65,13638,0,0.0,428,10949,2689
48,13686,0,0.0,429,10984,2702
14,13700,0,0.0,430,10994,2706
19,13719,0,0.0,431,11009,2710
39,13758,0,0.0,432,11040,2718
100,13858,0,0.0,433,11119,2739
24,13882,0,0.0,434,11137,2745
41,13923,0,0.0,435,11167,2756
28,13951,0,0.0,436,11190,2761
60,14011,0,0.0,437,11232,2779
43,14054,0,0.0,438,11271,2783
79,14133,0,0.0,439,11341,2792
30,14163,0,0.0,440,11364,2799
16,14179,0,0.0,441,11377,2802
19,14198,0,0.0,442,11393,2805
100,14298,0,0.0,443,11467,2831
37,14335,0,0.0,444,11496,2839
18,14353,0,0.0,445,11511,2842
58,14411,0,0.0,446,11560,2851
20,14431,0,0.0,447,11576,2855
29,14460,0,0.0,448,11597,2863
22,14482,0,0.0,449,11616,2866
35,14517,0,0.0,450,11643,2874
23,14540,0,0.0,451,11662,2878
22,14562,0,0.0,452,11680,2882
45,14607,0,0.0,453,11717,2890
92,14699,0,0.0,454,11792,2907
34,14733,0,0.0,455,11824,2909
35,14768,0,0.0,456,11850,2918
10,14778,0,0.0,457,11857,2921
55,14833,1,1.0,458,11897,2936
35,14868,1,0.0,459,11899,2969
42,14910,1,0.0,460,11900,3010
86,14996,1,0.0,461,11906,3090
16,15012,1,0.0,462,11908,3104
16,15028,1,0.0,463,11909,3119
61,15089,1,0.0,464,11920,3169
26,15115,1,0.0,465,11921,3194
46,15161,1,0.0,466,11923,3238
40,15201,1,0.0,467,11925,3276
22,15223,1,0.0,468,11930,3293
7,15230,1,0.0,469,11930,3300
11,15241,1,0.0,470,11932,3309
11,15252,1,0.0,471,11933,3319
18,15270,1,0.0,472,11935,3335
21,15291,1,0.0,473,11937,3354
48,15339,1,0.0,474,11944,3395
14,15353,1,0.0,475,11945,3408
44,15397,1,0.0,476,11950,3447
11,15408,1,0.0,477,11952,3456
85,15493,1,0.0,478,11957,3536
23,15516,1,0.0,479,11958,3558
13,15529,1,0.0,480,11959,3570
48,15577,1,0.0,481,11963,3614
19,15596,1,0.0,482,11963,3633
24,15620,1,0.0,483,11965,3655
41,15661,1,0.0,484,11969,3692
29,15690,1,0.0,485,11970,3720
22,15712,1,0.0,486,11972,3740
44,15756,1,0.0,487,11973,3783
69,15825,1,0.0,488,11977,3848
42,15867,1,0.0,489,11980,3887
48,15915,1,0.0,490,11984,3931
14,15929,1,0.0,491,11985,3944
33,15962,1,0.0,492,11990,3972
15,15977,1,0.0,493,11991,3986
28,16005,1,0.0,494,11994,4011
30,16035,1,0.0,495,11996,4039
64,16099,1,0.0,496,12000,4099
21,16120,1,0.0,497,12003,4117
48,16168,1,0.0,498,12008,4160
59,16227,1,0.0,499,12011,4216
44,16271,1,0.0,500,12013,4258
14,16285,1,0.0,501,12013,4272
31,16316,1,0.0,502,12014,4302
76,16392,1,0.0,503,12018,4374
71,16463,1,0.0,504,12021,4442
20,16483,1,0.0,505,12022,4461
26,16509,1,0.0,506,12024,4485
22,16531,1,0.0,507,12026,4505
9,16540,1,0.0,508,12026,4514
100,16640,1,0.0,509,12027,4613
11,16651,1,0.0,510,12028,4623
45,16696,1,0.0,511,12030,4666
12,16708,1,0.0,512,12030,4678
22,16730,1,0.0,513,12031,4699
18,16748,1,0.0,514,12032,4716
31,16779,1,0.0,515,12034,4745
10,16789,1,0.0,516,12034,4755
29,16818,1,0.0,517,12034,4784
32,16850,1,0.0,518,12035,4815
13,16863,1,0.0,519,12036,4827
12,16875,1,0.0,520,12036,4839
9,16884,1,0.0,521,12037,4847
65,16949,1,0.0,522,12043,4906
22,16971,1,0.0,523,12044,4927
32,17003,1,0.0,524,12045,4958
38,17041,1,0.0,525,12046,4995
60,17101,1,0.0,526,12048,5053
6,17107,1,0.0,527,12048,5059
34,17141,1,0.0,528,12048,5093
9,17150,1,0.0,529,12048,5102
30,17180,1,0.0,530,12052,5128
14,17194,1,0.0,531,12052,5142
68,17262,1,0.0,532,12055,5207
12,17274,1,0.0,533,12056,5218
43,17317,1,0.0,534,12059,5258
35,17352,1,0.0,535,12060,5292
7,17359,1,0.0,536,12061,5298
60,17419,1,0.0,537,12061,5358
8,17427,1,0.0,538,12062,5365
37,17464,1,0.0,539,12063,5401
39,17503,1,0.0,540,12065,5438
62,17565,1,0.0,541,12066,5499
21,17586,1,0.0,542,12066,5520
28,17614,1,0.0,543,12067,5547
32,17646,1,0.0,544,12070,5576
18,17664,1,0.0,545,12070,5594
6,17670,1,0.0,546,12070,5600
17,17687,1,0.0,547,12070,5617
37,17724,1,0.0,548,12071,5653
13,17737,1,0.0,549,12071,5666
7,17744,1,0.0,550,12071,5673
21,17765,1,0.0,551,12073,5692
12,17777,1,0.0,552,12074,5703
9,17786,1,0.0,553,12074,5712
13,17799,1,0.0,554,12074,5725
23,17822,1,0.0,555,12075,5747
40,17862,1,0.0,556,12075,5787
14,17876,1,0.0,557,12075,5801
8,17884,1,0.0,558,12075,5809
57,17941,1,0.0,559,12077,5864
63,18004,1,0.0,560,12080,5924
11,18015,1,0.0,561,12080,5935
21,18036,1,0.0,562,12081,5955
44,18080,1,0.0,563,12083,5997
22,18102,1,0.0,564,12085,6017
5,18107,1,0.0,565,12085,6022
10,18117,1,0.0,566,12085,6032
16,18133,1,0.0,567,12085,6048
39,18172,1,0.0,568,12087,6085
14,18186,1,0.0,569,12088,6098
22,18208,1,0.0,570,12089,6119
27,18235,1,0.0,571,12092,6143
46,18281,1,0.0,572,12093,6188
15,18296,1,0.0,573,12093,6203
55,18351,1,0.0,574,12094,6257
20,18371,1,0.0,575,12094,6277
31,18402,1,0.0,576,12094,6308
41,18443,1,0.0,577,12095,6348
20,18463,1,0.0,578,12096,6367
43,18506,1,0.0,579,12099,6407
10,18516,1,0.0,580,12099,6417
13,18529,1,0.0,581,12099,6430
22,18551,1,0.0,582,12101,6450
14,18565,1,0.0,583,12101,6464
29,18594,1,0.0,584,12101,6493
41,18635,1,0.0,585,12101,6534
28,18663,1,0.0,586,12102,6561
29,18692,1,0.0,587,12103,6589
34,18726,1,0.0,588,12103,6623
96,18822,1,0.0,589,12108,6714
16,18838,1,0.0,590,12109,6729
8,18846,1,0.0,591,12109,6737
43,18889,1,0.0,592,12111,6778
24,18913,1,0.0,593,12112,6801
16,18929,1,0.0,594,12113,6816
27,18956,1,0.0,595,12114,6842
30,18986,1,0.0,596,12114,6872
63,19049,1,0.0,597,12116,6933
26,19075,1,0.0,598,12117,6958
71,19146,1,0.0,599,12122,7024
28,19174,1,0.0,600,12122,7052
36,19210,1,0.0,601,12124,7086
52,19262,1,0.0,602,12126,7136
23,19285,1,0.0,603,12127,7158
47,19332,1,0.0,604,12129,7203
18,19350,1,0.0,605,12130,7220
8,19358,1,0.0,606,12130,7228
12,19370,1,0.0,607,12131,7239
59,19429,1,0.0,608,12134,7295
8,19437,1,0.0,609,12135,7302
74,19511,1,0.0,610,12137,7374
58,19569,1,0.0,611,12140,7429
18,19587,1,0.0,612,12140,7447
44,19631,1,0.0,613,12143,7488
40,19671,1,0.0,614,12144,7527
55,19726,1,0.0,615,12145,7581
8,19734,1,0.0,616,12146,7588
81,19815,1,0.0,617,12147,7668
26,19841,1,0.0,618,12148,7693
80,19921,1,0.0,619,12153,7768
8,19929,1,0.0,620,12153,7776
17,19946,1,0.0,621,12153,7793
36,19982,1,0.0,622,12155,7827
63,20045,1,0.0,623,12156,7889
18,20063,1,0.0,624,12157,7906
18,20081,1,0.0,625,12158,7923
18,20099,1,0.0,626,12158,7941
10,20109,1,0.0,627,12158,7951
32,20141,1,0.0,628,12159,7982
14,20155,1,0.0,629,12159,7996
8,20163,1,0.0,630,12159,8004
36,20199,1,0.0,631,12161,8038
5,20204,1,0.0,632,12161,8043
20,20224,1,0.0,633,12161,8063
13,20237,1,0.0,634,12162,8075
19,20256,1,0.0,635,12163,8093
75,20331,1,0.0,636,12164,8167
43,20374,1,0.0,637,12167,8207
22,20396,1,0.0,638,12168,8228
37,20433,1,0.0,639,12171,8262
13,20446,1,0.0,640,12171,8275
26,20472,1,0.0,641,12174,8298
62,20534,1,0.0,642,12178,8356
33,20567,1,0.0,643,12178,8389
19,20586,1,0.0,644,12178,8408
11,20597,1,0.0,645,12178,8419
78,20675,1,0.0,646,12186,8489
30,20705,1,0.0,647,12188,8517
47,20752,1,0.0,648,12188,8564
77,20829,1,0.0,649,12193,8636
5,20834,1,0.0,650,12194,8640
62,20896,1,0.0,651,12197,8699
83,20979,1,0.0,652,12198,8781
70,21049,1,0.0,653,12203,8846
22,21071,1,0.0,654,12204,8867
14,21085,1,0.0,655,12205,8880
9,21094,1,0.0,656,12206,8888
29,21123,1,0.0,657,12208,8915
25,21148,1,0.0,658,12208,8940
16,21164,1,0.0,659,12210,8954
25,21189,1,0.0,660,12211,8978
8,21197,1,0.0,661,12211,8986
26,21223,1,0.0,662,12212,9011
20,21243,1,0.0,663,12213,9030
29,21272,1,0.0,664,12215,9057
9,21281,1,0.0,665,12215,9066
24,21305,1,0.0,666,12216,9089
19,21324,1,0.0,667,12216,9108
18,21342,1,0.0,668,12217,9125
30,21372,1,0.0,669,12220,9152
14,21386,1,0.0,670,12220,9166
20,21406,1,0.0,671,12220,9186
29,21435,1,0.0,672,12220,9215
39,21474,1,0.0,673,12221,9253
53,21527,1,0.0,674,12224,9303
70,21597,1,0.0,675,12226,9371
21,21618,1,0.0,676,12226,9392
18,21636,1,0.0,677,12227,9409
17,21653,1,0.0,678,12230,9423
21,21674,1,0.0,679,12230,9444
21,21695,1,0.0,680,12231,9464
14,21709,1,0.0,681,12231,9478
18,21727,1,0.0,682,12231,9496
38,21765,1,0.0,683,12232,9533
24,21789,1,0.0,684,12232,9557
8,21797,1,0.0,685,12232,9565
11,21808,1,0.0,686,12232,9576
13,21821,1,0.0,687,12233,9588
13,21834,1,0.0,688,12234,9600
19,21853,1,0.0,689,12235,9618
17,21870,1,0.0,690,12236,9634
34,21904,1,0.0,691,12237,9667
10,21914,1,0.0,692,12237,9677
15,21929,1,0.0,693,12237,9692
72,22001,1,0.0,694,12238,9763
33,22034,1,0.0,695,12242,9792
39,22073,1,0.0,696,12243,9830
24,22097,1,0.0,697,12243,9854
10,22107,1,0.0,698,12243,9864
22,22129,1,0.0,699,12243,9886
22,22151,1,0.0,700,12243,9908
39,22190,1,0.0,701,12243,9947
27,22217,1,0.0,702,12244,9973
21,22238,1,0.0,703,12244,9994
7,22245,1,0.0,704,12245,10000
12,22257,1,0.0,705,12246,10011
100,22357,1,0.0,706,12250,10107
19,22376,1,0.0,707,12250,10126
10,22386,1,0.0,708,12250,10136
6,22392,1,0.0,709,12250,10142
13,22405,1,0.0,710,12252,10153
25,22430,1,0.0,711,12253,10177
14,22444,1,0.0,712,12254,10190
31,22475,1,0.0,713,12254,10221
66,22541,1,0.0,714,12255,10286
20,22561,1,0.0,715,12255,10306
46,22607,1,0.0,716,12256,10351
66,22673,1,0.0,717,12259,10414
22,22695,1,0.0,718,12259,10436
19,22714,1,0.0,719,12260,10454
63,22777,1,0.0,720,12261,10516
18,22795,1,0.0,721,12261,10534
15,22810,1,0.0,722,12261,10549
12,22822,1,0.0,723,12261,10561
40,22862,1,0.0,724,12262,10600
35,22897,1,0.0,725,12264,10633
18,22915,1,0.0,726,12264,10651
35,22950,1,0.0,727,12266,10684
12,22962,1,0.0,728,12267,10695
18,22980,1,0.0,729,12267,10713
10,22990,1,0.0,730,12267,10723
24,23014,1,0.0,731,12268,10746
14,23028,1,0.0,732,12271,10757
46,23074,1,0.0,733,12272,10802
22,23096,1,0.0,734,12273,10823
23,23119,1,0.0,735,12274,10845
10,23129,1,0.0,736,12275,10854
23,23152,1,0.0,737,12277,10875
11,23163,1,0.0,738,12277,10886
48,23211,1,0.0,739,12278,10933
28,23239,1,0.0,740,12279,10960
24,23263,1,0.0,741,12280,10983
72,23335,1,0.0,742,12284,11051
15,23350,1,0.0,743,12284,11066
48,23398,1,0.0,744,12285,11113
51,23449,1,0.0,745,12286,11163
28,23477,1,0.0,746,12286,11191
35,23512,1,0.0,747,12287,11225
16,23528,1,0.0,748,12287,11241
46,23574,1,0.0,749,12289,11285
36,23610,1,0.0,750,12292,11318
11,23621,1,0.0,751,12292,11329
11,23632,1,0.0,752,12293,11339
18,23650,1,0.0,753,12293,11357
8,23658,1,0.0,754,12294,11364
32,23690,1,0.0,755,12296,11394
9,23699,1,0.0,756,12296,11403
44,23743,1,0.0,757,12298,11445
18,23761,1,0.0,758,12298,11463
13,23774,1,0.0,759,12298,11476
30,23804,1,0.0,760,12299,11505
14,23818,1,0.0,761,12299,11519
35,23853,1,0.0,762,12301,11552
13,23866,1,0.0,763,12302,11564
33,23899,1,0.0,764,12304,11595
58,23957,1,0.0,765,12306,11651
12,23969,1,0.0,766,12306,11663
79,24048,1,0.0,767,12307,11741
19,24067,1,0.0,768,12307,11760
25,24092,1,0.0,769,12307,11785
13,24105,1,0.0,770,12307,11798
21,24126,1,0.0,771,12307,11819
7,24133,1,0.0,772,12308,11825
42,24175,1,0.0,773,12308,11867
9,24184,1,0.0,774,12308,11876
52,24236,1,0.0,775,12310,11926
52,24288,1,0.0,776,12312,11976
100,24388,1,0.0,777,12312,12076
12,24400,1,0.0,778,12314,12086
20,24420,1,0.0,779,12317,12103
13,24433,1,0.0,780,12317,12116
47,24480,1,0.0,781,12318,12162
9,24489,1,0.0,782,12318,12171
12,24501,1,0.0,783,12319,12182
43,24544,1,0.0,784,12320,12224
17,24561,1,0.0,785,12320,12241
11,24572,1,0.0,786,12321,12251
36,24608,1,0.0,787,12323,12285
8,24616,1,0.0,788,12323,12293
35,24651,1,0.0,789,12325,12326
12,24663,1,0.0,790,12327,12336
100,24763,1,0.0,791,12331,12432
8,24771,1,0.0,792,12332,12439
34,24805,1,0.0,793,12332,12473
60,24865,1,0.0,794,12334,12531
40,24905,1,0.0,795,12334,12571
9,24914,1,0.0,796,12334,12580
25,24939,1,0.0,797,12334,12605
30,24969,1,0.0,798,12335,12634
68,25037,1,0.0,799,12337,12700
71,25108,1,0.0,800,12337,12771
31,25139,1,0.0,801,12340,12799
32,25171,1,0.0,802,12341,12830
30,25201,1,0.0,803,12343,12858
14,25215,1,0.0,804,12345,12870
16,25231,1,0.0,805,12345,12886
29,25260,1,0.0,806,12345,12915
41,25301,1,0.0,807,12347,12954
58,25359,1,0.0,808,12349,13010
16,25375,1,0.0,809,12350,13025
54,25429,1,0.0,810,12352,13077
47,25476,1,0.0,811,12355,13121
19,25495,1,0.0,812,12355,13140
46,25541,1,0.0,813,12356,13185
21,25562,1,0.0,814,12357,13205
26,25588,1,0.0,815,12357,13231
12,25600,1,0.0,816,12358,13242
18,25618,1,0.0,817,12358,13260
40,25658,1,0.0,818,12358,13300
25,25683,1,0.0,819,12360,13323
19,25702,1,0.0,820,12360,13342
17,25719,1,0.0,821,12360,13359
15,25734,1,0.0,822,12361,13373
56,25790,1,0.0,823,12362,13428
23,25813,1,0.0,824,12363,13450
32,25845,1,0.0,825,12363,13482
31,25876,1,0.0,826,12364,13512
17,25893,1,0.0,827,12364,13529
37,25930,1,0.0,828,12365,13565
36,25966,1,0.0,829,12366,13600
7,25973,1,0.0,830,12366,13607
26,25999,1,0.0,831,12366,13633
33,26032,1,0.0,832,12368,13664
17,26049,1,0.0,833,12368,13681
15,26064,1,0.0,834,12368,13696
16,26080,1,0.0,835,12370,13710
37,26117,1,0.0,836,12371,13746
47,26164,1,0.0,837,12371,13793
21,26185,1,0.0,838,12371,13814
17,26202,1,0.0,839,12372,13830
13,26215,1,0.0,840,12373,13842
50,26265,1,0.0,841,12374,13891
9,26274,1,0.0,842,12374,13900
22,26296,1,0.0,843,12374,13922
27,26323,1,0.0,844,12376,13947
33,26356,1,0.0,845,12378,13978
32,26388,1,0.0,846,12381,14007
30,26418,1,0.0,847,12381,14037
100,26518,1,0.0,848,12385,14133
34,26552,1,0.0,849,12385,14167
11,26563,1,0.0,850,12385,14178
15,26578,1,0.0,851,12385,14193
11,26589,1,0.0,852,12385,14204
26,26615,1,0.0,853,12386,14229
17,26632,1,0.0,854,12387,14245
30,26662,1,0.0,855,12389,14273
14,26676,1,0.0,856,12389,14287
10,26686,1,0.0,857,12390,14296
18,26704,1,0.0,858,12392,14312
41,26745,1,0.0,859,12395,14350
63,26808,1,0.0,860,12398,14410
23,26831,1,0.0,861,12400,14431
31,26862,1,0.0,862,12401,14461
25,26887,1,0.0,863,12403,14484
39,26926,1,0.0,864,12403,14523
27,26953,1,0.0,865,12404,14549
34,26987,1,0.0,866,12404,14583
33,27020,1,0.0,867,12404,14616
20,27040,1,0.0,868,12405,14635
7,27047,1,0.0,869,12406,14641
29,27076,1,0.0,870,12407,14669
42,27118,1,0.0,871,12408,14710
29,27147,1,0.0,872,12409,14738
48,27195,1,0.0,873,12411,14784
14,27209,1,0.0,874,12411,14798
47,27256,1,0.0,875,12412,14844
9,27265,1,0.0,876,12413,14852
59,27324,1,0.0,877,12416,14908
57,27381,1,0.0,878,12418,14963
20,27401,1,0.0,879,12419,14982
70,27471,1,0.0,880,12422,15049
14,27485,1,0.0,881,12422,15063
28,27513,1,0.0,882,12425,15088
28,27541,1,0.0,883,12427,15114
38,27579,1,0.0,884,12427,15152
24,27603,1,0.0,885,12428,15175
10,27613,1,0.0,886,12428,15185
27,27640,1,0.0,887,12429,15211
13,27653,1,0.0,888,12431,15222
34,27687,1,0.0,889,12433,15254
16,27703,1,0.0,890,12433,15270
31,27734,1,0.0,891,12436,15298
13,27747,1,0.0,892,12436,15311
22,27769,1,0.0,893,12438,15331
41,27810,1,0.0,894,12441,15369
48,27858,1,0.0,895,12443,15415
33,27891,1,0.0,896,12444,15447
15,27906,1,0.0,897,12446,15460
14,27920,1,0.0,898,12447,15473
74,27994,1,0.0,899,12451,15543
10,28004,1,0.0,900,12451,15553
47,28051,1,0.0,901,12453,15598
14,28065,1,0.0,902,12453,15612
22,28087,1,0.0,903,12453,15634
40,28127,1,0.0,904,12455,15672
28,28155,1,0.0,905,12456,15699
21,28176,1,0.0,906,12457,15719
15,28191,1,0.0,907,12457,15734
45,28236,1,0.0,908,12459,15777
32,28268,1,0.0,909,12459,15809
16,28284,1,0.0,910,12460,15824
38,28322,1,0.0,911,12461,15861
11,28333,1,0.0,912,12461,15872
91,28424,2,1.0,913,12467,15957
16,28440,2,0.0,914,12467,15973
100,28540,2,0.0,915,12468,16072
5,28545,2,0.0,916,12468,16077
43,28588,2,0.0,917,12468,16120
34,28622,2,0.0,918,12468,16154
61,28683,2,0.0,919,12468,16215
66,28749,2,0.0,920,12468,16281
92,28841,2,0.0,921,12468,16373
20,28861,2,0.0,922,12468,16393
18,28879,2,0.0,923,12468,16411
9,28888,2,0.0,924,12468,16420
42,28930,2,0.0,925,12468,16462
54,28984,2,0.0,926,12468,16516
31,29015,2,0.0,927,12468,16547
31,29046,2,0.0,928,12468,16578
56,29102,2,0.0,929,12468,16634
25,29127,2,0.0,930,12468,16659
47,29174,2,0.0,931,12468,16706
42,29216,2,0.0,932,12469,16747
12,29228,2,0.0,933,12469,16759
24,29252,2,0.0,934,12469,16783
18,29270,2,0.0,935,12469,16801
42,29312,2,0.0,936,12469,16843
23,29335,2,0.0,937,12469,16866
28,29363,2,0.0,938,12470,16893
17,29380,2,0.0,939,12470,16910
22,29402,2,0.0,940,12471,16931
14,29416,2,0.0,941,12471,16945
28,29444,2,0.0,942,12471,16973
16,29460,2,0.0,943,12471,16989
37,29497,2,0.0,944,12472,17025
19,29516,2,0.0,945,12472,17044
16,29532,2,0.0,946,12472,17060
46,29578,2,0.0,947,12472,17106
99,29677,2,0.0,948,12473,17204
83,29760,2,0.0,949,12474,17286
9,29769,2,0.0,950,12474,17295
31,29800,2,0.0,951,12474,17326
9,29809,2,0.0,952,12474,17335
27,29836,2,0.0,953,12474,17362
16,29852,2,0.0,954,12474,17378
18,29870,2,0.0,955,12474,17396
43,29913,2,0.0,956,12474,17439
32,29945,2,0.0,957,12474,17471
59,30004,2,0.0,958,12475,17529
25,30029,2,0.0,959,12475,17554
67,30096,2,0.0,960,12475,17621
42,30138,2,0.0,961,12476,17662
17,30155,2,0.0,962,12476,17679
19,30174,2,0.0,963,12476,17698
13,30187,2,0.0,964,12476,17711
12,30199,2,0.0,965,12476,17723
33,30232,2,0.0,966,12476,17756
43,30275,2,0.0,967,12476,17799
29,30304,2,0.0,968,12476,17828
19,30323,2,0.0,969,12476,17847
14,30337,2,0.0,970,12476,17861
38,30375,2,0.0,971,12476,17899
100,30475,2,0.0,972,12477,17998
9,30484,2,0.0,973,12477,18007
67,30551,2,0.0,974,12477,18074
21,30572,2,0.0,975,12477,18095
40,30612,2,0.0,976,12477,18135
42,30654,2,0.0,977,12477,18177
100,30754,2,0.0,978,12477,18277
18,30772,2,0.0,979,12477,18295
24,30796,2,0.0,980,12477,18319
35,30831,2,0.0,981,12477,18354
36,30867,2,0.0,982,12477,18390
16,30883,2,0.0,983,12477,18406
21,30904,2,0.0,984,12477,18427
26,30930,2,0.0,985,12477,18453
16,30946,2,0.0,986,12477,18469
9,30955,2,0.0,987,12477,18478
23,30978,2,0.0,988,12477,18501
9,30987,2,0.0,989,12477,18510
28,31015,2,0.0,990,12477,18538
33,31048,2,0.0,991,12478,18570
44,31092,2,0.0,992,12478,18614
58,31150,2,0.0,993,12478,18672
64,31214,2,0.0,994,12479,18735
30,31244,2,0.0,995,12481,18763
15,31259,2,0.0,996,12481,18778
9,31268,2,0.0,997,12481,18787
29,31297,2,0.0,998,12482,18815
22,31319,2,0.0,999,12482,18837
14,31333,2,0.0,1000,12482,18851
27,31360,2,0.0,1001,12482,18878
36,31396,2,0.0,1002,12482,18914
21,31417,2,0.0,1003,12482,18935
14,31431,2,0.0,1004,12482,18949
13,31444,2,0.0,1005,12482,18962
15,31459,2,0.0,1006,12482,18977
33,31492,2,0.0,1007,12482,19010
15,31507,2,0.0,1008,12482,19025
45,31552,2,0.0,1009,12482,19070
22,31574,2,0.0,1010,12482,19092
20,31594,2,0.0,1011,12482,19112
47,31641,2,0.0,1012,12482,19159
15,31656,2,0.0,1013,12482,19174
100,31756,2,0.0,1014,12483,19273
48,31804,2,0.0,1015,12483,19321
35,31839,2,0.0,1016,12485,19354
8,31847,2,0.0,1017,12485,19362
71,31918,2,0.0,1018,12485,19433
18,31936,2,0.0,1019,12485,19451
28,31964,2,0.0,1020,12485,19479
17,31981,2,0.0,1021,12485,19496
14,31995,2,0.0,1022,12485,19510
46,32041,2,0.0,1023,12485,19556
34,32075,2,0.0,1024,12485,19590
11,32086,2,0.0,1025,12485,19601
19,32105,2,0.0,1026,12485,19620
47,32152,2,0.0,1027,12485,19667
8,32160,2,0.0,1028,12486,19674
74,32234,2,0.0,1029,12486,19748
94,32328,2,0.0,1030,12488,19840
32,32360,2,0.0,1031,12489,19871
60,32420,2,0.0,1032,12489,19931
7,32427,2,0.0,1033,12489,19938
21,32448,2,0.0,1034,12489,19959
27,32475,2,0.0,1035,12489,19986
12,32487,2,0.0,1036,12489,19998
27,32514,2,0.0,1037,12489,20025
51,32565,2,0.0,1038,12489,20076
11,32576,2,0.0,1039,12489,20087
29,32605,2,0.0,1040,12489,20116
84,32689,2,0.0,1041,12489,20200
40,32729,2,0.0,1042,12489,20240
40,32769,2,0.0,1043,12489,20280
21,32790,2,0.0,1044,12489,20301
35,32825,2,0.0,1045,12489,20336
16,32841,2,0.0,1046,12489,20352
14,32855,2,0.0,1047,12489,20366
13,32868,2,0.0,1048,12489,20379
20,32888,2,0.0,1049,12489,20399
7,32895,2,0.0,1050,12489,20406
80,32975,2,0.0,1051,12489,20486
38,33013,2,0.0,1052,12489,20524
11,33024,2,0.0,1053,12489,20535
44,33068,2,0.0,1054,12489,20579
18,33086,2,0.0,1055,12489,20597
12,33098,2,0.0,1056,12489,20609
37,33135,2,0.0,1057,12489,20646
75,33210,2,0.0,1058,12491,20719
19,33229,2,0.0,1059,12491,20738
28,33257,2,0.0,1060,12491,20766
24,33281,2,0.0,1061,12491,20790
33,33314,2,0.0,1062,12491,20823
20,33334,2,0.0,1063,12491,20843
32,33366,2,0.0,1064,12491,20875
77,33443,2,0.0,1065,12491,20952
49,33492,2,0.0,1066,12491,21001
90,33582,2,0.0,1067,12491,21091
27,33609,2,0.0,1068,12492,21117
21,33630,2,0.0,1069,12492,21138
15,33645,2,0.0,1070,12492,21153
57,33702,2,0.0,1071,12494,21208
22,33724,2,0.0,1072,12494,21230
22,33746,2,0.0,1073,12494,21252
18,33764,2,0.0,1074,12494,21270
100,33864,2,0.0,1075,12494,21370
11,33875,2,0.0,1076,12494,21381
21,33896,2,0.0,1077,12494,21402
31,33927,2,0.0,1078,12494,21433
7,33934,2,0.0,1079,12494,21440
10,33944,2,0.0,1080,12494,21450
29,33973,2,0.0,1081,12494,21479
14,33987,2,0.0,1082,12494,21493
32,34019,2,0.0,1083,12494,21525
64,34083,2,0.0,1084,12495,21588
85,34168,2,0.0,1085,12496,21672
21,34189,2,0.0,1086,12497,21692
100,34289,2,0.0,1087,12497,21792
20,34309,2,0.0,1088,12497,21812
14,34323,2,0.0,1089,12497,21826
44,34367,2,0.0,1090,12497,21870
61,34428,2,0.0,1091,12497,21931
54,34482,2,0.0,1092,12497,21985
22,34504,2,0.0,1093,12497,22007
37,34541,2,0.0,1094,12497,22044
18,34559,2,0.0,1095,12497,22062
28,34587,2,0.0,1096,12497,22090
16,34603,2,0.0,1097,12497,22106
32,34635,2,0.0,1098,12497,22138
26,34661,2,0.0,1099,12497,22164
12,34673,2,0.0,1100,12497,22176
28,34701,2,0.0,1101,12497,22204
11,34712,2,0.0,1102,12497,22215
12,34724,2,0.0,1103,12497,22227
29,34753,2,0.0,1104,12497,22256
22,34775,2,0.0,1105,12497,22278
17,34792,2,0.0,1106,12497,22295
33,34825,2,0.0,1107,12497,22328
41,34866,2,0.0,1108,12497,22369
37,34903,2,0.0,1109,12497,22406
28,34931,2,0.0,1110,12497,22434
9,34940,2,0.0,1111,12497,22443
77,35017,2,0.0,1112,12498,22519
45,35062,2,0.0,1113,12498,22564
27,35089,2,0.0,1114,12498,22591
15,35104,2,0.0,1115,12498,22606
25,35129,2,0.0,1116,12498,22631
25,35154,2,0.0,1117,12499,22655
8,35162,2,0.0,1118,12499,22663
100,35262,2,0.0,1119,12500,22762
9,35271,2,0.0,1120,12500,22771
25,35296,2,0.0,1121,12500,22796
59,35355,2,0.0,1122,12500,22855
13,35368,2,0.0,1123,12500,22868
46,35414,2,0.0,1124,12500,22914
24,35438,2,0.0,1125,12500,22938
11,35449,2,0.0,1126,12500,22949
23,35472,2,0.0,1127,12500,22972
10,35482,2,0.0,1128,12500,22982
27,35509,2,0.0,1129,12500,23009
6,35515,2,0.0,1130,12500,23015
14,35529,2,0.0,1131,12500,23029
11,35540,2,0.0,1132,12500,23040
64,35604,2,0.0,1133,12500,23104
15,35619,2,0.0,1134,12500,23119
62,35681,2,0.0,1135,12500,23181
38,35719,2,0.0,1136,12500,23219
55,35774,2,0.0,1137,12500,23274
55,35829,2,0.0,1138,12500,23329
47,35876,2,0.0,1139,12500,23376
30,35906,2,0.0,1140,12500,23406
12,35918,2,0.0,1141,12500,23418
63,35981,2,0.0,1142,12500,23481
63,36044,2,0.0,1143,12500,23544
72,36116,2,0.0,1144,12501,23615
14,36130,2,0.0,1145,12501,23629
21,36151,2,0.0,1146,12501,23650
31,36182,2,0.0,1147,12501,23681
14,36196,2,0.0,1148,12501,23695
38,36234,2,0.0,1149,12501,23733
6,36240,2,0.0,1150,12501,23739
37,36277,2,0.0,1151,12501,23776
27,36304,2,0.0,1152,12501,23803
17,36321,2,0.0,1153,12501,23820
33,36354,2,0.0,1154,12501,23853
46,36400,2,0.0,1155,12501,23899
78,36478,2,0.0,1156,12502,23976
13,36491,2,0.0,1157,12502,23989
19,36510,2,0.0,1158,12502,24008
12,36522,2,0.0,1159,12502,24020
27,36549,2,0.0,1160,12502,24047
30,36579,2,0.0,1161,12503,24076
46,36625,2,0.0,1162,12503,24122
26,36651,2,0.0,1163,12503,24148
9,36660,2,0.0,1164,12503,24157
34,36694,2,0.0,1165,12503,24191
15,36709,2,0.0,1166,12503,24206
77,36786,2,0.0,1167,12504,24282
9,36795,2,0.0,1168,12504,24291
13,36808,2,0.0,1169,12504,24304
50,36858,2,0.0,1170,12504,24354
41,36899,2,0.0,1171,12504,24395
30,36929,2,0.0,1172,12504,24425
7,36936,2,0.0,1173,12504,24432
34,36970,2,0.0,1174,12504,24466
12,36982,2,0.0,1175,12504,24478
21,37003,2,0.0,1176,12504,24499
30,37033,2,0.0,1177,12504,24529
19,37052,2,0.0,1178,12504,24548
51,37103,2,0.0,1179,12504,24599
14,37117,2,0.0,1180,12504,24613
61,37178,2,0.0,1181,12504,24674
14,37192,2,0.0,1182,12504,24688
12,37204,2,0.0,1183,12504,24700
38,37242,2,0.0,1184,12504,24738
67,37309,2,0.0,1185,12505,24804
20,37329,2,0.0,1186,12506,24823
44,37373,2,0.0,1187,12506,24867
46,37419,2,0.0,1188,12506,24913
48,37467,2,0.0,1189,12506,24961
42,37509,2,0.0,1190,12506,25003
26,37535,2,0.0,1191,12506,25029
7,37542,2,0.0,1192,12506,25036
58,37600,2,0.0,1193,12507,25093
100,37700,2,0.0,1194,12507,25193
22,37722,2,0.0,1195,12507,25215
11,37733,2,0.0,1196,12507,25226
19,37752,2,0.0,1197,12508,25244
66,37818,2,0.0,1198,12508,25310
56,37874,2,0.0,1199,12508,25366
33,37907,2,0.0,1200,12508,25399
41,37948,2,0.0,1201,12508,25440
29,37977,2,0.0,1202,12508,25469
19,37996,2,0.0,1203,12508,25488
37,38033,2,0.0,1204,12508,25525
17,38050,2,0.0,1205,12508,25542
39,38089,2,0.0,1206,12508,25581
15,38104,2,0.0,1207,12508,25596
16,38120,2,0.0,1208,12508,25612
36,38156,2,0.0,1209,12508,25648
10,38166,2,0.0,1210,12508,25658
22,38188,2,0.0,1211,12508,25680
29,38217,2,0.0,1212,12508,25709
10,38227,2,0.0,1213,12508,25719
10,38237,2,0.0,1214,12508,25729
40,38277,2,0.0,1215,12508,25769
10,38287,2,0.0,1216,12508,25779
40,38327,2,0.0,1217,12508,25819
28,38355,2,0.0,1218,12508,25847
11,38366,2,0.0,1219,12508,25858
37,38403,2,0.0,1220,12508,25895
62,38465,2,0.0,1221,12508,25957
20,38485,2,0.0,1222,12508,25977
37,38522,2,0.0,1223,12508,26014
33,38555,2,0.0,1224,12508,26047
44,38599,2,0.0,1225,12509,26090
15,38614,2,0.0,1226,12509,26105
7,38621,2,0.0,1227,12509,26112
22,38643,2,0.0,1228,12509,26134
13,38656,2,0.0,1229,12509,26147
73,38729,2,0.0,1230,12509,26220
26,38755,2,0.0,1231,12509,26246
49,38804,2,0.0,1232,12510,26294
41,38845,2,0.0,1233,12510,26335
22,38867,2,0.0,1234,12510,26357
19,38886,2,0.0,1235,12510,26376
5,38891,2,0.0,1236,12510,26381
7,38898,2,0.0,1237,12510,26388
14,38912,2,0.0,1238,12510,26402
40,38952,2,0.0,1239,12510,26442
24,38976,2,0.0,1240,12510,26466
5,38981,2,0.0,1241,12510,26471
75,39056,2,0.0,1242,12510,26546
37,39093,2,0.0,1243,12510,26583
11,39104,2,0.0,1244,12510,26594
37,39141,2,0.0,1245,12510,26631
35,39176,2,0.0,1246,12510,26666
62,39238,2,0.0,1247,12510,26728
22,39260,2,0.0,1248,12510,26750
55,39315,2,0.0,1249,12510,26805
5,39320,2,0.0,1250,12510,26810
25,39345,2,0.0,1251,12510,26835
31,39376,2,0.0,1252,12510,26866
10,39386,2,0.0,1253,12510,26876
22,39408,2,0.0,1254,12510,26898
72,39480,2,0.0,1255,12511,26969
15,39495,2,0.0,1256,12511,26984
51,39546,2,0.0,1257,12511,27035
34,39580,2,0.0,1258,12511,27069
10,39590,2,0.0,1259,12511,27079
88,39678,2,0.0,1260,12513,27165
93,39771,2,0.0,1261,12513,27258
14,39785,2,0.0,1262,12513,27272
44,39829,2,0.0,1263,12513,27316
53,39882,2,0.0,1264,12513,27369
70,39952,2,0.0,1265,12514,27438
11,39963,2,0.0,1266,12514,27449
15,39978,2,0.0,1267,12514,27464
24,40002,2,0.0,1268,12514,27488
17,40019,2,0.0,1269,12515,27504
30,40049,2,0.0,1270,12515,27534
19,40068,2,0.0,1271,12515,27553
8,40076,2,0.0,1272,12515,27561
12,40088,2,0.0,1273,12515,27573
34,40122,2,0.0,1274,12516,27606
17,40139,2,0.0,1275,12516,27623
5,40144,2,0.0,1276,12516,27628
100,40244,2,0.0,1277,12518,27726
17,40261,2,0.0,1278,12518,27743
56,40317,2,0.0,1279,12518,27799
16,40333,2,0.0,1280,12518,27815
42,40375,2,0.0,1281,12519,27856
41,40416,2,0.0,1282,12519,27897
26,40442,2,0.0,1283,12519,27923
64,40506,2,0.0,1284,12520,27986
41,40547,2,0.0,1285,12520,28027
49,40596,2,0.0,1286,12521,28075
10,40606,2,0.0,1287,12521,28085
44,40650,2,0.0,1288,12521,28129
21,40671,2,0.0,1289,12521,28150
55,40726,2,0.0,1290,12521,28205
15,40741,2,0.0,1291,12521,28220
20,40761,2,0.0,1292,12521,28240
29,40790,2,0.0,1293,12521,28269
44,40834,2,0.0,1294,12521,28313
60,40894,2,0.0,1295,12522,28372
11,40905,2,0.0,1296,12522,28383
39,40944,2,0.0,1297,12522,28422
17,40961,2,0.0,1298,12522,28439
100,41061,2,0.0,1299,12522,28539
9,41070,2,0.0,1300,12522,28548
22,41092,2,0.0,1301,12522,28570
26,41118,2,0.0,1302,12522,28596
23,41141,2,0.0,1303,12522,28619
29,41170,2,0.0,1304,12522,28648
17,41187,2,0.0,1305,12522,28665
27,41214,2,0.0,1306,12522,28692
19,41233,2,0.0,1307,12522,28711
11,41244,2,0.0,1308,12522,28722
49,41293,2,0.0,1309,12524,28769
9,41302,2,0.0,1310,12524,28778
17,41319,2,0.0,1311,12524,28795
45,41364,2,0.0,1312,12524,28840
18,41382,2,0.0,1313,12524,28858
63,41445,2,0.0,1314,12525,28920
13,41458,2,0.0,1315,12525,28933
55,41513,2,0.0,1316,12525,28988
12,41525,2,0.0,1317,12525,29000
35,41560,2,0.0,1318,12525,29035
67,41627,2,0.0,1319,12526,29101
24,41651,2,0.0,1320,12526,29125
33,41684,2,0.0,1321,12526,29158
50,41734,2,0.0,1322,12526,29208
12,41746,2,0.0,1323,12526,29220
72,41818,2,0.0,1324,12526,29292
56,41874,2,0.0,1325,12527,29347
11,41885,2,0.0,1326,12527,29358
31,41916,2,0.0,1327,12527,29389
77,41993,2,0.0,1328,12527,29466
27,42020,2,0.0,1329,12527,29493
100,42120,2,0.0,1330,12527,29593
30,42150,2,0.0,1331,12527,29623
16,42166,2,0.0,1332,12527,29639
48,42214,2,0.0,1333,12527,29687
14,42228,2,0.0,1334,12527,29701
66,42294,2,0.0,1335,12527,29767
20,42314,2,0.0,1336,12527,29787
13,42327,2,0.0,1337,12527,29800
24,42351,2,0.0,1338,12527,29824
63,42414,2,0.0,1339,12527,29887
64,42478,2,0.0,1340,12527,29951
9,42487,2,0.0,1341,12527,29960
8,42495,2,0.0,1342,12527,29968
22,42517,2,0.0,1343,12527,29990
27,42544,2,0.0,1344,12527,30017
13,42557,2,0.0,1345,12527,30030
20,42577,2,0.0,1346,12527,30050
35,42612,2,0.0,1347,12527,30085
14,42626,2,0.0,1348,12527,30099
25,42651,2,0.0,1349,12527,30124
11,42662,2,0.0,1350,12527,30135
32,42694,2,0.0,1351,12527,30167
16,42710,2,0.0,1352,12527,30183
14,42724,2,0.0,1353,12527,30197
30,42754,2,0.0,1354,12527,30227
28,42782,2,0.0,1355,12527,30255
22,42804,2,0.0,1356,12527,30277
34,42838,2,0.0,1357,12527,30311
20,42858,2,0.0,1358,12527,30331
13,42871,2,0.0,1359,12527,30344
68,42939,2,0.0,1360,12527,30412
25,42964,2,0.0,1361,12527,30437
69,43033,2,0.0,1362,12527,30506
51,43084,2,0.0,1363,12527,30557
40,43124,2,0.0,1364,12527,30597
26,43150,2,0.0,1365,12527,30623
32,43182,2,0.0,1366,12527,30655
10,43192,2,0.0,1367,12527,30665
100,43292,2,0.0,1368,12527,30765
87,43379,2,0.0,1369,12527,30852
8,43387,2,0.0,1370,12528,30859
68,43455,2,0.0,1371,12529,30926
13,43468,2,0.0,1372,12529,30939
27,43495,2,0.0,1373,12529,30966
57,43552,2,0.0,1374,12530,31022
11,43563,2,0.0,1375,12530,31033
14,43577,2,0.0,1376,12530,31047
20,43597,2,0.0,1377,12530,31067
20,43617,2,0.0,1378,12530,31087
32,43649,2,0.0,1379,12530,31119
6,43655,2,0.0,1380,12530,31125
16,43671,2,0.0,1381,12530,31141
7,43678,2,0.0,1382,12530,31148
8,43686,2,0.0,1383,12530,31156
13,43699,2,0.0,1384,12530,31169
49,43748,2,0.0,1385,12530,31218
16,43764,2,0.0,1386,12530,31234
13,43777,2,0.0,1387,12530,31247
16,43793,2,0.0,1388,12530,31263
22,43815,2,0.0,1389,12530,31285
38,43853,2,0.0,1390,12530,31323
100,43953,2,0.0,1391,12532,31421
11,43964,2,0.0,1392,12532,31432
64,44028,2,0.0,1393,12532,31496
17,44045,2,0.0,1394,12532,31513
51,44096,2,0.0,1395,12532,31564
71,44167,2,0.0,1396,12533,31634
23,44190,2,0.0,1397,12533,31657
15,44205,2,0.0,1398,12533,31672
36,44241,2,0.0,1399,12533,31708
15,44256,2,0.0,1400,12533,31723
100,44356,2,0.0,1401,12533,31823
54,44410,2,0.0,1402,12533,31877
87,44497,2,0.0,1403,12533,31964
25,44522,2,0.0,1404,12533,31989
29,44551,2,0.0,1405,12533,32018
40,44591,2,0.0,1406,12533,32058
16,44607,2,0.0,1407,12533,32074
76,44683,2,0.0,1408,12533,32150
100,44783,2,0.0,1409,12533,32250
41,44824,2,0.0,1410,12533,32291
35,44859,2,0.0,1411,12533,32326
37,44896,2,0.0,1412,12533,32363
17,44913,2,0.0,1413,12533,32380
15,44928,2,0.0,1414,12533,32395
13,44941,2,0.0,1415,12533,32408
16,44957,2,0.0,1416,12533,32424
34,44991,2,0.0,1417,12534,32457
8,44999,2,0.0,1418,12534,32465
24,45023,2,0.0,1419,12534,32489
43,45066,2,0.0,1420,12534,32532
20,45086,2,0.0,1421,12534,32552
50,45136,2,0.0,1422,12534,32602
24,45160,2,0.0,1423,12534,32626
35,45195,2,0.0,1424,12535,32660
15,45210,2,0.0,1425,12535,32675
63,45273,2,0.0,1426,12536,32737
29,45302,2,0.0,1427,12536,32766
21,45323,2,0.0,1428,12536,32787
41,45364,2,0.0,1429,12536,32828
33,45397,2,0.0,1430,12536,32861
61,45458,2,0.0,1431,12536,32922
30,45488,2,0.0,1432,12537,32951
17,45505,2,0.0,1433,12537,32968
36,45541,2,0.0,1434,12537,33004
26,45567,2,0.0,1435,12537,33030
18,45585,2,0.0,1436,12537,33048
11,45596,2,0.0,1437,12537,33059
13,45609,2,0.0,1438,12538,33071
5,45614,2,0.0,1439,12538,33076
35,45649,2,0.0,1440,12538,33111
37,45686,2,0.0,1441,12538,33148
38,45724,2,0.0,1442,12538,33186
5,45729,2,0.0,1443,12538,33191
10,45739,2,0.0,1444,12538,33201
31,45770,2,0.0,1445,12538,33232
58,45828,2,0.0,1446,12538,33290
24,45852,2,0.0,1447,12538,33314
68,45920,2,0.0,1448,12538,33382
10,45930,2,0.0,1449,12538,33392
39,45969,2,0.0,1450,12538,33431
13,45982,2,0.0,1451,12538,33444
25,46007,2,0.0,1452,12539,33468
65,46072,2,0.0,1453,12539,33533
22,46094,2,0.0,1454,12539,33555
63,46157,2,0.0,1455,12539,33618
62,46219,2,0.0,1456,12539,33680
28,46247,2,0.0,1457,12539,33708
43,46290,2,0.0,1458,12539,33751
38,46328,2,0.0,1459,12540,33788
33,46361,2,0.0,1460,12540,33821
15,46376,2,0.0,1461,12540,33836
92,46468,2,0.0,1462,12540,33928
26,46494,2,0.0,1463,12540,33954
44,46538,2,0.0,1464,12540,33998
23,46561,2,0.0,1465,12540,34021
47,46608,2,0.0,1466,12540,34068
8,46616,2,0.0,1467,12541,34075
57,46673,2,0.0,1468,12541,34132
17,46690,2,0.0,1469,12541,34149
27,46717,2,0.0,1470,12541,34176
27,46744,2,0.0,1471,12541,34203
11,46755,2,0.0,1472,12541,34214
15,46770,2,0.0,1473,12541,34229
30,46800,2,0.0,1474,12541,34259
6,46806,2,0.0,1475,12541,34265
20,46826,2,0.0,1476,12541,34285
23,46849,2,0.0,1477,12541,34308
41,46890,2,0.0,1478,12541,34349
12,46902,2,0.0,1479,12541,34361
7,46909,2,0.0,1480,12541,34368
19,46928,2,0.0,1481,12541,34387
48,46976,2,0.0,1482,12541,34435
18,46994,2,0.0,1483,12541,34453
53,47047,2,0.0,1484,12541,34506
17,47064,2,0.0,1485,12541,34523
9,47073,2,0.0,1486,12541,34532
23,47096,2,0.0,1487,12541,34555
21,47117,2,0.0,1488,12541,34576
12,47129,2,0.0,1489,12541,34588
43,47172,2,0.0,1490,12541,34631
11,47183,2,0.0,1491,12541,34642
5,47188,2,0.0,1492,12541,34647
18,47206,2,0.0,1493,12541,34665
19,47225,2,0.0,1494,12541,34684
47,47272,2,0.0,1495,12541,34731
53,47325,2,0.0,1496,12541,34784
83,47408,2,0.0,1497,12542,34866
19,47427,2,0.0,1498,12542,34885
30,47457,2,0.0,1499,12542,34915
12,47469,2,0.0,1500,12542,34927
7,47476,2,0.0,1501,12542,34934
23,47499,2,0.0,1502,12542,34957
6,47505,2,0.0,1503,12542,34963
16,47521,2,0.0,1504,12542,34979
68,47589,2,0.0,1505,12542,35047
6,47595,2,0.0,1506,12542,35053
13,47608,2,0.0,1507,12542,35066
37,47645,2,0.0,1508,12542,35103
32,47677,2,0.0,1509,12542,35135
50,47727,2,0.0,1510,12542,35185
17,47744,2,0.0,1511,12542,35202
12,47756,2,0.0,1512,12542,35214
31,47787,2,0.0,1513,12543,35244
31,47818,2,0.0,1514,12543,35275
32,47850,2,0.0,1515,12543,35307
15,47865,2,0.0,1516,12543,35322
24,47889,2,0.0,1517,12543,35346
37,47926,2,0.0,1518,12543,35383
6,47932,2,0.0,1519,12543,35389
17,47949,2,0.0,1520,12543,35406
31,47980,2,0.0,1521,12543,35437
9,47989,2,0.0,1522,12543,35446
100,48089,2,0.0,1523,12545,35544
31,48120,2,0.0,1524,12545,35575
12,48132,2,0.0,1525,12545,35587
26,48158,2,0.0,1526,12545,35613
36,48194,2,0.0,1527,12545,35649
40,48234,2,0.0,1528,12545,35689
34,48268,2,0.0,1529,12545,35723
73,48341,2,0.0,1530,12545,35796
51,48392,2,0.0,1531,12545,35847
27,48419,2,0.0,1532,12545,35874
26,48445,2,0.0,1533,12545,35900
38,48483,2,0.0,1534,12546,35937
25,48508,2,0.0,1535,12546,35962
17,48525,2,0.0,1536,12546,35979
7,48532,2,0.0,1537,12546,35986
13,48545,2,0.0,1538,12547,35998
35,48580,2,0.0,1539,12547,36033
12,48592,2,0.0,1540,12547,36045
23,48615,2,0.0,1541,12547,36068
6,48621,2,0.0,1542,12547,36074
26,48647,2,0.0,1543,12547,36100
8,48655,2,0.0,1544,12547,36108
37,48692,2,0.0,1545,12547,36145
7,48699,2,0.0,1546,12547,36152
12,48711,2,0.0,1547,12547,36164
25,48736,2,0.0,1548,12548,36188
14,48750,2,0.0,1549,12548,36202
7,48757,2,0.0,1550,12548,36209
76,48833,2,0.0,1551,12548,36285
51,48884,2,0.0,1552,12548,36336
71,48955,2,0.0,1553,12548,36407
15,48970,2,0.0,1554,12548,36422
7,48977,2,0.0,1555,12548,36429
25,49002,2,0.0,1556,12548,36454
19,49021,2,0.0,1557,12548,36473
43,49064,2,0.0,1558,12548,36516
10,49074,2,0.0,1559,12548,36526
8,49082,2,0.0,1560,12548,36534
9,49091,2,0.0,1561,12548,36543
49,49140,2,0.0,1562,12548,36592
22,49162,2,0.0,1563,12548,36614
11,49173,2,0.0,1564,12548,36625
23,49196,2,0.0,1565,12548,36648
8,49204,2,0.0,1566,12548,36656
60,49264,2,0.0,1567,12548,36716
55,49319,2,0.0,1568,12548,36771
26,49345,2,0.0,1569,12548,36797
20,49365,2,0.0,1570,12549,36816
11,49376,2,0.0,1571,12549,36827
11,49387,2,0.0,1572,12549,36838
28,49415,2,0.0,1573,12550,36865
17,49432,2,0.0,1574,12550,36882
46,49478,2,0.0,1575,12551,36927
27,49505,2,0.0,1576,12551,36954
30,49535,2,0.0,1577,12551,36984
66,49601,2,0.0,1578,12552,37049
21,49622,2,0.0,1579,12552,37070
9,49631,2,0.0,1580,12552,37079
31,49662,2,0.0,1581,12552,37110
23,49685,2,0.0,1582,12553,37132
5,49690,2,0.0,1583,12553,37137
17,49707,2,0.0,1584,12553,37154
41,49748,2,0.0,1585,12553,37195
71,49819,2,0.0,1586,12554,37265
12,49831,2,0.0,1587,12554,37277
21,49852,2,0.0,1588,12554,37298
35,49887,2,0.0,1589,12554,37333
43,49930,2,0.0,1590,12555,37375
13,49943,2,0.0,1591,12555,37388
26,49969,2,0.0,1592,12555,37414
17,49986,2,0.0,1593,12555,37431
13,49999,2,0.0,1594,12556,37443
9,50008,2,0.0,1595,12556,37452
6,50014,2,0.0,1596,12556,37458
37,50051,2,0.0,1597,12556,37495
88,50139,2,0.0,1598,12556,37583
23,50162,2,0.0,1599,12556,37606
57,50219,2,0.0,1600,12556,37663
16,50235,2,0.0,1601,12556,37679
47,50282,2,0.0,1602,12556,37726
16,50298,2,0.0,1603,12556,37742
11,50309,2,0.0,1604,12556,37753
33,50342,2,0.0,1605,12556,37786
74,50416,2,0.0,1606,12556,37860
17,50433,2,0.0,1607,12556,37877
31,50464,2,0.0,1608,12556,37908
56,50520,2,0.0,1609,12556,37964
22,50542,2,0.0,1610,12556,37986
41,50583,2,0.0,1611,12556,38027
80,50663,2,0.0,1612,12558,38105
26,50689,2,0.0,1613,12558,38131
96,50785,2,0.0,1614,12558,38227
50,50835,2,0.0,1615,12558,38277
55,50890,2,0.0,1616,12558,38332
55,50945,2,0.0,1617,12558,38387
18,50963,2,0.0,1618,12558,38405
17,50980,2,0.0,1619,12558,38422
15,50995,2,0.0,1620,12558,38437
10,51005,2,0.0,1621,12558,38447
45,51050,2,0.0,1622,12558,38492
18,51068,2,0.0,1623,12558,38510
23,51091,2,0.0,1624,12558,38533
25,51116,2,0.0,1625,12558,38558
18,51134,2,0.0,1626,12558,38576
70,51204,2,0.0,1627,12558,38646
35,51239,2,0.0,1628,12558,38681
13,51252,2,0.0,1629,12558,38694
27,51279,2,0.0,1630,12558,38721
26,51305,2,0.0,1631,12558,38747
87,51392,2,0.0,1632,12558,38834
10,51402,2,0.0,1633,12558,38844
11,51413,2,0.0,1634,12558,38855
8,51421,2,0.0,1635,12558,38863
23,51444,2,0.0,1636,12558,38886
24,51468,2,0.0,1637,12558,38910
36,51504,2,0.0,1638,12558,38946
25,51529,2,0.0,1639,12558,38971
9,51538,2,0.0,1640,12558,38980
9,51547,2,0.0,1641,12558,38989
27,51574,2,0.0,1642,12558,39016
16,51590,2,0.0,1643,12558,39032
35,51625,2,0.0,1644,12559,39066
55,51680,2,0.0,1645,12559,39121
12,51692,2,0.0,1646,12559,39133
59,51751,3,1.0,1647,12559,39192
34,51785,3,0.0,1648,12559,39226
55,51840,3,0.0,1649,12559,39281
20,51860,3,0.0,1650,12559,39301
21,51881,3,0.0,1651,12559,39322
20,51901,3,0.0,1652,12559,39342
34,51935,3,0.0,1653,12559,39376
20,51955,3,0.0,1654,12559,39396
43,51998,3,0.0,1655,12559,39439
33,52031,3,0.0,1656,12559,39472
71,52102,3,0.0,1657,12559,39543
22,52124,3,0.0,1658,12559,39565
12,52136,3,0.0,1659,12559,39577
28,52164,3,0.0,1660,12559,39605
9,52173,3,0.0,1661,12559,39614
30,52203,3,0.0,1662,12559,39644
46,52249,3,0.0,1663,12559,39690
11,52260,3,0.0,1664,12559,39701
38,52298,3,0.0,1665,12559,39739
44,52342,3,0.0,1666,12559,39783
14,52356,3,0.0,1667,12559,39797
17,52373,3,0.0,1668,12559,39814
20,52393,3,0.0,1669,12559,39834
36,52429,3,0.0,1670,12559,39870
44,52473,4,1.0,1671,12559,39914
25,52498,4,0.0,1672,12559,39939
34,52532,4,0.0,1673,12559,39973
40,52572,4,0.0,1674,12559,40013
28,52600,4,0.0,1675,12559,40041
12,52612,4,0.0,1676,12559,40053
14,52626,4,0.0,1677,12559,40067
17,52643,4,0.0,1678,12559,40084
21,52664,4,0.0,1679,12559,40105
15,52679,4,0.0,1680,12559,40120
50,52729,4,0.0,1681,12559,40170
18,52747,4,0.0,1682,12559,40188
30,52777,4,0.0,1683,12559,40218
19,52796,4,0.0,1684,12559,40237
62,52858,4,0.0,1685,12559,40299
78,52936,4,0.0,1686,12559,40377
28,52964,4,0.0,1687,12559,40405
33,52997,4,0.0,1688,12559,40438
10,53007,4,0.0,1689,12559,40448
96,53103,4,0.0,1690,12559,40544
77,53180,4,0.0,1691,12559,40621
66,53246,4,0.0,1692,12559,40687
33,53279,4,0.0,1693,12559,40720
37,53316,4,0.0,1694,12559,40757
51,53367,4,0.0,1695,12559,40808
16,53383,4,0.0,1696,12559,40824
29,53412,4,0.0,1697,12559,40853
10,53422,4,0.0,1698,12559,40863
69,53491,4,0.0,1699,12559,40932
33,53524,4,0.0,1700,12559,40965
31,53555,4,0.0,1701,12559,40996
6,53561,4,0.0,1702,12559,41002
22,53583,4,0.0,1703,12559,41024
61,53644,4,0.0,1704,12559,41085
58,53702,4,0.0,1705,12559,41143
44,53746,4,0.0,1706,12559,41187
48,53794,4,0.0,1707,12559,41235
37,53831,4,0.0,1708,12559,41272
22,53853,4,0.0,1709,12559,41294
34,53887,4,0.0,1710,12559,41328
13,53900,4,0.0,1711,12559,41341
23,53923,4,0.0,1712,12559,41364
69,53992,4,0.0,1713,12559,41433
34,54026,4,0.0,1714,12559,41467
8,54034,4,0.0,1715,12559,41475
36,54070,4,0.0,1716,12559,41511
10,54080,4,0.0,1717,12559,41521
52,54132,4,0.0,1718,12559,41573
47,54179,4,0.0,1719,12559,41620
45,54224,4,0.0,1720,12559,41665
26,54250,4,0.0,1721,12559,41691
13,54263,4,0.0,1722,12559,41704
21,54284,4,0.0,1723,12559,41725
62,54346,4,0.0,1724,12559,41787
39,54385,4,0.0,1725,12559,41826
10,54395,4,0.0,1726,12559,41836
49,54444,4,0.0,1727,12559,41885
16,54460,4,0.0,1728,12560,41900
46,54506,4,0.0,1729,12560,41946
67,54573,4,0.0,1730,12560,42013
44,54617,4,0.0,1731,12560,42057
35,54652,4,0.0,1732,12560,42092
27,54679,4,0.0,1733,12560,42119
28,54707,4,0.0,1734,12560,42147
28,54735,4,0.0,1735,12560,42175
63,54798,4,0.0,1736,12560,42238
54,54852,4,0.0,1737,12560,42292
100,54952,4,0.0,1738,12560,42392
67,55019,4,0.0,1739,12560,42459
34,55053,4,0.0,1740,12560,42493
37,55090,4,0.0,1741,12560,42530
44,55134,4,0.0,1742,12560,42574
16,55150,4,0.0,1743,12560,42590
59,55209,4,0.0,1744,12560,42649
30,55239,4,0.0,1745,12560,42679
17,55256,4,0.0,1746,12560,42696
20,55276,4,0.0,1747,12560,42716
34,55310,4,0.0,1748,12560,42750
46,55356,4,0.0,1749,12560,42796
15,55371,4,0.0,1750,12560,42811
7,55378,4,0.0,1751,12560,42818
16,55394,4,0.0,1752,12560,42834
47,55441,4,0.0,1753,12560,42881
16,55457,4,0.0,1754,12560,42897
18,55475,4,0.0,1755,12560,42915
37,55512,4,0.0,1756,12560,42952
14,55526,4,0.0,1757,12560,42966
45,55571,4,0.0,1758,12560,43011
47,55618,4,0.0,1759,12560,43058
68,55686,4,0.0,1760,12560,43126
26,55712,4,0.0,1761,12560,43152
15,55727,4,0.0,1762,12560,43167
28,55755,4,0.0,1763,12560,43195
51,55806,4,0.0,1764,12560,43246
43,55849,4,0.0,1765,12560,43289
35,55884,4,0.0,1766,12560,43324
18,55902,4,0.0,1767,12560,43342
17,55919,4,0.0,1768,12560,43359
10,55929,4,0.0,1769,12560,43369
35,55964,4,0.0,1770,12560,43404
10,55974,4,0.0,1771,12560,43414
23,55997,4,0.0,1772,12560,43437
47,56044,4,0.0,1773,12560,43484
51,56095,4,0.0,1774,12560,43535
12,56107,4,0.0,1775,12560,43547
17,56124,4,0.0,1776,12560,43564
9,56133,4,0.0,1777,12560,43573
11,56144,4,0.0,1778,12560,43584
100,56244,4,0.0,1779,12560,43684
45,56289,4,0.0,1780,12560,43729
16,56305,4,0.0,1781,12560,43745
23,56328,4,0.0,1782,12560,43768
11,56339,4,0.0,1783,12560,43779
10,56349,4,0.0,1784,12560,43789
21,56370,4,0.0,1785,12560,43810
27,56397,4,0.0,1786,12560,43837
92,56489,5,1.0,1787,12560,43929
21,56510,5,0.0,1788,12560,43950
14,56524,5,0.0,1789,12560,43964
42,56566,5,0.0,1790,12560,44006
9,56575,5,0.0,1791,12560,44015
65,56640,5,0.0,1792,12560,44080
23,56663,5,0.0,1793,12560,44103
38,56701,5,0.0,1794,12560,44141
18,56719,5,0.0,1795,12560,44159
7,56726,5,0.0,1796,12560,44166
19,56745,5,0.0,1797,12560,44185
63,56808,5,0.0,1798,12560,44248
33,56841,5,0.0,1799,12560,44281
65,56906,5,0.0,1800,12560,44346
53,56959,5,0.0,1801,12560,44399
28,56987,5,0.0,1802,12560,44427
46,57033,5,0.0,1803,12560,44473
74,57107,5,0.0,1804,12560,44547
28,57135,5,0.0,1805,12560,44575
10,57145,5,0.0,1806,12560,44585
7,57152,5,0.0,1807,12560,44592
55,57207,5,0.0,1808,12560,44647
32,57239,5,0.0,1809,12560,44679
39,57278,5,0.0,1810,12560,44718
8,57286,5,0.0,1811,12560,44726
23,57309,5,0.0,1812,12560,44749
24,57333,5,0.0,1813,12560,44773
37,57370,5,0.0,1814,12560,44810
64,57434,5,0.0,1815,12560,44874
31,57465,5,0.0,1816,12560,44905
58,57523,5,0.0,1817,12560,44963
17,57540,5,0.0,1818,12560,44980
15,57555,5,0.0,1819,12560,44995
100,57655,5,0.0,1820,12560,45095
9,57664,5,0.0,1821,12560,45104
76,57740,5,0.0,1822,12560,45180
52,57792,5,0.0,1823,12560,45232
39,57831,5,0.0,1824,12560,45271
7,57838,5,0.0,1825,12560,45278
15,57853,5,0.0,1826,12560,45293
28,57881,5,0.0,1827,12560,45321
8,57889,5,0.0,1828,12560,45329
49,57938,5,0.0,1829,12560,45378
25,57963,5,0.0,1830,12560,45403
35,57998,5,0.0,1831,12560,45438
11,58009,5,0.0,1832,12560,45449
14,58023,5,0.0,1833,12560,45463
37,58060,5,0.0,1834,12560,45500
13,58073,5,0.0,1835,12560,45513
33,58106,5,0.0,1836,12560,45546
32,58138,5,0.0,1837,12560,45578
22,58160,5,0.0,1838,12560,45600
10,58170,5,0.0,1839,12560,45610
14,58184,5,0.0,1840,12560,45624
62,58246,5,0.0,1841,12560,45686
14,58260,5,0.0,1842,12560,45700
26,58286,5,0.0,1843,12560,45726
13,58299,5,0.0,1844,12560,45739
9,58308,5,0.0,1845,12560,45748
16,58324,5,0.0,1846,12560,45764
18,58342,5,0.0,1847,12560,45782
22,58364,5,0.0,1848,12560,45804
66,58430,5,0.0,1849,12560,45870
13,58443,5,0.0,1850,12560,45883
35,58478,5,0.0,1851,12560,45918
39,58517,5,0.0,1852,12560,45957
21,58538,5,0.0,1853,12560,45978
55,58593,5,0.0,1854,12560,46033
26,58619,5,0.0,1855,12560,46059
75,58694,5,0.0,1856,12560,46134
61,58755,5,0.0,1857,12560,46195
23,58778,5,0.0,1858,12560,46218
71,58849,5,0.0,1859,12560,46289
17,58866,5,0.0,1860,12560,46306
50,58916,5,0.0,1861,12560,46356
17,58933,5,0.0,1862,12560,46373
30,58963,5,0.0,1863,12560,46403
47,59010,5,0.0,1864,12560,46450
85,59095,5,0.0,1865,12560,46535
32,59127,5,0.0,1866,12560,46567
29,59156,5,0.0,1867,12560,46596
10,59166,5,0.0,1868,12560,46606
29,59195,5,0.0,1869,12560,46635
18,59213,5,0.0,1870,12560,46653
24,59237,5,0.0,1871,12560,46677
43,59280,5,0.0,1872,12560,46720
22,59302,5,0.0,1873,12560,46742
9,59311,5,0.0,1874,12560,46751
10,59321,5,0.0,1875,12560,46761
41,59362,5,0.0,1876,12560,46802
36,59398,5,0.0,1877,12560,46838
51,59449,5,0.0,1878,12560,46889
49,59498,5,0.0,1879,12560,46938
60,59558,5,0.0,1880,12560,46998
100,59658,5,0.0,1881,12560,47098
14,59672,5,0.0,1882,12560,47112
23,59695,5,0.0,1883,12560,47135
76,59771,5,0.0,1884,12560,47211
16,59787,5,0.0,1885,12560,47227
6,59793,5,0.0,1886,12560,47233
6,59799,5,0.0,1887,12560,47239
53,59852,5,0.0,1888,12560,47292
23,59875,5,0.0,1889,12560,47315
17,59892,5,0.0,1890,12560,47332
21,59913,5,0.0,1891,12560,47353
16,59929,5,0.0,1892,12560,47369
21,59950,5,0.0,1893,12560,47390
20,59970,5,0.0,1894,12560,47410
11,59981,5,0.0,1895,12560,47421
35,60016,5,0.0,1896,12560,47456
8,60024,5,0.0,1897,12560,47464
81,60105,5,0.0,1898,12560,47545
7,60112,5,0.0,1899,12560,47552
10,60122,5,0.0,1900,12560,47562
81,60203,5,0.0,1901,12560,47643
25,60228,5,0.0,1902,12560,47668
19,60247,5,0.0,1903,12560,47687
13,60260,5,0.0,1904,12560,47700
29,60289,5,0.0,1905,12560,47729
36,60325,5,0.0,1906,12560,47765
39,60364,5,0.0,1907,12560,47804
10,60374,5,0.0,1908,12560,47814
9,60383,5,0.0,1909,12560,47823
5,60388,5,0.0,1910,12560,47828
49,60437,5,0.0,1911,12560,47877
23,60460,5,0.0,1912,12560,47900
31,60491,5,0.0,1913,12560,47931
8,60499,5,0.0,1914,12560,47939
44,60543,5,0.0,1915,12560,47983
47,60590,5,0.0,1916,12560,48030
29,60619,5,0.0,1917,12560,48059
16,60635,5,0.0,1918,12560,48075
39,60674,5,0.0,1919,12560,48114
28,60702,5,0.0,1920,12560,48142
19,60721,5,0.0,1921,12560,48161
70,60791,5,0.0,1922,12560,48231
21,60812,5,0.0,1923,12560,48252
24,60836,5,0.0,1924,12560,48276
31,60867,5,0.0,1925,12560,48307
47,60914,5,0.0,1926,12560,48354
22,60936,5,0.0,1927,12560,48376
29,60965,5,0.0,1928,12560,48405
57,61022,5,0.0,1929,12560,48462
73,61095,6,1.0,1930,12560,48535
17,61112,6,0.0,1931,12560,48552
23,61135,6,0.0,1932,12560,48575
22,61157,6,0.0,1933,12560,48597
85,61242,6,0.0,1934,12560,48682
35,61277,6,0.0,1935,12560,48717
24,61301,6,0.0,1936,12560,48741
27,61328,6,0.0,1937,12560,48768
53,61381,6,0.0,1938,12560,48821
10,61391,6,0.0,1939,12560,48831
75,61466,6,0.0,1940,12560,48906
16,61482,6,0.0,1941,12560,48922
42,61524,6,0.0,1942,12560,48964
45,61569,6,0.0,1943,12560,49009
16,61585,6,0.0,1944,12560,49025
11,61596,6,0.0,1945,12560,49036
100,61696,6,0.0,1946,12560,49136
15,61711,6,0.0,1947,12560,49151
22,61733,6,0.0,1948,12560,49173
8,61741,6,0.0,1949,12560,49181
34,61775,6,0.0,1950,12560,49215
9,61784,6,0.0,1951,12560,49224
100,61884,6,0.0,1952,12560,49324
10,61894,6,0.0,1953,12560,49334
33,61927,6,0.0,1954,12560,49367
5,61932,6,0.0,1955,12560,49372
26,61958,6,0.0,1956,12560,49398
44,62002,6,0.0,1957,12560,49442
16,62018,6,0.0,1958,12560,49458
81,62099,6,0.0,1959,12560,49539
39,62138,6,0.0,1960,12560,49578
13,62151,6,0.0,1961,12560,49591
36,62187,6,0.0,1962,12560,49627
34,62221,6,0.0,1963,12560,49661
47,62268,6,0.0,1964,12560,49708
37,62305,6,0.0,1965,12560,49745
67,62372,6,0.0,1966,12560,49812
17,62389,6,0.0,1967,12560,49829
30,62419,6,0.0,1968,12560,49859
36,62455,6,0.0,1969,12560,49895
100,62555,6,0.0,1970,12560,49995
25,62580,6,0.0,1971,12560,50020
24,62604,6,0.0,1972,12560,50044
10,62614,6,0.0,1973,12560,50054
13,62627,6,0.0,1974,12560,50067
38,62665,6,0.0,1975,12560,50105
45,62710,6,0.0,1976,12560,50150
11,62721,6,0.0,1977,12560,50161
47,62768,6,0.0,1978,12560,50208
19,62787,6,0.0,1979,12560,50227
22,62809,6,0.0,1980,12560,50249
60,62869,6,0.0,1981,12560,50309
14,62883,6,0.0,1982,12560,50323
94,62977,6,0.0,1983,12560,50417
7,62984,6,0.0,1984,12560,50424
25,63009,6,0.0,1985,12560,50449
35,63044,6,0.0,1986,12560,50484
12,63056,6,0.0,1987,12560,50496
71,63127,6,0.0,1988,12560,50567
29,63156,6,0.0,1989,12560,50596
12,63168,6,0.0,1990,12560,50608
5,63173,6,0.0,1991,12560,50613
32,63205,6,0.0,1992,12560,50645
18,63223,6,0.0,1993,12560,50663
23,63246,6,0.0,1994,12560,50686
29,63275,6,0.0,1995,12560,50715
34,63309,6,0.0,1996,12560,50749
100,63409,6,0.0,1997,12560,50849
50,63459,6,0.0,1998,12560,50899
100,63559,6,0.0,1999,12560,50999
9,63568,6,0.0,2000,12560,51008
31,63599,6,0.0,2001,12560,51039
25,63624,6,0.0,2002,12560,51064
19,63643,6,0.0,2003,12560,51083
23,63666,6,0.0,2004,12560,51106
21,63687,6,0.0,2005,12560,51127
56,63743,6,0.0,2006,12560,51183
9,63752,6,0.0,2007,12560,51192
24,63776,6,0.0,2008,12560,51216
59,63835,6,0.0,2009,12560,51275
100,63935,6,0.0,2010,12560,51375
10,63945,6,0.0,2011,12560,51385
38,63983,6,0.0,2012,12560,51423
32,64015,6,0.0,2013,12560,51455
15,64030,6,0.0,2014,12560,51470
31,64061,6,0.0,2015,12560,51501
49,64110,6,0.0,2016,12560,51550
19,64129,6,0.0,2017,12560,51569
13,64142,6,0.0,2018,12560,51582
43,64185,6,0.0,2019,12560,51625
30,64215,6,0.0,2020,12560,51655
30,64245,6,0.0,2021,12560,51685
12,64257,6,0.0,2022,12560,51697
34,64291,6,0.0,2023,12560,51731
19,64310,6,0.0,2024,12560,51750
12,64322,6,0.0,2025,12560,51762
16,64338,6,0.0,2026,12560,51778
15,64353,6,0.0,2027,12560,51793
14,64367,6,0.0,2028,12560,51807
33,64400,6,0.0,2029,12560,51840
81,64481,6,0.0,2030,12560,51921
68,64549,6,0.0,2031,12560,51989
25,64574,6,0.0,2032,12560,52014
22,64596,6,0.0,2033,12560,52036
53,64649,6,0.0,2034,12560,52089
9,64658,6,0.0,2035,12560,52098
12,64670,6,0.0,2036,12560,52110
72,64742,6,0.0,2037,12560,52182
17,64759,6,0.0,2038,12560,52199
43,64802,6,0.0,2039,12560,52242
23,64825,6,0.0,2040,12560,52265
5,64830,6,0.0,2041,12560,52270
39,64869,6,0.0,2042,12560,52309
21,64890,6,0.0,2043,12560,52330
93,64983,6,0.0,2044,12560,52423
20,65003,6,0.0,2045,12560,52443
30,65033,6,0.0,2046,12560,52473
5,65038,6,0.0,2047,12560,52478
32,65070,6,0.0,2048,12560,52510
29,65099,6,0.0,2049,12560,52539
35,65134,6,0.0,2050,12560,52574
48,65182,6,0.0,2051,12560,52622
8,65190,6,0.0,2052,12560,52630
20,65210,6,0.0,2053,12560,52650
31,65241,6,0.0,2054,12560,52681
26,65267,6,0.0,2055,12560,52707
44,65311,6,0.0,2056,12560,52751
26,65337,6,0.0,2057,12560,52777
13,65350,6,0.0,2058,12560,52790
11,65361,6,0.0,2059,12560,52801
17,65378,6,0.0,2060,12560,52818
7,65385,6,0.0,2061,12560,52825
28,65413,6,0.0,2062,12560,52853
32,65445,6,0.0,2063,12560,52885
28,65473,6,0.0,2064,12560,52913
19,65492,6,0.0,2065,12560,52932
61,65553,6,0.0,2066,12560,52993
39,65592,6,0.0,2067,12560,53032
59,65651,6,0.0,2068,12560,53091
26,65677,6,0.0,2069,12560,53117
13,65690,6,0.0,2070,12560,53130
24,65714,6,0.0,2071,12560,53154
72,65786,6,0.0,2072,12560,53226
44,65830,6,0.0,2073,12560,53270
19,65849,6,0.0,2074,12560,53289
10,65859,6,0.0,2075,12560,53299
100,65959,6,0.0,2076,12560,53399
72,66031,6,0.0,2077,12560,53471
21,66052,6,0.0,2078,12560,53492
12,66064,6,0.0,2079,12560,53504
41,66105,6,0.0,2080,12560,53545
28,66133,6,0.0,2081,12560,53573
27,66160,6,0.0,2082,12560,53600
36,66196,6,0.0,2083,12560,53636
32,66228,6,0.0,2084,12560,53668
54,66282,6,0.0,2085,12560,53722
16,66298,6,0.0,2086,12560,53738
24,66322,6,0.0,2087,12560,53762
37,66359,6,0.0,2088,12560,53799
31,66390,6,0.0,2089,12560,53830
13,66403,6,0.0,2090,12560,53843
11,66414,6,0.0,2091,12560,53854
15,66429,6,0.0,2092,12560,53869
39,66468,6,0.0,2093,12560,53908
19,66487,6,0.0,2094,12560,53927
24,66511,6,0.0,2095,12560,53951
7,66518,6,0.0,2096,12560,53958
25,66543,6,0.0,2097,12560,53983
54,66597,6,0.0,2098,12560,54037
19,66616,6,0.0,2099,12560,54056
13,66629,6,0.0,2100,12560,54069
11,66640,6,0.0,2101,12560,54080
20,66660,6,0.0,2102,12560,54100
13,66673,6,0.0,2103,12560,54113
17,66690,6,0.0,2104,12560,54130
14,66704,6,0.0,2105,12560,54144
15,66719,6,0.0,2106,12560,54159
91,66810,6,0.0,2107,12560,54250
25,66835,6,0.0,2108,12560,54275
43,66878,6,0.0,2109,12560,54318
64,66942,6,0.0,2110,12560,54382
30,66972,6,0.0,2111,12560,54412
12,66984,6,0.0,2112,12560,54424
69,67053,6,0.0,2113,12560,54493
13,67066,6,0.0,2114,12560,54506
17,67083,6,0.0,2115,12560,54523
13,67096,6,0.0,2116,12560,54536
31,67127,6,0.0,2117,12560,54567
17,67144,6,0.0,2118,12560,54584
14,67158,6,0.0,2119,12560,54598
16,67174,6,0.0,2120,12560,54614
16,67190,6,0.0,2121,12560,54630
30,67220,6,0.0,2122,12560,54660
24,67244,6,0.0,2123,12560,54684
100,67344,6,0.0,2124,12560,54784
11,67355,6,0.0,2125,12560,54795
41,67396,6,0.0,2126,12560,54836
5,67401,6,0.0,2127,12560,54841
46,67447,6,0.0,2128,12560,54887
86,67533,6,0.0,2129,12560,54973
26,67559,6,0.0,2130,12560,54999
28,67587,6,0.0,2131,12560,55027
9,67596,6,0.0,2132,12560,55036
50,67646,6,0.0,2133,12560,55086
26,67672,6,0.0,2134,12560,55112
28,67700,6,0.0,2135,12560,55140
34,67734,6,0.0,2136,12560,55174
18,67752,6,0.0,2137,12560,55192
31,67783,6,0.0,2138,12560,55223
7,67790,6,0.0,2139,12560,55230
10,67800,6,0.0,2140,12560,55240
37,67837,6,0.0,2141,12560,55277
8,67845,6,0.0,2142,12560,55285
29,67874,6,0.0,2143,12560,55314
27,67901,6,0.0,2144,12560,55341
24,67925,6,0.0,2145,12560,55365
16,67941,6,0.0,2146,12560,55381
17,67958,6,0.0,2147,12560,55398
28,67986,6,0.0,2148,12560,55426
12,67998,6,0.0,2149,12560,55438
12,68010,6,0.0,2150,12560,55450
13,68023,6,0.0,2151,12560,55463
47,68070,6,0.0,2152,12560,55510
36,68106,6,0.0,2153,12560,55546
10,68116,6,0.0,2154,12560,55556
11,68127,6,0.0,2155,12560,55567
25,68152,6,0.0,2156,12560,55592
15,68167,6,0.0,2157,12560,55607
33,68200,6,0.0,2158,12560,55640
57,68257,6,0.0,2159,12560,55697
44,68301,6,0.0,2160,12560,55741
9,68310,6,0.0,2161,12560,55750
25,68335,6,0.0,2162,12560,55775
39,68374,6,0.0,2163,12560,55814
22,68396,6,0.0,2164,12560,55836
14,68410,6,0.0,2165,12560,55850
8,68418,6,0.0,2166,12560,55858
26,68444,6,0.0,2167,12560,55884
17,68461,6,0.0,2168,12560,55901
53,68514,6,0.0,2169,12560,55954
41,68555,6,0.0,2170,12560,55995
24,68579,6,0.0,2171,12560,56019
45,68624,6,0.0,2172,12560,56064
68,68692,6,0.0,2173,12560,56132
21,68713,6,0.0,2174,12560,56153
35,68748,6,0.0,2175,12560,56188
30,68778,6,0.0,2176,12560,56218
12,68790,6,0.0,2177,12560,56230
27,68817,6,0.0,2178,12560,56257
60,68877,6,0.0,2179,12560,56317
34,68911,6,0.0,2180,12560,56351
25,68936,6,0.0,2181,12560,56376
42,68978,6,0.0,2182,12560,56418
41,69019,6,0.0,2183,12560,56459
11,69030,6,0.0,2184,12560,56470
36,69066,6,0.0,2185,12560,56506
18,69084,6,0.0,2186,12560,56524
59,69143,6,0.0,2187,12560,56583
16,69159,6,0.0,2188,12560,56599
44,69203,6,0.0,2189,12560,56643
25,69228,6,0.0,2190,12560,56668
23,69251,6,0.0,2191,12560,56691
27,69278,6,0.0,2192,12560,56718
34,69312,6,0.0,2193,12560,56752
10,69322,6,0.0,2194,12560,56762
50,69372,6,0.0,2195,12560,56812
15,69387,6,0.0,2196,12560,56827
28,69415,6,0.0,2197,12560,56855
40,69455,6,0.0,2198,12560,56895
16,69471,6,0.0,2199,12560,56911
27,69498,6,0.0,2200,12560,56938
32,69530,6,0.0,2201,12560,56970
12,69542,6,0.0,2202,12560,56982
27,69569,6,0.0,2203,12560,57009
28,69597,6,0.0,2204,12560,57037
25,69622,6,0.0,2205,12560,57062
37,69659,6,0.0,2206,12560,57099
53,69712,6,0.0,2207,12560,57152
46,69758,6,0.0,2208,12560,57198
12,69770,6,0.0,2209,12560,57210
29,69799,6,0.0,2210,12560,57239
39,69838,6,0.0,2211,12560,57278
33,69871,6,0.0,2212,12560,57311
16,69887,6,0.0,2213,12560,57327
11,69898,6,0.0,2214,12560,57338
29,69927,6,0.0,2215,12560,57367
21,69948,6,0.0,2216,12560,57388
29,69977,6,0.0,2217,12560,57417
35,70012,6,0.0,2218,12560,57452
13,70025,6,0.0,2219,12560,57465
23,70048,6,0.0,2220,12560,57488
45,70093,6,0.0,2221,12560,57533
22,70115,6,0.0,2222,12560,57555
8,70123,6,0.0,2223,12560,57563
46,70169,6,0.0,2224,12560,57609
5,70174,6,0.0,2225,12560,57614
14,70188,6,0.0,2226,12560,57628
13,70201,6,0.0,2227,12560,57641
59,70260,7,1.0,2228,12560,57700
19,70279,7,0.0,2229,12560,57719
17,70296,7,0.0,2230,12560,57736
44,70340,7,0.0,2231,12560,57780
18,70358,7,0.0,2232,12560,57798
23,70381,7,0.0,2233,12560,57821
31,70412,7,0.0,2234,12560,57852
13,70425,7,0.0,2235,12560,57865
19,70444,7,0.0,2236,12560,57884
22,70466,7,0.0,2237,12560,57906
17,70483,7,0.0,2238,12560,57923
8,70491,7,0.0,2239,12560,57931
29,70520,7,0.0,2240,12560,57960
11,70531,7,0.0,2241,12560,57971
46,70577,7,0.0,2242,12560,58017
42,70619,7,0.0,2243,12560,58059
17,70636,7,0.0,2244,12560,58076
57,70693,7,0.0,2245,12560,58133
55,70748,7,0.0,2246,12560,58188
25,70773,7,0.0,2247,12560,58213
25,70798,7,0.0,2248,12560,58238
6,70804,7,0.0,2249,12560,58244
16,70820,7,0.0,2250,12560,58260
68,70888,7,0.0,2251,12560,58328
24,70912,7,0.0,2252,12560,58352
6,70918,7,0.0,2253,12560,58358
78,70996,7,0.0,2254,12560,58436
9,71005,7,0.0,2255,12560,58445
15,71020,7,0.0,2256,12560,58460
17,71037,7,0.0,2257,12560,58477
45,71082,7,0.0,2258,12560,58522
37,71119,7,0.0,2259,12560,58559
12,71131,7,0.0,2260,12560,58571
19,71150,7,0.0,2261,12560,58590
22,71172,7,0.0,2262,12560,58612
24,71196,7,0.0,2263,12560,58636
39,71235,7,0.0,2264,12560,58675
34,71269,7,0.0,2265,12560,58709
51,71320,7,0.0,2266,12560,58760
70,71390,7,0.0,2267,12560,58830
75,71465,7,0.0,2268,12560,58905
15,71480,7,0.0,2269,12560,58920
52,71532,7,0.0,2270,12560,58972
94,71626,7,0.0,2271,12560,59066
20,71646,7,0.0,2272,12560,59086
18,71664,7,0.0,2273,12560,59104
38,71702,7,0.0,2274,12560,59142
21,71723,7,0.0,2275,12560,59163
6,71729,7,0.0,2276,12560,59169
79,71808,7,0.0,2277,12560,59248
46,71854,7,0.0,2278,12560,59294
20,71874,7,0.0,2279,12560,59314
26,71900,7,0.0,2280,12560,59340
16,71916,7,0.0,2281,12560,59356
100,72016,7,0.0,2282,12560,59456
29,72045,7,0.0,2283,12560,59485
10,72055,7,0.0,2284,12560,59495
14,72069,7,0.0,2285,12560,59509
29,72098,7,0.0,2286,12560,59538
50,72148,7,0.0,2287,12560,59588
40,72188,7,0.0,2288,12560,59628
70,72258,7,0.0,2289,12560,59698
18,72276,7,0.0,2290,12560,59716
29,72305,7,0.0,2291,12560,59745
55,72360,7,0.0,2292,12560,59800
30,72390,7,0.0,2293,12560,59830
14,72404,7,0.0,2294,12560,59844
28,72432,7,0.0,2295,12560,59872
55,72487,7,0.0,2296,12560,59927
54,72541,7,0.0,2297,12560,59981
12,72553,7,0.0,2298,12560,59993
29,72582,7,0.0,2299,12560,60022
43,72625,7,0.0,2300,12560,60065
25,72650,7,0.0,2301,12560,60090
32,72682,7,0.0,2302,12560,60122
84,72766,7,0.0,2303,12560,60206
39,72805,7,0.0,2304,12560,60245
13,72818,7,0.0,2305,12560,60258
28,72846,7,0.0,2306,12560,60286
42,72888,7,0.0,2307,12560,60328
74,72962,7,0.0,2308,12560,60402
17,72979,7,0.0,2309,12560,60419
33,73012,7,0.0,2310,12560,60452
38,73050,7,0.0,2311,12560,60490
66,73116,7,0.0,2312,12560,60556
57,73173,7,0.0,2313,12560,60613
22,73195,7,0.0,2314,12560,60635
38,73233,7,0.0,2315,12560,60673
28,73261,7,0.0,2316,12560,60701
43,73304,7,0.0,2317,12560,60744
21,73325,7,0.0,2318,12560,60765
15,73340,7,0.0,2319,12560,60780
26,73366,7,0.0,2320,12560,60806
43,73409,7,0.0,2321,12560,60849
20,73429,7,0.0,2322,12560,60869
17,73446,7,0.0,2323,12560,60886
14,73460,7,0.0,2324,12560,60900
13,73473,7,0.0,2325,12560,60913
24,73497,7,0.0,2326,12560,60937
32,73529,7,0.0,2327,12560,60969
27,73556,7,0.0,2328,12560,60996
61,73617,7,0.0,2329,12560,61057
80,73697,7,0.0,2330,12560,61137
16,73713,7,0.0,2331,12560,61153
9,73722,7,0.0,2332,12560,61162
18,73740,7,0.0,2333,12560,61180
38,73778,7,0.0,2334,12560,61218
5,73783,7,0.0,2335,12560,61223
26,73809,7,0.0,2336,12560,61249
35,73844,7,0.0,2337,12560,61284
9,73853,7,0.0,2338,12560,61293
33,73886,7,0.0,2339,12560,61326
36,73922,7,0.0,2340,12560,61362
54,73976,7,0.0,2341,12560,61416
63,74039,7,0.0,2342,12560,61479
15,74054,7,0.0,2343,12560,61494
19,74073,7,0.0,2344,12560,61513
42,74115,7,0.0,2345,12560,61555
23,74138,7,0.0,2346,12560,61578
23,74161,7,0.0,2347,12560,61601
37,74198,7,0.0,2348,12560,61638
95,74293,7,0.0,2349,12560,61733
12,74305,7,0.0,2350,12560,61745
15,74320,7,0.0,2351,12560,61760
20,74340,7,0.0,2352,12560,61780
38,74378,7,0.0,2353,12560,61818
74,74452,7,0.0,2354,12560,61892
16,74468,7,0.0,2355,12560,61908
7,74475,7,0.0,2356,12560,61915
18,74493,7,0.0,2357,12560,61933
31,74524,7,0.0,2358,12560,61964
47,74571,7,0.0,2359,12560,62011
18,74589,7,0.0,2360,12560,62029
9,74598,7,0.0,2361,12560,62038
39,74637,7,0.0,2362,12560,62077
20,74657,7,0.0,2363,12560,62097
27,74684,7,0.0,2364,12560,62124
22,74706,7,0.0,2365,12560,62146
37,74743,7,0.0,2366,12560,62183
13,74756,7,0.0,2367,12560,62196
56,74812,7,0.0,2368,12560,62252
85,74897,7,0.0,2369,12560,62337
54,74951,7,0.0,2370,12560,62391
18,74969,7,0.0,2371,12560,62409
96,75065,7,0.0,2372,12560,62505
38,75103,7,0.0,2373,12560,62543
28,75131,7,0.0,2374,12560,62571
46,75177,7,0.0,2375,12560,62617
59,75236,7,0.0,2376,12560,62676
9,75245,7,0.0,2377,12560,62685
24,75269,7,0.0,2378,12560,62709
86,75355,7,0.0,2379,12560,62795
16,75371,7,0.0,2380,12560,62811
14,75385,7,0.0,2381,12560,62825
83,75468,7,0.0,2382,12560,62908
22,75490,7,0.0,2383,12560,62930
21,75511,7,0.0,2384,12560,62951
54,75565,7,0.0,2385,12560,63005
39,75604,7,0.0,2386,12560,63044
53,75657,7,0.0,2387,12560,63097
38,75695,7,0.0,2388,12560,63135
31,75726,7,0.0,2389,12560,63166
34,75760,7,0.0,2390,12560,63200
57,75817,7,0.0,2391,12560,63257
21,75838,7,0.0,2392,12560,63278
41,75879,7,0.0,2393,12560,63319
43,75922,7,0.0,2394,12560,63362
11,75933,7,0.0,2395,12560,63373
25,75958,7,0.0,2396,12560,63398
75,76033,7,0.0,2397,12560,63473
43,76076,7,0.0,2398,12560,63516
60,76136,7,0.0,2399,12560,63576
6,76142,7,0.0,2400,12560,63582
7,76149,7,0.0,2401,12560,63589
100,76249,7,0.0,2402,12560,63689
57,76306,7,0.0,2403,12560,63746
29,76335,7,0.0,2404,12560,63775
8,76343,7,0.0,2405,12560,63783
6,76349,7,0.0,2406,12560,63789
34,76383,7,0.0,2407,12560,63823
23,76406,7,0.0,2408,12560,63846
95,76501,7,0.0,2409,12560,63941
40,76541,7,0.0,2410,12560,63981
27,76568,7,0.0,2411,12560,64008
22,76590,7,0.0,2412,12560,64030
21,76611,7,0.0,2413,12560,64051
12,76623,7,0.0,2414,12560,64063
28,76651,7,0.0,2415,12560,64091
10,76661,7,0.0,2416,12560,64101
35,76696,7,0.0,2417,12560,64136
29,76725,7,0.0,2418,12560,64165
31,76756,7,0.0,2419,12560,64196
36,76792,7,0.0,2420,12560,64232
100,76892,7,0.0,2421,12560,64332
26,76918,7,0.0,2422,12560,64358
19,76937,7,0.0,2423,12560,64377
38,76975,7,0.0,2424,12560,64415
16,76991,7,0.0,2425,12560,64431
40,77031,7,0.0,2426,12560,64471
94,77125,7,0.0,2427,12560,64565
38,77163,7,0.0,2428,12560,64603
47,77210,7,0.0,2429,12560,64650
18,77228,7,0.0,2430,12560,64668
15,77243,7,0.0,2431,12560,64683
29,77272,7,0.0,2432,12560,64712
50,77322,7,0.0,2433,12560,64762
78,77400,7,0.0,2434,12560,64840
15,77415,7,0.0,2435,12560,64855
5,77420,7,0.0,2436,12560,64860
13,77433,7,0.0,2437,12560,64873
10,77443,7,0.0,2438,12560,64883
45,77488,7,0.0,2439,12560,64928
10,77498,7,0.0,2440,12560,64938
38,77536,7,0.0,2441,12560,64976
18,77554,7,0.0,2442,12560,64994
21,77575,7,0.0,2443,12560,65015
21,77596,7,0.0,2444,12560,65036
29,77625,7,0.0,2445,12560,65065
18,77643,7,0.0,2446,12560,65083
21,77664,7,0.0,2447,12560,65104
42,77706,7,0.0,2448,12560,65146
10,77716,7,0.0,2449,12560,65156
34,77750,7,0.0,2450,12560,65190
33,77783,7,0.0,2451,12560,65223
40,77823,7,0.0,2452,12560,65263
89,77912,7,0.0,2453,12560,65352
25,77937,7,0.0,2454,12560,65377
73,78010,7,0.0,2455,12560,65450
7,78017,7,0.0,2456,12560,65457
53,78070,7,0.0,2457,12560,65510
16,78086,7,0.0,2458,12560,65526
41,78127,7,0.0,2459,12560,65567
51,78178,7,0.0,2460,12560,65618
18,78196,7,0.0,2461,12560,65636
30,78226,7,0.0,2462,12560,65666
50,78276,7,0.0,2463,12560,65716
42,78318,7,0.0,2464,12560,65758
40,78358,7,0.0,2465,12560,65798
12,78370,7,0.0,2466,12560,65810
13,78383,7,0.0,2467,12560,65823
41,78424,7,0.0,2468,12560,65864
5,78429,7,0.0,2469,12560,65869
11,78440,7,0.0,2470,12560,65880
44,78484,7,0.0,2471,12560,65924
41,78525,7,0.0,2472,12560,65965
39,78564,7,0.0,2473,12560,66004
57,78621,7,0.0,2474,12560,66061
17,78638,7,0.0,2475,12560,66078
70,78708,7,0.0,2476,12560,66148
13,78721,7,0.0,2477,12560,66161
32,78753,7,0.0,2478,12560,66193
34,78787,7,0.0,2479,12560,66227
16,78803,7,0.0,2480,12560,66243
51,78854,7,0.0,2481,12560,66294
10,78864,7,0.0,2482,12560,66304
23,78887,7,0.0,2483,12560,66327
18,78905,7,0.0,2484,12560,66345
18,78923,7,0.0,2485,12560,66363
38,78961,7,0.0,2486,12560,66401
25,78986,7,0.0,2487,12560,66426
18,79004,7,0.0,2488,12560,66444
19,79023,7,0.0,2489,12560,66463
28,79051,7,0.0,2490,12560,66491
29,79080,7,0.0,2491,12560,66520
19,79099,7,0.0,2492,12560,66539
12,79111,7,0.0,2493,12560,66551
29,79140,7,0.0,2494,12560,66580
14,79154,7,0.0,2495,12560,66594
38,79192,7,0.0,2496,12560,66632
18,79210,7,0.0,2497,12560,66650
20,79230,7,0.0,2498,12560,66670
23,79253,7,0.0,2499,12560,66693
21,79274,7,0.0,2500,12560,66714
32,79306,7,0.0,2501,12560,66746
14,79320,7,0.0,2502,12560,66760
45,79365,7,0.0,2503,12560,66805
19,79384,7,0.0,2504,12560,66824
82,79466,7,0.0,2505,12560,66906
5,79471,7,0.0,2506,12560,66911
13,79484,7,0.0,2507,12560,66924
50,79534,7,0.0,2508,12560,66974
100,79634,7,0.0,2509,12560,67074
26,79660,7,0.0,2510,12560,67100
53,79713,7,0.0,2511,12560,67153
34,79747,7,0.0,2512,12560,67187
20,79767,7,0.0,2513,12560,67207
23,79790,7,0.0,2514,12560,67230
28,79818,7,0.0,2515,12560,67258
29,79847,7,0.0,2516,12560,67287
62,79909,7,0.0,2517,12560,67349
20,79929,7,0.0,2518,12560,67369
23,79952,7,0.0,2519,12560,67392
26,79978,7,0.0,2520,12560,67418
14,79992,7,0.0,2521,12560,67432
54,80046,7,0.0,2522,12560,67486
28,80074,7,0.0,2523,12560,67514
25,80099,7,0.0,2524,12560,67539
19,80118,7,0.0,2525,12560,67558
48,80166,7,0.0,2526,12560,67606
18,80184,7,0.0,2527,12560,67624
9,80193,7,0.0,2528,12560,67633
19,80212,7,0.0,2529,12560,67652
27,80239,7,0.0,2530,12560,67679
31,80270,7,0.0,2531,12560,67710
19,80289,7,0.0,2532,12560,67729
13,80302,7,0.0,2533,12560,67742
14,80316,7,0.0,2534,12560,67756
46,80362,7,0.0,2535,12560,67802
9,80371,7,0.0,2536,12560,67811
10,80381,7,0.0,2537,12560,67821
22,80403,7,0.0,2538,12560,67843
26,80429,7,0.0,2539,12560,67869
41,80470,7,0.0,2540,12560,67910
55,80525,7,0.0,2541,12560,67965
13,80538,7,0.0,2542,12560,67978
14,80552,7,0.0,2543,12560,67992
17,80569,7,0.0,2544,12560,68009
32,80601,7,0.0,2545,12560,68041
36,80637,7,0.0,2546,12560,68077
26,80663,7,0.0,2547,12560,68103
19,80682,7,0.0,2548,12560,68122
29,80711,7,0.0,2549,12560,68151
10,80721,7,0.0,2550,12560,68161
80,80801,7,0.0,2551,12560,68241
55,80856,7,0.0,2552,12560,68296
14,80870,7,0.0,2553,12560,68310
12,80882,7,0.0,2554,12560,68322
21,80903,7,0.0,2555,12560,68343
40,80943,7,0.0,2556,12560,68383
25,80968,7,0.0,2557,12560,68408
59,81027,7,0.0,2558,12560,68467
7,81034,7,0.0,2559,12560,68474
30,81064,7,0.0,2560,12560,68504
39,81103,7,0.0,2561,12560,68543
53,81156,7,0.0,2562,12560,68596
31,81187,7,0.0,2563,12560,68627
64,81251,7,0.0,2564,12560,68691
67,81318,7,0.0,2565,12560,68758
19,81337,7,0.0,2566,12560,68777
16,81353,7,0.0,2567,12560,68793
13,81366,7,0.0,2568,12560,68806
60,81426,7,0.0,2569,12560,68866
40,81466,7,0.0,2570,12560,68906
82,81548,7,0.0,2571,12560,68988
24,81572,7,0.0,2572,12560,69012
10,81582,7,0.0,2573,12560,69022
14,81596,7,0.0,2574,12560,69036
27,81623,7,0.0,2575,12560,69063
98,81721,7,0.0,2576,12560,69161
24,81745,7,0.0,2577,12560,69185
14,81759,7,0.0,2578,12560,69199
16,81775,7,0.0,2579,12560,69215
25,81800,7,0.0,2580,12560,69240
22,81822,7,0.0,2581,12560,69262
15,81837,7,0.0,2582,12560,69277
17,81854,7,0.0,2583,12560,69294
37,81891,7,0.0,2584,12560,69331
85,81976,8,1.0,2585,12560,69416
49,82025,8,0.0,2586,12560,69465
49,82074,8,0.0,2587,12560,69514
53,82127,8,0.0,2588,12560,69567
15,82142,8,0.0,2589,12560,69582
43,82185,8,0.0,2590,12560,69625
49,82234,8,0.0,2591,12560,69674
17,82251,8,0.0,2592,12560,69691
31,82282,8,0.0,2593,12560,69722
60,82342,8,0.0,2594,12560,69782
16,82358,8,0.0,2595,12560,69798
41,82399,8,0.0,2596,12560,69839
93,82492,8,0.0,2597,12560,69932
26,82518,8,0.0,2598,12560,69958
13,82531,8,0.0,2599,12560,69971
43,82574,8,0.0,2600,12560,70014
18,82592,8,0.0,2601,12560,70032
14,82606,8,0.0,2602,12560,70046
9,82615,8,0.0,2603,12560,70055
53,82668,8,0.0,2604,12560,70108
50,82718,8,0.0,2605,12560,70158
74,82792,8,0.0,2606,12560,70232
20,82812,8,0.0,2607,12560,70252
60,82872,8,0.0,2608,12560,70312
56,82928,8,0.0,2609,12560,70368
68,82996,8,0.0,2610,12560,70436
87,83083,8,0.0,2611,12560,70523
100,83183,8,0.0,2612,12560,70623
13,83196,8,0.0,2613,12560,70636
13,83209,8,0.0,2614,12560,70649
14,83223,8,0.0,2615,12560,70663
39,83262,8,0.0,2616,12560,70702
17,83279,8,0.0,2617,12560,70719
31,83310,8,0.0,2618,12560,70750
12,83322,8,0.0,2619,12560,70762
16,83338,8,0.0,2620,12560,70778
23,83361,8,0.0,2621,12560,70801
9,83370,8,0.0,2622,12560,70810
16,83386,8,0.0,2623,12560,70826
29,83415,8,0.0,2624,12560,70855
23,83438,8,0.0,2625,12560,70878
17,83455,8,0.0,2626,12560,70895
19,83474,8,0.0,2627,12560,70914
15,83489,8,0.0,2628,12560,70929
19,83508,8,0.0,2629,12560,70948
9,83517,8,0.0,2630,12560,70957
14,83531,8,0.0,2631,12560,70971
8,83539,8,0.0,2632,12560,70979
68,83607,8,0.0,2633,12560,71047
79,83686,8,0.0,2634,12560,71126
20,83706,8,0.0,2635,12560,71146
61,83767,8,0.0,2636,12560,71207
100,83867,8,0.0,2637,12560,71307
18,83885,8,0.0,2638,12560,71325
59,83944,8,0.0,2639,12560,71384
19,83963,8,0.0,2640,12560,71403
32,83995,8,0.0,2641,12560,71435
65,84060,8,0.0,2642,12560,71500
57,84117,8,0.0,2643,12560,71557
41,84158,8,0.0,2644,12560,71598
38,84196,8,0.0,2645,12560,71636
46,84242,8,0.0,2646,12560,71682
6,84248,8,0.0,2647,12560,71688
59,84307,8,0.0,2648,12560,71747
48,84355,8,0.0,2649,12560,71795
14,84369,8,0.0,2650,12560,71809
69,84438,8,0.0,2651,12560,71878
16,84454,8,0.0,2652,12560,71894
10,84464,8,0.0,2653,12560,71904
5,84469,8,0.0,2654,12560,71909
39,84508,8,0.0,2655,12560,71948
59,84567,8,0.0,2656,12560,72007
30,84597,8,0.0,2657,12560,72037
11,84608,8,0.0,2658,12560,72048
18,84626,8,0.0,2659,12560,72066
57,84683,8,0.0,2660,12560,72123
33,84716,8,0.0,2661,12560,72156
50,84766,8,0.0,2662,12560,72206
37,84803,8,0.0,2663,12560,72243
19,84822,8,0.0,2664,12560,72262
32,84854,8,0.0,2665,12560,72294
100,84954,8,0.0,2666,12560,72394
5,84959,8,0.0,2667,12560,72399
79,85038,8,0.0,2668,12560,72478
47,85085,8,0.0,2669,12560,72525
59,85144,8,0.0,2670,12560,72584
13,85157,8,0.0,2671,12560,72597
11,85168,8,0.0,2672,12560,72608
13,85181,8,0.0,2673,12560,72621
26,85207,8,0.0,2674,12560,72647
14,85221,8,0.0,2675,12560,72661
9,85230,8,0.0,2676,12560,72670
77,85307,8,0.0,2677,12560,72747
20,85327,8,0.0,2678,12560,72767
18,85345,8,0.0,2679,12560,72785
24,85369,8,0.0,2680,12560,72809
15,85384,8,0.0,2681,12560,72824
17,85401,8,0.0,2682,12560,72841
50,85451,8,0.0,2683,12560,72891
35,85486,8,0.0,2684,12560,72926
49,85535,8,0.0,2685,12560,72975
9,85544,8,0.0,2686,12560,72984
12,85556,8,0.0,2687,12560,72996
7,85563,8,0.0,2688,12560,73003
10,85573,8,0.0,2689,12560,73013
38,85611,8,0.0,2690,12560,73051
51,85662,8,0.0,2691,12560,73102
40,85702,8,0.0,2692,12560,73142
9,85711,8,0.0,2693,12560,73151
45,85756,8,0.0,2694,12560,73196
38,85794,8,0.0,2695,12560,73234
9,85803,8,0.0,2696,12560,73243
68,85871,8,0.0,2697,12560,73311
33,85904,8,0.0,2698,12560,73344
22,85926,8,0.0,2699,12560,73366
31,85957,8,0.0,2700,12560,73397
32,85989,8,0.0,2701,12560,73429
30,86019,8,0.0,2702,12560,73459
27,86046,8,0.0,2703,12560,73486
32,86078,8,0.0,2704,12560,73518
16,86094,8,0.0,2705,12560,73534
40,86134,8,0.0,2706,12560,73574
14,86148,8,0.0,2707,12560,73588
59,86207,8,0.0,2708,12560,73647
42,86249,8,0.0,2709,12560,73689
32,86281,8,0.0,2710,12560,73721
9,86290,8,0.0,2711,12560,73730
76,86366,8,0.0,2712,12560,73806
27,86393,8,0.0,2713,12560,73833
50,86443,8,0.0,2714,12560,73883
22,86465,8,0.0,2715,12560,73905
9,86474,8,0.0,2716,12560,73914
47,86521,8,0.0,2717,12560,73961
10,86531,8,0.0,2718,12560,73971
8,86539,8,0.0,2719,12560,73979
33,86572,8,0.0,2720,12560,74012
39,86611,8,0.0,2721,12560,74051
30,86641,8,0.0,2722,12560,74081
52,86693,8,0.0,2723,12560,74133
46,86739,8,0.0,2724,12560,74179
19,86758,8,0.0,2725,12560,74198
34,86792,8,0.0,2726,12560,74232
16,86808,8,0.0,2727,12560,74248
12,86820,8,0.0,2728,12560,74260
69,86889,8,0.0,2729,12560,74329
57,86946,8,0.0,2730,12560,74386
15,86961,8,0.0,2731,12560,74401
8,86969,8,0.0,2732,12560,74409
23,86992,8,0.0,2733,12560,74432
60,87052,8,0.0,2734,12560,74492
5,87057,8,0.0,2735,12560,74497
30,87087,8,0.0,2736,12560,74527
8,87095,8,0.0,2737,12560,74535
47,87142,8,0.0,2738,12560,74582
86,87228,8,0.0,2739,12560,74668
25,87253,8,0.0,2740,12560,74693
22,87275,8,0.0,2741,12560,74715
19,87294,8,0.0,2742,12560,74734
7,87301,8,0.0,2743,12560,74741
15,87316,8,0.0,2744,12560,74756
39,87355,8,0.0,2745,12560,74795
52,87407,8,0.0,2746,12560,74847
19,87426,8,0.0,2747,12560,74866
38,87464,8,0.0,2748,12560,74904
9,87473,8,0.0,2749,12560,74913
17,87490,8,0.0,2750,12560,74930
43,87533,8,0.0,2751,12560,74973
13,87546,8,0.0,2752,12560,74986
20,87566,8,0.0,2753,12560,75006
9,87575,8,0.0,2754,12560,75015
24,87599,8,0.0,2755,12560,75039
45,87644,8,0.0,2756,12560,75084
33,87677,8,0.0,2757,12560,75117
10,87687,8,0.0,2758,12560,75127
10,87697,8,0.0,2759,12560,75137
22,87719,8,0.0,2760,12560,75159
8,87727,8,0.0,2761,12560,75167
18,87745,8,0.0,2762,12560,75185
22,87767,8,0.0,2763,12560,75207
78,87845,8,0.0,2764,12560,75285
71,87916,8,0.0,2765,12560,75356
12,87928,8,0.0,2766,12560,75368
55,87983,8,0.0,2767,12560,75423
40,88023,8,0.0,2768,12560,75463
16,88039,8,0.0,2769,12560,75479
49,88088,8,0.0,2770,12560,75528
13,88101,8,0.0,2771,12560,75541
20,88121,8,0.0,2772,12560,75561
10,88131,8,0.0,2773,12560,75571
45,88176,8,0.0,2774,12560,75616
44,88220,8,0.0,2775,12560,75660
18,88238,8,0.0,2776,12560,75678
43,88281,8,0.0,2777,12560,75721
56,88337,8,0.0,2778,12560,75777
8,88345,8,0.0,2779,12560,75785
50,88395,8,0.0,2780,12560,75835
47,88442,8,0.0,2781,12560,75882
37,88479,8,0.0,2782,12560,75919
9,88488,8,0.0,2783,12560,75928
35,88523,8,0.0,2784,12560,75963
15,88538,8,0.0,2785,12560,75978
13,88551,8,0.0,2786,12560,75991
30,88581,8,0.0,2787,12560,76021
49,88630,8,0.0,2788,12560,76070
38,88668,8,0.0,2789,12560,76108
53,88721,8,0.0,2790,12560,76161
35,88756,8,0.0,2791,12560,76196
45,88801,8,0.0,2792,12560,76241
60,88861,8,0.0,2793,12560,76301
27,88888,8,0.0,2794,12560,76328
25,88913,8,0.0,2795,12560,76353
18,88931,8,0.0,2796,12560,76371
20,88951,8,0.0,2797,12560,76391
16,88967,8,0.0,2798,12560,76407
15,88982,8,0.0,2799,12560,76422
28,89010,8,0.0,2800,12560,76450
44,89054,8,0.0,2801,12560,76494
30,89084,8,0.0,2802,12560,76524
17,89101,8,0.0,2803,12560,76541
71,89172,8,0.0,2804,12560,76612
50,89222,8,0.0,2805,12560,76662
17,89239,8,0.0,2806,12560,76679
47,89286,8,0.0,2807,12560,76726
5,89291,8,0.0,2808,12560,76731
38,89329,8,0.0,2809,12560,76769
12,89341,8,0.0,2810,12560,76781
27,89368,8,0.0,2811,12560,76808
24,89392,8,0.0,2812,12560,76832
18,89410,8,0.0,2813,12560,76850
9,89419,8,0.0,2814,12560,76859
32,89451,8,0.0,2815,12560,76891
21,89472,8,0.0,2816,12560,76912
15,89487,8,0.0,2817,12560,76927
14,89501,8,0.0,2818,12560,76941
47,89548,8,0.0,2819,12560,76988
37,89585,8,0.0,2820,12560,77025
41,89626,8,0.0,2821,12560,77066
9,89635,8,0.0,2822,12560,77075
16,89651,8,0.0,2823,12560,77091
20,89671,8,0.0,2824,12560,77111
8,89679,8,0.0,2825,12560,77119
11,89690,8,0.0,2826,12560,77130
31,89721,8,0.0,2827,12560,77161
10,89731,8,0.0,2828,12560,77171
25,89756,8,0.0,2829,12560,77196
24,89780,8,0.0,2830,12560,77220
64,89844,8,0.0,2831,12560,77284
29,89873,8,0.0,2832,12560,77313
63,89936,8,0.0,2833,12560,77376
78,90014,8,0.0,2834,12560,77454
30,90044,8,0.0,2835,12560,77484
35,90079,8,0.0,2836,12560,77519
15,90094,8,0.0,2837,12560,77534
47,90141,8,0.0,2838,12560,77581
13,90154,8,0.0,2839,12560,77594
47,90201,8,0.0,2840,12560,77641
28,90229,8,0.0,2841,12560,77669
30,90259,8,0.0,2842,12560,77699
38,90297,8,0.0,2843,12560,77737
47,90344,8,0.0,2844,12560,77784
63,90407,8,0.0,2845,12560,77847
22,90429,8,0.0,2846,12560,77869
26,90455,8,0.0,2847,12560,77895
56,90511,8,0.0,2848,12560,77951
34,90545,8,0.0,2849,12560,77985
25,90570,8,0.0,2850,12560,78010
52,90622,8,0.0,2851,12560,78062
35,90657,8,0.0,2852,12560,78097
16,90673,8,0.0,2853,12560,78113
53,90726,8,0.0,2854,12560,78166
20,90746,8,0.0,2855,12560,78186
55,90801,8,0.0,2856,12560,78241
17,90818,8,0.0,2857,12560,78258
7,90825,8,0.0,2858,12560,78265
22,90847,8,0.0,2859,12560,78287
100,90947,8,0.0,2860,12560,78387
29,90976,8,0.0,2861,12560,78416
17,90993,8,0.0,2862,12560,78433
45,91038,8,0.0,2863,12560,78478
32,91070,8,0.0,2864,12560,78510
11,91081,8,0.0,2865,12560,78521
10,91091,8,0.0,2866,12560,78531
63,91154,8,0.0,2867,12560,78594
12,91166,8,0.0,2868,12560,78606
8,91174,8,0.0,2869,12560,78614
12,91186,8,0.0,2870,12560,78626
27,91213,8,0.0,2871,12560,78653
65,91278,8,0.0,2872,12560,78718
50,91328,8,0.0,2873,12560,78768
22,91350,8,0.0,2874,12560,78790
47,91397,8,0.0,2875,12560,78837
29,91426,8,0.0,2876,12560,78866
12,91438,8,0.0,2877,12560,78878
39,91477,8,0.0,2878,12560,78917
26,91503,8,0.0,2879,12560,78943
19,91522,8,0.0,2880,12560,78962
20,91542,8,0.0,2881,12560,78982
13,91555,8,0.0,2882,12560,78995
80,91635,8,0.0,2883,12560,79075
80,91715,8,0.0,2884,12560,79155
9,91724,8,0.0,2885,12560,79164
29,91753,8,0.0,2886,12560,79193
27,91780,8,0.0,2887,12560,79220
16,91796,8,0.0,2888,12560,79236
30,91826,8,0.0,2889,12560,79266
35,91861,8,0.0,2890,12560,79301
27,91888,8,0.0,2891,12560,79328
14,91902,8,0.0,2892,12560,79342
51,91953,8,0.0,2893,12560,79393
15,91968,8,0.0,2894,12560,79408
57,92025,8,0.0,2895,12560,79465
26,92051,8,0.0,2896,12560,79491
11,92062,8,0.0,2897,12560,79502
47,92109,8,0.0,2898,12560,79549
45,92154,8,0.0,2899,12560,79594
50,92204,8,0.0,2900,12560,79644
39,92243,8,0.0,2901,12560,79683
48,92291,8,0.0,2902,12560,79731
37,92328,8,0.0,2903,12560,79768
65,92393,8,0.0,2904,12560,79833
38,92431,8,0.0,2905,12560,79871
33,92464,8,0.0,2906,12560,79904
51,92515,8,0.0,2907,12560,79955
45,92560,8,0.0,2908,12560,80000
30,92590,8,0.0,2909,12560,80030
20,92610,8,0.0,2910,12560,80050
7,92617,8,0.0,2911,12560,80057
17,92634,8,0.0,2912,12560,80074
37,92671,8,0.0,2913,12560,80111
8,92679,8,0.0,2914,12560,80119
39,92718,8,0.0,2915,12560,80158
61,92779,8,0.0,2916,12560,80219
37,92816,8,0.0,2917,12560,80256
58,92874,8,0.0,2918,12560,80314
87,92961,8,0.0,2919,12560,80401
76,93037,8,0.0,2920,12560,80477
20,93057,8,0.0,2921,12560,80497
17,93074,8,0.0,2922,12560,80514
34,93108,8,0.0,2923,12560,80548
55,93163,8,0.0,2924,12560,80603
25,93188,8,0.0,2925,12560,80628
10,93198,8,0.0,2926,12560,80638
27,93225,8,0.0,2927,12560,80665
68,93293,8,0.0,2928,12560,80733
60,93353,8,0.0,2929,12560,80793
11,93364,8,0.0,2930,12560,80804
35,93399,8,0.0,2931,12560,80839
14,93413,8,0.0,2932,12560,80853
16,93429,8,0.0,2933,12560,80869
76,93505,8,0.0,2934,12560,80945
76,93581,8,0.0,2935,12560,81021
24,93605,8,0.0,2936,12560,81045
32,93637,8,0.0,2937,12560,81077
6,93643,8,0.0,2938,12560,81083
36,93679,8,0.0,2939,12560,81119
5,93684,8,0.0,2940,12560,81124
21,93705,8,0.0,2941,12560,81145
28,93733,8,0.0,2942,12560,81173
39,93772,8,0.0,2943,12560,81212
25,93797,8,0.0,2944,12560,81237
52,93849,8,0.0,2945,12560,81289
62,93911,8,0.0,2946,12560,81351
23,93934,8,0.0,2947,12560,81374
43,93977,8,0.0,2948,12560,81417
42,94019,8,0.0,2949,12560,81459
7,94026,8,0.0,2950,12560,81466
13,94039,8,0.0,2951,12560,81479
11,94050,8,0.0,2952,12560,81490
14,94064,8,0.0,2953,12560,81504
19,94083,8,0.0,2954,12560,81523
11,94094,8,0.0,2955,12560,81534
27,94121,8,0.0,2956,12560,81561
15,94136,8,0.0,2957,12560,81576
15,94151,8,0.0,2958,12560,81591
98,94249,8,0.0,2959,12560,81689
58,94307,8,0.0,2960,12560,81747
57,94364,8,0.0,2961,12560,81804
8,94372,8,0.0,2962,12560,81812
27,94399,8,0.0,2963,12560,81839
44,94443,8,0.0,2964,12560,81883
33,94476,8,0.0,2965,12560,81916
54,94530,8,0.0,2966,12560,81970
30,94560,8,0.0,2967,12560,82000
42,94602,8,0.0,2968,12560,82042
62,94664,8,0.0,2969,12560,82104
25,94689,8,0.0,2970,12560,82129
32,94721,8,0.0,2971,12560,82161
41,94762,8,0.0,2972,12560,82202
22,94784,8,0.0,2973,12560,82224
20,94804,8,0.0,2974,12560,82244
89,94893,8,0.0,2975,12560,82333
14,94907,8,0.0,2976,12560,82347
23,94930,8,0.0,2977,12560,82370
41,94971,8,0.0,2978,12560,82411
56,95027,8,0.0,2979,12560,82467
55,95082,8,0.0,2980,12560,82522
18,95100,8,0.0,2981,12560,82540
9,95109,8,0.0,2982,12560,82549
9,95118,8,0.0,2983,12560,82558
55,95173,9,1.0,2984,12560,82613
32,95205,9,0.0,2985,12560,82645
27,95232,9,0.0,2986,12560,82672
33,95265,9,0.0,2987,12560,82705
18,95283,9,0.0,2988,12560,82723
19,95302,9,0.0,2989,12560,82742
27,95329,9,0.0,2990,12560,82769
9,95338,9,0.0,2991,12560,82778
40,95378,9,0.0,2992,12560,82818
23,95401,9,0.0,2993,12560,82841
64,95465,9,0.0,2994,12560,82905
20,95485,9,0.0,2995,12560,82925
16,95501,9,0.0,2996,12560,82941
18,95519,9,0.0,2997,12560,82959
16,95535,9,0.0,2998,12560,82975
5,95540,9,0.0,2999,12560,82980
60,95600,9,0.0,3000,12560,83040
12,95612,9,0.0,3001,12560,83052
15,95627,9,0.0,3002,12560,83067
30,95657,9,0.0,3003,12561,83096
33,95690,9,0.0,3004,12561,83129
16,95706,9,0.0,3005,12561,83145
11,95717,9,0.0,3006,12561,83156
23,95740,9,0.0,3007,12561,83179
18,95758,9,0.0,3008,12561,83197
50,95808,9,0.0,3009,12561,83247
21,95829,9,0.0,3010,12561,83268
35,95864,9,0.0,3011,12561,83303
9,95873,9,0.0,3012,12561,83312
20,95893,9,0.0,3013,12561,83332
20,95913,9,0.0,3014,12561,83352
13,95926,9,0.0,3015,12561,83365
10,95936,9,0.0,3016,12561,83375
50,95986,9,0.0,3017,12561,83425
5,95991,9,0.0,3018,12561,83430
15,96006,9,0.0,3019,12561,83445
20,96026,9,0.0,3020,12561,83465
25,96051,9,0.0,3021,12561,83490
37,96088,9,0.0,3022,12561,83527
44,96132,9,0.0,3023,12561,83571
54,96186,9,0.0,3024,12561,83625
88,96274,9,0.0,3025,12561,83713
15,96289,9,0.0,3026,12561,83728
31,96320,9,0.0,3027,12561,83759
19,96339,9,0.0,3028,12561,83778
21,96360,9,0.0,3029,12561,83799
43,96403,9,0.0,3030,12561,83842
36,96439,9,0.0,3031,12561,83878
80,96519,9,0.0,3032,12561,83958
30,96549,9,0.0,3033,12561,83988
35,96584,9,0.0,3034,12561,84023
13,96597,9,0.0,3035,12561,84036
37,96634,9,0.0,3036,12561,84073
43,96677,9,0.0,3037,12561,84116
20,96697,9,0.0,3038,12561,84136
24,96721,9,0.0,3039,12561,84160
70,96791,9,0.0,3040,12561,84230
51,96842,9,0.0,3041,12561,84281
21,96863,9,0.0,3042,12561,84302
45,96908,9,0.0,3043,12561,84347
25,96933,9,0.0,3044,12561,84372
21,96954,9,0.0,3045,12561,84393
9,96963,9,0.0,3046,12561,84402
20,96983,9,0.0,3047,12561,84422
20,97003,9,0.0,3048,12561,84442
17,97020,9,0.0,3049,12561,84459
28,97048,9,0.0,3050,12561,84487
48,97096,9,0.0,3051,12561,84535
39,97135,9,0.0,3052,12561,84574
8,97143,9,0.0,3053,12561,84582
9,97152,9,0.0,3054,12561,84591
28,97180,9,0.0,3055,12561,84619
28,97208,9,0.0,3056,12561,84647
19,97227,9,0.0,3057,12561,84666
38,97265,9,0.0,3058,12561,84704
19,97284,9,0.0,3059,12561,84723
43,97327,9,0.0,3060,12561,84766
38,97365,9,0.0,3061,12561,84804
42,97407,9,0.0,3062,12561,84846
21,97428,9,0.0,3063,12561,84867
33,97461,9,0.0,3064,12561,84900
56,97517,9,0.0,3065,12561,84956
8,97525,9,0.0,3066,12561,84964
16,97541,9,0.0,3067,12561,84980
14,97555,9,0.0,3068,12561,84994
29,97584,9,0.0,3069,12561,85023
11,97595,9,0.0,3070,12561,85034
25,97620,9,0.0,3071,12561,85059
47,97667,9,0.0,3072,12561,85106
100,97767,9,0.0,3073,12561,85206
36,97803,9,0.0,3074,12561,85242
50,97853,9,0.0,3075,12561,85292
16,97869,9,0.0,3076,12561,85308
34,97903,9,0.0,3077,12561,85342
6,97909,9,0.0,3078,12561,85348
18,97927,9,0.0,3079,12561,85366
62,97989,9,0.0,3080,12561,85428
20,98009,9,0.0,3081,12561,85448
37,98046,9,0.0,3082,12561,85485
23,98069,9,0.0,3083,12561,85508
32,98101,9,0.0,3084,12561,85540
7,98108,9,0.0,3085,12561,85547
79,98187,9,0.0,3086,12561,85626
30,98217,9,0.0,3087,12561,85656
11,98228,9,0.0,3088,12561,85667
90,98318,9,0.0,3089,12561,85757
48,98366,9,0.0,3090,12561,85805
25,98391,9,0.0,3091,12561,85830
5,98396,9,0.0,3092,12561,85835
11,98407,9,0.0,3093,12561,85846
38,98445,9,0.0,3094,12561,85884
81,98526,9,0.0,3095,12561,85965
25,98551,9,0.0,3096,12561,85990
8,98559,9,0.0,3097,12561,85998
14,98573,9,0.0,3098,12561,86012
97,98670,9,0.0,3099,12561,86109
29,98699,9,0.0,3100,12561,86138
50,98749,9,0.0,3101,12561,86188
8,98757,9,0.0,3102,12561,86196
55,98812,9,0.0,3103,12561,86251
7,98819,9,0.0,3104,12561,86258
20,98839,9,0.0,3105,12561,86278
55,98894,9,0.0,3106,12561,86333
12,98906,9,0.0,3107,12561,86345
5,98911,9,0.0,3108,12561,86350
17,98928,9,0.0,3109,12561,86367
40,98968,9,0.0,3110,12561,86407
31,98999,9,0.0,3111,12561,86438
10,99009,9,0.0,3112,12561,86448
25,99034,9,0.0,3113,12561,86473
41,99075,9,0.0,3114,12561,86514
18,99093,9,0.0,3115,12561,86532
13,99106,9,0.0,3116,12561,86545
87,99193,9,0.0,3117,12561,86632
23,99216,9,0.0,3118,12561,86655
43,99259,9,0.0,3119,12561,86698
27,99286,9,0.0,3120,12561,86725
16,99302,9,0.0,3121,12561,86741
7,99309,9,0.0,3122,12561,86748
60,99369,9,0.0,3123,12561,86808
16,99385,9,0.0,3124,12561,86824
9,99394,9,0.0,3125,12561,86833
25,99419,9,0.0,3126,12561,86858
18,99437,9,0.0,3127,12561,86876
8,99445,9,0.0,3128,12561,86884
24,99469,9,0.0,3129,12561,86908
28,99497,9,0.0,3130,12561,86936
29,99526,9,0.0,3131,12561,86965
26,99552,9,0.0,3132,12561,86991
66,99618,9,0.0,3133,12561,87057
72,99690,9,0.0,3134,12561,87129
66,99756,9,0.0,3135,12561,87195
48,99804,9,0.0,3136,12561,87243
43,99847,9,0.0,3137,12561,87286
10,99857,9,0.0,3138,12561,87296
13,99870,9,0.0,3139,12561,87309
9,99879,9,0.0,3140,12561,87318
35,99914,9,0.0,3141,12561,87353
32,99946,9,0.0,3142,12561,87385
16,99962,9,0.0,3143,12561,87401
17,99979,9,0.0,3144,12561,87418
