iteration,successes,successes_episode,reward_episode,episode_count,random_act,timestep
36,36,0,0.0,1,24,12
76,112,0,0.0,2,80,32
76,188,0,0.0,3,142,46
79,267,0,0.0,4,203,64
22,289,0,0.0,5,219,70
61,350,0,0.0,6,265,85
62,412,0,0.0,7,323,89
8,420,0,0.0,8,331,89
31,451,0,0.0,9,357,94
85,536,0,0.0,10,422,114
26,562,0,0.0,11,444,118
12,574,0,0.0,12,451,123
9,583,0,0.0,13,458,125
35,618,0,0.0,14,488,130
13,631,0,0.0,15,500,131
28,659,0,0.0,16,521,138
22,681,0,0.0,17,540,141
94,775,0,0.0,18,614,161
19,794,0,0.0,19,629,165
16,810,0,0.0,20,643,167
32,842,0,0.0,21,672,170
18,860,0,0.0,22,687,173
31,891,0,0.0,23,713,178
9,900,0,0.0,24,719,181
12,912,0,0.0,25,728,184
16,928,0,0.0,26,735,193
48,976,0,0.0,27,772,204
27,1003,0,0.0,28,795,208
28,1031,0,0.0,29,820,211
29,1060,0,0.0,30,843,217
20,1080,0,0.0,31,860,220
29,1109,0,0.0,32,879,230
16,1125,0,0.0,33,891,234
17,1142,0,0.0,34,907,235
48,1190,0,0.0,35,943,247
13,1203,0,0.0,36,954,249
13,1216,0,0.0,37,965,251
27,1243,0,0.0,38,988,255
14,1257,0,0.0,39,1002,255
24,1281,0,0.0,40,1020,261
20,1301,0,0.0,41,1037,264
61,1362,0,0.0,42,1084,278
31,1393,0,0.0,43,1107,286
16,1409,0,0.0,44,1120,289
46,1455,0,0.0,45,1151,304
35,1490,0,0.0,46,1183,307
14,1504,0,0.0,47,1195,309
28,1532,0,0.0,48,1216,316
18,1550,0,0.0,49,1232,318
36,1586,0,0.0,50,1261,325
35,1621,0,0.0,51,1290,331
16,1637,0,0.0,52,1304,333
21,1658,0,0.0,53,1321,337
20,1678,0,0.0,54,1337,341
10,1688,0,0.0,55,1346,342
100,1788,0,0.0,56,1427,361
62,1850,0,0.0,57,1477,373
43,1893,0,0.0,58,1510,383
21,1914,0,0.0,59,1529,385
32,1946,0,0.0,60,1557,389
14,1960,0,0.0,61,1568,392
26,1986,0,0.0,62,1590,396
15,2001,0,0.0,63,1600,401
39,2040,0,0.0,64,1630,410
12,2052,0,0.0,65,1641,411
25,2077,0,0.0,66,1658,419
26,2103,0,0.0,67,1682,421
66,2169,1,1.0,68,1734,435
12,2181,1,0.0,69,1736,445
21,2202,1,0.0,70,1738,464
27,2229,1,0.0,71,1744,485
5,2234,1,0.0,72,1745,489
40,2274,1,0.0,73,1752,522
42,2316,1,0.0,74,1766,550
100,2416,1,0.0,75,1784,632
19,2435,1,0.0,76,1788,647
55,2490,1,0.0,77,1799,691
24,2514,1,0.0,78,1800,714
24,2538,1,0.0,79,1803,735
31,2569,1,0.0,80,1807,762
22,2591,1,0.0,81,1814,777
20,2611,1,0.0,82,1818,793
26,2637,1,0.0,83,1824,813
26,2663,1,0.0,84,1830,833
21,2684,1,0.0,85,1833,851
35,2719,1,0.0,86,1834,885
43,2762,1,0.0,87,1842,920
12,2774,1,0.0,88,1848,926
19,2793,1,0.0,89,1850,943
32,2825,1,0.0,90,1857,968
48,2873,1,0.0,91,1868,1005
47,2920,1,0.0,92,1878,1042
25,2945,1,0.0,93,1887,1058
10,2955,1,0.0,94,1888,1067
12,2967,1,0.0,95,1890,1077
71,3038,1,0.0,96,1910,1128
70,3108,1,0.0,97,1930,1178
9,3117,1,0.0,98,1934,1183
97,3214,1,0.0,99,1962,1252
20,3234,1,0.0,100,1966,1268
14,3248,1,0.0,101,1971,1277
33,3281,1,0.0,102,1981,1300
14,3295,1,0.0,103,1982,1313
38,3333,1,0.0,104,1989,1344
43,3376,1,0.0,105,1999,1377
34,3410,1,0.0,106,2005,1405
100,3510,1,0.0,107,2026,1484
13,3523,1,0.0,108,2029,1494
25,3548,1,0.0,109,2032,1516
16,3564,1,0.0,110,2036,1528
14,3578,1,0.0,111,2039,1539
39,3617,1,0.0,112,2045,1572
26,3643,1,0.0,113,2050,1593
6,3649,1,0.0,114,2053,1596
9,3658,1,0.0,115,2055,1603
64,3722,1,0.0,116,2061,1661
68,3790,1,0.0,117,2074,1716
12,3802,1,0.0,118,2076,1726
32,3834,1,0.0,119,2084,1750
38,3872,1,0.0,120,2092,1780
25,3897,1,0.0,121,2099,1798
58,3955,1,0.0,122,2112,1843
10,3965,1,0.0,123,2112,1853
13,3978,1,0.0,124,2116,1862
31,4009,1,0.0,125,2123,1886
24,4033,1,0.0,126,2129,1904
29,4062,1,0.0,127,2133,1929
23,4085,1,0.0,128,2136,1949
10,4095,1,0.0,129,2139,1956
15,4110,1,0.0,130,2141,1969
69,4179,1,0.0,131,2156,2023
33,4212,1,0.0,132,2166,2046
18,4230,1,0.0,133,2170,2060
29,4259,1,0.0,134,2175,2084
40,4299,1,0.0,135,2185,2114
16,4315,1,0.0,136,2189,2126
13,4328,1,0.0,137,2190,2138
28,4356,1,0.0,138,2197,2159
35,4391,1,0.0,139,2211,2180
7,4398,1,0.0,140,2213,2185
13,4411,1,0.0,141,2218,2193
54,4465,1,0.0,142,2233,2232
78,4543,1,0.0,143,2247,2296
36,4579,1,0.0,144,2251,2328
9,4588,1,0.0,145,2253,2335
12,4600,1,0.0,146,2254,2346
15,4615,1,0.0,147,2257,2358
28,4643,1,0.0,148,2264,2379
30,4673,1,0.0,149,2268,2405
22,4695,1,0.0,150,2274,2421
42,4737,1,0.0,151,2283,2454
24,4761,1,0.0,152,2289,2472
32,4793,1,0.0,153,2296,2497
10,4803,1,0.0,154,2298,2505
32,4835,1,0.0,155,2305,2530
5,4840,1,0.0,156,2308,2532
9,4849,1,0.0,157,2309,2540
36,4885,1,0.0,158,2314,2571
26,4911,1,0.0,159,2320,2591
18,4929,1,0.0,160,2326,2603
84,5013,1,0.0,161,2341,2672
19,5032,1,0.0,162,2344,2688
34,5066,1,0.0,163,2349,2717
73,5139,1,0.0,164,2360,2779
26,5165,1,0.0,165,2373,2792
17,5182,1,0.0,166,2377,2805
71,5253,1,0.0,167,2390,2863
47,5300,1,0.0,168,2402,2898
15,5315,1,0.0,169,2407,2908
23,5338,1,0.0,170,2411,2927
18,5356,1,0.0,171,2414,2942
39,5395,1,0.0,172,2422,2973
30,5425,1,0.0,173,2426,2999
24,5449,1,0.0,174,2431,3018
24,5473,1,0.0,175,2438,3035
67,5540,1,0.0,176,2452,3088
20,5560,1,0.0,177,2457,3103
10,5570,1,0.0,178,2459,3111
76,5646,1,0.0,179,2478,3168
17,5663,1,0.0,180,2483,3180
7,5670,1,0.0,181,2485,3185
14,5684,1,0.0,182,2486,3198
26,5710,1,0.0,183,2490,3220
14,5724,1,0.0,184,2492,3232
100,5824,1,0.0,185,2516,3308
48,5872,1,0.0,186,2531,3341
16,5888,1,0.0,187,2534,3354
20,5908,1,0.0,188,2537,3371
7,5915,1,0.0,189,2538,3377
65,5980,1,0.0,190,2551,3429
19,5999,1,0.0,191,2556,3443
16,6015,1,0.0,192,2558,3457
20,6035,1,0.0,193,2562,3473
38,6073,1,0.0,194,2571,3502
36,6109,1,0.0,195,2576,3533
38,6147,1,0.0,196,2584,3563
35,6182,1,0.0,197,2592,3590
32,6214,1,0.0,198,2598,3616
61,6275,1,0.0,199,2608,3667
26,6301,1,0.0,200,2613,3688
84,6385,1,0.0,201,2632,3753
57,6442,1,0.0,202,2641,3801
36,6478,1,0.0,203,2649,3829
83,6561,1,0.0,204,2662,3899
41,6602,1,0.0,205,2671,3931
26,6628,1,0.0,206,2680,3948
11,6639,1,0.0,207,2682,3957
18,6657,1,0.0,208,2685,3972
19,6676,1,0.0,209,2689,3987
39,6715,1,0.0,210,2700,4015
34,6749,1,0.0,211,2710,4039
41,6790,1,0.0,212,2722,4068
42,6832,1,0.0,213,2730,4102
19,6851,1,0.0,214,2734,4117
14,6865,1,0.0,215,2736,4129
35,6900,1,0.0,216,2740,4160
15,6915,1,0.0,217,2746,4169
31,6946,1,0.0,218,2755,4191
35,6981,1,0.0,219,2764,4217
22,7003,1,0.0,220,2769,4234
11,7014,1,0.0,221,2771,4243
31,7045,1,0.0,222,2776,4269
39,7084,1,0.0,223,2784,4300
13,7097,1,0.0,224,2785,4312
12,7109,1,0.0,225,2786,4323
20,7129,1,0.0,226,2788,4341
47,7176,1,0.0,227,2800,4376
25,7201,1,0.0,228,2808,4393
38,7239,1,0.0,229,2814,4425
32,7271,1,0.0,230,2822,4449
20,7291,1,0.0,231,2827,4464
12,7303,1,0.0,232,2830,4473
16,7319,1,0.0,233,2832,4487
43,7362,1,0.0,234,2844,4518
16,7378,1,0.0,235,2848,4530
24,7402,1,0.0,236,2853,4549
8,7410,1,0.0,237,2853,4557
16,7426,1,0.0,238,2858,4568
100,7526,1,0.0,239,2879,4647
42,7568,1,0.0,240,2889,4679
66,7634,1,0.0,241,2906,4728
13,7647,1,0.0,242,2910,4737
25,7672,1,0.0,243,2917,4755
33,7705,1,0.0,244,2926,4779
23,7728,1,0.0,245,2931,4797
31,7759,1,0.0,246,2936,4823
22,7781,1,0.0,247,2940,4841
12,7793,1,0.0,248,2944,4849
7,7800,1,0.0,249,2946,4854
22,7822,1,0.0,250,2951,4871
20,7842,1,0.0,251,2955,4887
16,7858,1,0.0,252,2958,4900
52,7910,1,0.0,253,2976,4934
21,7931,1,0.0,254,2982,4949
31,7962,1,0.0,255,2989,4973
58,8020,1,0.0,256,3006,5014
76,8096,1,0.0,257,3029,5067
10,8106,1,0.0,258,3033,5073
29,8135,1,0.0,259,3038,5097
60,8195,1,0.0,260,3046,5149
26,8221,1,0.0,261,3050,5171
38,8259,1,0.0,262,3064,5195
10,8269,1,0.0,263,3067,5202
11,8280,1,0.0,264,3071,5209
30,8310,1,0.0,265,3080,5230
98,8408,1,0.0,266,3098,5310
5,8413,1,0.0,267,3098,5315
14,8427,1,0.0,268,3103,5324
26,8453,1,0.0,269,3111,5342
16,8469,1,0.0,270,3112,5357
48,8517,1,0.0,271,3113,5404
9,8526,1,0.0,272,3115,5411
24,8550,1,0.0,273,3121,5429
17,8567,1,0.0,274,3122,5445
7,8574,1,0.0,275,3123,5451
23,8597,1,0.0,276,3129,5468
22,8619,1,0.0,277,3130,5489
14,8633,1,0.0,278,3132,5501
21,8654,1,0.0,279,3133,5521
22,8676,1,0.0,280,3135,5541
16,8692,1,0.0,281,3137,5555
19,8711,1,0.0,282,3139,5572
57,8768,1,0.0,283,3146,5622
5,8773,1,0.0,284,3148,5625
27,8800,1,0.0,285,3154,5646
43,8843,1,0.0,286,3157,5686
25,8868,1,0.0,287,3161,5707
22,8890,1,0.0,288,3162,5728
18,8908,1,0.0,289,3165,5743
10,8918,1,0.0,290,3166,5752
31,8949,1,0.0,291,3172,5777
22,8971,1,0.0,292,3175,5796
43,9014,1,0.0,293,3181,5833
45,9059,1,0.0,294,3187,5872
72,9131,1,0.0,295,3198,5933
57,9188,1,0.0,296,3204,5984
33,9221,1,0.0,297,3208,6013
24,9245,1,0.0,298,3211,6034
42,9287,1,0.0,299,3215,6072
64,9351,1,0.0,300,3223,6128
8,9359,1,0.0,301,3224,6135
20,9379,1,0.0,302,3226,6153
40,9419,1,0.0,303,3229,6190
28,9447,1,0.0,304,3231,6216
31,9478,1,0.0,305,3242,6236
12,9490,1,0.0,306,3243,6247
19,9509,1,0.0,307,3244,6265
10,9519,1,0.0,308,3245,6274
11,9530,1,0.0,309,3245,6285
19,9549,1,0.0,310,3246,6303
47,9596,1,0.0,311,3250,6346
10,9606,1,0.0,312,3251,6355
19,9625,1,0.0,313,3253,6372
24,9649,1,0.0,314,3255,6394
8,9657,1,0.0,315,3257,6400
15,9672,1,0.0,316,3258,6414
22,9694,1,0.0,317,3259,6435
21,9715,1,0.0,318,3261,6454
66,9781,1,0.0,319,3273,6508
21,9802,1,0.0,320,3278,6524
100,9902,1,0.0,321,3293,6609
12,9914,1,0.0,322,3293,6621
21,9935,1,0.0,323,3295,6640
14,9949,1,0.0,324,3296,6653
55,10004,1,0.0,325,3302,6702
57,10061,1,0.0,326,3309,6752
27,10088,1,0.0,327,3312,6776
31,10119,1,0.0,328,3319,6800
12,10131,1,0.0,329,3321,6810
10,10141,1,0.0,330,3323,6818
31,10172,1,0.0,331,3327,6845
28,10200,1,0.0,332,3329,6871
46,10246,1,0.0,333,3337,6909
23,10269,1,0.0,334,3339,6930
7,10276,1,0.0,335,3341,6935
12,10288,1,0.0,336,3341,6947
23,10311,1,0.0,337,3343,6968
11,10322,1,0.0,338,3346,6976
29,10351,1,0.0,339,3351,7000
24,10375,1,0.0,340,3355,7020
59,10434,1,0.0,341,3362,7072
41,10475,1,0.0,342,3367,7108
60,10535,1,0.0,343,3373,7162
14,10549,1,0.0,344,3376,7173
38,10587,1,0.0,345,3378,7209
35,10622,1,0.0,346,3387,7235
39,10661,1,0.0,347,3395,7266
14,10675,1,0.0,348,3397,7278
32,10707,1,0.0,349,3403,7304
10,10717,1,0.0,350,3404,7313
37,10754,1,0.0,351,3406,7348
44,10798,1,0.0,352,3410,7388
25,10823,1,0.0,353,3414,7409
54,10877,1,0.0,354,3421,7456
10,10887,1,0.0,355,3421,7466
7,10894,1,0.0,356,3422,7472
66,10960,1,0.0,357,3432,7528
8,10968,1,0.0,358,3435,7533
28,10996,1,0.0,359,3439,7557
10,11006,1,0.0,360,3442,7564
30,11036,1,0.0,361,3447,7589
16,11052,1,0.0,362,3449,7603
30,11082,1,0.0,363,3453,7629
7,11089,1,0.0,364,3456,7633
23,11112,1,0.0,365,3457,7655
20,11132,1,0.0,366,3460,7672
58,11190,1,0.0,367,3464,7726
28,11218,1,0.0,368,3467,7751
27,11245,1,0.0,369,3471,7774
43,11288,1,0.0,370,3477,7811
100,11388,1,0.0,371,3493,7895
21,11409,1,0.0,372,3495,7914
24,11433,1,0.0,373,3498,7935
51,11484,1,0.0,374,3503,7981
29,11513,1,0.0,375,3505,8008
13,11526,1,0.0,376,3507,8019
19,11545,1,0.0,377,3511,8034
19,11564,1,0.0,378,3514,8050
9,11573,1,0.0,379,3514,8059
11,11584,1,0.0,380,3514,8070
11,11595,1,0.0,381,3515,8080
23,11618,1,0.0,382,3516,8102
21,11639,1,0.0,383,3516,8123
36,11675,1,0.0,384,3522,8153
25,11700,1,0.0,385,3525,8175
25,11725,1,0.0,386,3530,8195
18,11743,1,0.0,387,3535,8208
68,11811,1,0.0,388,3538,8273
11,11822,1,0.0,389,3538,8284
37,11859,1,0.0,390,3544,8315
12,11871,1,0.0,391,3546,8325
28,11899,1,0.0,392,3548,8351
74,11973,1,0.0,393,3559,8414
14,11987,1,0.0,394,3563,8424
20,12007,1,0.0,395,3565,8442
31,12038,1,0.0,396,3571,8467
18,12056,1,0.0,397,3575,8481
32,12088,1,0.0,398,3576,8512
28,12116,1,0.0,399,3580,8536
11,12127,1,0.0,400,3581,8546
15,12142,1,0.0,401,3584,8558
16,12158,1,0.0,402,3587,8571
66,12224,1,0.0,403,3601,8623
10,12234,1,0.0,404,3603,8631
25,12259,1,0.0,405,3608,8651
35,12294,1,0.0,406,3611,8683
17,12311,1,0.0,407,3614,8697
19,12330,1,0.0,408,3616,8714
81,12411,1,0.0,409,3629,8782
8,12419,1,0.0,410,3631,8788
15,12434,1,0.0,411,3632,8802
21,12455,1,0.0,412,3635,8820
50,12505,1,0.0,413,3642,8863
63,12568,1,0.0,414,3652,8916
25,12593,1,0.0,415,3657,8936
34,12627,1,0.0,416,3662,8965
35,12662,1,0.0,417,3668,8994
17,12679,1,0.0,418,3670,9009
9,12688,1,0.0,419,3672,9016
100,12788,1,0.0,420,3688,9100
16,12804,1,0.0,421,3690,9114
61,12865,1,0.0,422,3698,9167
72,12937,1,0.0,423,3712,9225
37,12974,1,0.0,424,3715,9259
41,13015,1,0.0,425,3722,9293
72,13087,1,0.0,426,3729,9358
39,13126,1,0.0,427,3738,9388
19,13145,1,0.0,428,3742,9403
59,13204,1,0.0,429,3750,9454
49,13253,1,0.0,430,3758,9495
13,13266,1,0.0,431,3761,9505
40,13306,1,0.0,432,3766,9540
19,13325,1,0.0,433,3771,9554
26,13351,1,0.0,434,3778,9573
43,13394,1,0.0,435,3784,9610
9,13403,1,0.0,436,3784,9619
54,13457,1,0.0,437,3791,9666
16,13473,1,0.0,438,3792,9681
35,13508,1,0.0,439,3797,9711
39,13547,1,0.0,440,3806,9741
12,13559,1,0.0,441,3808,9751
6,13565,1,0.0,442,3809,9756
74,13639,1,0.0,443,3824,9815
86,13725,1,0.0,444,3831,9894
64,13789,1,0.0,445,3839,9950
10,13799,1,0.0,446,3841,9958
37,13836,1,0.0,447,3847,9989
46,13882,1,0.0,448,3851,10031
31,13913,1,0.0,449,3852,10061
77,13990,1,0.0,450,3864,10126
33,14023,1,0.0,451,3867,10156
89,14112,1,0.0,452,3878,10234
32,14144,1,0.0,453,3881,10263
41,14185,1,0.0,454,3883,10302
22,14207,1,0.0,455,3889,10318
30,14237,1,0.0,456,3893,10344
10,14247,1,0.0,457,3894,10353
39,14286,1,0.0,458,3900,10386
27,14313,1,0.0,459,3903,10410
15,14328,1,0.0,460,3905,10423
13,14341,1,0.0,461,3907,10434
14,14355,1,0.0,462,3907,10448
8,14363,1,0.0,463,3909,10454
45,14408,1,0.0,464,3914,10494
100,14508,1,0.0,465,3924,10584
32,14540,1,0.0,466,3927,10613
16,14556,1,0.0,467,3928,10628
38,14594,1,0.0,468,3935,10659
27,14621,1,0.0,469,3941,10680
12,14633,1,0.0,470,3942,10691
22,14655,1,0.0,471,3945,10710
12,14667,1,0.0,472,3946,10721
12,14679,1,0.0,473,3947,10732
74,14753,1,0.0,474,3954,10799
47,14800,1,0.0,475,3962,10838
30,14830,1,0.0,476,3965,10865
43,14873,1,0.0,477,3969,10904
17,14890,1,0.0,478,3972,10918
15,14905,1,0.0,479,3976,10929
22,14927,1,0.0,480,3980,10947
26,14953,1,0.0,481,3985,10968
58,15011,1,0.0,482,3991,11020
13,15024,1,0.0,483,3994,11030
50,15074,1,0.0,484,4000,11074
81,15155,1,0.0,485,4010,11145
27,15182,1,0.0,486,4012,11170
7,15189,1,0.0,487,4013,11176
34,15223,1,0.0,488,4016,11207
17,15240,1,0.0,489,4019,11221
40,15280,1,0.0,490,4026,11254
100,15380,1,0.0,491,4038,11342
30,15410,1,0.0,492,4041,11369
49,15459,1,0.0,493,4047,11412
52,15511,1,0.0,494,4055,11456
22,15533,1,0.0,495,4056,11477
51,15584,1,0.0,496,4071,11513
55,15639,1,0.0,497,4077,11562
24,15663,1,0.0,498,4080,11583
27,15690,1,0.0,499,4085,11605
33,15723,1,0.0,500,4089,11634
19,15742,1,0.0,501,4089,11653
36,15778,1,0.0,502,4092,11686
25,15803,1,0.0,503,4093,11710
11,15814,1,0.0,504,4096,11718
59,15873,1,0.0,505,4105,11768
10,15883,1,0.0,506,4107,11776
15,15898,1,0.0,507,4108,11790
23,15921,1,0.0,508,4108,11813
50,15971,1,0.0,509,4114,11857
19,15990,1,0.0,510,4117,11873
26,16016,1,0.0,511,4120,11896
30,16046,1,0.0,512,4123,11923
24,16070,1,0.0,513,4126,11944
11,16081,1,0.0,514,4126,11955
28,16109,1,0.0,515,4128,11981
17,16126,1,0.0,516,4128,11998
25,16151,1,0.0,517,4131,12020
22,16173,1,0.0,518,4132,12041
15,16188,1,0.0,519,4132,12056
12,16200,1,0.0,520,4132,12068
43,16243,1,0.0,521,4135,12108
58,16301,1,0.0,522,4138,12163
14,16315,1,0.0,523,4138,12177
100,16415,1,0.0,524,4141,12274
45,16460,1,0.0,525,4147,12313
35,16495,1,0.0,526,4149,12346
22,16517,1,0.0,527,4150,12367
32,16549,1,0.0,528,4153,12396
30,16579,1,0.0,529,4153,12426
18,16597,1,0.0,530,4153,12444
59,16656,1,0.0,531,4157,12499
17,16673,1,0.0,532,4157,12516
17,16690,1,0.0,533,4158,12532
7,16697,1,0.0,534,4161,12536
19,16716,1,0.0,535,4162,12554
32,16748,1,0.0,536,4165,12583
16,16764,1,0.0,537,4167,12597
46,16810,1,0.0,538,4171,12639
37,16847,1,0.0,539,4174,12673
32,16879,1,0.0,540,4176,12703
82,16961,1,0.0,541,4177,12784
44,17005,1,0.0,542,4178,12827
24,17029,1,0.0,543,4181,12848
17,17046,1,0.0,544,4182,12864
15,17061,1,0.0,545,4184,12877
11,17072,1,0.0,546,4184,12888
58,17130,1,0.0,547,4184,12946
24,17154,1,0.0,548,4184,12970
67,17221,1,0.0,549,4189,13032
5,17226,1,0.0,550,4189,13037
14,17240,1,0.0,551,4192,13048
46,17286,1,0.0,552,4197,13089
84,17370,1,0.0,553,4200,13170
22,17392,1,0.0,554,4201,13191
33,17425,1,0.0,555,4204,13221
47,17472,1,0.0,556,4205,13267
50,17522,1,0.0,557,4211,13311
17,17539,1,0.0,558,4211,13328
67,17606,1,0.0,559,4212,13394
26,17632,1,0.0,560,4213,13419
18,17650,1,0.0,561,4214,13436
10,17660,1,0.0,562,4214,13446
34,17694,1,0.0,563,4215,13479
98,17792,1,0.0,564,4218,13574
8,17800,1,0.0,565,4218,13582
15,17815,1,0.0,566,4219,13596
21,17836,1,0.0,567,4220,13616
35,17871,1,0.0,568,4221,13650
16,17887,1,0.0,569,4223,13664
14,17901,1,0.0,570,4223,13678
18,17919,1,0.0,571,4224,13695
38,17957,1,0.0,572,4225,13732
13,17970,1,0.0,573,4225,13745
44,18014,1,0.0,574,4226,13788
37,18051,1,0.0,575,4229,13822
64,18115,1,0.0,576,4233,13882
38,18153,1,0.0,577,4235,13918
34,18187,1,0.0,578,4236,13951
10,18197,1,0.0,579,4237,13960
25,18222,1,0.0,580,4238,13984
12,18234,1,0.0,581,4238,13996
12,18246,1,0.0,582,4238,14008
28,18274,1,0.0,583,4239,14035
16,18290,1,0.0,584,4240,14050
24,18314,1,0.0,585,4244,14070
18,18332,1,0.0,586,4244,14088
46,18378,1,0.0,587,4244,14134
17,18395,1,0.0,588,4245,14150
28,18423,1,0.0,589,4246,14177
26,18449,1,0.0,590,4248,14201
19,18468,1,0.0,591,4249,14219
23,18491,1,0.0,592,4252,14239
100,18591,1,0.0,593,4256,14335
25,18616,1,0.0,594,4258,14358
25,18641,1,0.0,595,4258,14383
46,18687,1,0.0,596,4258,14429
8,18695,1,0.0,597,4258,14437
36,18731,1,0.0,598,4260,14471
8,18739,1,0.0,599,4261,14478
24,18763,1,0.0,600,4263,14500
10,18773,1,0.0,601,4264,14509
9,18782,1,0.0,602,4266,14516
40,18822,1,0.0,603,4270,14552
20,18842,1,0.0,604,4271,14571
24,18866,1,0.0,605,4272,14594
95,18961,1,0.0,606,4277,14684
39,19000,1,0.0,607,4280,14720
25,19025,1,0.0,608,4280,14745
51,19076,1,0.0,609,4281,14795
19,19095,1,0.0,610,4282,14813
8,19103,1,0.0,611,4282,14821
29,19132,1,0.0,612,4282,14850
18,19150,1,0.0,613,4283,14867
58,19208,1,0.0,614,4285,14923
29,19237,1,0.0,615,4286,14951
15,19252,1,0.0,616,4287,14965
36,19288,1,0.0,617,4289,14999
23,19311,1,0.0,618,4289,15022
12,19323,1,0.0,619,4289,15034
84,19407,1,0.0,620,4293,15114
39,19446,1,0.0,621,4294,15152
12,19458,1,0.0,622,4295,15163
36,19494,1,0.0,623,4296,15198
23,19517,1,0.0,624,4298,15219
14,19531,1,0.0,625,4300,15231
24,19555,1,0.0,626,4301,15254
21,19576,1,0.0,627,4301,15275
10,19586,1,0.0,628,4301,15285
78,19664,1,0.0,629,4307,15357
100,19764,1,0.0,630,4310,15454
13,19777,1,0.0,631,4311,15466
15,19792,1,0.0,632,4312,15480
16,19808,1,0.0,633,4314,15494
14,19822,1,0.0,634,4314,15508
34,19856,1,0.0,635,4317,15539
9,19865,1,0.0,636,4317,15548
15,19880,1,0.0,637,4319,15561
34,19914,1,0.0,638,4320,15594
29,19943,1,0.0,639,4323,15620
19,19962,1,0.0,640,4324,15638
11,19973,1,0.0,641,4324,15649
39,20012,1,0.0,642,4325,15687
60,20072,1,0.0,643,4330,15742
13,20085,1,0.0,644,4332,15753
10,20095,1,0.0,645,4332,15763
70,20165,1,0.0,646,4335,15830
35,20200,1,0.0,647,4335,15865
14,20214,1,0.0,648,4335,15879
19,20233,1,0.0,649,4338,15895
5,20238,1,0.0,650,4338,15900
10,20248,1,0.0,651,4339,15909
29,20277,1,0.0,652,4340,15937
13,20290,1,0.0,653,4340,15950
15,20305,1,0.0,654,4341,15964
86,20391,1,0.0,655,4344,16047
13,20404,1,0.0,656,4344,16060
30,20434,1,0.0,657,4345,16089
37,20471,1,0.0,658,4348,16123
21,20492,1,0.0,659,4349,16143
23,20515,1,0.0,660,4349,16166
12,20527,1,0.0,661,4350,16177
22,20549,1,0.0,662,4352,16197
16,20565,1,0.0,663,4353,16212
13,20578,1,0.0,664,4353,16225
28,20606,1,0.0,665,4356,16250
7,20613,1,0.0,666,4356,16257
27,20640,1,0.0,667,4356,16284
7,20647,1,0.0,668,4356,16291
15,20662,1,0.0,669,4356,16306
19,20681,1,0.0,670,4356,16325
25,20706,1,0.0,671,4357,16349
42,20748,1,0.0,672,4357,16391
13,20761,1,0.0,673,4358,16403
47,20808,1,0.0,674,4361,16447
56,20864,1,0.0,675,4363,16501
26,20890,1,0.0,676,4364,16526
12,20902,1,0.0,677,4364,16538
7,20909,1,0.0,678,4365,16544
34,20943,1,0.0,679,4365,16578
10,20953,1,0.0,680,4366,16587
54,21007,1,0.0,681,4367,16640
30,21037,1,0.0,682,4369,16668
17,21054,1,0.0,683,4369,16685
24,21078,1,0.0,684,4369,16709
24,21102,1,0.0,685,4371,16731
6,21108,1,0.0,686,4371,16737
23,21131,1,0.0,687,4372,16759
17,21148,1,0.0,688,4372,16776
94,21242,1,0.0,689,4378,16864
32,21274,1,0.0,690,4380,16894
45,21319,1,0.0,691,4382,16937
29,21348,1,0.0,692,4384,16964
90,21438,1,0.0,693,4386,17052
34,21472,1,0.0,694,4388,17084
57,21529,1,0.0,695,4391,17138
40,21569,1,0.0,696,4393,17176
71,21640,1,0.0,697,4396,17244
25,21665,1,0.0,698,4397,17268
43,21708,1,0.0,699,4398,17310
20,21728,1,0.0,700,4399,17329
27,21755,1,0.0,701,4399,17356
42,21797,1,0.0,702,4400,17397
11,21808,1,0.0,703,4400,17408
52,21860,1,0.0,704,4401,17459
10,21870,1,0.0,705,4402,17468
53,21923,2,1.0,706,4403,17520
58,21981,2,0.0,707,4403,17578
15,21996,2,0.0,708,4403,17593
28,22024,2,0.0,709,4403,17621
19,22043,2,0.0,710,4403,17640
10,22053,2,0.0,711,4403,17650
49,22102,2,0.0,712,4403,17699
37,22139,2,0.0,713,4403,17736
58,22197,2,0.0,714,4403,17794
43,22240,2,0.0,715,4403,17837
17,22257,2,0.0,716,4403,17854
8,22265,2,0.0,717,4403,17862
31,22296,2,0.0,718,4403,17893
10,22306,2,0.0,719,4404,17902
30,22336,2,0.0,720,4404,17932
29,22365,2,0.0,721,4404,17961
7,22372,2,0.0,722,4404,17968
62,22434,2,0.0,723,4404,18030
20,22454,2,0.0,724,4404,18050
61,22515,2,0.0,725,4404,18111
25,22540,2,0.0,726,4404,18136
14,22554,2,0.0,727,4404,18150
23,22577,2,0.0,728,4404,18173
53,22630,2,0.0,729,4404,18226
21,22651,2,0.0,730,4404,18247
67,22718,2,0.0,731,4404,18314
12,22730,2,0.0,732,4404,18326
18,22748,2,0.0,733,4404,18344
68,22816,2,0.0,734,4404,18412
9,22825,2,0.0,735,4404,18421
28,22853,2,0.0,736,4404,18449
16,22869,2,0.0,737,4404,18465
71,22940,2,0.0,738,4404,18536
16,22956,2,0.0,739,4404,18552
28,22984,2,0.0,740,4404,18580
23,23007,2,0.0,741,4404,18603
36,23043,2,0.0,742,4404,18639
14,23057,2,0.0,743,4404,18653
40,23097,2,0.0,744,4404,18693
20,23117,2,0.0,745,4404,18713
16,23133,2,0.0,746,4404,18729
19,23152,2,0.0,747,4404,18748
42,23194,2,0.0,748,4404,18790
42,23236,3,1.0,749,4404,18832
78,23314,3,0.0,750,4404,18910
92,23406,3,0.0,751,4404,19002
16,23422,3,0.0,752,4404,19018
23,23445,3,0.0,753,4404,19041
55,23500,3,0.0,754,4404,19096
100,23600,3,0.0,755,4404,19196
12,23612,3,0.0,756,4404,19208
40,23652,3,0.0,757,4404,19248
30,23682,4,1.0,758,4404,19278
99,23781,4,0.0,759,4404,19377
29,23810,4,0.0,760,4404,19406
29,23839,4,0.0,761,4404,19435
11,23850,4,0.0,762,4404,19446
14,23864,4,0.0,763,4404,19460
27,23891,4,0.0,764,4404,19487
24,23915,4,0.0,765,4404,19511
30,23945,4,0.0,766,4404,19541
18,23963,4,0.0,767,4404,19559
51,24014,5,1.0,768,4404,19610
18,24032,5,0.0,769,4404,19628
29,24061,5,0.0,770,4404,19657
21,24082,5,0.0,771,4404,19678
23,24105,5,0.0,772,4404,19701
54,24159,5,0.0,773,4404,19755
11,24170,5,0.0,774,4404,19766
34,24204,5,0.0,775,4404,19800
14,24218,5,0.0,776,4404,19814
21,24239,5,0.0,777,4404,19835
13,24252,5,0.0,778,4404,19848
25,24277,5,0.0,779,4404,19873
26,24303,5,0.0,780,4404,19899
6,24309,5,0.0,781,4404,19905
16,24325,5,0.0,782,4404,19921
7,24332,5,0.0,783,4404,19928
12,24344,5,0.0,784,4404,19940
31,24375,5,0.0,785,4404,19971
24,24399,6,1.0,786,4404,19995
14,24413,6,0.0,787,4404,20009
26,24439,6,0.0,788,4404,20035
77,24516,6,0.0,789,4404,20112
32,24548,6,0.0,790,4404,20144
21,24569,6,0.0,791,4404,20165
16,24585,6,0.0,792,4404,20181
11,24596,6,0.0,793,4404,20192
22,24618,6,0.0,794,4404,20214
13,24631,6,0.0,795,4404,20227
21,24652,6,0.0,796,4404,20248
32,24684,6,0.0,797,4404,20280
60,24744,6,0.0,798,4404,20340
36,24780,6,0.0,799,4404,20376
73,24853,6,0.0,800,4404,20449
22,24875,6,0.0,801,4404,20471
12,24887,6,0.0,802,4404,20483
31,24918,6,0.0,803,4404,20514
50,24968,6,0.0,804,4404,20564
17,24985,6,0.0,805,4404,20581
11,24996,6,0.0,806,4404,20592
41,25037,6,0.0,807,4404,20633
9,25046,6,0.0,808,4404,20642
32,25078,6,0.0,809,4404,20674
10,25088,6,0.0,810,4404,20684
18,25106,6,0.0,811,4404,20702
10,25116,6,0.0,812,4404,20712
22,25138,6,0.0,813,4404,20734
16,25154,6,0.0,814,4404,20750
33,25187,6,0.0,815,4404,20783
34,25221,6,0.0,816,4404,20817
26,25247,6,0.0,817,4404,20843
18,25265,6,0.0,818,4404,20861
13,25278,6,0.0,819,4404,20874
22,25300,6,0.0,820,4404,20896
20,25320,6,0.0,821,4404,20916
60,25380,6,0.0,822,4404,20976
18,25398,6,0.0,823,4404,20994
72,25470,6,0.0,824,4404,21066
8,25478,6,0.0,825,4404,21074
72,25550,6,0.0,826,4404,21146
36,25586,6,0.0,827,4404,21182
44,25630,6,0.0,828,4404,21226
74,25704,6,0.0,829,4404,21300
35,25739,6,0.0,830,4404,21335
42,25781,6,0.0,831,4404,21377
46,25827,6,0.0,832,4404,21423
44,25871,6,0.0,833,4404,21467
64,25935,6,0.0,834,4404,21531
87,26022,6,0.0,835,4404,21618
25,26047,6,0.0,836,4404,21643
19,26066,6,0.0,837,4404,21662
18,26084,6,0.0,838,4404,21680
13,26097,6,0.0,839,4404,21693
37,26134,6,0.0,840,4404,21730
46,26180,6,0.0,841,4404,21776
23,26203,6,0.0,842,4404,21799
8,26211,6,0.0,843,4404,21807
35,26246,6,0.0,844,4404,21842
19,26265,6,0.0,845,4404,21861
100,26365,6,0.0,846,4404,21961
52,26417,7,1.0,847,4404,22013
36,26453,7,0.0,848,4404,22049
8,26461,7,0.0,849,4404,22057
37,26498,7,0.0,850,4404,22094
12,26510,7,0.0,851,4404,22106
11,26521,7,0.0,852,4404,22117
62,26583,7,0.0,853,4404,22179
69,26652,7,0.0,854,4404,22248
26,26678,7,0.0,855,4404,22274
31,26709,7,0.0,856,4404,22305
28,26737,7,0.0,857,4404,22333
56,26793,7,0.0,858,4404,22389
38,26831,7,0.0,859,4404,22427
29,26860,7,0.0,860,4404,22456
11,26871,7,0.0,861,4404,22467
14,26885,7,0.0,862,4404,22481
17,26902,7,0.0,863,4404,22498
16,26918,7,0.0,864,4404,22514
70,26988,7,0.0,865,4404,22584
12,27000,7,0.0,866,4404,22596
53,27053,7,0.0,867,4404,22649
32,27085,7,0.0,868,4404,22681
44,27129,7,0.0,869,4404,22725
36,27165,7,0.0,870,4404,22761
14,27179,7,0.0,871,4404,22775
53,27232,7,0.0,872,4404,22828
17,27249,7,0.0,873,4404,22845
9,27258,7,0.0,874,4404,22854
39,27297,7,0.0,875,4404,22893
55,27352,7,0.0,876,4404,22948
58,27410,7,0.0,877,4404,23006
37,27447,7,0.0,878,4404,23043
13,27460,7,0.0,879,4404,23056
26,27486,7,0.0,880,4404,23082
10,27496,7,0.0,881,4404,23092
24,27520,7,0.0,882,4404,23116
29,27549,7,0.0,883,4404,23145
32,27581,7,0.0,884,4404,23177
27,27608,7,0.0,885,4404,23204
32,27640,7,0.0,886,4404,23236
6,27646,7,0.0,887,4404,23242
24,27670,7,0.0,888,4404,23266
9,27679,7,0.0,889,4404,23275
38,27717,8,1.0,890,4404,23313
22,27739,8,0.0,891,4404,23335
21,27760,8,0.0,892,4404,23356
15,27775,8,0.0,893,4404,23371
52,27827,9,1.0,894,4404,23423
60,27887,9,0.0,895,4404,23483
35,27922,10,1.0,896,4404,23518
5,27927,10,0.0,897,4404,23523
10,27937,10,0.0,898,4404,23533
16,27953,10,0.0,899,4404,23549
14,27967,10,0.0,900,4404,23563
73,28040,10,0.0,901,4404,23636
34,28074,10,0.0,902,4404,23670
15,28089,10,0.0,903,4404,23685
5,28094,10,0.0,904,4404,23690
18,28112,11,1.0,905,4404,23708
37,28149,11,0.0,906,4404,23745
27,28176,11,0.0,907,4404,23772
43,28219,12,1.0,908,4404,23815
16,28235,12,0.0,909,4404,23831
21,28256,12,0.0,910,4404,23852
9,28265,12,0.0,911,4404,23861
20,28285,12,0.0,912,4404,23881
27,28312,12,0.0,913,4404,23908
34,28346,12,0.0,914,4404,23942
32,28378,12,0.0,915,4404,23974
30,28408,12,0.0,916,4404,24004
72,28480,13,1.0,917,4404,24076
51,28531,13,0.0,918,4404,24127
13,28544,13,0.0,919,4404,24140
12,28556,13,0.0,920,4404,24152
25,28581,13,0.0,921,4404,24177
29,28610,13,0.0,922,4404,24206
50,28660,13,0.0,923,4404,24256
16,28676,13,0.0,924,4404,24272
32,28708,13,0.0,925,4404,24304
23,28731,13,0.0,926,4404,24327
10,28741,13,0.0,927,4404,24337
20,28761,13,0.0,928,4404,24357
27,28788,13,0.0,929,4404,24384
45,28833,13,0.0,930,4404,24429
44,28877,13,0.0,931,4404,24473
24,28901,13,0.0,932,4404,24497
10,28911,13,0.0,933,4404,24507
24,28935,13,0.0,934,4404,24531
26,28961,13,0.0,935,4404,24557
9,28970,13,0.0,936,4404,24566
76,29046,13,0.0,937,4404,24642
11,29057,13,0.0,938,4404,24653
11,29068,13,0.0,939,4404,24664
29,29097,13,0.0,940,4404,24693
30,29127,13,0.0,941,4404,24723
48,29175,13,0.0,942,4404,24771
21,29196,13,0.0,943,4404,24792
20,29216,13,0.0,944,4404,24812
14,29230,13,0.0,945,4404,24826
25,29255,13,0.0,946,4404,24851
32,29287,13,0.0,947,4404,24883
15,29302,13,0.0,948,4404,24898
25,29327,13,0.0,949,4404,24923
22,29349,13,0.0,950,4404,24945
10,29359,13,0.0,951,4404,24955
83,29442,13,0.0,952,4404,25038
23,29465,13,0.0,953,4404,25061
22,29487,13,0.0,954,4404,25083
56,29543,13,0.0,955,4404,25139
29,29572,13,0.0,956,4404,25168
27,29599,13,0.0,957,4404,25195
58,29657,13,0.0,958,4404,25253
31,29688,13,0.0,959,4404,25284
24,29712,13,0.0,960,4404,25308
22,29734,13,0.0,961,4404,25330
58,29792,14,1.0,962,4404,25388
29,29821,14,0.0,963,4404,25417
20,29841,14,0.0,964,4404,25437
35,29876,14,0.0,965,4404,25472
9,29885,14,0.0,966,4404,25481
14,29899,14,0.0,967,4404,25495
10,29909,14,0.0,968,4404,25505
51,29960,14,0.0,969,4404,25556
26,29986,14,0.0,970,4404,25582
25,30011,14,0.0,971,4404,25607
7,30018,14,0.0,972,4404,25614
42,30060,14,0.0,973,4404,25656
28,30088,14,0.0,974,4404,25684
9,30097,14,0.0,975,4404,25693
18,30115,14,0.0,976,4404,25711
6,30121,14,0.0,977,4404,25717
33,30154,14,0.0,978,4404,25750
23,30177,14,0.0,979,4404,25773
25,30202,14,0.0,980,4404,25798
39,30241,14,0.0,981,4404,25837
68,30309,14,0.0,982,4404,25905
83,30392,14,0.0,983,4404,25988
15,30407,14,0.0,984,4404,26003
63,30470,15,1.0,985,4404,26066
47,30517,15,0.0,986,4404,26113
22,30539,15,0.0,987,4404,26135
13,30552,15,0.0,988,4404,26148
47,30599,15,0.0,989,4404,26195
11,30610,15,0.0,990,4404,26206
28,30638,16,1.0,991,4404,26234
25,30663,16,0.0,992,4404,26259
32,30695,16,0.0,993,4404,26291
52,30747,16,0.0,994,4404,26343
25,30772,16,0.0,995,4404,26368
5,30777,16,0.0,996,4404,26373
18,30795,16,0.0,997,4404,26391
65,30860,16,0.0,998,4404,26456
10,30870,16,0.0,999,4404,26466
45,30915,16,0.0,1000,4404,26511
21,30936,16,0.0,1001,4404,26532
15,30951,16,0.0,1002,4404,26547
17,30968,16,0.0,1003,4404,26564
18,30986,16,0.0,1004,4404,26582
15,31001,16,0.0,1005,4404,26597
17,31018,16,0.0,1006,4404,26614
15,31033,16,0.0,1007,4404,26629
23,31056,17,1.0,1008,4404,26652
24,31080,17,0.0,1009,4404,26676
7,31087,17,0.0,1010,4404,26683
39,31126,17,0.0,1011,4404,26722
21,31147,17,0.0,1012,4404,26743
28,31175,18,1.0,1013,4404,26771
62,31237,18,0.0,1014,4404,26833
60,31297,19,1.0,1015,4404,26893
37,31334,19,0.0,1016,4404,26930
28,31362,19,0.0,1017,4404,26958
12,31374,19,0.0,1018,4404,26970
14,31388,19,0.0,1019,4404,26984
14,31402,19,0.0,1020,4404,26998
18,31420,19,0.0,1021,4404,27016
100,31520,19,0.0,1022,4404,27116
35,31555,19,0.0,1023,4404,27151
16,31571,19,0.0,1024,4404,27167
21,31592,19,0.0,1025,4404,27188
30,31622,19,0.0,1026,4404,27218
42,31664,20,1.0,1027,4404,27260
43,31707,20,0.0,1028,4404,27303
26,31733,20,0.0,1029,4404,27329
24,31757,20,0.0,1030,4404,27353
23,31780,20,0.0,1031,4404,27376
28,31808,20,0.0,1032,4404,27404
25,31833,20,0.0,1033,4404,27429
41,31874,20,0.0,1034,4404,27470
15,31889,20,0.0,1035,4404,27485
21,31910,20,0.0,1036,4404,27506
13,31923,20,0.0,1037,4404,27519
9,31932,20,0.0,1038,4404,27528
27,31959,20,0.0,1039,4404,27555
57,32016,20,0.0,1040,4404,27612
19,32035,20,0.0,1041,4404,27631
23,32058,20,0.0,1042,4404,27654
27,32085,20,0.0,1043,4404,27681
24,32109,20,0.0,1044,4404,27705
24,32133,21,1.0,1045,4404,27729
11,32144,21,0.0,1046,4404,27740
47,32191,21,0.0,1047,4404,27787
49,32240,21,0.0,1048,4404,27836
18,32258,21,0.0,1049,4404,27854
16,32274,21,0.0,1050,4404,27870
76,32350,21,0.0,1051,4404,27946
7,32357,21,0.0,1052,4404,27953
77,32434,22,1.0,1053,4404,28030
35,32469,22,0.0,1054,4404,28065
19,32488,22,0.0,1055,4404,28084
17,32505,22,0.0,1056,4404,28101
30,32535,22,0.0,1057,4404,28131
26,32561,22,0.0,1058,4404,28157
19,32580,22,0.0,1059,4404,28176
13,32593,22,0.0,1060,4404,28189
40,32633,22,0.0,1061,4404,28229
12,32645,22,0.0,1062,4404,28241
29,32674,22,0.0,1063,4404,28270
52,32726,23,1.0,1064,4404,28322
12,32738,23,0.0,1065,4404,28334
13,32751,23,0.0,1066,4404,28347
27,32778,23,0.0,1067,4404,28374
21,32799,23,0.0,1068,4404,28395
31,32830,23,0.0,1069,4404,28426
14,32844,23,0.0,1070,4404,28440
16,32860,23,0.0,1071,4404,28456
35,32895,23,0.0,1072,4404,28491
34,32929,23,0.0,1073,4404,28525
14,32943,23,0.0,1074,4404,28539
37,32980,24,1.0,1075,4404,28576
48,33028,24,0.0,1076,4404,28624
35,33063,24,0.0,1077,4404,28659
10,33073,24,0.0,1078,4404,28669
19,33092,24,0.0,1079,4404,28688
7,33099,24,0.0,1080,4404,28695
27,33126,24,0.0,1081,4404,28722
10,33136,24,0.0,1082,4404,28732
21,33157,25,1.0,1083,4404,28753
71,33228,25,0.0,1084,4404,28824
31,33259,25,0.0,1085,4404,28855
10,33269,25,0.0,1086,4404,28865
26,33295,25,0.0,1087,4404,28891
19,33314,25,0.0,1088,4404,28910
32,33346,25,0.0,1089,4404,28942
43,33389,26,1.0,1090,4404,28985
28,33417,26,0.0,1091,4404,29013
36,33453,26,0.0,1092,4404,29049
48,33501,26,0.0,1093,4404,29097
62,33563,26,0.0,1094,4404,29159
25,33588,26,0.0,1095,4404,29184
14,33602,26,0.0,1096,4404,29198
32,33634,26,0.0,1097,4404,29230
71,33705,26,0.0,1098,4404,29301
45,33750,26,0.0,1099,4404,29346
48,33798,26,0.0,1100,4404,29394
51,33849,26,0.0,1101,4404,29445
46,33895,27,1.0,1102,4404,29491
17,33912,27,0.0,1103,4404,29508
18,33930,27,0.0,1104,4404,29526
100,34030,27,0.0,1105,4404,29626
8,34038,27,0.0,1106,4404,29634
28,34066,27,0.0,1107,4404,29662
31,34097,27,0.0,1108,4404,29693
28,34125,27,0.0,1109,4404,29721
11,34136,27,0.0,1110,4404,29732
14,34150,27,0.0,1111,4404,29746
5,34155,27,0.0,1112,4404,29751
23,34178,27,0.0,1113,4404,29774
13,34191,27,0.0,1114,4404,29787
49,34240,27,0.0,1115,4404,29836
10,34250,27,0.0,1116,4404,29846
40,34290,27,0.0,1117,4404,29886
12,34302,27,0.0,1118,4404,29898
47,34349,27,0.0,1119,4404,29945
24,34373,27,0.0,1120,4404,29969
11,34384,27,0.0,1121,4404,29980
14,34398,27,0.0,1122,4404,29994
21,34419,27,0.0,1123,4404,30015
21,34440,27,0.0,1124,4404,30036
27,34467,27,0.0,1125,4404,30063
16,34483,27,0.0,1126,4404,30079
17,34500,27,0.0,1127,4404,30096
23,34523,27,0.0,1128,4404,30119
9,34532,27,0.0,1129,4404,30128
91,34623,27,0.0,1130,4404,30219
73,34696,27,0.0,1131,4404,30292
8,34704,27,0.0,1132,4404,30300
20,34724,27,0.0,1133,4404,30320
12,34736,27,0.0,1134,4404,30332
9,34745,27,0.0,1135,4404,30341
8,34753,27,0.0,1136,4404,30349
30,34783,27,0.0,1137,4404,30379
15,34798,27,0.0,1138,4404,30394
10,34808,27,0.0,1139,4404,30404
41,34849,27,0.0,1140,4404,30445
23,34872,27,0.0,1141,4404,30468
16,34888,27,0.0,1142,4404,30484
75,34963,27,0.0,1143,4404,30559
22,34985,27,0.0,1144,4404,30581
24,35009,27,0.0,1145,4404,30605
19,35028,27,0.0,1146,4404,30624
75,35103,27,0.0,1147,4404,30699
86,35189,27,0.0,1148,4404,30785
9,35198,27,0.0,1149,4404,30794
7,35205,27,0.0,1150,4404,30801
17,35222,27,0.0,1151,4404,30818
15,35237,27,0.0,1152,4404,30833
68,35305,27,0.0,1153,4404,30901
30,35335,27,0.0,1154,4404,30931
16,35351,27,0.0,1155,4404,30947
6,35357,27,0.0,1156,4404,30953
20,35377,27,0.0,1157,4404,30973
12,35389,27,0.0,1158,4404,30985
62,35451,27,0.0,1159,4404,31047
26,35477,27,0.0,1160,4404,31073
12,35489,27,0.0,1161,4404,31085
47,35536,27,0.0,1162,4404,31132
31,35567,27,0.0,1163,4404,31163
82,35649,27,0.0,1164,4404,31245
46,35695,27,0.0,1165,4404,31291
12,35707,27,0.0,1166,4404,31303
12,35719,27,0.0,1167,4404,31315
87,35806,28,1.0,1168,4404,31402
20,35826,28,0.0,1169,4404,31422
21,35847,28,0.0,1170,4404,31443
24,35871,28,0.0,1171,4404,31467
21,35892,28,0.0,1172,4404,31488
24,35916,28,0.0,1173,4404,31512
26,35942,28,0.0,1174,4404,31538
40,35982,28,0.0,1175,4404,31578
30,36012,28,0.0,1176,4404,31608
25,36037,29,1.0,1177,4404,31633
72,36109,29,0.0,1178,4404,31705
11,36120,29,0.0,1179,4404,31716
42,36162,29,0.0,1180,4404,31758
49,36211,29,0.0,1181,4404,31807
44,36255,29,0.0,1182,4404,31851
43,36298,29,0.0,1183,4404,31894
20,36318,29,0.0,1184,4404,31914
15,36333,29,0.0,1185,4404,31929
40,36373,29,0.0,1186,4404,31969
20,36393,29,0.0,1187,4404,31989
19,36412,29,0.0,1188,4404,32008
7,36419,29,0.0,1189,4404,32015
10,36429,29,0.0,1190,4404,32025
62,36491,29,0.0,1191,4404,32087
23,36514,29,0.0,1192,4404,32110
38,36552,29,0.0,1193,4404,32148
21,36573,29,0.0,1194,4404,32169
7,36580,29,0.0,1195,4404,32176
47,36627,30,1.0,1196,4404,32223
49,36676,31,1.0,1197,4404,32272
13,36689,31,0.0,1198,4404,32285
9,36698,31,0.0,1199,4404,32294
11,36709,31,0.0,1200,4404,32305
35,36744,31,0.0,1201,4404,32340
94,36838,31,0.0,1202,4404,32434
19,36857,31,0.0,1203,4404,32453
35,36892,31,0.0,1204,4404,32488
26,36918,31,0.0,1205,4404,32514
22,36940,31,0.0,1206,4404,32536
72,37012,31,0.0,1207,4404,32608
35,37047,32,1.0,1208,4404,32643
10,37057,32,0.0,1209,4404,32653
59,37116,33,1.0,1210,4404,32712
52,37168,34,1.0,1211,4404,32764
41,37209,34,0.0,1212,4404,32805
43,37252,34,0.0,1213,4404,32848
26,37278,34,0.0,1214,4404,32874
10,37288,34,0.0,1215,4404,32884
10,37298,34,0.0,1216,4404,32894
27,37325,34,0.0,1217,4404,32921
15,37340,34,0.0,1218,4404,32936
36,37376,34,0.0,1219,4404,32972
53,37429,34,0.0,1220,4404,33025
38,37467,35,1.0,1221,4404,33063
28,37495,35,0.0,1222,4404,33091
36,37531,35,0.0,1223,4404,33127
19,37550,35,0.0,1224,4404,33146
23,37573,35,0.0,1225,4404,33169
61,37634,35,0.0,1226,4404,33230
8,37642,35,0.0,1227,4404,33238
28,37670,36,1.0,1228,4404,33266
6,37676,36,0.0,1229,4404,33272
23,37699,36,0.0,1230,4404,33295
18,37717,36,0.0,1231,4404,33313
29,37746,36,0.0,1232,4404,33342
27,37773,36,0.0,1233,4404,33369
22,37795,36,0.0,1234,4404,33391
31,37826,36,0.0,1235,4404,33422
14,37840,36,0.0,1236,4404,33436
5,37845,36,0.0,1237,4404,33441
50,37895,36,0.0,1238,4404,33491
18,37913,36,0.0,1239,4404,33509
90,38003,36,0.0,1240,4404,33599
14,38017,36,0.0,1241,4404,33613
26,38043,36,0.0,1242,4404,33639
15,38058,36,0.0,1243,4404,33654
15,38073,36,0.0,1244,4404,33669
12,38085,36,0.0,1245,4404,33681
60,38145,37,1.0,1246,4404,33741
32,38177,37,0.0,1247,4404,33773
13,38190,37,0.0,1248,4404,33786
24,38214,37,0.0,1249,4404,33810
15,38229,37,0.0,1250,4404,33825
49,38278,37,0.0,1251,4404,33874
51,38329,37,0.0,1252,4404,33925
64,38393,37,0.0,1253,4404,33989
16,38409,37,0.0,1254,4404,34005
16,38425,37,0.0,1255,4404,34021
20,38445,37,0.0,1256,4404,34041
9,38454,37,0.0,1257,4404,34050
100,38554,37,0.0,1258,4404,34150
22,38576,37,0.0,1259,4404,34172
35,38611,37,0.0,1260,4404,34207
59,38670,37,0.0,1261,4404,34266
36,38706,38,1.0,1262,4404,34302
22,38728,38,0.0,1263,4404,34324
32,38760,38,0.0,1264,4404,34356
27,38787,38,0.0,1265,4404,34383
48,38835,39,1.0,1266,4404,34431
7,38842,39,0.0,1267,4404,34438
33,38875,39,0.0,1268,4404,34471
10,38885,39,0.0,1269,4404,34481
16,38901,39,0.0,1270,4404,34497
44,38945,39,0.0,1271,4404,34541
45,38990,39,0.0,1272,4404,34586
24,39014,39,0.0,1273,4404,34610
16,39030,39,0.0,1274,4404,34626
26,39056,39,0.0,1275,4404,34652
44,39100,39,0.0,1276,4404,34696
10,39110,39,0.0,1277,4404,34706
22,39132,39,0.0,1278,4404,34728
11,39143,39,0.0,1279,4404,34739
20,39163,39,0.0,1280,4404,34759
27,39190,39,0.0,1281,4404,34786
38,39228,39,0.0,1282,4404,34824
21,39249,39,0.0,1283,4404,34845
89,39338,39,0.0,1284,4404,34934
14,39352,39,0.0,1285,4404,34948
25,39377,39,0.0,1286,4404,34973
100,39477,39,0.0,1287,4404,35073
7,39484,39,0.0,1288,4404,35080
9,39493,39,0.0,1289,4404,35089
34,39527,40,1.0,1290,4404,35123
40,39567,40,0.0,1291,4404,35163
32,39599,40,0.0,1292,4404,35195
16,39615,40,0.0,1293,4404,35211
16,39631,40,0.0,1294,4404,35227
10,39641,40,0.0,1295,4404,35237
39,39680,40,0.0,1296,4404,35276
15,39695,40,0.0,1297,4404,35291
7,39702,40,0.0,1298,4404,35298
30,39732,40,0.0,1299,4404,35328
10,39742,40,0.0,1300,4404,35338
29,39771,40,0.0,1301,4404,35367
20,39791,40,0.0,1302,4404,35387
17,39808,40,0.0,1303,4404,35404
57,39865,41,1.0,1304,4404,35461
17,39882,41,0.0,1305,4404,35478
12,39894,41,0.0,1306,4404,35490
18,39912,41,0.0,1307,4404,35508
11,39923,41,0.0,1308,4404,35519
17,39940,41,0.0,1309,4404,35536
10,39950,41,0.0,1310,4404,35546
18,39968,41,0.0,1311,4404,35564
28,39996,41,0.0,1312,4404,35592
51,40047,41,0.0,1313,4404,35643
42,40089,41,0.0,1314,4404,35685
14,40103,41,0.0,1315,4404,35699
23,40126,41,0.0,1316,4404,35722
61,40187,41,0.0,1317,4404,35783
14,40201,41,0.0,1318,4404,35797
31,40232,42,1.0,1319,4404,35828
85,40317,42,0.0,1320,4404,35913
22,40339,42,0.0,1321,4404,35935
30,40369,42,0.0,1322,4404,35965
38,40407,42,0.0,1323,4404,36003
47,40454,43,1.0,1324,4404,36050
16,40470,43,0.0,1325,4404,36066
44,40514,43,0.0,1326,4404,36110
38,40552,43,0.0,1327,4404,36148
13,40565,43,0.0,1328,4404,36161
21,40586,43,0.0,1329,4404,36182
24,40610,43,0.0,1330,4404,36206
22,40632,43,0.0,1331,4404,36228
22,40654,43,0.0,1332,4404,36250
19,40673,43,0.0,1333,4404,36269
11,40684,43,0.0,1334,4404,36280
24,40708,43,0.0,1335,4404,36304
100,40808,43,0.0,1336,4404,36404
61,40869,43,0.0,1337,4404,36465
9,40878,43,0.0,1338,4404,36474
17,40895,43,0.0,1339,4404,36491
5,40900,43,0.0,1340,4404,36496
5,40905,43,0.0,1341,4404,36501
23,40928,43,0.0,1342,4404,36524
17,40945,43,0.0,1343,4404,36541
17,40962,43,0.0,1344,4404,36558
20,40982,43,0.0,1345,4404,36578
21,41003,43,0.0,1346,4404,36599
15,41018,43,0.0,1347,4404,36614
19,41037,43,0.0,1348,4404,36633
16,41053,43,0.0,1349,4404,36649
33,41086,43,0.0,1350,4404,36682
34,41120,43,0.0,1351,4404,36716
18,41138,43,0.0,1352,4404,36734
29,41167,43,0.0,1353,4404,36763
5,41172,43,0.0,1354,4404,36768
49,41221,43,0.0,1355,4404,36817
77,41298,43,0.0,1356,4404,36894
41,41339,43,0.0,1357,4404,36935
28,41367,43,0.0,1358,4404,36963
9,41376,43,0.0,1359,4404,36972
30,41406,43,0.0,1360,4404,37002
12,41418,43,0.0,1361,4404,37014
47,41465,44,1.0,1362,4404,37061
23,41488,44,0.0,1363,4404,37084
9,41497,44,0.0,1364,4404,37093
11,41508,44,0.0,1365,4404,37104
22,41530,44,0.0,1366,4404,37126
18,41548,44,0.0,1367,4404,37144
71,41619,44,0.0,1368,4404,37215
13,41632,44,0.0,1369,4404,37228
49,41681,44,0.0,1370,4404,37277
41,41722,44,0.0,1371,4404,37318
53,41775,44,0.0,1372,4404,37371
80,41855,45,1.0,1373,4404,37451
9,41864,45,0.0,1374,4404,37460
58,41922,45,0.0,1375,4404,37518
22,41944,45,0.0,1376,4404,37540
11,41955,45,0.0,1377,4404,37551
57,42012,45,0.0,1378,4404,37608
19,42031,45,0.0,1379,4404,37627
27,42058,45,0.0,1380,4404,37654
96,42154,45,0.0,1381,4404,37750
33,42187,45,0.0,1382,4404,37783
31,42218,46,1.0,1383,4404,37814
13,42231,46,0.0,1384,4404,37827
78,42309,46,0.0,1385,4404,37905
15,42324,46,0.0,1386,4404,37920
62,42386,46,0.0,1387,4404,37982
28,42414,46,0.0,1388,4404,38010
35,42449,46,0.0,1389,4404,38045
32,42481,46,0.0,1390,4404,38077
5,42486,46,0.0,1391,4404,38082
31,42517,46,0.0,1392,4404,38113
49,42566,46,0.0,1393,4404,38162
24,42590,46,0.0,1394,4404,38186
52,42642,47,1.0,1395,4404,38238
8,42650,47,0.0,1396,4404,38246
38,42688,48,1.0,1397,4404,38284
28,42716,48,0.0,1398,4404,38312
28,42744,48,0.0,1399,4404,38340
13,42757,48,0.0,1400,4404,38353
38,42795,48,0.0,1401,4404,38391
47,42842,48,0.0,1402,4404,38438
26,42868,48,0.0,1403,4404,38464
22,42890,48,0.0,1404,4404,38486
10,42900,48,0.0,1405,4404,38496
7,42907,48,0.0,1406,4404,38503
22,42929,48,0.0,1407,4404,38525
31,42960,48,0.0,1408,4404,38556
55,43015,48,0.0,1409,4404,38611
26,43041,48,0.0,1410,4404,38637
35,43076,48,0.0,1411,4404,38672
9,43085,48,0.0,1412,4404,38681
25,43110,49,1.0,1413,4404,38706
28,43138,49,0.0,1414,4404,38734
27,43165,49,0.0,1415,4404,38761
31,43196,49,0.0,1416,4404,38792
57,43253,49,0.0,1417,4404,38849
64,43317,49,0.0,1418,4404,38913
8,43325,49,0.0,1419,4404,38921
22,43347,49,0.0,1420,4404,38943
24,43371,49,0.0,1421,4404,38967
17,43388,49,0.0,1422,4404,38984
100,43488,49,0.0,1423,4404,39084
14,43502,49,0.0,1424,4404,39098
37,43539,49,0.0,1425,4404,39135
100,43639,49,0.0,1426,4404,39235
30,43669,49,0.0,1427,4404,39265
10,43679,49,0.0,1428,4404,39275
35,43714,49,0.0,1429,4404,39310
62,43776,49,0.0,1430,4404,39372
29,43805,49,0.0,1431,4404,39401
31,43836,49,0.0,1432,4404,39432
7,43843,49,0.0,1433,4404,39439
13,43856,49,0.0,1434,4404,39452
62,43918,49,0.0,1435,4404,39514
18,43936,49,0.0,1436,4404,39532
19,43955,49,0.0,1437,4404,39551
48,44003,49,0.0,1438,4404,39599
15,44018,49,0.0,1439,4404,39614
24,44042,49,0.0,1440,4404,39638
9,44051,49,0.0,1441,4404,39647
18,44069,49,0.0,1442,4404,39665
32,44101,49,0.0,1443,4404,39697
31,44132,49,0.0,1444,4404,39728
24,44156,49,0.0,1445,4404,39752
7,44163,49,0.0,1446,4404,39759
8,44171,49,0.0,1447,4404,39767
14,44185,49,0.0,1448,4404,39781
6,44191,49,0.0,1449,4404,39787
41,44232,49,0.0,1450,4404,39828
32,44264,50,1.0,1451,4404,39860
29,44293,50,0.0,1452,4404,39889
14,44307,50,0.0,1453,4404,39903
11,44318,50,0.0,1454,4404,39914
16,44334,50,0.0,1455,4404,39930
18,44352,50,0.0,1456,4404,39948
19,44371,50,0.0,1457,4404,39967
28,44399,50,0.0,1458,4404,39995
24,44423,50,0.0,1459,4404,40019
10,44433,50,0.0,1460,4404,40029
37,44470,50,0.0,1461,4404,40066
12,44482,50,0.0,1462,4404,40078
13,44495,50,0.0,1463,4404,40091
17,44512,50,0.0,1464,4404,40108
15,44527,50,0.0,1465,4404,40123
8,44535,50,0.0,1466,4404,40131
19,44554,50,0.0,1467,4404,40150
44,44598,50,0.0,1468,4404,40194
15,44613,50,0.0,1469,4404,40209
11,44624,50,0.0,1470,4404,40220
42,44666,51,1.0,1471,4404,40262
11,44677,51,0.0,1472,4404,40273
26,44703,51,0.0,1473,4404,40299
18,44721,51,0.0,1474,4404,40317
32,44753,51,0.0,1475,4404,40349
9,44762,51,0.0,1476,4404,40358
18,44780,51,0.0,1477,4404,40376
10,44790,51,0.0,1478,4404,40386
63,44853,51,0.0,1479,4404,40449
23,44876,51,0.0,1480,4404,40472
48,44924,51,0.0,1481,4404,40520
39,44963,51,0.0,1482,4404,40559
17,44980,51,0.0,1483,4404,40576
73,45053,52,1.0,1484,4404,40649
73,45126,52,0.0,1485,4404,40722
23,45149,52,0.0,1486,4404,40745
19,45168,52,0.0,1487,4404,40764
13,45181,52,0.0,1488,4404,40777
60,45241,52,0.0,1489,4404,40837
20,45261,52,0.0,1490,4404,40857
34,45295,52,0.0,1491,4404,40891
12,45307,52,0.0,1492,4404,40903
16,45323,52,0.0,1493,4404,40919
23,45346,52,0.0,1494,4404,40942
40,45386,52,0.0,1495,4404,40982
11,45397,52,0.0,1496,4404,40993
47,45444,52,0.0,1497,4404,41040
22,45466,52,0.0,1498,4404,41062
21,45487,52,0.0,1499,4404,41083
35,45522,52,0.0,1500,4404,41118
30,45552,52,0.0,1501,4404,41148
24,45576,52,0.0,1502,4404,41172
62,45638,53,1.0,1503,4404,41234
6,45644,53,0.0,1504,4404,41240
20,45664,53,0.0,1505,4404,41260
34,45698,53,0.0,1506,4404,41294
13,45711,53,0.0,1507,4404,41307
51,45762,53,0.0,1508,4404,41358
36,45798,53,0.0,1509,4404,41394
6,45804,53,0.0,1510,4404,41400
9,45813,53,0.0,1511,4404,41409
39,45852,54,1.0,1512,4404,41448
23,45875,54,0.0,1513,4404,41471
22,45897,54,0.0,1514,4404,41493
20,45917,54,0.0,1515,4404,41513
16,45933,54,0.0,1516,4404,41529
14,45947,54,0.0,1517,4404,41543
36,45983,55,1.0,1518,4404,41579
33,46016,56,1.0,1519,4404,41612
79,46095,56,0.0,1520,4404,41691
17,46112,56,0.0,1521,4404,41708
35,46147,56,0.0,1522,4404,41743
29,46176,56,0.0,1523,4404,41772
32,46208,56,0.0,1524,4404,41804
69,46277,56,0.0,1525,4404,41873
12,46289,56,0.0,1526,4404,41885
22,46311,56,0.0,1527,4404,41907
21,46332,56,0.0,1528,4404,41928
14,46346,56,0.0,1529,4404,41942
100,46446,57,1.0,1530,4404,42042
35,46481,57,0.0,1531,4404,42077
15,46496,57,0.0,1532,4404,42092
52,46548,57,0.0,1533,4404,42144
57,46605,58,1.0,1534,4404,42201
56,46661,58,0.0,1535,4404,42257
27,46688,58,0.0,1536,4404,42284
51,46739,58,0.0,1537,4404,42335
53,46792,58,0.0,1538,4404,42388
11,46803,58,0.0,1539,4404,42399
23,46826,58,0.0,1540,4404,42422
34,46860,58,0.0,1541,4404,42456
11,46871,58,0.0,1542,4404,42467
28,46899,58,0.0,1543,4404,42495
26,46925,58,0.0,1544,4404,42521
67,46992,58,0.0,1545,4404,42588
12,47004,58,0.0,1546,4404,42600
36,47040,58,0.0,1547,4404,42636
20,47060,58,0.0,1548,4404,42656
21,47081,58,0.0,1549,4404,42677
7,47088,58,0.0,1550,4404,42684
47,47135,58,0.0,1551,4404,42731
29,47164,58,0.0,1552,4404,42760
9,47173,58,0.0,1553,4404,42769
6,47179,58,0.0,1554,4404,42775
72,47251,59,1.0,1555,4404,42847
21,47272,59,0.0,1556,4404,42868
25,47297,59,0.0,1557,4404,42893
76,47373,59,0.0,1558,4404,42969
75,47448,59,0.0,1559,4404,43044
45,47493,60,1.0,1560,4404,43089
20,47513,60,0.0,1561,4404,43109
12,47525,60,0.0,1562,4404,43121
29,47554,60,0.0,1563,4404,43150
24,47578,60,0.0,1564,4404,43174
43,47621,60,0.0,1565,4404,43217
21,47642,60,0.0,1566,4404,43238
41,47683,60,0.0,1567,4404,43279
20,47703,60,0.0,1568,4404,43299
28,47731,60,0.0,1569,4404,43327
31,47762,60,0.0,1570,4404,43358
11,47773,60,0.0,1571,4404,43369
60,47833,61,1.0,1572,4404,43429
24,47857,61,0.0,1573,4404,43453
24,47881,61,0.0,1574,4404,43477
32,47913,61,0.0,1575,4404,43509
16,47929,61,0.0,1576,4404,43525
27,47956,61,0.0,1577,4404,43552
65,48021,61,0.0,1578,4404,43617
18,48039,61,0.0,1579,4404,43635
47,48086,61,0.0,1580,4404,43682
16,48102,61,0.0,1581,4404,43698
6,48108,61,0.0,1582,4404,43704
18,48126,61,0.0,1583,4404,43722
46,48172,61,0.0,1584,4404,43768
36,48208,62,1.0,1585,4404,43804
12,48220,62,0.0,1586,4404,43816
15,48235,62,0.0,1587,4404,43831
15,48250,62,0.0,1588,4404,43846
10,48260,62,0.0,1589,4404,43856
17,48277,62,0.0,1590,4404,43873
27,48304,62,0.0,1591,4404,43900
21,48325,62,0.0,1592,4404,43921
18,48343,62,0.0,1593,4404,43939
61,48404,62,0.0,1594,4404,44000
15,48419,62,0.0,1595,4404,44015
23,48442,62,0.0,1596,4404,44038
14,48456,62,0.0,1597,4404,44052
9,48465,62,0.0,1598,4404,44061
27,48492,62,0.0,1599,4404,44088
38,48530,62,0.0,1600,4404,44126
69,48599,62,0.0,1601,4404,44195
34,48633,62,0.0,1602,4404,44229
31,48664,62,0.0,1603,4404,44260
40,48704,62,0.0,1604,4404,44300
24,48728,63,1.0,1605,4404,44324
17,48745,63,0.0,1606,4404,44341
17,48762,63,0.0,1607,4404,44358
33,48795,63,0.0,1608,4404,44391
46,48841,63,0.0,1609,4404,44437
28,48869,63,0.0,1610,4404,44465
32,48901,63,0.0,1611,4404,44497
15,48916,63,0.0,1612,4404,44512
13,48929,63,0.0,1613,4404,44525
9,48938,63,0.0,1614,4404,44534
10,48948,63,0.0,1615,4404,44544
37,48985,64,1.0,1616,4404,44581
16,49001,64,0.0,1617,4404,44597
28,49029,64,0.0,1618,4404,44625
41,49070,65,1.0,1619,4404,44666
13,49083,65,0.0,1620,4404,44679
12,49095,65,0.0,1621,4404,44691
8,49103,65,0.0,1622,4404,44699
13,49116,65,0.0,1623,4404,44712
32,49148,65,0.0,1624,4404,44744
30,49178,65,0.0,1625,4404,44774
72,49250,66,1.0,1626,4404,44846
44,49294,66,0.0,1627,4404,44890
31,49325,66,0.0,1628,4404,44921
11,49336,66,0.0,1629,4404,44932
12,49348,66,0.0,1630,4404,44944
27,49375,66,0.0,1631,4404,44971
31,49406,66,0.0,1632,4404,45002
12,49418,66,0.0,1633,4404,45014
6,49424,66,0.0,1634,4404,45020
87,49511,67,1.0,1635,4404,45107
18,49529,67,0.0,1636,4404,45125
27,49556,67,0.0,1637,4404,45152
64,49620,67,0.0,1638,4404,45216
8,49628,67,0.0,1639,4404,45224
20,49648,67,0.0,1640,4404,45244
82,49730,68,1.0,1641,4404,45326
49,49779,68,0.0,1642,4404,45375
15,49794,68,0.0,1643,4404,45390
89,49883,68,0.0,1644,4404,45479
9,49892,68,0.0,1645,4404,45488
13,49905,68,0.0,1646,4404,45501
22,49927,68,0.0,1647,4404,45523
45,49972,68,0.0,1648,4404,45568
38,50010,68,0.0,1649,4404,45606
34,50044,68,0.0,1650,4404,45640
64,50108,69,1.0,1651,4404,45704
39,50147,69,0.0,1652,4404,45743
36,50183,69,0.0,1653,4404,45779
19,50202,69,0.0,1654,4404,45798
10,50212,69,0.0,1655,4404,45808
27,50239,69,0.0,1656,4404,45835
71,50310,69,0.0,1657,4404,45906
43,50353,70,1.0,1658,4404,45949
16,50369,70,0.0,1659,4404,45965
17,50386,70,0.0,1660,4404,45982
25,50411,70,0.0,1661,4404,46007
19,50430,70,0.0,1662,4404,46026
56,50486,70,0.0,1663,4404,46082
53,50539,70,0.0,1664,4404,46135
9,50548,70,0.0,1665,4404,46144
38,50586,70,0.0,1666,4404,46182
13,50599,70,0.0,1667,4404,46195
28,50627,70,0.0,1668,4404,46223
19,50646,70,0.0,1669,4404,46242
12,50658,70,0.0,1670,4404,46254
6,50664,70,0.0,1671,4404,46260
25,50689,70,0.0,1672,4404,46285
12,50701,70,0.0,1673,4404,46297
11,50712,70,0.0,1674,4404,46308
44,50756,70,0.0,1675,4404,46352
24,50780,70,0.0,1676,4404,46376
18,50798,70,0.0,1677,4404,46394
13,50811,70,0.0,1678,4404,46407
10,50821,70,0.0,1679,4404,46417
48,50869,70,0.0,1680,4404,46465
41,50910,70,0.0,1681,4404,46506
28,50938,70,0.0,1682,4404,46534
10,50948,70,0.0,1683,4404,46544
35,50983,70,0.0,1684,4404,46579
28,51011,70,0.0,1685,4404,46607
35,51046,70,0.0,1686,4404,46642
23,51069,70,0.0,1687,4404,46665
41,51110,70,0.0,1688,4404,46706
25,51135,70,0.0,1689,4404,46731
13,51148,70,0.0,1690,4404,46744
35,51183,70,0.0,1691,4404,46779
39,51222,70,0.0,1692,4404,46818
18,51240,70,0.0,1693,4404,46836
19,51259,70,0.0,1694,4404,46855
25,51284,70,0.0,1695,4404,46880
65,51349,70,0.0,1696,4404,46945
43,51392,70,0.0,1697,4404,46988
8,51400,70,0.0,1698,4404,46996
15,51415,70,0.0,1699,4404,47011
31,51446,70,0.0,1700,4404,47042
38,51484,70,0.0,1701,4404,47080
37,51521,70,0.0,1702,4404,47117
39,51560,70,0.0,1703,4404,47156
22,51582,70,0.0,1704,4404,47178
36,51618,70,0.0,1705,4404,47214
20,51638,70,0.0,1706,4404,47234
38,51676,71,1.0,1707,4404,47272
18,51694,71,0.0,1708,4404,47290
45,51739,71,0.0,1709,4404,47335
26,51765,71,0.0,1710,4404,47361
26,51791,71,0.0,1711,4404,47387
59,51850,71,0.0,1712,4404,47446
15,51865,71,0.0,1713,4404,47461
15,51880,71,0.0,1714,4404,47476
39,51919,71,0.0,1715,4404,47515
30,51949,71,0.0,1716,4404,47545
51,52000,72,1.0,1717,4404,47596
98,52098,72,0.0,1718,4404,47694
11,52109,72,0.0,1719,4404,47705
41,52150,73,1.0,1720,4404,47746
18,52168,73,0.0,1721,4404,47764
45,52213,73,0.0,1722,4404,47809
54,52267,73,0.0,1723,4404,47863
28,52295,73,0.0,1724,4404,47891
13,52308,73,0.0,1725,4404,47904
31,52339,73,0.0,1726,4404,47935
17,52356,73,0.0,1727,4404,47952
69,52425,73,0.0,1728,4404,48021
38,52463,73,0.0,1729,4404,48059
11,52474,73,0.0,1730,4404,48070
35,52509,73,0.0,1731,4404,48105
33,52542,73,0.0,1732,4404,48138
11,52553,73,0.0,1733,4404,48149
21,52574,73,0.0,1734,4404,48170
10,52584,73,0.0,1735,4404,48180
38,52622,73,0.0,1736,4404,48218
30,52652,73,0.0,1737,4404,48248
42,52694,74,1.0,1738,4404,48290
25,52719,75,1.0,1739,4404,48315
19,52738,75,0.0,1740,4404,48334
15,52753,75,0.0,1741,4404,48349
13,52766,75,0.0,1742,4404,48362
36,52802,75,0.0,1743,4404,48398
10,52812,75,0.0,1744,4404,48408
15,52827,75,0.0,1745,4404,48423
44,52871,76,1.0,1746,4404,48467
24,52895,77,1.0,1747,4404,48491
69,52964,77,0.0,1748,4404,48560
16,52980,77,0.0,1749,4404,48576
43,53023,77,0.0,1750,4404,48619
29,53052,77,0.0,1751,4404,48648
71,53123,77,0.0,1752,4404,48719
44,53167,77,0.0,1753,4404,48763
44,53211,78,1.0,1754,4404,48807
11,53222,78,0.0,1755,4404,48818
25,53247,78,0.0,1756,4404,48843
29,53276,78,0.0,1757,4404,48872
20,53296,78,0.0,1758,4404,48892
12,53308,78,0.0,1759,4404,48904
23,53331,78,0.0,1760,4404,48927
64,53395,78,0.0,1761,4404,48991
25,53420,78,0.0,1762,4404,49016
76,53496,78,0.0,1763,4404,49092
5,53501,78,0.0,1764,4404,49097
38,53539,78,0.0,1765,4404,49135
59,53598,78,0.0,1766,4404,49194
33,53631,78,0.0,1767,4404,49227
11,53642,78,0.0,1768,4404,49238
29,53671,78,0.0,1769,4404,49267
22,53693,78,0.0,1770,4404,49289
18,53711,78,0.0,1771,4404,49307
16,53727,78,0.0,1772,4404,49323
26,53753,78,0.0,1773,4404,49349
52,53805,78,0.0,1774,4404,49401
27,53832,78,0.0,1775,4404,49428
22,53854,79,1.0,1776,4404,49450
86,53940,80,1.0,1777,4404,49536
17,53957,80,0.0,1778,4404,49553
18,53975,80,0.0,1779,4404,49571
36,54011,80,0.0,1780,4404,49607
15,54026,80,0.0,1781,4404,49622
48,54074,80,0.0,1782,4404,49670
29,54103,80,0.0,1783,4404,49699
30,54133,80,0.0,1784,4404,49729
12,54145,80,0.0,1785,4404,49741
27,54172,80,0.0,1786,4404,49768
13,54185,80,0.0,1787,4404,49781
20,54205,80,0.0,1788,4404,49801
27,54232,80,0.0,1789,4404,49828
97,54329,80,0.0,1790,4404,49925
25,54354,80,0.0,1791,4404,49950
22,54376,80,0.0,1792,4404,49972
7,54383,80,0.0,1793,4404,49979
9,54392,80,0.0,1794,4404,49988
39,54431,80,0.0,1795,4404,50027
27,54458,80,0.0,1796,4404,50054
50,54508,81,1.0,1797,4404,50104
8,54516,81,0.0,1798,4404,50112
41,54557,82,1.0,1799,4404,50153
69,54626,82,0.0,1800,4404,50222
27,54653,82,0.0,1801,4404,50249
16,54669,82,0.0,1802,4404,50265
12,54681,82,0.0,1803,4404,50277
6,54687,82,0.0,1804,4404,50283
44,54731,82,0.0,1805,4404,50327
19,54750,82,0.0,1806,4404,50346
11,54761,82,0.0,1807,4404,50357
19,54780,82,0.0,1808,4404,50376
31,54811,82,0.0,1809,4404,50407
63,54874,83,1.0,1810,4404,50470
9,54883,83,0.0,1811,4404,50479
43,54926,83,0.0,1812,4404,50522
39,54965,83,0.0,1813,4404,50561
8,54973,83,0.0,1814,4404,50569
25,54998,83,0.0,1815,4404,50594
31,55029,83,0.0,1816,4404,50625
12,55041,83,0.0,1817,4404,50637
57,55098,83,0.0,1818,4404,50694
59,55157,83,0.0,1819,4404,50753
16,55173,83,0.0,1820,4404,50769
31,55204,83,0.0,1821,4404,50800
19,55223,84,1.0,1822,4404,50819
9,55232,84,0.0,1823,4404,50828
38,55270,84,0.0,1824,4404,50866
18,55288,84,0.0,1825,4404,50884
42,55330,84,0.0,1826,4404,50926
39,55369,84,0.0,1827,4404,50965
6,55375,84,0.0,1828,4404,50971
11,55386,84,0.0,1829,4404,50982
9,55395,84,0.0,1830,4404,50991
11,55406,84,0.0,1831,4404,51002
35,55441,84,0.0,1832,4404,51037
17,55458,84,0.0,1833,4404,51054
24,55482,84,0.0,1834,4404,51078
11,55493,84,0.0,1835,4404,51089
40,55533,84,0.0,1836,4404,51129
27,55560,84,0.0,1837,4404,51156
17,55577,84,0.0,1838,4404,51173
28,55605,84,0.0,1839,4404,51201
27,55632,85,1.0,1840,4404,51228
18,55650,85,0.0,1841,4404,51246
50,55700,86,1.0,1842,4404,51296
15,55715,86,0.0,1843,4404,51311
24,55739,86,0.0,1844,4404,51335
32,55771,86,0.0,1845,4404,51367
22,55793,86,0.0,1846,4404,51389
57,55850,86,0.0,1847,4404,51446
37,55887,86,0.0,1848,4404,51483
11,55898,86,0.0,1849,4404,51494
21,55919,87,1.0,1850,4404,51515
49,55968,87,0.0,1851,4404,51564
82,56050,87,0.0,1852,4404,51646
27,56077,88,1.0,1853,4404,51673
11,56088,88,0.0,1854,4404,51684
8,56096,88,0.0,1855,4404,51692
14,56110,88,0.0,1856,4404,51706
56,56166,88,0.0,1857,4404,51762
27,56193,88,0.0,1858,4404,51789
13,56206,88,0.0,1859,4404,51802
63,56269,88,0.0,1860,4404,51865
18,56287,88,0.0,1861,4404,51883
8,56295,88,0.0,1862,4404,51891
49,56344,88,0.0,1863,4404,51940
8,56352,88,0.0,1864,4404,51948
15,56367,88,0.0,1865,4404,51963
17,56384,88,0.0,1866,4404,51980
23,56407,89,1.0,1867,4404,52003
42,56449,89,0.0,1868,4404,52045
14,56463,89,0.0,1869,4404,52059
18,56481,90,1.0,1870,4404,52077
50,56531,90,0.0,1871,4404,52127
29,56560,90,0.0,1872,4404,52156
20,56580,90,0.0,1873,4404,52176
57,56637,90,0.0,1874,4404,52233
5,56642,90,0.0,1875,4404,52238
13,56655,90,0.0,1876,4404,52251
88,56743,90,0.0,1877,4404,52339
38,56781,91,1.0,1878,4404,52377
26,56807,92,1.0,1879,4404,52403
60,56867,93,1.0,1880,4404,52463
73,56940,93,0.0,1881,4404,52536
48,56988,93,0.0,1882,4404,52584
51,57039,93,0.0,1883,4404,52635
13,57052,93,0.0,1884,4404,52648
37,57089,93,0.0,1885,4404,52685
85,57174,93,0.0,1886,4404,52770
31,57205,93,0.0,1887,4404,52801
21,57226,93,0.0,1888,4404,52822
13,57239,93,0.0,1889,4404,52835
7,57246,93,0.0,1890,4404,52842
39,57285,93,0.0,1891,4404,52881
36,57321,93,0.0,1892,4404,52917
28,57349,93,0.0,1893,4404,52945
23,57372,93,0.0,1894,4404,52968
27,57399,93,0.0,1895,4404,52995
13,57412,93,0.0,1896,4404,53008
30,57442,93,0.0,1897,4404,53038
39,57481,93,0.0,1898,4404,53077
12,57493,93,0.0,1899,4404,53089
40,57533,93,0.0,1900,4404,53129
44,57577,93,0.0,1901,4404,53173
19,57596,93,0.0,1902,4404,53192
49,57645,93,0.0,1903,4404,53241
19,57664,93,0.0,1904,4404,53260
30,57694,94,1.0,1905,4404,53290
52,57746,94,0.0,1906,4404,53342
28,57774,94,0.0,1907,4404,53370
17,57791,94,0.0,1908,4404,53387
33,57824,95,1.0,1909,4404,53420
9,57833,95,0.0,1910,4404,53429
31,57864,95,0.0,1911,4404,53460
26,57890,95,0.0,1912,4404,53486
29,57919,95,0.0,1913,4404,53515
41,57960,95,0.0,1914,4404,53556
26,57986,95,0.0,1915,4404,53582
5,57991,95,0.0,1916,4404,53587
66,58057,95,0.0,1917,4404,53653
14,58071,95,0.0,1918,4404,53667
25,58096,95,0.0,1919,4404,53692
18,58114,95,0.0,1920,4404,53710
28,58142,95,0.0,1921,4404,53738
34,58176,96,1.0,1922,4404,53772
49,58225,96,0.0,1923,4404,53821
13,58238,96,0.0,1924,4404,53834
6,58244,96,0.0,1925,4404,53840
9,58253,96,0.0,1926,4404,53849
35,58288,96,0.0,1927,4404,53884
28,58316,97,1.0,1928,4404,53912
32,58348,97,0.0,1929,4404,53944
100,58448,97,0.0,1930,4404,54044
27,58475,97,0.0,1931,4404,54071
26,58501,98,1.0,1932,4404,54097
36,58537,98,0.0,1933,4404,54133
5,58542,98,0.0,1934,4404,54138
5,58547,98,0.0,1935,4404,54143
23,58570,98,0.0,1936,4404,54166
9,58579,98,0.0,1937,4404,54175
86,58665,98,0.0,1938,4404,54261
21,58686,98,0.0,1939,4404,54282
12,58698,98,0.0,1940,4404,54294
9,58707,98,0.0,1941,4404,54303
26,58733,98,0.0,1942,4404,54329
100,58833,98,0.0,1943,4404,54429
25,58858,98,0.0,1944,4404,54454
8,58866,98,0.0,1945,4404,54462
37,58903,99,1.0,1946,4404,54499
17,58920,99,0.0,1947,4404,54516
28,58948,99,0.0,1948,4404,54544
21,58969,100,1.0,1949,4404,54565
23,58992,100,0.0,1950,4404,54588
11,59003,100,0.0,1951,4404,54599
26,59029,100,0.0,1952,4404,54625
18,59047,100,0.0,1953,4404,54643
13,59060,100,0.0,1954,4404,54656
18,59078,100,0.0,1955,4404,54674
52,59130,101,1.0,1956,4404,54726
23,59153,101,0.0,1957,4404,54749
13,59166,101,0.0,1958,4404,54762
41,59207,102,1.0,1959,4404,54803
49,59256,102,0.0,1960,4404,54852
53,59309,102,0.0,1961,4404,54905
11,59320,102,0.0,1962,4404,54916
25,59345,102,0.0,1963,4404,54941
24,59369,102,0.0,1964,4404,54965
32,59401,102,0.0,1965,4404,54997
24,59425,102,0.0,1966,4404,55021
47,59472,102,0.0,1967,4404,55068
9,59481,102,0.0,1968,4404,55077
40,59521,103,1.0,1969,4404,55117
17,59538,103,0.0,1970,4404,55134
17,59555,103,0.0,1971,4404,55151
12,59567,103,0.0,1972,4404,55163
7,59574,103,0.0,1973,4404,55170
9,59583,103,0.0,1974,4404,55179
17,59600,103,0.0,1975,4404,55196
29,59629,103,0.0,1976,4404,55225
26,59655,103,0.0,1977,4404,55251
25,59680,103,0.0,1978,4404,55276
34,59714,103,0.0,1979,4404,55310
55,59769,103,0.0,1980,4404,55365
30,59799,103,0.0,1981,4404,55395
16,59815,103,0.0,1982,4404,55411
18,59833,103,0.0,1983,4404,55429
29,59862,103,0.0,1984,4404,55458
7,59869,103,0.0,1985,4404,55465
19,59888,103,0.0,1986,4404,55484
22,59910,103,0.0,1987,4404,55506
13,59923,103,0.0,1988,4404,55519
25,59948,103,0.0,1989,4404,55544
24,59972,103,0.0,1990,4404,55568
12,59984,103,0.0,1991,4404,55580
44,60028,103,0.0,1992,4404,55624
8,60036,103,0.0,1993,4404,55632
28,60064,103,0.0,1994,4404,55660
33,60097,103,0.0,1995,4404,55693
68,60165,103,0.0,1996,4404,55761
48,60213,103,0.0,1997,4404,55809
19,60232,103,0.0,1998,4404,55828
73,60305,103,0.0,1999,4404,55901
34,60339,103,0.0,2000,4404,55935
21,60360,103,0.0,2001,4404,55956
16,60376,103,0.0,2002,4404,55972
19,60395,103,0.0,2003,4404,55991
35,60430,103,0.0,2004,4404,56026
35,60465,103,0.0,2005,4404,56061
19,60484,103,0.0,2006,4404,56080
42,60526,104,1.0,2007,4404,56122
24,60550,105,1.0,2008,4404,56146
55,60605,105,0.0,2009,4404,56201
60,60665,105,0.0,2010,4404,56261
43,60708,105,0.0,2011,4404,56304
18,60726,105,0.0,2012,4404,56322
34,60760,105,0.0,2013,4404,56356
11,60771,105,0.0,2014,4404,56367
14,60785,105,0.0,2015,4404,56381
51,60836,105,0.0,2016,4404,56432
17,60853,105,0.0,2017,4404,56449
11,60864,105,0.0,2018,4404,56460
10,60874,105,0.0,2019,4404,56470
11,60885,105,0.0,2020,4404,56481
16,60901,105,0.0,2021,4404,56497
41,60942,105,0.0,2022,4404,56538
10,60952,105,0.0,2023,4404,56548
98,61050,106,1.0,2024,4404,56646
46,61096,106,0.0,2025,4404,56692
10,61106,106,0.0,2026,4404,56702
31,61137,106,0.0,2027,4404,56733
63,61200,106,0.0,2028,4404,56796
9,61209,106,0.0,2029,4404,56805
30,61239,107,1.0,2030,4404,56835
30,61269,107,0.0,2031,4404,56865
23,61292,107,0.0,2032,4404,56888
49,61341,107,0.0,2033,4404,56937
14,61355,107,0.0,2034,4404,56951
13,61368,107,0.0,2035,4404,56964
24,61392,107,0.0,2036,4404,56988
15,61407,107,0.0,2037,4404,57003
41,61448,107,0.0,2038,4404,57044
10,61458,107,0.0,2039,4404,57054
45,61503,107,0.0,2040,4404,57099
13,61516,107,0.0,2041,4404,57112
7,61523,107,0.0,2042,4404,57119
13,61536,107,0.0,2043,4404,57132
18,61554,107,0.0,2044,4404,57150
22,61576,107,0.0,2045,4404,57172
24,61600,107,0.0,2046,4404,57196
18,61618,107,0.0,2047,4404,57214
32,61650,108,1.0,2048,4404,57246
20,61670,108,0.0,2049,4404,57266
17,61687,108,0.0,2050,4404,57283
38,61725,109,1.0,2051,4404,57321
39,61764,109,0.0,2052,4404,57360
13,61777,109,0.0,2053,4404,57373
16,61793,109,0.0,2054,4404,57389
10,61803,109,0.0,2055,4404,57399
24,61827,109,0.0,2056,4404,57423
21,61848,109,0.0,2057,4404,57444
17,61865,109,0.0,2058,4404,57461
19,61884,109,0.0,2059,4404,57480
29,61913,109,0.0,2060,4404,57509
15,61928,109,0.0,2061,4404,57524
26,61954,109,0.0,2062,4404,57550
74,62028,110,1.0,2063,4404,57624
20,62048,110,0.0,2064,4404,57644
100,62148,110,0.0,2065,4404,57744
51,62199,110,0.0,2066,4404,57795
21,62220,110,0.0,2067,4404,57816
39,62259,111,1.0,2068,4404,57855
12,62271,111,0.0,2069,4404,57867
23,62294,111,0.0,2070,4404,57890
43,62337,111,0.0,2071,4404,57933
9,62346,111,0.0,2072,4404,57942
17,62363,111,0.0,2073,4404,57959
13,62376,111,0.0,2074,4404,57972
14,62390,111,0.0,2075,4404,57986
26,62416,111,0.0,2076,4404,58012
10,62426,111,0.0,2077,4404,58022
81,62507,111,0.0,2078,4404,58103
21,62528,111,0.0,2079,4404,58124
17,62545,111,0.0,2080,4404,58141
9,62554,111,0.0,2081,4404,58150
54,62608,111,0.0,2082,4404,58204
60,62668,111,0.0,2083,4404,58264
25,62693,111,0.0,2084,4404,58289
28,62721,111,0.0,2085,4404,58317
30,62751,111,0.0,2086,4404,58347
36,62787,111,0.0,2087,4404,58383
54,62841,111,0.0,2088,4404,58437
38,62879,111,0.0,2089,4404,58475
45,62924,111,0.0,2090,4404,58520
18,62942,111,0.0,2091,4404,58538
100,63042,111,0.0,2092,4404,58638
63,63105,111,0.0,2093,4404,58701
9,63114,111,0.0,2094,4404,58710
36,63150,111,0.0,2095,4404,58746
25,63175,112,1.0,2096,4404,58771
46,63221,113,1.0,2097,4404,58817
35,63256,114,1.0,2098,4404,58852
29,63285,115,1.0,2099,4404,58881
25,63310,115,0.0,2100,4404,58906
96,63406,116,1.0,2101,4404,59002
34,63440,117,1.0,2102,4404,59036
26,63466,117,0.0,2103,4404,59062
8,63474,117,0.0,2104,4404,59070
7,63481,117,0.0,2105,4404,59077
21,63502,117,0.0,2106,4404,59098
11,63513,117,0.0,2107,4404,59109
18,63531,117,0.0,2108,4404,59127
11,63542,117,0.0,2109,4404,59138
29,63571,117,0.0,2110,4404,59167
33,63604,117,0.0,2111,4404,59200
36,63640,117,0.0,2112,4404,59236
42,63682,117,0.0,2113,4404,59278
19,63701,117,0.0,2114,4404,59297
19,63720,117,0.0,2115,4404,59316
19,63739,117,0.0,2116,4404,59335
34,63773,117,0.0,2117,4404,59369
43,63816,117,0.0,2118,4404,59412
43,63859,117,0.0,2119,4404,59455
22,63881,118,1.0,2120,4404,59477
15,63896,118,0.0,2121,4404,59492
59,63955,119,1.0,2122,4404,59551
49,64004,120,1.0,2123,4404,59600
5,64009,120,0.0,2124,4404,59605
9,64018,120,0.0,2125,4404,59614
20,64038,120,0.0,2126,4404,59634
31,64069,120,0.0,2127,4404,59665
69,64138,120,0.0,2128,4404,59734
44,64182,120,0.0,2129,4404,59778
69,64251,120,0.0,2130,4404,59847
28,64279,120,0.0,2131,4404,59875
5,64284,120,0.0,2132,4404,59880
10,64294,120,0.0,2133,4404,59890
32,64326,121,1.0,2134,4404,59922
42,64368,121,0.0,2135,4404,59964
17,64385,121,0.0,2136,4404,59981
25,64410,121,0.0,2137,4404,60006
26,64436,122,1.0,2138,4404,60032
89,64525,122,0.0,2139,4404,60121
22,64547,122,0.0,2140,4404,60143
24,64571,122,0.0,2141,4404,60167
14,64585,122,0.0,2142,4404,60181
33,64618,122,0.0,2143,4404,60214
11,64629,122,0.0,2144,4404,60225
36,64665,123,1.0,2145,4404,60261
39,64704,123,0.0,2146,4404,60300
9,64713,123,0.0,2147,4404,60309
14,64727,123,0.0,2148,4404,60323
57,64784,124,1.0,2149,4404,60380
13,64797,124,0.0,2150,4404,60393
23,64820,125,1.0,2151,4404,60416
48,64868,126,1.0,2152,4404,60464
19,64887,126,0.0,2153,4404,60483
37,64924,127,1.0,2154,4404,60520
10,64934,127,0.0,2155,4404,60530
23,64957,127,0.0,2156,4404,60553
16,64973,127,0.0,2157,4404,60569
49,65022,128,1.0,2158,4404,60618
13,65035,128,0.0,2159,4404,60631
41,65076,128,0.0,2160,4404,60672
28,65104,128,0.0,2161,4404,60700
14,65118,128,0.0,2162,4404,60714
24,65142,128,0.0,2163,4404,60738
21,65163,128,0.0,2164,4404,60759
11,65174,128,0.0,2165,4404,60770
32,65206,128,0.0,2166,4404,60802
18,65224,128,0.0,2167,4404,60820
29,65253,129,1.0,2168,4404,60849
67,65320,129,0.0,2169,4404,60916
49,65369,129,0.0,2170,4404,60965
22,65391,129,0.0,2171,4404,60987
20,65411,129,0.0,2172,4404,61007
21,65432,129,0.0,2173,4404,61028
35,65467,130,1.0,2174,4404,61063
24,65491,130,0.0,2175,4404,61087
13,65504,130,0.0,2176,4404,61100
56,65560,131,1.0,2177,4404,61156
9,65569,131,0.0,2178,4404,61165
8,65577,131,0.0,2179,4404,61173
58,65635,132,1.0,2180,4404,61231
77,65712,132,0.0,2181,4404,61308
92,65804,133,1.0,2182,4404,61400
39,65843,134,1.0,2183,4404,61439
93,65936,134,0.0,2184,4404,61532
18,65954,134,0.0,2185,4404,61550
20,65974,134,0.0,2186,4404,61570
26,66000,134,0.0,2187,4404,61596
10,66010,134,0.0,2188,4404,61606
56,66066,135,1.0,2189,4404,61662
50,66116,136,1.0,2190,4404,61712
22,66138,136,0.0,2191,4404,61734
20,66158,136,0.0,2192,4404,61754
41,66199,137,1.0,2193,4404,61795
10,66209,137,0.0,2194,4404,61805
29,66238,137,0.0,2195,4404,61834
9,66247,137,0.0,2196,4404,61843
43,66290,138,1.0,2197,4404,61886
59,66349,139,1.0,2198,4404,61945
72,66421,139,0.0,2199,4404,62017
27,66448,140,1.0,2200,4404,62044
13,66461,140,0.0,2201,4404,62057
11,66472,140,0.0,2202,4404,62068
36,66508,140,0.0,2203,4404,62104
32,66540,140,0.0,2204,4404,62136
8,66548,140,0.0,2205,4404,62144
26,66574,140,0.0,2206,4404,62170
38,66612,140,0.0,2207,4404,62208
28,66640,140,0.0,2208,4404,62236
30,66670,140,0.0,2209,4404,62266
19,66689,140,0.0,2210,4404,62285
8,66697,140,0.0,2211,4404,62293
17,66714,140,0.0,2212,4404,62310
32,66746,141,1.0,2213,4404,62342
21,66767,141,0.0,2214,4404,62363
52,66819,141,0.0,2215,4404,62415
13,66832,141,0.0,2216,4404,62428
7,66839,141,0.0,2217,4404,62435
29,66868,141,0.0,2218,4404,62464
33,66901,142,1.0,2219,4404,62497
25,66926,142,0.0,2220,4404,62522
69,66995,143,1.0,2221,4404,62591
55,67050,143,0.0,2222,4404,62646
25,67075,143,0.0,2223,4404,62671
49,67124,143,0.0,2224,4404,62720
33,67157,143,0.0,2225,4404,62753
20,67177,143,0.0,2226,4404,62773
25,67202,143,0.0,2227,4404,62798
22,67224,143,0.0,2228,4404,62820
29,67253,143,0.0,2229,4404,62849
42,67295,143,0.0,2230,4404,62891
13,67308,143,0.0,2231,4404,62904
58,67366,143,0.0,2232,4404,62962
11,67377,143,0.0,2233,4404,62973
78,67455,143,0.0,2234,4404,63051
19,67474,143,0.0,2235,4404,63070
9,67483,143,0.0,2236,4404,63079
44,67527,143,0.0,2237,4404,63123
27,67554,143,0.0,2238,4404,63150
17,67571,143,0.0,2239,4404,63167
22,67593,143,0.0,2240,4404,63189
16,67609,143,0.0,2241,4404,63205
18,67627,143,0.0,2242,4404,63223
27,67654,143,0.0,2243,4404,63250
14,67668,143,0.0,2244,4404,63264
46,67714,144,1.0,2245,4404,63310
82,67796,144,0.0,2246,4404,63392
15,67811,144,0.0,2247,4404,63407
37,67848,144,0.0,2248,4404,63444
30,67878,145,1.0,2249,4404,63474
19,67897,145,0.0,2250,4404,63493
28,67925,145,0.0,2251,4404,63521
7,67932,145,0.0,2252,4404,63528
85,68017,145,0.0,2253,4404,63613
22,68039,145,0.0,2254,4404,63635
50,68089,145,0.0,2255,4404,63685
71,68160,145,0.0,2256,4404,63756
21,68181,145,0.0,2257,4404,63777
42,68223,145,0.0,2258,4404,63819
35,68258,145,0.0,2259,4404,63854
55,68313,145,0.0,2260,4404,63909
19,68332,145,0.0,2261,4404,63928
6,68338,145,0.0,2262,4404,63934
26,68364,145,0.0,2263,4404,63960
57,68421,146,1.0,2264,4404,64017
24,68445,147,1.0,2265,4404,64041
60,68505,147,0.0,2266,4404,64101
91,68596,148,1.0,2267,4404,64192
34,68630,148,0.0,2268,4404,64226
65,68695,149,1.0,2269,4404,64291
31,68726,150,1.0,2270,4404,64322
64,68790,150,0.0,2271,4404,64386
84,68874,151,1.0,2272,4404,64470
30,68904,152,1.0,2273,4404,64500
19,68923,152,0.0,2274,4404,64519
32,68955,152,0.0,2275,4404,64551
21,68976,152,0.0,2276,4404,64572
52,69028,152,0.0,2277,4404,64624
32,69060,152,0.0,2278,4404,64656
7,69067,152,0.0,2279,4404,64663
32,69099,152,0.0,2280,4404,64695
12,69111,152,0.0,2281,4404,64707
52,69163,152,0.0,2282,4404,64759
49,69212,152,0.0,2283,4404,64808
9,69221,152,0.0,2284,4404,64817
18,69239,153,1.0,2285,4404,64835
42,69281,153,0.0,2286,4404,64877
19,69300,153,0.0,2287,4404,64896
10,69310,153,0.0,2288,4404,64906
25,69335,153,0.0,2289,4404,64931
13,69348,153,0.0,2290,4404,64944
56,69404,154,1.0,2291,4404,65000
28,69432,154,0.0,2292,4404,65028
15,69447,155,1.0,2293,4404,65043
30,69477,155,0.0,2294,4404,65073
36,69513,155,0.0,2295,4404,65109
49,69562,155,0.0,2296,4404,65158
27,69589,155,0.0,2297,4404,65185
25,69614,155,0.0,2298,4404,65210
17,69631,155,0.0,2299,4404,65227
61,69692,155,0.0,2300,4404,65288
11,69703,155,0.0,2301,4404,65299
63,69766,156,1.0,2302,4404,65362
23,69789,157,1.0,2303,4404,65385
10,69799,157,0.0,2304,4404,65395
28,69827,157,0.0,2305,4404,65423
26,69853,157,0.0,2306,4404,65449
100,69953,157,0.0,2307,4404,65549
100,70053,157,0.0,2308,4404,65649
51,70104,157,0.0,2309,4404,65700
18,70122,157,0.0,2310,4404,65718
8,70130,157,0.0,2311,4404,65726
14,70144,157,0.0,2312,4404,65740
23,70167,157,0.0,2313,4404,65763
34,70201,158,1.0,2314,4404,65797
100,70301,158,0.0,2315,4404,65897
10,70311,158,0.0,2316,4404,65907
37,70348,158,0.0,2317,4404,65944
5,70353,158,0.0,2318,4404,65949
28,70381,158,0.0,2319,4404,65977
49,70430,159,1.0,2320,4404,66026
58,70488,159,0.0,2321,4404,66084
7,70495,159,0.0,2322,4404,66091
23,70518,160,1.0,2323,4404,66114
29,70547,160,0.0,2324,4404,66143
77,70624,160,0.0,2325,4404,66220
5,70629,160,0.0,2326,4404,66225
11,70640,160,0.0,2327,4404,66236
34,70674,160,0.0,2328,4404,66270
19,70693,160,0.0,2329,4404,66289
54,70747,161,1.0,2330,4404,66343
47,70794,161,0.0,2331,4404,66390
8,70802,161,0.0,2332,4404,66398
18,70820,161,0.0,2333,4404,66416
9,70829,161,0.0,2334,4404,66425
12,70841,161,0.0,2335,4404,66437
26,70867,161,0.0,2336,4404,66463
26,70893,161,0.0,2337,4404,66489
21,70914,161,0.0,2338,4404,66510
15,70929,161,0.0,2339,4404,66525
22,70951,161,0.0,2340,4404,66547
31,70982,161,0.0,2341,4404,66578
31,71013,162,1.0,2342,4404,66609
20,71033,162,0.0,2343,4404,66629
13,71046,162,0.0,2344,4404,66642
29,71075,162,0.0,2345,4404,66671
9,71084,162,0.0,2346,4404,66680
28,71112,162,0.0,2347,4404,66708
80,71192,162,0.0,2348,4404,66788
24,71216,162,0.0,2349,4404,66812
39,71255,162,0.0,2350,4404,66851
14,71269,162,0.0,2351,4404,66865
11,71280,162,0.0,2352,4404,66876
21,71301,162,0.0,2353,4404,66897
11,71312,162,0.0,2354,4404,66908
28,71340,162,0.0,2355,4404,66936
30,71370,162,0.0,2356,4404,66966
10,71380,162,0.0,2357,4404,66976
47,71427,163,1.0,2358,4404,67023
39,71466,163,0.0,2359,4404,67062
26,71492,163,0.0,2360,4404,67088
19,71511,163,0.0,2361,4404,67107
56,71567,163,0.0,2362,4404,67163
55,71622,163,0.0,2363,4404,67218
20,71642,163,0.0,2364,4404,67238
64,71706,163,0.0,2365,4404,67302
13,71719,163,0.0,2366,4404,67315
34,71753,163,0.0,2367,4404,67349
33,71786,164,1.0,2368,4404,67382
9,71795,164,0.0,2369,4404,67391
20,71815,164,0.0,2370,4404,67411
24,71839,165,1.0,2371,4404,67435
11,71850,165,0.0,2372,4404,67446
48,71898,165,0.0,2373,4404,67494
21,71919,165,0.0,2374,4404,67515
14,71933,165,0.0,2375,4404,67529
15,71948,165,0.0,2376,4404,67544
45,71993,166,1.0,2377,4404,67589
45,72038,166,0.0,2378,4404,67634
27,72065,166,0.0,2379,4404,67661
31,72096,166,0.0,2380,4404,67692
19,72115,166,0.0,2381,4404,67711
32,72147,166,0.0,2382,4404,67743
23,72170,166,0.0,2383,4404,67766
100,72270,166,0.0,2384,4404,67866
18,72288,166,0.0,2385,4404,67884
33,72321,166,0.0,2386,4404,67917
10,72331,166,0.0,2387,4404,67927
16,72347,166,0.0,2388,4404,67943
39,72386,166,0.0,2389,4404,67982
12,72398,166,0.0,2390,4404,67994
49,72447,166,0.0,2391,4404,68043
22,72469,166,0.0,2392,4404,68065
26,72495,166,0.0,2393,4404,68091
41,72536,166,0.0,2394,4404,68132
36,72572,166,0.0,2395,4404,68168
23,72595,166,0.0,2396,4404,68191
15,72610,166,0.0,2397,4404,68206
9,72619,166,0.0,2398,4404,68215
18,72637,166,0.0,2399,4404,68233
23,72660,166,0.0,2400,4404,68256
13,72673,166,0.0,2401,4404,68269
36,72709,166,0.0,2402,4404,68305
12,72721,166,0.0,2403,4404,68317
41,72762,167,1.0,2404,4404,68358
29,72791,168,1.0,2405,4404,68387
23,72814,168,0.0,2406,4404,68410
69,72883,168,0.0,2407,4404,68479
19,72902,168,0.0,2408,4404,68498
22,72924,169,1.0,2409,4404,68520
13,72937,169,0.0,2410,4404,68533
65,73002,169,0.0,2411,4404,68598
40,73042,169,0.0,2412,4404,68638
11,73053,169,0.0,2413,4404,68649
8,73061,169,0.0,2414,4404,68657
14,73075,169,0.0,2415,4404,68671
41,73116,169,0.0,2416,4404,68712
17,73133,169,0.0,2417,4404,68729
28,73161,169,0.0,2418,4404,68757
31,73192,169,0.0,2419,4404,68788
31,73223,169,0.0,2420,4404,68819
14,73237,169,0.0,2421,4404,68833
15,73252,169,0.0,2422,4404,68848
43,73295,169,0.0,2423,4404,68891
14,73309,169,0.0,2424,4404,68905
19,73328,169,0.0,2425,4404,68924
16,73344,169,0.0,2426,4404,68940
42,73386,169,0.0,2427,4404,68982
16,73402,169,0.0,2428,4404,68998
31,73433,169,0.0,2429,4404,69029
38,73471,169,0.0,2430,4404,69067
41,73512,170,1.0,2431,4404,69108
50,73562,170,0.0,2432,4404,69158
22,73584,171,1.0,2433,4404,69180
26,73610,172,1.0,2434,4404,69206
24,73634,172,0.0,2435,4404,69230
9,73643,172,0.0,2436,4404,69239
21,73664,172,0.0,2437,4404,69260
10,73674,172,0.0,2438,4404,69270
11,73685,172,0.0,2439,4404,69281
24,73709,172,0.0,2440,4404,69305
12,73721,172,0.0,2441,4404,69317
23,73744,172,0.0,2442,4404,69340
47,73791,172,0.0,2443,4404,69387
10,73801,172,0.0,2444,4404,69397
14,73815,172,0.0,2445,4404,69411
7,73822,172,0.0,2446,4404,69418
13,73835,172,0.0,2447,4404,69431
29,73864,172,0.0,2448,4404,69460
71,73935,172,0.0,2449,4404,69531
43,73978,172,0.0,2450,4404,69574
93,74071,172,0.0,2451,4404,69667
21,74092,172,0.0,2452,4404,69688
43,74135,173,1.0,2453,4404,69731
42,74177,173,0.0,2454,4404,69773
8,74185,173,0.0,2455,4404,69781
11,74196,173,0.0,2456,4404,69792
49,74245,174,1.0,2457,4404,69841
52,74297,175,1.0,2458,4404,69893
97,74394,175,0.0,2459,4404,69990
42,74436,175,0.0,2460,4404,70032
27,74463,175,0.0,2461,4404,70059
11,74474,175,0.0,2462,4404,70070
34,74508,175,0.0,2463,4404,70104
91,74599,176,1.0,2464,4404,70195
61,74660,176,0.0,2465,4404,70256
23,74683,176,0.0,2466,4404,70279
11,74694,176,0.0,2467,4404,70290
41,74735,176,0.0,2468,4404,70331
41,74776,176,0.0,2469,4404,70372
30,74806,176,0.0,2470,4404,70402
38,74844,176,0.0,2471,4404,70440
79,74923,176,0.0,2472,4404,70519
8,74931,176,0.0,2473,4404,70527
50,74981,176,0.0,2474,4404,70577
9,74990,176,0.0,2475,4404,70586
30,75020,176,0.0,2476,4404,70616
40,75060,176,0.0,2477,4404,70656
25,75085,176,0.0,2478,4404,70681
27,75112,177,1.0,2479,4404,70708
30,75142,177,0.0,2480,4404,70738
11,75153,177,0.0,2481,4404,70749
15,75168,177,0.0,2482,4404,70764
20,75188,177,0.0,2483,4404,70784
8,75196,177,0.0,2484,4404,70792
32,75228,177,0.0,2485,4404,70824
12,75240,177,0.0,2486,4404,70836
10,75250,177,0.0,2487,4404,70846
29,75279,177,0.0,2488,4404,70875
13,75292,177,0.0,2489,4404,70888
29,75321,177,0.0,2490,4404,70917
22,75343,177,0.0,2491,4404,70939
32,75375,177,0.0,2492,4404,70971
28,75403,177,0.0,2493,4404,70999
100,75503,178,1.0,2494,4404,71099
78,75581,178,0.0,2495,4404,71177
19,75600,178,0.0,2496,4404,71196
58,75658,179,1.0,2497,4404,71254
45,75703,179,0.0,2498,4404,71299
64,75767,179,0.0,2499,4404,71363
27,75794,179,0.0,2500,4404,71390
12,75806,179,0.0,2501,4404,71402
42,75848,179,0.0,2502,4404,71444
10,75858,179,0.0,2503,4404,71454
19,75877,179,0.0,2504,4404,71473
13,75890,179,0.0,2505,4404,71486
10,75900,179,0.0,2506,4404,71496
31,75931,179,0.0,2507,4404,71527
25,75956,179,0.0,2508,4404,71552
28,75984,179,0.0,2509,4404,71580
17,76001,179,0.0,2510,4404,71597
46,76047,179,0.0,2511,4404,71643
47,76094,179,0.0,2512,4404,71690
43,76137,179,0.0,2513,4404,71733
45,76182,180,1.0,2514,4404,71778
64,76246,180,0.0,2515,4404,71842
29,76275,181,1.0,2516,4404,71871
15,76290,181,0.0,2517,4404,71886
12,76302,181,0.0,2518,4404,71898
30,76332,182,1.0,2519,4404,71928
17,76349,182,0.0,2520,4404,71945
42,76391,182,0.0,2521,4404,71987
11,76402,182,0.0,2522,4404,71998
30,76432,182,0.0,2523,4404,72028
23,76455,183,1.0,2524,4404,72051
21,76476,183,0.0,2525,4404,72072
55,76531,183,0.0,2526,4404,72127
49,76580,183,0.0,2527,4404,72176
12,76592,183,0.0,2528,4404,72188
24,76616,183,0.0,2529,4404,72212
20,76636,183,0.0,2530,4404,72232
24,76660,184,1.0,2531,4404,72256
12,76672,184,0.0,2532,4404,72268
27,76699,184,0.0,2533,4404,72295
26,76725,184,0.0,2534,4404,72321
16,76741,184,0.0,2535,4404,72337
15,76756,184,0.0,2536,4404,72352
16,76772,184,0.0,2537,4404,72368
26,76798,184,0.0,2538,4404,72394
26,76824,184,0.0,2539,4404,72420
19,76843,184,0.0,2540,4404,72439
57,76900,185,1.0,2541,4404,72496
40,76940,185,0.0,2542,4404,72536
29,76969,186,1.0,2543,4404,72565
29,76998,186,0.0,2544,4404,72594
13,77011,186,0.0,2545,4404,72607
38,77049,186,0.0,2546,4404,72645
74,77123,186,0.0,2547,4404,72719
10,77133,186,0.0,2548,4404,72729
21,77154,186,0.0,2549,4404,72750
16,77170,186,0.0,2550,4404,72766
21,77191,186,0.0,2551,4404,72787
16,77207,186,0.0,2552,4404,72803
38,77245,186,0.0,2553,4404,72841
30,77275,186,0.0,2554,4404,72871
12,77287,186,0.0,2555,4404,72883
10,77297,186,0.0,2556,4404,72893
10,77307,186,0.0,2557,4404,72903
16,77323,186,0.0,2558,4404,72919
51,77374,186,0.0,2559,4404,72970
6,77380,186,0.0,2560,4404,72976
56,77436,186,0.0,2561,4404,73032
37,77473,186,0.0,2562,4404,73069
9,77482,186,0.0,2563,4404,73078
17,77499,186,0.0,2564,4404,73095
7,77506,186,0.0,2565,4404,73102
14,77520,186,0.0,2566,4404,73116
42,77562,186,0.0,2567,4404,73158
25,77587,186,0.0,2568,4404,73183
14,77601,186,0.0,2569,4404,73197
17,77618,186,0.0,2570,4404,73214
62,77680,186,0.0,2571,4404,73276
28,77708,186,0.0,2572,4404,73304
25,77733,186,0.0,2573,4404,73329
14,77747,186,0.0,2574,4404,73343
8,77755,186,0.0,2575,4404,73351
25,77780,186,0.0,2576,4404,73376
20,77800,186,0.0,2577,4404,73396
46,77846,186,0.0,2578,4404,73442
46,77892,186,0.0,2579,4404,73488
26,77918,186,0.0,2580,4404,73514
43,77961,186,0.0,2581,4404,73557
10,77971,186,0.0,2582,4404,73567
23,77994,186,0.0,2583,4404,73590
24,78018,186,0.0,2584,4404,73614
21,78039,186,0.0,2585,4404,73635
38,78077,186,0.0,2586,4404,73673
38,78115,186,0.0,2587,4404,73711
30,78145,187,1.0,2588,4404,73741
70,78215,188,1.0,2589,4404,73811
28,78243,188,0.0,2590,4404,73839
35,78278,189,1.0,2591,4404,73874
66,78344,189,0.0,2592,4404,73940
18,78362,189,0.0,2593,4404,73958
19,78381,189,0.0,2594,4404,73977
12,78393,189,0.0,2595,4404,73989
33,78426,189,0.0,2596,4404,74022
11,78437,189,0.0,2597,4404,74033
38,78475,190,1.0,2598,4404,74071
25,78500,190,0.0,2599,4404,74096
39,78539,191,1.0,2600,4404,74135
14,78553,191,0.0,2601,4404,74149
73,78626,191,0.0,2602,4404,74222
9,78635,191,0.0,2603,4404,74231
68,78703,191,0.0,2604,4404,74299
38,78741,191,0.0,2605,4404,74337
47,78788,191,0.0,2606,4404,74384
24,78812,191,0.0,2607,4404,74408
22,78834,191,0.0,2608,4404,74430
26,78860,191,0.0,2609,4404,74456
11,78871,191,0.0,2610,4404,74467
13,78884,191,0.0,2611,4404,74480
68,78952,191,0.0,2612,4404,74548
22,78974,191,0.0,2613,4404,74570
47,79021,192,1.0,2614,4404,74617
72,79093,192,0.0,2615,4404,74689
11,79104,192,0.0,2616,4404,74700
7,79111,192,0.0,2617,4404,74707
10,79121,192,0.0,2618,4404,74717
15,79136,192,0.0,2619,4404,74732
13,79149,192,0.0,2620,4404,74745
42,79191,192,0.0,2621,4404,74787
67,79258,192,0.0,2622,4404,74854
47,79305,193,1.0,2623,4404,74901
10,79315,193,0.0,2624,4404,74911
52,79367,194,1.0,2625,4404,74963
32,79399,195,1.0,2626,4404,74995
29,79428,195,0.0,2627,4404,75024
33,79461,195,0.0,2628,4404,75057
23,79484,195,0.0,2629,4404,75080
61,79545,195,0.0,2630,4404,75141
76,79621,196,1.0,2631,4404,75217
34,79655,196,0.0,2632,4404,75251
52,79707,196,0.0,2633,4404,75303
13,79720,196,0.0,2634,4404,75316
48,79768,196,0.0,2635,4404,75364
28,79796,196,0.0,2636,4404,75392
26,79822,196,0.0,2637,4404,75418
18,79840,196,0.0,2638,4404,75436
15,79855,196,0.0,2639,4404,75451
61,79916,196,0.0,2640,4404,75512
43,79959,196,0.0,2641,4404,75555
34,79993,197,1.0,2642,4404,75589
18,80011,197,0.0,2643,4404,75607
23,80034,197,0.0,2644,4404,75630
5,80039,197,0.0,2645,4404,75635
30,80069,198,1.0,2646,4404,75665
40,80109,199,1.0,2647,4404,75705
11,80120,199,0.0,2648,4404,75716
11,80131,199,0.0,2649,4404,75727
56,80187,200,1.0,2650,4404,75783
17,80204,200,0.0,2651,4404,75800
31,80235,201,1.0,2652,4404,75831
13,80248,201,0.0,2653,4404,75844
58,80306,201,0.0,2654,4404,75902
14,80320,201,0.0,2655,4404,75916
35,80355,201,0.0,2656,4404,75951
55,80410,201,0.0,2657,4404,76006
13,80423,201,0.0,2658,4404,76019
100,80523,201,0.0,2659,4404,76119
29,80552,201,0.0,2660,4404,76148
25,80577,202,1.0,2661,4404,76173
20,80597,202,0.0,2662,4404,76193
23,80620,202,0.0,2663,4404,76216
34,80654,202,0.0,2664,4404,76250
17,80671,202,0.0,2665,4404,76267
14,80685,202,0.0,2666,4404,76281
30,80715,202,0.0,2667,4404,76311
69,80784,203,1.0,2668,4404,76380
13,80797,203,0.0,2669,4404,76393
28,80825,203,0.0,2670,4404,76421
16,80841,203,0.0,2671,4404,76437
6,80847,203,0.0,2672,4404,76443
27,80874,203,0.0,2673,4404,76470
23,80897,203,0.0,2674,4404,76493
10,80907,203,0.0,2675,4404,76503
13,80920,203,0.0,2676,4404,76516
16,80936,203,0.0,2677,4404,76532
31,80967,203,0.0,2678,4404,76563
57,81024,203,0.0,2679,4404,76620
20,81044,203,0.0,2680,4404,76640
29,81073,204,1.0,2681,4404,76669
9,81082,204,0.0,2682,4404,76678
9,81091,204,0.0,2683,4404,76687
32,81123,204,0.0,2684,4404,76719
19,81142,204,0.0,2685,4404,76738
14,81156,204,0.0,2686,4404,76752
19,81175,204,0.0,2687,4404,76771
9,81184,204,0.0,2688,4404,76780
64,81248,204,0.0,2689,4404,76844
40,81288,205,1.0,2690,4404,76884
8,81296,205,0.0,2691,4404,76892
8,81304,205,0.0,2692,4404,76900
6,81310,205,0.0,2693,4404,76906
29,81339,205,0.0,2694,4404,76935
26,81365,205,0.0,2695,4404,76961
36,81401,205,0.0,2696,4404,76997
39,81440,205,0.0,2697,4404,77036
36,81476,205,0.0,2698,4404,77072
20,81496,205,0.0,2699,4404,77092
26,81522,205,0.0,2700,4404,77118
14,81536,205,0.0,2701,4404,77132
11,81547,205,0.0,2702,4404,77143
38,81585,205,0.0,2703,4404,77181
30,81615,205,0.0,2704,4404,77211
50,81665,206,1.0,2705,4404,77261
31,81696,206,0.0,2706,4404,77292
14,81710,206,0.0,2707,4404,77306
24,81734,207,1.0,2708,4404,77330
17,81751,207,0.0,2709,4404,77347
17,81768,207,0.0,2710,4404,77364
17,81785,207,0.0,2711,4404,77381
56,81841,207,0.0,2712,4404,77437
16,81857,207,0.0,2713,4404,77453
33,81890,207,0.0,2714,4404,77486
25,81915,207,0.0,2715,4404,77511
84,81999,207,0.0,2716,4404,77595
7,82006,207,0.0,2717,4404,77602
11,82017,207,0.0,2718,4404,77613
55,82072,207,0.0,2719,4404,77668
24,82096,207,0.0,2720,4404,77692
32,82128,207,0.0,2721,4404,77724
36,82164,207,0.0,2722,4404,77760
39,82203,208,1.0,2723,4404,77799
40,82243,208,0.0,2724,4404,77839
14,82257,208,0.0,2725,4404,77853
13,82270,208,0.0,2726,4404,77866
49,82319,208,0.0,2727,4404,77915
32,82351,208,0.0,2728,4404,77947
56,82407,209,1.0,2729,4404,78003
54,82461,210,1.0,2730,4404,78057
18,82479,210,0.0,2731,4404,78075
100,82579,210,0.0,2732,4404,78175
6,82585,210,0.0,2733,4404,78181
34,82619,210,0.0,2734,4404,78215
38,82657,210,0.0,2735,4404,78253
25,82682,210,0.0,2736,4404,78278
57,82739,210,0.0,2737,4404,78335
20,82759,210,0.0,2738,4404,78355
9,82768,210,0.0,2739,4404,78364
52,82820,210,0.0,2740,4404,78416
11,82831,210,0.0,2741,4404,78427
46,82877,210,0.0,2742,4404,78473
64,82941,210,0.0,2743,4404,78537
30,82971,211,1.0,2744,4404,78567
35,83006,211,0.0,2745,4404,78602
51,83057,212,1.0,2746,4404,78653
12,83069,212,0.0,2747,4404,78665
19,83088,212,0.0,2748,4404,78684
15,83103,212,0.0,2749,4404,78699
23,83126,212,0.0,2750,4404,78722
45,83171,212,0.0,2751,4404,78767
15,83186,212,0.0,2752,4404,78782
74,83260,213,1.0,2753,4404,78856
14,83274,213,0.0,2754,4404,78870
23,83297,213,0.0,2755,4404,78893
15,83312,213,0.0,2756,4404,78908
43,83355,213,0.0,2757,4404,78951
30,83385,213,0.0,2758,4404,78981
32,83417,213,0.0,2759,4404,79013
26,83443,213,0.0,2760,4404,79039
15,83458,213,0.0,2761,4404,79054
16,83474,213,0.0,2762,4404,79070
22,83496,213,0.0,2763,4404,79092
24,83520,213,0.0,2764,4404,79116
32,83552,213,0.0,2765,4404,79148
20,83572,213,0.0,2766,4404,79168
9,83581,213,0.0,2767,4404,79177
52,83633,213,0.0,2768,4404,79229
51,83684,214,1.0,2769,4404,79280
50,83734,214,0.0,2770,4404,79330
33,83767,214,0.0,2771,4404,79363
39,83806,214,0.0,2772,4404,79402
24,83830,214,0.0,2773,4404,79426
18,83848,214,0.0,2774,4404,79444
54,83902,214,0.0,2775,4404,79498
96,83998,214,0.0,2776,4404,79594
9,84007,214,0.0,2777,4404,79603
31,84038,214,0.0,2778,4404,79634
29,84067,215,1.0,2779,4404,79663
31,84098,215,0.0,2780,4404,79694
8,84106,215,0.0,2781,4404,79702
21,84127,215,0.0,2782,4404,79723
22,84149,215,0.0,2783,4404,79745
16,84165,215,0.0,2784,4404,79761
15,84180,215,0.0,2785,4404,79776
40,84220,215,0.0,2786,4404,79816
25,84245,215,0.0,2787,4404,79841
29,84274,215,0.0,2788,4404,79870
15,84289,215,0.0,2789,4404,79885
29,84318,215,0.0,2790,4404,79914
18,84336,215,0.0,2791,4404,79932
19,84355,215,0.0,2792,4404,79951
29,84384,215,0.0,2793,4404,79980
9,84393,215,0.0,2794,4404,79989
53,84446,215,0.0,2795,4404,80042
42,84488,215,0.0,2796,4404,80084
18,84506,215,0.0,2797,4404,80102
45,84551,216,1.0,2798,4404,80147
24,84575,216,0.0,2799,4404,80171
19,84594,216,0.0,2800,4404,80190
15,84609,216,0.0,2801,4404,80205
51,84660,216,0.0,2802,4404,80256
38,84698,216,0.0,2803,4404,80294
30,84728,216,0.0,2804,4404,80324
46,84774,216,0.0,2805,4404,80370
6,84780,216,0.0,2806,4404,80376
14,84794,216,0.0,2807,4404,80390
12,84806,216,0.0,2808,4404,80402
56,84862,216,0.0,2809,4404,80458
35,84897,217,1.0,2810,4404,80493
55,84952,217,0.0,2811,4404,80548
10,84962,217,0.0,2812,4404,80558
9,84971,217,0.0,2813,4404,80567
35,85006,217,0.0,2814,4404,80602
45,85051,217,0.0,2815,4404,80647
93,85144,217,0.0,2816,4404,80740
9,85153,217,0.0,2817,4404,80749
9,85162,217,0.0,2818,4404,80758
15,85177,217,0.0,2819,4404,80773
86,85263,218,1.0,2820,4404,80859
29,85292,219,1.0,2821,4404,80888
60,85352,219,0.0,2822,4404,80948
8,85360,219,0.0,2823,4404,80956
73,85433,219,0.0,2824,4404,81029
18,85451,219,0.0,2825,4404,81047
18,85469,219,0.0,2826,4404,81065
65,85534,219,0.0,2827,4404,81130
25,85559,219,0.0,2828,4404,81155
50,85609,219,0.0,2829,4404,81205
32,85641,219,0.0,2830,4404,81237
6,85647,219,0.0,2831,4404,81243
18,85665,220,1.0,2832,4404,81261
16,85681,220,0.0,2833,4404,81277
23,85704,220,0.0,2834,4404,81300
33,85737,220,0.0,2835,4404,81333
11,85748,220,0.0,2836,4404,81344
34,85782,221,1.0,2837,4404,81378
12,85794,221,0.0,2838,4404,81390
19,85813,221,0.0,2839,4404,81409
8,85821,221,0.0,2840,4404,81417
46,85867,222,1.0,2841,4404,81463
59,85926,223,1.0,2842,4404,81522
61,85987,224,1.0,2843,4404,81583
11,85998,224,0.0,2844,4404,81594
16,86014,224,0.0,2845,4404,81610
26,86040,225,1.0,2846,4404,81636
26,86066,225,0.0,2847,4404,81662
22,86088,225,0.0,2848,4404,81684
16,86104,225,0.0,2849,4404,81700
38,86142,225,0.0,2850,4404,81738
64,86206,225,0.0,2851,4404,81802
25,86231,225,0.0,2852,4404,81827
52,86283,225,0.0,2853,4404,81879
20,86303,225,0.0,2854,4404,81899
11,86314,225,0.0,2855,4404,81910
59,86373,225,0.0,2856,4404,81969
19,86392,225,0.0,2857,4404,81988
31,86423,226,1.0,2858,4404,82019
20,86443,226,0.0,2859,4404,82039
28,86471,226,0.0,2860,4404,82067
60,86531,226,0.0,2861,4404,82127
15,86546,226,0.0,2862,4404,82142
46,86592,226,0.0,2863,4404,82188
13,86605,226,0.0,2864,4404,82201
99,86704,226,0.0,2865,4404,82300
33,86737,226,0.0,2866,4404,82333
71,86808,226,0.0,2867,4404,82404
16,86824,226,0.0,2868,4404,82420
16,86840,226,0.0,2869,4404,82436
23,86863,226,0.0,2870,4404,82459
20,86883,226,0.0,2871,4404,82479
11,86894,226,0.0,2872,4404,82490
48,86942,226,0.0,2873,4404,82538
44,86986,226,0.0,2874,4404,82582
97,87083,226,0.0,2875,4404,82679
45,87128,226,0.0,2876,4404,82724
19,87147,226,0.0,2877,4404,82743
59,87206,226,0.0,2878,4404,82802
23,87229,226,0.0,2879,4404,82825
10,87239,226,0.0,2880,4404,82835
42,87281,226,0.0,2881,4404,82877
36,87317,226,0.0,2882,4404,82913
13,87330,226,0.0,2883,4404,82926
55,87385,226,0.0,2884,4404,82981
20,87405,226,0.0,2885,4404,83001
13,87418,226,0.0,2886,4404,83014
15,87433,226,0.0,2887,4404,83029
54,87487,226,0.0,2888,4404,83083
22,87509,226,0.0,2889,4404,83105
21,87530,226,0.0,2890,4404,83126
21,87551,226,0.0,2891,4404,83147
24,87575,226,0.0,2892,4404,83171
38,87613,226,0.0,2893,4404,83209
15,87628,226,0.0,2894,4404,83224
58,87686,226,0.0,2895,4404,83282
54,87740,226,0.0,2896,4404,83336
19,87759,226,0.0,2897,4404,83355
31,87790,227,1.0,2898,4404,83386
17,87807,227,0.0,2899,4404,83403
37,87844,227,0.0,2900,4404,83440
21,87865,227,0.0,2901,4404,83461
11,87876,227,0.0,2902,4404,83472
15,87891,227,0.0,2903,4404,83487
22,87913,227,0.0,2904,4404,83509
7,87920,227,0.0,2905,4404,83516
28,87948,227,0.0,2906,4404,83544
29,87977,227,0.0,2907,4404,83573
33,88010,227,0.0,2908,4404,83606
21,88031,227,0.0,2909,4404,83627
33,88064,227,0.0,2910,4404,83660
35,88099,227,0.0,2911,4404,83695
33,88132,228,1.0,2912,4404,83728
29,88161,228,0.0,2913,4404,83757
16,88177,228,0.0,2914,4404,83773
44,88221,228,0.0,2915,4404,83817
19,88240,228,0.0,2916,4404,83836
48,88288,228,0.0,2917,4404,83884
6,88294,228,0.0,2918,4404,83890
43,88337,228,0.0,2919,4404,83933
11,88348,228,0.0,2920,4404,83944
9,88357,228,0.0,2921,4404,83953
35,88392,228,0.0,2922,4404,83988
39,88431,229,1.0,2923,4404,84027
14,88445,229,0.0,2924,4404,84041
24,88469,229,0.0,2925,4404,84065
27,88496,229,0.0,2926,4404,84092
54,88550,229,0.0,2927,4404,84146
10,88560,229,0.0,2928,4404,84156
34,88594,229,0.0,2929,4404,84190
18,88612,229,0.0,2930,4404,84208
12,88624,229,0.0,2931,4404,84220
47,88671,230,1.0,2932,4404,84267
10,88681,230,0.0,2933,4404,84277
21,88702,230,0.0,2934,4404,84298
23,88725,230,0.0,2935,4404,84321
75,88800,230,0.0,2936,4404,84396
55,88855,230,0.0,2937,4404,84451
51,88906,230,0.0,2938,4404,84502
9,88915,230,0.0,2939,4404,84511
16,88931,230,0.0,2940,4404,84527
20,88951,230,0.0,2941,4404,84547
37,88988,231,1.0,2942,4404,84584
27,89015,231,0.0,2943,4404,84611
24,89039,231,0.0,2944,4404,84635
5,89044,231,0.0,2945,4404,84640
28,89072,231,0.0,2946,4404,84668
41,89113,231,0.0,2947,4404,84709
7,89120,231,0.0,2948,4404,84716
25,89145,231,0.0,2949,4404,84741
60,89205,231,0.0,2950,4404,84801
65,89270,231,0.0,2951,4404,84866
27,89297,231,0.0,2952,4404,84893
37,89334,231,0.0,2953,4404,84930
27,89361,231,0.0,2954,4404,84957
27,89388,231,0.0,2955,4404,84984
42,89430,231,0.0,2956,4404,85026
52,89482,231,0.0,2957,4404,85078
23,89505,231,0.0,2958,4404,85101
28,89533,231,0.0,2959,4404,85129
23,89556,231,0.0,2960,4404,85152
31,89587,231,0.0,2961,4404,85183
47,89634,231,0.0,2962,4404,85230
10,89644,231,0.0,2963,4404,85240
15,89659,232,1.0,2964,4404,85255
24,89683,232,0.0,2965,4404,85279
18,89701,232,0.0,2966,4404,85297
46,89747,232,0.0,2967,4404,85343
47,89794,233,1.0,2968,4404,85390
20,89814,233,0.0,2969,4404,85410
55,89869,233,0.0,2970,4404,85465
27,89896,233,0.0,2971,4404,85492
8,89904,233,0.0,2972,4404,85500
13,89917,233,0.0,2973,4404,85513
14,89931,233,0.0,2974,4404,85527
9,89940,233,0.0,2975,4404,85536
45,89985,233,0.0,2976,4404,85581
21,90006,233,0.0,2977,4404,85602
44,90050,233,0.0,2978,4404,85646
13,90063,233,0.0,2979,4404,85659
42,90105,233,0.0,2980,4404,85701
18,90123,233,0.0,2981,4404,85719
30,90153,233,0.0,2982,4404,85749
27,90180,233,0.0,2983,4404,85776
19,90199,233,0.0,2984,4404,85795
34,90233,233,0.0,2985,4404,85829
14,90247,233,0.0,2986,4404,85843
42,90289,233,0.0,2987,4404,85885
13,90302,233,0.0,2988,4404,85898
58,90360,233,0.0,2989,4404,85956
17,90377,233,0.0,2990,4404,85973
11,90388,233,0.0,2991,4404,85984
31,90419,233,0.0,2992,4404,86015
42,90461,233,0.0,2993,4404,86057
47,90508,233,0.0,2994,4404,86104
22,90530,233,0.0,2995,4404,86126
22,90552,233,0.0,2996,4404,86148
32,90584,233,0.0,2997,4404,86180
38,90622,234,1.0,2998,4404,86218
14,90636,234,0.0,2999,4404,86232
31,90667,234,0.0,3000,4404,86263
27,90694,235,1.0,3001,4404,86290
7,90701,235,0.0,3002,4404,86297
44,90745,235,0.0,3003,4404,86341
9,90754,235,0.0,3004,4404,86350
28,90782,235,0.0,3005,4404,86378
23,90805,235,0.0,3006,4404,86401
27,90832,235,0.0,3007,4404,86428
23,90855,235,0.0,3008,4404,86451
28,90883,235,0.0,3009,4404,86479
33,90916,235,0.0,3010,4404,86512
12,90928,235,0.0,3011,4404,86524
18,90946,235,0.0,3012,4404,86542
38,90984,235,0.0,3013,4404,86580
7,90991,235,0.0,3014,4404,86587
22,91013,236,1.0,3015,4404,86609
60,91073,236,0.0,3016,4404,86669
38,91111,236,0.0,3017,4404,86707
41,91152,236,0.0,3018,4404,86748
33,91185,236,0.0,3019,4404,86781
11,91196,236,0.0,3020,4404,86792
20,91216,236,0.0,3021,4404,86812
22,91238,236,0.0,3022,4404,86834
25,91263,236,0.0,3023,4404,86859
24,91287,236,0.0,3024,4404,86883
28,91315,236,0.0,3025,4404,86911
32,91347,236,0.0,3026,4404,86943
16,91363,236,0.0,3027,4404,86959
17,91380,236,0.0,3028,4404,86976
16,91396,236,0.0,3029,4404,86992
24,91420,236,0.0,3030,4404,87016
29,91449,236,0.0,3031,4404,87045
21,91470,237,1.0,3032,4404,87066
10,91480,237,0.0,3033,4404,87076
22,91502,237,0.0,3034,4404,87098
35,91537,238,1.0,3035,4404,87133
29,91566,238,0.0,3036,4404,87162
26,91592,238,0.0,3037,4404,87188
59,91651,239,1.0,3038,4404,87247
86,91737,239,0.0,3039,4404,87333
64,91801,239,0.0,3040,4404,87397
100,91901,239,0.0,3041,4404,87497
59,91960,239,0.0,3042,4404,87556
17,91977,239,0.0,3043,4404,87573
18,91995,239,0.0,3044,4404,87591
47,92042,239,0.0,3045,4404,87638
25,92067,239,0.0,3046,4404,87663
12,92079,239,0.0,3047,4404,87675
20,92099,239,0.0,3048,4404,87695
33,92132,239,0.0,3049,4404,87728
36,92168,239,0.0,3050,4404,87764
27,92195,239,0.0,3051,4404,87791
17,92212,240,1.0,3052,4404,87808
40,92252,241,1.0,3053,4404,87848
23,92275,241,0.0,3054,4404,87871
36,92311,242,1.0,3055,4404,87907
22,92333,242,0.0,3056,4404,87929
21,92354,242,0.0,3057,4404,87950
9,92363,242,0.0,3058,4404,87959
35,92398,242,0.0,3059,4404,87994
22,92420,242,0.0,3060,4404,88016
17,92437,242,0.0,3061,4404,88033
27,92464,243,1.0,3062,4404,88060
17,92481,243,0.0,3063,4404,88077
61,92542,243,0.0,3064,4404,88138
8,92550,243,0.0,3065,4404,88146
25,92575,243,0.0,3066,4404,88171
17,92592,243,0.0,3067,4404,88188
9,92601,243,0.0,3068,4404,88197
6,92607,243,0.0,3069,4404,88203
49,92656,244,1.0,3070,4404,88252
14,92670,244,0.0,3071,4404,88266
18,92688,244,0.0,3072,4404,88284
10,92698,244,0.0,3073,4404,88294
18,92716,244,0.0,3074,4404,88312
6,92722,244,0.0,3075,4404,88318
100,92822,244,0.0,3076,4404,88418
15,92837,244,0.0,3077,4404,88433
93,92930,244,0.0,3078,4404,88526
21,92951,244,0.0,3079,4404,88547
47,92998,244,0.0,3080,4404,88594
8,93006,244,0.0,3081,4404,88602
62,93068,244,0.0,3082,4404,88664
7,93075,244,0.0,3083,4404,88671
16,93091,244,0.0,3084,4404,88687
14,93105,244,0.0,3085,4404,88701
15,93120,244,0.0,3086,4404,88716
10,93130,244,0.0,3087,4404,88726
22,93152,244,0.0,3088,4404,88748
29,93181,244,0.0,3089,4404,88777
21,93202,244,0.0,3090,4404,88798
41,93243,245,1.0,3091,4404,88839
22,93265,245,0.0,3092,4404,88861
21,93286,245,0.0,3093,4404,88882
16,93302,245,0.0,3094,4404,88898
24,93326,245,0.0,3095,4404,88922
34,93360,245,0.0,3096,4404,88956
8,93368,245,0.0,3097,4404,88964
17,93385,245,0.0,3098,4404,88981
30,93415,245,0.0,3099,4404,89011
61,93476,245,0.0,3100,4404,89072
16,93492,245,0.0,3101,4404,89088
37,93529,245,0.0,3102,4404,89125
46,93575,245,0.0,3103,4404,89171
8,93583,245,0.0,3104,4404,89179
50,93633,246,1.0,3105,4404,89229
23,93656,246,0.0,3106,4404,89252
9,93665,246,0.0,3107,4404,89261
18,93683,246,0.0,3108,4404,89279
9,93692,246,0.0,3109,4404,89288
15,93707,246,0.0,3110,4404,89303
41,93748,246,0.0,3111,4404,89344
8,93756,246,0.0,3112,4404,89352
20,93776,246,0.0,3113,4404,89372
36,93812,246,0.0,3114,4404,89408
22,93834,246,0.0,3115,4404,89430
37,93871,246,0.0,3116,4404,89467
54,93925,246,0.0,3117,4404,89521
14,93939,246,0.0,3118,4404,89535
63,94002,246,0.0,3119,4404,89598
26,94028,246,0.0,3120,4404,89624
30,94058,246,0.0,3121,4404,89654
24,94082,246,0.0,3122,4404,89678
46,94128,247,1.0,3123,4404,89724
22,94150,248,1.0,3124,4404,89746
21,94171,248,0.0,3125,4404,89767
11,94182,248,0.0,3126,4404,89778
56,94238,249,1.0,3127,4404,89834
40,94278,249,0.0,3128,4404,89874
27,94305,249,0.0,3129,4404,89901
14,94319,249,0.0,3130,4404,89915
20,94339,249,0.0,3131,4404,89935
19,94358,249,0.0,3132,4404,89954
11,94369,249,0.0,3133,4404,89965
42,94411,249,0.0,3134,4404,90007
24,94435,249,0.0,3135,4404,90031
15,94450,249,0.0,3136,4404,90046
24,94474,249,0.0,3137,4404,90070
16,94490,249,0.0,3138,4404,90086
14,94504,249,0.0,3139,4404,90100
12,94516,249,0.0,3140,4404,90112
19,94535,249,0.0,3141,4404,90131
10,94545,249,0.0,3142,4404,90141
20,94565,249,0.0,3143,4404,90161
56,94621,249,0.0,3144,4404,90217
98,94719,250,1.0,3145,4404,90315
78,94797,250,0.0,3146,4404,90393
12,94809,250,0.0,3147,4404,90405
45,94854,250,0.0,3148,4404,90450
8,94862,250,0.0,3149,4404,90458
14,94876,250,0.0,3150,4404,90472
50,94926,250,0.0,3151,4404,90522
100,95026,250,0.0,3152,4404,90622
14,95040,250,0.0,3153,4404,90636
10,95050,250,0.0,3154,4404,90646
28,95078,250,0.0,3155,4404,90674
37,95115,250,0.0,3156,4404,90711
91,95206,250,0.0,3157,4404,90802
20,95226,250,0.0,3158,4404,90822
9,95235,250,0.0,3159,4404,90831
24,95259,250,0.0,3160,4404,90855
5,95264,250,0.0,3161,4404,90860
12,95276,250,0.0,3162,4404,90872
46,95322,250,0.0,3163,4404,90918
21,95343,251,1.0,3164,4404,90939
10,95353,251,0.0,3165,4404,90949
73,95426,252,1.0,3166,4404,91022
15,95441,252,0.0,3167,4404,91037
17,95458,252,0.0,3168,4404,91054
17,95475,252,0.0,3169,4404,91071
45,95520,252,0.0,3170,4404,91116
32,95552,252,0.0,3171,4404,91148
18,95570,252,0.0,3172,4404,91166
7,95577,252,0.0,3173,4404,91173
32,95609,252,0.0,3174,4404,91205
75,95684,253,1.0,3175,4404,91280
13,95697,253,0.0,3176,4404,91293
19,95716,253,0.0,3177,4404,91312
14,95730,253,0.0,3178,4404,91326
35,95765,253,0.0,3179,4404,91361
10,95775,253,0.0,3180,4404,91371
56,95831,253,0.0,3181,4404,91427
7,95838,253,0.0,3182,4404,91434
24,95862,253,0.0,3183,4404,91458
47,95909,254,1.0,3184,4404,91505
18,95927,254,0.0,3185,4404,91523
21,95948,254,0.0,3186,4404,91544
10,95958,254,0.0,3187,4404,91554
13,95971,254,0.0,3188,4404,91567
15,95986,254,0.0,3189,4404,91582
10,95996,254,0.0,3190,4404,91592
24,96020,255,1.0,3191,4404,91616
33,96053,256,1.0,3192,4404,91649
15,96068,256,0.0,3193,4404,91664
21,96089,256,0.0,3194,4404,91685
12,96101,256,0.0,3195,4404,91697
22,96123,256,0.0,3196,4404,91719
28,96151,256,0.0,3197,4404,91747
27,96178,256,0.0,3198,4404,91774
11,96189,256,0.0,3199,4404,91785
28,96217,256,0.0,3200,4404,91813
17,96234,256,0.0,3201,4404,91830
27,96261,256,0.0,3202,4404,91857
11,96272,256,0.0,3203,4404,91868
33,96305,256,0.0,3204,4404,91901
11,96316,256,0.0,3205,4404,91912
18,96334,256,0.0,3206,4404,91930
32,96366,257,1.0,3207,4404,91962
21,96387,257,0.0,3208,4404,91983
36,96423,258,1.0,3209,4404,92019
24,96447,259,1.0,3210,4404,92043
23,96470,259,0.0,3211,4404,92066
24,96494,259,0.0,3212,4404,92090
31,96525,259,0.0,3213,4404,92121
16,96541,259,0.0,3214,4404,92137
20,96561,259,0.0,3215,4404,92157
9,96570,259,0.0,3216,4404,92166
31,96601,259,0.0,3217,4404,92197
24,96625,259,0.0,3218,4404,92221
53,96678,259,0.0,3219,4404,92274
23,96701,259,0.0,3220,4404,92297
40,96741,259,0.0,3221,4404,92337
15,96756,259,0.0,3222,4404,92352
34,96790,259,0.0,3223,4404,92386
42,96832,259,0.0,3224,4404,92428
17,96849,259,0.0,3225,4404,92445
16,96865,259,0.0,3226,4404,92461
20,96885,259,0.0,3227,4404,92481
13,96898,259,0.0,3228,4404,92494
24,96922,259,0.0,3229,4404,92518
5,96927,259,0.0,3230,4404,92523
11,96938,259,0.0,3231,4404,92534
55,96993,260,1.0,3232,4404,92589
62,97055,260,0.0,3233,4404,92651
21,97076,260,0.0,3234,4404,92672
45,97121,260,0.0,3235,4404,92717
26,97147,260,0.0,3236,4404,92743
28,97175,260,0.0,3237,4404,92771
59,97234,260,0.0,3238,4404,92830
49,97283,260,0.0,3239,4404,92879
48,97331,260,0.0,3240,4404,92927
14,97345,260,0.0,3241,4404,92941
38,97383,260,0.0,3242,4404,92979
45,97428,260,0.0,3243,4404,93024
34,97462,261,1.0,3244,4404,93058
24,97486,261,0.0,3245,4404,93082
16,97502,261,0.0,3246,4404,93098
89,97591,261,0.0,3247,4404,93187
10,97601,261,0.0,3248,4404,93197
46,97647,261,0.0,3249,4404,93243
14,97661,261,0.0,3250,4404,93257
40,97701,261,0.0,3251,4404,93297
15,97716,261,0.0,3252,4404,93312
31,97747,261,0.0,3253,4404,93343
42,97789,261,0.0,3254,4404,93385
69,97858,262,1.0,3255,4404,93454
38,97896,262,0.0,3256,4404,93492
34,97930,262,0.0,3257,4404,93526
33,97963,262,0.0,3258,4404,93559
19,97982,262,0.0,3259,4404,93578
45,98027,263,1.0,3260,4404,93623
19,98046,263,0.0,3261,4404,93642
9,98055,263,0.0,3262,4404,93651
50,98105,264,1.0,3263,4404,93701
16,98121,264,0.0,3264,4404,93717
18,98139,264,0.0,3265,4404,93735
24,98163,264,0.0,3266,4404,93759
15,98178,264,0.0,3267,4404,93774
50,98228,264,0.0,3268,4404,93824
98,98326,265,1.0,3269,4404,93922
34,98360,265,0.0,3270,4404,93956
27,98387,265,0.0,3271,4404,93983
18,98405,265,0.0,3272,4404,94001
74,98479,265,0.0,3273,4404,94075
15,98494,265,0.0,3274,4404,94090
57,98551,265,0.0,3275,4404,94147
10,98561,265,0.0,3276,4404,94157
45,98606,265,0.0,3277,4404,94202
12,98618,265,0.0,3278,4404,94214
20,98638,265,0.0,3279,4404,94234
85,98723,265,0.0,3280,4404,94319
30,98753,265,0.0,3281,4404,94349
41,98794,265,0.0,3282,4404,94390
13,98807,265,0.0,3283,4404,94403
20,98827,265,0.0,3284,4404,94423
25,98852,265,0.0,3285,4404,94448
29,98881,266,1.0,3286,4404,94477
100,98981,266,0.0,3287,4404,94577
18,98999,266,0.0,3288,4404,94595
27,99026,266,0.0,3289,4404,94622
23,99049,266,0.0,3290,4404,94645
22,99071,266,0.0,3291,4404,94667
8,99079,266,0.0,3292,4404,94675
45,99124,266,0.0,3293,4404,94720
7,99131,266,0.0,3294,4404,94727
34,99165,266,0.0,3295,4404,94761
19,99184,266,0.0,3296,4404,94780
70,99254,266,0.0,3297,4404,94850
6,99260,266,0.0,3298,4404,94856
19,99279,266,0.0,3299,4404,94875
29,99308,266,0.0,3300,4404,94904
11,99319,266,0.0,3301,4404,94915
18,99337,266,0.0,3302,4404,94933
65,99402,266,0.0,3303,4404,94998
26,99428,266,0.0,3304,4404,95024
26,99454,266,0.0,3305,4404,95050
20,99474,266,0.0,3306,4404,95070
39,99513,266,0.0,3307,4404,95109
63,99576,266,0.0,3308,4404,95172
9,99585,266,0.0,3309,4404,95181
16,99601,267,1.0,3310,4404,95197
35,99636,268,1.0,3311,4404,95232
21,99657,268,0.0,3312,4404,95253
25,99682,268,0.0,3313,4404,95278
87,99769,268,0.0,3314,4404,95365
50,99819,268,0.0,3315,4404,95415
24,99843,268,0.0,3316,4404,95439
20,99863,268,0.0,3317,4404,95459
41,99904,268,0.0,3318,4404,95500
61,99965,268,0.0,3319,4404,95561
