iteration,successes,successes_episode,reward_episode,episode_count,random_act,timestep
12,12,0,0.0,1,8,4
77,89,0,0.0,2,59,30
100,189,0,0.0,3,143,46
46,235,0,0.0,4,179,56
97,332,0,0.0,5,252,80
76,408,0,0.0,6,320,88
23,431,0,0.0,7,340,91
27,458,0,0.0,8,363,95
24,482,0,0.0,9,380,102
38,520,0,0.0,10,408,112
19,539,0,0.0,11,424,115
10,549,0,0.0,12,432,117
27,576,0,0.0,13,452,124
7,583,0,0.0,14,458,125
19,602,0,0.0,15,475,127
22,624,0,0.0,16,494,130
13,637,0,0.0,17,505,132
23,660,0,0.0,18,522,138
38,698,0,0.0,19,553,145
85,783,0,0.0,20,621,162
19,802,0,0.0,21,636,166
98,900,0,0.0,22,719,181
53,953,0,0.0,23,753,200
20,973,0,0.0,24,770,203
34,1007,0,0.0,25,798,209
31,1038,0,0.0,26,825,213
5,1043,0,0.0,27,830,213
26,1069,0,0.0,28,852,217
32,1101,0,0.0,29,873,228
29,1130,0,0.0,30,896,234
57,1187,0,0.0,31,941,246
43,1230,0,0.0,32,976,254
62,1292,0,0.0,33,1029,263
17,1309,0,0.0,34,1043,266
16,1325,0,0.0,35,1055,270
26,1351,0,0.0,36,1077,274
11,1362,0,0.0,37,1084,278
44,1406,0,0.0,38,1117,289
12,1418,0,0.0,39,1127,291
26,1444,0,0.0,40,1145,299
35,1479,0,0.0,41,1172,307
5,1484,0,0.0,42,1177,307
6,1490,0,0.0,43,1183,307
97,1587,0,0.0,44,1262,325
35,1622,0,0.0,45,1290,332
17,1639,0,0.0,46,1306,333
36,1675,0,0.0,47,1334,341
44,1719,0,0.0,48,1371,348
7,1726,0,0.0,49,1375,351
26,1752,0,0.0,50,1398,354
44,1796,0,0.0,51,1434,362
58,1854,0,0.0,52,1481,373
28,1882,0,0.0,53,1501,381
19,1901,0,0.0,54,1517,384
30,1931,0,0.0,55,1545,386
21,1952,0,0.0,56,1562,390
38,1990,0,0.0,57,1593,397
8,1998,0,0.0,58,1598,400
6,2004,0,0.0,59,1603,401
21,2025,0,0.0,60,1619,406
9,2034,0,0.0,61,1627,407
6,2040,0,0.0,62,1630,410
14,2054,0,0.0,63,1642,412
21,2075,0,0.0,64,1657,418
69,2144,0,0.0,65,1714,430
25,2169,0,0.0,66,1734,435
16,2185,0,0.0,67,1747,438
19,2204,0,0.0,68,1763,441
27,2231,0,0.0,69,1779,452
26,2257,0,0.0,70,1800,457
25,2282,0,0.0,71,1819,463
43,2325,0,0.0,72,1854,471
25,2350,0,0.0,73,1872,478
5,2355,0,0.0,74,1876,479
29,2384,0,0.0,75,1901,483
18,2402,0,0.0,76,1914,488
19,2421,0,0.0,77,1928,493
22,2443,0,0.0,78,1946,497
11,2454,0,0.0,79,1955,499
7,2461,0,0.0,80,1959,502
27,2488,0,0.0,81,1981,507
13,2501,0,0.0,82,1989,512
32,2533,0,0.0,83,2016,517
100,2633,0,0.0,84,2093,540
51,2684,0,0.0,85,2141,543
20,2704,0,0.0,86,2157,547
39,2743,0,0.0,87,2188,555
29,2772,0,0.0,88,2211,561
16,2788,0,0.0,89,2221,567
37,2825,0,0.0,90,2252,573
77,2902,0,0.0,91,2308,594
19,2921,0,0.0,92,2323,598
24,2945,0,0.0,93,2340,605
32,2977,0,0.0,94,2370,607
14,2991,0,0.0,95,2383,608
7,2998,0,0.0,96,2388,610
34,3032,0,0.0,97,2414,618
9,3041,0,0.0,98,2422,619
8,3049,0,0.0,99,2427,622
15,3064,0,0.0,100,2438,626
27,3091,0,0.0,101,2462,629
17,3108,0,0.0,102,2475,633
18,3126,0,0.0,103,2491,635
33,3159,0,0.0,104,2518,641
37,3196,0,0.0,105,2548,648
29,3225,0,0.0,106,2570,655
72,3297,0,0.0,107,2628,669
15,3312,0,0.0,108,2642,670
95,3407,0,0.0,109,2717,690
32,3439,0,0.0,110,2740,699
23,3462,0,0.0,111,2755,707
39,3501,0,0.0,112,2781,720
21,3522,0,0.0,113,2797,725
25,3547,0,0.0,114,2819,728
13,3560,0,0.0,115,2828,732
11,3571,0,0.0,116,2836,735
26,3597,0,0.0,117,2855,742
18,3615,0,0.0,118,2867,748
29,3644,0,0.0,119,2889,755
30,3674,0,0.0,120,2914,760
19,3693,0,0.0,121,2931,762
34,3727,0,0.0,122,2963,764
64,3791,0,0.0,123,3016,775
33,3824,0,0.0,124,3042,782
40,3864,0,0.0,125,3075,789
26,3890,0,0.0,126,3097,793
18,3908,0,0.0,127,3110,798
13,3921,0,0.0,128,3123,798
25,3946,0,0.0,129,3140,806
9,3955,0,0.0,130,3147,808
14,3969,0,0.0,131,3161,808
27,3996,0,0.0,132,3182,814
93,4089,0,0.0,133,3256,833
22,4111,0,0.0,134,3277,834
40,4151,0,0.0,135,3308,843
28,4179,0,0.0,136,3328,851
13,4192,0,0.0,137,3339,853
63,4255,0,0.0,138,3380,875
55,4310,0,0.0,139,3417,893
47,4357,0,0.0,140,3459,898
58,4415,0,0.0,141,3500,915
19,4434,0,0.0,142,3516,918
28,4462,0,0.0,143,3541,921
36,4498,0,0.0,144,3574,924
30,4528,0,0.0,145,3592,936
8,4536,0,0.0,146,3598,938
26,4562,0,0.0,147,3620,942
14,4576,0,0.0,148,3631,945
46,4622,0,0.0,149,3668,954
8,4630,0,0.0,150,3675,955
9,4639,0,0.0,151,3684,955
34,4673,0,0.0,152,3707,966
5,4678,0,0.0,153,3711,967
23,4701,0,0.0,154,3731,970
55,4756,0,0.0,155,3777,979
27,4783,0,0.0,156,3799,984
60,4843,0,0.0,157,3845,998
16,4859,0,0.0,158,3859,1000
19,4878,0,0.0,159,3877,1001
55,4933,0,0.0,160,3914,1019
11,4944,0,0.0,161,3921,1023
12,4956,0,0.0,162,3928,1028
31,4987,0,0.0,163,3953,1034
10,4997,0,0.0,164,3962,1035
13,5010,0,0.0,165,3970,1040
12,5022,0,0.0,166,3981,1041
11,5033,0,0.0,167,3992,1041
15,5048,0,0.0,168,4006,1042
11,5059,0,0.0,169,4017,1042
40,5099,0,0.0,170,4053,1046
45,5144,0,0.0,171,4091,1053
24,5168,0,0.0,172,4110,1058
100,5268,0,0.0,173,4187,1081
7,5275,0,0.0,174,4192,1083
70,5345,0,0.0,175,4253,1092
29,5374,0,0.0,176,4276,1098
8,5382,0,0.0,177,4282,1100
6,5388,0,0.0,178,4286,1102
25,5413,0,0.0,179,4306,1107
36,5449,0,0.0,180,4336,1113
100,5549,0,0.0,181,4424,1125
100,5649,0,0.0,182,4506,1143
16,5665,0,0.0,183,4520,1145
100,5765,0,0.0,184,4602,1163
38,5803,0,0.0,185,4635,1168
58,5861,0,0.0,186,4683,1178
26,5887,0,0.0,187,4707,1180
14,5901,0,0.0,188,4719,1182
10,5911,0,0.0,189,4726,1185
73,5984,0,0.0,190,4787,1197
13,5997,0,0.0,191,4797,1200
37,6034,0,0.0,192,4827,1207
10,6044,0,0.0,193,4834,1210
38,6082,0,0.0,194,4868,1214
29,6111,0,0.0,195,4895,1216
48,6159,0,0.0,196,4932,1227
45,6204,0,0.0,197,4966,1238
35,6239,0,0.0,198,4996,1243
100,6339,0,0.0,199,5086,1253
8,6347,0,0.0,200,5093,1254
11,6358,0,0.0,201,5104,1254
32,6390,0,0.0,202,5124,1266
18,6408,0,0.0,203,5139,1269
22,6430,0,0.0,204,5158,1272
22,6452,0,0.0,205,5175,1277
22,6474,0,0.0,206,5195,1279
15,6489,0,0.0,207,5209,1280
26,6515,0,0.0,208,5232,1283
8,6523,0,0.0,209,5239,1284
40,6563,0,0.0,210,5268,1295
35,6598,0,0.0,211,5298,1300
15,6613,0,0.0,212,5308,1305
37,6650,0,0.0,213,5339,1311
19,6669,0,0.0,214,5352,1317
22,6691,0,0.0,215,5370,1321
68,6759,0,0.0,216,5425,1334
33,6792,0,0.0,217,5450,1342
9,6801,0,0.0,218,5457,1344
100,6901,0,0.0,219,5542,1359
10,6911,0,0.0,220,5550,1361
15,6926,0,0.0,221,5564,1362
17,6943,0,0.0,222,5576,1367
39,6982,0,0.0,223,5608,1374
38,7020,0,0.0,224,5637,1383
13,7033,0,0.0,225,5648,1385
36,7069,0,0.0,226,5674,1395
23,7092,0,0.0,227,5692,1400
33,7125,0,0.0,228,5719,1406
24,7149,0,0.0,229,5739,1410
49,7198,0,0.0,230,5780,1418
100,7298,0,0.0,231,5855,1443
23,7321,0,0.0,232,5875,1446
25,7346,0,0.0,233,5898,1448
16,7362,0,0.0,234,5911,1451
20,7382,0,0.0,235,5928,1454
39,7421,0,0.0,236,5959,1462
84,7505,0,0.0,237,6018,1487
24,7529,0,0.0,238,6037,1492
14,7543,0,0.0,239,6049,1494
55,7598,0,0.0,240,6092,1506
24,7622,0,0.0,241,6112,1510
16,7638,0,0.0,242,6125,1513
37,7675,0,0.0,243,6154,1521
24,7699,0,0.0,244,6173,1526
40,7739,0,0.0,245,6207,1532
60,7799,0,0.0,246,6254,1545
49,7848,0,0.0,247,6288,1560
13,7861,0,0.0,248,6296,1565
11,7872,0,0.0,249,6306,1566
17,7889,0,0.0,250,6321,1568
30,7919,0,0.0,251,6349,1570
88,8007,0,0.0,252,6415,1592
11,8018,0,0.0,253,6425,1593
22,8040,0,0.0,254,6445,1595
34,8074,0,0.0,255,6475,1599
14,8088,0,0.0,256,6486,1602
15,8103,0,0.0,257,6495,1608
17,8120,0,0.0,258,6509,1611
94,8214,0,0.0,259,6576,1638
22,8236,0,0.0,260,6592,1644
56,8292,0,0.0,261,6633,1659
45,8337,0,0.0,262,6674,1663
19,8356,0,0.0,263,6688,1668
19,8375,0,0.0,264,6705,1670
38,8413,0,0.0,265,6734,1679
28,8441,0,0.0,266,6755,1686
24,8465,0,0.0,267,6772,1693
12,8477,0,0.0,268,6783,1694
17,8494,0,0.0,269,6798,1696
45,8539,0,0.0,270,6834,1705
11,8550,0,0.0,271,6841,1709
45,8595,0,0.0,272,6873,1722
14,8609,0,0.0,273,6885,1724
15,8624,0,0.0,274,6898,1726
100,8724,0,0.0,275,6979,1745
29,8753,0,0.0,276,7002,1751
15,8768,0,0.0,277,7015,1753
100,8868,0,0.0,278,7096,1772
41,8909,0,0.0,279,7132,1777
54,8963,0,0.0,280,7172,1791
15,8978,0,0.0,281,7183,1795
59,9037,0,0.0,282,7234,1803
79,9116,0,0.0,283,7293,1823
25,9141,0,0.0,284,7316,1825
16,9157,0,0.0,285,7327,1830
47,9204,0,0.0,286,7367,1837
30,9234,0,0.0,287,7391,1843
24,9258,0,0.0,288,7411,1847
14,9272,0,0.0,289,7421,1851
25,9297,0,0.0,290,7440,1857
16,9313,0,0.0,291,7453,1860
53,9366,0,0.0,292,7501,1865
75,9441,0,0.0,293,7562,1879
10,9451,0,0.0,294,7569,1882
19,9470,0,0.0,295,7584,1886
20,9490,0,0.0,296,7600,1890
41,9531,0,0.0,297,7634,1897
15,9546,0,0.0,298,7646,1900
44,9590,0,0.0,299,7687,1903
25,9615,0,0.0,300,7708,1907
29,9644,0,0.0,301,7732,1912
49,9693,0,0.0,302,7769,1924
18,9711,0,0.0,303,7779,1932
37,9748,0,0.0,304,7807,1941
45,9793,0,0.0,305,7844,1949
19,9812,0,0.0,306,7862,1950
88,9900,0,0.0,307,7931,1969
24,9924,0,0.0,308,7950,1974
54,9978,0,0.0,309,7992,1986
76,10054,0,0.0,310,8056,1998
100,10154,0,0.0,311,8142,2012
13,10167,0,0.0,312,8151,2016
13,10180,0,0.0,313,8163,2017
42,10222,0,0.0,314,8190,2032
20,10242,0,0.0,315,8209,2033
25,10267,0,0.0,316,8234,2033
35,10302,0,0.0,317,8263,2039
31,10333,0,0.0,318,8289,2044
14,10347,0,0.0,319,8299,2048
17,10364,0,0.0,320,8314,2050
24,10388,0,0.0,321,8336,2052
17,10405,0,0.0,322,8345,2060
41,10446,0,0.0,323,8377,2069
13,10459,0,0.0,324,8387,2072
32,10491,0,0.0,325,8412,2079
35,10526,0,0.0,326,8438,2088
28,10554,0,0.0,327,8463,2091
25,10579,0,0.0,328,8485,2094
16,10595,0,0.0,329,8495,2100
67,10662,0,0.0,330,8549,2113
24,10686,0,0.0,331,8572,2114
11,10697,0,0.0,332,8580,2117
8,10705,0,0.0,333,8585,2120
38,10743,0,0.0,334,8617,2126
49,10792,0,0.0,335,8654,2138
13,10805,0,0.0,336,8664,2141
25,10830,0,0.0,337,8684,2146
39,10869,0,0.0,338,8717,2152
30,10899,0,0.0,339,8742,2157
9,10908,0,0.0,340,8749,2159
69,10977,0,0.0,341,8808,2169
35,11012,0,0.0,342,8839,2173
57,11069,0,0.0,343,8890,2179
34,11103,0,0.0,344,8918,2185
11,11114,0,0.0,345,8928,2186
39,11153,0,0.0,346,8961,2192
21,11174,0,0.0,347,8979,2195
9,11183,0,0.0,348,8988,2195
28,11211,0,0.0,349,9012,2199
30,11241,0,0.0,350,9038,2203
24,11265,0,0.0,351,9061,2204
9,11274,0,0.0,352,9069,2205
32,11306,0,0.0,353,9093,2213
88,11394,0,0.0,354,9164,2230
58,11452,0,0.0,355,9209,2243
45,11497,0,0.0,356,9246,2251
15,11512,0,0.0,357,9257,2255
29,11541,0,0.0,358,9282,2259
54,11595,0,0.0,359,9322,2273
10,11605,0,0.0,360,9330,2275
18,11623,0,0.0,361,9348,2275
31,11654,0,0.0,362,9374,2280
23,11677,0,0.0,363,9394,2283
26,11703,0,0.0,364,9413,2290
10,11713,0,0.0,365,9419,2294
44,11757,0,0.0,366,9453,2304
8,11765,0,0.0,367,9460,2305
22,11787,0,0.0,368,9478,2309
54,11841,0,0.0,369,9521,2320
31,11872,0,0.0,370,9544,2328
16,11888,0,0.0,371,9557,2331
34,11922,0,0.0,372,9584,2338
13,11935,0,0.0,373,9593,2342
37,11972,0,0.0,374,9622,2350
39,12011,0,0.0,375,9653,2358
33,12044,0,0.0,376,9681,2363
63,12107,0,0.0,377,9732,2375
29,12136,0,0.0,378,9752,2384
64,12200,0,0.0,379,9797,2403
34,12234,0,0.0,380,9826,2408
21,12255,0,0.0,381,9844,2411
23,12278,0,0.0,382,9861,2417
25,12303,0,0.0,383,9882,2421
24,12327,0,0.0,384,9900,2427
62,12389,0,0.0,385,9949,2440
41,12430,0,0.0,386,9983,2447
47,12477,0,0.0,387,10022,2455
31,12508,0,0.0,388,10048,2460
8,12516,0,0.0,389,10056,2460
34,12550,0,0.0,390,10083,2467
5,12555,0,0.0,391,10088,2467
6,12561,0,0.0,392,10092,2469
23,12584,0,0.0,393,10110,2474
42,12626,0,0.0,394,10142,2484
19,12645,0,0.0,395,10156,2489
10,12655,0,0.0,396,10164,2491
88,12743,0,0.0,397,10236,2507
13,12756,0,0.0,398,10247,2509
32,12788,0,0.0,399,10273,2515
78,12866,0,0.0,400,10336,2530
44,12910,0,0.0,401,10373,2537
14,12924,0,0.0,402,10384,2540
51,12975,0,0.0,403,10425,2550
8,12983,0,0.0,404,10431,2552
33,13016,0,0.0,405,10454,2562
18,13034,0,0.0,406,10469,2565
25,13059,0,0.0,407,10489,2570
12,13071,0,0.0,408,10498,2573
11,13082,0,0.0,409,10507,2575
31,13113,0,0.0,410,10534,2579
43,13156,0,0.0,411,10565,2591
35,13191,0,0.0,412,10597,2594
13,13204,0,0.0,413,10607,2597
49,13253,0,0.0,414,10647,2606
70,13323,0,0.0,415,10703,2620
16,13339,0,0.0,416,10713,2626
10,13349,0,0.0,417,10720,2629
34,13383,0,0.0,418,10749,2634
11,13394,0,0.0,419,10758,2636
33,13427,0,0.0,420,10786,2641
58,13485,0,0.0,421,10827,2658
15,13500,0,0.0,422,10838,2662
23,13523,0,0.0,423,10858,2665
18,13541,0,0.0,424,10875,2666
25,13566,0,0.0,425,10896,2670
31,13597,0,0.0,426,10918,2679
27,13624,0,0.0,427,10937,2687
11,13635,0,0.0,428,10947,2688
50,13685,0,0.0,429,10983,2702
31,13716,0,0.0,430,11007,2709
15,13731,0,0.0,431,11019,2712
62,13793,0,0.0,432,11070,2723
66,13859,0,0.0,433,11119,2740
55,13914,0,0.0,434,11159,2755
33,13947,0,0.0,435,11187,2760
25,13972,0,0.0,436,11206,2766
15,13987,0,0.0,437,11214,2773
13,14000,0,0.0,438,11223,2777
54,14054,0,0.0,439,11271,2783
9,14063,0,0.0,440,11279,2784
12,14075,0,0.0,441,11289,2786
56,14131,0,0.0,442,11339,2792
62,14193,0,0.0,443,11389,2804
30,14223,0,0.0,444,11410,2813
18,14241,0,0.0,445,11426,2815
9,14250,0,0.0,446,11432,2818
51,14301,0,0.0,447,11469,2832
30,14331,0,0.0,448,11493,2838
5,14336,0,0.0,449,11497,2839
48,14384,0,0.0,450,11537,2847
38,14422,0,0.0,451,11568,2854
25,14447,0,0.0,452,11587,2860
13,14460,0,0.0,453,11597,2863
45,14505,0,0.0,454,11634,2871
18,14523,0,0.0,455,11647,2876
20,14543,0,0.0,456,11664,2879
13,14556,0,0.0,457,11675,2881
26,14582,0,0.0,458,11698,2884
15,14597,0,0.0,459,11711,2886
51,14648,0,0.0,460,11749,2899
9,14657,0,0.0,461,11758,2899
17,14674,0,0.0,462,11770,2904
39,14713,0,0.0,463,11805,2908
39,14752,0,0.0,464,11838,2914
20,14772,0,0.0,465,11853,2919
18,14790,0,0.0,466,11868,2922
8,14798,0,0.0,467,11872,2926
8,14806,0,0.0,468,11879,2927
22,14828,0,0.0,469,11895,2933
11,14839,0,0.0,470,11902,2937
14,14853,0,0.0,471,11913,2940
27,14880,0,0.0,472,11935,2945
17,14897,0,0.0,473,11951,2946
57,14954,0,0.0,474,11995,2959
59,15013,0,0.0,475,12043,2970
14,15027,0,0.0,476,12054,2973
28,15055,0,0.0,477,12077,2978
57,15112,0,0.0,478,12116,2996
27,15139,0,0.0,479,12139,3000
27,15166,0,0.0,480,12161,3005
90,15256,0,0.0,481,12237,3019
16,15272,0,0.0,482,12252,3020
43,15315,0,0.0,483,12285,3030
33,15348,0,0.0,484,12313,3035
16,15364,0,0.0,485,12326,3038
24,15388,0,0.0,486,12344,3044
29,15417,0,0.0,487,12368,3049
38,15455,0,0.0,488,12399,3056
57,15512,0,0.0,489,12445,3067
23,15535,0,0.0,490,12463,3072
47,15582,0,0.0,491,12500,3082
45,15627,0,0.0,492,12536,3091
55,15682,0,0.0,493,12581,3101
18,15700,0,0.0,494,12594,3106
24,15724,0,0.0,495,12614,3110
24,15748,0,0.0,496,12635,3113
21,15769,0,0.0,497,12649,3120
17,15786,0,0.0,498,12662,3124
33,15819,0,0.0,499,12689,3130
16,15835,0,0.0,500,12699,3136
31,15866,0,0.0,501,12728,3138
37,15903,0,0.0,502,12759,3144
15,15918,0,0.0,503,12772,3146
14,15932,0,0.0,504,12785,3147
27,15959,0,0.0,505,12810,3149
26,15985,0,0.0,506,12833,3152
21,16006,0,0.0,507,12848,3158
44,16050,0,0.0,508,12882,3168
45,16095,0,0.0,509,12920,3175
16,16111,0,0.0,510,12936,3175
25,16136,0,0.0,511,12957,3179
21,16157,0,0.0,512,12974,3183
42,16199,0,0.0,513,13005,3194
24,16223,0,0.0,514,13025,3198
21,16244,0,0.0,515,13041,3203
9,16253,0,0.0,516,13045,3208
14,16267,0,0.0,517,13057,3210
26,16293,0,0.0,518,13076,3217
17,16310,0,0.0,519,13091,3219
17,16327,0,0.0,520,13102,3225
32,16359,0,0.0,521,13128,3231
28,16387,0,0.0,522,13153,3234
58,16445,0,0.0,523,13198,3247
25,16470,0,0.0,524,13219,3251
14,16484,0,0.0,525,13229,3255
21,16505,0,0.0,526,13241,3264
52,16557,0,0.0,527,13279,3278
43,16600,0,0.0,528,13312,3288
45,16645,0,0.0,529,13351,3294
21,16666,0,0.0,530,13370,3296
65,16731,0,0.0,531,13426,3305
100,16831,0,0.0,532,13509,3322
29,16860,0,0.0,533,13532,3328
15,16875,0,0.0,534,13546,3329
11,16886,0,0.0,535,13555,3331
19,16905,0,0.0,536,13572,3333
52,16957,0,0.0,537,13615,3342
21,16978,0,0.0,538,13627,3351
77,17055,0,0.0,539,13687,3368
9,17064,0,0.0,540,13694,3370
65,17129,0,0.0,541,13745,3384
16,17145,0,0.0,542,13760,3385
49,17194,0,0.0,543,13798,3396
8,17202,0,0.0,544,13805,3397
21,17223,0,0.0,545,13823,3400
19,17242,0,0.0,546,13837,3405
26,17268,0,0.0,547,13859,3409
14,17282,0,0.0,548,13873,3409
26,17308,0,0.0,549,13895,3413
19,17327,0,0.0,550,13909,3418
7,17334,0,0.0,551,13912,3422
37,17371,1,1.0,552,13942,3429
29,17400,1,0.0,553,13943,3457
47,17447,1,0.0,554,13944,3503
61,17508,1,0.0,555,13946,3562
57,17565,1,0.0,556,13948,3617
59,17624,1,0.0,557,13949,3675
50,17674,1,0.0,558,13952,3722
31,17705,1,0.0,559,13952,3753
54,17759,1,0.0,560,13954,3805
25,17784,1,0.0,561,13955,3829
29,17813,1,0.0,562,13955,3858
18,17831,1,0.0,563,13955,3876
66,17897,1,0.0,564,13958,3939
6,17903,1,0.0,565,13959,3944
27,17930,1,0.0,566,13960,3970
19,17949,1,0.0,567,13961,3988
31,17980,1,0.0,568,13963,4017
15,17995,1,0.0,569,13966,4029
76,18071,1,0.0,570,13968,4103
15,18086,1,0.0,571,13969,4117
12,18098,1,0.0,572,13969,4129
30,18128,1,0.0,573,13969,4159
18,18146,1,0.0,574,13971,4175
16,18162,1,0.0,575,13972,4190
30,18192,1,0.0,576,13974,4218
16,18208,1,0.0,577,13974,4234
12,18220,1,0.0,578,13974,4246
24,18244,1,0.0,579,13974,4270
25,18269,1,0.0,580,13975,4294
19,18288,1,0.0,581,13975,4313
10,18298,1,0.0,582,13975,4323
18,18316,1,0.0,583,13975,4341
89,18405,1,0.0,584,13981,4424
11,18416,1,0.0,585,13983,4433
20,18436,1,0.0,586,13983,4453
20,18456,1,0.0,587,13985,4471
16,18472,1,0.0,588,13985,4487
34,18506,1,0.0,589,13989,4517
15,18521,1,0.0,590,13990,4531
22,18543,1,0.0,591,13991,4552
16,18559,1,0.0,592,13992,4567
78,18637,1,0.0,593,13994,4643
6,18643,1,0.0,594,13994,4649
84,18727,1,0.0,595,13999,4728
41,18768,1,0.0,596,14003,4765
16,18784,1,0.0,597,14004,4780
19,18803,1,0.0,598,14005,4798
30,18833,1,0.0,599,14005,4828
25,18858,1,0.0,600,14006,4852
37,18895,1,0.0,601,14007,4888
15,18910,1,0.0,602,14008,4902
55,18965,1,0.0,603,14015,4950
23,18988,1,0.0,604,14015,4973
71,19059,1,0.0,605,14019,5040
11,19070,1,0.0,606,14020,5050
100,19170,1,0.0,607,14022,5148
13,19183,1,0.0,608,14022,5161
7,19190,1,0.0,609,14022,5168
29,19219,1,0.0,610,14026,5193
10,19229,1,0.0,611,14026,5203
31,19260,1,0.0,612,14030,5230
82,19342,1,0.0,613,14033,5309
5,19347,1,0.0,614,14033,5314
10,19357,1,0.0,615,14035,5322
12,19369,1,0.0,616,14036,5333
22,19391,1,0.0,617,14036,5355
50,19441,1,0.0,618,14037,5404
9,19450,1,0.0,619,14037,5413
30,19480,1,0.0,620,14039,5441
17,19497,1,0.0,621,14040,5457
31,19528,1,0.0,622,14041,5487
7,19535,1,0.0,623,14042,5493
12,19547,1,0.0,624,14043,5504
22,19569,1,0.0,625,14043,5526
15,19584,1,0.0,626,14043,5541
15,19599,1,0.0,627,14044,5555
18,19617,1,0.0,628,14044,5573
50,19667,1,0.0,629,14045,5622
100,19767,1,0.0,630,14051,5716
29,19796,1,0.0,631,14051,5745
31,19827,1,0.0,632,14054,5773
53,19880,1,0.0,633,14055,5825
49,19929,1,0.0,634,14056,5873
46,19975,1,0.0,635,14058,5917
24,19999,1,0.0,636,14058,5941
9,20008,1,0.0,637,14059,5949
21,20029,1,0.0,638,14060,5969
22,20051,1,0.0,639,14061,5990
28,20079,1,0.0,640,14061,6018
12,20091,1,0.0,641,14062,6029
45,20136,1,0.0,642,14064,6072
58,20194,1,0.0,643,14066,6128
12,20206,1,0.0,644,14067,6139
11,20217,1,0.0,645,14068,6149
13,20230,1,0.0,646,14069,6161
30,20260,1,0.0,647,14070,6190
27,20287,1,0.0,648,14071,6216
57,20344,1,0.0,649,14077,6267
8,20352,1,0.0,650,14077,6275
12,20364,1,0.0,651,14077,6287
26,20390,1,0.0,652,14078,6312
33,20423,1,0.0,653,14079,6344
11,20434,1,0.0,654,14079,6355
35,20469,1,0.0,655,14079,6390
11,20480,1,0.0,656,14080,6400
14,20494,1,0.0,657,14080,6414
22,20516,1,0.0,658,14081,6435
78,20594,1,0.0,659,14085,6509
9,20603,1,0.0,660,14085,6518
38,20641,1,0.0,661,14089,6552
41,20682,1,0.0,662,14089,6593
27,20709,1,0.0,663,14089,6620
21,20730,1,0.0,664,14090,6640
40,20770,1,0.0,665,14092,6678
24,20794,1,0.0,666,14092,6702
27,20821,1,0.0,667,14094,6727
28,20849,1,0.0,668,14094,6755
21,20870,1,0.0,669,14094,6776
39,20909,1,0.0,670,14098,6811
8,20917,1,0.0,671,14099,6818
100,21017,1,0.0,672,14104,6913
18,21035,1,0.0,673,14105,6930
14,21049,1,0.0,674,14105,6944
22,21071,1,0.0,675,14105,6966
17,21088,1,0.0,676,14105,6983
33,21121,1,0.0,677,14106,7015
9,21130,1,0.0,678,14107,7023
13,21143,1,0.0,679,14107,7036
35,21178,1,0.0,680,14110,7068
47,21225,1,0.0,681,14112,7113
50,21275,1,0.0,682,14113,7162
50,21325,1,0.0,683,14116,7209
15,21340,1,0.0,684,14118,7222
20,21360,1,0.0,685,14118,7242
38,21398,1,0.0,686,14121,7277
25,21423,1,0.0,687,14123,7300
14,21437,1,0.0,688,14124,7313
30,21467,1,0.0,689,14126,7341
50,21517,1,0.0,690,14129,7388
31,21548,1,0.0,691,14132,7416
36,21584,1,0.0,692,14134,7450
82,21666,1,0.0,693,14137,7529
31,21697,1,0.0,694,14139,7558
48,21745,1,0.0,695,14142,7603
25,21770,1,0.0,696,14142,7628
28,21798,1,0.0,697,14143,7655
21,21819,1,0.0,698,14144,7675
24,21843,1,0.0,699,14145,7698
29,21872,1,0.0,700,14146,7726
25,21897,1,0.0,701,14146,7751
14,21911,1,0.0,702,14146,7765
9,21920,1,0.0,703,14146,7774
27,21947,1,0.0,704,14148,7799
18,21965,1,0.0,705,14149,7816
67,22032,1,0.0,706,14154,7878
36,22068,1,0.0,707,14154,7914
59,22127,1,0.0,708,14156,7971
39,22166,1,0.0,709,14158,8008
17,22183,1,0.0,710,14160,8023
35,22218,1,0.0,711,14162,8056
14,22232,1,0.0,712,14162,8070
12,22244,1,0.0,713,14163,8081
38,22282,1,0.0,714,14163,8119
31,22313,1,0.0,715,14165,8148
13,22326,1,0.0,716,14165,8161
14,22340,1,0.0,717,14166,8174
23,22363,1,0.0,718,14167,8196
79,22442,1,0.0,719,14169,8273
11,22453,1,0.0,720,14169,8284
41,22494,1,0.0,721,14172,8322
97,22591,1,0.0,722,14177,8414
13,22604,1,0.0,723,14179,8425
17,22621,1,0.0,724,14179,8442
31,22652,1,0.0,725,14182,8470
43,22695,1,0.0,726,14183,8512
25,22720,1,0.0,727,14183,8537
9,22729,1,0.0,728,14183,8546
13,22742,1,0.0,729,14184,8558
72,22814,1,0.0,730,14191,8623
10,22824,1,0.0,731,14192,8632
60,22884,1,0.0,732,14195,8689
25,22909,1,0.0,733,14196,8713
31,22940,1,0.0,734,14197,8743
49,22989,2,1.0,735,14202,8787
65,23054,2,0.0,736,14202,8852
15,23069,2,0.0,737,14202,8867
52,23121,2,0.0,738,14202,8919
25,23146,2,0.0,739,14203,8943
26,23172,2,0.0,740,14203,8969
27,23199,2,0.0,741,14205,8994
16,23215,2,0.0,742,14205,9010
8,23223,2,0.0,743,14205,9018
25,23248,2,0.0,744,14205,9043
63,23311,2,0.0,745,14205,9106
9,23320,2,0.0,746,14205,9115
20,23340,2,0.0,747,14205,9135
9,23349,2,0.0,748,14205,9144
46,23395,2,0.0,749,14206,9189
39,23434,2,0.0,750,14207,9227
15,23449,2,0.0,751,14207,9242
16,23465,2,0.0,752,14207,9258
32,23497,2,0.0,753,14207,9290
14,23511,2,0.0,754,14207,9304
25,23536,2,0.0,755,14207,9329
28,23564,2,0.0,756,14207,9357
49,23613,2,0.0,757,14207,9406
56,23669,2,0.0,758,14207,9462
38,23707,2,0.0,759,14208,9499
22,23729,2,0.0,760,14208,9521
17,23746,2,0.0,761,14208,9538
20,23766,2,0.0,762,14208,9558
29,23795,2,0.0,763,14209,9586
25,23820,2,0.0,764,14209,9611
11,23831,2,0.0,765,14209,9622
45,23876,2,0.0,766,14209,9667
8,23884,2,0.0,767,14209,9675
39,23923,2,0.0,768,14209,9714
29,23952,2,0.0,769,14209,9743
12,23964,2,0.0,770,14209,9755
11,23975,2,0.0,771,14210,9765
51,24026,2,0.0,772,14210,9816
69,24095,2,0.0,773,14210,9885
66,24161,2,0.0,774,14211,9950
20,24181,2,0.0,775,14211,9970
11,24192,2,0.0,776,14211,9981
50,24242,2,0.0,777,14211,10031
27,24269,2,0.0,778,14211,10058
70,24339,2,0.0,779,14211,10128
29,24368,2,0.0,780,14211,10157
77,24445,2,0.0,781,14211,10234
30,24475,2,0.0,782,14212,10263
39,24514,2,0.0,783,14212,10302
17,24531,2,0.0,784,14213,10318
39,24570,2,0.0,785,14213,10357
21,24591,2,0.0,786,14213,10378
32,24623,2,0.0,787,14213,10410
13,24636,2,0.0,788,14213,10423
19,24655,2,0.0,789,14213,10442
5,24660,2,0.0,790,14213,10447
9,24669,2,0.0,791,14213,10456
33,24702,2,0.0,792,14213,10489
69,24771,2,0.0,793,14213,10558
19,24790,2,0.0,794,14213,10577
32,24822,2,0.0,795,14213,10609
19,24841,2,0.0,796,14213,10628
22,24863,2,0.0,797,14213,10650
11,24874,2,0.0,798,14213,10661
21,24895,2,0.0,799,14213,10682
39,24934,2,0.0,800,14213,10721
42,24976,2,0.0,801,14213,10763
38,25014,2,0.0,802,14213,10801
15,25029,2,0.0,803,14213,10816
34,25063,2,0.0,804,14213,10850
11,25074,2,0.0,805,14213,10861
43,25117,2,0.0,806,14213,10904
13,25130,2,0.0,807,14213,10917
33,25163,2,0.0,808,14213,10950
19,25182,2,0.0,809,14213,10969
51,25233,2,0.0,810,14213,11020
100,25333,2,0.0,811,14214,11119
21,25354,2,0.0,812,14214,11140
5,25359,2,0.0,813,14214,11145
14,25373,2,0.0,814,14214,11159
48,25421,2,0.0,815,14214,11207
47,25468,2,0.0,816,14215,11253
64,25532,2,0.0,817,14215,11317
51,25583,2,0.0,818,14215,11368
42,25625,2,0.0,819,14215,11410
33,25658,2,0.0,820,14215,11443
13,25671,2,0.0,821,14215,11456
89,25760,2,0.0,822,14216,11544
41,25801,3,1.0,823,14217,11584
10,25811,3,0.0,824,14217,11594
11,25822,3,0.0,825,14217,11605
21,25843,3,0.0,826,14217,11626
9,25852,3,0.0,827,14217,11635
18,25870,3,0.0,828,14217,11653
35,25905,3,0.0,829,14217,11688
22,25927,3,0.0,830,14217,11710
20,25947,3,0.0,831,14217,11730
41,25988,3,0.0,832,14217,11771
19,26007,3,0.0,833,14217,11790
23,26030,3,0.0,834,14217,11813
49,26079,3,0.0,835,14217,11862
12,26091,3,0.0,836,14217,11874
23,26114,3,0.0,837,14217,11897
33,26147,3,0.0,838,14217,11930
15,26162,3,0.0,839,14217,11945
11,26173,3,0.0,840,14217,11956
17,26190,3,0.0,841,14217,11973
14,26204,3,0.0,842,14217,11987
15,26219,3,0.0,843,14217,12002
8,26227,3,0.0,844,14217,12010
42,26269,3,0.0,845,14217,12052
21,26290,3,0.0,846,14217,12073
35,26325,3,0.0,847,14217,12108
55,26380,3,0.0,848,14217,12163
14,26394,3,0.0,849,14217,12177
100,26494,3,0.0,850,14217,12277
41,26535,3,0.0,851,14217,12318
28,26563,3,0.0,852,14217,12346
22,26585,3,0.0,853,14217,12368
57,26642,3,0.0,854,14217,12425
19,26661,3,0.0,855,14217,12444
55,26716,3,0.0,856,14217,12499
17,26733,3,0.0,857,14217,12516
38,26771,3,0.0,858,14217,12554
17,26788,3,0.0,859,14217,12571
13,26801,3,0.0,860,14217,12584
52,26853,3,0.0,861,14217,12636
100,26953,3,0.0,862,14217,12736
48,27001,3,0.0,863,14217,12784
44,27045,3,0.0,864,14217,12828
27,27072,3,0.0,865,14217,12855
9,27081,3,0.0,866,14217,12864
13,27094,3,0.0,867,14217,12877
11,27105,3,0.0,868,14217,12888
58,27163,3,0.0,869,14217,12946
24,27187,3,0.0,870,14217,12970
64,27251,3,0.0,871,14217,13034
5,27256,3,0.0,872,14217,13039
37,27293,3,0.0,873,14217,13076
94,27387,3,0.0,874,14217,13170
21,27408,3,0.0,875,14217,13191
76,27484,3,0.0,876,14217,13267
36,27520,3,0.0,877,14217,13303
24,27544,3,0.0,878,14217,13327
66,27610,3,0.0,879,14217,13393
26,27636,3,0.0,880,14217,13419
18,27654,3,0.0,881,14217,13437
42,27696,3,0.0,882,14217,13479
95,27791,3,0.0,883,14217,13574
8,27799,3,0.0,884,14217,13582
14,27813,3,0.0,885,14217,13596
17,27830,3,0.0,886,14217,13613
45,27875,3,0.0,887,14217,13658
20,27895,3,0.0,888,14217,13678
13,27908,3,0.0,889,14217,13691
41,27949,3,0.0,890,14217,13732
13,27962,3,0.0,891,14217,13745
43,28005,3,0.0,892,14217,13788
25,28030,3,0.0,893,14217,13813
86,28116,3,0.0,894,14217,13899
52,28168,3,0.0,895,14217,13951
16,28184,3,0.0,896,14217,13967
32,28216,3,0.0,897,14217,13999
35,28251,3,0.0,898,14217,14034
30,28281,3,0.0,899,14217,14064
70,28351,3,0.0,900,14217,14134
16,28367,3,0.0,901,14217,14150
27,28394,3,0.0,902,14217,14177
26,28420,3,0.0,903,14217,14203
17,28437,3,0.0,904,14217,14220
15,28452,3,0.0,905,14217,14235
84,28536,3,0.0,906,14217,14319
39,28575,3,0.0,907,14217,14358
26,28601,3,0.0,908,14217,14384
47,28648,3,0.0,909,14217,14431
9,28657,3,0.0,910,14217,14440
34,28691,3,0.0,911,14217,14474
16,28707,3,0.0,912,14217,14490
26,28733,3,0.0,913,14217,14516
24,28757,3,0.0,914,14217,14540
29,28786,3,0.0,915,14217,14569
8,28794,3,0.0,916,14217,14577
20,28814,3,0.0,917,14217,14597
78,28892,3,0.0,918,14217,14675
21,28913,3,0.0,919,14217,14696
52,28965,3,0.0,920,14217,14748
51,29016,3,0.0,921,14217,14799
19,29035,3,0.0,922,14217,14818
8,29043,3,0.0,923,14217,14826
29,29072,3,0.0,924,14217,14855
17,29089,3,0.0,925,14217,14872
8,29097,3,0.0,926,14217,14880
51,29148,3,0.0,927,14217,14931
28,29176,3,0.0,928,14217,14959
14,29190,3,0.0,929,14217,14973
35,29225,3,0.0,930,14217,15008
22,29247,3,0.0,931,14217,15030
12,29259,3,0.0,932,14217,15042
80,29339,3,0.0,933,14217,15122
38,29377,3,0.0,934,14217,15160
10,29387,3,0.0,935,14217,15170
35,29422,3,0.0,936,14217,15205
22,29444,3,0.0,937,14217,15227
33,29477,3,0.0,938,14217,15260
24,29501,3,0.0,939,14217,15284
10,29511,3,0.0,940,14217,15294
73,29584,3,0.0,941,14217,15367
67,29651,3,0.0,942,14217,15434
44,29695,3,0.0,943,14217,15478
15,29710,3,0.0,944,14217,15493
12,29722,3,0.0,945,14217,15505
30,29752,3,0.0,946,14217,15535
20,29772,3,0.0,947,14217,15555
5,29777,3,0.0,948,14217,15560
15,29792,3,0.0,949,14217,15575
33,29825,3,0.0,950,14217,15608
26,29851,3,0.0,951,14217,15634
18,29869,3,0.0,952,14217,15652
11,29880,3,0.0,953,14217,15663
43,29923,4,1.0,954,14217,15706
56,29979,4,0.0,955,14217,15762
14,29993,4,0.0,956,14217,15776
7,30000,4,0.0,957,14217,15783
64,30064,5,1.0,958,14217,15847
43,30107,5,0.0,959,14217,15890
14,30121,5,0.0,960,14217,15904
17,30138,5,0.0,961,14217,15921
5,30143,5,0.0,962,14217,15926
9,30152,5,0.0,963,14217,15935
35,30187,6,1.0,964,14217,15970
28,30215,7,1.0,965,14217,15998
84,30299,7,0.0,966,14217,16082
13,30312,7,0.0,967,14217,16095
29,30341,7,0.0,968,14217,16124
35,30376,7,0.0,969,14217,16159
20,30396,7,0.0,970,14217,16179
23,30419,7,0.0,971,14217,16202
11,30430,7,0.0,972,14217,16213
20,30450,7,0.0,973,14217,16233
15,30465,7,0.0,974,14217,16248
13,30478,7,0.0,975,14217,16261
12,30490,7,0.0,976,14217,16273
14,30504,7,0.0,977,14217,16287
7,30511,7,0.0,978,14217,16294
28,30539,7,0.0,979,14217,16322
7,30546,7,0.0,980,14217,16329
15,30561,7,0.0,981,14217,16344
19,30580,7,0.0,982,14217,16363
24,30604,7,0.0,983,14217,16387
42,30646,7,0.0,984,14217,16429
53,30699,7,0.0,985,14217,16482
28,30727,7,0.0,986,14217,16510
62,30789,7,0.0,987,14217,16572
8,30797,7,0.0,988,14217,16580
9,30806,7,0.0,989,14217,16589
30,30836,7,0.0,990,14217,16619
18,30854,7,0.0,991,14217,16637
44,30898,7,0.0,992,14217,16681
28,30926,7,0.0,993,14217,16709
17,30943,7,0.0,994,14217,16726
24,30967,7,0.0,995,14217,16750
24,30991,7,0.0,996,14217,16774
6,30997,7,0.0,997,14217,16780
21,31018,7,0.0,998,14217,16801
17,31035,7,0.0,999,14217,16818
90,31125,7,0.0,1000,14217,16908
30,31155,7,0.0,1001,14217,16938
46,31201,7,0.0,1002,14217,16984
100,31301,7,0.0,1003,14217,17084
20,31321,7,0.0,1004,14217,17104
29,31350,7,0.0,1005,14217,17133
49,31399,7,0.0,1006,14217,17182
38,31437,8,1.0,1007,14217,17220
10,31447,8,0.0,1008,14217,17230
64,31511,8,0.0,1009,14217,17294
23,31534,8,0.0,1010,14217,17317
42,31576,8,0.0,1011,14217,17359
20,31596,8,0.0,1012,14217,17379
26,31622,8,0.0,1013,14217,17405
43,31665,8,0.0,1014,14217,17448
58,31723,9,1.0,1015,14217,17506
30,31753,9,0.0,1016,14217,17536
15,31768,9,0.0,1017,14217,17551
70,31838,9,0.0,1018,14217,17621
28,31866,9,0.0,1019,14217,17649
21,31887,9,0.0,1020,14217,17670
19,31906,9,0.0,1021,14217,17689
16,31922,9,0.0,1022,14217,17705
42,31964,9,0.0,1023,14217,17747
37,32001,9,0.0,1024,14217,17784
58,32059,9,0.0,1025,14217,17842
43,32102,9,0.0,1026,14217,17885
17,32119,9,0.0,1027,14217,17902
8,32127,9,0.0,1028,14217,17910
31,32158,9,0.0,1029,14217,17941
18,32176,9,0.0,1030,14217,17959
51,32227,9,0.0,1031,14217,18010
7,32234,9,0.0,1032,14217,18017
62,32296,9,0.0,1033,14217,18079
20,32316,9,0.0,1034,14217,18099
61,32377,9,0.0,1035,14217,18160
25,32402,9,0.0,1036,14217,18185
14,32416,9,0.0,1037,14217,18199
23,32439,9,0.0,1038,14217,18222
30,32469,10,1.0,1039,14217,18252
18,32487,10,0.0,1040,14217,18270
9,32496,10,0.0,1041,14217,18279
22,32518,10,0.0,1042,14217,18301
67,32585,10,0.0,1043,14217,18368
12,32597,10,0.0,1044,14217,18380
18,32615,10,0.0,1045,14217,18398
68,32683,10,0.0,1046,14217,18466
9,32692,10,0.0,1047,14217,18475
28,32720,10,0.0,1048,14217,18503
16,32736,10,0.0,1049,14217,18519
71,32807,10,0.0,1050,14217,18590
16,32823,10,0.0,1051,14217,18606
28,32851,10,0.0,1052,14217,18634
23,32874,10,0.0,1053,14217,18657
36,32910,10,0.0,1054,14217,18693
14,32924,10,0.0,1055,14217,18707
40,32964,10,0.0,1056,14217,18747
20,32984,10,0.0,1057,14217,18767
16,33000,10,0.0,1058,14217,18783
19,33019,10,0.0,1059,14217,18802
42,33061,10,0.0,1060,14217,18844
42,33103,11,1.0,1061,14217,18886
78,33181,11,0.0,1062,14217,18964
92,33273,11,0.0,1063,14217,19056
16,33289,11,0.0,1064,14217,19072
23,33312,11,0.0,1065,14217,19095
55,33367,11,0.0,1066,14217,19150
100,33467,11,0.0,1067,14217,19250
12,33479,11,0.0,1068,14217,19262
40,33519,11,0.0,1069,14217,19302
30,33549,12,1.0,1070,14217,19332
58,33607,12,0.0,1071,14217,19390
13,33620,12,0.0,1072,14217,19403
17,33637,12,0.0,1073,14217,19420
69,33706,12,0.0,1074,14217,19489
11,33717,12,0.0,1075,14217,19500
14,33731,12,0.0,1076,14217,19514
27,33758,12,0.0,1077,14217,19541
24,33782,12,0.0,1078,14217,19565
30,33812,12,0.0,1079,14217,19595
18,33830,12,0.0,1080,14217,19613
51,33881,13,1.0,1081,14217,19664
18,33899,13,0.0,1082,14217,19682
29,33928,13,0.0,1083,14217,19711
21,33949,13,0.0,1084,14217,19732
23,33972,13,0.0,1085,14217,19755
54,34026,13,0.0,1086,14217,19809
11,34037,13,0.0,1087,14217,19820
34,34071,13,0.0,1088,14217,19854
14,34085,13,0.0,1089,14217,19868
21,34106,13,0.0,1090,14217,19889
13,34119,13,0.0,1091,14217,19902
25,34144,13,0.0,1092,14217,19927
26,34170,13,0.0,1093,14217,19953
6,34176,13,0.0,1094,14217,19959
16,34192,13,0.0,1095,14217,19975
7,34199,13,0.0,1096,14217,19982
12,34211,13,0.0,1097,14217,19994
31,34242,13,0.0,1098,14217,20025
24,34266,14,1.0,1099,14217,20049
14,34280,14,0.0,1100,14217,20063
26,34306,14,0.0,1101,14217,20089
70,34376,15,1.0,1102,14217,20159
43,34419,15,0.0,1103,14217,20202
21,34440,15,0.0,1104,14217,20223
16,34456,15,0.0,1105,14217,20239
11,34467,15,0.0,1106,14217,20250
22,34489,15,0.0,1107,14217,20272
13,34502,15,0.0,1108,14217,20285
21,34523,15,0.0,1109,14217,20306
32,34555,15,0.0,1110,14217,20338
62,34617,15,0.0,1111,14217,20400
36,34653,15,0.0,1112,14217,20436
73,34726,15,0.0,1113,14217,20509
22,34748,15,0.0,1114,14217,20531
12,34760,15,0.0,1115,14217,20543
31,34791,15,0.0,1116,14217,20574
50,34841,15,0.0,1117,14217,20624
17,34858,15,0.0,1118,14217,20641
11,34869,15,0.0,1119,14217,20652
41,34910,15,0.0,1120,14217,20693
9,34919,15,0.0,1121,14217,20702
32,34951,15,0.0,1122,14217,20734
10,34961,15,0.0,1123,14217,20744
18,34979,15,0.0,1124,14217,20762
10,34989,15,0.0,1125,14217,20772
22,35011,15,0.0,1126,14217,20794
16,35027,15,0.0,1127,14217,20810
33,35060,15,0.0,1128,14217,20843
34,35094,15,0.0,1129,14217,20877
26,35120,15,0.0,1130,14217,20903
18,35138,15,0.0,1131,14217,20921
13,35151,15,0.0,1132,14217,20934
22,35173,15,0.0,1133,14217,20956
20,35193,15,0.0,1134,14217,20976
60,35253,15,0.0,1135,14217,21036
18,35271,15,0.0,1136,14217,21054
72,35343,15,0.0,1137,14217,21126
8,35351,15,0.0,1138,14217,21134
72,35423,15,0.0,1139,14217,21206
36,35459,15,0.0,1140,14217,21242
44,35503,15,0.0,1141,14217,21286
74,35577,15,0.0,1142,14217,21360
35,35612,15,0.0,1143,14217,21395
42,35654,15,0.0,1144,14217,21437
46,35700,15,0.0,1145,14217,21483
44,35744,15,0.0,1146,14217,21527
58,35802,15,0.0,1147,14217,21585
95,35897,15,0.0,1148,14217,21680
25,35922,15,0.0,1149,14217,21705
19,35941,15,0.0,1150,14217,21724
18,35959,15,0.0,1151,14217,21742
13,35972,15,0.0,1152,14217,21755
37,36009,15,0.0,1153,14217,21792
43,36052,15,0.0,1154,14217,21835
27,36079,15,0.0,1155,14217,21862
8,36087,15,0.0,1156,14217,21870
35,36122,15,0.0,1157,14217,21905
19,36141,15,0.0,1158,14217,21924
100,36241,15,0.0,1159,14217,22024
52,36293,16,1.0,1160,14217,22076
36,36329,16,0.0,1161,14217,22112
8,36337,16,0.0,1162,14217,22120
37,36374,16,0.0,1163,14217,22157
12,36386,16,0.0,1164,14217,22169
11,36397,16,0.0,1165,14217,22180
62,36459,16,0.0,1166,14217,22242
69,36528,16,0.0,1167,14217,22311
26,36554,16,0.0,1168,14217,22337
31,36585,16,0.0,1169,14217,22368
28,36613,16,0.0,1170,14217,22396
56,36669,16,0.0,1171,14217,22452
38,36707,16,0.0,1172,14217,22490
29,36736,16,0.0,1173,14217,22519
11,36747,16,0.0,1174,14217,22530
14,36761,16,0.0,1175,14217,22544
17,36778,16,0.0,1176,14217,22561
16,36794,16,0.0,1177,14217,22577
70,36864,16,0.0,1178,14217,22647
12,36876,16,0.0,1179,14217,22659
53,36929,16,0.0,1180,14217,22712
32,36961,16,0.0,1181,14217,22744
44,37005,16,0.0,1182,14217,22788
36,37041,16,0.0,1183,14217,22824
14,37055,16,0.0,1184,14217,22838
53,37108,16,0.0,1185,14217,22891
17,37125,16,0.0,1186,14217,22908
9,37134,16,0.0,1187,14217,22917
39,37173,16,0.0,1188,14217,22956
55,37228,16,0.0,1189,14217,23011
58,37286,16,0.0,1190,14217,23069
37,37323,16,0.0,1191,14217,23106
13,37336,16,0.0,1192,14217,23119
26,37362,16,0.0,1193,14217,23145
10,37372,16,0.0,1194,14217,23155
24,37396,16,0.0,1195,14217,23179
29,37425,16,0.0,1196,14217,23208
32,37457,16,0.0,1197,14217,23240
27,37484,16,0.0,1198,14217,23267
32,37516,16,0.0,1199,14217,23299
6,37522,16,0.0,1200,14217,23305
24,37546,16,0.0,1201,14217,23329
9,37555,16,0.0,1202,14217,23338
35,37590,17,1.0,1203,14217,23373
25,37615,17,0.0,1204,14217,23398
24,37639,18,1.0,1205,14217,23422
62,37701,18,0.0,1206,14217,23484
61,37762,18,0.0,1207,14217,23545
36,37798,19,1.0,1208,14217,23581
5,37803,19,0.0,1209,14217,23586
10,37813,19,0.0,1210,14217,23596
16,37829,19,0.0,1211,14217,23612
14,37843,19,0.0,1212,14217,23626
73,37916,19,0.0,1213,14217,23699
35,37951,19,0.0,1214,14217,23734
15,37966,19,0.0,1215,14217,23749
5,37971,19,0.0,1216,14217,23754
18,37989,20,1.0,1217,14217,23772
37,38026,20,0.0,1218,14217,23809
34,38060,21,1.0,1219,14217,23843
40,38100,22,1.0,1220,14217,23883
16,38116,22,0.0,1221,14217,23899
24,38140,22,0.0,1222,14217,23923
9,38149,22,0.0,1223,14217,23932
20,38169,22,0.0,1224,14217,23952
27,38196,22,0.0,1225,14217,23979
34,38230,22,0.0,1226,14217,24013
32,38262,22,0.0,1227,14217,24045
30,38292,22,0.0,1228,14217,24075
72,38364,23,1.0,1229,14217,24147
51,38415,23,0.0,1230,14217,24198
13,38428,23,0.0,1231,14217,24211
12,38440,23,0.0,1232,14217,24223
25,38465,23,0.0,1233,14217,24248
29,38494,23,0.0,1234,14217,24277
51,38545,24,1.0,1235,14217,24328
18,38563,24,0.0,1236,14217,24346
33,38596,24,0.0,1237,14217,24379
23,38619,24,0.0,1238,14217,24402
10,38629,24,0.0,1239,14217,24412
20,38649,24,0.0,1240,14217,24432
27,38676,24,0.0,1241,14217,24459
46,38722,24,0.0,1242,14217,24505
44,38766,24,0.0,1243,14217,24549
24,38790,24,0.0,1244,14217,24573
10,38800,24,0.0,1245,14217,24583
24,38824,24,0.0,1246,14217,24607
26,38850,24,0.0,1247,14217,24633
9,38859,24,0.0,1248,14217,24642
76,38935,24,0.0,1249,14217,24718
11,38946,24,0.0,1250,14217,24729
11,38957,24,0.0,1251,14217,24740
29,38986,24,0.0,1252,14217,24769
30,39016,24,0.0,1253,14217,24799
48,39064,24,0.0,1254,14217,24847
21,39085,24,0.0,1255,14217,24868
20,39105,24,0.0,1256,14217,24888
14,39119,24,0.0,1257,14217,24902
25,39144,24,0.0,1258,14217,24927
32,39176,24,0.0,1259,14217,24959
15,39191,24,0.0,1260,14217,24974
25,39216,24,0.0,1261,14217,24999
22,39238,24,0.0,1262,14217,25021
10,39248,24,0.0,1263,14217,25031
83,39331,24,0.0,1264,14217,25114
23,39354,24,0.0,1265,14217,25137
22,39376,24,0.0,1266,14217,25159
56,39432,24,0.0,1267,14217,25215
29,39461,24,0.0,1268,14217,25244
27,39488,24,0.0,1269,14217,25271
58,39546,24,0.0,1270,14217,25329
31,39577,24,0.0,1271,14217,25360
24,39601,24,0.0,1272,14217,25384
22,39623,24,0.0,1273,14217,25406
58,39681,25,1.0,1274,14217,25464
29,39710,25,0.0,1275,14217,25493
20,39730,25,0.0,1276,14217,25513
35,39765,25,0.0,1277,14217,25548
9,39774,25,0.0,1278,14217,25557
14,39788,25,0.0,1279,14217,25571
10,39798,25,0.0,1280,14217,25581
51,39849,25,0.0,1281,14217,25632
26,39875,25,0.0,1282,14217,25658
25,39900,25,0.0,1283,14217,25683
7,39907,25,0.0,1284,14217,25690
42,39949,25,0.0,1285,14217,25732
28,39977,25,0.0,1286,14217,25760
9,39986,25,0.0,1287,14217,25769
18,40004,25,0.0,1288,14217,25787
6,40010,25,0.0,1289,14217,25793
33,40043,25,0.0,1290,14217,25826
23,40066,25,0.0,1291,14217,25849
25,40091,25,0.0,1292,14217,25874
39,40130,25,0.0,1293,14217,25913
68,40198,25,0.0,1294,14217,25981
83,40281,25,0.0,1295,14217,26064
15,40296,25,0.0,1296,14217,26079
63,40359,26,1.0,1297,14217,26142
47,40406,26,0.0,1298,14217,26189
22,40428,26,0.0,1299,14217,26211
13,40441,26,0.0,1300,14217,26224
47,40488,26,0.0,1301,14217,26271
11,40499,26,0.0,1302,14217,26282
16,40515,26,0.0,1303,14217,26298
16,40531,26,0.0,1304,14217,26314
16,40547,26,0.0,1305,14217,26330
32,40579,26,0.0,1306,14217,26362
52,40631,26,0.0,1307,14217,26414
25,40656,26,0.0,1308,14217,26439
5,40661,26,0.0,1309,14217,26444
18,40679,26,0.0,1310,14217,26462
65,40744,26,0.0,1311,14217,26527
10,40754,26,0.0,1312,14217,26537
45,40799,26,0.0,1313,14217,26582
21,40820,26,0.0,1314,14217,26603
15,40835,26,0.0,1315,14217,26618
17,40852,26,0.0,1316,14217,26635
18,40870,26,0.0,1317,14217,26653
15,40885,26,0.0,1318,14217,26668
17,40902,26,0.0,1319,14217,26685
15,40917,26,0.0,1320,14217,26700
23,40940,27,1.0,1321,14217,26723
24,40964,27,0.0,1322,14217,26747
7,40971,27,0.0,1323,14217,26754
39,41010,27,0.0,1324,14217,26793
21,41031,27,0.0,1325,14217,26814
24,41055,28,1.0,1326,14217,26838
64,41119,28,0.0,1327,14217,26902
60,41179,29,1.0,1328,14217,26962
37,41216,29,0.0,1329,14217,26999
28,41244,29,0.0,1330,14217,27027
12,41256,29,0.0,1331,14217,27039
14,41270,29,0.0,1332,14217,27053
14,41284,29,0.0,1333,14217,27067
18,41302,29,0.0,1334,14217,27085
100,41402,29,0.0,1335,14217,27185
35,41437,29,0.0,1336,14217,27220
16,41453,29,0.0,1337,14217,27236
21,41474,29,0.0,1338,14217,27257
30,41504,29,0.0,1339,14217,27287
42,41546,30,1.0,1340,14217,27329
43,41589,30,0.0,1341,14217,27372
26,41615,30,0.0,1342,14217,27398
24,41639,30,0.0,1343,14217,27422
23,41662,30,0.0,1344,14217,27445
28,41690,30,0.0,1345,14217,27473
25,41715,30,0.0,1346,14217,27498
41,41756,30,0.0,1347,14217,27539
15,41771,30,0.0,1348,14217,27554
21,41792,30,0.0,1349,14217,27575
13,41805,30,0.0,1350,14217,27588
9,41814,30,0.0,1351,14217,27597
27,41841,30,0.0,1352,14217,27624
57,41898,30,0.0,1353,14217,27681
19,41917,30,0.0,1354,14217,27700
23,41940,30,0.0,1355,14217,27723
27,41967,30,0.0,1356,14217,27750
24,41991,30,0.0,1357,14217,27774
24,42015,31,1.0,1358,14217,27798
11,42026,31,0.0,1359,14217,27809
47,42073,31,0.0,1360,14217,27856
49,42122,31,0.0,1361,14217,27905
18,42140,31,0.0,1362,14217,27923
16,42156,31,0.0,1363,14217,27939
76,42232,31,0.0,1364,14217,28015
7,42239,31,0.0,1365,14217,28022
76,42315,32,1.0,1366,14217,28098
36,42351,32,0.0,1367,14217,28134
19,42370,32,0.0,1368,14217,28153
21,42391,33,1.0,1369,14217,28174
31,42422,33,0.0,1370,14217,28205
26,42448,33,0.0,1371,14217,28231
19,42467,33,0.0,1372,14217,28250
13,42480,33,0.0,1373,14217,28263
40,42520,33,0.0,1374,14217,28303
12,42532,33,0.0,1375,14217,28315
29,42561,33,0.0,1376,14217,28344
52,42613,34,1.0,1377,14217,28396
12,42625,34,0.0,1378,14217,28408
13,42638,34,0.0,1379,14217,28421
27,42665,34,0.0,1380,14217,28448
21,42686,34,0.0,1381,14217,28469
31,42717,34,0.0,1382,14217,28500
14,42731,34,0.0,1383,14217,28514
16,42747,34,0.0,1384,14217,28530
35,42782,34,0.0,1385,14217,28565
34,42816,34,0.0,1386,14217,28599
14,42830,34,0.0,1387,14217,28613
37,42867,35,1.0,1388,14217,28650
48,42915,35,0.0,1389,14217,28698
35,42950,35,0.0,1390,14217,28733
10,42960,35,0.0,1391,14217,28743
19,42979,35,0.0,1392,14217,28762
7,42986,35,0.0,1393,14217,28769
27,43013,35,0.0,1394,14217,28796
10,43023,35,0.0,1395,14217,28806
21,43044,36,1.0,1396,14217,28827
71,43115,36,0.0,1397,14217,28898
31,43146,36,0.0,1398,14217,28929
10,43156,36,0.0,1399,14217,28939
26,43182,36,0.0,1400,14217,28965
19,43201,36,0.0,1401,14217,28984
32,43233,36,0.0,1402,14217,29016
43,43276,37,1.0,1403,14217,29059
28,43304,37,0.0,1404,14217,29087
36,43340,37,0.0,1405,14217,29123
48,43388,37,0.0,1406,14217,29171
62,43450,37,0.0,1407,14217,29233
25,43475,37,0.0,1408,14217,29258
14,43489,37,0.0,1409,14217,29272
32,43521,37,0.0,1410,14217,29304
71,43592,37,0.0,1411,14217,29375
45,43637,37,0.0,1412,14217,29420
48,43685,37,0.0,1413,14217,29468
51,43736,37,0.0,1414,14217,29519
46,43782,38,1.0,1415,14217,29565
17,43799,38,0.0,1416,14217,29582
18,43817,38,0.0,1417,14217,29600
100,43917,38,0.0,1418,14217,29700
8,43925,38,0.0,1419,14217,29708
28,43953,38,0.0,1420,14217,29736
31,43984,38,0.0,1421,14217,29767
28,44012,38,0.0,1422,14217,29795
11,44023,38,0.0,1423,14217,29806
14,44037,38,0.0,1424,14217,29820
5,44042,38,0.0,1425,14217,29825
23,44065,38,0.0,1426,14217,29848
13,44078,38,0.0,1427,14217,29861
49,44127,38,0.0,1428,14217,29910
10,44137,38,0.0,1429,14217,29920
40,44177,38,0.0,1430,14217,29960
12,44189,38,0.0,1431,14217,29972
47,44236,38,0.0,1432,14217,30019
24,44260,38,0.0,1433,14217,30043
11,44271,38,0.0,1434,14217,30054
14,44285,38,0.0,1435,14217,30068
21,44306,38,0.0,1436,14217,30089
21,44327,38,0.0,1437,14217,30110
27,44354,38,0.0,1438,14217,30137
16,44370,38,0.0,1439,14217,30153
17,44387,38,0.0,1440,14217,30170
23,44410,38,0.0,1441,14217,30193
9,44419,38,0.0,1442,14217,30202
91,44510,38,0.0,1443,14217,30293
73,44583,38,0.0,1444,14217,30366
8,44591,38,0.0,1445,14217,30374
20,44611,38,0.0,1446,14217,30394
12,44623,38,0.0,1447,14217,30406
9,44632,38,0.0,1448,14217,30415
8,44640,38,0.0,1449,14217,30423
34,44674,38,0.0,1450,14217,30457
12,44686,38,0.0,1451,14217,30469
10,44696,38,0.0,1452,14217,30479
41,44737,38,0.0,1453,14217,30520
23,44760,38,0.0,1454,14217,30543
16,44776,38,0.0,1455,14217,30559
75,44851,38,0.0,1456,14217,30634
22,44873,38,0.0,1457,14217,30656
24,44897,38,0.0,1458,14217,30680
19,44916,38,0.0,1459,14217,30699
76,44992,38,0.0,1460,14217,30775
86,45078,38,0.0,1461,14217,30861
9,45087,38,0.0,1462,14217,30870
7,45094,38,0.0,1463,14217,30877
17,45111,38,0.0,1464,14217,30894
15,45126,38,0.0,1465,14217,30909
68,45194,38,0.0,1466,14217,30977
30,45224,38,0.0,1467,14217,31007
16,45240,38,0.0,1468,14217,31023
6,45246,38,0.0,1469,14217,31029
20,45266,38,0.0,1470,14217,31049
12,45278,38,0.0,1471,14217,31061
62,45340,38,0.0,1472,14217,31123
26,45366,38,0.0,1473,14217,31149
12,45378,38,0.0,1474,14217,31161
47,45425,38,0.0,1475,14217,31208
31,45456,38,0.0,1476,14217,31239
82,45538,38,0.0,1477,14217,31321
46,45584,38,0.0,1478,14217,31367
12,45596,38,0.0,1479,14217,31379
12,45608,38,0.0,1480,14217,31391
89,45697,39,1.0,1481,14217,31480
20,45717,39,0.0,1482,14217,31500
21,45738,39,0.0,1483,14217,31521
24,45762,39,0.0,1484,14217,31545
21,45783,39,0.0,1485,14217,31566
21,45804,39,0.0,1486,14217,31587
28,45832,39,0.0,1487,14217,31615
43,45875,40,1.0,1488,14217,31658
29,45904,40,0.0,1489,14217,31687
25,45929,41,1.0,1490,14217,31712
72,46001,41,0.0,1491,14217,31784
11,46012,41,0.0,1492,14217,31795
42,46054,41,0.0,1493,14217,31837
49,46103,41,0.0,1494,14217,31886
44,46147,41,0.0,1495,14217,31930
43,46190,41,0.0,1496,14217,31973
20,46210,41,0.0,1497,14217,31993
15,46225,41,0.0,1498,14217,32008
40,46265,41,0.0,1499,14217,32048
20,46285,41,0.0,1500,14217,32068
19,46304,41,0.0,1501,14217,32087
7,46311,41,0.0,1502,14217,32094
10,46321,41,0.0,1503,14217,32104
62,46383,41,0.0,1504,14217,32166
23,46406,41,0.0,1505,14217,32189
38,46444,41,0.0,1506,14217,32227
21,46465,41,0.0,1507,14217,32248
7,46472,41,0.0,1508,14217,32255
46,46518,42,1.0,1509,14217,32301
49,46567,43,1.0,1510,14217,32350
13,46580,43,0.0,1511,14217,32363
9,46589,43,0.0,1512,14217,32372
11,46600,43,0.0,1513,14217,32383
35,46635,43,0.0,1514,14217,32418
94,46729,43,0.0,1515,14217,32512
19,46748,43,0.0,1516,14217,32531
35,46783,43,0.0,1517,14217,32566
26,46809,43,0.0,1518,14217,32592
22,46831,43,0.0,1519,14217,32614
72,46903,43,0.0,1520,14217,32686
35,46938,44,1.0,1521,14217,32721
10,46948,44,0.0,1522,14217,32731
41,46989,44,0.0,1523,14217,32772
16,47005,44,0.0,1524,14217,32788
48,47053,45,1.0,1525,14217,32836
42,47095,45,0.0,1526,14217,32878
43,47138,45,0.0,1527,14217,32921
26,47164,45,0.0,1528,14217,32947
10,47174,45,0.0,1529,14217,32957
10,47184,45,0.0,1530,14217,32967
27,47211,45,0.0,1531,14217,32994
15,47226,45,0.0,1532,14217,33009
36,47262,45,0.0,1533,14217,33045
53,47315,45,0.0,1534,14217,33098
38,47353,46,1.0,1535,14217,33136
28,47381,46,0.0,1536,14217,33164
36,47417,46,0.0,1537,14217,33200
19,47436,46,0.0,1538,14217,33219
23,47459,46,0.0,1539,14217,33242
61,47520,46,0.0,1540,14217,33303
8,47528,46,0.0,1541,14217,33311
27,47555,47,1.0,1542,14217,33338
6,47561,47,0.0,1543,14217,33344
23,47584,47,0.0,1544,14217,33367
18,47602,47,0.0,1545,14217,33385
29,47631,47,0.0,1546,14217,33414
27,47658,47,0.0,1547,14217,33441
24,47682,47,0.0,1548,14217,33465
30,47712,47,0.0,1549,14217,33495
14,47726,47,0.0,1550,14217,33509
5,47731,47,0.0,1551,14217,33514
50,47781,47,0.0,1552,14217,33564
18,47799,47,0.0,1553,14217,33582
92,47891,47,0.0,1554,14217,33674
13,47904,47,0.0,1555,14217,33687
26,47930,47,0.0,1556,14217,33713
15,47945,47,0.0,1557,14217,33728
15,47960,47,0.0,1558,14217,33743
12,47972,47,0.0,1559,14217,33755
59,48031,48,1.0,1560,14217,33814
32,48063,48,0.0,1561,14217,33846
13,48076,48,0.0,1562,14217,33859
24,48100,48,0.0,1563,14217,33883
15,48115,48,0.0,1564,14217,33898
49,48164,48,0.0,1565,14217,33947
51,48215,48,0.0,1566,14217,33998
64,48279,48,0.0,1567,14217,34062
16,48295,48,0.0,1568,14217,34078
16,48311,48,0.0,1569,14217,34094
20,48331,48,0.0,1570,14217,34114
9,48340,48,0.0,1571,14217,34123
100,48440,48,0.0,1572,14217,34223
22,48462,48,0.0,1573,14217,34245
35,48497,48,0.0,1574,14217,34280
59,48556,48,0.0,1575,14217,34339
36,48592,49,1.0,1576,14217,34375
22,48614,49,0.0,1577,14217,34397
32,48646,49,0.0,1578,14217,34429
27,48673,49,0.0,1579,14217,34456
47,48720,50,1.0,1580,14217,34503
9,48729,50,0.0,1581,14217,34512
33,48762,50,0.0,1582,14217,34545
10,48772,50,0.0,1583,14217,34555
16,48788,50,0.0,1584,14217,34571
44,48832,50,0.0,1585,14217,34615
45,48877,50,0.0,1586,14217,34660
24,48901,50,0.0,1587,14217,34684
16,48917,50,0.0,1588,14217,34700
39,48956,51,1.0,1589,14217,34739
37,48993,51,0.0,1590,14217,34776
10,49003,51,0.0,1591,14217,34786
22,49025,51,0.0,1592,14217,34808
11,49036,51,0.0,1593,14217,34819
20,49056,51,0.0,1594,14217,34839
27,49083,51,0.0,1595,14217,34866
38,49121,51,0.0,1596,14217,34904
21,49142,51,0.0,1597,14217,34925
89,49231,51,0.0,1598,14217,35014
14,49245,51,0.0,1599,14217,35028
25,49270,51,0.0,1600,14217,35053
100,49370,51,0.0,1601,14217,35153
7,49377,51,0.0,1602,14217,35160
9,49386,51,0.0,1603,14217,35169
34,49420,52,1.0,1604,14217,35203
40,49460,52,0.0,1605,14217,35243
32,49492,52,0.0,1606,14217,35275
16,49508,52,0.0,1607,14217,35291
16,49524,52,0.0,1608,14217,35307
10,49534,52,0.0,1609,14217,35317
39,49573,52,0.0,1610,14217,35356
15,49588,52,0.0,1611,14217,35371
7,49595,52,0.0,1612,14217,35378
30,49625,52,0.0,1613,14217,35408
10,49635,52,0.0,1614,14217,35418
29,49664,52,0.0,1615,14217,35447
20,49684,52,0.0,1616,14217,35467
17,49701,52,0.0,1617,14217,35484
57,49758,53,1.0,1618,14217,35541
17,49775,53,0.0,1619,14217,35558
12,49787,53,0.0,1620,14217,35570
36,49823,54,1.0,1621,14217,35606
17,49840,54,0.0,1622,14217,35623
10,49850,54,0.0,1623,14217,35633
18,49868,54,0.0,1624,14217,35651
28,49896,54,0.0,1625,14217,35679
51,49947,54,0.0,1626,14217,35730
42,49989,54,0.0,1627,14217,35772
14,50003,54,0.0,1628,14217,35786
23,50026,54,0.0,1629,14217,35809
61,50087,54,0.0,1630,14217,35870
14,50101,54,0.0,1631,14217,35884
31,50132,55,1.0,1632,14217,35915
85,50217,55,0.0,1633,14217,36000
22,50239,55,0.0,1634,14217,36022
30,50269,55,0.0,1635,14217,36052
38,50307,55,0.0,1636,14217,36090
46,50353,56,1.0,1637,14217,36136
16,50369,56,0.0,1638,14217,36152
44,50413,56,0.0,1639,14217,36196
38,50451,56,0.0,1640,14217,36234
13,50464,56,0.0,1641,14217,36247
21,50485,56,0.0,1642,14217,36268
24,50509,56,0.0,1643,14217,36292
22,50531,56,0.0,1644,14217,36314
22,50553,56,0.0,1645,14217,36336
19,50572,56,0.0,1646,14217,36355
11,50583,56,0.0,1647,14217,36366
24,50607,56,0.0,1648,14217,36390
100,50707,56,0.0,1649,14217,36490
61,50768,56,0.0,1650,14217,36551
9,50777,56,0.0,1651,14217,36560
17,50794,56,0.0,1652,14217,36577
5,50799,56,0.0,1653,14217,36582
5,50804,56,0.0,1654,14217,36587
23,50827,56,0.0,1655,14217,36610
17,50844,56,0.0,1656,14217,36627
17,50861,56,0.0,1657,14217,36644
20,50881,56,0.0,1658,14217,36664
21,50902,56,0.0,1659,14217,36685
15,50917,56,0.0,1660,14217,36700
19,50936,56,0.0,1661,14217,36719
16,50952,56,0.0,1662,14217,36735
33,50985,56,0.0,1663,14217,36768
34,51019,56,0.0,1664,14217,36802
18,51037,56,0.0,1665,14217,36820
29,51066,56,0.0,1666,14217,36849
5,51071,56,0.0,1667,14217,36854
49,51120,56,0.0,1668,14217,36903
77,51197,56,0.0,1669,14217,36980
41,51238,56,0.0,1670,14217,37021
28,51266,56,0.0,1671,14217,37049
9,51275,56,0.0,1672,14217,37058
30,51305,56,0.0,1673,14217,37088
12,51317,56,0.0,1674,14217,37100
47,51364,57,1.0,1675,14217,37147
23,51387,57,0.0,1676,14217,37170
9,51396,57,0.0,1677,14217,37179
11,51407,57,0.0,1678,14217,37190
22,51429,57,0.0,1679,14217,37212
18,51447,57,0.0,1680,14217,37230
71,51518,57,0.0,1681,14217,37301
13,51531,57,0.0,1682,14217,37314
49,51580,57,0.0,1683,14217,37363
41,51621,57,0.0,1684,14217,37404
53,51674,57,0.0,1685,14217,37457
80,51754,58,1.0,1686,14217,37537
9,51763,58,0.0,1687,14217,37546
58,51821,58,0.0,1688,14217,37604
22,51843,58,0.0,1689,14217,37626
11,51854,58,0.0,1690,14217,37637
57,51911,58,0.0,1691,14217,37694
19,51930,58,0.0,1692,14217,37713
27,51957,58,0.0,1693,14217,37740
96,52053,58,0.0,1694,14217,37836
33,52086,58,0.0,1695,14217,37869
31,52117,59,1.0,1696,14217,37900
13,52130,59,0.0,1697,14217,37913
78,52208,59,0.0,1698,14217,37991
15,52223,59,0.0,1699,14217,38006
62,52285,59,0.0,1700,14217,38068
31,52316,59,0.0,1701,14217,38099
33,52349,59,0.0,1702,14217,38132
32,52381,59,0.0,1703,14217,38164
5,52386,59,0.0,1704,14217,38169
31,52417,59,0.0,1705,14217,38200
49,52466,59,0.0,1706,14217,38249
24,52490,59,0.0,1707,14217,38273
49,52539,59,0.0,1708,14217,38322
9,52548,59,0.0,1709,14217,38331
38,52586,60,1.0,1710,14217,38369
28,52614,60,0.0,1711,14217,38397
28,52642,60,0.0,1712,14217,38425
13,52655,60,0.0,1713,14217,38438
38,52693,60,0.0,1714,14217,38476
47,52740,60,0.0,1715,14217,38523
26,52766,60,0.0,1716,14217,38549
22,52788,60,0.0,1717,14217,38571
10,52798,60,0.0,1718,14217,38581
7,52805,60,0.0,1719,14217,38588
22,52827,60,0.0,1720,14217,38610
31,52858,60,0.0,1721,14217,38641
55,52913,60,0.0,1722,14217,38696
26,52939,60,0.0,1723,14217,38722
35,52974,60,0.0,1724,14217,38757
9,52983,60,0.0,1725,14217,38766
25,53008,61,1.0,1726,14217,38791
28,53036,61,0.0,1727,14217,38819
27,53063,61,0.0,1728,14217,38846
31,53094,61,0.0,1729,14217,38877
57,53151,61,0.0,1730,14217,38934
64,53215,61,0.0,1731,14217,38998
8,53223,61,0.0,1732,14217,39006
22,53245,61,0.0,1733,14217,39028
24,53269,61,0.0,1734,14217,39052
17,53286,61,0.0,1735,14217,39069
100,53386,61,0.0,1736,14217,39169
14,53400,61,0.0,1737,14217,39183
37,53437,61,0.0,1738,14217,39220
100,53537,61,0.0,1739,14217,39320
30,53567,61,0.0,1740,14217,39350
10,53577,61,0.0,1741,14217,39360
35,53612,61,0.0,1742,14217,39395
62,53674,61,0.0,1743,14217,39457
29,53703,61,0.0,1744,14217,39486
31,53734,61,0.0,1745,14217,39517
7,53741,61,0.0,1746,14217,39524
13,53754,61,0.0,1747,14217,39537
62,53816,61,0.0,1748,14217,39599
18,53834,61,0.0,1749,14217,39617
19,53853,61,0.0,1750,14217,39636
48,53901,61,0.0,1751,14217,39684
15,53916,61,0.0,1752,14217,39699
24,53940,61,0.0,1753,14217,39723
9,53949,61,0.0,1754,14217,39732
18,53967,61,0.0,1755,14217,39750
32,53999,61,0.0,1756,14217,39782
31,54030,61,0.0,1757,14217,39813
24,54054,61,0.0,1758,14217,39837
7,54061,61,0.0,1759,14217,39844
8,54069,61,0.0,1760,14217,39852
14,54083,61,0.0,1761,14217,39866
6,54089,61,0.0,1762,14217,39872
41,54130,61,0.0,1763,14217,39913
32,54162,62,1.0,1764,14217,39945
29,54191,62,0.0,1765,14217,39974
14,54205,62,0.0,1766,14217,39988
11,54216,62,0.0,1767,14217,39999
16,54232,62,0.0,1768,14217,40015
18,54250,62,0.0,1769,14217,40033
19,54269,62,0.0,1770,14217,40052
28,54297,62,0.0,1771,14217,40080
24,54321,62,0.0,1772,14217,40104
10,54331,62,0.0,1773,14217,40114
37,54368,62,0.0,1774,14217,40151
12,54380,62,0.0,1775,14217,40163
13,54393,62,0.0,1776,14217,40176
17,54410,62,0.0,1777,14217,40193
15,54425,62,0.0,1778,14217,40208
8,54433,62,0.0,1779,14217,40216
19,54452,62,0.0,1780,14217,40235
44,54496,62,0.0,1781,14217,40279
15,54511,62,0.0,1782,14217,40294
11,54522,62,0.0,1783,14217,40305
42,54564,63,1.0,1784,14217,40347
11,54575,63,0.0,1785,14217,40358
26,54601,63,0.0,1786,14217,40384
18,54619,63,0.0,1787,14217,40402
32,54651,63,0.0,1788,14217,40434
9,54660,63,0.0,1789,14217,40443
18,54678,63,0.0,1790,14217,40461
10,54688,63,0.0,1791,14217,40471
63,54751,63,0.0,1792,14217,40534
23,54774,63,0.0,1793,14217,40557
48,54822,63,0.0,1794,14217,40605
39,54861,63,0.0,1795,14217,40644
17,54878,63,0.0,1796,14217,40661
77,54955,64,1.0,1797,14217,40738
70,55025,64,0.0,1798,14217,40808
23,55048,64,0.0,1799,14217,40831
19,55067,64,0.0,1800,14217,40850
13,55080,64,0.0,1801,14217,40863
60,55140,64,0.0,1802,14217,40923
20,55160,64,0.0,1803,14217,40943
34,55194,64,0.0,1804,14217,40977
12,55206,64,0.0,1805,14217,40989
16,55222,64,0.0,1806,14217,41005
23,55245,64,0.0,1807,14217,41028
40,55285,64,0.0,1808,14217,41068
11,55296,64,0.0,1809,14217,41079
47,55343,64,0.0,1810,14217,41126
22,55365,64,0.0,1811,14217,41148
21,55386,64,0.0,1812,14217,41169
35,55421,64,0.0,1813,14217,41204
30,55451,64,0.0,1814,14217,41234
24,55475,64,0.0,1815,14217,41258
62,55537,65,1.0,1816,14217,41320
6,55543,65,0.0,1817,14217,41326
20,55563,65,0.0,1818,14217,41346
34,55597,65,0.0,1819,14217,41380
13,55610,65,0.0,1820,14217,41393
51,55661,65,0.0,1821,14217,41444
36,55697,65,0.0,1822,14217,41480
6,55703,65,0.0,1823,14217,41486
9,55712,65,0.0,1824,14217,41495
39,55751,66,1.0,1825,14217,41534
23,55774,66,0.0,1826,14217,41557
22,55796,66,0.0,1827,14217,41579
20,55816,66,0.0,1828,14217,41599
16,55832,66,0.0,1829,14217,41615
14,55846,66,0.0,1830,14217,41629
37,55883,67,1.0,1831,14217,41666
30,55913,68,1.0,1832,14217,41696
79,55992,68,0.0,1833,14217,41775
17,56009,68,0.0,1834,14217,41792
35,56044,68,0.0,1835,14217,41827
29,56073,68,0.0,1836,14217,41856
32,56105,68,0.0,1837,14217,41888
69,56174,68,0.0,1838,14217,41957
12,56186,68,0.0,1839,14217,41969
22,56208,68,0.0,1840,14217,41991
21,56229,68,0.0,1841,14217,42012
14,56243,68,0.0,1842,14217,42026
78,56321,68,0.0,1843,14217,42104
40,56361,69,1.0,1844,14217,42144
30,56391,69,0.0,1845,14217,42174
52,56443,69,0.0,1846,14217,42226
57,56500,70,1.0,1847,14217,42283
56,56556,70,0.0,1848,14217,42339
27,56583,70,0.0,1849,14217,42366
51,56634,70,0.0,1850,14217,42417
53,56687,70,0.0,1851,14217,42470
11,56698,70,0.0,1852,14217,42481
23,56721,70,0.0,1853,14217,42504
34,56755,70,0.0,1854,14217,42538
11,56766,70,0.0,1855,14217,42549
28,56794,70,0.0,1856,14217,42577
26,56820,70,0.0,1857,14217,42603
67,56887,70,0.0,1858,14217,42670
12,56899,70,0.0,1859,14217,42682
36,56935,70,0.0,1860,14217,42718
20,56955,70,0.0,1861,14217,42738
21,56976,70,0.0,1862,14217,42759
7,56983,70,0.0,1863,14217,42766
47,57030,70,0.0,1864,14217,42813
29,57059,70,0.0,1865,14217,42842
9,57068,70,0.0,1866,14217,42851
6,57074,70,0.0,1867,14217,42857
61,57135,70,0.0,1868,14217,42918
25,57160,70,0.0,1869,14217,42943
25,57185,70,0.0,1870,14217,42968
100,57285,70,0.0,1871,14217,43068
49,57334,70,0.0,1872,14217,43117
45,57379,71,1.0,1873,14217,43162
20,57399,71,0.0,1874,14217,43182
12,57411,71,0.0,1875,14217,43194
29,57440,71,0.0,1876,14217,43223
24,57464,71,0.0,1877,14217,43247
43,57507,71,0.0,1878,14217,43290
21,57528,71,0.0,1879,14217,43311
43,57571,71,0.0,1880,14217,43354
18,57589,71,0.0,1881,14217,43372
28,57617,71,0.0,1882,14217,43400
31,57648,71,0.0,1883,14217,43431
11,57659,71,0.0,1884,14217,43442
60,57719,72,1.0,1885,14217,43502
24,57743,72,0.0,1886,14217,43526
24,57767,72,0.0,1887,14217,43550
32,57799,72,0.0,1888,14217,43582
16,57815,72,0.0,1889,14217,43598
27,57842,72,0.0,1890,14217,43625
65,57907,72,0.0,1891,14217,43690
18,57925,72,0.0,1892,14217,43708
47,57972,72,0.0,1893,14217,43755
16,57988,72,0.0,1894,14217,43771
6,57994,72,0.0,1895,14217,43777
18,58012,72,0.0,1896,14217,43795
46,58058,72,0.0,1897,14217,43841
36,58094,73,1.0,1898,14217,43877
12,58106,73,0.0,1899,14217,43889
15,58121,73,0.0,1900,14217,43904
15,58136,73,0.0,1901,14217,43919
10,58146,73,0.0,1902,14217,43929
17,58163,73,0.0,1903,14217,43946
27,58190,73,0.0,1904,14217,43973
21,58211,73,0.0,1905,14217,43994
18,58229,73,0.0,1906,14217,44012
61,58290,73,0.0,1907,14217,44073
15,58305,73,0.0,1908,14217,44088
23,58328,73,0.0,1909,14217,44111
14,58342,73,0.0,1910,14217,44125
9,58351,73,0.0,1911,14217,44134
27,58378,73,0.0,1912,14217,44161
38,58416,73,0.0,1913,14217,44199
69,58485,73,0.0,1914,14217,44268
34,58519,73,0.0,1915,14217,44302
31,58550,73,0.0,1916,14217,44333
25,58575,73,0.0,1917,14217,44358
12,58587,73,0.0,1918,14217,44370
9,58596,73,0.0,1919,14217,44379
22,58618,74,1.0,1920,14217,44401
18,58636,74,0.0,1921,14217,44419
21,58657,75,1.0,1922,14217,44440
33,58690,75,0.0,1923,14217,44473
47,58737,75,0.0,1924,14217,44520
28,58765,75,0.0,1925,14217,44548
32,58797,75,0.0,1926,14217,44580
15,58812,75,0.0,1927,14217,44595
13,58825,75,0.0,1928,14217,44608
9,58834,75,0.0,1929,14217,44617
10,58844,75,0.0,1930,14217,44627
37,58881,76,1.0,1931,14217,44664
22,58903,77,1.0,1932,14217,44686
27,58930,77,0.0,1933,14217,44713
38,58968,77,0.0,1934,14217,44751
14,58982,77,0.0,1935,14217,44765
12,58994,77,0.0,1936,14217,44777
8,59002,77,0.0,1937,14217,44785
13,59015,77,0.0,1938,14217,44798
32,59047,77,0.0,1939,14217,44830
50,59097,78,1.0,1940,14217,44880
59,59156,79,1.0,1941,14217,44939
45,59201,79,0.0,1942,14217,44984
31,59232,79,0.0,1943,14217,45015
11,59243,79,0.0,1944,14217,45026
12,59255,79,0.0,1945,14217,45038
27,59282,79,0.0,1946,14217,45065
31,59313,79,0.0,1947,14217,45096
12,59325,79,0.0,1948,14217,45108
6,59331,79,0.0,1949,14217,45114
54,59385,80,1.0,1950,14217,45168
40,59425,81,1.0,1951,14217,45208
18,59443,81,0.0,1952,14217,45226
27,59470,81,0.0,1953,14217,45253
27,59497,81,0.0,1954,14217,45280
39,59536,81,0.0,1955,14217,45319
8,59544,81,0.0,1956,14217,45327
25,59569,81,0.0,1957,14217,45352
79,59648,82,1.0,1958,14217,45431
49,59697,82,0.0,1959,14217,45480
15,59712,82,0.0,1960,14217,45495
75,59787,82,0.0,1961,14217,45570
24,59811,82,0.0,1962,14217,45594
9,59820,82,0.0,1963,14217,45603
13,59833,82,0.0,1964,14217,45616
22,59855,82,0.0,1965,14217,45638
47,59902,82,0.0,1966,14217,45685
42,59944,82,0.0,1967,14217,45727
34,59978,82,0.0,1968,14217,45761
30,60008,82,0.0,1969,14217,45791
36,60044,83,1.0,1970,14217,45827
41,60085,83,0.0,1971,14217,45868
34,60119,83,0.0,1972,14217,45902
20,60139,83,0.0,1973,14217,45922
10,60149,83,0.0,1974,14217,45932
46,60195,84,1.0,1975,14217,45978
9,60204,84,0.0,1976,14217,45987
60,60264,85,1.0,1977,14217,46047
40,60304,86,1.0,1978,14217,46087
16,60320,86,0.0,1979,14217,46103
17,60337,86,0.0,1980,14217,46120
25,60362,86,0.0,1981,14217,46145
19,60381,86,0.0,1982,14217,46164
71,60452,86,0.0,1983,14217,46235
42,60494,86,0.0,1984,14217,46277
9,60503,86,0.0,1985,14217,46286
38,60541,86,0.0,1986,14217,46324
13,60554,86,0.0,1987,14217,46337
60,60614,86,0.0,1988,14217,46397
16,60630,86,0.0,1989,14217,46413
30,60660,86,0.0,1990,14217,46443
11,60671,86,0.0,1991,14217,46454
55,60726,87,1.0,1992,14217,46509
34,60760,87,0.0,1993,14217,46543
18,60778,87,0.0,1994,14217,46561
10,60788,87,0.0,1995,14217,46571
48,60836,87,0.0,1996,14217,46619
41,60877,87,0.0,1997,14217,46660
28,60905,87,0.0,1998,14217,46688
10,60915,87,0.0,1999,14217,46698
35,60950,87,0.0,2000,14217,46733
28,60978,87,0.0,2001,14217,46761
35,61013,87,0.0,2002,14217,46796
25,61038,87,0.0,2003,14217,46821
40,61078,87,0.0,2004,14217,46861
25,61103,87,0.0,2005,14217,46886
13,61116,87,0.0,2006,14217,46899
35,61151,87,0.0,2007,14217,46934
44,61195,88,1.0,2008,14217,46978
21,61216,88,0.0,2009,14217,46999
19,61235,88,0.0,2010,14217,47018
26,61261,88,0.0,2011,14217,47044
64,61325,89,1.0,2012,14217,47108
51,61376,89,0.0,2013,14217,47159
8,61384,89,0.0,2014,14217,47167
15,61399,89,0.0,2015,14217,47182
63,61462,90,1.0,2016,14217,47245
17,61479,90,0.0,2017,14217,47262
37,61516,90,0.0,2018,14217,47299
35,61551,91,1.0,2019,14217,47334
30,61581,91,0.0,2020,14217,47364
35,61616,91,0.0,2021,14217,47399
20,61636,91,0.0,2022,14217,47419
28,61664,92,1.0,2023,14217,47447
26,61690,92,0.0,2024,14217,47473
45,61735,92,0.0,2025,14217,47518
26,61761,92,0.0,2026,14217,47544
26,61787,92,0.0,2027,14217,47570
59,61846,92,0.0,2028,14217,47629
15,61861,92,0.0,2029,14217,47644
15,61876,92,0.0,2030,14217,47659
39,61915,92,0.0,2031,14217,47698
30,61945,92,0.0,2032,14217,47728
51,61996,93,1.0,2033,14217,47779
98,62094,93,0.0,2034,14217,47877
11,62105,93,0.0,2035,14217,47888
40,62145,94,1.0,2036,14217,47928
63,62208,95,1.0,2037,14217,47991
14,62222,95,0.0,2038,14217,48005
55,62277,95,0.0,2039,14217,48060
28,62305,95,0.0,2040,14217,48088
13,62318,95,0.0,2041,14217,48101
31,62349,95,0.0,2042,14217,48132
17,62366,95,0.0,2043,14217,48149
69,62435,95,0.0,2044,14217,48218
15,62450,95,0.0,2045,14217,48233
22,62472,95,0.0,2046,14217,48255
11,62483,95,0.0,2047,14217,48266
35,62518,95,0.0,2048,14217,48301
33,62551,95,0.0,2049,14217,48334
11,62562,95,0.0,2050,14217,48345
21,62583,95,0.0,2051,14217,48366
10,62593,95,0.0,2052,14217,48376
38,62631,95,0.0,2053,14217,48414
30,62661,95,0.0,2054,14217,48444
42,62703,96,1.0,2055,14217,48486
27,62730,97,1.0,2056,14217,48513
31,62761,98,1.0,2057,14217,48544
12,62773,98,0.0,2058,14217,48556
13,62786,98,0.0,2059,14217,48569
36,62822,98,0.0,2060,14217,48605
10,62832,98,0.0,2061,14217,48615
15,62847,98,0.0,2062,14217,48630
49,62896,99,1.0,2063,14217,48679
12,62908,99,0.0,2064,14217,48691
70,62978,99,0.0,2065,14217,48761
16,62994,99,0.0,2066,14217,48777
43,63037,99,0.0,2067,14217,48820
29,63066,99,0.0,2068,14217,48849
71,63137,99,0.0,2069,14217,48920
44,63181,99,0.0,2070,14217,48964
40,63221,100,1.0,2071,14217,49004
15,63236,100,0.0,2072,14217,49019
25,63261,100,0.0,2073,14217,49044
29,63290,100,0.0,2074,14217,49073
18,63308,100,0.0,2075,14217,49091
15,63323,100,0.0,2076,14217,49106
24,63347,100,0.0,2077,14217,49130
64,63411,100,0.0,2078,14217,49194
25,63436,100,0.0,2079,14217,49219
76,63512,100,0.0,2080,14217,49295
5,63517,100,0.0,2081,14217,49300
38,63555,100,0.0,2082,14217,49338
59,63614,100,0.0,2083,14217,49397
33,63647,100,0.0,2084,14217,49430
11,63658,100,0.0,2085,14217,49441
29,63687,100,0.0,2086,14217,49470
22,63709,100,0.0,2087,14217,49492
18,63727,100,0.0,2088,14217,49510
16,63743,100,0.0,2089,14217,49526
26,63769,100,0.0,2090,14217,49552
52,63821,100,0.0,2091,14217,49604
27,63848,100,0.0,2092,14217,49631
14,63862,100,0.0,2093,14217,49645
5,63867,100,0.0,2094,14217,49650
86,63953,101,1.0,2095,14217,49736
17,63970,101,0.0,2096,14217,49753
18,63988,101,0.0,2097,14217,49771
36,64024,101,0.0,2098,14217,49807
15,64039,101,0.0,2099,14217,49822
48,64087,101,0.0,2100,14217,49870
29,64116,101,0.0,2101,14217,49899
30,64146,101,0.0,2102,14217,49929
12,64158,101,0.0,2103,14217,49941
27,64185,101,0.0,2104,14217,49968
13,64198,101,0.0,2105,14217,49981
20,64218,101,0.0,2106,14217,50001
27,64245,101,0.0,2107,14217,50028
97,64342,101,0.0,2108,14217,50125
28,64370,102,1.0,2109,14217,50153
22,64392,102,0.0,2110,14217,50175
7,64399,102,0.0,2111,14217,50182
9,64408,102,0.0,2112,14217,50191
39,64447,102,0.0,2113,14217,50230
27,64474,102,0.0,2114,14217,50257
50,64524,103,1.0,2115,14217,50307
8,64532,103,0.0,2116,14217,50315
41,64573,104,1.0,2117,14217,50356
69,64642,104,0.0,2118,14217,50425
27,64669,104,0.0,2119,14217,50452
16,64685,104,0.0,2120,14217,50468
12,64697,104,0.0,2121,14217,50480
6,64703,104,0.0,2122,14217,50486
44,64747,104,0.0,2123,14217,50530
19,64766,104,0.0,2124,14217,50549
11,64777,104,0.0,2125,14217,50560
19,64796,104,0.0,2126,14217,50579
31,64827,104,0.0,2127,14217,50610
70,64897,105,1.0,2128,14217,50680
46,64943,105,0.0,2129,14217,50726
18,64961,105,0.0,2130,14217,50744
25,64986,105,0.0,2131,14217,50769
8,64994,105,0.0,2132,14217,50777
57,65051,105,0.0,2133,14217,50834
7,65058,105,0.0,2134,14217,50841
15,65073,105,0.0,2135,14217,50856
50,65123,105,0.0,2136,14217,50906
59,65182,105,0.0,2137,14217,50965
16,65198,105,0.0,2138,14217,50981
31,65229,105,0.0,2139,14217,51012
19,65248,106,1.0,2140,14217,51031
9,65257,106,0.0,2141,14217,51040
38,65295,106,0.0,2142,14217,51078
18,65313,106,0.0,2143,14217,51096
42,65355,106,0.0,2144,14217,51138
39,65394,106,0.0,2145,14217,51177
6,65400,106,0.0,2146,14217,51183
11,65411,106,0.0,2147,14217,51194
9,65420,106,0.0,2148,14217,51203
11,65431,106,0.0,2149,14217,51214
35,65466,106,0.0,2150,14217,51249
17,65483,106,0.0,2151,14217,51266
24,65507,106,0.0,2152,14217,51290
11,65518,106,0.0,2153,14217,51301
40,65558,106,0.0,2154,14217,51341
27,65585,106,0.0,2155,14217,51368
17,65602,106,0.0,2156,14217,51385
28,65630,106,0.0,2157,14217,51413
27,65657,107,1.0,2158,14217,51440
18,65675,107,0.0,2159,14217,51458
50,65725,108,1.0,2160,14217,51508
15,65740,108,0.0,2161,14217,51523
24,65764,108,0.0,2162,14217,51547
32,65796,108,0.0,2163,14217,51579
22,65818,108,0.0,2164,14217,51601
57,65875,108,0.0,2165,14217,51658
37,65912,108,0.0,2166,14217,51695
11,65923,108,0.0,2167,14217,51706
21,65944,109,1.0,2168,14217,51727
49,65993,109,0.0,2169,14217,51776
82,66075,109,0.0,2170,14217,51858
27,66102,110,1.0,2171,14217,51885
11,66113,110,0.0,2172,14217,51896
8,66121,110,0.0,2173,14217,51904
14,66135,110,0.0,2174,14217,51918
56,66191,110,0.0,2175,14217,51974
27,66218,110,0.0,2176,14217,52001
13,66231,110,0.0,2177,14217,52014
45,66276,110,0.0,2178,14217,52059
43,66319,110,0.0,2179,14217,52102
50,66369,110,0.0,2180,14217,52152
8,66377,110,0.0,2181,14217,52160
15,66392,110,0.0,2182,14217,52175
17,66409,110,0.0,2183,14217,52192
23,66432,111,1.0,2184,14217,52215
42,66474,111,0.0,2185,14217,52257
14,66488,111,0.0,2186,14217,52271
18,66506,112,1.0,2187,14217,52289
50,66556,112,0.0,2188,14217,52339
29,66585,112,0.0,2189,14217,52368
20,66605,112,0.0,2190,14217,52388
57,66662,112,0.0,2191,14217,52445
5,66667,112,0.0,2192,14217,52450
13,66680,112,0.0,2193,14217,52463
88,66768,112,0.0,2194,14217,52551
38,66806,113,1.0,2195,14217,52589
26,66832,114,1.0,2196,14217,52615
59,66891,115,1.0,2197,14217,52674
73,66964,115,0.0,2198,14217,52747
48,67012,115,0.0,2199,14217,52795
51,67063,115,0.0,2200,14217,52846
13,67076,115,0.0,2201,14217,52859
37,67113,115,0.0,2202,14217,52896
85,67198,115,0.0,2203,14217,52981
31,67229,115,0.0,2204,14217,53012
21,67250,115,0.0,2205,14217,53033
13,67263,115,0.0,2206,14217,53046
7,67270,115,0.0,2207,14217,53053
39,67309,115,0.0,2208,14217,53092
36,67345,115,0.0,2209,14217,53128
28,67373,115,0.0,2210,14217,53156
23,67396,115,0.0,2211,14217,53179
27,67423,115,0.0,2212,14217,53206
13,67436,115,0.0,2213,14217,53219
30,67466,115,0.0,2214,14217,53249
39,67505,115,0.0,2215,14217,53288
12,67517,115,0.0,2216,14217,53300
44,67561,116,1.0,2217,14217,53344
49,67610,116,0.0,2218,14217,53393
15,67625,116,0.0,2219,14217,53408
49,67674,116,0.0,2220,14217,53457
19,67693,116,0.0,2221,14217,53476
28,67721,117,1.0,2222,14217,53504
55,67776,117,0.0,2223,14217,53559
28,67804,117,0.0,2224,14217,53587
17,67821,117,0.0,2225,14217,53604
33,67854,118,1.0,2226,14217,53637
9,67863,118,0.0,2227,14217,53646
31,67894,118,0.0,2228,14217,53677
26,67920,118,0.0,2229,14217,53703
29,67949,118,0.0,2230,14217,53732
41,67990,118,0.0,2231,14217,53773
26,68016,118,0.0,2232,14217,53799
5,68021,118,0.0,2233,14217,53804
66,68087,118,0.0,2234,14217,53870
14,68101,118,0.0,2235,14217,53884
25,68126,118,0.0,2236,14217,53909
18,68144,118,0.0,2237,14217,53927
28,68172,118,0.0,2238,14217,53955
34,68206,119,1.0,2239,14217,53989
49,68255,119,0.0,2240,14217,54038
13,68268,119,0.0,2241,14217,54051
6,68274,119,0.0,2242,14217,54057
9,68283,119,0.0,2243,14217,54066
35,68318,119,0.0,2244,14217,54101
22,68340,119,0.0,2245,14217,54123
34,68374,119,0.0,2246,14217,54157
100,68474,119,0.0,2247,14217,54257
27,68501,119,0.0,2248,14217,54284
24,68525,120,1.0,2249,14217,54308
37,68562,120,0.0,2250,14217,54345
5,68567,120,0.0,2251,14217,54350
5,68572,120,0.0,2252,14217,54355
23,68595,120,0.0,2253,14217,54378
9,68604,120,0.0,2254,14217,54387
86,68690,120,0.0,2255,14217,54473
21,68711,120,0.0,2256,14217,54494
12,68723,120,0.0,2257,14217,54506
9,68732,120,0.0,2258,14217,54515
26,68758,120,0.0,2259,14217,54541
100,68858,120,0.0,2260,14217,54641
25,68883,120,0.0,2261,14217,54666
8,68891,120,0.0,2262,14217,54674
33,68924,121,1.0,2263,14217,54707
18,68942,121,0.0,2264,14217,54725
29,68971,121,0.0,2265,14217,54754
21,68992,122,1.0,2266,14217,54775
23,69015,122,0.0,2267,14217,54798
11,69026,122,0.0,2268,14217,54809
26,69052,122,0.0,2269,14217,54835
18,69070,122,0.0,2270,14217,54853
13,69083,122,0.0,2271,14217,54866
18,69101,122,0.0,2272,14217,54884
46,69147,123,1.0,2273,14217,54930
28,69175,123,0.0,2274,14217,54958
13,69188,123,0.0,2275,14217,54971
41,69229,124,1.0,2276,14217,55012
49,69278,124,0.0,2277,14217,55061
53,69331,124,0.0,2278,14217,55114
11,69342,124,0.0,2279,14217,55125
25,69367,124,0.0,2280,14217,55150
24,69391,124,0.0,2281,14217,55174
32,69423,124,0.0,2282,14217,55206
24,69447,124,0.0,2283,14217,55230
47,69494,124,0.0,2284,14217,55277
9,69503,124,0.0,2285,14217,55286
34,69537,124,0.0,2286,14217,55320
19,69556,124,0.0,2287,14217,55339
17,69573,124,0.0,2288,14217,55356
12,69585,124,0.0,2289,14217,55368
7,69592,124,0.0,2290,14217,55375
9,69601,124,0.0,2291,14217,55384
17,69618,124,0.0,2292,14217,55401
29,69647,124,0.0,2293,14217,55430
30,69677,125,1.0,2294,14217,55460
25,69702,125,0.0,2295,14217,55485
34,69736,125,0.0,2296,14217,55519
55,69791,125,0.0,2297,14217,55574
30,69821,125,0.0,2298,14217,55604
16,69837,125,0.0,2299,14217,55620
18,69855,125,0.0,2300,14217,55638
29,69884,125,0.0,2301,14217,55667
7,69891,125,0.0,2302,14217,55674
19,69910,125,0.0,2303,14217,55693
22,69932,125,0.0,2304,14217,55715
13,69945,125,0.0,2305,14217,55728
25,69970,125,0.0,2306,14217,55753
24,69994,125,0.0,2307,14217,55777
12,70006,125,0.0,2308,14217,55789
44,70050,125,0.0,2309,14217,55833
8,70058,125,0.0,2310,14217,55841
28,70086,125,0.0,2311,14217,55869
33,70119,125,0.0,2312,14217,55902
68,70187,125,0.0,2313,14217,55970
48,70235,125,0.0,2314,14217,56018
19,70254,125,0.0,2315,14217,56037
73,70327,125,0.0,2316,14217,56110
34,70361,125,0.0,2317,14217,56144
21,70382,125,0.0,2318,14217,56165
16,70398,125,0.0,2319,14217,56181
19,70417,125,0.0,2320,14217,56200
35,70452,125,0.0,2321,14217,56235
35,70487,125,0.0,2322,14217,56270
19,70506,125,0.0,2323,14217,56289
37,70543,126,1.0,2324,14217,56326
29,70572,127,1.0,2325,14217,56355
55,70627,127,0.0,2326,14217,56410
60,70687,127,0.0,2327,14217,56470
43,70730,127,0.0,2328,14217,56513
18,70748,127,0.0,2329,14217,56531
34,70782,127,0.0,2330,14217,56565
11,70793,127,0.0,2331,14217,56576
14,70807,127,0.0,2332,14217,56590
51,70858,127,0.0,2333,14217,56641
17,70875,127,0.0,2334,14217,56658
11,70886,127,0.0,2335,14217,56669
10,70896,127,0.0,2336,14217,56679
11,70907,127,0.0,2337,14217,56690
16,70923,127,0.0,2338,14217,56706
39,70962,127,0.0,2339,14217,56745
10,70972,127,0.0,2340,14217,56755
92,71064,127,0.0,2341,14217,56847
46,71110,127,0.0,2342,14217,56893
10,71120,127,0.0,2343,14217,56903
31,71151,127,0.0,2344,14217,56934
63,71214,127,0.0,2345,14217,56997
9,71223,127,0.0,2346,14217,57006
30,71253,128,1.0,2347,14217,57036
30,71283,128,0.0,2348,14217,57066
23,71306,128,0.0,2349,14217,57089
49,71355,128,0.0,2350,14217,57138
14,71369,128,0.0,2351,14217,57152
13,71382,128,0.0,2352,14217,57165
24,71406,128,0.0,2353,14217,57189
15,71421,128,0.0,2354,14217,57204
41,71462,128,0.0,2355,14217,57245
10,71472,128,0.0,2356,14217,57255
45,71517,128,0.0,2357,14217,57300
13,71530,128,0.0,2358,14217,57313
7,71537,128,0.0,2359,14217,57320
13,71550,128,0.0,2360,14217,57333
18,71568,128,0.0,2361,14217,57351
22,71590,128,0.0,2362,14217,57373
24,71614,128,0.0,2363,14217,57397
18,71632,128,0.0,2364,14217,57415
32,71664,129,1.0,2365,14217,57447
20,71684,129,0.0,2366,14217,57467
17,71701,129,0.0,2367,14217,57484
39,71740,130,1.0,2368,14217,57523
39,71779,130,0.0,2369,14217,57562
13,71792,130,0.0,2370,14217,57575
16,71808,130,0.0,2371,14217,57591
10,71818,130,0.0,2372,14217,57601
24,71842,130,0.0,2373,14217,57625
21,71863,130,0.0,2374,14217,57646
17,71880,130,0.0,2375,14217,57663
19,71899,130,0.0,2376,14217,57682
29,71928,130,0.0,2377,14217,57711
15,71943,130,0.0,2378,14217,57726
26,71969,130,0.0,2379,14217,57752
74,72043,131,1.0,2380,14217,57826
20,72063,131,0.0,2381,14217,57846
100,72163,131,0.0,2382,14217,57946
51,72214,131,0.0,2383,14217,57997
21,72235,131,0.0,2384,14217,58018
39,72274,132,1.0,2385,14217,58057
12,72286,132,0.0,2386,14217,58069
23,72309,132,0.0,2387,14217,58092
43,72352,132,0.0,2388,14217,58135
9,72361,132,0.0,2389,14217,58144
17,72378,132,0.0,2390,14217,58161
13,72391,132,0.0,2391,14217,58174
14,72405,132,0.0,2392,14217,58188
26,72431,132,0.0,2393,14217,58214
10,72441,132,0.0,2394,14217,58224
81,72522,132,0.0,2395,14217,58305
21,72543,132,0.0,2396,14217,58326
17,72560,132,0.0,2397,14217,58343
9,72569,132,0.0,2398,14217,58352
54,72623,132,0.0,2399,14217,58406
60,72683,132,0.0,2400,14217,58466
25,72708,132,0.0,2401,14217,58491
28,72736,132,0.0,2402,14217,58519
30,72766,132,0.0,2403,14217,58549
36,72802,132,0.0,2404,14217,58585
54,72856,132,0.0,2405,14217,58639
38,72894,132,0.0,2406,14217,58677
45,72939,132,0.0,2407,14217,58722
18,72957,132,0.0,2408,14217,58740
100,73057,132,0.0,2409,14217,58840
63,73120,132,0.0,2410,14217,58903
9,73129,132,0.0,2411,14217,58912
36,73165,132,0.0,2412,14217,58948
25,73190,133,1.0,2413,14217,58973
58,73248,134,1.0,2414,14217,59031
44,73292,135,1.0,2415,14217,59075
13,73305,135,0.0,2416,14217,59088
100,73405,135,0.0,2417,14217,59188
37,73442,136,1.0,2418,14217,59225
26,73468,136,0.0,2419,14217,59251
8,73476,136,0.0,2420,14217,59259
7,73483,136,0.0,2421,14217,59266
21,73504,136,0.0,2422,14217,59287
11,73515,136,0.0,2423,14217,59298
18,73533,136,0.0,2424,14217,59316
11,73544,136,0.0,2425,14217,59327
29,73573,136,0.0,2426,14217,59356
33,73606,136,0.0,2427,14217,59389
36,73642,136,0.0,2428,14217,59425
42,73684,136,0.0,2429,14217,59467
19,73703,136,0.0,2430,14217,59486
19,73722,136,0.0,2431,14217,59505
19,73741,136,0.0,2432,14217,59524
34,73775,136,0.0,2433,14217,59558
43,73818,136,0.0,2434,14217,59601
43,73861,136,0.0,2435,14217,59644
22,73883,137,1.0,2436,14217,59666
15,73898,137,0.0,2437,14217,59681
58,73956,138,1.0,2438,14217,59739
49,74005,139,1.0,2439,14217,59788
5,74010,139,0.0,2440,14217,59793
9,74019,139,0.0,2441,14217,59802
20,74039,139,0.0,2442,14217,59822
31,74070,139,0.0,2443,14217,59853
70,74140,139,0.0,2444,14217,59923
45,74185,139,0.0,2445,14217,59968
69,74254,139,0.0,2446,14217,60037
28,74282,139,0.0,2447,14217,60065
5,74287,139,0.0,2448,14217,60070
10,74297,139,0.0,2449,14217,60080
32,74329,140,1.0,2450,14217,60112
42,74371,140,0.0,2451,14217,60154
17,74388,140,0.0,2452,14217,60171
28,74416,141,1.0,2453,14217,60199
30,74446,142,1.0,2454,14217,60229
89,74535,142,0.0,2455,14217,60318
22,74557,142,0.0,2456,14217,60340
24,74581,142,0.0,2457,14217,60364
14,74595,142,0.0,2458,14217,60378
33,74628,142,0.0,2459,14217,60411
11,74639,142,0.0,2460,14217,60422
36,74675,143,1.0,2461,14217,60458
39,74714,143,0.0,2462,14217,60497
9,74723,143,0.0,2463,14217,60506
14,74737,143,0.0,2464,14217,60520
57,74794,144,1.0,2465,14217,60577
13,74807,144,0.0,2466,14217,60590
17,74824,144,0.0,2467,14217,60607
49,74873,145,1.0,2468,14217,60656
19,74892,145,0.0,2469,14217,60675
37,74929,146,1.0,2470,14217,60712
10,74939,146,0.0,2471,14217,60722
23,74962,146,0.0,2472,14217,60745
16,74978,146,0.0,2473,14217,60761
49,75027,147,1.0,2474,14217,60810
13,75040,147,0.0,2475,14217,60823
41,75081,147,0.0,2476,14217,60864
31,75112,148,1.0,2477,14217,60895
14,75126,148,0.0,2478,14217,60909
21,75147,148,0.0,2479,14217,60930
22,75169,148,0.0,2480,14217,60952
12,75181,148,0.0,2481,14217,60964
32,75213,148,0.0,2482,14217,60996
18,75231,148,0.0,2483,14217,61014
29,75260,149,1.0,2484,14217,61043
67,75327,149,0.0,2485,14217,61110
49,75376,149,0.0,2486,14217,61159
22,75398,149,0.0,2487,14217,61181
20,75418,149,0.0,2488,14217,61201
21,75439,149,0.0,2489,14217,61222
35,75474,150,1.0,2490,14217,61257
24,75498,150,0.0,2491,14217,61281
13,75511,150,0.0,2492,14217,61294
47,75558,150,0.0,2493,14217,61341
13,75571,150,0.0,2494,14217,61354
9,75580,150,0.0,2495,14217,61363
58,75638,151,1.0,2496,14217,61421
77,75715,151,0.0,2497,14217,61498
92,75807,152,1.0,2498,14217,61590
39,75846,153,1.0,2499,14217,61629
93,75939,153,0.0,2500,14217,61722
18,75957,153,0.0,2501,14217,61740
20,75977,153,0.0,2502,14217,61760
26,76003,153,0.0,2503,14217,61786
10,76013,153,0.0,2504,14217,61796
56,76069,154,1.0,2505,14217,61852
47,76116,154,0.0,2506,14217,61899
41,76157,154,0.0,2507,14217,61940
39,76196,155,1.0,2508,14217,61979
10,76206,155,0.0,2509,14217,61989
29,76235,155,0.0,2510,14217,62018
9,76244,155,0.0,2511,14217,62027
43,76287,156,1.0,2512,14217,62070
59,76346,157,1.0,2513,14217,62129
72,76418,157,0.0,2514,14217,62201
28,76446,158,1.0,2515,14217,62229
19,76465,158,0.0,2516,14217,62248
40,76505,158,0.0,2517,14217,62288
32,76537,158,0.0,2518,14217,62320
8,76545,158,0.0,2519,14217,62328
26,76571,158,0.0,2520,14217,62354
38,76609,158,0.0,2521,14217,62392
28,76637,158,0.0,2522,14217,62420
30,76667,158,0.0,2523,14217,62450
19,76686,158,0.0,2524,14217,62469
8,76694,158,0.0,2525,14217,62477
17,76711,158,0.0,2526,14217,62494
32,76743,159,1.0,2527,14217,62526
21,76764,159,0.0,2528,14217,62547
52,76816,159,0.0,2529,14217,62599
13,76829,159,0.0,2530,14217,62612
7,76836,159,0.0,2531,14217,62619
29,76865,159,0.0,2532,14217,62648
33,76898,160,1.0,2533,14217,62681
25,76923,160,0.0,2534,14217,62706
69,76992,161,1.0,2535,14217,62775
41,77033,161,0.0,2536,14217,62816
33,77066,161,0.0,2537,14217,62849
49,77115,161,0.0,2538,14217,62898
33,77148,161,0.0,2539,14217,62931
20,77168,161,0.0,2540,14217,62951
25,77193,161,0.0,2541,14217,62976
20,77213,161,0.0,2542,14217,62996
27,77240,161,0.0,2543,14217,63023
42,77282,161,0.0,2544,14217,63065
13,77295,161,0.0,2545,14217,63078
58,77353,161,0.0,2546,14217,63136
11,77364,161,0.0,2547,14217,63147
78,77442,161,0.0,2548,14217,63225
19,77461,161,0.0,2549,14217,63244
9,77470,161,0.0,2550,14217,63253
44,77514,161,0.0,2551,14217,63297
27,77541,161,0.0,2552,14217,63324
17,77558,161,0.0,2553,14217,63341
22,77580,161,0.0,2554,14217,63363
16,77596,161,0.0,2555,14217,63379
18,77614,161,0.0,2556,14217,63397
27,77641,161,0.0,2557,14217,63424
14,77655,161,0.0,2558,14217,63438
46,77701,162,1.0,2559,14217,63484
82,77783,162,0.0,2560,14217,63566
15,77798,162,0.0,2561,14217,63581
37,77835,162,0.0,2562,14217,63618
30,77865,163,1.0,2563,14217,63648
19,77884,163,0.0,2564,14217,63667
28,77912,163,0.0,2565,14217,63695
7,77919,163,0.0,2566,14217,63702
85,78004,163,0.0,2567,14217,63787
22,78026,163,0.0,2568,14217,63809
50,78076,163,0.0,2569,14217,63859
71,78147,163,0.0,2570,14217,63930
21,78168,163,0.0,2571,14217,63951
42,78210,163,0.0,2572,14217,63993
35,78245,163,0.0,2573,14217,64028
55,78300,163,0.0,2574,14217,64083
19,78319,163,0.0,2575,14217,64102
6,78325,163,0.0,2576,14217,64108
26,78351,163,0.0,2577,14217,64134
57,78408,164,1.0,2578,14217,64191
18,78426,165,1.0,2579,14217,64209
64,78490,165,0.0,2580,14217,64273
91,78581,166,1.0,2581,14217,64364
34,78615,166,0.0,2582,14217,64398
63,78678,167,1.0,2583,14217,64461
31,78709,168,1.0,2584,14217,64492
84,78793,169,1.0,2585,14217,64576
76,78869,170,1.0,2586,14217,64652
30,78899,171,1.0,2587,14217,64682
17,78916,171,0.0,2588,14217,64699
32,78948,171,0.0,2589,14217,64731
21,78969,171,0.0,2590,14217,64752
52,79021,171,0.0,2591,14217,64804
32,79053,171,0.0,2592,14217,64836
7,79060,171,0.0,2593,14217,64843
32,79092,171,0.0,2594,14217,64875
12,79104,171,0.0,2595,14217,64887
52,79156,171,0.0,2596,14217,64939
49,79205,171,0.0,2597,14217,64988
9,79214,171,0.0,2598,14217,64997
20,79234,172,1.0,2599,14217,65017
42,79276,172,0.0,2600,14217,65059
19,79295,172,0.0,2601,14217,65078
10,79305,172,0.0,2602,14217,65088
25,79330,172,0.0,2603,14217,65113
13,79343,172,0.0,2604,14217,65126
55,79398,172,0.0,2605,14217,65181
20,79418,172,0.0,2606,14217,65201
9,79427,172,0.0,2607,14217,65210
30,79457,172,0.0,2608,14217,65240
36,79493,172,0.0,2609,14217,65276
54,79547,173,1.0,2610,14217,65330
23,79570,173,0.0,2611,14217,65353
25,79595,173,0.0,2612,14217,65378
17,79612,173,0.0,2613,14217,65395
61,79673,173,0.0,2614,14217,65456
11,79684,173,0.0,2615,14217,65467
53,79737,173,0.0,2616,14217,65520
28,79765,174,1.0,2617,14217,65548
10,79775,174,0.0,2618,14217,65558
28,79803,174,0.0,2619,14217,65586
26,79829,174,0.0,2620,14217,65612
100,79929,174,0.0,2621,14217,65712
100,80029,174,0.0,2622,14217,65812
52,80081,174,0.0,2623,14217,65864
18,80099,174,0.0,2624,14217,65882
8,80107,174,0.0,2625,14217,65890
14,80121,174,0.0,2626,14217,65904
23,80144,174,0.0,2627,14217,65927
34,80178,175,1.0,2628,14217,65961
100,80278,175,0.0,2629,14217,66061
10,80288,175,0.0,2630,14217,66071
37,80325,175,0.0,2631,14217,66108
5,80330,175,0.0,2632,14217,66113
28,80358,175,0.0,2633,14217,66141
64,80422,175,0.0,2634,14217,66205
40,80462,175,0.0,2635,14217,66245
7,80469,175,0.0,2636,14217,66252
31,80500,176,1.0,2637,14217,66283
33,80533,176,0.0,2638,14217,66316
64,80597,176,0.0,2639,14217,66380
5,80602,176,0.0,2640,14217,66385
11,80613,176,0.0,2641,14217,66396
34,80647,176,0.0,2642,14217,66430
19,80666,176,0.0,2643,14217,66449
73,80739,176,0.0,2644,14217,66522
17,80756,176,0.0,2645,14217,66539
10,80766,176,0.0,2646,14217,66549
19,80785,176,0.0,2647,14217,66568
9,80794,176,0.0,2648,14217,66577
12,80806,176,0.0,2649,14217,66589
26,80832,176,0.0,2650,14217,66615
26,80858,176,0.0,2651,14217,66641
21,80879,176,0.0,2652,14217,66662
15,80894,176,0.0,2653,14217,66677
22,80916,176,0.0,2654,14217,66699
42,80958,177,1.0,2655,14217,66741
37,80995,178,1.0,2656,14217,66778
16,81011,178,0.0,2657,14217,66794
29,81040,178,0.0,2658,14217,66823
9,81049,178,0.0,2659,14217,66832
28,81077,178,0.0,2660,14217,66860
80,81157,178,0.0,2661,14217,66940
62,81219,178,0.0,2662,14217,67002
14,81233,178,0.0,2663,14217,67016
11,81244,178,0.0,2664,14217,67027
21,81265,178,0.0,2665,14217,67048
11,81276,178,0.0,2666,14217,67059
28,81304,178,0.0,2667,14217,67087
30,81334,178,0.0,2668,14217,67117
10,81344,178,0.0,2669,14217,67127
47,81391,179,1.0,2670,14217,67174
39,81430,179,0.0,2671,14217,67213
26,81456,179,0.0,2672,14217,67239
19,81475,179,0.0,2673,14217,67258
54,81529,179,0.0,2674,14217,67312
56,81585,179,0.0,2675,14217,67368
20,81605,179,0.0,2676,14217,67388
64,81669,179,0.0,2677,14217,67452
13,81682,179,0.0,2678,14217,67465
34,81716,179,0.0,2679,14217,67499
32,81748,180,1.0,2680,14217,67531
9,81757,180,0.0,2681,14217,67540
20,81777,180,0.0,2682,14217,67560
22,81799,181,1.0,2683,14217,67582
11,81810,181,0.0,2684,14217,67593
48,81858,181,0.0,2685,14217,67641
18,81876,181,0.0,2686,14217,67659
14,81890,181,0.0,2687,14217,67673
15,81905,181,0.0,2688,14217,67688
28,81933,181,0.0,2689,14217,67716
76,82009,181,0.0,2690,14217,67792
6,82015,181,0.0,2691,14217,67798
31,82046,181,0.0,2692,14217,67829
19,82065,181,0.0,2693,14217,67848
32,82097,181,0.0,2694,14217,67880
23,82120,181,0.0,2695,14217,67903
100,82220,181,0.0,2696,14217,68003
17,82237,181,0.0,2697,14217,68020
33,82270,181,0.0,2698,14217,68053
10,82280,181,0.0,2699,14217,68063
12,82292,181,0.0,2700,14217,68075
41,82333,181,0.0,2701,14217,68116
12,82345,181,0.0,2702,14217,68128
49,82394,181,0.0,2703,14217,68177
22,82416,181,0.0,2704,14217,68199
26,82442,181,0.0,2705,14217,68225
41,82483,181,0.0,2706,14217,68266
36,82519,181,0.0,2707,14217,68302
27,82546,181,0.0,2708,14217,68329
19,82565,181,0.0,2709,14217,68348
28,82593,181,0.0,2710,14217,68376
16,82609,181,0.0,2711,14217,68392
13,82622,181,0.0,2712,14217,68405
36,82658,181,0.0,2713,14217,68441
12,82670,181,0.0,2714,14217,68453
26,82696,181,0.0,2715,14217,68479
8,82704,181,0.0,2716,14217,68487
32,82736,181,0.0,2717,14217,68519
9,82745,181,0.0,2718,14217,68528
71,82816,181,0.0,2719,14217,68599
19,82835,181,0.0,2720,14217,68618
21,82856,181,0.0,2721,14217,68639
76,82932,181,0.0,2722,14217,68715
40,82972,181,0.0,2723,14217,68755
11,82983,181,0.0,2724,14217,68766
8,82991,181,0.0,2725,14217,68774
14,83005,181,0.0,2726,14217,68788
41,83046,181,0.0,2727,14217,68829
17,83063,181,0.0,2728,14217,68846
28,83091,181,0.0,2729,14217,68874
31,83122,181,0.0,2730,14217,68905
31,83153,181,0.0,2731,14217,68936
14,83167,181,0.0,2732,14217,68950
15,83182,181,0.0,2733,14217,68965
43,83225,181,0.0,2734,14217,69008
14,83239,181,0.0,2735,14217,69022
19,83258,181,0.0,2736,14217,69041
16,83274,181,0.0,2737,14217,69057
42,83316,181,0.0,2738,14217,69099
16,83332,181,0.0,2739,14217,69115
31,83363,181,0.0,2740,14217,69146
38,83401,181,0.0,2741,14217,69184
59,83460,181,0.0,2742,14217,69243
27,83487,181,0.0,2743,14217,69270
37,83524,182,1.0,2744,14217,69307
26,83550,182,0.0,2745,14217,69333
9,83559,182,0.0,2746,14217,69342
21,83580,182,0.0,2747,14217,69363
10,83590,182,0.0,2748,14217,69373
11,83601,182,0.0,2749,14217,69384
35,83636,182,0.0,2750,14217,69419
23,83659,182,0.0,2751,14217,69442
56,83715,182,0.0,2752,14217,69498
14,83729,182,0.0,2753,14217,69512
7,83736,182,0.0,2754,14217,69519
13,83749,182,0.0,2755,14217,69532
29,83778,182,0.0,2756,14217,69561
71,83849,182,0.0,2757,14217,69632
100,83949,182,0.0,2758,14217,69732
33,83982,182,0.0,2759,14217,69765
21,84003,182,0.0,2760,14217,69786
75,84078,182,0.0,2761,14217,69861
8,84086,182,0.0,2762,14217,69869
11,84097,182,0.0,2763,14217,69880
40,84137,182,0.0,2764,14217,69920
100,84237,182,0.0,2765,14217,70020
50,84287,182,0.0,2766,14217,70070
39,84326,182,0.0,2767,14217,70109
26,84352,182,0.0,2768,14217,70135
11,84363,182,0.0,2769,14217,70146
32,84395,182,0.0,2770,14217,70178
86,84481,182,0.0,2771,14217,70264
63,84544,182,0.0,2772,14217,70327
23,84567,182,0.0,2773,14217,70350
11,84578,182,0.0,2774,14217,70361
41,84619,182,0.0,2775,14217,70402
41,84660,182,0.0,2776,14217,70443
30,84690,182,0.0,2777,14217,70473
38,84728,182,0.0,2778,14217,70511
79,84807,182,0.0,2779,14217,70590
8,84815,182,0.0,2780,14217,70598
50,84865,182,0.0,2781,14217,70648
9,84874,182,0.0,2782,14217,70657
30,84904,182,0.0,2783,14217,70687
41,84945,182,0.0,2784,14217,70728
25,84970,182,0.0,2785,14217,70753
27,84997,183,1.0,2786,14217,70780
28,85025,183,0.0,2787,14217,70808
11,85036,183,0.0,2788,14217,70819
15,85051,183,0.0,2789,14217,70834
20,85071,183,0.0,2790,14217,70854
8,85079,183,0.0,2791,14217,70862
32,85111,183,0.0,2792,14217,70894
12,85123,183,0.0,2793,14217,70906
10,85133,183,0.0,2794,14217,70916
29,85162,183,0.0,2795,14217,70945
13,85175,183,0.0,2796,14217,70958
29,85204,183,0.0,2797,14217,70987
22,85226,183,0.0,2798,14217,71009
32,85258,183,0.0,2799,14217,71041
28,85286,183,0.0,2800,14217,71069
90,85376,183,0.0,2801,14217,71159
79,85455,183,0.0,2802,14217,71238
19,85474,183,0.0,2803,14217,71257
57,85531,184,1.0,2804,14217,71314
42,85573,184,0.0,2805,14217,71356
64,85637,184,0.0,2806,14217,71420
27,85664,184,0.0,2807,14217,71447
12,85676,184,0.0,2808,14217,71459
42,85718,184,0.0,2809,14217,71501
10,85728,184,0.0,2810,14217,71511
19,85747,184,0.0,2811,14217,71530
13,85760,184,0.0,2812,14217,71543
10,85770,184,0.0,2813,14217,71553
31,85801,184,0.0,2814,14217,71584
25,85826,184,0.0,2815,14217,71609
28,85854,184,0.0,2816,14217,71637
17,85871,184,0.0,2817,14217,71654
46,85917,184,0.0,2818,14217,71700
47,85964,184,0.0,2819,14217,71747
43,86007,184,0.0,2820,14217,71790
46,86053,185,1.0,2821,14217,71836
64,86117,185,0.0,2822,14217,71900
29,86146,186,1.0,2823,14217,71929
15,86161,186,0.0,2824,14217,71944
12,86173,186,0.0,2825,14217,71956
30,86203,187,1.0,2826,14217,71986
17,86220,187,0.0,2827,14217,72003
42,86262,187,0.0,2828,14217,72045
11,86273,187,0.0,2829,14217,72056
30,86303,187,0.0,2830,14217,72086
39,86342,188,1.0,2831,14217,72125
10,86352,188,0.0,2832,14217,72135
64,86416,188,0.0,2833,14217,72199
40,86456,188,0.0,2834,14217,72239
12,86468,188,0.0,2835,14217,72251
24,86492,188,0.0,2836,14217,72275
20,86512,188,0.0,2837,14217,72295
23,86535,188,0.0,2838,14217,72318
10,86545,188,0.0,2839,14217,72328
27,86572,188,0.0,2840,14217,72355
37,86609,188,0.0,2841,14217,72392
17,86626,188,0.0,2842,14217,72409
14,86640,188,0.0,2843,14217,72423
30,86670,188,0.0,2844,14217,72453
22,86692,188,0.0,2845,14217,72475
21,86713,188,0.0,2846,14217,72496
67,86780,188,0.0,2847,14217,72563
24,86804,188,0.0,2848,14217,72587
35,86839,189,1.0,2849,14217,72622
24,86863,189,0.0,2850,14217,72646
13,86876,189,0.0,2851,14217,72659
38,86914,189,0.0,2852,14217,72697
74,86988,189,0.0,2853,14217,72771
10,86998,189,0.0,2854,14217,72781
21,87019,189,0.0,2855,14217,72802
16,87035,189,0.0,2856,14217,72818
21,87056,189,0.0,2857,14217,72839
16,87072,189,0.0,2858,14217,72855
37,87109,189,0.0,2859,14217,72892
30,87139,189,0.0,2860,14217,72922
12,87151,189,0.0,2861,14217,72934
10,87161,189,0.0,2862,14217,72944
10,87171,189,0.0,2863,14217,72954
16,87187,189,0.0,2864,14217,72970
51,87238,189,0.0,2865,14217,73021
6,87244,189,0.0,2866,14217,73027
56,87300,189,0.0,2867,14217,73083
37,87337,189,0.0,2868,14217,73120
9,87346,189,0.0,2869,14217,73129
17,87363,189,0.0,2870,14217,73146
7,87370,189,0.0,2871,14217,73153
14,87384,189,0.0,2872,14217,73167
42,87426,189,0.0,2873,14217,73209
36,87462,189,0.0,2874,14217,73245
15,87477,189,0.0,2875,14217,73260
62,87539,189,0.0,2876,14217,73322
28,87567,189,0.0,2877,14217,73350
25,87592,189,0.0,2878,14217,73375
14,87606,189,0.0,2879,14217,73389
8,87614,189,0.0,2880,14217,73397
25,87639,189,0.0,2881,14217,73422
20,87659,189,0.0,2882,14217,73442
46,87705,189,0.0,2883,14217,73488
46,87751,189,0.0,2884,14217,73534
24,87775,189,0.0,2885,14217,73558
44,87819,189,0.0,2886,14217,73602
10,87829,189,0.0,2887,14217,73612
23,87852,189,0.0,2888,14217,73635
24,87876,189,0.0,2889,14217,73659
21,87897,189,0.0,2890,14217,73680
38,87935,189,0.0,2891,14217,73718
38,87973,189,0.0,2892,14217,73756
29,88002,190,1.0,2893,14217,73785
64,88066,190,0.0,2894,14217,73849
31,88097,190,0.0,2895,14217,73880
34,88131,191,1.0,2896,14217,73914
66,88197,191,0.0,2897,14217,73980
18,88215,191,0.0,2898,14217,73998
19,88234,191,0.0,2899,14217,74017
18,88252,192,1.0,2900,14217,74035
33,88285,192,0.0,2901,14217,74068
11,88296,192,0.0,2902,14217,74079
35,88331,193,1.0,2903,14217,74114
25,88356,193,0.0,2904,14217,74139
39,88395,194,1.0,2905,14217,74178
14,88409,194,0.0,2906,14217,74192
73,88482,194,0.0,2907,14217,74265
9,88491,194,0.0,2908,14217,74274
81,88572,194,0.0,2909,14217,74355
25,88597,194,0.0,2910,14217,74380
47,88644,194,0.0,2911,14217,74427
24,88668,194,0.0,2912,14217,74451
22,88690,194,0.0,2913,14217,74473
26,88716,194,0.0,2914,14217,74499
11,88727,194,0.0,2915,14217,74510
13,88740,194,0.0,2916,14217,74523
68,88808,194,0.0,2917,14217,74591
24,88832,194,0.0,2918,14217,74615
46,88878,195,1.0,2919,14217,74661
72,88950,195,0.0,2920,14217,74733
11,88961,195,0.0,2921,14217,74744
7,88968,195,0.0,2922,14217,74751
10,88978,195,0.0,2923,14217,74761
15,88993,195,0.0,2924,14217,74776
13,89006,195,0.0,2925,14217,74789
42,89048,195,0.0,2926,14217,74831
67,89115,195,0.0,2927,14217,74898
47,89162,196,1.0,2928,14217,74945
10,89172,196,0.0,2929,14217,74955
65,89237,197,1.0,2930,14217,75020
17,89254,198,1.0,2931,14217,75037
28,89282,198,0.0,2932,14217,75065
33,89315,198,0.0,2933,14217,75098
23,89338,198,0.0,2934,14217,75121
61,89399,198,0.0,2935,14217,75182
65,89464,198,0.0,2936,14217,75247
43,89507,198,0.0,2937,14217,75290
48,89555,198,0.0,2938,14217,75338
13,89568,198,0.0,2939,14217,75351
48,89616,198,0.0,2940,14217,75399
28,89644,198,0.0,2941,14217,75427
26,89670,198,0.0,2942,14217,75453
18,89688,198,0.0,2943,14217,75471
15,89703,198,0.0,2944,14217,75486
61,89764,198,0.0,2945,14217,75547
43,89807,198,0.0,2946,14217,75590
33,89840,199,1.0,2947,14217,75623
18,89858,199,0.0,2948,14217,75641
23,89881,199,0.0,2949,14217,75664
5,89886,199,0.0,2950,14217,75669
44,89930,200,1.0,2951,14217,75713
17,89947,200,0.0,2952,14217,75730
11,89958,200,0.0,2953,14217,75741
11,89969,200,0.0,2954,14217,75752
54,90023,201,1.0,2955,14217,75806
17,90040,201,0.0,2956,14217,75823
31,90071,202,1.0,2957,14217,75854
13,90084,202,0.0,2958,14217,75867
58,90142,202,0.0,2959,14217,75925
14,90156,202,0.0,2960,14217,75939
35,90191,202,0.0,2961,14217,75974
50,90241,202,0.0,2962,14217,76024
12,90253,202,0.0,2963,14217,76036
100,90353,202,0.0,2964,14217,76136
38,90391,202,0.0,2965,14217,76174
16,90407,202,0.0,2966,14217,76190
21,90428,202,0.0,2967,14217,76211
23,90451,202,0.0,2968,14217,76234
34,90485,202,0.0,2969,14217,76268
17,90502,202,0.0,2970,14217,76285
14,90516,202,0.0,2971,14217,76299
30,90546,202,0.0,2972,14217,76329
76,90622,203,1.0,2973,14217,76405
17,90639,203,0.0,2974,14217,76422
18,90657,203,0.0,2975,14217,76440
13,90670,203,0.0,2976,14217,76453
32,90702,203,0.0,2977,14217,76485
23,90725,203,0.0,2978,14217,76508
10,90735,203,0.0,2979,14217,76518
13,90748,203,0.0,2980,14217,76531
16,90764,203,0.0,2981,14217,76547
31,90795,203,0.0,2982,14217,76578
57,90852,203,0.0,2983,14217,76635
20,90872,203,0.0,2984,14217,76655
29,90901,204,1.0,2985,14217,76684
9,90910,204,0.0,2986,14217,76693
9,90919,204,0.0,2987,14217,76702
32,90951,204,0.0,2988,14217,76734
19,90970,204,0.0,2989,14217,76753
14,90984,204,0.0,2990,14217,76767
19,91003,204,0.0,2991,14217,76786
9,91012,204,0.0,2992,14217,76795
64,91076,204,0.0,2993,14217,76859
40,91116,205,1.0,2994,14217,76899
10,91126,205,0.0,2995,14217,76909
7,91133,205,0.0,2996,14217,76916
6,91139,205,0.0,2997,14217,76922
29,91168,205,0.0,2998,14217,76951
26,91194,205,0.0,2999,14217,76977
38,91232,205,0.0,3000,14217,77015
33,91265,205,0.0,3001,14217,77048
36,91301,205,0.0,3002,14217,77084
20,91321,205,0.0,3003,14217,77104
26,91347,205,0.0,3004,14217,77130
14,91361,205,0.0,3005,14217,77144
11,91372,205,0.0,3006,14217,77155
38,91410,205,0.0,3007,14217,77193
30,91440,205,0.0,3008,14217,77223
82,91522,205,0.0,3009,14217,77305
10,91532,205,0.0,3010,14217,77315
23,91555,206,1.0,3011,14217,77338
17,91572,206,0.0,3012,14217,77355
20,91592,207,1.0,3013,14217,77375
16,91608,207,0.0,3014,14217,77391
56,91664,207,0.0,3015,14217,77447
16,91680,207,0.0,3016,14217,77463
33,91713,207,0.0,3017,14217,77496
25,91738,207,0.0,3018,14217,77521
84,91822,207,0.0,3019,14217,77605
7,91829,207,0.0,3020,14217,77612
11,91840,207,0.0,3021,14217,77623
55,91895,207,0.0,3022,14217,77678
24,91919,207,0.0,3023,14217,77702
32,91951,207,0.0,3024,14217,77734
38,91989,207,0.0,3025,14217,77772
38,92027,208,1.0,3026,14217,77810
40,92067,208,0.0,3027,14217,77850
14,92081,208,0.0,3028,14217,77864
13,92094,208,0.0,3029,14217,77877
49,92143,208,0.0,3030,14217,77926
32,92175,208,0.0,3031,14217,77958
61,92236,209,1.0,3032,14217,78019
47,92283,210,1.0,3033,14217,78066
18,92301,210,0.0,3034,14217,78084
100,92401,210,0.0,3035,14217,78184
7,92408,210,0.0,3036,14217,78191
34,92442,210,0.0,3037,14217,78225
40,92482,210,0.0,3038,14217,78265
21,92503,210,0.0,3039,14217,78286
57,92560,210,0.0,3040,14217,78343
20,92580,210,0.0,3041,14217,78363
9,92589,210,0.0,3042,14217,78372
52,92641,210,0.0,3043,14217,78424
11,92652,210,0.0,3044,14217,78435
46,92698,210,0.0,3045,14217,78481
64,92762,210,0.0,3046,14217,78545
32,92794,211,1.0,3047,14217,78577
30,92824,211,0.0,3048,14217,78607
48,92872,212,1.0,3049,14217,78655
12,92884,212,0.0,3050,14217,78667
19,92903,212,0.0,3051,14217,78686
15,92918,212,0.0,3052,14217,78701
23,92941,212,0.0,3053,14217,78724
45,92986,212,0.0,3054,14217,78769
15,93001,212,0.0,3055,14217,78784
86,93087,213,1.0,3056,14217,78870
27,93114,213,0.0,3057,14217,78897
15,93129,213,0.0,3058,14217,78912
43,93172,213,0.0,3059,14217,78955
30,93202,213,0.0,3060,14217,78985
32,93234,213,0.0,3061,14217,79017
26,93260,213,0.0,3062,14217,79043
15,93275,213,0.0,3063,14217,79058
16,93291,213,0.0,3064,14217,79074
22,93313,213,0.0,3065,14217,79096
24,93337,213,0.0,3066,14217,79120
32,93369,213,0.0,3067,14217,79152
20,93389,213,0.0,3068,14217,79172
9,93398,213,0.0,3069,14217,79181
25,93423,213,0.0,3070,14217,79206
89,93512,213,0.0,3071,14217,79295
35,93547,213,0.0,3072,14217,79330
33,93580,213,0.0,3073,14217,79363
39,93619,213,0.0,3074,14217,79402
24,93643,213,0.0,3075,14217,79426
18,93661,213,0.0,3076,14217,79444
54,93715,213,0.0,3077,14217,79498
96,93811,213,0.0,3078,14217,79594
9,93820,213,0.0,3079,14217,79603
31,93851,213,0.0,3080,14217,79634
20,93871,213,0.0,3081,14217,79654
7,93878,213,0.0,3082,14217,79661
25,93903,213,0.0,3083,14217,79686
8,93911,213,0.0,3084,14217,79694
21,93932,213,0.0,3085,14217,79715
22,93954,213,0.0,3086,14217,79737
16,93970,213,0.0,3087,14217,79753
15,93985,213,0.0,3088,14217,79768
40,94025,213,0.0,3089,14217,79808
25,94050,213,0.0,3090,14217,79833
29,94079,213,0.0,3091,14217,79862
15,94094,213,0.0,3092,14217,79877
29,94123,213,0.0,3093,14217,79906
18,94141,213,0.0,3094,14217,79924
19,94160,213,0.0,3095,14217,79943
29,94189,213,0.0,3096,14217,79972
9,94198,213,0.0,3097,14217,79981
53,94251,213,0.0,3098,14217,80034
42,94293,213,0.0,3099,14217,80076
18,94311,213,0.0,3100,14217,80094
44,94355,214,1.0,3101,14217,80138
24,94379,214,0.0,3102,14217,80162
19,94398,214,0.0,3103,14217,80181
15,94413,214,0.0,3104,14217,80196
52,94465,214,0.0,3105,14217,80248
38,94503,214,0.0,3106,14217,80286
30,94533,214,0.0,3107,14217,80316
43,94576,214,0.0,3108,14217,80359
6,94582,214,0.0,3109,14217,80365
14,94596,214,0.0,3110,14217,80379
12,94608,214,0.0,3111,14217,80391
56,94664,214,0.0,3112,14217,80447
34,94698,215,1.0,3113,14217,80481
55,94753,215,0.0,3114,14217,80536
10,94763,215,0.0,3115,14217,80546
9,94772,215,0.0,3116,14217,80555
35,94807,215,0.0,3117,14217,80590
45,94852,215,0.0,3118,14217,80635
93,94945,215,0.0,3119,14217,80728
9,94954,215,0.0,3120,14217,80737
9,94963,215,0.0,3121,14217,80746
15,94978,215,0.0,3122,14217,80761
83,95061,216,1.0,3123,14217,80844
29,95090,216,0.0,3124,14217,80873
57,95147,216,0.0,3125,14217,80930
8,95155,216,0.0,3126,14217,80938
76,95231,217,1.0,3127,14217,81014
18,95249,217,0.0,3128,14217,81032
18,95267,217,0.0,3129,14217,81050
65,95332,217,0.0,3130,14217,81115
25,95357,217,0.0,3131,14217,81140
50,95407,217,0.0,3132,14217,81190
32,95439,217,0.0,3133,14217,81222
6,95445,217,0.0,3134,14217,81228
18,95463,218,1.0,3135,14217,81246
16,95479,218,0.0,3136,14217,81262
23,95502,218,0.0,3137,14217,81285
33,95535,218,0.0,3138,14217,81318
11,95546,218,0.0,3139,14217,81329
45,95591,219,1.0,3140,14217,81374
20,95611,219,0.0,3141,14217,81394
8,95619,219,0.0,3142,14217,81402
46,95665,220,1.0,3143,14217,81448
58,95723,221,1.0,3144,14217,81506
67,95790,222,1.0,3145,14217,81573
17,95807,222,0.0,3146,14217,81590
26,95833,223,1.0,3147,14217,81616
25,95858,223,0.0,3148,14217,81641
22,95880,223,0.0,3149,14217,81663
16,95896,223,0.0,3150,14217,81679
38,95934,223,0.0,3151,14217,81717
66,96000,223,0.0,3152,14217,81783
25,96025,223,0.0,3153,14217,81808
52,96077,223,0.0,3154,14217,81860
20,96097,223,0.0,3155,14217,81880
11,96108,223,0.0,3156,14217,81891
59,96167,223,0.0,3157,14217,81950
19,96186,223,0.0,3158,14217,81969
25,96211,223,0.0,3159,14217,81994
8,96219,223,0.0,3160,14217,82002
17,96236,223,0.0,3161,14217,82019
25,96261,223,0.0,3162,14217,82044
60,96321,223,0.0,3163,14217,82104
15,96336,223,0.0,3164,14217,82119
31,96367,223,0.0,3165,14217,82150
20,96387,223,0.0,3166,14217,82170
100,96487,223,0.0,3167,14217,82270
35,96522,223,0.0,3168,14217,82305
71,96593,223,0.0,3169,14217,82376
16,96609,223,0.0,3170,14217,82392
16,96625,223,0.0,3171,14217,82408
23,96648,223,0.0,3172,14217,82431
20,96668,223,0.0,3173,14217,82451
11,96679,223,0.0,3174,14217,82462
48,96727,223,0.0,3175,14217,82510
44,96771,223,0.0,3176,14217,82554
99,96870,223,0.0,3177,14217,82653
45,96915,223,0.0,3178,14217,82698
19,96934,223,0.0,3179,14217,82717
59,96993,223,0.0,3180,14217,82776
23,97016,223,0.0,3181,14217,82799
10,97026,223,0.0,3182,14217,82809
42,97068,223,0.0,3183,14217,82851
36,97104,223,0.0,3184,14217,82887
13,97117,223,0.0,3185,14217,82900
55,97172,223,0.0,3186,14217,82955
20,97192,223,0.0,3187,14217,82975
13,97205,223,0.0,3188,14217,82988
15,97220,223,0.0,3189,14217,83003
54,97274,223,0.0,3190,14217,83057
22,97296,223,0.0,3191,14217,83079
21,97317,223,0.0,3192,14217,83100
21,97338,223,0.0,3193,14217,83121
24,97362,223,0.0,3194,14217,83145
38,97400,223,0.0,3195,14217,83183
15,97415,223,0.0,3196,14217,83198
58,97473,223,0.0,3197,14217,83256
54,97527,223,0.0,3198,14217,83310
19,97546,223,0.0,3199,14217,83329
31,97577,224,1.0,3200,14217,83360
17,97594,224,0.0,3201,14217,83377
37,97631,224,0.0,3202,14217,83414
21,97652,224,0.0,3203,14217,83435
11,97663,224,0.0,3204,14217,83446
15,97678,224,0.0,3205,14217,83461
22,97700,224,0.0,3206,14217,83483
7,97707,224,0.0,3207,14217,83490
28,97735,224,0.0,3208,14217,83518
29,97764,224,0.0,3209,14217,83547
33,97797,224,0.0,3210,14217,83580
21,97818,224,0.0,3211,14217,83601
33,97851,224,0.0,3212,14217,83634
41,97892,225,1.0,3213,14217,83675
32,97924,226,1.0,3214,14217,83707
29,97953,226,0.0,3215,14217,83736
16,97969,226,0.0,3216,14217,83752
44,98013,226,0.0,3217,14217,83796
19,98032,226,0.0,3218,14217,83815
48,98080,226,0.0,3219,14217,83863
6,98086,226,0.0,3220,14217,83869
43,98129,226,0.0,3221,14217,83912
11,98140,226,0.0,3222,14217,83923
9,98149,226,0.0,3223,14217,83932
35,98184,226,0.0,3224,14217,83967
39,98223,227,1.0,3225,14217,84006
14,98237,227,0.0,3226,14217,84020
24,98261,227,0.0,3227,14217,84044
27,98288,227,0.0,3228,14217,84071
61,98349,227,0.0,3229,14217,84132
34,98383,227,0.0,3230,14217,84166
18,98401,227,0.0,3231,14217,84184
12,98413,227,0.0,3232,14217,84196
52,98465,228,1.0,3233,14217,84248
28,98493,228,0.0,3234,14217,84276
21,98514,228,0.0,3235,14217,84297
75,98589,228,0.0,3236,14217,84372
52,98641,228,0.0,3237,14217,84424
51,98692,228,0.0,3238,14217,84475
9,98701,228,0.0,3239,14217,84484
16,98717,228,0.0,3240,14217,84500
20,98737,228,0.0,3241,14217,84520
47,98784,228,0.0,3242,14217,84567
32,98816,228,0.0,3243,14217,84599
5,98821,228,0.0,3244,14217,84604
28,98849,228,0.0,3245,14217,84632
41,98890,228,0.0,3246,14217,84673
7,98897,228,0.0,3247,14217,84680
25,98922,228,0.0,3248,14217,84705
60,98982,228,0.0,3249,14217,84765
65,99047,228,0.0,3250,14217,84830
27,99074,228,0.0,3251,14217,84857
37,99111,228,0.0,3252,14217,84894
27,99138,228,0.0,3253,14217,84921
27,99165,228,0.0,3254,14217,84948
42,99207,228,0.0,3255,14217,84990
52,99259,228,0.0,3256,14217,85042
23,99282,228,0.0,3257,14217,85065
28,99310,228,0.0,3258,14217,85093
23,99333,228,0.0,3259,14217,85116
31,99364,228,0.0,3260,14217,85147
47,99411,228,0.0,3261,14217,85194
10,99421,228,0.0,3262,14217,85204
15,99436,229,1.0,3263,14217,85219
24,99460,229,0.0,3264,14217,85243
18,99478,229,0.0,3265,14217,85261
46,99524,229,0.0,3266,14217,85307
40,99564,229,0.0,3267,14217,85347
21,99585,229,0.0,3268,14217,85368
55,99640,229,0.0,3269,14217,85423
27,99667,229,0.0,3270,14217,85450
8,99675,229,0.0,3271,14217,85458
13,99688,229,0.0,3272,14217,85471
14,99702,229,0.0,3273,14217,85485
9,99711,229,0.0,3274,14217,85494
45,99756,229,0.0,3275,14217,85539
21,99777,229,0.0,3276,14217,85560
44,99821,229,0.0,3277,14217,85604
13,99834,229,0.0,3278,14217,85617
42,99876,229,0.0,3279,14217,85659
18,99894,229,0.0,3280,14217,85677
30,99924,229,0.0,3281,14217,85707
27,99951,229,0.0,3282,14217,85734
19,99970,229,0.0,3283,14217,85753
