iteration,successes,successes_episode,reward_episode,episode_count,random_act,timestep,epsilon
17,17,0,0.0,1,17,0,1.0
8,25,0,0.0,2,25,0,0.9901493354116764
11,36,0,0.0,3,35,1,0.9803966865736877
88,124,0,0.0,4,120,4,0.970741078213023
8,132,0,0.0,5,128,4,0.9611815447608
48,180,0,0.0,6,173,7,0.9517171302557069
18,198,0,0.0,7,191,7,0.9423468882484062
9,207,0,0.0,8,200,7,0.9330698817068888
24,231,0,0.0,9,222,9,0.9238851829227694
51,282,0,0.0,10,269,13,0.9147918734185159
13,295,0,0.0,11,282,13,0.9057890438555999
48,343,0,0.0,12,323,20,0.896875793943563
43,386,0,0.0,13,361,25,0.888051232349986
21,407,0,0.0,14,381,26,0.8793144766113556
12,419,0,0.0,15,391,28,0.8706646530448178
66,485,0,0.0,16,446,39,0.8621008966608072
51,536,0,0.0,17,492,44,0.8536223510765493
48,584,0,0.0,18,528,56,0.8452281684304199
100,684,0,0.0,19,614,70,0.8369175092971592
26,710,0,0.0,20,637,73,0.8286895426039287
100,810,0,0.0,21,715,95,0.820543445547202
31,841,0,0.0,22,740,101,0.8124784035104852
9,850,0,0.0,23,747,103,0.8044936099828537
31,881,0,0.0,24,771,110,0.7965882664783007
20,901,0,0.0,25,786,115,0.7887615824558879
28,929,0,0.0,26,810,119,0.7810127752406908
15,944,0,0.0,27,817,127,0.7733410699455306
32,976,0,0.0,28,841,135,0.7657456993934846
44,1020,0,0.0,29,871,149,0.7582259040411682
15,1035,0,0.0,30,879,156,0.7507809319027796
21,1056,0,0.0,31,894,162,0.7434100384749007
15,1071,0,0.0,32,906,165,0.7361124866620463
15,1086,0,0.0,33,917,169,0.7288875467029541
38,1124,0,0.0,34,943,181,0.7217344960976069
72,1196,0,0.0,35,994,202,0.7146526195349836
16,1212,0,0.0,36,1005,207,0.7076412088215263
71,1283,0,0.0,37,1046,237,0.7006995628103208
22,1305,0,0.0,38,1066,239,0.6938269873309811
16,1321,0,0.0,39,1077,244,0.6870227951202322
9,1330,0,0.0,40,1084,246,0.680286305753183
86,1416,0,0.0,41,1138,278,0.6736168455752829
27,1443,0,0.0,42,1153,290,0.6670137476349562
41,1484,0,0.0,43,1181,303,0.6604763516169062
19,1503,0,0.0,44,1198,305,0.6540040037760834
40,1543,0,0.0,45,1226,317,0.64759605687231
73,1616,0,0.0,46,1279,337,0.6412518701055556
25,1641,0,0.0,47,1293,348,0.6349708090518567
27,1668,0,0.0,48,1310,358,0.6287522455998737
74,1742,0,0.0,49,1356,386,0.6225955578880794
60,1802,0,0.0,50,1400,402,0.616500130242572
81,1883,0,0.0,51,1449,434,0.6104653531155071
45,1928,0,0.0,52,1475,453,0.6044906230241432
20,1948,0,0.0,53,1489,459,0.5985753424904925
100,2048,0,0.0,54,1549,499,0.5927189199815717
39,2087,0,0.0,55,1574,513,0.5869207698502498
41,2128,0,0.0,56,1602,526,0.5811803122766818
8,2136,0,0.0,57,1606,530,0.5754969732103268
19,2155,0,0.0,58,1614,541,0.5698701843125418
39,2194,0,0.0,59,1641,553,0.564299382899748
14,2208,0,0.0,60,1651,557,0.558784011887162
14,2222,0,0.0,61,1657,565,0.5533235197330862
54,2276,0,0.0,62,1684,592,0.5479173603837548
29,2305,0,0.0,63,1706,599,0.5425649932187278
95,2400,0,0.0,64,1761,639,0.5372658829968282
72,2472,0,0.0,65,1794,678,0.5320194998026181
37,2509,0,0.0,66,1817,692,0.5268253189934059
52,2561,0,0.0,67,1847,714,0.5216828211467822
16,2577,0,0.0,68,1858,719,0.516591492008677
53,2630,0,0.0,69,1887,743,0.5115508224419336
73,2703,0,0.0,70,1921,782,0.5065603083753949
52,2755,0,0.0,71,1942,813,0.5016194507534953
89,2844,0,0.0,72,1987,857,0.49672775548635545
34,2878,0,0.0,73,2004,874,0.491884733400372
100,2978,0,0.0,74,2057,921,0.48708990018930043
51,3029,0,0.0,75,2082,947,0.48234277636582407
78,3107,0,0.0,76,2117,990,0.47764288721360454
8,3115,0,0.0,77,2120,995,0.47298976273981014
24,3139,0,0.0,78,2135,1004,0.4683829376281158
44,3183,0,0.0,79,2153,1030,0.4638219511921713
32,3215,0,0.0,80,2169,1046,0.4593063473295323
32,3247,0,0.0,81,2186,1061,0.45483567447604933
15,3262,0,0.0,82,2192,1070,0.4504094855607117
100,3362,0,0.0,83,2229,1133,0.44602733796093924
49,3411,0,0.0,84,2255,1156,0.4416887934583202
39,3450,0,0.0,85,2274,1176,0.43739341819478894
100,3550,0,0.0,86,2334,1216,0.43314078262923944
80,3630,0,0.0,87,2363,1267,0.4289304614945713
71,3701,0,0.0,88,2397,1304,0.42476203375516264
44,3745,0,0.0,89,2411,1334,0.42063508256476556
58,3803,0,0.0,90,2434,1369,0.41654919522482203
83,3886,0,0.0,91,2478,1408,0.4125039631431931
37,3923,0,0.0,92,2491,1432,0.40849898179329963
47,3970,0,0.0,93,2509,1461,0.404533850673669
13,3983,0,0.0,94,2514,1469,0.40060817326788506
83,4066,0,0.0,95,2546,1520,0.3967215570049359
53,4119,0,0.0,96,2562,1557,0.3928736132199562
100,4219,0,0.0,97,2603,1616,0.38906395711536096
100,4319,0,0.0,98,2636,1683,0.38529220772236483
72,4391,0,0.0,99,2658,1733,0.3815579878628856
50,4441,0,0.0,100,2682,1759,0.37786092411182526
77,4518,0,0.0,101,2708,1810,0.3742006467597279
45,4563,0,0.0,102,2723,1840,0.3705767897758081
18,4581,0,0.0,103,2731,1850,0.3669889907713475
96,4677,0,0.0,104,2758,1919,0.36343689096345594
90,4767,0,0.0,105,2799,1968,0.35992013513919235
46,4813,0,0.0,106,2812,2001,0.35643837162004377
100,4913,0,0.0,107,2848,2065,0.3529912522267568
16,4929,0,0.0,108,2852,2077,0.34957843224451957
73,5002,0,0.0,109,2868,2134,0.34619957038848975
15,5017,0,0.0,110,2872,2145,0.34285432876966604
100,5117,0,0.0,111,2899,2218,0.3395423728610988
58,5175,0,0.0,112,2913,2262,0.3362633714644372
19,5194,0,0.0,113,2918,2276,0.33301699667680906
53,5247,0,0.0,114,2934,2313,0.3298029238580304
74,5321,0,0.0,115,2951,2370,0.3266208315981408
100,5421,0,0.0,116,2982,2439,0.32347040168526264
82,5503,0,0.0,117,3015,2488,0.3203513190737793
19,5522,0,0.0,118,3023,2499,0.3172632718528302
57,5579,0,0.0,119,3035,2544,0.31420595121511996
39,5618,0,0.0,120,3044,2574,0.311179051426037
85,5703,0,0.0,121,3069,2634,0.3081822697930801
43,5746,0,0.0,122,3081,2665,0.3052153066355885
69,5815,0,0.0,123,3105,2710,0.30227786525477407
76,5891,0,0.0,124,3131,2760,0.29936965190405085
45,5936,0,0.0,125,3146,2790,0.29649037575966014
53,5989,0,0.0,126,3161,2828,0.29363974889158817
44,6033,0,0.0,127,3172,2861,0.2908174862347727
45,6078,0,0.0,128,3184,2894,0.28802330556059597
42,6120,0,0.0,129,3196,2924,0.2852569274486622
45,6165,0,0.0,130,3208,2957,0.2825180752588548
14,6179,0,0.0,131,3212,2967,0.27980647510367246
8,6187,0,0.0,132,3216,2971,0.2771218558208399
53,6240,0,0.0,133,3233,3007,0.27446394894619186
77,6317,0,0.0,134,3258,3059,0.27183248868682575
12,6329,0,0.0,135,3263,3066,0.26922721189452276
76,6405,0,0.0,136,3281,3124,0.2666478580394326
45,6450,0,0.0,137,3293,3157,0.26409416918402034
63,6513,0,0.0,138,3308,3205,0.26156588995727226
39,6552,0,0.0,139,3320,3232,0.2590627675291589
58,6610,0,0.0,140,3333,3277,0.2565845515853515
81,6691,0,0.0,141,3356,3335,0.2541309943021904
45,6736,0,0.0,142,3370,3366,0.25170185032190273
90,6826,0,0.0,143,3393,3433,0.24929687672806608
44,6870,0,0.0,144,3405,3465,0.246915833021317
17,6887,0,0.0,145,3411,3476,0.24455848109530054
11,6898,0,0.0,146,3416,3482,0.2422245852128597
98,6996,0,0.0,147,3442,3554,0.23991391198246126
49,7045,0,0.0,148,3452,3593,0.2376262303348566
42,7087,0,0.0,149,3464,3623,0.2353613114999746
51,7138,0,0.0,150,3480,3658,0.23311892898404435
97,7235,0,0.0,151,3501,3734,0.23089885854694553
97,7332,0,0.0,152,3525,3807,0.22870087817978443
66,7398,0,0.0,153,3544,3854,0.22652476808269262
73,7471,0,0.0,154,3560,3911,0.22437031064284702
100,7571,0,0.0,155,3580,3991,0.22223729041270818
91,7662,0,0.0,156,3597,4065,0.22012549408847562
48,7710,0,0.0,157,3607,4103,0.21803471048875708
100,7810,0,0.0,158,3628,4182,0.21596473053345028
45,7855,0,0.0,159,3638,4217,0.21391534722283462
16,7871,0,0.0,160,3646,4225,0.2118863556168713
100,7971,0,0.0,161,3664,4307,0.20987755281470882
100,8071,0,0.0,162,3683,4388,0.20788873793439305
78,8149,0,0.0,163,3698,4451,0.2059197120927785
11,8160,0,0.0,164,3702,4458,0.20397027838564025
100,8260,0,0.0,165,3726,4534,0.20204024186798297
93,8353,0,0.0,166,3749,4604,0.20012940953454655
45,8398,0,0.0,167,3758,4640,0.1982375903005053
100,8498,0,0.0,168,3778,4720,0.19636459498235934
54,8552,0,0.0,169,3790,4762,0.19451023627901587
81,8633,0,0.0,170,3805,4828,0.19267432875305937
19,8652,0,0.0,171,3810,4842,0.19085668881220733
82,8734,0,0.0,172,3824,4910,0.1890571346909509
83,8817,0,0.0,173,3841,4976,0.1872754864323783
68,8885,0,0.0,174,3856,5029,0.18551156587017906
73,8958,0,0.0,175,3875,5083,0.1837651966108269
54,9012,0,0.0,176,3887,5125,0.1820362040159407
49,9061,0,0.0,177,3897,5164,0.18032441518482004
53,9114,0,0.0,178,3907,5207,0.17862965893715535
68,9182,0,0.0,179,3921,5261,0.17695176579590954
80,9262,0,0.0,180,3935,5327,0.1752905679703703
100,9362,0,0.0,181,3951,5411,0.17364589933937066
51,9413,0,0.0,182,3961,5452,0.172017595434677
100,9513,0,0.0,183,3979,5534,0.17040549342454195
45,9558,0,0.0,184,3989,5569,0.16880943209742102
73,9631,0,0.0,185,4002,5629,0.16722925184585147
47,9678,0,0.0,186,4007,5671,0.16566479465049133
93,9771,0,0.0,187,4019,5752,0.16411590406431734
46,9817,0,0.0,188,4025,5792,0.1625824251969801
17,9834,0,0.0,189,4029,5805,0.16106420469931504
50,9884,0,0.0,190,4037,5847,0.15956109074800714
84,9968,0,0.0,191,4055,5913,0.1580729330304087
45,10013,0,0.0,192,4062,5951,0.15659958272950783
80,10093,0,0.0,193,4074,6019,0.15514089250904667
69,10162,0,0.0,194,4081,6081,0.1536967164987875
100,10262,0,0.0,195,4093,6169,0.1522669102799259
52,10314,0,0.0,196,4100,6214,0.15085133087064845
93,10407,0,0.0,197,4115,6292,0.14944983671183457
100,10507,0,0.0,198,4126,6381,0.14806228765290044
97,10604,0,0.0,199,4137,6467,0.1466885449377839
93,10697,0,0.0,200,4154,6543,0.14532847119106862
57,10754,0,0.0,201,4165,6589,0.1439819304042466
80,10834,0,0.0,202,4172,6662,0.14264878792211688
87,10921,0,0.0,203,4188,6733,0.1413289104293205
80,11001,0,0.0,204,4195,6806,0.14002216593700811
83,11084,0,0.0,205,4204,6880,0.13872842376964165
15,11099,0,0.0,206,4207,6892,0.1374475545519262
100,11199,0,0.0,207,4223,6976,0.13617943019587256
81,11280,0,0.0,208,4233,7047,0.13492392388798838
56,11336,0,0.0,209,4238,7098,0.13368091007659658
100,11436,0,0.0,210,4252,7184,0.1324502644592803
90,11526,0,0.0,211,4262,7264,0.13123186397045208
100,11626,0,0.0,212,4273,7353,0.13002558676904785
100,11726,0,0.0,213,4285,7441,0.12883131222634217
53,11779,0,0.0,214,4289,7490,0.12764892091388555
96,11875,0,0.0,215,4303,7572,0.1264782945915614
100,11975,0,0.0,216,4314,7661,0.125319316195762
49,12024,0,0.0,217,4316,7708,0.12417186982768189
37,12061,0,0.0,218,4326,7735,0.12303584074172813
96,12157,0,0.0,219,4336,7821,0.12191111533404535
77,12234,0,0.0,220,4348,7886,0.12079758113115559
100,12334,0,0.0,221,4356,7978,0.11969512677871053
100,12434,0,0.0,222,4369,8065,0.11860364203035628
96,12530,0,0.0,223,4383,8147,0.11752301773670837
72,12602,0,0.0,224,4394,8208,0.116453145834437
96,12698,0,0.0,225,4404,8294,0.11539391933546027
81,12779,0,0.0,226,4411,8368,0.11434523231624569
54,12833,0,0.0,227,4417,8416,0.11330697990721733
100,12933,0,0.0,228,4429,8504,0.1122790582822692
76,13009,0,0.0,229,4439,8570,0.11126136464838206
100,13109,0,0.0,230,4451,8658,0.11025379723534455
100,13209,0,0.0,231,4460,8749,0.10925625528557566
100,13309,0,0.0,232,4470,8839,0.1082686390440492
72,13381,0,0.0,233,4477,8904,0.10729084974831793
83,13464,0,0.0,234,4489,8975,0.10632278961863742
100,13564,0,0.0,235,4497,9067,0.10536436184818809
100,13664,0,0.0,236,4507,9157,0.10441547059339411
57,13721,0,0.0,237,4513,9208,0.10347602096433932
80,13801,0,0.0,238,4519,9282,0.10254591901527788
84,13885,0,0.0,239,4529,9356,0.10162507173523985
80,13965,0,0.0,240,4536,9429,0.10071338703872978
100,14065,0,0.0,241,4545,9520,0.09981077375651838
14,14079,0,0.0,242,4547,9532,0.09891714162652515
100,14179,0,0.0,243,4555,9624,0.09803240128479247
21,14200,0,0.0,244,4559,9641,0.09715646425654882
45,14245,0,0.0,245,4563,9682,0.09628924294736148
15,14260,0,0.0,246,4566,9694,0.09543065063437678
100,14360,0,0.0,247,4578,9782,0.09458060145764802
100,14460,0,0.0,248,4586,9874,0.09373901041154904
78,14538,0,0.0,249,4588,9950,0.092905793336274
100,14638,0,0.0,250,4597,10041,0.09208086690942092
100,14738,0,0.0,251,4607,10131,0.0912641486376598
100,14838,0,0.0,252,4613,10225,0.09045555684848275
100,14938,0,0.0,253,4621,10317,0.08965501068203711
100,15038,0,0.0,254,4634,10404,0.08886243008303903
91,15129,0,0.0,255,4646,10483,0.08807773579276819
100,15229,0,0.0,256,4656,10573,0.08730084934114159
100,15329,0,0.0,257,4662,10667,0.08653169303886674
100,15429,0,0.0,258,4672,10757,0.0857701899696724
43,15472,0,0.0,259,4676,10796,0.08501626398261702
75,15547,0,0.0,260,4682,10865,0.0842698396844737
80,15627,0,0.0,261,4685,10942,0.08353084243219053
100,15727,0,0.0,262,4693,11034,0.08279919832542652
100,15827,0,0.0,263,4703,11124,0.08207483419916123
81,15908,0,0.0,264,4707,11201,0.08135767761637844
14,15922,0,0.0,265,4709,11213,0.08064765686082219
100,16022,0,0.0,266,4716,11306,0.0799447009298253
100,16122,0,0.0,267,4723,11399,0.0792487395272088
100,16222,0,0.0,268,4728,11494,0.07855970305625253
100,16322,0,0.0,269,4734,11588,0.07787752261273513
73,16395,0,0.0,270,4740,11655,0.07720212997804382
56,16451,0,0.0,271,4747,11704,0.07653345761235225
100,16551,0,0.0,272,4757,11794,0.07587143864786668
80,16631,0,0.0,273,4765,11866,0.07521600688213892
100,16731,0,0.0,274,4776,11955,0.07456709677144624
51,16782,0,0.0,275,4778,12004,0.07392464342423678
100,16882,0,0.0,276,4783,12099,0.0732885825946405
100,16982,0,0.0,277,4789,12193,0.07265885067604429
100,17082,0,0.0,278,4797,12285,0.07203538469473161
83,17165,0,0.0,279,4807,12358,0.0714181223035847
100,17265,0,0.0,280,4815,12450,0.07080700177585013
100,17365,0,0.0,281,4820,12545,0.07020196199896576
94,17459,0,0.0,282,4829,12630,0.06960294246844981
100,17559,0,0.0,283,4835,12724,0.06900988328184997
100,17659,0,0.0,284,4842,12817,0.06842272513275337
70,17729,0,0.0,285,4850,12879,0.06784140930485581
100,17829,0,0.0,286,4857,12972,0.06726587766609007
100,17929,0,0.0,287,4860,13069,0.06669607266281269
100,18029,0,0.0,288,4863,13166,0.06613193731404843
100,18129,0,0.0,289,4865,13264,0.06557341520579238
72,18201,0,0.0,290,4873,13328,0.06502045048536823
100,18301,0,0.0,291,4880,13421,0.06447298785584316
53,18354,0,0.0,292,4884,13470,0.06393097257049796
100,18454,0,0.0,293,4887,13567,0.06339435042735246
80,18534,0,0.0,294,4894,13640,0.06286306776374512
83,18617,0,0.0,295,4901,13716,0.06233707145096687
52,18669,0,0.0,296,4903,13766,0.06181630888894806
100,18769,0,0.0,297,4906,13863,0.061300728000998575
100,18869,0,0.0,298,4912,13957,0.06079027722859992
100,18969,0,0.0,299,4916,14053,0.060284905526249516
100,19069,0,0.0,300,4922,14147,0.05978456235635595
57,19126,0,0.0,301,4929,14197,0.05928919768418531
100,19226,0,0.0,302,4938,14288,0.05879876197285753
100,19326,0,0.0,303,4941,14385,0.058313206178392835
100,19426,0,0.0,304,4946,14480,0.05783248174480709
100,19526,0,0.0,305,4947,14579,0.057356540599256385
93,19619,0,0.0,306,4955,14664,0.0568853351472295
100,19719,0,0.0,307,4961,14758,0.0564188182677886
100,19819,0,0.0,308,4961,14858,0.05595694330885694
45,19864,0,0.0,309,4968,14896,0.05549966408255377
100,19964,0,0.0,310,4971,14993,0.05504693486057535
100,20064,0,0.0,311,4974,15090,0.05459871036962222
80,20144,0,0.0,312,4983,15161,0.05415494578687179
100,20244,0,0.0,313,4986,15258,0.05371559673549593
100,20344,0,0.0,314,4988,15356,0.053280619280223436
100,20444,0,0.0,315,4993,15451,0.05284996992294624
100,20544,0,0.0,316,4997,15547,0.05242360559836979
100,20644,0,0.0,317,5002,15642,0.05200148366970627
70,20714,0,0.0,318,5005,15709,0.051583561924411096
100,20814,0,0.0,319,5006,15808,0.05116979856996143
100,20914,0,0.0,320,5013,15901,0.050760152229677065
100,21014,0,0.0,321,5016,15998,0.05035458193858255
100,21114,0,0.0,322,5018,16096,0.049953047139310834
96,21210,0,0.0,323,5023,16187,0.04955550767804736
100,21310,0,0.0,324,5027,16283,0.04916192380051474
100,21410,0,0.0,325,5033,16377,0.0487722561479972
93,21503,0,0.0,326,5038,16465,0.04838646575340479
100,21603,0,0.0,327,5045,16558,0.04800451403737654
100,21703,0,0.0,328,5047,16656,0.04762636280442257
100,21803,0,0.0,329,5053,16750,0.04725197423910444
100,21903,0,0.0,330,5057,16846,0.04688131090225365
100,22003,0,0.0,331,5061,16942,0.046514335727227595
100,22103,0,0.0,332,5064,17039,0.046151012016203
45,22148,0,0.0,333,5067,17081,0.04579130343650595
100,22248,0,0.0,334,5070,17178,0.04543517401697875
71,22319,0,0.0,335,5077,17242,0.04508258814438266
57,22376,0,0.0,336,5081,17295,0.04473351055983658
45,22421,0,0.0,337,5085,17336,0.044387906355291176
100,22521,0,0.0,338,5089,17432,0.04404574097003798
100,22621,0,0.0,339,5093,17528,0.04370698018725335
100,22721,0,0.0,340,5096,17625,0.043371590130576676
45,22766,0,0.0,341,5098,17668,0.04303953726072282
100,22866,0,0.0,342,5104,17762,0.042710788372128064
96,22962,0,0.0,343,5108,17854,0.042385310589629625
100,23062,0,0.0,344,5114,17948,0.04206307136517797
100,23162,0,0.0,345,5120,18042,0.04174403847458216
100,23262,0,0.0,346,5124,18138,0.04142818001428726
45,23307,0,0.0,347,5125,18182,0.04111546439818403
100,23407,0,0.0,348,5131,18276,0.04080586035445025
100,23507,0,0.0,349,5135,18372,0.040499336922423565
100,23607,0,0.0,350,5136,18471,0.040195863449505306
80,23687,0,0.0,351,5138,18549,0.039895409588095315
45,23732,0,0.0,352,5140,18592,0.039597945292557044
100,23832,0,0.0,353,5145,18687,0.03930344081621308
100,23932,0,0.0,354,5147,18785,0.03901186670837034
100,24032,0,0.0,355,5150,18882,0.03872319381137508
100,24132,0,0.0,356,5154,18978,0.03843739325769703
100,24232,0,0.0,357,5156,19076,0.03815443646704266
100,24332,0,0.0,358,5162,19170,0.03787429514349709
100,24432,0,0.0,359,5163,19269,0.03759694127269454
100,24532,0,0.0,360,5165,19367,0.037322347119016795
100,24632,0,0.0,361,5169,19463,0.03705048522281963
100,24732,0,0.0,362,5173,19559,0.03678132839768691
95,24827,0,0.0,363,5178,19649,0.036514849727711796
60,24887,0,0.0,364,5183,19704,0.03625102256480524
100,24987,0,0.0,365,5187,19800,0.03598982052603108
100,25087,0,0.0,366,5187,19900,0.0357312174909678
100,25187,0,0.0,367,5190,19997,0.03547518759909634
100,25287,0,0.0,368,5192,20095,0.035221705247214206
100,25387,0,0.0,369,5196,20191,0.03497074508687494
100,25487,0,0.0,370,5201,20286,0.034722282021853394
100,25587,0,0.0,371,5203,20384,0.034476291205635994
100,25687,0,0.0,372,5204,20483,0.034232748038936146
100,25787,0,0.0,373,5211,20576,0.0339916281672342
45,25832,0,0.0,374,5212,20620,0.03375290747834208
100,25932,0,0.0,375,5214,20718,0.033516562099991945
100,26032,0,0.0,376,5217,20815,0.03328256839744902
100,26132,0,0.0,377,5218,20914,0.03305090297114803
100,26232,0,0.0,378,5220,21012,0.03282154265435332
100,26332,0,0.0,379,5224,21108,0.03259446451084204
75,26407,0,0.0,380,5226,21181,0.03236964583261064
100,26507,0,0.0,381,5228,21279,0.03214706413760394
100,26607,0,0.0,382,5230,21377,0.03192669716746694
100,26707,0,0.0,383,5234,21473,0.031708522885318995
100,26807,0,0.0,384,5237,21570,0.031492519473550085
100,26907,0,0.0,385,5241,21666,0.031278665331639026
97,27004,0,0.0,386,5245,21759,0.031066939073993396
100,27104,0,0.0,387,5245,21859,0.030857319527811018
100,27204,0,0.0,388,5246,21958,0.030649785730962574
100,27304,0,0.0,389,5250,22054,0.030444316929895437
70,27374,0,0.0,390,5254,22120,0.030240892577558277
100,27474,0,0.0,391,5255,22219,0.030039492331346347
100,27574,0,0.0,392,5257,22317,0.029840096051067175
79,27653,0,0.0,393,5260,22393,0.029642683796926583
68,27721,0,0.0,394,5262,22459,0.02944723582753464
100,27821,0,0.0,395,5262,22559,0.029253732597931535
100,27921,0,0.0,396,5266,22655,0.029062154757633053
100,28021,0,0.0,397,5268,22753,0.02887248314869552
51,28072,0,0.0,398,5271,22801,0.028684698803799973
100,28172,0,0.0,399,5271,22901,0.02849878294435545
100,28272,0,0.0,400,5272,23000,0.02831471697862105
100,28372,0,0.0,401,5275,23097,0.028132482499846838
100,28472,0,0.0,402,5281,23191,0.027952061284433068
100,28572,0,0.0,403,5283,23289,0.02777343529010782
100,28672,0,0.0,404,5284,23388,0.027596586654122846
100,28772,0,0.0,405,5285,23487,0.027421497691467157
96,28868,0,0.0,406,5287,23581,0.02724815089309858
100,28968,0,0.0,407,5290,23678,0.0270765289241928
100,29068,0,0.0,408,5290,23778,0.026906614622409945
100,29168,0,0.0,409,5292,23876,0.026738390996178224
100,29268,0,0.0,410,5296,23972,0.026571841222994823
100,29368,0,0.0,411,5299,24069,0.026406948647743643
100,29468,0,0.0,412,5300,24168,0.026243696781029717
76,29544,0,0.0,413,5303,24241,0.026082069297530375
76,29620,0,0.0,414,5307,24313,0.02592205003436255
100,29720,0,0.0,415,5309,24411,0.025763622989466578
100,29820,0,0.0,416,5311,24509,0.025606772320005942
100,29920,0,0.0,417,5312,24608,0.025451482340783003
100,30020,0,0.0,418,5313,24707,0.02529773752267042
100,30120,0,0.0,419,5313,24807,0.025145522491058264
73,30193,0,0.0,420,5315,24878,0.02499482202431651
77,30270,0,0.0,421,5317,24953,0.024845621052272927
100,30370,0,0.0,422,5319,25051,0.024697904654705963
55,30425,0,0.0,423,5323,25102,0.024551658059852766
100,30525,0,0.0,424,5325,25200,0.024406866642931964
100,30625,0,0.0,425,5327,25298,0.024263515924681227
100,30725,0,0.0,426,5329,25396,0.024121591569909263
93,30818,0,0.0,427,5331,25487,0.023981079386062323
100,30918,0,0.0,428,5337,25581,0.023841965321804916
71,30989,0,0.0,429,5339,25650,0.023704235465614704
100,31089,0,0.0,430,5342,25747,0.023567876044391298
100,31189,0,0.0,431,5342,25847,0.023432873422078924
100,31289,0,0.0,432,5344,25945,0.02329921409830285
100,31389,0,0.0,433,5346,26043,0.02316688470701933
100,31489,0,0.0,434,5346,26143,0.023035872015178954
100,31589,0,0.0,435,5354,26235,0.022906162921403357
100,31689,0,0.0,436,5355,26334,0.022777744454675064
100,31789,0,0.0,437,5355,26434,0.0226506037730404
100,31889,0,0.0,438,5361,26528,0.02252472816232525
100,31989,0,0.0,439,5365,26624,0.022400105034863643
100,32089,0,0.0,440,5366,26723,0.02227672192823897
100,32189,0,0.0,441,5368,26821,0.02215456650403775
100,32289,0,0.0,442,5368,26921,0.022033626546615788
100,32389,0,0.0,443,5371,27018,0.021913889961876536
100,32489,0,0.0,444,5372,27117,0.02179534477606175
100,32589,0,0.0,445,5373,27216,0.02167797913455405
100,32689,0,0.0,446,5373,27316,0.021561781300691488
55,32744,0,0.0,447,5377,27367,0.02144673965459385
100,32844,0,0.0,448,5379,27465,0.021332842692000656
100,32944,0,0.0,449,5379,27565,0.021220079023120713
100,33044,0,0.0,450,5381,27663,0.02110843737149319
100,33144,0,0.0,451,5384,27760,0.02099790657285988
100,33244,0,0.0,452,5386,27858,0.020888475574048812
100,33344,0,0.0,453,5389,27955,0.020780133431868894
100,33444,0,0.0,454,5393,28051,0.020672869312015653
100,33544,0,0.0,455,5395,28149,0.020566672487987697
100,33644,0,0.0,456,5396,28248,0.02046153234001413
76,33720,0,0.0,457,5397,28323,0.02035743835399253
100,33820,0,0.0,458,5399,28421,0.020254380120437558
100,33920,0,0.0,459,5404,28516,0.02015234733343998
100,34020,0,0.0,460,5404,28616,0.020051329789636065
100,34120,0,0.0,461,5406,28714,0.01995131738718724
84,34204,0,0.0,462,5409,28795,0.019852300124769934
53,34257,0,0.0,463,5412,28845,0.019754268100575387
74,34331,0,0.0,464,5414,28917,0.019657211511319474
100,34431,0,0.0,465,5416,29015,0.0195611206512624
100,34531,0,0.0,466,5417,29114,0.01946598591123807
100,34631,0,0.0,467,5417,29214,0.01937179777769322
96,34727,0,0.0,468,5419,29308,0.019278546831735997
100,34827,0,0.0,469,5421,29406,0.019186223748194096
100,34927,0,0.0,470,5423,29504,0.01909481929468222
100,35027,0,0.0,471,5424,29603,0.019004324330678855
73,35100,0,0.0,472,5427,29673,0.018914729806612192
95,35195,0,0.0,473,5429,29766,0.01882602676295516
83,35278,0,0.0,474,5430,29848,0.018738206329329453
100,35378,0,0.0,475,5432,29946,0.018651259723618557
100,35478,0,0.0,476,5434,30044,0.01856517825108943
100,35578,0,0.0,477,5440,30138,0.018479953303523082
100,35678,0,0.0,478,5441,30237,0.018395576358353725
100,35778,0,0.0,479,5442,30336,0.018312038977816556
74,35852,0,0.0,480,5443,30409,0.018229332808103887
100,35952,0,0.0,481,5448,30504,0.01814744957852983
100,36052,0,0.0,482,5451,30601,0.01806638110070318
100,36152,0,0.0,483,5452,30700,0.01798611926770862
100,36252,0,0.0,484,5453,30799,0.017906656053295947
97,36349,0,0.0,485,5454,30895,0.017827983511077505
100,36449,0,0.0,486,5454,30995,0.01775009377373351
100,36549,0,0.0,487,5455,31094,0.017672979052225327
100,36649,0,0.0,488,5457,31192,0.017596631635016534
100,36749,0,0.0,489,5459,31290,0.01752104388730179
45,36794,0,0.0,490,5460,31334,0.017446208250243338
100,36894,0,0.0,491,5462,31432,0.017372117240215094
100,36994,0,0.0,492,5462,31532,0.01729876344805433
79,37073,0,0.0,493,5464,31609,0.0172261395383207
100,37173,0,0.0,494,5464,31709,0.017154238248562697
100,37273,0,0.0,495,5465,31808,0.017083052388591435
100,37373,0,0.0,496,5465,31908,0.017012574839761596
100,37473,0,0.0,497,5466,32007,0.01694279855425957
100,37573,0,0.0,498,5468,32105,0.016873716554398652
100,37673,0,0.0,499,5468,32205,0.016805321931921288
73,37746,0,0.0,500,5470,32276,0.01673760784730824
100,37846,0,0.0,501,5472,32374,0.016670567529094613
100,37946,0,0.0,502,5472,32474,0.01660419427319272
100,38046,0,0.0,503,5472,32574,0.016538481442221656
100,38146,0,0.0,504,5473,32673,0.016473422464843575
100,38246,0,0.0,505,5475,32771,0.01640901083510651
100,38346,0,0.0,506,5476,32870,0.01634524011179382
100,38446,0,0.0,507,5476,32970,0.016282103917780018
100,38546,0,0.0,508,5479,33067,0.01621959593939311
100,38646,0,0.0,509,5479,33167,0.016157709925783147
100,38746,0,0.0,510,5480,33266,0.016096439688297208
100,38846,0,0.0,511,5481,33365,0.016035779099860478
100,38946,0,0.0,512,5482,33464,0.01597572209436357
100,39046,0,0.0,513,5486,33560,0.015916262666055885
80,39126,0,0.0,514,5488,33638,0.015857394868945038
100,39226,0,0.0,515,5488,33738,0.015799112816202266
75,39301,0,0.0,516,5489,33812,0.01574141067957372
100,39401,0,0.0,517,5491,33910,0.01568428268879766
100,39501,0,0.0,518,5492,34009,0.0156277231310274
100,39601,0,0.0,519,5494,34107,0.015571726350260025
100,39701,0,0.0,520,5497,34204,0.015516286746770792
100,39801,0,0.0,521,5500,34301,0.015461398776553163
100,39901,0,0.0,522,5501,34400,0.015407056950764372
100,40001,0,0.0,523,5502,34499,0.01535325583517655
100,40101,0,0.0,524,5502,34599,0.015299990049633304
100,40201,0,0.0,525,5507,34694,0.015247254267511699
100,40301,0,0.0,526,5508,34793,0.015195043215189571
100,40401,0,0.0,527,5509,34892,0.015143351671518179
100,40501,0,0.0,528,5511,34990,0.015092174467300075
100,40601,0,0.0,529,5511,35090,0.015041506484772198
100,40701,0,0.0,530,5513,35188,0.01499134265709407
82,40783,0,0.0,531,5518,35265,0.014941677967841115
100,40883,0,0.0,532,5519,35364,0.01489250745050302
76,40959,0,0.0,533,5521,35438,0.014843826187987082
100,41059,0,0.0,534,5522,35537,0.014795629312126479
100,41159,0,0.0,535,5523,35636,0.014747912003193458
100,41259,0,0.0,536,5523,35736,0.014700669489417359
74,41333,0,0.0,537,5524,35809,0.014653897046507443
100,41433,0,0.0,538,5524,35909,0.01460758999718044
100,41533,0,0.0,539,5528,36005,0.014561743710692824
100,41633,0,0.0,540,5531,36102,0.014516353602377746
100,41733,0,0.0,541,5533,36200,0.01447141513318654
100,41833,0,0.0,542,5535,36298,0.014426923809234849
100,41933,0,0.0,543,5535,36398,0.014382875181353196
94,42027,0,0.0,544,5537,36490,0.01433926484464209
100,42127,0,0.0,545,5537,36590,0.014296088438031505
100,42227,0,0.0,546,5538,36689,0.014253341643844817
100,42327,0,0.0,547,5539,36788,0.014211020187366974
100,42427,0,0.0,548,5539,36888,0.014169119836417065
100,42527,0,0.0,549,5540,36987,0.01412763640092507
100,42627,0,0.0,550,5541,37086,0.014086565732512882
100,42727,0,0.0,551,5542,37185,0.014045903724079427
100,42827,0,0.0,552,5543,37284,0.014005646309389977
100,42927,0,0.0,553,5543,37384,0.013965789462669513
100,43027,0,0.0,554,5544,37483,0.013926329198200155
100,43127,0,0.0,555,5548,37579,0.013887261569922569
79,43206,0,0.0,556,5550,37656,0.01384858267104137
100,43306,0,0.0,557,5551,37755,0.013810288633634434
100,43406,0,0.0,558,5552,37854,0.013772375628266116
100,43506,0,0.0,559,5552,37954,0.013734839863604284
72,43578,0,0.0,560,5553,38025,0.013697677586041186
100,43678,0,0.0,561,5556,38122,0.0136608850793181
100,43778,0,0.0,562,5558,38220,0.013624458664153696
93,43871,0,0.0,563,5560,38311,0.013588394697876097
100,43971,0,0.0,564,5560,38411,0.013552689574058628
100,44071,0,0.0,565,5560,38511,0.013517339722159148
100,44171,0,0.0,566,5562,38609,0.013482341607163007
100,44271,0,0.0,567,5562,38709,0.013447691729229546
100,44371,0,0.0,568,5565,38806,0.013413386623342096
100,44471,0,0.0,569,5566,38905,0.013379422858961477
100,44571,0,0.0,570,5569,39002,0.013345797039682946
100,44671,0,0.0,571,5570,39101,0.01331250580289656
100,44771,0,0.0,572,5572,39199,0.013279545819450893
100,44871,0,0.0,573,5574,39297,0.013246913793320138
100,44971,0,0.0,574,5574,39397,0.01321460646127448
100,45071,0,0.0,575,5574,39497,0.013182620592553802
100,45171,0,0.0,576,5575,39596,0.01315095298854457
100,45271,0,0.0,577,5579,39692,0.013119600482459998
100,45371,0,0.0,578,5581,39790,0.013088559939023343
75,45446,0,0.0,579,5582,39864,0.013057828254154401
100,45546,0,0.0,580,5583,39963,0.013027402354659073
100,45646,0,0.0,581,5583,40063,0.012997279197922058
100,45746,0,0.0,582,5585,40161,0.012967455771602571
100,45846,0,0.0,583,5585,40261,0.012937929093333135
100,45946,0,0.0,584,5585,40361,0.012908696210421315
100,46046,0,0.0,585,5586,40460,0.012879754199554458
100,46146,0,0.0,586,5588,40558,0.012851100166507357
57,46203,0,0.0,587,5590,40613,0.012822731245852837
100,46303,0,0.0,588,5591,40712,0.012794644600675184
100,46403,0,0.0,589,5592,40811,0.012766837422286476
73,46476,0,0.0,590,5596,40880,0.012739306929945703
97,46573,0,0.0,591,5599,40974,0.012712050370580685
100,46673,0,0.0,592,5602,41071,0.012685065018512777
100,46773,0,0.0,593,5604,41169,0.012658348175184284
100,46873,0,0.0,594,5608,41265,0.012631897168888604
100,46973,0,0.0,595,5610,41363,0.012605709354503067
100,47073,0,0.0,596,5610,41463,0.012579782113224414
100,47173,0,0.0,597,5612,41561,0.012554112852306908
100,47273,0,0.0,598,5614,41659,0.012528699004803068
100,47373,0,0.0,599,5614,41759,0.012503538029306963
100,47473,0,0.0,600,5615,41858,0.012478627409700078
100,47573,0,0.0,601,5616,41957,0.012453964654899695
100,47673,0,0.0,602,5618,42055,0.012429547298609778
100,47773,0,0.0,603,5621,42152,0.01240537289907435
100,47873,0,0.0,604,5623,42250,0.012381439038833314
100,47973,0,0.0,605,5625,42348,0.012357743324480702
100,48073,0,0.0,606,5627,42446,0.01233428338642533
100,48173,0,0.0,607,5628,42545,0.012311056878653841
100,48273,0,0.0,608,5630,42643,0.012288061478496108
100,48373,0,0.0,609,5632,42741,0.012265294886392948
100,48473,0,0.0,610,5634,42839,0.01224275482566618
100,48573,0,0.0,611,5634,42939,0.012220439042290943
100,48673,0,0.0,612,5637,43036,0.012198345304670311
100,48773,0,0.0,613,5637,43136,0.012176471403412107
100,48873,0,0.0,614,5639,43234,0.012154815151107974
75,48948,0,0.0,615,5640,43308,0.012133374382114637
100,49048,0,0.0,616,5640,43408,0.012112146952337331
100,49148,0,0.0,617,5641,43507,0.012091130739015387
100,49248,0,0.0,618,5642,43606,0.012070323640509958
80,49328,0,0.0,619,5645,43683,0.012049723576093858
100,49428,0,0.0,620,5645,43783,0.012029328485743472
100,49528,0,0.0,621,5646,43882,0.012009136329932777
100,49628,0,0.0,622,5646,43982,0.01198914508942936
100,49728,0,0.0,623,5646,44082,0.011969352765092513
53,49781,0,0.0,624,5648,44133,0.011949757377673304
100,49881,0,0.0,625,5650,44231,0.01193035696761667
100,49981,0,0.0,626,5651,44330,0.011911149594865432
100,50081,0,0.0,627,5651,44430,0.011892133338666311
100,50181,0,0.0,628,5653,44528,0.01187330629737784
100,50281,0,0.0,629,5653,44628,0.011854666588280199
96,50377,0,0.0,630,5655,44722,0.011836212347386948
100,50477,0,0.0,631,5657,44820,0.011817941729258619
100,50577,0,0.0,632,5657,44920,0.011799852906818169
100,50677,0,0.0,633,5659,45018,0.011781944071168286
100,50777,0,0.0,634,5660,45117,0.011764213431410478
100,50877,0,0.0,635,5662,45215,0.011746659214465993
100,50977,0,0.0,636,5665,45312,0.011729279664898506
100,51077,0,0.0,637,5667,45410,0.011712073044738584
100,51177,0,0.0,638,5669,45508,0.011695037633309868
100,51277,0,0.0,639,5669,45608,0.011678171727057018
100,51377,0,0.0,640,5669,45708,0.011661473639375353
100,51477,0,0.0,641,5672,45805,0.011644941700442194
100,51577,0,0.0,642,5674,45903,0.011628574257049868
100,51677,0,0.0,643,5675,46002,0.011612369672440398
100,51777,0,0.0,644,5678,46099,0.011596326326141817
100,51877,0,0.0,645,5678,46199,0.011580442613806126
100,51977,0,0.0,646,5682,46295,0.011564716947048855
100,52077,0,0.0,647,5683,46394,0.011549147753290225
100,52177,0,0.0,648,5686,46491,0.011533733475597885
100,52277,0,0.0,649,5687,46590,0.011518472572531219
100,52377,0,0.0,650,5689,46688,0.011503363517987204
100,52477,0,0.0,651,5689,46788,0.011488404801047796
71,52548,0,0.0,652,5690,46858,0.011473594925828836
100,52648,0,0.0,653,5691,46957,0.011458932411330456
100,52748,0,0.0,654,5692,47056,0.01144441579128899
100,52848,0,0.0,655,5694,47154,0.011430043614030338
100,52948,0,0.0,656,5694,47254,0.011415814442324796
100,53048,0,0.0,657,5695,47353,0.011401726853243335
96,53144,0,0.0,658,5698,47446,0.011387779438015309
100,53244,0,0.0,659,5699,47545,0.011373970801887569
100,53344,0,0.0,660,5700,47644,0.011360299563985
100,53444,0,0.0,661,5702,47742,0.011346764357172414
100,53544,0,0.0,662,5704,47840,0.011333363827917855
100,53644,0,0.0,663,5705,47939,0.011320096636157226
100,53744,0,0.0,664,5708,48036,0.011306961455160297
100,53844,0,0.0,665,5708,48136,0.011293956971398022
100,53944,0,0.0,666,5710,48234,0.01128108188441119
100,54044,0,0.0,667,5712,48332,0.01126833490668037
100,54144,0,0.0,668,5715,48429,0.011255714763497167
100,54244,0,0.0,669,5716,48528,0.011243220192836747
100,54344,0,0.0,670,5716,48628,0.011230849945231628
100,54444,0,0.0,671,5718,48726,0.011218602783646746
100,54544,0,0.0,672,5718,48826,0.011206477483355735
100,54644,0,0.0,673,5719,48925,0.01119447283181846
100,54744,0,0.0,674,5719,49025,0.011182587628559764
100,54844,0,0.0,675,5720,49124,0.011170820685049418
100,54944,0,0.0,676,5721,49223,0.011159170824583262
100,55044,0,0.0,677,5722,49322,0.011147636882165546
45,55089,0,0.0,678,5723,49366,0.011136217704392411
100,55189,0,0.0,679,5724,49465,0.011124912149336568
75,55264,0,0.0,680,5725,49539,0.01111371908643309
100,55364,0,0.0,681,5726,49638,0.011102637396366355
100,55464,0,0.0,682,5727,49737,0.011091665970958125
100,55564,0,0.0,683,5727,49837,0.011080803713056716
100,55664,0,0.0,684,5727,49937,0.011070049536427285
100,55764,0,0.0,685,5728,50036,0.011059402365643208
100,55864,0,0.0,686,5730,50134,0.011048861135978534
100,55964,0,0.0,687,5731,50233,0.011038424793301511
100,56064,0,0.0,688,5731,50333,0.011028092293969175
100,56164,0,0.0,689,5731,50433,0.011017862604722983
100,56264,0,0.0,690,5731,50533,0.011007734702585483
100,56364,0,0.0,691,5731,50633,0.010997707574758025
100,56464,0,0.0,692,5732,50732,0.010987780218519469
53,56517,0,0.0,693,5734,50783,0.010977951641125918
100,56617,0,0.0,694,5736,50881,0.010968220859711442
100,56717,0,0.0,695,5736,50981,0.010958586901189789
95,56812,0,0.0,696,5739,51073,0.01094904880215708
100,56912,0,0.0,697,5739,51173,0.010939605608795464
100,57012,0,0.0,698,5739,51273,0.010930256376777735
98,57110,0,0.0,699,5740,51370,0.010921000171172899
100,57210,0,0.0,700,5740,51470,0.010911836066352685
100,57310,0,0.0,701,5742,51568,0.010902763145898971
100,57410,0,0.0,702,5743,51667,0.010893780502512152
100,57510,0,0.0,703,5743,51767,0.010884887237920403
100,57610,0,0.0,704,5744,51866,0.010876082462789857
100,57710,0,0.0,705,5744,51966,0.010867365296635659
100,57810,0,0.0,706,5744,52066,0.010858734867733933
100,57910,0,0.0,707,5745,52165,0.010850190313034594
76,57986,0,0.0,708,5747,52239,0.010841730778075053
100,58086,0,0.0,709,5748,52338,0.010833355416894765
100,58186,0,0.0,710,5751,52435,0.01082506339195063
100,58286,0,0.0,711,5751,52535,0.010816853874033245
100,58386,0,0.0,712,5751,52635,0.010808726042183978
100,58486,0,0.0,713,5752,52734,0.01080067908361287
100,58586,0,0.0,714,5752,52834,0.01079271219361736
100,58686,0,0.0,715,5752,52934,0.010784824575501804
100,58786,0,0.0,716,5752,53034,0.010777015440497823
100,58886,0,0.0,717,5753,53133,0.010769284007685407
100,58986,0,0.0,718,5755,53231,0.01076162950391483
100,59086,0,0.0,719,5756,53330,0.01075405116372934
100,59186,0,0.0,720,5757,53429,0.010746548229288598
100,59286,0,0.0,721,5761,53525,0.010739119950292912
100,59386,0,0.0,722,5762,53624,0.010731765583908192
100,59486,0,0.0,723,5762,53724,0.010724484394691668
71,59557,0,0.0,724,5764,53793,0.010717275654518353
100,59657,0,0.0,725,5765,53892,0.010710138642508221
100,59757,0,0.0,726,5767,53990,0.010703072644954124
100,59857,0,0.0,727,5769,54088,0.010696076955250418
100,59957,0,0.0,728,5771,54186,0.010689150873822304
100,60057,0,0.0,729,5772,54285,0.010682293708055865
100,60157,0,0.0,730,5772,54385,0.010675504772228813
100,60257,0,0.0,731,5774,54483,0.010668783387441906
100,60357,0,0.0,732,5776,54581,0.010662128881551065
100,60457,0,0.0,733,5776,54681,0.010655540589100154
100,60557,0,0.0,734,5777,54780,0.010649017851254439
100,60657,0,0.0,735,5778,54879,0.0106425600157347
100,60757,0,0.0,736,5778,54979,0.010636166436752002
100,60857,0,0.0,737,5780,55077,0.01062983647494312
100,60957,0,0.0,738,5782,55175,0.010623569497306598
52,61009,0,0.0,739,5783,55226,0.01061736487713945
100,61109,0,0.0,740,5784,55325,0.010611221993974488
100,61209,0,0.0,741,5784,55425,0.010605140233518277
100,61309,0,0.0,742,5785,55524,0.010599118987589702
100,61409,0,0.0,743,5786,55623,0.010593157654059155
100,61509,0,0.0,744,5787,55722,0.010587255636788313
100,61609,0,0.0,745,5787,55822,0.01058141234557053
78,61687,0,0.0,746,5790,55897,0.01057562719607182
100,61787,0,0.0,747,5790,55997,0.010569899609772403
100,61887,0,0.0,748,5791,56096,0.010564229013908884
100,61987,0,0.0,749,5791,56196,0.010558614841416947
100,62087,0,0.0,750,5792,56295,0.010553056530874667
100,62187,0,0.0,751,5792,56395,0.010547553526446355
100,62287,0,0.0,752,5793,56494,0.010542105277826985
100,62387,0,0.0,753,5795,56592,0.010536711240187152
100,62487,0,0.0,754,5795,56692,0.0105313708741186
83,62570,0,0.0,755,5796,56774,0.01052608364558027
100,62670,0,0.0,756,5798,56872,0.010520849025844903
100,62770,0,0.0,757,5800,56970,0.010515666491446161
100,62870,0,0.0,758,5800,57070,0.01051053552412629
100,62970,0,0.0,759,5800,57170,0.010505455610784278
100,63070,0,0.0,760,5800,57270,0.010500426243424558
100,63170,0,0.0,761,5802,57368,0.010495446919106205
100,63270,0,0.0,762,5803,57467,0.010490517139892635
100,63370,0,0.0,763,5804,57566,0.010485636412801822
96,63466,0,0.0,764,5806,57660,0.010480804249756986
100,63566,0,0.0,765,5807,57759,0.010476020167537797
100,63666,0,0.0,766,5807,57859,0.010471283687732046
100,63766,0,0.0,767,5807,57959,0.010466594336687809
100,63866,0,0.0,768,5807,58059,0.010461951645466068
100,63966,0,0.0,769,5808,58158,0.010457355149793835
100,64066,0,0.0,770,5808,58258,0.010452804390017712
100,64166,0,0.0,771,5809,58357,0.010448298911057929
100,64266,0,0.0,772,5811,58455,0.010443838262362837
100,64366,0,0.0,773,5813,58553,0.010439421997863846
100,64466,0,0.0,774,5814,58652,0.010435049675930827
100,64566,0,0.0,775,5815,58751,0.010430720859327945
100,64666,0,0.0,776,5816,58850,0.01042643511516993
100,64766,0,0.0,777,5818,58948,0.010422192014878798
100,64866,0,0.0,778,5819,59047,0.01041799113414098
100,64966,0,0.0,779,5820,59146,0.010413832052864903
83,65049,0,0.0,780,5821,59228,0.010409714355138974
100,65149,0,0.0,781,5822,59327,0.010405637629189989
94,65243,0,0.0,782,5823,59420,0.010401601467341955
100,65343,0,0.0,783,5823,59520,0.010397605465975325
100,65443,0,0.0,784,5824,59619,0.01039364922548663
100,65543,0,0.0,785,5824,59719,0.010389732350248527
100,65643,0,0.0,786,5825,59818,0.010385854448570228
53,65696,0,0.0,787,5826,59870,0.01038201513265833
100,65796,0,0.0,788,5826,59970,0.010378214018578047
100,65896,0,0.0,789,5827,60069,0.0103744507262148
100,65996,0,0.0,790,5828,60168,0.010370724879236218
100,66096,0,0.0,791,5828,60268,0.010367036105054498
100,66196,0,0.0,792,5828,60368,0.010363384034789147
100,66296,0,0.0,793,5828,60468,0.010359768303230097
100,66396,0,0.0,794,5829,60567,0.010356188548801179
100,66496,0,0.0,795,5829,60667,0.010352644413523964
100,66596,0,0.0,796,5830,60766,0.010349135542981974
100,66696,0,0.0,797,5831,60865,0.010345661586285228
100,66796,0,0.0,798,5833,60963,0.010342222196035164
100,66896,0,0.0,799,5834,61062,0.01033881702828989
100,66996,0,0.0,800,5835,61161,0.010335445742529792
100,67096,0,0.0,801,5835,61261,0.010332108001623487
100,67196,0,0.0,802,5835,61361,0.010328803471794101
77,67273,0,0.0,803,5837,61436,0.0103255318225859
100,67373,0,0.0,804,5838,61535,0.010322292726831234
100,67473,0,0.0,805,5840,61633,0.01031908586061783
100,67573,0,0.0,806,5841,61732,0.010315910903256391
100,67673,0,0.0,807,5841,61832,0.01031276753724854
100,67773,0,0.0,808,5841,61932,0.010309655448255054
100,67873,0,0.0,809,5841,62032,0.01030657432506444
100,67973,0,0.0,810,5842,62131,0.010303523859561813
78,68051,0,0.0,811,5843,62208,0.01030050374669808
100,68151,0,0.0,812,5843,62308,0.010297513684459435
100,68251,0,0.0,813,5844,62407,0.010294553373837166
100,68351,0,0.0,814,5844,62507,0.010291622518797741
100,68451,0,0.0,815,5845,62606,0.010288720826253218
100,68551,0,0.0,816,5847,62704,0.010285848006031922
100,68651,0,0.0,817,5847,62804,0.010283003770849435
100,68751,0,0.0,818,5847,62904,0.010280187836279871
100,68851,0,0.0,819,5847,63004,0.010277399920727424
100,68951,0,0.0,820,5848,63103,0.01027463974539822
100,69051,0,0.0,821,5850,63201,0.010271907034272422
100,69151,0,0.0,822,5850,63301,0.01026920151407664
76,69227,0,0.0,823,5852,63375,0.010266522914256601
100,69327,0,0.0,824,5852,63475,0.010263870966950093
100,69427,0,0.0,825,5852,63575,0.01026124540696017
100,69527,0,0.0,826,5852,63675,0.010258645971728651
100,69627,0,0.0,827,5852,63775,0.010256072401309843
56,69683,0,0.0,828,5853,63830,0.01025352443834456
100,69783,0,0.0,829,5855,63928,0.010251001828034383
100,69883,0,0.0,830,5855,64028,0.010248504318116178
100,69983,0,0.0,831,5856,64127,0.010246031658836873
100,70083,0,0.0,832,5858,64225,0.010243583602928479
100,70183,0,0.0,833,5858,64325,0.010241159905583363
100,70283,0,0.0,834,5860,64423,0.010238760324429774
100,70383,0,0.0,835,5864,64519,0.010236384619507594
100,70483,0,0.0,836,5867,64616,0.010234032553244354
100,70583,0,0.0,837,5868,64715,0.010231703890431466
94,70677,0,0.0,838,5869,64808,0.01022939839820071
100,70777,0,0.0,839,5869,64908,0.010227115846000938
100,70877,0,0.0,840,5869,65008,0.01022485600557503
100,70977,0,0.0,841,5870,65107,0.01022261865093706
100,71077,0,0.0,842,5870,65207,0.010220403558349701
100,71177,0,0.0,843,5872,65305,0.010218210506301846
100,71277,0,0.0,844,5872,65405,0.010216039275486465
100,71377,0,0.0,845,5872,65505,0.010213889648778665
100,71477,0,0.0,846,5872,65605,0.010211761411213984
100,71577,0,0.0,847,5872,65705,0.010209654349966894
100,71677,0,0.0,848,5872,65805,0.010207568254329514
100,71777,0,0.0,849,5872,65905,0.01020550291569054
100,71877,0,0.0,850,5872,66005,0.010203458127514388
100,71977,0,0.0,851,5874,66103,0.010201433685320538
100,72077,0,0.0,852,5875,66202,0.010199429386663081
100,72177,0,0.0,853,5875,66302,0.010197445031110482
80,72257,0,0.0,854,5877,66380,0.010195480420225531
100,72357,0,0.0,855,5877,66480,0.010193535357545505
100,72457,0,0.0,856,5877,66580,0.010191609648562514
100,72557,0,0.0,857,5877,66680,0.010189703100704052
100,72657,0,0.0,858,5880,66777,0.01018781552331375
100,72757,0,0.0,859,5880,66877,0.01018594672763229
100,72857,0,0.0,860,5881,66976,0.010184096526778551
100,72957,0,0.0,861,5882,67075,0.010182264735730903
100,73057,0,0.0,862,5882,67175,0.010180451171308717
100,73157,0,0.0,863,5885,67272,0.010178655652154037
100,73257,0,0.0,864,5886,67371,0.010176877998713455
100,73357,0,0.0,865,5886,67471,0.01017511803322014
100,73457,0,0.0,866,5887,67570,0.010173375579676082
100,73557,0,0.0,867,5890,67667,0.01017165046383447
100,73657,0,0.0,868,5892,67765,0.010169942513182286
100,73757,0,0.0,869,5893,67864,0.010168251556923037
100,73857,0,0.0,870,5894,67963,0.010166577425959692
100,73957,0,0.0,871,5895,68062,0.010164919952877757
100,74057,0,0.0,872,5896,68161,0.010163278971928544
100,74157,0,0.0,873,5897,68260,0.01016165431901259
100,74257,0,0.0,874,5900,68357,0.01016004583166325
100,74357,0,0.0,875,5902,68455,0.010158453349030448
56,74413,0,0.0,876,5904,68509,0.010156876711864594
100,74513,0,0.0,877,5905,68608,0.010155315762500658
81,74594,0,0.0,878,5906,68688,0.0101537703448424
100,74694,0,0.0,879,5907,68787,0.010152240304346772
100,74794,0,0.0,880,5910,68884,0.010150725488008444
100,74894,0,0.0,881,5912,68982,0.010149225744344521
100,74994,0,0.0,882,5913,69081,0.01014774092337939
100,75094,0,0.0,883,5913,69181,0.010146270876629714
100,75194,0,0.0,884,5914,69280,0.010144815457089593
100,75294,0,0.0,885,5915,69379,0.010143374519215861
79,75373,0,0.0,886,5919,69454,0.01014194791891353
100,75473,0,0.0,887,5920,69553,0.01014053551352138
77,75550,0,0.0,888,5922,69628,0.010139137161797698
100,75650,0,0.0,889,5925,69725,0.010137752723906142
100,75750,0,0.0,890,5926,69824,0.01013638206140177
100,75850,0,0.0,891,5926,69924,0.010135025037217192
100,75950,0,0.0,892,5927,70023,0.010133681515648855
100,76050,0,0.0,893,5929,70121,0.010132351362343486
90,76140,0,0.0,894,5930,70210,0.010131034444284644
84,76224,0,0.0,895,5931,70293,0.010129730629779427
100,76324,0,0.0,896,5932,70392,0.010128439788445296
100,76424,0,0.0,897,5934,70490,0.010127161791197044
100,76524,0,0.0,898,5934,70590,0.01012589651023388
100,76624,0,0.0,899,5935,70689,0.010124643819026653
100,76724,0,0.0,900,5935,70789,0.0101234035923052
100,76824,0,0.0,901,5935,70889,0.010122175706045813
100,76924,0,0.0,902,5935,70989,0.010120960037458845
100,77024,0,0.0,903,5935,71089,0.010119756464976423
100,77124,0,0.0,904,5939,71185,0.010118564868240294
81,77205,0,0.0,905,5941,71264,0.010117385128089795
100,77305,0,0.0,906,5942,71363,0.010116217126549927
100,77405,0,0.0,907,5942,71463,0.010115060746819561
100,77505,0,0.0,908,5943,71562,0.010113915873259762
100,77605,0,0.0,909,5946,71659,0.010112782391382219
100,77705,0,0.0,910,5946,71759,0.010111660187837799
100,77805,0,0.0,911,5947,71858,0.010110549150405214
100,77905,0,0.0,912,5949,71956,0.010109449167979795
75,77980,0,0.0,913,5950,72030,0.010108360130562379
100,78080,0,0.0,914,5950,72130,0.010107281929248322
100,78180,0,0.0,915,5950,72230,0.010106214456216591
100,78280,0,0.0,916,5951,72329,0.010105157604718994
100,78380,0,0.0,917,5951,72429,0.010104111269069502
100,78480,0,0.0,918,5952,72528,0.010103075344633675
100,78580,0,0.0,919,5953,72627,0.010102049727818207
100,78680,0,0.0,920,5953,72727,0.010101034316060565
100,78780,0,0.0,921,5954,72826,0.010100029007818723
100,78880,0,0.0,922,5954,72926,0.01009903370256102
100,78980,0,0.0,923,5954,73026,0.010098048300756102
100,79080,0,0.0,924,5955,73125,0.010097072703862968
100,79180,0,0.0,925,5957,73223,0.010096106814321115
100,79280,0,0.0,926,5958,73322,0.01009515053554078
100,79380,0,0.0,927,5959,73421,0.010094203771893295
100,79480,0,0.0,928,5962,73518,0.010093266428701501
100,79580,0,0.0,929,5962,73618,0.0100923384122303
100,79680,0,0.0,930,5963,73717,0.01009141962967727
100,79780,0,0.0,931,5963,73817,0.010090509989163391
57,79837,0,0.0,932,5966,73871,0.010089609399723856
100,79937,0,0.0,933,5967,73970,0.010088717771298966
100,80037,0,0.0,934,5968,74069,0.010087835014725138
100,80137,0,0.0,935,5969,74168,0.010086961041725979
100,80237,0,0.0,936,5970,74267,0.01008609576490346
100,80337,0,0.0,937,5972,74365,0.010085239097729176
100,80437,0,0.0,938,5973,74464,0.0100843909545357
100,80537,0,0.0,939,5973,74564,0.010083551250508005
100,80637,0,0.0,940,5973,74664,0.010082719901674985
45,80682,0,0.0,941,5974,74708,0.010081896824901066
100,80782,0,0.0,942,5977,74805,0.010081081937877885
100,80882,0,0.0,943,5978,74904,0.01008027515911606
100,80982,0,0.0,944,5980,75002,0.010079476407937044
100,81082,0,0.0,945,5981,75101,0.010078685604465051
100,81182,0,0.0,946,5982,75200,0.010077902669619077
100,81282,0,0.0,947,5985,75297,0.010077127525104984
100,81382,0,0.0,948,5987,75395,0.010076360093407673
100,81482,0,0.0,949,5988,75494,0.010075600297783338
100,81582,0,0.0,950,5989,75593,0.010074848062251781
100,81682,0,0.0,951,5989,75693,0.010074103311588823
100,81782,0,0.0,952,5992,75790,0.010073365971318778
100,81882,0,0.0,953,5993,75889,0.010072635967707003
100,81982,0,0.0,954,5995,75987,0.010071913227752527
78,82060,0,0.0,955,5996,76064,0.010071197679180756
100,82160,0,0.0,956,5997,76163,0.010070489250436234
100,82260,0,0.0,957,5999,76261,0.010069787870675497
100,82360,0,0.0,958,6000,76360,0.010069093469759984
100,82460,0,0.0,959,6001,76459,0.010068405978249026
100,82560,0,0.0,960,6002,76558,0.010067725327392897
100,82660,0,0.0,961,6003,76657,0.010067051449125945
100,82760,0,0.0,962,6003,76757,0.010066384276059784
100,82860,0,0.0,963,6003,76857,0.010065723741476547
100,82960,0,0.0,964,6003,76957,0.01006506977932223
100,83060,0,0.0,965,6004,77056,0.010064422324200068
100,83160,0,0.0,966,6004,77156,0.010063781311364012
100,83260,0,0.0,967,6005,77255,0.010063146676712244
100,83360,0,0.0,968,6005,77355,0.01006251835678077
100,83460,0,0.0,969,6005,77455,0.010061896288737071
100,83560,0,0.0,970,6005,77555,0.01006128041037383
100,83660,0,0.0,971,6005,77655,0.01006067066010269
100,83760,0,0.0,972,6006,77754,0.01006006697694812
75,83835,0,0.0,973,6008,77827,0.010059469300541302
100,83935,0,0.0,974,6009,77926,0.010058877571114096
100,84035,0,0.0,975,6013,78022,0.010058291729493065
100,84135,0,0.0,976,6014,78121,0.01005771171709356
100,84235,0,0.0,977,6014,78221,0.010057137475913858
80,84315,0,0.0,978,6016,78299,0.010056568948529363
100,84415,0,0.0,979,6016,78399,0.010056006078086861
100,84515,0,0.0,980,6017,78498,0.01005544880829884
100,84615,0,0.0,981,6018,78597,0.010054897083437856
100,84715,0,0.0,982,6020,78695,0.010054350848330963
100,84815,0,0.0,983,6022,78793,0.010053810048354195
100,84915,0,0.0,984,6023,78892,0.010053274629427107
100,85015,0,0.0,985,6024,78991,0.010052744538007355
100,85115,0,0.0,986,6026,79089,0.01005221972108536
100,85215,0,0.0,987,6026,79189,0.010051700126178988
100,85315,0,0.0,988,6026,79289,0.010051185701328317
100,85415,0,0.0,989,6026,79389,0.010050676395090436
100,85515,0,0.0,990,6027,79488,0.010050172156534292
98,85613,0,0.0,991,6028,79585,0.010049672935235614
100,85713,0,0.0,992,6028,79685,0.010049178681271852
100,85813,0,0.0,993,6029,79784,0.010048689345217202
100,85913,0,0.0,994,6029,79884,0.010048204878137646
100,86013,0,0.0,995,6030,79983,0.010047725231586075
100,86113,0,0.0,996,6031,80082,0.010047250357597435
100,86213,0,0.0,997,6032,80181,0.010046780208683928
100,86313,0,0.0,998,6033,80280,0.010046314737830275
100,86413,0,0.0,999,6034,80379,0.010045853898488999
100,86513,0,0.0,1000,6034,80479,0.010045397644575786
100,86613,0,0.0,1001,6034,80579,0.010044945930464861
100,86713,0,0.0,1002,6035,80678,0.010044498710984437
100,86813,0,0.0,1003,6035,80778,0.010044055941412194
54,86867,0,0.0,1004,6037,80830,0.010043617577470805
100,86967,0,0.0,1005,6038,80929,0.010043183575323512
100,87067,0,0.0,1006,6038,81029,0.010042753891569738
100,87167,0,0.0,1007,6039,81128,0.01004232848324075
100,87267,0,0.0,1008,6040,81227,0.010041907307795358
100,87367,0,0.0,1009,6041,81326,0.01004149032311567
100,87467,0,0.0,1010,6042,81425,0.010041077487502869
100,87567,0,0.0,1011,6043,81524,0.010040668759673048
100,87667,0,0.0,1012,6043,81624,0.010040264098753086
100,87767,0,0.0,1013,6043,81724,0.010039863464276553
100,87867,0,0.0,1014,6043,81824,0.010039466816179668
100,87967,0,0.0,1015,6043,81924,0.010039074114797288
100,88067,0,0.0,1016,6044,82023,0.01003868532085895
100,88167,0,0.0,1017,6045,82122,0.010038300395484938
100,88267,0,0.0,1018,6045,82222,0.01003791930018239
100,88367,0,0.0,1019,6045,82322,0.01003754199684146
84,88451,0,0.0,1020,6046,82405,0.0100371684477315
100,88551,0,0.0,1021,6047,82504,0.010036798615497286
100,88651,0,0.0,1022,6048,82603,0.010036432463155286
100,88751,0,0.0,1023,6049,82702,0.010036069954089965
100,88851,0,0.0,1024,6050,82801,0.01003571105205011
100,88951,0,0.0,1025,6050,82901,0.01003535572114522
100,89051,0,0.0,1026,6050,83001,0.010035003925841906
100,89151,0,0.0,1027,6050,83101,0.010034655630960348
100,89251,0,0.0,1028,6051,83200,0.010034310801670764
100,89351,0,0.0,1029,6052,83299,0.010033969403489941
100,89451,0,0.0,1030,6053,83398,0.010033631402277775
100,89551,0,0.0,1031,6054,83497,0.010033296764233863
100,89651,0,0.0,1032,6054,83597,0.01003296545589412
100,89751,0,0.0,1033,6057,83694,0.01003263744412744
100,89851,0,0.0,1034,6058,83793,0.010032312696132369
100,89951,0,0.0,1035,6058,83893,0.01003199117943384
100,90051,0,0.0,1036,6059,83992,0.010031672861879913
100,90151,0,0.0,1037,6060,84091,0.010031357711638567
100,90251,0,0.0,1038,6061,84190,0.010031045697194518
100,90351,0,0.0,1039,6061,84290,0.01003073678734606
100,90451,0,0.0,1040,6061,84390,0.01003043095120195
100,90551,0,0.0,1041,6062,84489,0.01003012815817832
100,90651,0,0.0,1042,6063,84588,0.010029828377995615
100,90751,0,0.0,1043,6064,84687,0.010029531580675564
100,90851,0,0.0,1044,6064,84787,0.010029237736538193
100,90951,0,0.0,1045,6064,84887,0.01002894681619884
100,91051,0,0.0,1046,6064,84987,0.010028658790565229
100,91151,0,0.0,1047,6065,85086,0.010028373630834558
100,91251,0,0.0,1048,6065,85186,0.010028091308490614
100,91351,0,0.0,1049,6066,85285,0.010027811795300929
100,91451,0,0.0,1050,6067,85384,0.01002753506331395
100,91551,0,0.0,1051,6068,85483,0.01002726108485625
100,91651,0,0.0,1052,6070,85581,0.010026989832529752
100,91751,0,0.0,1053,6073,85678,0.010026721279208999
100,91851,0,0.0,1054,6075,85776,0.010026455398038434
100,91951,0,0.0,1055,6075,85876,0.01002619216242972
100,92051,0,0.0,1056,6080,85971,0.010025931546059077
100,92151,0,0.0,1057,6080,86071,0.010025673522864646
100,92251,0,0.0,1058,6081,86170,0.0100254180670439
100,92351,0,0.0,1059,6081,86270,0.010025165153051038
100,92451,0,0.0,1060,6081,86370,0.010024914755594453
100,92551,0,0.0,1061,6083,86468,0.01002466684963419
100,92651,0,0.0,1062,6083,86568,0.010024421410379444
100,92751,0,0.0,1063,6084,86667,0.01002417841328609
100,92851,0,0.0,1064,6085,86766,0.010023937834054211
100,92951,0,0.0,1065,6085,86866,0.010023699648625687
100,93051,0,0.0,1066,6085,86966,0.010023463833181775
100,93151,0,0.0,1067,6085,87066,0.010023230364140734
100,93251,0,0.0,1068,6085,87166,0.010022999218155467
100,93351,0,0.0,1069,6087,87264,0.01002277037211118
100,93451,0,0.0,1070,6088,87363,0.01002254380312308
100,93551,0,0.0,1071,6089,87462,0.01002231948853408
45,93596,0,0.0,1072,6090,87506,0.010022097405912533
100,93696,0,0.0,1073,6092,87604,0.010021877533049992
100,93796,0,0.0,1074,6092,87704,0.010021659847958985
100,93896,0,0.0,1075,6094,87802,0.010021444328870826
100,93996,0,0.0,1076,6095,87901,0.010021230954233424
100,94096,0,0.0,1077,6097,87999,0.010021019702709136
100,94196,0,0.0,1078,6099,88097,0.010020810553172638
100,94296,0,0.0,1079,6100,88196,0.010020603484708799
100,94396,0,0.0,1080,6100,88296,0.0100203984766106
100,94496,0,0.0,1081,6101,88395,0.01002019550837706
100,94596,0,0.0,1082,6102,88494,0.010019994559711188
100,94696,0,0.0,1083,6102,88594,0.01001979561051795
100,94796,0,0.0,1084,6103,88693,0.01001959864090226
100,94896,0,0.0,1085,6105,88791,0.010019403631166992
100,94996,0,0.0,1086,6105,88891,0.01001921056181101
100,95096,0,0.0,1087,6106,88990,0.01001901941352722
100,95196,0,0.0,1088,6108,89088,0.01001883016720063
100,95296,0,0.0,1089,6111,89185,0.010018642803906453
100,95396,0,0.0,1090,6112,89284,0.010018457304908203
100,95496,0,0.0,1091,6114,89382,0.010018273651655822
100,95596,0,0.0,1092,6115,89481,0.010018091825783837
100,95696,0,0.0,1093,6116,89580,0.010017911809109508
83,95779,0,0.0,1094,6117,89662,0.010017733583631014
100,95879,0,0.0,1095,6117,89762,0.010017557131525663
100,95979,0,0.0,1096,6119,89860,0.010017382435148095
100,96079,0,0.0,1097,6120,89959,0.010017209477028527
100,96179,0,0.0,1098,6120,90059,0.010017038239871004
52,96231,0,0.0,1099,6121,90110,0.010016868706551666
100,96331,0,0.0,1100,6122,90209,0.01001670086011704
100,96431,0,0.0,1101,6123,90308,0.010016534683782344
100,96531,0,0.0,1102,6124,90407,0.010016370160929804
100,96631,0,0.0,1103,6125,90506,0.010016207275107
100,96731,0,0.0,1104,6127,90604,0.010016046010025212
100,96831,0,0.0,1105,6128,90703,0.0100158863495578
56,96887,0,0.0,1106,6129,90758,0.01001572827773858
100,96987,0,0.0,1107,6130,90857,0.010015571778760241
85,97072,0,0.0,1108,6133,90939,0.010015416836972756
100,97172,0,0.0,1109,6133,91039,0.010015263436881815
100,97272,0,0.0,1110,6134,91138,0.010015111563147282
100,97372,0,0.0,1111,6134,91238,0.010014961200581656
100,97472,0,0.0,1112,6134,91338,0.010014812334148557
100,97572,0,0.0,1113,6136,91436,0.010014664948961216
100,97672,0,0.0,1114,6138,91534,0.010014519030280992
100,97772,0,0.0,1115,6139,91633,0.010014374563515895
100,97872,0,0.0,1116,6140,91732,0.01001423153421913
100,97972,0,0.0,1117,6141,91831,0.010014089928087644
100,98072,0,0.0,1118,6143,91929,0.01001394973096071
100,98172,0,0.0,1119,6146,92026,0.010013810928818496
100,98272,0,0.0,1120,6147,92125,0.010013673507780674
100,98372,0,0.0,1121,6147,92225,0.010013537454105024
100,98472,0,0.0,1122,6149,92323,0.010013402754186067
100,98572,0,0.0,1123,6150,92422,0.010013269394553695
100,98672,0,0.0,1124,6150,92522,0.010013137361871838
100,98772,0,0.0,1125,6152,92620,0.010013006642937116
100,98872,0,0.0,1126,6153,92719,0.010012877224677526
90,98962,0,0.0,1127,6155,92807,0.010012749094151136
100,99062,0,0.0,1128,6155,92907,0.010012622238544785
100,99162,0,0.0,1129,6158,93004,0.010012496645172807
100,99262,0,0.0,1130,6162,93100,0.01001237230147576
100,99362,0,0.0,1131,6165,93197,0.01001224919501917
45,99407,0,0.0,1132,6166,93241,0.01001212731349229
100,99507,0,0.0,1133,6167,93340,0.010012006644706866
100,99607,0,0.0,1134,6167,93440,0.010011887176595919
100,99707,0,0.0,1135,6168,93539,0.010011768897212536
100,99807,0,0.0,1136,6168,93639,0.010011651794728682
100,99907,0,0.0,1137,6170,93737,0.010011535857434011
