iteration,successes,successes_episode,reward_episode,episode_count,random_act,timestep
22,22,0,0.0,1,12,10
7,29,0,0.0,2,19,10
12,41,0,0.0,3,28,13
46,87,0,0.0,4,57,30
66,153,0,0.0,5,113,40
54,207,0,0.0,6,155,52
9,216,0,0.0,7,162,54
97,313,0,0.0,8,236,77
49,362,0,0.0,9,277,85
66,428,0,0.0,10,338,90
26,454,0,0.0,11,359,95
77,531,0,0.0,12,417,114
24,555,0,0.0,13,437,118
30,585,0,0.0,14,460,125
43,628,0,0.0,15,497,131
7,635,0,0.0,16,503,132
22,657,0,0.0,17,521,136
22,679,0,0.0,18,538,141
24,703,0,0.0,19,556,147
31,734,1,1.0,20,580,154
44,778,1,0.0,21,586,192
16,794,1,0.0,22,588,206
28,822,1,0.0,23,592,230
11,833,1,0.0,24,593,240
31,864,2,1.0,25,598,266
14,878,2,0.0,26,599,279
25,903,2,0.0,27,599,304
83,986,2,0.0,28,606,380
19,1005,2,0.0,29,609,396
35,1040,2,0.0,30,611,429
38,1078,2,0.0,31,613,465
22,1100,2,0.0,32,614,486
14,1114,2,0.0,33,614,500
49,1163,2,0.0,34,621,542
20,1183,2,0.0,35,623,560
100,1283,2,0.0,36,629,654
36,1319,2,0.0,37,630,689
20,1339,2,0.0,38,630,709
18,1357,2,0.0,39,630,727
29,1386,2,0.0,40,634,752
26,1412,2,0.0,41,634,778
47,1459,2,0.0,42,638,821
7,1466,2,0.0,43,639,827
29,1495,2,0.0,44,639,856
9,1504,2,0.0,45,639,865
35,1539,2,0.0,46,641,898
34,1573,2,0.0,47,645,928
7,1580,2,0.0,48,645,935
8,1588,2,0.0,49,646,942
16,1604,2,0.0,50,648,956
9,1613,2,0.0,51,649,964
27,1640,2,0.0,52,651,989
30,1670,2,0.0,53,653,1017
16,1686,2,0.0,54,658,1028
38,1724,2,0.0,55,659,1065
65,1789,2,0.0,56,672,1117
52,1841,2,0.0,57,678,1163
94,1935,2,0.0,58,690,1245
27,1962,2,0.0,59,692,1270
33,1995,2,0.0,60,692,1303
6,2001,2,0.0,61,693,1308
11,2012,2,0.0,62,693,1319
25,2037,2,0.0,63,694,1343
23,2060,2,0.0,64,695,1365
18,2078,2,0.0,65,697,1381
23,2101,2,0.0,66,698,1403
14,2115,2,0.0,67,701,1414
12,2127,2,0.0,68,702,1425
41,2168,2,0.0,69,703,1465
52,2220,2,0.0,70,705,1515
11,2231,2,0.0,71,705,1526
95,2326,2,0.0,72,711,1615
37,2363,2,0.0,73,714,1649
16,2379,2,0.0,74,715,1664
11,2390,2,0.0,75,715,1675
60,2450,2,0.0,76,719,1731
21,2471,2,0.0,77,721,1750
60,2531,2,0.0,78,725,1806
10,2541,2,0.0,79,726,1815
18,2559,2,0.0,80,728,1831
22,2581,2,0.0,81,729,1852
31,2612,2,0.0,82,733,1879
16,2628,2,0.0,83,734,1894
17,2645,2,0.0,84,735,1910
46,2691,2,0.0,85,740,1951
32,2723,2,0.0,86,745,1978
69,2792,2,0.0,87,750,2042
39,2831,2,0.0,88,755,2076
53,2884,2,0.0,89,764,2120
46,2930,2,0.0,90,770,2160
38,2968,2,0.0,91,772,2196
26,2994,2,0.0,92,773,2221
11,3005,2,0.0,93,774,2231
21,3026,2,0.0,94,775,2251
10,3036,2,0.0,95,776,2260
15,3051,2,0.0,96,777,2274
32,3083,2,0.0,97,779,2304
52,3135,2,0.0,98,781,2354
13,3148,2,0.0,99,782,2366
29,3177,2,0.0,100,786,2391
29,3206,2,0.0,101,786,2420
39,3245,2,0.0,102,790,2455
8,3253,2,0.0,103,790,2463
30,3283,2,0.0,104,790,2493
23,3306,2,0.0,105,791,2515
25,3331,2,0.0,106,792,2539
17,3348,2,0.0,107,792,2556
50,3398,2,0.0,108,793,2605
25,3423,2,0.0,109,794,2629
8,3431,2,0.0,110,794,2637
21,3452,2,0.0,111,795,2657
29,3481,2,0.0,112,796,2685
58,3539,2,0.0,113,801,2738
59,3598,2,0.0,114,805,2793
14,3612,2,0.0,115,807,2805
41,3653,2,0.0,116,810,2843
44,3697,2,0.0,117,811,2886
7,3704,2,0.0,118,811,2893
9,3713,2,0.0,119,811,2902
15,3728,2,0.0,120,811,2917
19,3747,2,0.0,121,812,2935
10,3757,2,0.0,122,813,2944
19,3776,2,0.0,123,814,2962
8,3784,2,0.0,124,815,2969
21,3805,2,0.0,125,815,2990
47,3852,2,0.0,126,817,3035
19,3871,2,0.0,127,818,3053
47,3918,2,0.0,128,824,3094
20,3938,2,0.0,129,825,3113
7,3945,2,0.0,130,825,3120
30,3975,2,0.0,131,825,3150
9,3984,2,0.0,132,825,3159
23,4007,2,0.0,133,825,3182
7,4014,2,0.0,134,825,3189
13,4027,2,0.0,135,826,3201
11,4038,2,0.0,136,827,3211
12,4050,2,0.0,137,827,3223
36,4086,2,0.0,138,828,3258
7,4093,2,0.0,139,828,3265
5,4098,2,0.0,140,828,3270
10,4108,2,0.0,141,828,3280
15,4123,2,0.0,142,829,3294
17,4140,2,0.0,143,829,3311
10,4150,2,0.0,144,829,3321
25,4175,2,0.0,145,830,3345
100,4275,2,0.0,146,832,3443
25,4300,2,0.0,147,833,3467
100,4400,2,0.0,148,834,3566
35,4435,2,0.0,149,834,3601
98,4533,2,0.0,150,836,3697
45,4578,2,0.0,151,837,3741
43,4621,2,0.0,152,837,3784
33,4654,2,0.0,153,837,3817
40,4694,2,0.0,154,839,3855
28,4722,2,0.0,155,839,3883
21,4743,2,0.0,156,839,3904
28,4771,2,0.0,157,841,3930
22,4793,2,0.0,158,843,3950
22,4815,2,0.0,159,843,3972
10,4825,2,0.0,160,843,3982
58,4883,2,0.0,161,844,4039
6,4889,2,0.0,162,844,4045
35,4924,2,0.0,163,846,4078
53,4977,2,0.0,164,849,4128
33,5010,2,0.0,165,849,4161
37,5047,2,0.0,166,849,4198
43,5090,2,0.0,167,850,4240
15,5105,2,0.0,168,850,4255
10,5115,2,0.0,169,851,4264
62,5177,2,0.0,170,853,4324
13,5190,2,0.0,171,854,4336
28,5218,2,0.0,172,855,4363
31,5249,2,0.0,173,857,4392
22,5271,2,0.0,174,858,4413
15,5286,2,0.0,175,859,4427
24,5310,2,0.0,176,860,4450
13,5323,2,0.0,177,860,4463
49,5372,2,0.0,178,861,4511
62,5434,2,0.0,179,862,4572
57,5491,2,0.0,180,864,4627
12,5503,2,0.0,181,865,4638
75,5578,2,0.0,182,868,4710
30,5608,2,0.0,183,868,4740
56,5664,2,0.0,184,869,4795
11,5675,2,0.0,185,869,4806
73,5748,2,0.0,186,876,4872
38,5786,2,0.0,187,877,4909
20,5806,2,0.0,188,878,4928
10,5816,2,0.0,189,879,4937
17,5833,2,0.0,190,879,4954
22,5855,2,0.0,191,880,4975
85,5940,2,0.0,192,881,5059
16,5956,2,0.0,193,881,5075
25,5981,2,0.0,194,885,5096
46,6027,2,0.0,195,887,5140
18,6045,2,0.0,196,887,5158
59,6104,2,0.0,197,889,5215
17,6121,2,0.0,198,890,5231
22,6143,2,0.0,199,891,5252
67,6210,2,0.0,200,891,5319
38,6248,2,0.0,201,892,5356
51,6299,2,0.0,202,893,5406
24,6323,2,0.0,203,893,5430
86,6409,2,0.0,204,895,5514
67,6476,2,0.0,205,897,5579
51,6527,2,0.0,206,898,5629
36,6563,2,0.0,207,899,5664
19,6582,2,0.0,208,901,5681
40,6622,2,0.0,209,902,5720
41,6663,2,0.0,210,902,5761
53,6716,2,0.0,211,904,5812
9,6725,2,0.0,212,904,5821
39,6764,2,0.0,213,905,5859
29,6793,2,0.0,214,906,5887
40,6833,2,0.0,215,906,5927
13,6846,2,0.0,216,907,5939
31,6877,2,0.0,217,908,5969
10,6887,2,0.0,218,908,5979
50,6937,2,0.0,219,908,6029
41,6978,2,0.0,220,909,6069
21,6999,2,0.0,221,909,6090
42,7041,2,0.0,222,913,6128
46,7087,2,0.0,223,914,6173
10,7097,2,0.0,224,914,6183
19,7116,2,0.0,225,914,6202
66,7182,2,0.0,226,914,6268
18,7200,2,0.0,227,914,6286
9,7209,2,0.0,228,914,6295
10,7219,2,0.0,229,914,6305
26,7245,2,0.0,230,914,6331
31,7276,2,0.0,231,917,6359
42,7318,2,0.0,232,918,6400
37,7355,2,0.0,233,919,6436
9,7364,2,0.0,234,919,6445
28,7392,2,0.0,235,919,6473
47,7439,2,0.0,236,919,6520
34,7473,2,0.0,237,921,6552
51,7524,2,0.0,238,921,6603
6,7530,2,0.0,239,921,6609
45,7575,2,0.0,240,923,6652
16,7591,2,0.0,241,923,6668
61,7652,2,0.0,242,925,6727
89,7741,2,0.0,243,928,6813
15,7756,2,0.0,244,928,6828
10,7766,2,0.0,245,928,6838
21,7787,2,0.0,246,928,6859
48,7835,2,0.0,247,929,6906
26,7861,2,0.0,248,930,6931
32,7893,2,0.0,249,931,6962
19,7912,2,0.0,250,932,6980
51,7963,2,0.0,251,933,7030
29,7992,2,0.0,252,933,7059
21,8013,2,0.0,253,934,7079
15,8028,2,0.0,254,935,7093
14,8042,2,0.0,255,935,7107
23,8065,2,0.0,256,937,7128
30,8095,2,0.0,257,937,7158
37,8132,2,0.0,258,937,7195
12,8144,2,0.0,259,937,7207
14,8158,2,0.0,260,937,7221
8,8166,2,0.0,261,937,7229
20,8186,2,0.0,262,937,7249
42,8228,2,0.0,263,939,7289
29,8257,2,0.0,264,941,7316
7,8264,2,0.0,265,941,7323
16,8280,2,0.0,266,942,7338
20,8300,2,0.0,267,942,7358
67,8367,2,0.0,268,945,7422
46,8413,2,0.0,269,947,7466
17,8430,2,0.0,270,947,7483
90,8520,2,0.0,271,949,7571
18,8538,2,0.0,272,950,7588
17,8555,2,0.0,273,950,7605
44,8599,2,0.0,274,951,7648
6,8605,2,0.0,275,951,7654
30,8635,2,0.0,276,951,7684
33,8668,2,0.0,277,954,7714
46,8714,2,0.0,278,955,7759
21,8735,2,0.0,279,955,7780
25,8760,2,0.0,280,956,7804
30,8790,2,0.0,281,957,7833
9,8799,2,0.0,282,957,7842
32,8831,2,0.0,283,958,7873
27,8858,2,0.0,284,959,7899
21,8879,2,0.0,285,960,7919
14,8893,2,0.0,286,960,7933
13,8906,2,0.0,287,960,7946
17,8923,2,0.0,288,960,7963
14,8937,2,0.0,289,960,7977
33,8970,2,0.0,290,961,8009
15,8985,2,0.0,291,962,8023
18,9003,2,0.0,292,962,8041
100,9103,2,0.0,293,964,8139
11,9114,2,0.0,294,964,8150
84,9198,2,0.0,295,969,8229
44,9242,2,0.0,296,971,8271
28,9270,2,0.0,297,973,8297
7,9277,2,0.0,298,973,8304
12,9289,2,0.0,299,973,8316
12,9301,2,0.0,300,974,8327
39,9340,2,0.0,301,977,8363
21,9361,2,0.0,302,977,8384
12,9373,2,0.0,303,977,8396
7,9380,2,0.0,304,977,8403
20,9400,2,0.0,305,977,8423
58,9458,2,0.0,306,982,8476
8,9466,2,0.0,307,982,8484
22,9488,2,0.0,308,983,8505
42,9530,2,0.0,309,984,8546
22,9552,2,0.0,310,984,8568
24,9576,2,0.0,311,985,8591
16,9592,2,0.0,312,985,8607
12,9604,2,0.0,313,985,8619
12,9616,2,0.0,314,985,8631
28,9644,2,0.0,315,987,8657
15,9659,2,0.0,316,988,8671
22,9681,2,0.0,317,989,8692
38,9719,2,0.0,318,989,8730
100,9819,2,0.0,319,993,8826
8,9827,2,0.0,320,993,8834
46,9873,2,0.0,321,995,8878
6,9879,2,0.0,322,996,8883
9,9888,2,0.0,323,996,8892
6,9894,2,0.0,324,997,8897
13,9907,2,0.0,325,998,8909
11,9918,2,0.0,326,998,8920
100,10018,2,0.0,327,1003,9015
17,10035,2,0.0,328,1003,9032
25,10060,2,0.0,329,1006,9054
24,10084,2,0.0,330,1006,9078
26,10110,2,0.0,331,1007,9103
21,10131,2,0.0,332,1007,9124
67,10198,2,0.0,333,1011,9187
23,10221,2,0.0,334,1011,9210
35,10256,2,0.0,335,1011,9245
5,10261,2,0.0,336,1012,9249
38,10299,2,0.0,337,1012,9287
71,10370,2,0.0,338,1014,9356
21,10391,2,0.0,339,1015,9376
34,10425,2,0.0,340,1016,9409
19,10444,2,0.0,341,1017,9427
55,10499,2,0.0,342,1019,9480
38,10537,2,0.0,343,1019,9518
24,10561,2,0.0,344,1019,9542
20,10581,2,0.0,345,1020,9561
29,10610,2,0.0,346,1020,9590
34,10644,2,0.0,347,1023,9621
79,10723,2,0.0,348,1025,9698
14,10737,2,0.0,349,1025,9712
28,10765,2,0.0,350,1025,9740
13,10778,2,0.0,351,1025,9753
62,10840,2,0.0,352,1026,9814
35,10875,2,0.0,353,1027,9848
9,10884,2,0.0,354,1027,9857
29,10913,2,0.0,355,1027,9886
11,10924,2,0.0,356,1027,9897
50,10974,2,0.0,357,1027,9947
49,11023,2,0.0,358,1027,9996
23,11046,2,0.0,359,1028,10018
23,11069,2,0.0,360,1029,10040
54,11123,2,0.0,361,1030,10093
36,11159,2,0.0,362,1031,10128
14,11173,2,0.0,363,1031,10142
27,11200,2,0.0,364,1031,10169
42,11242,2,0.0,365,1034,10208
28,11270,2,0.0,366,1034,10236
27,11297,2,0.0,367,1034,10263
15,11312,2,0.0,368,1034,10278
11,11323,2,0.0,369,1034,10289
16,11339,2,0.0,370,1034,10305
25,11364,2,0.0,371,1034,10330
15,11379,2,0.0,372,1034,10345
21,11400,2,0.0,373,1035,10365
35,11435,2,0.0,374,1036,10399
57,11492,2,0.0,375,1038,10454
13,11505,2,0.0,376,1039,10466
21,11526,2,0.0,377,1039,10487
25,11551,2,0.0,378,1040,10511
31,11582,2,0.0,379,1040,10542
31,11613,2,0.0,380,1040,10573
21,11634,2,0.0,381,1040,10594
21,11655,2,0.0,382,1040,10615
52,11707,2,0.0,383,1041,10666
7,11714,2,0.0,384,1041,10673
15,11729,2,0.0,385,1042,10687
24,11753,2,0.0,386,1043,10710
28,11781,2,0.0,387,1044,10737
9,11790,2,0.0,388,1044,10746
12,11802,2,0.0,389,1044,10758
40,11842,2,0.0,390,1048,10794
40,11882,2,0.0,391,1048,10834
8,11890,2,0.0,392,1049,10841
46,11936,2,0.0,393,1051,10885
7,11943,2,0.0,394,1051,10892
45,11988,2,0.0,395,1052,10936
38,12026,2,0.0,396,1052,10974
33,12059,2,0.0,397,1053,11006
21,12080,2,0.0,398,1053,11027
19,12099,2,0.0,399,1053,11046
59,12158,2,0.0,400,1056,11102
60,12218,2,0.0,401,1056,11162
11,12229,2,0.0,402,1056,11173
35,12264,2,0.0,403,1056,11208
57,12321,2,0.0,404,1057,11264
18,12339,2,0.0,405,1057,11282
28,12367,2,0.0,406,1059,11308
15,12382,2,0.0,407,1059,11323
48,12430,2,0.0,408,1063,11367
62,12492,2,0.0,409,1065,11427
30,12522,2,0.0,410,1065,11457
15,12537,2,0.0,411,1066,11471
34,12571,2,0.0,412,1066,11505
41,12612,2,0.0,413,1067,11545
21,12633,2,0.0,414,1067,11566
13,12646,2,0.0,415,1068,11578
20,12666,2,0.0,416,1070,11596
10,12676,2,0.0,417,1071,11605
7,12683,2,0.0,418,1071,11612
19,12702,2,0.0,419,1072,11630
30,12732,2,0.0,420,1072,11660
26,12758,2,0.0,421,1074,11684
10,12768,2,0.0,422,1074,11694
16,12784,2,0.0,423,1074,11710
14,12798,2,0.0,424,1074,11724
43,12841,2,0.0,425,1074,11767
60,12901,2,0.0,426,1074,11827
8,12909,2,0.0,427,1074,11835
15,12924,2,0.0,428,1074,11850
44,12968,2,0.0,429,1074,11894
15,12983,2,0.0,430,1074,11909
24,13007,2,0.0,431,1075,11932
15,13022,2,0.0,432,1076,11946
41,13063,2,0.0,433,1078,11985
30,13093,2,0.0,434,1078,12015
25,13118,2,0.0,435,1078,12040
77,13195,2,0.0,436,1079,12116
22,13217,2,0.0,437,1082,12135
14,13231,2,0.0,438,1082,12149
24,13255,2,0.0,439,1083,12172
22,13277,2,0.0,440,1083,12194
69,13346,2,0.0,441,1085,12261
66,13412,2,0.0,442,1086,12326
46,13458,2,0.0,443,1088,12370
23,13481,2,0.0,444,1090,12391
20,13501,2,0.0,445,1091,12410
65,13566,2,0.0,446,1091,12475
13,13579,2,0.0,447,1092,12487
45,13624,2,0.0,448,1094,12530
31,13655,2,0.0,449,1094,12561
100,13755,2,0.0,450,1094,12661
15,13770,2,0.0,451,1095,12675
24,13794,2,0.0,452,1095,12699
23,13817,2,0.0,453,1097,12720
15,13832,2,0.0,454,1097,12735
25,13857,2,0.0,455,1097,12760
5,13862,2,0.0,456,1097,12765
29,13891,2,0.0,457,1097,12794
10,13901,2,0.0,458,1097,12804
25,13926,2,0.0,459,1099,12827
20,13946,2,0.0,460,1100,12846
31,13977,2,0.0,461,1102,12875
90,14067,2,0.0,462,1104,12963
63,14130,2,0.0,463,1106,13024
35,14165,2,0.0,464,1107,13058
45,14210,2,0.0,465,1108,13102
65,14275,2,0.0,466,1112,13163
54,14329,2,0.0,467,1112,13217
19,14348,2,0.0,468,1112,13236
5,14353,2,0.0,469,1112,13241
20,14373,2,0.0,470,1112,13261
46,14419,2,0.0,471,1113,13306
25,14444,2,0.0,472,1113,13331
59,14503,2,0.0,473,1115,13388
78,14581,2,0.0,474,1117,13464
22,14603,2,0.0,475,1117,13486
27,14630,2,0.0,476,1118,13512
14,14644,2,0.0,477,1118,13526
43,14687,2,0.0,478,1119,13568
16,14703,2,0.0,479,1119,13584
8,14711,2,0.0,480,1120,13591
62,14773,2,0.0,481,1121,13652
36,14809,2,0.0,482,1121,13688
13,14822,2,0.0,483,1122,13700
20,14842,2,0.0,484,1123,13719
30,14872,2,0.0,485,1123,13749
33,14905,2,0.0,486,1124,13781
15,14920,2,0.0,487,1125,13795
31,14951,2,0.0,488,1125,13826
40,14991,2,0.0,489,1125,13866
100,15091,2,0.0,490,1127,13964
16,15107,2,0.0,491,1127,13980
11,15118,2,0.0,492,1127,13991
24,15142,2,0.0,493,1128,14014
53,15195,2,0.0,494,1130,14065
100,15295,2,0.0,495,1132,14163
27,15322,2,0.0,496,1133,14189
24,15346,2,0.0,497,1133,14213
40,15386,2,0.0,498,1133,14253
15,15401,2,0.0,499,1134,14267
19,15420,2,0.0,500,1134,14286
13,15433,2,0.0,501,1134,14299
45,15478,2,0.0,502,1136,14342
7,15485,2,0.0,503,1136,14349
6,15491,2,0.0,504,1136,14355
25,15516,2,0.0,505,1136,14380
18,15534,2,0.0,506,1136,14398
22,15556,2,0.0,507,1136,14420
36,15592,2,0.0,508,1136,14456
11,15603,2,0.0,509,1136,14467
48,15651,2,0.0,510,1136,14515
25,15676,2,0.0,511,1136,14540
7,15683,2,0.0,512,1137,14546
10,15693,2,0.0,513,1137,14556
11,15704,2,0.0,514,1137,14567
17,15721,2,0.0,515,1137,14584
43,15764,2,0.0,516,1137,14627
14,15778,2,0.0,517,1137,14641
25,15803,2,0.0,518,1137,14666
27,15830,2,0.0,519,1137,14693
50,15880,2,0.0,520,1137,14743
32,15912,2,0.0,521,1137,14775
56,15968,2,0.0,522,1138,14830
19,15987,2,0.0,523,1138,14849
94,16081,2,0.0,524,1138,14943
44,16125,2,0.0,525,1138,14987
56,16181,2,0.0,526,1138,15043
20,16201,2,0.0,527,1138,15063
17,16218,2,0.0,528,1138,15080
22,16240,2,0.0,529,1138,15102
25,16265,2,0.0,530,1138,15127
41,16306,2,0.0,531,1139,15167
18,16324,2,0.0,532,1139,15185
24,16348,2,0.0,533,1139,15209
26,16374,2,0.0,534,1139,15235
12,16386,2,0.0,535,1139,15247
10,16396,2,0.0,536,1139,15257
17,16413,2,0.0,537,1139,15274
6,16419,2,0.0,538,1139,15280
23,16442,2,0.0,539,1139,15303
9,16451,2,0.0,540,1139,15312
14,16465,2,0.0,541,1139,15326
43,16508,2,0.0,542,1139,15369
31,16539,2,0.0,543,1140,15399
20,16559,2,0.0,544,1140,15419
11,16570,2,0.0,545,1141,15429
18,16588,2,0.0,546,1141,15447
19,16607,2,0.0,547,1141,15466
24,16631,2,0.0,548,1141,15490
15,16646,2,0.0,549,1141,15505
19,16665,2,0.0,550,1141,15524
9,16674,2,0.0,551,1141,15533
12,16686,2,0.0,552,1141,15545
42,16728,2,0.0,553,1141,15587
40,16768,2,0.0,554,1141,15627
32,16800,2,0.0,555,1143,15657
34,16834,2,0.0,556,1143,15691
25,16859,2,0.0,557,1143,15716
16,16875,2,0.0,558,1143,15732
24,16899,2,0.0,559,1144,15755
18,16917,2,0.0,560,1144,15773
12,16929,2,0.0,561,1144,15785
67,16996,2,0.0,562,1144,15852
38,17034,2,0.0,563,1144,15890
75,17109,2,0.0,564,1144,15965
70,17179,2,0.0,565,1145,16034
20,17199,2,0.0,566,1145,16054
13,17212,2,0.0,567,1146,16066
28,17240,2,0.0,568,1146,16094
25,17265,2,0.0,569,1146,16119
67,17332,2,0.0,570,1146,16186
11,17343,2,0.0,571,1146,16197
24,17367,2,0.0,572,1146,16221
44,17411,2,0.0,573,1146,16265
17,17428,2,0.0,574,1146,16282
18,17446,2,0.0,575,1146,16300
40,17486,2,0.0,576,1146,16340
15,17501,2,0.0,577,1146,16355
13,17514,2,0.0,578,1146,16368
10,17524,2,0.0,579,1146,16378
59,17583,2,0.0,580,1146,16437
24,17607,2,0.0,581,1146,16461
38,17645,2,0.0,582,1146,16499
19,17664,2,0.0,583,1146,16518
8,17672,2,0.0,584,1146,16526
68,17740,2,0.0,585,1146,16594
70,17810,2,0.0,586,1146,16664
25,17835,2,0.0,587,1146,16689
23,17858,2,0.0,588,1146,16712
21,17879,2,0.0,589,1146,16733
27,17906,2,0.0,590,1146,16760
53,17959,2,0.0,591,1147,16812
89,18048,2,0.0,592,1147,16901
41,18089,2,0.0,593,1147,16942
16,18105,2,0.0,594,1148,16957
25,18130,2,0.0,595,1148,16982
27,18157,2,0.0,596,1149,17008
5,18162,2,0.0,597,1149,17013
18,18180,2,0.0,598,1149,17031
26,18206,2,0.0,599,1149,17057
10,18216,2,0.0,600,1149,17067
14,18230,2,0.0,601,1149,17081
19,18249,2,0.0,602,1150,17099
15,18264,2,0.0,603,1150,17114
10,18274,2,0.0,604,1150,17124
18,18292,2,0.0,605,1150,17142
9,18301,2,0.0,606,1150,17151
16,18317,2,0.0,607,1150,17167
85,18402,2,0.0,608,1151,17251
49,18451,2,0.0,609,1151,17300
13,18464,2,0.0,610,1152,17312
23,18487,2,0.0,611,1152,17335
22,18509,2,0.0,612,1152,17357
24,18533,2,0.0,613,1152,17381
33,18566,2,0.0,614,1152,17414
22,18588,2,0.0,615,1152,17436
13,18601,2,0.0,616,1152,17449
12,18613,2,0.0,617,1152,17461
19,18632,2,0.0,618,1152,17480
11,18643,2,0.0,619,1152,17491
9,18652,2,0.0,620,1152,17500
31,18683,2,0.0,621,1152,17531
40,18723,2,0.0,622,1152,17571
59,18782,2,0.0,623,1153,17629
13,18795,2,0.0,624,1153,17642
43,18838,2,0.0,625,1153,17685
39,18877,2,0.0,626,1153,17724
18,18895,2,0.0,627,1154,17741
45,18940,2,0.0,628,1154,17786
20,18960,2,0.0,629,1154,17806
37,18997,2,0.0,630,1154,17843
39,19036,2,0.0,631,1154,17882
32,19068,2,0.0,632,1154,17914
67,19135,2,0.0,633,1154,17981
25,19160,2,0.0,634,1155,18005
58,19218,2,0.0,635,1155,18063
20,19238,2,0.0,636,1155,18083
32,19270,2,0.0,637,1155,18115
61,19331,2,0.0,638,1155,18176
83,19414,2,0.0,639,1155,18259
9,19423,2,0.0,640,1155,18268
22,19445,2,0.0,641,1155,18290
94,19539,2,0.0,642,1155,18384
17,19556,2,0.0,643,1155,18401
30,19586,2,0.0,644,1155,18431
23,19609,3,1.0,645,1155,18454
34,19643,3,0.0,646,1155,18488
83,19726,3,0.0,647,1155,18571
24,19750,3,0.0,648,1155,18595
55,19805,3,0.0,649,1155,18650
18,19823,3,0.0,650,1155,18668
86,19909,3,0.0,651,1155,18754
100,20009,3,0.0,652,1155,18854
28,20037,3,0.0,653,1155,18882
12,20049,3,0.0,654,1155,18894
24,20073,3,0.0,655,1155,18918
41,20114,3,0.0,656,1155,18959
13,20127,3,0.0,657,1155,18972
100,20227,3,0.0,658,1155,19072
11,20238,3,0.0,659,1155,19083
15,20253,3,0.0,660,1155,19098
17,20270,3,0.0,661,1155,19115
8,20278,3,0.0,662,1155,19123
41,20319,3,0.0,663,1155,19164
22,20341,3,0.0,664,1155,19186
50,20391,3,0.0,665,1155,19236
42,20433,3,0.0,666,1155,19278
15,20448,3,0.0,667,1155,19293
28,20476,3,0.0,668,1155,19321
18,20494,3,0.0,669,1155,19339
15,20509,3,0.0,670,1155,19354
18,20527,3,0.0,671,1156,19371
20,20547,3,0.0,672,1156,19391
16,20563,3,0.0,673,1156,19407
14,20577,3,0.0,674,1156,19421
25,20602,3,0.0,675,1156,19446
18,20620,3,0.0,676,1156,19464
87,20707,3,0.0,677,1156,19551
11,20718,3,0.0,678,1156,19562
100,20818,3,0.0,679,1156,19662
88,20906,3,0.0,680,1156,19750
27,20933,3,0.0,681,1156,19777
22,20955,3,0.0,682,1156,19799
79,21034,3,0.0,683,1157,19877
24,21058,3,0.0,684,1158,19900
18,21076,3,0.0,685,1158,19918
22,21098,3,0.0,686,1159,19939
6,21104,3,0.0,687,1159,19945
12,21116,3,0.0,688,1159,19957
27,21143,3,0.0,689,1159,19984
74,21217,3,0.0,690,1159,20058
28,21245,3,0.0,691,1159,20086
47,21292,3,0.0,692,1159,20133
48,21340,3,0.0,693,1159,20181
5,21345,3,0.0,694,1159,20186
56,21401,3,0.0,695,1159,20242
19,21420,3,0.0,696,1159,20261
56,21476,3,0.0,697,1159,20317
100,21576,3,0.0,698,1159,20417
19,21595,3,0.0,699,1159,20436
35,21630,3,0.0,700,1159,20471
28,21658,3,0.0,701,1159,20499
14,21672,3,0.0,702,1159,20513
59,21731,3,0.0,703,1159,20572
49,21780,3,0.0,704,1159,20621
40,21820,3,0.0,705,1159,20661
8,21828,3,0.0,706,1159,20669
38,21866,3,0.0,707,1159,20707
80,21946,3,0.0,708,1160,20786
63,22009,3,0.0,709,1161,20848
28,22037,3,0.0,710,1161,20876
91,22128,3,0.0,711,1161,20967
21,22149,3,0.0,712,1161,20988
12,22161,3,0.0,713,1161,21000
25,22186,3,0.0,714,1161,21025
13,22199,3,0.0,715,1161,21038
67,22266,3,0.0,716,1161,21105
56,22322,3,0.0,717,1161,21161
7,22329,3,0.0,718,1161,21168
43,22372,3,0.0,719,1161,21211
20,22392,3,0.0,720,1161,21231
48,22440,3,0.0,721,1163,21277
5,22445,3,0.0,722,1163,21282
40,22485,3,0.0,723,1163,21322
29,22514,3,0.0,724,1163,21351
42,22556,3,0.0,725,1163,21393
13,22569,3,0.0,726,1163,21406
89,22658,3,0.0,727,1163,21495
52,22710,4,1.0,728,1163,21547
13,22723,4,0.0,729,1163,21560
33,22756,4,0.0,730,1163,21593
28,22784,4,0.0,731,1163,21621
54,22838,4,0.0,732,1163,21675
94,22932,4,0.0,733,1163,21769
35,22967,4,0.0,734,1163,21804
12,22979,4,0.0,735,1163,21816
34,23013,4,0.0,736,1163,21850
64,23077,4,0.0,737,1163,21914
12,23089,4,0.0,738,1163,21926
24,23113,4,0.0,739,1163,21950
7,23120,4,0.0,740,1163,21957
8,23128,4,0.0,741,1163,21965
68,23196,4,0.0,742,1163,22033
53,23249,4,0.0,743,1163,22086
29,23278,4,0.0,744,1163,22115
100,23378,4,0.0,745,1163,22215
22,23400,4,0.0,746,1163,22237
53,23453,4,0.0,747,1163,22290
32,23485,4,0.0,748,1163,22322
100,23585,4,0.0,749,1163,22422
40,23625,4,0.0,750,1163,22462
16,23641,4,0.0,751,1163,22478
44,23685,4,0.0,752,1163,22522
51,23736,4,0.0,753,1163,22573
44,23780,4,0.0,754,1163,22617
24,23804,4,0.0,755,1163,22641
12,23816,4,0.0,756,1163,22653
9,23825,4,0.0,757,1163,22662
63,23888,4,0.0,758,1163,22725
31,23919,4,0.0,759,1164,22755
52,23971,4,0.0,760,1164,22807
18,23989,4,0.0,761,1164,22825
28,24017,4,0.0,762,1164,22853
32,24049,4,0.0,763,1164,22885
9,24058,4,0.0,764,1164,22894
42,24100,4,0.0,765,1164,22936
47,24147,4,0.0,766,1164,22983
24,24171,4,0.0,767,1164,23007
19,24190,4,0.0,768,1164,23026
46,24236,4,0.0,769,1164,23072
24,24260,4,0.0,770,1164,23096
36,24296,4,0.0,771,1164,23132
30,24326,4,0.0,772,1164,23162
40,24366,4,0.0,773,1164,23202
68,24434,4,0.0,774,1164,23270
11,24445,4,0.0,775,1164,23281
31,24476,4,0.0,776,1164,23312
15,24491,4,0.0,777,1164,23327
19,24510,4,0.0,778,1164,23346
45,24555,4,0.0,779,1164,23391
13,24568,4,0.0,780,1164,23404
9,24577,4,0.0,781,1164,23413
24,24601,4,0.0,782,1164,23437
31,24632,4,0.0,783,1164,23468
15,24647,4,0.0,784,1164,23483
28,24675,4,0.0,785,1164,23511
26,24701,4,0.0,786,1164,23537
54,24755,5,1.0,787,1164,23591
20,24775,5,0.0,788,1164,23611
8,24783,5,0.0,789,1164,23619
38,24821,5,0.0,790,1164,23657
11,24832,5,0.0,791,1164,23668
73,24905,5,0.0,792,1164,23741
8,24913,5,0.0,793,1164,23749
75,24988,5,0.0,794,1164,23824
22,25010,5,0.0,795,1164,23846
34,25044,5,0.0,796,1164,23880
8,25052,5,0.0,797,1164,23888
13,25065,5,0.0,798,1164,23901
19,25084,5,0.0,799,1164,23920
26,25110,5,0.0,800,1164,23946
12,25122,5,0.0,801,1164,23958
47,25169,5,0.0,802,1164,24005
37,25206,5,0.0,803,1164,24042
22,25228,5,0.0,804,1164,24064
14,25242,5,0.0,805,1164,24078
46,25288,5,0.0,806,1164,24124
82,25370,5,0.0,807,1164,24206
19,25389,5,0.0,808,1164,24225
14,25403,5,0.0,809,1164,24239
32,25435,5,0.0,810,1164,24271
19,25454,5,0.0,811,1164,24290
34,25488,5,0.0,812,1164,24324
16,25504,5,0.0,813,1164,24340
93,25597,5,0.0,814,1165,24432
19,25616,5,0.0,815,1165,24451
22,25638,5,0.0,816,1165,24473
6,25644,5,0.0,817,1165,24479
12,25656,5,0.0,818,1165,24491
13,25669,5,0.0,819,1165,24504
32,25701,5,0.0,820,1165,24536
27,25728,5,0.0,821,1165,24563
19,25747,5,0.0,822,1165,24582
11,25758,5,0.0,823,1165,24593
46,25804,5,0.0,824,1165,24639
55,25859,5,0.0,825,1165,24694
35,25894,5,0.0,826,1165,24729
75,25969,5,0.0,827,1165,24804
23,25992,5,0.0,828,1165,24827
42,26034,5,0.0,829,1165,24869
43,26077,5,0.0,830,1165,24912
38,26115,5,0.0,831,1165,24950
12,26127,5,0.0,832,1165,24962
59,26186,5,0.0,833,1165,25021
34,26220,5,0.0,834,1165,25055
15,26235,5,0.0,835,1165,25070
25,26260,5,0.0,836,1165,25095
51,26311,5,0.0,837,1165,25146
11,26322,5,0.0,838,1165,25157
32,26354,5,0.0,839,1165,25189
6,26360,5,0.0,840,1165,25195
19,26379,5,0.0,841,1165,25214
54,26433,5,0.0,842,1165,25268
10,26443,5,0.0,843,1165,25278
72,26515,5,0.0,844,1165,25350
32,26547,5,0.0,845,1165,25382
51,26598,5,0.0,846,1165,25433
35,26633,5,0.0,847,1165,25468
9,26642,5,0.0,848,1165,25477
9,26651,5,0.0,849,1165,25486
13,26664,5,0.0,850,1165,25499
32,26696,5,0.0,851,1165,25531
44,26740,5,0.0,852,1165,25575
33,26773,5,0.0,853,1165,25608
7,26780,5,0.0,854,1165,25615
7,26787,5,0.0,855,1165,25622
5,26792,5,0.0,856,1165,25627
42,26834,5,0.0,857,1165,25669
29,26863,5,0.0,858,1165,25698
31,26894,5,0.0,859,1165,25729
30,26924,5,0.0,860,1165,25759
14,26938,5,0.0,861,1165,25773
57,26995,5,0.0,862,1165,25830
11,27006,5,0.0,863,1165,25841
59,27065,5,0.0,864,1165,25900
12,27077,5,0.0,865,1165,25912
51,27128,5,0.0,866,1165,25963
9,27137,5,0.0,867,1165,25972
15,27152,5,0.0,868,1165,25987
23,27175,5,0.0,869,1165,26010
78,27253,5,0.0,870,1165,26088
8,27261,5,0.0,871,1165,26096
9,27270,5,0.0,872,1165,26105
34,27304,5,0.0,873,1165,26139
71,27375,5,0.0,874,1165,26210
15,27390,5,0.0,875,1165,26225
9,27399,5,0.0,876,1165,26234
12,27411,5,0.0,877,1165,26246
32,27443,5,0.0,878,1165,26278
100,27543,5,0.0,879,1165,26378
25,27568,5,0.0,880,1165,26403
31,27599,5,0.0,881,1165,26434
22,27621,5,0.0,882,1165,26456
60,27681,5,0.0,883,1165,26516
28,27709,5,0.0,884,1165,26544
28,27737,5,0.0,885,1165,26572
30,27767,5,0.0,886,1165,26602
22,27789,5,0.0,887,1165,26624
6,27795,5,0.0,888,1165,26630
31,27826,5,0.0,889,1165,26661
54,27880,5,0.0,890,1165,26715
16,27896,5,0.0,891,1165,26731
21,27917,5,0.0,892,1165,26752
68,27985,5,0.0,893,1165,26820
54,28039,5,0.0,894,1165,26874
20,28059,5,0.0,895,1165,26894
72,28131,5,0.0,896,1165,26966
34,28165,5,0.0,897,1165,27000
11,28176,5,0.0,898,1165,27011
47,28223,5,0.0,899,1165,27058
16,28239,5,0.0,900,1165,27074
23,28262,5,0.0,901,1165,27097
47,28309,5,0.0,902,1165,27144
33,28342,5,0.0,903,1165,27177
42,28384,5,0.0,904,1165,27219
19,28403,5,0.0,905,1165,27238
9,28412,5,0.0,906,1165,27247
34,28446,5,0.0,907,1165,27281
15,28461,5,0.0,908,1165,27296
53,28514,5,0.0,909,1165,27349
25,28539,5,0.0,910,1165,27374
40,28579,5,0.0,911,1165,27414
14,28593,5,0.0,912,1165,27428
59,28652,5,0.0,913,1165,27487
97,28749,5,0.0,914,1165,27584
16,28765,5,0.0,915,1165,27600
13,28778,5,0.0,916,1165,27613
61,28839,5,0.0,917,1165,27674
42,28881,5,0.0,918,1165,27716
13,28894,5,0.0,919,1165,27729
59,28953,5,0.0,920,1165,27788
67,29020,5,0.0,921,1165,27855
9,29029,5,0.0,922,1165,27864
20,29049,5,0.0,923,1165,27884
6,29055,5,0.0,924,1165,27890
35,29090,5,0.0,925,1165,27925
44,29134,5,0.0,926,1165,27969
26,29160,5,0.0,927,1165,27995
13,29173,5,0.0,928,1165,28008
38,29211,5,0.0,929,1165,28046
25,29236,5,0.0,930,1165,28071
15,29251,5,0.0,931,1165,28086
38,29289,5,0.0,932,1165,28124
100,29389,5,0.0,933,1165,28224
47,29436,5,0.0,934,1165,28271
13,29449,5,0.0,935,1165,28284
16,29465,5,0.0,936,1165,28300
10,29475,5,0.0,937,1165,28310
35,29510,5,0.0,938,1165,28345
37,29547,5,0.0,939,1165,28382
18,29565,5,0.0,940,1165,28400
6,29571,5,0.0,941,1165,28406
46,29617,5,0.0,942,1165,28452
56,29673,5,0.0,943,1165,28508
56,29729,5,0.0,944,1165,28564
24,29753,5,0.0,945,1165,28588
19,29772,5,0.0,946,1165,28607
22,29794,5,0.0,947,1165,28629
24,29818,5,0.0,948,1165,28653
59,29877,5,0.0,949,1165,28712
41,29918,5,0.0,950,1165,28753
47,29965,5,0.0,951,1165,28800
8,29973,5,0.0,952,1165,28808
9,29982,5,0.0,953,1165,28817
43,30025,5,0.0,954,1165,28860
36,30061,5,0.0,955,1165,28896
44,30105,5,0.0,956,1165,28940
27,30132,5,0.0,957,1165,28967
41,30173,5,0.0,958,1165,29008
55,30228,5,0.0,959,1165,29063
72,30300,5,0.0,960,1165,29135
9,30309,5,0.0,961,1165,29144
37,30346,5,0.0,962,1165,29181
24,30370,5,0.0,963,1165,29205
25,30395,5,0.0,964,1165,29230
6,30401,5,0.0,965,1165,29236
32,30433,5,0.0,966,1165,29268
82,30515,5,0.0,967,1165,29350
61,30576,5,0.0,968,1165,29411
5,30581,5,0.0,969,1165,29416
30,30611,5,0.0,970,1165,29446
6,30617,5,0.0,971,1165,29452
100,30717,5,0.0,972,1165,29552
8,30725,5,0.0,973,1165,29560
20,30745,5,0.0,974,1165,29580
23,30768,5,0.0,975,1165,29603
12,30780,5,0.0,976,1165,29615
9,30789,5,0.0,977,1165,29624
14,30803,5,0.0,978,1165,29638
62,30865,5,0.0,979,1165,29700
7,30872,5,0.0,980,1165,29707
26,30898,5,0.0,981,1165,29733
7,30905,5,0.0,982,1165,29740
46,30951,5,0.0,983,1165,29786
15,30966,5,0.0,984,1165,29801
27,30993,5,0.0,985,1165,29828
23,31016,5,0.0,986,1165,29851
46,31062,5,0.0,987,1165,29897
44,31106,5,0.0,988,1165,29941
56,31162,5,0.0,989,1165,29997
18,31180,5,0.0,990,1165,30015
12,31192,5,0.0,991,1165,30027
38,31230,5,0.0,992,1165,30065
8,31238,5,0.0,993,1165,30073
8,31246,5,0.0,994,1165,30081
21,31267,5,0.0,995,1165,30102
46,31313,5,0.0,996,1165,30148
58,31371,5,0.0,997,1165,30206
16,31387,5,0.0,998,1165,30222
15,31402,5,0.0,999,1165,30237
15,31417,5,0.0,1000,1165,30252
21,31438,5,0.0,1001,1165,30273
53,31491,5,0.0,1002,1165,30326
24,31515,5,0.0,1003,1165,30350
47,31562,5,0.0,1004,1165,30397
62,31624,5,0.0,1005,1165,30459
15,31639,5,0.0,1006,1165,30474
79,31718,5,0.0,1007,1165,30553
38,31756,5,0.0,1008,1165,30591
9,31765,5,0.0,1009,1165,30600
11,31776,5,0.0,1010,1165,30611
18,31794,5,0.0,1011,1165,30629
76,31870,5,0.0,1012,1165,30705
76,31946,5,0.0,1013,1165,30781
36,31982,5,0.0,1014,1165,30817
46,32028,5,0.0,1015,1165,30863
22,32050,5,0.0,1016,1165,30885
28,32078,5,0.0,1017,1165,30913
16,32094,5,0.0,1018,1165,30929
10,32104,5,0.0,1019,1165,30939
34,32138,5,0.0,1020,1165,30973
20,32158,5,0.0,1021,1165,30993
16,32174,5,0.0,1022,1166,31008
16,32190,5,0.0,1023,1166,31024
39,32229,5,0.0,1024,1166,31063
16,32245,5,0.0,1025,1166,31079
53,32298,5,0.0,1026,1166,31132
14,32312,5,0.0,1027,1166,31146
11,32323,5,0.0,1028,1166,31157
46,32369,5,0.0,1029,1166,31203
25,32394,5,0.0,1030,1166,31228
24,32418,5,0.0,1031,1166,31252
15,32433,5,0.0,1032,1166,31267
22,32455,5,0.0,1033,1166,31289
100,32555,5,0.0,1034,1166,31389
8,32563,5,0.0,1035,1166,31397
8,32571,5,0.0,1036,1166,31405
23,32594,5,0.0,1037,1166,31428
48,32642,5,0.0,1038,1166,31476
43,32685,5,0.0,1039,1166,31519
57,32742,5,0.0,1040,1166,31576
7,32749,5,0.0,1041,1166,31583
13,32762,5,0.0,1042,1166,31596
52,32814,5,0.0,1043,1166,31648
15,32829,5,0.0,1044,1166,31663
13,32842,5,0.0,1045,1166,31676
7,32849,5,0.0,1046,1166,31683
19,32868,5,0.0,1047,1166,31702
9,32877,5,0.0,1048,1166,31711
55,32932,5,0.0,1049,1166,31766
9,32941,5,0.0,1050,1166,31775
46,32987,5,0.0,1051,1166,31821
28,33015,5,0.0,1052,1166,31849
18,33033,5,0.0,1053,1166,31867
16,33049,5,0.0,1054,1166,31883
42,33091,5,0.0,1055,1166,31925
7,33098,5,0.0,1056,1166,31932
26,33124,5,0.0,1057,1166,31958
30,33154,5,0.0,1058,1166,31988
43,33197,5,0.0,1059,1166,32031
73,33270,5,0.0,1060,1166,32104
38,33308,5,0.0,1061,1166,32142
53,33361,5,0.0,1062,1166,32195
56,33417,5,0.0,1063,1166,32251
31,33448,5,0.0,1064,1166,32282
20,33468,5,0.0,1065,1166,32302
35,33503,5,0.0,1066,1166,32337
16,33519,5,0.0,1067,1166,32353
72,33591,5,0.0,1068,1166,32425
19,33610,5,0.0,1069,1166,32444
28,33638,5,0.0,1070,1166,32472
20,33658,5,0.0,1071,1166,32492
24,33682,5,0.0,1072,1166,32516
36,33718,5,0.0,1073,1166,32552
12,33730,5,0.0,1074,1166,32564
25,33755,5,0.0,1075,1166,32589
26,33781,5,0.0,1076,1166,32615
52,33833,5,0.0,1077,1166,32667
38,33871,5,0.0,1078,1166,32705
22,33893,5,0.0,1079,1166,32727
100,33993,5,0.0,1080,1166,32827
27,34020,5,0.0,1081,1166,32854
30,34050,5,0.0,1082,1166,32884
35,34085,5,0.0,1083,1166,32919
98,34183,5,0.0,1084,1166,33017
40,34223,5,0.0,1085,1166,33057
27,34250,5,0.0,1086,1166,33084
21,34271,5,0.0,1087,1166,33105
27,34298,5,0.0,1088,1166,33132
5,34303,5,0.0,1089,1166,33137
25,34328,5,0.0,1090,1166,33162
47,34375,5,0.0,1091,1166,33209
35,34410,5,0.0,1092,1166,33244
19,34429,5,0.0,1093,1166,33263
17,34446,5,0.0,1094,1166,33280
8,34454,5,0.0,1095,1166,33288
18,34472,5,0.0,1096,1166,33306
23,34495,5,0.0,1097,1166,33329
35,34530,5,0.0,1098,1166,33364
23,34553,5,0.0,1099,1166,33387
35,34588,5,0.0,1100,1166,33422
18,34606,5,0.0,1101,1166,33440
54,34660,5,0.0,1102,1166,33494
9,34669,5,0.0,1103,1166,33503
25,34694,5,0.0,1104,1166,33528
17,34711,5,0.0,1105,1166,33545
22,34733,5,0.0,1106,1166,33567
29,34762,5,0.0,1107,1166,33596
10,34772,5,0.0,1108,1166,33606
19,34791,5,0.0,1109,1166,33625
14,34805,5,0.0,1110,1166,33639
30,34835,5,0.0,1111,1166,33669
49,34884,5,0.0,1112,1166,33718
46,34930,5,0.0,1113,1166,33764
11,34941,5,0.0,1114,1166,33775
32,34973,5,0.0,1115,1166,33807
20,34993,5,0.0,1116,1166,33827
46,35039,5,0.0,1117,1166,33873
12,35051,5,0.0,1118,1166,33885
22,35073,5,0.0,1119,1166,33907
30,35103,5,0.0,1120,1166,33937
36,35139,5,0.0,1121,1166,33973
14,35153,5,0.0,1122,1166,33987
55,35208,5,0.0,1123,1166,34042
9,35217,5,0.0,1124,1166,34051
38,35255,5,0.0,1125,1166,34089
74,35329,5,0.0,1126,1166,34163
54,35383,5,0.0,1127,1166,34217
16,35399,5,0.0,1128,1166,34233
11,35410,5,0.0,1129,1166,34244
16,35426,5,0.0,1130,1166,34260
11,35437,5,0.0,1131,1166,34271
47,35484,5,0.0,1132,1166,34318
22,35506,5,0.0,1133,1166,34340
70,35576,5,0.0,1134,1166,34410
14,35590,5,0.0,1135,1166,34424
7,35597,5,0.0,1136,1166,34431
10,35607,5,0.0,1137,1166,34441
39,35646,5,0.0,1138,1166,34480
13,35659,5,0.0,1139,1166,34493
48,35707,5,0.0,1140,1166,34541
11,35718,5,0.0,1141,1166,34552
57,35775,5,0.0,1142,1166,34609
16,35791,5,0.0,1143,1166,34625
11,35802,5,0.0,1144,1166,34636
8,35810,5,0.0,1145,1166,34644
10,35820,5,0.0,1146,1166,34654
7,35827,5,0.0,1147,1166,34661
7,35834,5,0.0,1148,1166,34668
10,35844,5,0.0,1149,1166,34678
21,35865,5,0.0,1150,1166,34699
12,35877,5,0.0,1151,1166,34711
48,35925,5,0.0,1152,1166,34759
17,35942,5,0.0,1153,1166,34776
17,35959,5,0.0,1154,1166,34793
11,35970,5,0.0,1155,1166,34804
14,35984,5,0.0,1156,1166,34818
11,35995,5,0.0,1157,1166,34829
14,36009,5,0.0,1158,1166,34843
37,36046,5,0.0,1159,1166,34880
15,36061,5,0.0,1160,1166,34895
5,36066,5,0.0,1161,1166,34900
14,36080,5,0.0,1162,1166,34914
7,36087,5,0.0,1163,1166,34921
10,36097,5,0.0,1164,1166,34931
53,36150,5,0.0,1165,1166,34984
79,36229,5,0.0,1166,1166,35063
34,36263,5,0.0,1167,1166,35097
12,36275,5,0.0,1168,1166,35109
8,36283,5,0.0,1169,1166,35117
36,36319,5,0.0,1170,1166,35153
64,36383,5,0.0,1171,1166,35217
8,36391,5,0.0,1172,1166,35225
33,36424,5,0.0,1173,1166,35258
10,36434,5,0.0,1174,1166,35268
9,36443,5,0.0,1175,1166,35277
20,36463,5,0.0,1176,1166,35297
99,36562,5,0.0,1177,1166,35396
23,36585,5,0.0,1178,1166,35419
31,36616,5,0.0,1179,1166,35450
60,36676,5,0.0,1180,1166,35510
20,36696,5,0.0,1181,1166,35530
53,36749,5,0.0,1182,1166,35583
18,36767,5,0.0,1183,1166,35601
28,36795,5,0.0,1184,1166,35629
26,36821,5,0.0,1185,1166,35655
7,36828,5,0.0,1186,1166,35662
18,36846,5,0.0,1187,1166,35680
29,36875,5,0.0,1188,1166,35709
31,36906,5,0.0,1189,1166,35740
29,36935,5,0.0,1190,1166,35769
18,36953,5,0.0,1191,1166,35787
80,37033,5,0.0,1192,1166,35867
12,37045,5,0.0,1193,1166,35879
9,37054,5,0.0,1194,1166,35888
14,37068,5,0.0,1195,1166,35902
18,37086,5,0.0,1196,1166,35920
92,37178,5,0.0,1197,1166,36012
36,37214,5,0.0,1198,1166,36048
14,37228,5,0.0,1199,1166,36062
12,37240,5,0.0,1200,1166,36074
42,37282,5,0.0,1201,1166,36116
20,37302,5,0.0,1202,1166,36136
29,37331,5,0.0,1203,1166,36165
21,37352,5,0.0,1204,1166,36186
26,37378,5,0.0,1205,1166,36212
42,37420,5,0.0,1206,1166,36254
39,37459,5,0.0,1207,1166,36293
62,37521,5,0.0,1208,1166,36355
28,37549,5,0.0,1209,1166,36383
37,37586,5,0.0,1210,1166,36420
41,37627,5,0.0,1211,1166,36461
79,37706,5,0.0,1212,1166,36540
16,37722,5,0.0,1213,1166,36556
22,37744,5,0.0,1214,1166,36578
10,37754,5,0.0,1215,1166,36588
23,37777,5,0.0,1216,1166,36611
11,37788,5,0.0,1217,1166,36622
14,37802,5,0.0,1218,1166,36636
19,37821,5,0.0,1219,1166,36655
44,37865,5,0.0,1220,1166,36699
15,37880,5,0.0,1221,1166,36714
8,37888,5,0.0,1222,1166,36722
25,37913,5,0.0,1223,1166,36747
10,37923,5,0.0,1224,1166,36757
96,38019,5,0.0,1225,1166,36853
15,38034,5,0.0,1226,1166,36868
45,38079,5,0.0,1227,1166,36913
35,38114,5,0.0,1228,1166,36948
10,38124,5,0.0,1229,1166,36958
100,38224,5,0.0,1230,1167,37057
22,38246,5,0.0,1231,1167,37079
17,38263,5,0.0,1232,1167,37096
21,38284,5,0.0,1233,1167,37117
89,38373,5,0.0,1234,1167,37206
11,38384,5,0.0,1235,1167,37217
76,38460,5,0.0,1236,1167,37293
10,38470,5,0.0,1237,1167,37303
100,38570,5,0.0,1238,1167,37403
61,38631,5,0.0,1239,1167,37464
23,38654,5,0.0,1240,1167,37487
43,38697,5,0.0,1241,1167,37530
62,38759,5,0.0,1242,1167,37592
84,38843,5,0.0,1243,1167,37676
90,38933,5,0.0,1244,1167,37766
18,38951,5,0.0,1245,1167,37784
21,38972,5,0.0,1246,1167,37805
7,38979,5,0.0,1247,1167,37812
18,38997,5,0.0,1248,1167,37830
9,39006,5,0.0,1249,1167,37839
19,39025,5,0.0,1250,1167,37858
41,39066,5,0.0,1251,1167,37899
8,39074,5,0.0,1252,1167,37907
35,39109,5,0.0,1253,1167,37942
20,39129,5,0.0,1254,1167,37962
24,39153,5,0.0,1255,1167,37986
15,39168,5,0.0,1256,1167,38001
34,39202,5,0.0,1257,1167,38035
24,39226,5,0.0,1258,1167,38059
26,39252,5,0.0,1259,1167,38085
37,39289,5,0.0,1260,1167,38122
33,39322,5,0.0,1261,1167,38155
12,39334,5,0.0,1262,1167,38167
49,39383,5,0.0,1263,1167,38216
8,39391,5,0.0,1264,1167,38224
13,39404,5,0.0,1265,1167,38237
20,39424,5,0.0,1266,1167,38257
51,39475,5,0.0,1267,1167,38308
10,39485,5,0.0,1268,1167,38318
20,39505,5,0.0,1269,1167,38338
16,39521,5,0.0,1270,1167,38354
33,39554,5,0.0,1271,1167,38387
16,39570,5,0.0,1272,1167,38403
31,39601,5,0.0,1273,1167,38434
8,39609,5,0.0,1274,1167,38442
26,39635,5,0.0,1275,1167,38468
31,39666,5,0.0,1276,1167,38499
95,39761,5,0.0,1277,1167,38594
100,39861,5,0.0,1278,1167,38694
10,39871,5,0.0,1279,1167,38704
15,39886,5,0.0,1280,1167,38719
9,39895,5,0.0,1281,1167,38728
71,39966,5,0.0,1282,1167,38799
47,40013,5,0.0,1283,1167,38846
54,40067,5,0.0,1284,1167,38900
27,40094,5,0.0,1285,1167,38927
13,40107,5,0.0,1286,1167,38940
30,40137,5,0.0,1287,1167,38970
10,40147,5,0.0,1288,1167,38980
65,40212,5,0.0,1289,1167,39045
100,40312,5,0.0,1290,1167,39145
34,40346,5,0.0,1291,1167,39179
47,40393,5,0.0,1292,1167,39226
31,40424,5,0.0,1293,1167,39257
16,40440,5,0.0,1294,1167,39273
14,40454,5,0.0,1295,1167,39287
10,40464,5,0.0,1296,1167,39297
42,40506,5,0.0,1297,1167,39339
67,40573,5,0.0,1298,1167,39406
27,40600,5,0.0,1299,1167,39433
13,40613,5,0.0,1300,1167,39446
7,40620,5,0.0,1301,1167,39453
30,40650,5,0.0,1302,1167,39483
32,40682,5,0.0,1303,1167,39515
88,40770,5,0.0,1304,1167,39603
28,40798,5,0.0,1305,1167,39631
23,40821,5,0.0,1306,1167,39654
60,40881,5,0.0,1307,1167,39714
84,40965,5,0.0,1308,1167,39798
39,41004,5,0.0,1309,1167,39837
21,41025,5,0.0,1310,1167,39858
13,41038,5,0.0,1311,1167,39871
6,41044,5,0.0,1312,1167,39877
6,41050,5,0.0,1313,1167,39883
19,41069,5,0.0,1314,1167,39902
22,41091,5,0.0,1315,1167,39924
13,41104,5,0.0,1316,1167,39937
30,41134,5,0.0,1317,1167,39967
11,41145,5,0.0,1318,1167,39978
42,41187,5,0.0,1319,1167,40020
10,41197,5,0.0,1320,1167,40030
100,41297,5,0.0,1321,1167,40130
12,41309,5,0.0,1322,1167,40142
15,41324,5,0.0,1323,1167,40157
100,41424,5,0.0,1324,1167,40257
15,41439,5,0.0,1325,1167,40272
94,41533,5,0.0,1326,1167,40366
32,41565,5,0.0,1327,1167,40398
31,41596,5,0.0,1328,1167,40429
33,41629,5,0.0,1329,1167,40462
8,41637,5,0.0,1330,1167,40470
17,41654,5,0.0,1331,1167,40487
83,41737,5,0.0,1332,1167,40570
15,41752,5,0.0,1333,1167,40585
57,41809,5,0.0,1334,1167,40642
7,41816,5,0.0,1335,1167,40649
83,41899,5,0.0,1336,1167,40732
12,41911,5,0.0,1337,1167,40744
18,41929,5,0.0,1338,1167,40762
46,41975,5,0.0,1339,1167,40808
21,41996,5,0.0,1340,1167,40829
27,42023,5,0.0,1341,1167,40856
33,42056,5,0.0,1342,1167,40889
89,42145,5,0.0,1343,1167,40978
8,42153,5,0.0,1344,1167,40986
11,42164,5,0.0,1345,1167,40997
21,42185,5,0.0,1346,1167,41018
19,42204,5,0.0,1347,1167,41037
6,42210,5,0.0,1348,1167,41043
31,42241,5,0.0,1349,1167,41074
74,42315,5,0.0,1350,1167,41148
33,42348,5,0.0,1351,1167,41181
54,42402,5,0.0,1352,1167,41235
53,42455,5,0.0,1353,1167,41288
70,42525,5,0.0,1354,1167,41358
36,42561,5,0.0,1355,1167,41394
11,42572,5,0.0,1356,1167,41405
28,42600,5,0.0,1357,1167,41433
34,42634,5,0.0,1358,1167,41467
29,42663,5,0.0,1359,1167,41496
38,42701,5,0.0,1360,1167,41534
22,42723,5,0.0,1361,1167,41556
48,42771,5,0.0,1362,1167,41604
23,42794,5,0.0,1363,1167,41627
25,42819,5,0.0,1364,1167,41652
100,42919,5,0.0,1365,1167,41752
11,42930,5,0.0,1366,1167,41763
33,42963,5,0.0,1367,1167,41796
12,42975,5,0.0,1368,1167,41808
9,42984,5,0.0,1369,1167,41817
30,43014,5,0.0,1370,1167,41847
50,43064,5,0.0,1371,1167,41897
28,43092,5,0.0,1372,1167,41925
16,43108,5,0.0,1373,1167,41941
25,43133,5,0.0,1374,1167,41966
79,43212,5,0.0,1375,1167,42045
22,43234,5,0.0,1376,1167,42067
17,43251,5,0.0,1377,1168,42083
43,43294,5,0.0,1378,1168,42126
9,43303,5,0.0,1379,1168,42135
21,43324,5,0.0,1380,1168,42156
16,43340,5,0.0,1381,1168,42172
16,43356,5,0.0,1382,1168,42188
14,43370,5,0.0,1383,1168,42202
54,43424,5,0.0,1384,1168,42256
26,43450,5,0.0,1385,1168,42282
99,43549,5,0.0,1386,1168,42381
59,43608,5,0.0,1387,1168,42440
5,43613,5,0.0,1388,1168,42445
12,43625,5,0.0,1389,1168,42457
10,43635,5,0.0,1390,1168,42467
33,43668,5,0.0,1391,1168,42500
16,43684,5,0.0,1392,1168,42516
10,43694,5,0.0,1393,1168,42526
24,43718,5,0.0,1394,1168,42550
27,43745,5,0.0,1395,1168,42577
21,43766,5,0.0,1396,1168,42598
14,43780,5,0.0,1397,1168,42612
11,43791,5,0.0,1398,1168,42623
39,43830,5,0.0,1399,1168,42662
27,43857,5,0.0,1400,1168,42689
61,43918,5,0.0,1401,1168,42750
26,43944,5,0.0,1402,1168,42776
30,43974,5,0.0,1403,1168,42806
13,43987,5,0.0,1404,1168,42819
19,44006,5,0.0,1405,1168,42838
49,44055,5,0.0,1406,1168,42887
10,44065,5,0.0,1407,1168,42897
11,44076,5,0.0,1408,1168,42908
14,44090,5,0.0,1409,1168,42922
23,44113,5,0.0,1410,1168,42945
16,44129,5,0.0,1411,1168,42961
72,44201,5,0.0,1412,1168,43033
21,44222,5,0.0,1413,1168,43054
9,44231,5,0.0,1414,1168,43063
98,44329,5,0.0,1415,1168,43161
50,44379,5,0.0,1416,1168,43211
61,44440,5,0.0,1417,1168,43272
31,44471,5,0.0,1418,1168,43303
79,44550,5,0.0,1419,1168,43382
60,44610,5,0.0,1420,1168,43442
18,44628,5,0.0,1421,1168,43460
21,44649,5,0.0,1422,1168,43481
18,44667,5,0.0,1423,1168,43499
12,44679,5,0.0,1424,1168,43511
57,44736,5,0.0,1425,1168,43568
25,44761,5,0.0,1426,1168,43593
57,44818,5,0.0,1427,1168,43650
13,44831,5,0.0,1428,1168,43663
34,44865,5,0.0,1429,1168,43697
25,44890,5,0.0,1430,1168,43722
77,44967,5,0.0,1431,1168,43799
85,45052,5,0.0,1432,1168,43884
26,45078,5,0.0,1433,1168,43910
9,45087,5,0.0,1434,1168,43919
5,45092,5,0.0,1435,1168,43924
10,45102,5,0.0,1436,1168,43934
20,45122,5,0.0,1437,1168,43954
8,45130,5,0.0,1438,1168,43962
31,45161,5,0.0,1439,1168,43993
34,45195,5,0.0,1440,1168,44027
38,45233,5,0.0,1441,1168,44065
10,45243,5,0.0,1442,1168,44075
8,45251,5,0.0,1443,1168,44083
10,45261,5,0.0,1444,1168,44093
15,45276,5,0.0,1445,1168,44108
13,45289,5,0.0,1446,1168,44121
55,45344,5,0.0,1447,1168,44176
37,45381,5,0.0,1448,1168,44213
32,45413,5,0.0,1449,1168,44245
12,45425,5,0.0,1450,1168,44257
7,45432,5,0.0,1451,1168,44264
28,45460,5,0.0,1452,1168,44292
61,45521,5,0.0,1453,1168,44353
63,45584,5,0.0,1454,1168,44416
5,45589,5,0.0,1455,1168,44421
17,45606,5,0.0,1456,1168,44438
100,45706,5,0.0,1457,1168,44538
11,45717,5,0.0,1458,1168,44549
100,45817,5,0.0,1459,1168,44649
67,45884,5,0.0,1460,1168,44716
37,45921,5,0.0,1461,1168,44753
36,45957,5,0.0,1462,1168,44789
61,46018,5,0.0,1463,1168,44850
46,46064,5,0.0,1464,1168,44896
50,46114,5,0.0,1465,1168,44946
38,46152,5,0.0,1466,1168,44984
34,46186,5,0.0,1467,1168,45018
6,46192,5,0.0,1468,1168,45024
71,46263,5,0.0,1469,1168,45095
16,46279,5,0.0,1470,1168,45111
42,46321,5,0.0,1471,1168,45153
8,46329,5,0.0,1472,1168,45161
8,46337,5,0.0,1473,1168,45169
10,46347,5,0.0,1474,1168,45179
59,46406,5,0.0,1475,1168,45238
9,46415,5,0.0,1476,1168,45247
31,46446,5,0.0,1477,1168,45278
9,46455,5,0.0,1478,1168,45287
32,46487,5,0.0,1479,1168,45319
27,46514,5,0.0,1480,1168,45346
34,46548,5,0.0,1481,1168,45380
20,46568,5,0.0,1482,1168,45400
19,46587,5,0.0,1483,1168,45419
6,46593,5,0.0,1484,1168,45425
33,46626,5,0.0,1485,1168,45458
17,46643,5,0.0,1486,1168,45475
16,46659,5,0.0,1487,1168,45491
26,46685,5,0.0,1488,1168,45517
33,46718,5,0.0,1489,1168,45550
52,46770,5,0.0,1490,1168,45602
39,46809,5,0.0,1491,1168,45641
6,46815,5,0.0,1492,1168,45647
100,46915,5,0.0,1493,1168,45747
19,46934,5,0.0,1494,1168,45766
34,46968,5,0.0,1495,1168,45800
16,46984,5,0.0,1496,1168,45816
16,47000,5,0.0,1497,1168,45832
100,47100,5,0.0,1498,1168,45932
96,47196,5,0.0,1499,1168,46028
33,47229,5,0.0,1500,1168,46061
55,47284,5,0.0,1501,1168,46116
12,47296,5,0.0,1502,1168,46128
81,47377,5,0.0,1503,1168,46209
11,47388,5,0.0,1504,1168,46220
51,47439,5,0.0,1505,1168,46271
86,47525,5,0.0,1506,1168,46357
31,47556,5,0.0,1507,1168,46388
32,47588,5,0.0,1508,1168,46420
11,47599,5,0.0,1509,1168,46431
19,47618,5,0.0,1510,1168,46450
36,47654,5,0.0,1511,1168,46486
17,47671,5,0.0,1512,1168,46503
9,47680,5,0.0,1513,1168,46512
22,47702,5,0.0,1514,1168,46534
27,47729,5,0.0,1515,1168,46561
19,47748,5,0.0,1516,1168,46580
13,47761,5,0.0,1517,1168,46593
20,47781,5,0.0,1518,1168,46613
10,47791,5,0.0,1519,1168,46623
13,47804,5,0.0,1520,1168,46636
44,47848,5,0.0,1521,1168,46680
46,47894,5,0.0,1522,1169,46725
23,47917,5,0.0,1523,1169,46748
53,47970,5,0.0,1524,1169,46801
14,47984,5,0.0,1525,1169,46815
12,47996,5,0.0,1526,1169,46827
21,48017,5,0.0,1527,1169,46848
79,48096,5,0.0,1528,1169,46927
23,48119,5,0.0,1529,1169,46950
53,48172,5,0.0,1530,1169,47003
7,48179,5,0.0,1531,1169,47010
23,48202,5,0.0,1532,1169,47033
18,48220,5,0.0,1533,1169,47051
14,48234,5,0.0,1534,1169,47065
15,48249,5,0.0,1535,1169,47080
12,48261,5,0.0,1536,1169,47092
5,48266,5,0.0,1537,1169,47097
100,48366,5,0.0,1538,1169,47197
67,48433,5,0.0,1539,1169,47264
22,48455,5,0.0,1540,1169,47286
100,48555,5,0.0,1541,1169,47386
21,48576,5,0.0,1542,1169,47407
25,48601,5,0.0,1543,1169,47432
16,48617,5,0.0,1544,1169,47448
69,48686,5,0.0,1545,1169,47517
5,48691,5,0.0,1546,1169,47522
12,48703,5,0.0,1547,1169,47534
76,48779,5,0.0,1548,1169,47610
34,48813,5,0.0,1549,1169,47644
51,48864,5,0.0,1550,1169,47695
24,48888,5,0.0,1551,1169,47719
29,48917,5,0.0,1552,1169,47748
34,48951,5,0.0,1553,1169,47782
15,48966,5,0.0,1554,1169,47797
15,48981,5,0.0,1555,1169,47812
27,49008,5,0.0,1556,1169,47839
84,49092,5,0.0,1557,1169,47923
68,49160,5,0.0,1558,1169,47991
44,49204,5,0.0,1559,1169,48035
18,49222,5,0.0,1560,1169,48053
52,49274,6,1.0,1561,1169,48105
22,49296,6,0.0,1562,1169,48127
46,49342,6,0.0,1563,1169,48173
67,49409,6,0.0,1564,1169,48240
7,49416,6,0.0,1565,1169,48247
28,49444,6,0.0,1566,1169,48275
43,49487,6,0.0,1567,1169,48318
29,49516,6,0.0,1568,1169,48347
28,49544,6,0.0,1569,1169,48375
17,49561,6,0.0,1570,1169,48392
35,49596,6,0.0,1571,1169,48427
22,49618,6,0.0,1572,1169,48449
36,49654,6,0.0,1573,1169,48485
32,49686,6,0.0,1574,1169,48517
29,49715,6,0.0,1575,1169,48546
23,49738,6,0.0,1576,1169,48569
10,49748,6,0.0,1577,1169,48579
11,49759,6,0.0,1578,1169,48590
30,49789,6,0.0,1579,1169,48620
53,49842,6,0.0,1580,1169,48673
7,49849,6,0.0,1581,1169,48680
7,49856,6,0.0,1582,1169,48687
43,49899,6,0.0,1583,1169,48730
35,49934,6,0.0,1584,1169,48765
100,50034,6,0.0,1585,1169,48865
7,50041,6,0.0,1586,1169,48872
20,50061,6,0.0,1587,1169,48892
17,50078,6,0.0,1588,1169,48909
30,50108,6,0.0,1589,1169,48939
8,50116,6,0.0,1590,1169,48947
11,50127,6,0.0,1591,1169,48958
11,50138,6,0.0,1592,1169,48969
46,50184,6,0.0,1593,1169,49015
8,50192,6,0.0,1594,1169,49023
35,50227,6,0.0,1595,1169,49058
36,50263,6,0.0,1596,1169,49094
14,50277,6,0.0,1597,1169,49108
23,50300,6,0.0,1598,1169,49131
27,50327,6,0.0,1599,1169,49158
12,50339,6,0.0,1600,1169,49170
41,50380,6,0.0,1601,1169,49211
22,50402,6,0.0,1602,1169,49233
8,50410,6,0.0,1603,1169,49241
51,50461,6,0.0,1604,1169,49292
29,50490,6,0.0,1605,1169,49321
32,50522,6,0.0,1606,1169,49353
22,50544,6,0.0,1607,1169,49375
13,50557,6,0.0,1608,1169,49388
10,50567,6,0.0,1609,1169,49398
25,50592,6,0.0,1610,1169,49423
21,50613,6,0.0,1611,1169,49444
36,50649,6,0.0,1612,1169,49480
44,50693,6,0.0,1613,1169,49524
8,50701,6,0.0,1614,1169,49532
9,50710,6,0.0,1615,1169,49541
17,50727,6,0.0,1616,1169,49558
13,50740,6,0.0,1617,1169,49571
44,50784,6,0.0,1618,1169,49615
20,50804,6,0.0,1619,1169,49635
30,50834,6,0.0,1620,1169,49665
10,50844,6,0.0,1621,1169,49675
27,50871,6,0.0,1622,1169,49702
26,50897,6,0.0,1623,1169,49728
28,50925,6,0.0,1624,1169,49756
32,50957,6,0.0,1625,1169,49788
10,50967,6,0.0,1626,1169,49798
29,50996,6,0.0,1627,1169,49827
13,51009,6,0.0,1628,1169,49840
23,51032,6,0.0,1629,1169,49863
48,51080,6,0.0,1630,1169,49911
14,51094,6,0.0,1631,1169,49925
20,51114,6,0.0,1632,1169,49945
29,51143,6,0.0,1633,1169,49974
100,51243,6,0.0,1634,1169,50074
15,51258,6,0.0,1635,1169,50089
35,51293,6,0.0,1636,1169,50124
19,51312,6,0.0,1637,1169,50143
22,51334,6,0.0,1638,1169,50165
29,51363,6,0.0,1639,1169,50194
43,51406,6,0.0,1640,1169,50237
40,51446,6,0.0,1641,1169,50277
39,51485,6,0.0,1642,1169,50316
8,51493,6,0.0,1643,1169,50324
57,51550,6,0.0,1644,1169,50381
20,51570,6,0.0,1645,1169,50401
23,51593,6,0.0,1646,1169,50424
41,51634,6,0.0,1647,1169,50465
67,51701,6,0.0,1648,1169,50532
11,51712,6,0.0,1649,1169,50543
27,51739,6,0.0,1650,1169,50570
18,51757,6,0.0,1651,1169,50588
31,51788,6,0.0,1652,1169,50619
11,51799,6,0.0,1653,1169,50630
13,51812,6,0.0,1654,1169,50643
10,51822,6,0.0,1655,1169,50653
39,51861,6,0.0,1656,1169,50692
30,51891,6,0.0,1657,1169,50722
38,51929,6,0.0,1658,1169,50760
60,51989,6,0.0,1659,1169,50820
34,52023,6,0.0,1660,1169,50854
13,52036,6,0.0,1661,1169,50867
69,52105,6,0.0,1662,1169,50936
5,52110,6,0.0,1663,1169,50941
27,52137,6,0.0,1664,1169,50968
32,52169,6,0.0,1665,1169,51000
79,52248,6,0.0,1666,1169,51079
34,52282,6,0.0,1667,1169,51113
24,52306,6,0.0,1668,1169,51137
26,52332,6,0.0,1669,1169,51163
25,52357,6,0.0,1670,1169,51188
17,52374,6,0.0,1671,1169,51205
21,52395,6,0.0,1672,1169,51226
52,52447,6,0.0,1673,1169,51278
18,52465,6,0.0,1674,1169,51296
27,52492,6,0.0,1675,1169,51323
38,52530,6,0.0,1676,1169,51361
22,52552,6,0.0,1677,1169,51383
23,52575,6,0.0,1678,1169,51406
56,52631,6,0.0,1679,1169,51462
30,52661,6,0.0,1680,1169,51492
11,52672,6,0.0,1681,1169,51503
53,52725,6,0.0,1682,1169,51556
22,52747,6,0.0,1683,1169,51578
22,52769,6,0.0,1684,1169,51600
28,52797,6,0.0,1685,1169,51628
13,52810,6,0.0,1686,1169,51641
28,52838,6,0.0,1687,1169,51669
44,52882,6,0.0,1688,1169,51713
60,52942,6,0.0,1689,1169,51773
21,52963,6,0.0,1690,1169,51794
26,52989,6,0.0,1691,1169,51820
10,52999,6,0.0,1692,1169,51830
17,53016,6,0.0,1693,1169,51847
20,53036,6,0.0,1694,1169,51867
21,53057,6,0.0,1695,1169,51888
9,53066,6,0.0,1696,1169,51897
54,53120,6,0.0,1697,1169,51951
7,53127,6,0.0,1698,1169,51958
17,53144,6,0.0,1699,1169,51975
22,53166,6,0.0,1700,1169,51997
8,53174,6,0.0,1701,1169,52005
32,53206,6,0.0,1702,1169,52037
49,53255,6,0.0,1703,1169,52086
7,53262,6,0.0,1704,1169,52093
9,53271,6,0.0,1705,1169,52102
11,53282,6,0.0,1706,1169,52113
27,53309,6,0.0,1707,1169,52140
12,53321,6,0.0,1708,1169,52152
41,53362,6,0.0,1709,1169,52193
17,53379,6,0.0,1710,1169,52210
6,53385,6,0.0,1711,1169,52216
37,53422,6,0.0,1712,1169,52253
51,53473,6,0.0,1713,1169,52304
26,53499,6,0.0,1714,1169,52330
33,53532,6,0.0,1715,1169,52363
55,53587,6,0.0,1716,1169,52418
23,53610,6,0.0,1717,1169,52441
20,53630,6,0.0,1718,1169,52461
35,53665,6,0.0,1719,1169,52496
62,53727,6,0.0,1720,1169,52558
16,53743,6,0.0,1721,1169,52574
14,53757,6,0.0,1722,1169,52588
14,53771,6,0.0,1723,1169,52602
40,53811,6,0.0,1724,1169,52642
34,53845,6,0.0,1725,1169,52676
26,53871,6,0.0,1726,1169,52702
31,53902,6,0.0,1727,1169,52733
37,53939,6,0.0,1728,1169,52770
30,53969,6,0.0,1729,1169,52800
24,53993,6,0.0,1730,1169,52824
25,54018,6,0.0,1731,1169,52849
33,54051,6,0.0,1732,1169,52882
45,54096,6,0.0,1733,1169,52927
49,54145,6,0.0,1734,1169,52976
23,54168,6,0.0,1735,1169,52999
25,54193,6,0.0,1736,1169,53024
11,54204,6,0.0,1737,1169,53035
25,54229,6,0.0,1738,1169,53060
62,54291,6,0.0,1739,1169,53122
27,54318,6,0.0,1740,1169,53149
48,54366,6,0.0,1741,1169,53197
42,54408,6,0.0,1742,1169,53239
12,54420,6,0.0,1743,1169,53251
19,54439,6,0.0,1744,1169,53270
32,54471,6,0.0,1745,1169,53302
29,54500,6,0.0,1746,1169,53331
69,54569,6,0.0,1747,1169,53400
14,54583,6,0.0,1748,1169,53414
35,54618,6,0.0,1749,1169,53449
13,54631,6,0.0,1750,1169,53462
96,54727,6,0.0,1751,1169,53558
18,54745,6,0.0,1752,1169,53576
20,54765,6,0.0,1753,1169,53596
11,54776,6,0.0,1754,1169,53607
31,54807,6,0.0,1755,1169,53638
38,54845,6,0.0,1756,1169,53676
7,54852,6,0.0,1757,1169,53683
25,54877,6,0.0,1758,1169,53708
40,54917,6,0.0,1759,1169,53748
18,54935,6,0.0,1760,1169,53766
16,54951,6,0.0,1761,1169,53782
27,54978,6,0.0,1762,1169,53809
28,55006,6,0.0,1763,1169,53837
68,55074,6,0.0,1764,1169,53905
69,55143,6,0.0,1765,1169,53974
9,55152,6,0.0,1766,1169,53983
22,55174,6,0.0,1767,1169,54005
5,55179,6,0.0,1768,1169,54010
82,55261,6,0.0,1769,1169,54092
19,55280,6,0.0,1770,1169,54111
46,55326,6,0.0,1771,1169,54157
50,55376,6,0.0,1772,1169,54207
15,55391,6,0.0,1773,1169,54222
38,55429,6,0.0,1774,1169,54260
34,55463,6,0.0,1775,1169,54294
20,55483,6,0.0,1776,1169,54314
16,55499,6,0.0,1777,1169,54330
22,55521,6,0.0,1778,1169,54352
10,55531,6,0.0,1779,1169,54362
14,55545,6,0.0,1780,1169,54376
33,55578,6,0.0,1781,1169,54409
21,55599,6,0.0,1782,1169,54430
20,55619,6,0.0,1783,1169,54450
5,55624,6,0.0,1784,1169,54455
10,55634,6,0.0,1785,1169,54465
53,55687,6,0.0,1786,1169,54518
68,55755,6,0.0,1787,1169,54586
14,55769,6,0.0,1788,1169,54600
23,55792,6,0.0,1789,1169,54623
9,55801,6,0.0,1790,1169,54632
53,55854,6,0.0,1791,1169,54685
47,55901,6,0.0,1792,1169,54732
9,55910,6,0.0,1793,1169,54741
23,55933,6,0.0,1794,1169,54764
33,55966,6,0.0,1795,1169,54797
20,55986,6,0.0,1796,1169,54817
29,56015,6,0.0,1797,1169,54846
26,56041,6,0.0,1798,1169,54872
20,56061,6,0.0,1799,1169,54892
17,56078,6,0.0,1800,1169,54909
27,56105,6,0.0,1801,1169,54936
43,56148,6,0.0,1802,1169,54979
19,56167,6,0.0,1803,1169,54998
21,56188,6,0.0,1804,1169,55019
12,56200,6,0.0,1805,1169,55031
9,56209,6,0.0,1806,1169,55040
45,56254,6,0.0,1807,1169,55085
16,56270,6,0.0,1808,1169,55101
49,56319,6,0.0,1809,1169,55150
33,56352,6,0.0,1810,1169,55183
31,56383,6,0.0,1811,1169,55214
42,56425,6,0.0,1812,1169,55256
44,56469,6,0.0,1813,1169,55300
17,56486,6,0.0,1814,1169,55317
100,56586,6,0.0,1815,1169,55417
62,56648,6,0.0,1816,1169,55479
14,56662,6,0.0,1817,1169,55493
78,56740,6,0.0,1818,1169,55571
19,56759,6,0.0,1819,1169,55590
19,56778,6,0.0,1820,1169,55609
38,56816,6,0.0,1821,1169,55647
53,56869,6,0.0,1822,1169,55700
65,56934,6,0.0,1823,1169,55765
25,56959,6,0.0,1824,1169,55790
59,57018,6,0.0,1825,1169,55849
69,57087,6,0.0,1826,1169,55918
61,57148,6,0.0,1827,1169,55979
10,57158,6,0.0,1828,1169,55989
32,57190,6,0.0,1829,1169,56021
27,57217,6,0.0,1830,1169,56048
83,57300,6,0.0,1831,1169,56131
35,57335,6,0.0,1832,1169,56166
18,57353,6,0.0,1833,1169,56184
36,57389,6,0.0,1834,1169,56220
23,57412,6,0.0,1835,1169,56243
13,57425,6,0.0,1836,1169,56256
42,57467,6,0.0,1837,1169,56298
18,57485,6,0.0,1838,1169,56316
20,57505,6,0.0,1839,1169,56336
66,57571,6,0.0,1840,1169,56402
63,57634,6,0.0,1841,1169,56465
12,57646,6,0.0,1842,1169,56477
39,57685,6,0.0,1843,1169,56516
13,57698,6,0.0,1844,1169,56529
28,57726,6,0.0,1845,1169,56557
17,57743,6,0.0,1846,1169,56574
14,57757,6,0.0,1847,1169,56588
13,57770,6,0.0,1848,1169,56601
12,57782,6,0.0,1849,1169,56613
72,57854,6,0.0,1850,1169,56685
48,57902,6,0.0,1851,1169,56733
19,57921,6,0.0,1852,1169,56752
42,57963,6,0.0,1853,1169,56794
100,58063,6,0.0,1854,1169,56894
14,58077,6,0.0,1855,1169,56908
16,58093,6,0.0,1856,1169,56924
24,58117,6,0.0,1857,1169,56948
32,58149,6,0.0,1858,1169,56980
69,58218,6,0.0,1859,1169,57049
19,58237,6,0.0,1860,1169,57068
11,58248,6,0.0,1861,1169,57079
25,58273,6,0.0,1862,1169,57104
22,58295,6,0.0,1863,1169,57126
13,58308,6,0.0,1864,1169,57139
11,58319,6,0.0,1865,1169,57150
38,58357,6,0.0,1866,1169,57188
24,58381,6,0.0,1867,1169,57212
47,58428,6,0.0,1868,1169,57259
9,58437,6,0.0,1869,1169,57268
15,58452,6,0.0,1870,1169,57283
8,58460,6,0.0,1871,1169,57291
12,58472,6,0.0,1872,1169,57303
29,58501,6,0.0,1873,1169,57332
13,58514,6,0.0,1874,1169,57345
34,58548,6,0.0,1875,1169,57379
48,58596,6,0.0,1876,1169,57427
28,58624,6,0.0,1877,1169,57455
64,58688,6,0.0,1878,1169,57519
42,58730,6,0.0,1879,1169,57561
58,58788,6,0.0,1880,1169,57619
25,58813,6,0.0,1881,1169,57644
36,58849,6,0.0,1882,1169,57680
28,58877,6,0.0,1883,1169,57708
12,58889,6,0.0,1884,1169,57720
19,58908,6,0.0,1885,1169,57739
34,58942,6,0.0,1886,1169,57773
35,58977,6,0.0,1887,1169,57808
31,59008,6,0.0,1888,1169,57839
83,59091,6,0.0,1889,1169,57922
11,59102,6,0.0,1890,1169,57933
23,59125,6,0.0,1891,1169,57956
66,59191,6,0.0,1892,1169,58022
10,59201,6,0.0,1893,1169,58032
33,59234,6,0.0,1894,1169,58065
31,59265,6,0.0,1895,1169,58096
25,59290,6,0.0,1896,1169,58121
28,59318,6,0.0,1897,1169,58149
40,59358,6,0.0,1898,1169,58189
11,59369,6,0.0,1899,1169,58200
29,59398,6,0.0,1900,1169,58229
45,59443,6,0.0,1901,1169,58274
24,59467,6,0.0,1902,1169,58298
41,59508,6,0.0,1903,1169,58339
17,59525,6,0.0,1904,1169,58356
20,59545,6,0.0,1905,1169,58376
44,59589,6,0.0,1906,1169,58420
28,59617,6,0.0,1907,1169,58448
7,59624,6,0.0,1908,1169,58455
39,59663,6,0.0,1909,1169,58494
93,59756,6,0.0,1910,1169,58587
15,59771,6,0.0,1911,1169,58602
19,59790,6,0.0,1912,1169,58621
10,59800,6,0.0,1913,1169,58631
38,59838,6,0.0,1914,1169,58669
52,59890,6,0.0,1915,1169,58721
13,59903,6,0.0,1916,1169,58734
10,59913,6,0.0,1917,1169,58744
22,59935,6,0.0,1918,1169,58766
33,59968,6,0.0,1919,1169,58799
11,59979,6,0.0,1920,1169,58810
24,60003,6,0.0,1921,1169,58834
18,60021,6,0.0,1922,1169,58852
31,60052,6,0.0,1923,1169,58883
7,60059,6,0.0,1924,1169,58890
21,60080,6,0.0,1925,1169,58911
44,60124,6,0.0,1926,1169,58955
8,60132,6,0.0,1927,1169,58963
18,60150,6,0.0,1928,1169,58981
41,60191,6,0.0,1929,1169,59022
100,60291,6,0.0,1930,1169,59122
31,60322,6,0.0,1931,1169,59153
14,60336,6,0.0,1932,1169,59167
15,60351,6,0.0,1933,1169,59182
50,60401,6,0.0,1934,1169,59232
15,60416,6,0.0,1935,1169,59247
42,60458,6,0.0,1936,1169,59289
23,60481,6,0.0,1937,1169,59312
13,60494,6,0.0,1938,1169,59325
28,60522,6,0.0,1939,1169,59353
13,60535,6,0.0,1940,1169,59366
41,60576,6,0.0,1941,1169,59407
16,60592,6,0.0,1942,1169,59423
14,60606,6,0.0,1943,1169,59437
55,60661,6,0.0,1944,1169,59492
38,60699,6,0.0,1945,1169,59530
46,60745,6,0.0,1946,1169,59576
16,60761,6,0.0,1947,1169,59592
100,60861,6,0.0,1948,1169,59692
17,60878,6,0.0,1949,1169,59709
18,60896,6,0.0,1950,1169,59727
23,60919,6,0.0,1951,1169,59750
23,60942,6,0.0,1952,1169,59773
24,60966,6,0.0,1953,1169,59797
57,61023,6,0.0,1954,1169,59854
28,61051,6,0.0,1955,1169,59882
21,61072,6,0.0,1956,1169,59903
6,61078,6,0.0,1957,1169,59909
12,61090,6,0.0,1958,1169,59921
19,61109,6,0.0,1959,1169,59940
42,61151,6,0.0,1960,1169,59982
33,61184,6,0.0,1961,1169,60015
5,61189,6,0.0,1962,1169,60020
16,61205,6,0.0,1963,1169,60036
70,61275,6,0.0,1964,1169,60106
23,61298,6,0.0,1965,1169,60129
11,61309,6,0.0,1966,1169,60140
14,61323,6,0.0,1967,1169,60154
29,61352,6,0.0,1968,1169,60183
32,61384,6,0.0,1969,1169,60215
16,61400,6,0.0,1970,1169,60231
5,61405,6,0.0,1971,1169,60236
36,61441,6,0.0,1972,1169,60272
30,61471,6,0.0,1973,1169,60302
100,61571,6,0.0,1974,1169,60402
20,61591,6,0.0,1975,1169,60422
7,61598,6,0.0,1976,1169,60429
52,61650,6,0.0,1977,1169,60481
19,61669,6,0.0,1978,1169,60500
11,61680,6,0.0,1979,1169,60511
11,61691,6,0.0,1980,1169,60522
36,61727,6,0.0,1981,1169,60558
33,61760,6,0.0,1982,1169,60591
12,61772,6,0.0,1983,1169,60603
29,61801,6,0.0,1984,1169,60632
10,61811,6,0.0,1985,1169,60642
18,61829,6,0.0,1986,1169,60660
25,61854,6,0.0,1987,1169,60685
16,61870,6,0.0,1988,1169,60701
33,61903,6,0.0,1989,1169,60734
12,61915,6,0.0,1990,1169,60746
11,61926,6,0.0,1991,1169,60757
36,61962,6,0.0,1992,1169,60793
25,61987,6,0.0,1993,1169,60818
42,62029,6,0.0,1994,1169,60860
50,62079,6,0.0,1995,1169,60910
18,62097,6,0.0,1996,1169,60928
10,62107,6,0.0,1997,1169,60938
7,62114,6,0.0,1998,1169,60945
15,62129,6,0.0,1999,1169,60960
25,62154,6,0.0,2000,1169,60985
38,62192,6,0.0,2001,1169,61023
11,62203,6,0.0,2002,1169,61034
33,62236,6,0.0,2003,1169,61067
26,62262,6,0.0,2004,1169,61093
20,62282,6,0.0,2005,1169,61113
10,62292,6,0.0,2006,1169,61123
32,62324,6,0.0,2007,1169,61155
26,62350,6,0.0,2008,1169,61181
27,62377,6,0.0,2009,1169,61208
23,62400,6,0.0,2010,1169,61231
21,62421,6,0.0,2011,1169,61252
11,62432,6,0.0,2012,1169,61263
22,62454,6,0.0,2013,1169,61285
50,62504,6,0.0,2014,1169,61335
16,62520,6,0.0,2015,1169,61351
29,62549,6,0.0,2016,1169,61380
54,62603,6,0.0,2017,1169,61434
58,62661,6,0.0,2018,1169,61492
24,62685,6,0.0,2019,1169,61516
21,62706,6,0.0,2020,1169,61537
5,62711,6,0.0,2021,1169,61542
14,62725,6,0.0,2022,1169,61556
56,62781,6,0.0,2023,1169,61612
7,62788,6,0.0,2024,1169,61619
8,62796,6,0.0,2025,1169,61627
39,62835,6,0.0,2026,1169,61666
17,62852,6,0.0,2027,1169,61683
28,62880,6,0.0,2028,1169,61711
33,62913,6,0.0,2029,1169,61744
77,62990,6,0.0,2030,1169,61821
48,63038,6,0.0,2031,1169,61869
15,63053,6,0.0,2032,1169,61884
7,63060,6,0.0,2033,1169,61891
46,63106,6,0.0,2034,1169,61937
44,63150,6,0.0,2035,1169,61981
23,63173,6,0.0,2036,1169,62004
9,63182,6,0.0,2037,1169,62013
5,63187,6,0.0,2038,1169,62018
7,63194,6,0.0,2039,1169,62025
25,63219,6,0.0,2040,1169,62050
39,63258,6,0.0,2041,1169,62089
19,63277,6,0.0,2042,1169,62108
59,63336,6,0.0,2043,1169,62167
37,63373,6,0.0,2044,1169,62204
39,63412,6,0.0,2045,1169,62243
9,63421,6,0.0,2046,1169,62252
25,63446,6,0.0,2047,1169,62277
12,63458,6,0.0,2048,1169,62289
9,63467,6,0.0,2049,1169,62298
45,63512,6,0.0,2050,1169,62343
56,63568,6,0.0,2051,1169,62399
65,63633,6,0.0,2052,1169,62464
57,63690,6,0.0,2053,1169,62521
19,63709,6,0.0,2054,1169,62540
18,63727,6,0.0,2055,1169,62558
74,63801,6,0.0,2056,1169,62632
35,63836,6,0.0,2057,1169,62667
33,63869,6,0.0,2058,1169,62700
18,63887,6,0.0,2059,1169,62718
32,63919,6,0.0,2060,1169,62750
27,63946,6,0.0,2061,1169,62777
42,63988,6,0.0,2062,1169,62819
10,63998,6,0.0,2063,1169,62829
28,64026,6,0.0,2064,1169,62857
54,64080,6,0.0,2065,1169,62911
16,64096,6,0.0,2066,1169,62927
18,64114,6,0.0,2067,1169,62945
68,64182,6,0.0,2068,1169,63013
25,64207,6,0.0,2069,1169,63038
93,64300,6,0.0,2070,1169,63131
20,64320,6,0.0,2071,1169,63151
65,64385,6,0.0,2072,1169,63216
23,64408,6,0.0,2073,1169,63239
10,64418,6,0.0,2074,1169,63249
11,64429,6,0.0,2075,1169,63260
8,64437,6,0.0,2076,1169,63268
8,64445,6,0.0,2077,1169,63276
34,64479,6,0.0,2078,1169,63310
73,64552,6,0.0,2079,1169,63383
23,64575,6,0.0,2080,1169,63406
19,64594,6,0.0,2081,1169,63425
9,64603,6,0.0,2082,1169,63434
17,64620,6,0.0,2083,1169,63451
11,64631,6,0.0,2084,1169,63462
46,64677,6,0.0,2085,1169,63508
13,64690,6,0.0,2086,1169,63521
51,64741,6,0.0,2087,1169,63572
13,64754,6,0.0,2088,1169,63585
20,64774,6,0.0,2089,1169,63605
52,64826,6,0.0,2090,1169,63657
21,64847,6,0.0,2091,1169,63678
19,64866,6,0.0,2092,1169,63697
21,64887,6,0.0,2093,1169,63718
32,64919,6,0.0,2094,1169,63750
38,64957,6,0.0,2095,1169,63788
62,65019,6,0.0,2096,1169,63850
40,65059,6,0.0,2097,1169,63890
15,65074,6,0.0,2098,1169,63905
25,65099,6,0.0,2099,1169,63930
15,65114,6,0.0,2100,1169,63945
12,65126,6,0.0,2101,1169,63957
65,65191,6,0.0,2102,1169,64022
14,65205,6,0.0,2103,1169,64036
29,65234,6,0.0,2104,1169,64065
32,65266,6,0.0,2105,1169,64097
31,65297,6,0.0,2106,1169,64128
8,65305,6,0.0,2107,1169,64136
28,65333,6,0.0,2108,1169,64164
29,65362,6,0.0,2109,1169,64193
17,65379,6,0.0,2110,1169,64210
33,65412,6,0.0,2111,1169,64243
61,65473,6,0.0,2112,1169,64304
100,65573,6,0.0,2113,1169,64404
55,65628,6,0.0,2114,1169,64459
20,65648,6,0.0,2115,1169,64479
9,65657,6,0.0,2116,1169,64488
29,65686,6,0.0,2117,1169,64517
41,65727,6,0.0,2118,1169,64558
77,65804,6,0.0,2119,1169,64635
35,65839,6,0.0,2120,1169,64670
43,65882,6,0.0,2121,1169,64713
25,65907,6,0.0,2122,1169,64738
100,66007,6,0.0,2123,1169,64838
25,66032,6,0.0,2124,1169,64863
10,66042,6,0.0,2125,1169,64873
52,66094,6,0.0,2126,1169,64925
18,66112,6,0.0,2127,1169,64943
38,66150,6,0.0,2128,1169,64981
11,66161,6,0.0,2129,1169,64992
82,66243,6,0.0,2130,1169,65074
42,66285,6,0.0,2131,1169,65116
8,66293,6,0.0,2132,1169,65124
19,66312,6,0.0,2133,1169,65143
100,66412,6,0.0,2134,1169,65243
29,66441,6,0.0,2135,1169,65272
12,66453,6,0.0,2136,1169,65284
64,66517,6,0.0,2137,1169,65348
34,66551,6,0.0,2138,1169,65382
8,66559,6,0.0,2139,1169,65390
44,66603,6,0.0,2140,1169,65434
34,66637,6,0.0,2141,1169,65468
13,66650,6,0.0,2142,1169,65481
20,66670,6,0.0,2143,1169,65501
30,66700,6,0.0,2144,1169,65531
28,66728,6,0.0,2145,1169,65559
13,66741,6,0.0,2146,1169,65572
8,66749,6,0.0,2147,1169,65580
15,66764,6,0.0,2148,1169,65595
38,66802,6,0.0,2149,1169,65633
49,66851,6,0.0,2150,1169,65682
31,66882,6,0.0,2151,1169,65713
75,66957,6,0.0,2152,1169,65788
34,66991,6,0.0,2153,1169,65822
22,67013,6,0.0,2154,1169,65844
38,67051,6,0.0,2155,1169,65882
23,67074,6,0.0,2156,1169,65905
17,67091,6,0.0,2157,1169,65922
37,67128,6,0.0,2158,1169,65959
42,67170,6,0.0,2159,1169,66001
6,67176,6,0.0,2160,1169,66007
23,67199,6,0.0,2161,1169,66030
26,67225,6,0.0,2162,1169,66056
14,67239,6,0.0,2163,1169,66070
18,67257,6,0.0,2164,1169,66088
30,67287,6,0.0,2165,1169,66118
93,67380,6,0.0,2166,1169,66211
25,67405,6,0.0,2167,1169,66236
13,67418,6,0.0,2168,1169,66249
10,67428,6,0.0,2169,1169,66259
13,67441,6,0.0,2170,1169,66272
19,67460,6,0.0,2171,1169,66291
25,67485,6,0.0,2172,1169,66316
20,67505,6,0.0,2173,1169,66336
48,67553,6,0.0,2174,1169,66384
17,67570,6,0.0,2175,1169,66401
16,67586,6,0.0,2176,1169,66417
65,67651,6,0.0,2177,1169,66482
43,67694,6,0.0,2178,1169,66525
51,67745,6,0.0,2179,1169,66576
6,67751,6,0.0,2180,1169,66582
18,67769,6,0.0,2181,1169,66600
11,67780,6,0.0,2182,1169,66611
83,67863,7,1.0,2183,1169,66694
11,67874,7,0.0,2184,1169,66705
11,67885,7,0.0,2185,1169,66716
21,67906,7,0.0,2186,1169,66737
6,67912,7,0.0,2187,1169,66743
53,67965,7,0.0,2188,1169,66796
7,67972,7,0.0,2189,1169,66803
49,68021,7,0.0,2190,1169,66852
33,68054,7,0.0,2191,1169,66885
46,68100,7,0.0,2192,1169,66931
35,68135,7,0.0,2193,1169,66966
55,68190,7,0.0,2194,1169,67021
41,68231,7,0.0,2195,1169,67062
22,68253,7,0.0,2196,1169,67084
18,68271,7,0.0,2197,1169,67102
18,68289,7,0.0,2198,1169,67120
33,68322,7,0.0,2199,1169,67153
15,68337,7,0.0,2200,1169,67168
73,68410,7,0.0,2201,1169,67241
11,68421,7,0.0,2202,1169,67252
83,68504,7,0.0,2203,1169,67335
55,68559,7,0.0,2204,1169,67390
8,68567,7,0.0,2205,1169,67398
22,68589,7,0.0,2206,1169,67420
20,68609,7,0.0,2207,1169,67440
22,68631,7,0.0,2208,1169,67462
24,68655,7,0.0,2209,1169,67486
63,68718,7,0.0,2210,1169,67549
12,68730,7,0.0,2211,1169,67561
30,68760,7,0.0,2212,1169,67591
56,68816,7,0.0,2213,1169,67647
17,68833,7,0.0,2214,1169,67664
15,68848,7,0.0,2215,1169,67679
81,68929,7,0.0,2216,1169,67760
12,68941,7,0.0,2217,1169,67772
91,69032,7,0.0,2218,1169,67863
36,69068,7,0.0,2219,1169,67899
42,69110,7,0.0,2220,1169,67941
15,69125,7,0.0,2221,1169,67956
20,69145,7,0.0,2222,1169,67976
21,69166,7,0.0,2223,1169,67997
39,69205,7,0.0,2224,1169,68036
16,69221,7,0.0,2225,1169,68052
9,69230,7,0.0,2226,1169,68061
15,69245,7,0.0,2227,1169,68076
11,69256,7,0.0,2228,1169,68087
71,69327,7,0.0,2229,1169,68158
25,69352,7,0.0,2230,1169,68183
25,69377,7,0.0,2231,1169,68208
33,69410,7,0.0,2232,1169,68241
24,69434,7,0.0,2233,1169,68265
19,69453,7,0.0,2234,1169,68284
25,69478,7,0.0,2235,1169,68309
97,69575,7,0.0,2236,1169,68406
39,69614,7,0.0,2237,1169,68445
35,69649,7,0.0,2238,1169,68480
16,69665,7,0.0,2239,1169,68496
51,69716,7,0.0,2240,1169,68547
19,69735,7,0.0,2241,1169,68566
30,69765,7,0.0,2242,1169,68596
66,69831,7,0.0,2243,1169,68662
17,69848,7,0.0,2244,1169,68679
30,69878,7,0.0,2245,1169,68709
27,69905,7,0.0,2246,1169,68736
65,69970,7,0.0,2247,1169,68801
9,69979,7,0.0,2248,1169,68810
19,69998,7,0.0,2249,1169,68829
33,70031,7,0.0,2250,1169,68862
26,70057,7,0.0,2251,1169,68888
41,70098,7,0.0,2252,1169,68929
64,70162,7,0.0,2253,1169,68993
100,70262,7,0.0,2254,1169,69093
27,70289,7,0.0,2255,1169,69120
60,70349,7,0.0,2256,1169,69180
32,70381,7,0.0,2257,1169,69212
23,70404,7,0.0,2258,1169,69235
17,70421,7,0.0,2259,1169,69252
23,70444,7,0.0,2260,1169,69275
21,70465,7,0.0,2261,1169,69296
13,70478,7,0.0,2262,1169,69309
24,70502,7,0.0,2263,1169,69333
52,70554,7,0.0,2264,1169,69385
17,70571,7,0.0,2265,1169,69402
15,70586,7,0.0,2266,1169,69417
34,70620,7,0.0,2267,1169,69451
29,70649,7,0.0,2268,1169,69480
45,70694,7,0.0,2269,1169,69525
15,70709,7,0.0,2270,1169,69540
7,70716,7,0.0,2271,1169,69547
26,70742,7,0.0,2272,1169,69573
34,70776,7,0.0,2273,1169,69607
35,70811,7,0.0,2274,1169,69642
100,70911,7,0.0,2275,1169,69742
100,71011,7,0.0,2276,1169,69842
39,71050,7,0.0,2277,1169,69881
9,71059,7,0.0,2278,1169,69890
51,71110,7,0.0,2279,1169,69941
8,71118,7,0.0,2280,1169,69949
56,71174,7,0.0,2281,1169,70005
11,71185,7,0.0,2282,1169,70016
17,71202,7,0.0,2283,1169,70033
100,71302,7,0.0,2284,1169,70133
60,71362,7,0.0,2285,1169,70193
28,71390,7,0.0,2286,1169,70221
5,71395,7,0.0,2287,1169,70226
44,71439,7,0.0,2288,1169,70270
10,71449,7,0.0,2289,1169,70280
33,71482,7,0.0,2290,1169,70313
38,71520,7,0.0,2291,1169,70351
27,71547,7,0.0,2292,1169,70378
21,71568,7,0.0,2293,1169,70399
53,71621,7,0.0,2294,1169,70452
8,71629,7,0.0,2295,1169,70460
20,71649,7,0.0,2296,1169,70480
37,71686,7,0.0,2297,1169,70517
19,71705,7,0.0,2298,1169,70536
7,71712,7,0.0,2299,1169,70543
46,71758,7,0.0,2300,1169,70589
15,71773,7,0.0,2301,1169,70604
31,71804,7,0.0,2302,1169,70635
16,71820,7,0.0,2303,1169,70651
26,71846,7,0.0,2304,1169,70677
24,71870,7,0.0,2305,1169,70701
35,71905,7,0.0,2306,1169,70736
38,71943,7,0.0,2307,1169,70774
100,72043,7,0.0,2308,1169,70874
11,72054,7,0.0,2309,1169,70885
33,72087,7,0.0,2310,1169,70918
40,72127,7,0.0,2311,1169,70958
39,72166,7,0.0,2312,1169,70997
37,72203,7,0.0,2313,1169,71034
79,72282,7,0.0,2314,1169,71113
13,72295,7,0.0,2315,1169,71126
14,72309,7,0.0,2316,1169,71140
11,72320,7,0.0,2317,1169,71151
21,72341,7,0.0,2318,1169,71172
30,72371,7,0.0,2319,1169,71202
30,72401,7,0.0,2320,1169,71232
35,72436,7,0.0,2321,1169,71267
26,72462,7,0.0,2322,1169,71293
25,72487,7,0.0,2323,1169,71318
33,72520,7,0.0,2324,1169,71351
23,72543,7,0.0,2325,1169,71374
34,72577,7,0.0,2326,1169,71408
43,72620,7,0.0,2327,1169,71451
47,72667,7,0.0,2328,1169,71498
18,72685,7,0.0,2329,1169,71516
8,72693,7,0.0,2330,1169,71524
55,72748,7,0.0,2331,1169,71579
16,72764,7,0.0,2332,1169,71595
12,72776,7,0.0,2333,1169,71607
16,72792,7,0.0,2334,1169,71623
14,72806,7,0.0,2335,1169,71637
44,72850,7,0.0,2336,1169,71681
9,72859,7,0.0,2337,1169,71690
19,72878,7,0.0,2338,1169,71709
61,72939,7,0.0,2339,1169,71770
33,72972,7,0.0,2340,1169,71803
14,72986,7,0.0,2341,1169,71817
24,73010,7,0.0,2342,1169,71841
11,73021,7,0.0,2343,1169,71852
75,73096,7,0.0,2344,1169,71927
65,73161,7,0.0,2345,1169,71992
34,73195,7,0.0,2346,1169,72026
31,73226,7,0.0,2347,1169,72057
54,73280,7,0.0,2348,1169,72111
67,73347,7,0.0,2349,1169,72178
20,73367,7,0.0,2350,1169,72198
9,73376,7,0.0,2351,1169,72207
12,73388,7,0.0,2352,1169,72219
40,73428,7,0.0,2353,1169,72259
10,73438,7,0.0,2354,1169,72269
76,73514,7,0.0,2355,1169,72345
12,73526,7,0.0,2356,1169,72357
25,73551,7,0.0,2357,1169,72382
74,73625,7,0.0,2358,1169,72456
8,73633,7,0.0,2359,1169,72464
12,73645,7,0.0,2360,1169,72476
36,73681,7,0.0,2361,1169,72512
76,73757,7,0.0,2362,1169,72588
64,73821,7,0.0,2363,1169,72652
27,73848,7,0.0,2364,1169,72679
35,73883,7,0.0,2365,1169,72714
24,73907,7,0.0,2366,1169,72738
71,73978,7,0.0,2367,1169,72809
6,73984,7,0.0,2368,1169,72815
11,73995,7,0.0,2369,1169,72826
20,74015,7,0.0,2370,1169,72846
34,74049,7,0.0,2371,1169,72880
13,74062,7,0.0,2372,1169,72893
88,74150,7,0.0,2373,1169,72981
25,74175,7,0.0,2374,1169,73006
17,74192,7,0.0,2375,1169,73023
29,74221,7,0.0,2376,1169,73052
35,74256,7,0.0,2377,1169,73087
21,74277,7,0.0,2378,1169,73108
86,74363,7,0.0,2379,1169,73194
12,74375,7,0.0,2380,1169,73206
21,74396,7,0.0,2381,1169,73227
28,74424,7,0.0,2382,1169,73255
100,74524,7,0.0,2383,1169,73355
41,74565,7,0.0,2384,1169,73396
32,74597,7,0.0,2385,1169,73428
55,74652,7,0.0,2386,1169,73483
27,74679,7,0.0,2387,1169,73510
33,74712,7,0.0,2388,1169,73543
52,74764,8,1.0,2389,1169,73595
37,74801,8,0.0,2390,1169,73632
13,74814,8,0.0,2391,1169,73645
7,74821,8,0.0,2392,1169,73652
29,74850,8,0.0,2393,1169,73681
9,74859,8,0.0,2394,1169,73690
78,74937,8,0.0,2395,1169,73768
14,74951,8,0.0,2396,1169,73782
19,74970,8,0.0,2397,1169,73801
34,75004,8,0.0,2398,1169,73835
13,75017,8,0.0,2399,1169,73848
14,75031,8,0.0,2400,1169,73862
6,75037,8,0.0,2401,1169,73868
10,75047,8,0.0,2402,1169,73878
10,75057,8,0.0,2403,1169,73888
6,75063,8,0.0,2404,1169,73894
23,75086,9,1.0,2405,1169,73917
9,75095,9,0.0,2406,1169,73926
18,75113,9,0.0,2407,1169,73944
33,75146,9,0.0,2408,1169,73977
30,75176,9,0.0,2409,1169,74007
53,75229,9,0.0,2410,1169,74060
52,75281,10,1.0,2411,1169,74112
23,75304,10,0.0,2412,1169,74135
54,75358,11,1.0,2413,1169,74189
17,75375,11,0.0,2414,1169,74206
25,75400,11,0.0,2415,1169,74231
17,75417,11,0.0,2416,1169,74248
43,75460,11,0.0,2417,1169,74291
17,75477,11,0.0,2418,1169,74308
48,75525,11,0.0,2419,1169,74356
20,75545,11,0.0,2420,1169,74376
34,75579,11,0.0,2421,1169,74410
84,75663,11,0.0,2422,1169,74494
52,75715,11,0.0,2423,1169,74546
28,75743,11,0.0,2424,1169,74574
18,75761,11,0.0,2425,1169,74592
73,75834,11,0.0,2426,1169,74665
37,75871,11,0.0,2427,1169,74702
8,75879,11,0.0,2428,1169,74710
53,75932,11,0.0,2429,1169,74763
32,75964,11,0.0,2430,1169,74795
13,75977,11,0.0,2431,1169,74808
13,75990,11,0.0,2432,1169,74821
7,75997,11,0.0,2433,1169,74828
18,76015,11,0.0,2434,1169,74846
24,76039,11,0.0,2435,1169,74870
14,76053,11,0.0,2436,1169,74884
41,76094,11,0.0,2437,1169,74925
25,76119,11,0.0,2438,1169,74950
59,76178,11,0.0,2439,1169,75009
25,76203,11,0.0,2440,1169,75034
52,76255,11,0.0,2441,1169,75086
25,76280,11,0.0,2442,1169,75111
16,76296,11,0.0,2443,1169,75127
40,76336,11,0.0,2444,1169,75167
44,76380,11,0.0,2445,1169,75211
77,76457,11,0.0,2446,1169,75288
25,76482,11,0.0,2447,1169,75313
29,76511,11,0.0,2448,1169,75342
26,76537,11,0.0,2449,1169,75368
78,76615,11,0.0,2450,1169,75446
24,76639,11,0.0,2451,1169,75470
41,76680,11,0.0,2452,1169,75511
12,76692,11,0.0,2453,1169,75523
26,76718,11,0.0,2454,1169,75549
5,76723,11,0.0,2455,1169,75554
14,76737,11,0.0,2456,1169,75568
40,76777,11,0.0,2457,1169,75608
17,76794,11,0.0,2458,1169,75625
14,76808,11,0.0,2459,1169,75639
42,76850,11,0.0,2460,1169,75681
48,76898,11,0.0,2461,1169,75729
7,76905,11,0.0,2462,1169,75736
11,76916,11,0.0,2463,1169,75747
30,76946,11,0.0,2464,1169,75777
36,76982,11,0.0,2465,1169,75813
100,77082,11,0.0,2466,1169,75913
22,77104,11,0.0,2467,1169,75935
9,77113,11,0.0,2468,1169,75944
24,77137,11,0.0,2469,1169,75968
61,77198,11,0.0,2470,1169,76029
24,77222,11,0.0,2471,1169,76053
8,77230,11,0.0,2472,1169,76061
58,77288,11,0.0,2473,1169,76119
89,77377,11,0.0,2474,1169,76208
28,77405,11,0.0,2475,1169,76236
32,77437,11,0.0,2476,1169,76268
9,77446,11,0.0,2477,1169,76277
100,77546,11,0.0,2478,1169,76377
27,77573,11,0.0,2479,1169,76404
38,77611,11,0.0,2480,1169,76442
27,77638,11,0.0,2481,1169,76469
9,77647,11,0.0,2482,1169,76478
8,77655,11,0.0,2483,1169,76486
27,77682,11,0.0,2484,1169,76513
43,77725,11,0.0,2485,1169,76556
100,77825,11,0.0,2486,1169,76656
55,77880,11,0.0,2487,1169,76711
32,77912,11,0.0,2488,1169,76743
17,77929,11,0.0,2489,1169,76760
15,77944,11,0.0,2490,1169,76775
47,77991,11,0.0,2491,1169,76822
45,78036,11,0.0,2492,1169,76867
47,78083,11,0.0,2493,1169,76914
14,78097,11,0.0,2494,1169,76928
17,78114,11,0.0,2495,1169,76945
23,78137,11,0.0,2496,1169,76968
57,78194,11,0.0,2497,1169,77025
20,78214,11,0.0,2498,1169,77045
6,78220,11,0.0,2499,1169,77051
8,78228,11,0.0,2500,1169,77059
32,78260,11,0.0,2501,1169,77091
37,78297,11,0.0,2502,1169,77128
71,78368,11,0.0,2503,1169,77199
13,78381,11,0.0,2504,1169,77212
30,78411,11,0.0,2505,1169,77242
26,78437,11,0.0,2506,1169,77268
18,78455,11,0.0,2507,1169,77286
17,78472,11,0.0,2508,1169,77303
43,78515,11,0.0,2509,1169,77346
18,78533,11,0.0,2510,1169,77364
13,78546,11,0.0,2511,1169,77377
7,78553,11,0.0,2512,1169,77384
15,78568,11,0.0,2513,1169,77399
15,78583,11,0.0,2514,1169,77414
31,78614,11,0.0,2515,1169,77445
7,78621,11,0.0,2516,1169,77452
11,78632,11,0.0,2517,1169,77463
8,78640,11,0.0,2518,1169,77471
12,78652,11,0.0,2519,1169,77483
47,78699,11,0.0,2520,1169,77530
32,78731,11,0.0,2521,1169,77562
32,78763,11,0.0,2522,1169,77594
11,78774,11,0.0,2523,1169,77605
33,78807,11,0.0,2524,1169,77638
70,78877,11,0.0,2525,1169,77708
17,78894,11,0.0,2526,1169,77725
36,78930,11,0.0,2527,1169,77761
7,78937,11,0.0,2528,1169,77768
79,79016,11,0.0,2529,1169,77847
14,79030,11,0.0,2530,1169,77861
6,79036,11,0.0,2531,1169,77867
80,79116,11,0.0,2532,1169,77947
13,79129,11,0.0,2533,1169,77960
15,79144,11,0.0,2534,1169,77975
16,79160,11,0.0,2535,1169,77991
58,79218,11,0.0,2536,1169,78049
19,79237,11,0.0,2537,1169,78068
13,79250,11,0.0,2538,1169,78081
10,79260,11,0.0,2539,1169,78091
12,79272,11,0.0,2540,1169,78103
5,79277,11,0.0,2541,1169,78108
32,79309,11,0.0,2542,1169,78140
14,79323,11,0.0,2543,1169,78154
9,79332,11,0.0,2544,1169,78163
40,79372,11,0.0,2545,1169,78203
45,79417,11,0.0,2546,1169,78248
46,79463,11,0.0,2547,1169,78294
17,79480,11,0.0,2548,1169,78311
23,79503,11,0.0,2549,1169,78334
38,79541,11,0.0,2550,1169,78372
39,79580,11,0.0,2551,1169,78411
25,79605,11,0.0,2552,1169,78436
73,79678,11,0.0,2553,1169,78509
69,79747,11,0.0,2554,1169,78578
6,79753,11,0.0,2555,1169,78584
14,79767,11,0.0,2556,1169,78598
45,79812,11,0.0,2557,1169,78643
8,79820,11,0.0,2558,1169,78651
21,79841,11,0.0,2559,1169,78672
9,79850,11,0.0,2560,1169,78681
13,79863,11,0.0,2561,1169,78694
16,79879,11,0.0,2562,1169,78710
10,79889,11,0.0,2563,1169,78720
32,79921,11,0.0,2564,1169,78752
45,79966,11,0.0,2565,1169,78797
37,80003,11,0.0,2566,1169,78834
11,80014,11,0.0,2567,1169,78845
21,80035,11,0.0,2568,1169,78866
55,80090,11,0.0,2569,1169,78921
25,80115,11,0.0,2570,1169,78946
30,80145,11,0.0,2571,1169,78976
5,80150,11,0.0,2572,1169,78981
29,80179,11,0.0,2573,1169,79010
70,80249,11,0.0,2574,1169,79080
95,80344,11,0.0,2575,1169,79175
33,80377,11,0.0,2576,1169,79208
52,80429,11,0.0,2577,1169,79260
100,80529,11,0.0,2578,1169,79360
12,80541,11,0.0,2579,1169,79372
20,80561,11,0.0,2580,1169,79392
19,80580,11,0.0,2581,1169,79411
5,80585,11,0.0,2582,1169,79416
5,80590,11,0.0,2583,1169,79421
47,80637,11,0.0,2584,1169,79468
22,80659,11,0.0,2585,1169,79490
5,80664,11,0.0,2586,1169,79495
15,80679,11,0.0,2587,1169,79510
57,80736,11,0.0,2588,1169,79567
27,80763,11,0.0,2589,1169,79594
22,80785,11,0.0,2590,1169,79616
26,80811,11,0.0,2591,1169,79642
44,80855,11,0.0,2592,1169,79686
14,80869,11,0.0,2593,1169,79700
6,80875,11,0.0,2594,1169,79706
8,80883,11,0.0,2595,1169,79714
29,80912,11,0.0,2596,1169,79743
20,80932,11,0.0,2597,1169,79763
76,81008,11,0.0,2598,1169,79839
63,81071,11,0.0,2599,1169,79902
63,81134,11,0.0,2600,1169,79965
15,81149,11,0.0,2601,1169,79980
31,81180,11,0.0,2602,1169,80011
17,81197,11,0.0,2603,1169,80028
25,81222,11,0.0,2604,1169,80053
20,81242,11,0.0,2605,1169,80073
15,81257,11,0.0,2606,1169,80088
28,81285,11,0.0,2607,1169,80116
17,81302,11,0.0,2608,1169,80133
43,81345,11,0.0,2609,1169,80176
100,81445,11,0.0,2610,1169,80276
65,81510,11,0.0,2611,1169,80341
37,81547,11,0.0,2612,1169,80378
29,81576,11,0.0,2613,1169,80407
8,81584,11,0.0,2614,1169,80415
30,81614,11,0.0,2615,1169,80445
73,81687,11,0.0,2616,1169,80518
69,81756,11,0.0,2617,1169,80587
35,81791,11,0.0,2618,1169,80622
28,81819,11,0.0,2619,1169,80650
15,81834,11,0.0,2620,1169,80665
18,81852,11,0.0,2621,1169,80683
55,81907,11,0.0,2622,1169,80738
9,81916,11,0.0,2623,1169,80747
23,81939,11,0.0,2624,1169,80770
20,81959,11,0.0,2625,1169,80790
17,81976,11,0.0,2626,1169,80807
37,82013,11,0.0,2627,1169,80844
10,82023,11,0.0,2628,1169,80854
37,82060,11,0.0,2629,1169,80891
21,82081,11,0.0,2630,1169,80912
27,82108,11,0.0,2631,1169,80939
71,82179,11,0.0,2632,1169,81010
30,82209,11,0.0,2633,1169,81040
27,82236,11,0.0,2634,1169,81067
35,82271,11,0.0,2635,1169,81102
26,82297,11,0.0,2636,1169,81128
24,82321,11,0.0,2637,1169,81152
23,82344,11,0.0,2638,1169,81175
17,82361,11,0.0,2639,1169,81192
40,82401,11,0.0,2640,1169,81232
24,82425,11,0.0,2641,1169,81256
6,82431,11,0.0,2642,1169,81262
5,82436,11,0.0,2643,1169,81267
5,82441,11,0.0,2644,1169,81272
37,82478,11,0.0,2645,1169,81309
31,82509,11,0.0,2646,1169,81340
29,82538,11,0.0,2647,1169,81369
36,82574,11,0.0,2648,1169,81405
18,82592,11,0.0,2649,1169,81423
16,82608,11,0.0,2650,1169,81439
22,82630,11,0.0,2651,1169,81461
18,82648,11,0.0,2652,1169,81479
32,82680,11,0.0,2653,1169,81511
100,82780,11,0.0,2654,1169,81611
26,82806,11,0.0,2655,1169,81637
5,82811,11,0.0,2656,1169,81642
18,82829,11,0.0,2657,1169,81660
38,82867,11,0.0,2658,1169,81698
18,82885,11,0.0,2659,1169,81716
35,82920,11,0.0,2660,1169,81751
35,82955,11,0.0,2661,1169,81786
27,82982,11,0.0,2662,1169,81813
31,83013,11,0.0,2663,1169,81844
8,83021,11,0.0,2664,1169,81852
36,83057,11,0.0,2665,1169,81888
24,83081,11,0.0,2666,1169,81912
53,83134,11,0.0,2667,1169,81965
9,83143,11,0.0,2668,1169,81974
21,83164,11,0.0,2669,1169,81995
11,83175,11,0.0,2670,1169,82006
11,83186,11,0.0,2671,1169,82017
55,83241,11,0.0,2672,1169,82072
30,83271,11,0.0,2673,1169,82102
50,83321,11,0.0,2674,1169,82152
35,83356,11,0.0,2675,1169,82187
16,83372,11,0.0,2676,1169,82203
89,83461,12,1.0,2677,1169,82292
25,83486,12,0.0,2678,1169,82317
36,83522,12,0.0,2679,1169,82353
18,83540,12,0.0,2680,1169,82371
12,83552,12,0.0,2681,1169,82383
19,83571,12,0.0,2682,1169,82402
100,83671,12,0.0,2683,1169,82502
51,83722,12,0.0,2684,1169,82553
12,83734,12,0.0,2685,1169,82565
14,83748,12,0.0,2686,1169,82579
72,83820,12,0.0,2687,1169,82651
83,83903,12,0.0,2688,1169,82734
18,83921,12,0.0,2689,1169,82752
10,83931,12,0.0,2690,1169,82762
36,83967,12,0.0,2691,1169,82798
20,83987,12,0.0,2692,1169,82818
5,83992,12,0.0,2693,1169,82823
51,84043,12,0.0,2694,1169,82874
14,84057,12,0.0,2695,1169,82888
26,84083,12,0.0,2696,1169,82914
9,84092,12,0.0,2697,1169,82923
10,84102,12,0.0,2698,1169,82933
74,84176,13,1.0,2699,1169,83007
32,84208,13,0.0,2700,1169,83039
59,84267,13,0.0,2701,1169,83098
30,84297,13,0.0,2702,1169,83128
100,84397,13,0.0,2703,1169,83228
31,84428,13,0.0,2704,1169,83259
27,84455,13,0.0,2705,1169,83286
30,84485,13,0.0,2706,1169,83316
42,84527,13,0.0,2707,1170,83357
15,84542,13,0.0,2708,1170,83372
75,84617,13,0.0,2709,1170,83447
66,84683,13,0.0,2710,1170,83513
27,84710,13,0.0,2711,1170,83540
15,84725,13,0.0,2712,1170,83555
61,84786,13,0.0,2713,1170,83616
19,84805,13,0.0,2714,1170,83635
12,84817,13,0.0,2715,1170,83647
44,84861,13,0.0,2716,1170,83691
31,84892,14,1.0,2717,1170,83722
54,84946,14,0.0,2718,1170,83776
18,84964,14,0.0,2719,1170,83794
11,84975,14,0.0,2720,1170,83805
14,84989,14,0.0,2721,1170,83819
45,85034,14,0.0,2722,1170,83864
8,85042,14,0.0,2723,1170,83872
23,85065,14,0.0,2724,1170,83895
5,85070,14,0.0,2725,1170,83900
22,85092,14,0.0,2726,1170,83922
49,85141,14,0.0,2727,1170,83971
39,85180,14,0.0,2728,1170,84010
26,85206,14,0.0,2729,1170,84036
58,85264,14,0.0,2730,1170,84094
17,85281,14,0.0,2731,1170,84111
23,85304,14,0.0,2732,1170,84134
27,85331,14,0.0,2733,1170,84161
7,85338,14,0.0,2734,1170,84168
40,85378,14,0.0,2735,1170,84208
76,85454,14,0.0,2736,1170,84284
11,85465,14,0.0,2737,1170,84295
12,85477,14,0.0,2738,1170,84307
35,85512,14,0.0,2739,1170,84342
87,85599,14,0.0,2740,1170,84429
21,85620,14,0.0,2741,1170,84450
32,85652,14,0.0,2742,1170,84482
24,85676,14,0.0,2743,1170,84506
31,85707,14,0.0,2744,1170,84537
22,85729,14,0.0,2745,1170,84559
26,85755,14,0.0,2746,1170,84585
25,85780,14,0.0,2747,1170,84610
42,85822,14,0.0,2748,1170,84652
45,85867,14,0.0,2749,1170,84697
84,85951,14,0.0,2750,1170,84781
12,85963,14,0.0,2751,1170,84793
40,86003,14,0.0,2752,1170,84833
18,86021,14,0.0,2753,1170,84851
47,86068,14,0.0,2754,1170,84898
75,86143,14,0.0,2755,1170,84973
42,86185,14,0.0,2756,1170,85015
42,86227,14,0.0,2757,1170,85057
22,86249,14,0.0,2758,1170,85079
24,86273,14,0.0,2759,1170,85103
10,86283,14,0.0,2760,1170,85113
5,86288,14,0.0,2761,1170,85118
36,86324,14,0.0,2762,1170,85154
61,86385,14,0.0,2763,1170,85215
29,86414,14,0.0,2764,1170,85244
32,86446,14,0.0,2765,1170,85276
38,86484,14,0.0,2766,1170,85314
13,86497,14,0.0,2767,1170,85327
21,86518,14,0.0,2768,1170,85348
13,86531,14,0.0,2769,1170,85361
22,86553,14,0.0,2770,1170,85383
64,86617,14,0.0,2771,1170,85447
20,86637,14,0.0,2772,1170,85467
25,86662,14,0.0,2773,1170,85492
93,86755,14,0.0,2774,1170,85585
48,86803,14,0.0,2775,1170,85633
55,86858,14,0.0,2776,1170,85688
21,86879,14,0.0,2777,1170,85709
15,86894,14,0.0,2778,1170,85724
100,86994,14,0.0,2779,1170,85824
36,87030,14,0.0,2780,1170,85860
20,87050,14,0.0,2781,1170,85880
27,87077,14,0.0,2782,1170,85907
20,87097,14,0.0,2783,1170,85927
55,87152,14,0.0,2784,1170,85982
13,87165,14,0.0,2785,1170,85995
36,87201,14,0.0,2786,1170,86031
91,87292,14,0.0,2787,1170,86122
43,87335,14,0.0,2788,1170,86165
21,87356,14,0.0,2789,1170,86186
19,87375,14,0.0,2790,1170,86205
24,87399,14,0.0,2791,1170,86229
18,87417,14,0.0,2792,1170,86247
19,87436,14,0.0,2793,1170,86266
43,87479,14,0.0,2794,1170,86309
26,87505,14,0.0,2795,1170,86335
36,87541,14,0.0,2796,1170,86371
6,87547,14,0.0,2797,1170,86377
16,87563,14,0.0,2798,1170,86393
15,87578,14,0.0,2799,1170,86408
41,87619,14,0.0,2800,1170,86449
32,87651,14,0.0,2801,1170,86481
33,87684,14,0.0,2802,1170,86514
32,87716,14,0.0,2803,1170,86546
36,87752,14,0.0,2804,1170,86582
30,87782,14,0.0,2805,1170,86612
20,87802,14,0.0,2806,1170,86632
79,87881,14,0.0,2807,1170,86711
12,87893,14,0.0,2808,1170,86723
59,87952,14,0.0,2809,1170,86782
17,87969,14,0.0,2810,1170,86799
16,87985,14,0.0,2811,1170,86815
52,88037,14,0.0,2812,1170,86867
16,88053,14,0.0,2813,1170,86883
31,88084,14,0.0,2814,1170,86914
13,88097,14,0.0,2815,1170,86927
26,88123,14,0.0,2816,1170,86953
18,88141,14,0.0,2817,1170,86971
13,88154,14,0.0,2818,1170,86984
46,88200,14,0.0,2819,1170,87030
17,88217,14,0.0,2820,1170,87047
25,88242,14,0.0,2821,1170,87072
31,88273,14,0.0,2822,1170,87103
17,88290,14,0.0,2823,1170,87120
22,88312,14,0.0,2824,1170,87142
24,88336,14,0.0,2825,1170,87166
16,88352,14,0.0,2826,1170,87182
15,88367,14,0.0,2827,1170,87197
10,88377,14,0.0,2828,1170,87207
31,88408,14,0.0,2829,1170,87238
21,88429,14,0.0,2830,1170,87259
18,88447,14,0.0,2831,1170,87277
45,88492,14,0.0,2832,1170,87322
5,88497,14,0.0,2833,1170,87327
44,88541,14,0.0,2834,1170,87371
29,88570,14,0.0,2835,1170,87400
11,88581,14,0.0,2836,1170,87411
5,88586,14,0.0,2837,1170,87416
27,88613,14,0.0,2838,1170,87443
68,88681,14,0.0,2839,1170,87511
27,88708,14,0.0,2840,1170,87538
21,88729,14,0.0,2841,1170,87559
23,88752,14,0.0,2842,1170,87582
37,88789,14,0.0,2843,1170,87619
68,88857,14,0.0,2844,1170,87687
21,88878,14,0.0,2845,1170,87708
38,88916,14,0.0,2846,1170,87746
10,88926,14,0.0,2847,1170,87756
24,88950,14,0.0,2848,1170,87780
66,89016,14,0.0,2849,1170,87846
21,89037,14,0.0,2850,1170,87867
17,89054,14,0.0,2851,1170,87884
25,89079,14,0.0,2852,1170,87909
26,89105,14,0.0,2853,1170,87935
8,89113,14,0.0,2854,1170,87943
84,89197,14,0.0,2855,1170,88027
13,89210,14,0.0,2856,1170,88040
33,89243,14,0.0,2857,1170,88073
13,89256,14,0.0,2858,1170,88086
11,89267,14,0.0,2859,1170,88097
100,89367,14,0.0,2860,1170,88197
67,89434,14,0.0,2861,1170,88264
38,89472,14,0.0,2862,1170,88302
29,89501,14,0.0,2863,1170,88331
100,89601,14,0.0,2864,1170,88431
17,89618,14,0.0,2865,1170,88448
60,89678,14,0.0,2866,1170,88508
37,89715,14,0.0,2867,1170,88545
30,89745,14,0.0,2868,1170,88575
18,89763,14,0.0,2869,1170,88593
16,89779,14,0.0,2870,1170,88609
24,89803,14,0.0,2871,1170,88633
53,89856,14,0.0,2872,1170,88686
18,89874,14,0.0,2873,1170,88704
15,89889,14,0.0,2874,1170,88719
98,89987,14,0.0,2875,1170,88817
52,90039,14,0.0,2876,1170,88869
23,90062,14,0.0,2877,1170,88892
75,90137,14,0.0,2878,1170,88967
26,90163,14,0.0,2879,1170,88993
28,90191,14,0.0,2880,1170,89021
18,90209,14,0.0,2881,1170,89039
37,90246,14,0.0,2882,1170,89076
49,90295,14,0.0,2883,1170,89125
26,90321,14,0.0,2884,1170,89151
12,90333,14,0.0,2885,1170,89163
25,90358,14,0.0,2886,1170,89188
9,90367,14,0.0,2887,1170,89197
26,90393,14,0.0,2888,1170,89223
51,90444,14,0.0,2889,1170,89274
73,90517,14,0.0,2890,1170,89347
21,90538,14,0.0,2891,1170,89368
17,90555,14,0.0,2892,1170,89385
6,90561,14,0.0,2893,1170,89391
20,90581,14,0.0,2894,1170,89411
48,90629,14,0.0,2895,1170,89459
50,90679,14,0.0,2896,1170,89509
47,90726,14,0.0,2897,1170,89556
13,90739,14,0.0,2898,1170,89569
50,90789,14,0.0,2899,1170,89619
76,90865,14,0.0,2900,1170,89695
22,90887,14,0.0,2901,1170,89717
19,90906,14,0.0,2902,1170,89736
62,90968,14,0.0,2903,1170,89798
30,90998,14,0.0,2904,1170,89828
30,91028,14,0.0,2905,1170,89858
17,91045,14,0.0,2906,1170,89875
75,91120,14,0.0,2907,1170,89950
33,91153,14,0.0,2908,1170,89983
19,91172,14,0.0,2909,1170,90002
28,91200,14,0.0,2910,1170,90030
15,91215,14,0.0,2911,1170,90045
24,91239,14,0.0,2912,1170,90069
18,91257,14,0.0,2913,1170,90087
32,91289,14,0.0,2914,1170,90119
9,91298,14,0.0,2915,1170,90128
11,91309,14,0.0,2916,1170,90139
18,91327,14,0.0,2917,1170,90157
32,91359,14,0.0,2918,1170,90189
28,91387,14,0.0,2919,1170,90217
42,91429,14,0.0,2920,1170,90259
16,91445,14,0.0,2921,1170,90275
57,91502,14,0.0,2922,1170,90332
24,91526,14,0.0,2923,1170,90356
25,91551,14,0.0,2924,1170,90381
30,91581,14,0.0,2925,1170,90411
8,91589,14,0.0,2926,1170,90419
13,91602,14,0.0,2927,1170,90432
16,91618,14,0.0,2928,1170,90448
41,91659,14,0.0,2929,1170,90489
19,91678,14,0.0,2930,1170,90508
31,91709,14,0.0,2931,1170,90539
20,91729,14,0.0,2932,1170,90559
52,91781,15,1.0,2933,1170,90611
11,91792,15,0.0,2934,1170,90622
20,91812,15,0.0,2935,1170,90642
31,91843,15,0.0,2936,1170,90673
11,91854,15,0.0,2937,1170,90684
32,91886,15,0.0,2938,1170,90716
25,91911,15,0.0,2939,1170,90741
11,91922,15,0.0,2940,1170,90752
35,91957,15,0.0,2941,1170,90787
23,91980,15,0.0,2942,1170,90810
17,91997,15,0.0,2943,1170,90827
74,92071,15,0.0,2944,1170,90901
29,92100,15,0.0,2945,1170,90930
73,92173,15,0.0,2946,1170,91003
60,92233,15,0.0,2947,1170,91063
23,92256,15,0.0,2948,1170,91086
10,92266,15,0.0,2949,1170,91096
78,92344,15,0.0,2950,1170,91174
33,92377,15,0.0,2951,1170,91207
37,92414,15,0.0,2952,1170,91244
13,92427,15,0.0,2953,1170,91257
53,92480,15,0.0,2954,1170,91310
29,92509,15,0.0,2955,1170,91339
30,92539,15,0.0,2956,1170,91369
18,92557,15,0.0,2957,1170,91387
18,92575,15,0.0,2958,1170,91405
8,92583,15,0.0,2959,1170,91413
13,92596,15,0.0,2960,1170,91426
57,92653,15,0.0,2961,1170,91483
11,92664,15,0.0,2962,1170,91494
43,92707,15,0.0,2963,1170,91537
13,92720,15,0.0,2964,1170,91550
47,92767,15,0.0,2965,1170,91597
22,92789,15,0.0,2966,1170,91619
31,92820,15,0.0,2967,1170,91650
12,92832,15,0.0,2968,1170,91662
10,92842,15,0.0,2969,1170,91672
34,92876,15,0.0,2970,1170,91706
30,92906,15,0.0,2971,1170,91736
10,92916,15,0.0,2972,1170,91746
100,93016,15,0.0,2973,1170,91846
34,93050,15,0.0,2974,1170,91880
13,93063,15,0.0,2975,1170,91893
15,93078,15,0.0,2976,1170,91908
7,93085,15,0.0,2977,1170,91915
19,93104,15,0.0,2978,1170,91934
10,93114,15,0.0,2979,1170,91944
19,93133,15,0.0,2980,1170,91963
88,93221,15,0.0,2981,1170,92051
62,93283,15,0.0,2982,1170,92113
65,93348,15,0.0,2983,1170,92178
19,93367,15,0.0,2984,1170,92197
24,93391,15,0.0,2985,1170,92221
28,93419,15,0.0,2986,1170,92249
42,93461,15,0.0,2987,1170,92291
50,93511,15,0.0,2988,1170,92341
9,93520,15,0.0,2989,1170,92350
9,93529,15,0.0,2990,1170,92359
9,93538,15,0.0,2991,1170,92368
63,93601,15,0.0,2992,1170,92431
12,93613,15,0.0,2993,1170,92443
19,93632,15,0.0,2994,1170,92462
28,93660,15,0.0,2995,1170,92490
40,93700,15,0.0,2996,1170,92530
27,93727,15,0.0,2997,1170,92557
20,93747,15,0.0,2998,1170,92577
26,93773,15,0.0,2999,1170,92603
11,93784,15,0.0,3000,1170,92614
40,93824,15,0.0,3001,1170,92654
73,93897,15,0.0,3002,1170,92727
20,93917,15,0.0,3003,1170,92747
39,93956,15,0.0,3004,1170,92786
11,93967,15,0.0,3005,1170,92797
57,94024,15,0.0,3006,1170,92854
14,94038,15,0.0,3007,1170,92868
100,94138,15,0.0,3008,1170,92968
12,94150,15,0.0,3009,1170,92980
26,94176,15,0.0,3010,1170,93006
31,94207,15,0.0,3011,1170,93037
5,94212,15,0.0,3012,1170,93042
18,94230,15,0.0,3013,1170,93060
17,94247,15,0.0,3014,1170,93077
22,94269,15,0.0,3015,1170,93099
25,94294,15,0.0,3016,1170,93124
23,94317,15,0.0,3017,1170,93147
27,94344,15,0.0,3018,1170,93174
22,94366,15,0.0,3019,1170,93196
9,94375,15,0.0,3020,1170,93205
34,94409,15,0.0,3021,1170,93239
16,94425,15,0.0,3022,1170,93255
12,94437,15,0.0,3023,1170,93267
8,94445,15,0.0,3024,1170,93275
54,94499,15,0.0,3025,1170,93329
21,94520,15,0.0,3026,1170,93350
6,94526,15,0.0,3027,1170,93356
17,94543,15,0.0,3028,1170,93373
23,94566,15,0.0,3029,1170,93396
22,94588,15,0.0,3030,1170,93418
35,94623,15,0.0,3031,1170,93453
23,94646,15,0.0,3032,1170,93476
59,94705,15,0.0,3033,1170,93535
15,94720,15,0.0,3034,1170,93550
11,94731,15,0.0,3035,1170,93561
49,94780,15,0.0,3036,1170,93610
67,94847,15,0.0,3037,1170,93677
42,94889,15,0.0,3038,1170,93719
31,94920,16,1.0,3039,1170,93750
19,94939,16,0.0,3040,1170,93769
29,94968,16,0.0,3041,1170,93798
14,94982,16,0.0,3042,1170,93812
52,95034,17,1.0,3043,1170,93864
16,95050,17,0.0,3044,1170,93880
6,95056,17,0.0,3045,1170,93886
9,95065,17,0.0,3046,1170,93895
32,95097,17,0.0,3047,1170,93927
57,95154,17,0.0,3048,1170,93984
32,95186,17,0.0,3049,1170,94016
40,95226,17,0.0,3050,1170,94056
34,95260,17,0.0,3051,1170,94090
14,95274,17,0.0,3052,1170,94104
14,95288,17,0.0,3053,1170,94118
28,95316,17,0.0,3054,1170,94146
20,95336,17,0.0,3055,1170,94166
8,95344,17,0.0,3056,1170,94174
34,95378,17,0.0,3057,1170,94208
45,95423,17,0.0,3058,1170,94253
11,95434,17,0.0,3059,1170,94264
9,95443,17,0.0,3060,1170,94273
54,95497,17,0.0,3061,1170,94327
7,95504,17,0.0,3062,1170,94334
18,95522,17,0.0,3063,1170,94352
49,95571,17,0.0,3064,1170,94401
26,95597,17,0.0,3065,1170,94427
23,95620,17,0.0,3066,1170,94450
47,95667,17,0.0,3067,1170,94497
52,95719,17,0.0,3068,1170,94549
58,95777,17,0.0,3069,1170,94607
78,95855,17,0.0,3070,1170,94685
93,95948,17,0.0,3071,1170,94778
38,95986,17,0.0,3072,1170,94816
20,96006,17,0.0,3073,1170,94836
15,96021,17,0.0,3074,1170,94851
13,96034,17,0.0,3075,1170,94864
17,96051,17,0.0,3076,1170,94881
8,96059,17,0.0,3077,1170,94889
24,96083,17,0.0,3078,1170,94913
27,96110,17,0.0,3079,1170,94940
40,96150,17,0.0,3080,1170,94980
15,96165,17,0.0,3081,1170,94995
28,96193,17,0.0,3082,1170,95023
13,96206,17,0.0,3083,1170,95036
31,96237,17,0.0,3084,1170,95067
29,96266,17,0.0,3085,1170,95096
59,96325,17,0.0,3086,1170,95155
9,96334,17,0.0,3087,1170,95164
48,96382,17,0.0,3088,1170,95212
100,96482,17,0.0,3089,1170,95312
33,96515,17,0.0,3090,1170,95345
56,96571,17,0.0,3091,1170,95401
55,96626,17,0.0,3092,1170,95456
14,96640,17,0.0,3093,1170,95470
45,96685,17,0.0,3094,1170,95515
10,96695,17,0.0,3095,1170,95525
33,96728,17,0.0,3096,1170,95558
36,96764,17,0.0,3097,1170,95594
17,96781,17,0.0,3098,1170,95611
100,96881,17,0.0,3099,1170,95711
86,96967,17,0.0,3100,1170,95797
31,96998,17,0.0,3101,1170,95828
22,97020,17,0.0,3102,1170,95850
32,97052,17,0.0,3103,1170,95882
75,97127,17,0.0,3104,1170,95957
10,97137,17,0.0,3105,1170,95967
14,97151,17,0.0,3106,1170,95981
19,97170,17,0.0,3107,1170,96000
72,97242,17,0.0,3108,1170,96072
72,97314,17,0.0,3109,1170,96144
24,97338,17,0.0,3110,1170,96168
27,97365,17,0.0,3111,1170,96195
54,97419,17,0.0,3112,1170,96249
28,97447,17,0.0,3113,1170,96277
19,97466,17,0.0,3114,1170,96296
32,97498,17,0.0,3115,1170,96328
69,97567,17,0.0,3116,1170,96397
16,97583,17,0.0,3117,1170,96413
59,97642,17,0.0,3118,1170,96472
19,97661,17,0.0,3119,1170,96491
27,97688,17,0.0,3120,1170,96518
36,97724,17,0.0,3121,1170,96554
43,97767,17,0.0,3122,1170,96597
10,97777,17,0.0,3123,1170,96607
6,97783,17,0.0,3124,1170,96613
11,97794,17,0.0,3125,1170,96624
22,97816,17,0.0,3126,1170,96646
21,97837,17,0.0,3127,1170,96667
50,97887,17,0.0,3128,1170,96717
22,97909,17,0.0,3129,1170,96739
11,97920,17,0.0,3130,1170,96750
9,97929,17,0.0,3131,1170,96759
36,97965,17,0.0,3132,1170,96795
35,98000,17,0.0,3133,1170,96830
9,98009,17,0.0,3134,1170,96839
7,98016,17,0.0,3135,1170,96846
94,98110,18,1.0,3136,1170,96940
14,98124,18,0.0,3137,1170,96954
42,98166,18,0.0,3138,1170,96996
10,98176,18,0.0,3139,1170,97006
9,98185,18,0.0,3140,1170,97015
8,98193,18,0.0,3141,1170,97023
40,98233,18,0.0,3142,1170,97063
31,98264,18,0.0,3143,1170,97094
60,98324,18,0.0,3144,1170,97154
9,98333,18,0.0,3145,1170,97163
34,98367,18,0.0,3146,1170,97197
18,98385,18,0.0,3147,1170,97215
64,98449,18,0.0,3148,1170,97279
10,98459,18,0.0,3149,1170,97289
16,98475,18,0.0,3150,1170,97305
87,98562,18,0.0,3151,1170,97392
21,98583,18,0.0,3152,1170,97413
17,98600,18,0.0,3153,1170,97430
59,98659,18,0.0,3154,1170,97489
15,98674,18,0.0,3155,1170,97504
66,98740,18,0.0,3156,1170,97570
10,98750,18,0.0,3157,1170,97580
94,98844,18,0.0,3158,1170,97674
31,98875,18,0.0,3159,1170,97705
12,98887,18,0.0,3160,1170,97717
7,98894,18,0.0,3161,1170,97724
21,98915,18,0.0,3162,1170,97745
33,98948,18,0.0,3163,1170,97778
67,99015,18,0.0,3164,1170,97845
8,99023,18,0.0,3165,1170,97853
25,99048,18,0.0,3166,1170,97878
20,99068,18,0.0,3167,1170,97898
25,99093,18,0.0,3168,1170,97923
8,99101,18,0.0,3169,1170,97931
74,99175,19,1.0,3170,1170,98005
6,99181,19,0.0,3171,1170,98011
34,99215,19,0.0,3172,1170,98045
9,99224,19,0.0,3173,1170,98054
44,99268,19,0.0,3174,1170,98098
97,99365,19,0.0,3175,1170,98195
73,99438,19,0.0,3176,1170,98268
16,99454,19,0.0,3177,1170,98284
30,99484,19,0.0,3178,1170,98314
33,99517,19,0.0,3179,1170,98347
9,99526,19,0.0,3180,1170,98356
14,99540,19,0.0,3181,1170,98370
21,99561,19,0.0,3182,1170,98391
19,99580,19,0.0,3183,1170,98410
64,99644,19,0.0,3184,1170,98474
8,99652,19,0.0,3185,1170,98482
40,99692,19,0.0,3186,1170,98522
76,99768,19,0.0,3187,1170,98598
14,99782,19,0.0,3188,1170,98612
20,99802,19,0.0,3189,1170,98632
37,99839,19,0.0,3190,1170,98669
7,99846,19,0.0,3191,1170,98676
46,99892,19,0.0,3192,1170,98722
46,99938,19,0.0,3193,1170,98768
27,99965,19,0.0,3194,1170,98795
