iteration,successes,successes_episode,reward_episode,episode_count,random_act,timestep
29,29,0,0.0,1,19,10
23,52,0,0.0,2,33,19
20,72,0,0.0,3,47,25
5,77,0,0.0,4,51,26
32,109,0,0.0,5,77,32
18,127,0,0.0,6,90,37
47,174,0,0.0,7,130,44
46,220,0,0.0,8,165,55
14,234,0,0.0,9,178,56
38,272,0,0.0,10,205,67
9,281,0,0.0,11,213,68
100,381,0,0.0,12,294,87
31,412,0,0.0,13,323,89
34,446,0,0.0,14,354,92
20,466,0,0.0,15,367,99
9,475,0,0.0,16,375,100
31,506,0,0.0,17,398,108
10,516,0,0.0,18,406,110
6,522,0,0.0,19,410,112
40,562,0,0.0,20,444,118
27,589,0,0.0,21,464,125
21,610,0,0.0,22,482,128
27,637,0,0.0,23,505,132
42,679,0,0.0,24,538,141
78,757,0,0.0,25,598,159
15,772,0,0.0,26,612,160
17,789,0,0.0,27,625,164
17,806,0,0.0,28,640,166
6,812,0,0.0,29,645,167
16,828,0,0.0,30,660,168
16,844,0,0.0,31,674,170
32,876,0,0.0,32,700,176
23,899,0,0.0,33,718,181
89,988,0,0.0,34,781,207
100,1088,0,0.0,35,865,223
25,1113,0,0.0,36,883,230
8,1121,0,0.0,37,888,233
34,1155,0,0.0,38,915,240
7,1162,0,0.0,39,921,241
26,1188,0,0.0,40,941,247
24,1212,0,0.0,41,962,250
9,1221,0,0.0,42,969,252
51,1272,0,0.0,43,1015,257
10,1282,0,0.0,44,1021,261
38,1320,0,0.0,45,1051,269
32,1352,0,0.0,46,1077,275
38,1390,0,0.0,47,1105,285
57,1447,0,0.0,48,1145,302
19,1466,0,0.0,49,1162,304
11,1477,0,0.0,50,1171,306
40,1517,0,0.0,51,1205,312
72,1589,0,0.0,52,1264,325
36,1625,0,0.0,53,1293,332
8,1633,0,0.0,54,1300,333
39,1672,0,0.0,55,1331,341
12,1684,0,0.0,56,1343,341
32,1716,0,0.0,57,1368,348
100,1816,0,0.0,58,1449,367
27,1843,0,0.0,59,1472,371
39,1882,0,0.0,60,1501,381
20,1902,0,0.0,61,1518,384
8,1910,0,0.0,62,1526,384
53,1963,0,0.0,63,1571,392
11,1974,0,0.0,64,1581,393
20,1994,0,0.0,65,1595,399
10,2004,0,0.0,66,1603,401
48,2052,0,0.0,67,1641,411
26,2078,0,0.0,68,1659,419
52,2130,0,0.0,69,1704,426
21,2151,0,0.0,70,1719,432
9,2160,0,0.0,71,1727,433
37,2197,0,0.0,72,1758,439
36,2233,0,0.0,73,1781,452
59,2292,0,0.0,74,1827,465
100,2392,0,0.0,75,1906,486
24,2416,0,0.0,76,1925,491
44,2460,0,0.0,77,1958,502
22,2482,0,0.0,78,1975,507
17,2499,0,0.0,79,1988,511
12,2511,0,0.0,80,1998,513
53,2564,0,0.0,81,2040,524
36,2600,0,0.0,82,2071,529
62,2662,0,0.0,83,2121,541
20,2682,0,0.0,84,2139,543
8,2690,0,0.0,85,2144,546
41,2731,0,0.0,86,2181,550
17,2748,0,0.0,87,2192,556
10,2758,0,0.0,88,2202,556
36,2794,0,0.0,89,2227,567
24,2818,0,0.0,90,2246,572
6,2824,0,0.0,91,2251,573
61,2885,0,0.0,92,2296,589
55,2940,0,0.0,93,2336,604
71,3011,0,0.0,94,2398,613
34,3045,0,0.0,95,2424,621
14,3059,0,0.0,96,2435,624
29,3088,0,0.0,97,2459,629
21,3109,0,0.0,98,2475,634
28,3137,0,0.0,99,2500,637
16,3153,0,0.0,100,2513,640
12,3165,0,0.0,101,2524,641
22,3187,0,0.0,102,2541,646
15,3202,0,0.0,103,2552,650
20,3222,0,0.0,104,2568,654
87,3309,0,0.0,105,2639,670
21,3330,0,0.0,106,2657,673
32,3362,0,0.0,107,2681,681
78,3440,0,0.0,108,2740,700
16,3456,0,0.0,109,2751,705
35,3491,0,0.0,110,2776,715
7,3498,0,0.0,111,2780,718
27,3525,0,0.0,112,2800,725
9,3534,0,0.0,113,2807,727
60,3594,0,0.0,114,2852,742
31,3625,0,0.0,115,2873,752
17,3642,0,0.0,116,2888,754
57,3699,0,0.0,117,2935,764
29,3728,0,0.0,118,2964,764
10,3738,0,0.0,119,2974,764
8,3746,0,0.0,120,2979,767
43,3789,0,0.0,121,3014,775
20,3809,0,0.0,122,3030,779
13,3822,0,0.0,123,3040,782
34,3856,0,0.0,124,3068,788
19,3875,0,0.0,125,3084,791
63,3938,0,0.0,126,3136,802
28,3966,0,0.0,127,3158,808
69,4035,0,0.0,128,3214,821
36,4071,0,0.0,129,3245,826
88,4159,0,0.0,130,3315,844
18,4177,0,0.0,131,3326,851
17,4194,0,0.0,132,3340,854
11,4205,0,0.0,133,3345,860
11,4216,0,0.0,134,3354,862
30,4246,0,0.0,135,3375,871
45,4291,0,0.0,136,3405,886
47,4338,0,0.0,137,3444,894
15,4353,0,0.0,138,3457,896
64,4417,0,0.0,139,3502,915
15,4432,0,0.0,140,3515,917
21,4453,0,0.0,141,3532,921
21,4474,0,0.0,142,3553,921
35,4509,0,0.0,143,3582,927
22,4531,0,0.0,144,3595,936
26,4557,0,0.0,145,3616,941
15,4572,0,0.0,146,3629,943
83,4655,0,0.0,147,3698,957
13,4668,0,0.0,148,3705,963
44,4712,0,0.0,149,3741,971
34,4746,0,0.0,150,3767,979
49,4795,0,0.0,151,3809,986
65,4860,0,0.0,152,3860,1000
32,4892,0,0.0,153,3888,1004
22,4914,0,0.0,154,3900,1014
11,4925,0,0.0,155,3906,1019
14,4939,0,0.0,156,3918,1021
27,4966,0,0.0,157,3936,1030
26,4992,0,0.0,158,3957,1035
9,5001,0,0.0,159,3966,1035
21,5022,0,0.0,160,3981,1041
8,5030,0,0.0,161,3989,1041
14,5044,0,0.0,162,4002,1042
22,5066,0,0.0,163,4024,1042
12,5078,0,0.0,164,4035,1043
35,5113,0,0.0,165,4067,1046
99,5212,0,0.0,166,4144,1068
63,5275,0,0.0,167,4192,1083
19,5294,0,0.0,168,4206,1088
12,5306,0,0.0,169,4215,1091
18,5324,0,0.0,170,4233,1091
24,5348,0,0.0,171,4255,1093
10,5358,0,0.0,172,4261,1097
25,5383,0,0.0,173,4282,1101
53,5436,0,0.0,174,4326,1110
100,5536,0,0.0,175,4415,1121
25,5561,0,0.0,176,4433,1128
6,5567,0,0.0,177,4437,1130
25,5592,0,0.0,178,4459,1133
28,5620,0,0.0,179,4484,1136
46,5666,0,0.0,180,4521,1145
65,5731,0,0.0,181,4572,1159
21,5752,0,0.0,182,4591,1161
100,5852,0,0.0,183,4675,1177
19,5871,0,0.0,184,4693,1178
25,5896,0,0.0,185,4714,1182
22,5918,0,0.0,186,4731,1187
9,5927,0,0.0,187,4738,1189
39,5966,0,0.0,188,4771,1195
10,5976,0,0.0,189,4780,1196
24,6000,0,0.0,190,4800,1200
58,6058,0,0.0,191,4846,1212
43,6101,0,0.0,192,4885,1216
24,6125,0,0.0,193,4906,1219
54,6179,0,0.0,194,4948,1231
50,6229,0,0.0,195,4988,1241
19,6248,0,0.0,196,5004,1244
8,6256,0,0.0,197,5011,1245
21,6277,0,0.0,198,5029,1248
29,6306,0,0.0,199,5055,1251
12,6318,0,0.0,200,5066,1252
9,6327,0,0.0,201,5075,1252
25,6352,0,0.0,202,5098,1254
16,6368,0,0.0,203,5108,1260
26,6394,0,0.0,204,5126,1268
38,6432,0,0.0,205,5158,1274
18,6450,0,0.0,206,5173,1277
27,6477,0,0.0,207,5198,1279
56,6533,0,0.0,208,5248,1285
24,6557,0,0.0,209,5264,1293
76,6633,0,0.0,210,5324,1309
16,6649,0,0.0,211,5338,1311
7,6656,0,0.0,212,5343,1313
10,6666,0,0.0,213,5349,1317
16,6682,0,0.0,214,5363,1319
81,6763,0,0.0,215,5428,1335
48,6811,0,0.0,216,5467,1344
26,6837,0,0.0,217,5490,1347
27,6864,0,0.0,218,5512,1352
14,6878,0,0.0,219,5522,1356
13,6891,0,0.0,220,5533,1358
18,6909,0,0.0,221,5548,1361
29,6938,0,0.0,222,5572,1366
43,6981,0,0.0,223,5607,1374
44,7025,0,0.0,224,5641,1384
26,7051,0,0.0,225,5661,1390
15,7066,0,0.0,226,5672,1394
45,7111,0,0.0,227,5708,1403
8,7119,0,0.0,228,5714,1405
28,7147,0,0.0,229,5737,1410
17,7164,0,0.0,230,5750,1414
13,7177,0,0.0,231,5761,1416
69,7246,0,0.0,232,5816,1430
14,7260,0,0.0,233,5826,1434
11,7271,0,0.0,234,5834,1437
35,7306,0,0.0,235,5863,1443
16,7322,0,0.0,236,5876,1446
15,7337,0,0.0,237,5889,1448
7,7344,0,0.0,238,5896,1448
50,7394,0,0.0,239,5937,1457
45,7439,0,0.0,240,5969,1470
28,7467,0,0.0,241,5986,1481
19,7486,0,0.0,242,6002,1484
9,7495,0,0.0,243,6011,1484
33,7528,0,0.0,244,6036,1492
23,7551,0,0.0,245,6055,1496
40,7591,0,0.0,246,6085,1506
33,7624,0,0.0,247,6114,1510
26,7650,0,0.0,248,6133,1517
58,7708,0,0.0,249,6181,1527
27,7735,0,0.0,250,6203,1532
11,7746,0,0.0,251,6212,1534
44,7790,0,0.0,252,6246,1544
34,7824,0,0.0,253,6273,1551
13,7837,0,0.0,254,6282,1555
40,7877,0,0.0,255,6311,1566
36,7913,0,0.0,256,6344,1569
34,7947,0,0.0,257,6368,1579
11,7958,0,0.0,258,6377,1581
19,7977,0,0.0,259,6393,1584
84,8061,0,0.0,260,6465,1596
6,8067,0,0.0,261,6468,1599
6,8073,0,0.0,262,6474,1599
43,8116,0,0.0,263,6505,1611
40,8156,0,0.0,264,6535,1621
97,8253,0,0.0,265,6606,1647
6,8259,0,0.0,266,6611,1648
33,8292,0,0.0,267,6633,1659
58,8350,0,0.0,268,6683,1667
26,8376,0,0.0,269,6706,1670
25,8401,0,0.0,270,6725,1676
43,8444,0,0.0,271,6758,1686
12,8456,0,0.0,272,6766,1690
22,8478,0,0.0,273,6784,1694
32,8510,0,0.0,274,6811,1699
25,8535,0,0.0,275,6831,1704
51,8586,0,0.0,276,6867,1719
48,8634,0,0.0,277,6905,1729
10,8644,0,0.0,278,6915,1729
13,8657,0,0.0,279,6924,1733
21,8678,0,0.0,280,6941,1737
85,8763,0,0.0,281,7010,1753
55,8818,0,0.0,282,7054,1764
40,8858,0,0.0,283,7087,1771
9,8867,0,0.0,284,7095,1772
17,8884,0,0.0,285,7110,1774
36,8920,0,0.0,286,7140,1780
10,8930,0,0.0,287,7149,1781
46,8976,0,0.0,288,7181,1795
72,9048,0,0.0,289,7241,1807
43,9091,0,0.0,290,7271,1820
7,9098,0,0.0,291,7278,1820
19,9117,0,0.0,292,7293,1824
69,9186,0,0.0,293,7352,1834
15,9201,0,0.0,294,7366,1835
20,9221,0,0.0,295,7382,1839
54,9275,0,0.0,296,7424,1851
25,9300,0,0.0,297,7442,1858
38,9338,0,0.0,298,7476,1862
100,9438,0,0.0,299,7560,1878
7,9445,0,0.0,300,7564,1881
91,9536,0,0.0,301,7638,1898
48,9584,0,0.0,302,7681,1903
50,9634,0,0.0,303,7725,1909
25,9659,0,0.0,304,7743,1916
33,9692,0,0.0,305,7769,1923
38,9730,0,0.0,306,7794,1936
18,9748,0,0.0,307,7807,1941
57,9805,0,0.0,308,7855,1950
26,9831,0,0.0,309,7877,1954
40,9871,0,0.0,310,7909,1962
22,9893,0,0.0,311,7924,1969
100,9993,0,0.0,312,8005,1988
19,10012,0,0.0,313,8022,1990
18,10030,0,0.0,314,8038,1992
33,10063,0,0.0,315,8064,1999
78,10141,0,0.0,316,8129,2012
47,10188,0,0.0,317,8166,2022
13,10201,0,0.0,318,8176,2025
43,10244,0,0.0,319,8211,2033
30,10274,0,0.0,320,8241,2033
22,10296,0,0.0,321,8259,2037
75,10371,0,0.0,322,8320,2051
5,10376,0,0.0,323,8325,2051
28,10404,0,0.0,324,8344,2060
23,10427,0,0.0,325,8361,2066
6,10433,0,0.0,326,8366,2067
42,10475,0,0.0,327,8401,2074
9,10484,0,0.0,328,8407,2077
12,10496,0,0.0,329,8415,2081
20,10516,0,0.0,330,8432,2084
14,10530,0,0.0,331,8442,2088
35,10565,0,0.0,332,8473,2092
15,10580,0,0.0,333,8485,2095
25,10605,0,0.0,334,8501,2104
47,10652,0,0.0,335,8540,2112
92,10744,0,0.0,336,8617,2127
16,10760,0,0.0,337,8629,2131
15,10775,0,0.0,338,8641,2134
33,10808,0,0.0,339,8666,2142
5,10813,0,0.0,340,8669,2144
12,10825,0,0.0,341,8680,2145
8,10833,0,0.0,342,8687,2146
26,10859,0,0.0,343,8708,2151
37,10896,0,0.0,344,8739,2157
14,10910,0,0.0,345,8751,2159
20,10930,0,0.0,346,8770,2160
20,10950,0,0.0,347,8785,2165
53,11003,0,0.0,348,8831,2172
12,11015,0,0.0,349,8842,2173
47,11062,0,0.0,350,8883,2179
22,11084,0,0.0,351,8901,2183
28,11112,0,0.0,352,8926,2186
18,11130,0,0.0,353,8943,2187
26,11156,0,0.0,354,8963,2193
18,11174,0,0.0,355,8979,2195
12,11186,0,0.0,356,8990,2196
13,11199,0,0.0,357,9001,2198
21,11220,0,0.0,358,9019,2201
12,11232,0,0.0,359,9030,2202
24,11256,0,0.0,360,9052,2204
31,11287,0,0.0,361,9077,2210
25,11312,0,0.0,362,9096,2216
43,11355,0,0.0,363,9129,2226
10,11365,0,0.0,364,9138,2227
12,11377,0,0.0,365,9149,2228
56,11433,0,0.0,366,9193,2240
26,11459,0,0.0,367,9215,2244
39,11498,0,0.0,368,9247,2251
12,11510,0,0.0,369,9255,2255
26,11536,0,0.0,370,9277,2259
25,11561,0,0.0,371,9298,2263
47,11608,0,0.0,372,9333,2275
20,11628,0,0.0,373,9352,2276
67,11695,0,0.0,374,9406,2289
13,11708,0,0.0,375,9416,2292
57,11765,0,0.0,376,9460,2305
14,11779,0,0.0,377,9471,2308
32,11811,0,0.0,378,9498,2313
52,11863,0,0.0,379,9535,2328
35,11898,0,0.0,380,9564,2334
16,11914,0,0.0,381,9579,2335
34,11948,0,0.0,382,9602,2346
58,12006,0,0.0,383,9648,2358
30,12036,0,0.0,384,9674,2362
24,12060,0,0.0,385,9694,2366
9,12069,0,0.0,386,9701,2368
12,12081,0,0.0,387,9712,2369
16,12097,0,0.0,388,9725,2372
8,12105,0,0.0,389,9730,2375
18,12123,0,0.0,390,9744,2379
20,12143,0,0.0,391,9756,2387
53,12196,0,0.0,392,9793,2403
47,12243,0,0.0,393,9832,2411
26,12269,0,0.0,394,9854,2415
44,12313,0,0.0,395,9889,2424
25,12338,0,0.0,396,9906,2432
22,12360,0,0.0,397,9927,2433
11,12371,0,0.0,398,9936,2435
20,12391,0,0.0,399,9951,2440
17,12408,0,0.0,400,9965,2443
20,12428,0,0.0,401,9981,2447
39,12467,0,0.0,402,10014,2453
19,12486,0,0.0,403,10029,2457
30,12516,0,0.0,404,10056,2460
43,12559,0,0.0,405,10091,2468
9,12568,0,0.0,406,10099,2469
29,12597,0,0.0,407,10122,2475
16,12613,0,0.0,408,10134,2479
18,12631,0,0.0,409,10146,2485
30,12661,0,0.0,410,10167,2494
25,12686,0,0.0,411,10189,2497
53,12739,0,0.0,412,10233,2506
31,12770,0,0.0,413,10261,2509
18,12788,0,0.0,414,10273,2515
75,12863,0,0.0,415,10334,2529
43,12906,0,0.0,416,10370,2536
12,12918,0,0.0,417,10380,2538
87,13005,0,0.0,418,10447,2558
18,13023,0,0.0,419,10460,2563
21,13044,0,0.0,420,10476,2568
23,13067,0,0.0,421,10495,2572
6,13073,0,0.0,422,10500,2573
13,13086,0,0.0,423,10511,2575
44,13130,0,0.0,424,10547,2583
19,13149,0,0.0,425,10560,2589
54,13203,0,0.0,426,10606,2597
31,13234,0,0.0,427,10632,2602
26,13260,0,0.0,428,10652,2608
13,13273,0,0.0,429,10662,2611
100,13373,0,0.0,430,10740,2633
39,13412,0,0.0,431,10773,2639
15,13427,0,0.0,432,10786,2641
32,13459,0,0.0,433,10807,2652
18,13477,0,0.0,434,10821,2656
12,13489,0,0.0,435,10829,2660
12,13501,0,0.0,436,10839,2662
43,13544,0,0.0,437,10877,2667
13,13557,0,0.0,438,10888,2669
62,13619,0,0.0,439,10934,2685
91,13710,0,0.0,440,11004,2706
23,13733,0,0.0,441,11021,2712
13,13746,0,0.0,442,11031,2715
10,13756,0,0.0,443,11038,2718
22,13778,0,0.0,444,11058,2720
20,13798,0,0.0,445,11075,2723
20,13818,0,0.0,446,11087,2731
37,13855,0,0.0,447,11116,2739
14,13869,0,0.0,448,11127,2742
8,13877,0,0.0,449,11133,2744
13,13890,0,0.0,450,11143,2747
44,13934,0,0.0,451,11178,2756
15,13949,0,0.0,452,11188,2761
100,14049,0,0.0,453,11266,2783
18,14067,0,0.0,454,11283,2784
42,14109,0,0.0,455,11319,2790
11,14120,0,0.0,456,11328,2792
17,14137,0,0.0,457,11345,2792
57,14194,0,0.0,458,11390,2804
52,14246,0,0.0,459,11430,2816
35,14281,0,0.0,460,11455,2826
17,14298,0,0.0,461,11467,2831
100,14398,0,0.0,462,11551,2847
25,14423,0,0.0,463,11569,2854
27,14450,0,0.0,464,11590,2860
13,14463,0,0.0,465,11599,2864
39,14502,0,0.0,466,11633,2869
32,14534,0,0.0,467,11656,2878
22,14556,0,0.0,468,11675,2881
21,14577,0,0.0,469,11693,2884
18,14595,0,0.0,470,11709,2886
49,14644,0,0.0,471,11746,2898
46,14690,0,0.0,472,11783,2907
13,14703,0,0.0,473,11796,2907
13,14716,0,0.0,474,11808,2908
29,14745,0,0.0,475,11834,2911
100,14845,0,0.0,476,11907,2938
14,14859,0,0.0,477,11918,2941
26,14885,0,0.0,478,11940,2945
16,14901,0,0.0,479,11954,2947
61,14962,0,0.0,480,12002,2960
54,15016,0,0.0,481,12046,2970
19,15035,0,0.0,482,12062,2973
14,15049,0,0.0,483,12073,2976
37,15086,0,0.0,484,12096,2990
47,15133,0,0.0,485,12134,2999
8,15141,0,0.0,486,12141,3000
51,15192,0,0.0,487,12183,3009
20,15212,0,0.0,488,12200,3012
43,15255,0,0.0,489,12236,3019
40,15295,0,0.0,490,12269,3026
22,15317,0,0.0,491,12287,3030
32,15349,0,0.0,492,12314,3035
30,15379,0,0.0,493,12336,3043
23,15402,0,0.0,494,12356,3046
20,15422,0,0.0,495,12372,3050
45,15467,0,0.0,496,12408,3059
21,15488,0,0.0,497,12428,3060
72,15560,0,0.0,498,12484,3076
14,15574,0,0.0,499,12494,3080
28,15602,0,0.0,500,12517,3085
54,15656,0,0.0,501,12560,3096
19,15675,0,0.0,502,12574,3101
42,15717,0,0.0,503,12608,3109
32,15749,0,0.0,504,12636,3113
23,15772,0,0.0,505,12652,3120
35,15807,0,0.0,506,12678,3129
23,15830,0,0.0,507,12694,3136
32,15862,0,0.0,508,12724,3138
36,15898,0,0.0,509,12756,3142
13,15911,0,0.0,510,12765,3146
23,15934,0,0.0,511,12787,3147
59,15993,0,0.0,512,12838,3155
44,16037,0,0.0,513,12872,3165
68,16105,0,0.0,514,12930,3175
19,16124,0,0.0,515,12948,3176
7,16131,0,0.0,516,12953,3178
29,16160,0,0.0,517,12976,3184
50,16210,0,0.0,518,13014,3196
33,16243,0,0.0,519,13040,3203
23,16266,0,0.0,520,13056,3210
45,16311,0,0.0,521,13091,3220
23,16334,0,0.0,522,13108,3226
22,16356,0,0.0,523,13125,3231
44,16400,0,0.0,524,13163,3237
33,16433,0,0.0,525,13188,3245
36,16469,0,0.0,526,13218,3251
37,16506,0,0.0,527,13242,3264
32,16538,0,0.0,528,13264,3274
22,16560,0,0.0,529,13280,3280
10,16570,0,0.0,530,13288,3282
15,16585,0,0.0,531,13301,3284
22,16607,0,0.0,532,13319,3288
16,16623,0,0.0,533,13333,3290
15,16638,0,0.0,534,13344,3294
38,16676,0,0.0,535,13379,3297
45,16721,0,0.0,536,13418,3303
83,16804,0,0.0,537,13487,3317
26,16830,0,0.0,538,13509,3321
12,16842,0,0.0,539,13517,3325
17,16859,0,0.0,540,13531,3328
26,16885,0,0.0,541,13554,3331
19,16904,0,0.0,542,13571,3333
9,16913,0,0.0,543,13580,3333
21,16934,0,0.0,544,13598,3336
13,16947,0,0.0,545,13606,3341
16,16963,0,0.0,546,13620,3343
24,16987,0,0.0,547,13635,3352
19,17006,0,0.0,548,13646,3360
12,17018,0,0.0,549,13654,3364
37,17055,0,0.0,550,13687,3368
17,17072,0,0.0,551,13700,3372
13,17085,0,0.0,552,13710,3375
26,17111,0,0.0,553,13729,3382
8,17119,0,0.0,554,13736,3383
47,17166,0,0.0,555,13775,3391
42,17208,0,0.0,556,13809,3399
49,17257,0,0.0,557,13850,3407
28,17285,0,0.0,558,13876,3409
56,17341,0,0.0,559,13917,3424
56,17397,0,0.0,560,13962,3435
80,17477,0,0.0,561,14024,3453
50,17527,0,0.0,562,14062,3465
23,17550,0,0.0,563,14082,3468
11,17561,0,0.0,564,14088,3473
33,17594,0,0.0,565,14116,3478
100,17694,0,0.0,566,14200,3494
41,17735,0,0.0,567,14232,3503
5,17740,0,0.0,568,14236,3504
18,17758,0,0.0,569,14249,3509
36,17794,0,0.0,570,14273,3521
13,17807,0,0.0,571,14283,3524
23,17830,0,0.0,572,14301,3529
22,17852,0,0.0,573,14318,3534
46,17898,0,0.0,574,14355,3543
15,17913,0,0.0,575,14367,3546
33,17946,0,0.0,576,14396,3550
24,17970,0,0.0,577,14417,3553
24,17994,0,0.0,578,14436,3558
34,18028,0,0.0,579,14462,3566
12,18040,0,0.0,580,14472,3568
36,18076,0,0.0,581,14499,3577
6,18082,0,0.0,582,14504,3578
16,18098,0,0.0,583,14518,3580
12,18110,0,0.0,584,14529,3581
25,18135,0,0.0,585,14549,3586
20,18155,0,0.0,586,14567,3588
6,18161,0,0.0,587,14572,3589
46,18207,0,0.0,588,14607,3600
10,18217,0,0.0,589,14614,3603
29,18246,0,0.0,590,14637,3609
11,18257,0,0.0,591,14646,3611
34,18291,0,0.0,592,14676,3615
15,18306,0,0.0,593,14689,3617
19,18325,0,0.0,594,14702,3623
11,18336,0,0.0,595,14710,3626
10,18346,0,0.0,596,14719,3627
23,18369,0,0.0,597,14739,3630
21,18390,0,0.0,598,14752,3638
89,18479,0,0.0,599,14818,3661
27,18506,0,0.0,600,14841,3665
55,18561,0,0.0,601,14887,3674
16,18577,0,0.0,602,14901,3676
49,18626,0,0.0,603,14940,3686
93,18719,0,0.0,604,15008,3711
14,18733,0,0.0,605,15020,3713
7,18740,0,0.0,606,15027,3713
48,18788,0,0.0,607,15070,3718
33,18821,0,0.0,608,15100,3721
17,18838,0,0.0,609,15113,3725
12,18850,0,0.0,610,15122,3728
10,18860,0,0.0,611,15131,3729
19,18879,0,0.0,612,15146,3733
72,18951,0,0.0,613,15203,3748
24,18975,0,0.0,614,15221,3754
86,19061,0,0.0,615,15294,3767
22,19083,0,0.0,616,15311,3772
14,19097,0,0.0,617,15320,3777
11,19108,0,0.0,618,15328,3780
30,19138,0,0.0,619,15352,3786
19,19157,0,0.0,620,15366,3791
69,19226,0,0.0,621,15421,3805
32,19258,0,0.0,622,15447,3811
17,19275,0,0.0,623,15461,3814
27,19302,0,0.0,624,15481,3821
28,19330,0,0.0,625,15507,3823
32,19362,0,0.0,626,15532,3830
19,19381,0,0.0,627,15546,3835
17,19398,0,0.0,628,15557,3841
52,19450,0,0.0,629,15595,3855
37,19487,0,0.0,630,15621,3866
55,19542,0,0.0,631,15662,3880
46,19588,0,0.0,632,15701,3887
10,19598,0,0.0,633,15709,3889
16,19614,0,0.0,634,15721,3893
46,19660,0,0.0,635,15761,3899
15,19675,0,0.0,636,15774,3901
14,19689,0,0.0,637,15785,3904
15,19704,0,0.0,638,15799,3905
24,19728,0,0.0,639,15820,3908
15,19743,0,0.0,640,15832,3911
14,19757,0,0.0,641,15844,3913
15,19772,0,0.0,642,15857,3915
9,19781,0,0.0,643,15863,3918
33,19814,0,0.0,644,15885,3929
58,19872,0,0.0,645,15938,3934
24,19896,0,0.0,646,15958,3938
13,19909,0,0.0,647,15969,3940
27,19936,0,0.0,648,15988,3948
34,19970,0,0.0,649,16015,3955
9,19979,0,0.0,650,16022,3957
20,19999,0,0.0,651,16036,3963
36,20035,0,0.0,652,16068,3967
17,20052,0,0.0,653,16080,3972
12,20064,0,0.0,654,16091,3973
60,20124,0,0.0,655,16136,3988
31,20155,0,0.0,656,16163,3992
8,20163,0,0.0,657,16171,3992
23,20186,0,0.0,658,16191,3995
56,20242,0,0.0,659,16236,4006
8,20250,0,0.0,660,16241,4009
13,20263,0,0.0,661,16251,4012
63,20326,0,0.0,662,16302,4024
5,20331,0,0.0,663,16304,4027
9,20340,0,0.0,664,16312,4028
26,20366,0,0.0,665,16338,4028
5,20371,0,0.0,666,16342,4029
52,20423,0,0.0,667,16383,4040
13,20436,0,0.0,668,16392,4044
44,20480,0,0.0,669,16428,4052
25,20505,0,0.0,670,16450,4055
11,20516,0,0.0,671,16459,4057
16,20532,0,0.0,672,16470,4062
17,20549,0,0.0,673,16485,4064
13,20562,0,0.0,674,16497,4065
23,20585,0,0.0,675,16517,4068
5,20590,0,0.0,676,16521,4069
78,20668,0,0.0,677,16585,4083
23,20691,0,0.0,678,16601,4090
17,20708,0,0.0,679,16617,4091
69,20777,0,0.0,680,16669,4108
14,20791,0,0.0,681,16681,4110
19,20810,0,0.0,682,16695,4115
33,20843,0,0.0,683,16722,4121
48,20891,0,0.0,684,16756,4135
48,20939,0,0.0,685,16792,4147
38,20977,0,0.0,686,16820,4157
26,21003,0,0.0,687,16841,4162
50,21053,0,0.0,688,16886,4167
54,21107,0,0.0,689,16930,4177
47,21154,0,0.0,690,16970,4184
11,21165,0,0.0,691,16977,4188
54,21219,0,0.0,692,17020,4199
22,21241,0,0.0,693,17035,4206
28,21269,0,0.0,694,17059,4210
32,21301,0,0.0,695,17087,4214
32,21333,0,0.0,696,17114,4219
30,21363,0,0.0,697,17140,4223
83,21446,0,0.0,698,17207,4239
25,21471,0,0.0,699,17227,4244
25,21496,0,0.0,700,17246,4250
16,21512,0,0.0,701,17258,4254
14,21526,0,0.0,702,17269,4257
17,21543,0,0.0,703,17282,4261
36,21579,1,1.0,704,17310,4269
12,21591,1,0.0,705,17310,4281
16,21607,1,0.0,706,17311,4296
52,21659,1,0.0,707,17313,4346
36,21695,1,0.0,708,17317,4378
47,21742,1,0.0,709,17321,4421
8,21750,1,0.0,710,17322,4428
45,21795,1,0.0,711,17325,4470
8,21803,1,0.0,712,17325,4478
6,21809,1,0.0,713,17325,4484
86,21895,1,0.0,714,17333,4562
51,21946,1,0.0,715,17335,4611
26,21972,1,0.0,716,17337,4635
8,21980,1,0.0,717,17337,4643
75,22055,1,0.0,718,17342,4713
18,22073,1,0.0,719,17344,4729
15,22088,1,0.0,720,17344,4744
19,22107,1,0.0,721,17347,4760
31,22138,1,0.0,722,17350,4788
14,22152,1,0.0,723,17350,4802
22,22174,1,0.0,724,17351,4823
7,22181,1,0.0,725,17351,4830
11,22192,1,0.0,726,17352,4840
15,22207,1,0.0,727,17353,4854
8,22215,1,0.0,728,17353,4862
15,22230,1,0.0,729,17354,4876
63,22293,1,0.0,730,17361,4932
22,22315,1,0.0,731,17363,4952
23,22338,1,0.0,732,17364,4974
100,22438,1,0.0,733,17370,5068
13,22451,1,0.0,734,17370,5081
18,22469,1,0.0,735,17371,5098
42,22511,1,0.0,736,17371,5140
12,22523,1,0.0,737,17371,5152
26,22549,1,0.0,738,17375,5174
9,22558,1,0.0,739,17376,5182
26,22584,1,0.0,740,17378,5206
48,22632,1,0.0,741,17380,5252
51,22683,1,0.0,742,17383,5300
18,22701,1,0.0,743,17385,5316
9,22710,1,0.0,744,17386,5324
57,22767,1,0.0,745,17387,5380
56,22823,1,0.0,746,17390,5433
51,22874,1,0.0,747,17394,5480
17,22891,1,0.0,748,17395,5496
30,22921,1,0.0,749,17395,5526
35,22956,1,0.0,750,17396,5560
92,23048,1,0.0,751,17402,5646
27,23075,1,0.0,752,17403,5672
8,23083,1,0.0,753,17403,5680
23,23106,1,0.0,754,17404,5702
26,23132,1,0.0,755,17405,5727
8,23140,1,0.0,756,17405,5735
9,23149,1,0.0,757,17406,5743
20,23169,1,0.0,758,17408,5761
67,23236,1,0.0,759,17411,5825
67,23303,1,0.0,760,17413,5890
45,23348,1,0.0,761,17415,5933
31,23379,1,0.0,762,17416,5963
8,23387,1,0.0,763,17417,5970
67,23454,1,0.0,764,17420,6034
17,23471,1,0.0,765,17420,6051
33,23504,1,0.0,766,17423,6081
50,23554,1,0.0,767,17425,6129
52,23606,1,0.0,768,17428,6178
32,23638,1,0.0,769,17432,6206
22,23660,1,0.0,770,17434,6226
14,23674,1,0.0,771,17434,6240
9,23683,1,0.0,772,17435,6248
17,23700,1,0.0,773,17435,6265
77,23777,1,0.0,774,17437,6340
33,23810,1,0.0,775,17438,6372
39,23849,1,0.0,776,17440,6409
47,23896,1,0.0,777,17444,6452
43,23939,1,0.0,778,17444,6495
22,23961,1,0.0,779,17446,6515
54,24015,1,0.0,780,17448,6567
16,24031,1,0.0,781,17448,6583
37,24068,1,0.0,782,17449,6619
100,24168,1,0.0,783,17454,6714
100,24268,1,0.0,784,17460,6808
36,24304,1,0.0,785,17462,6842
7,24311,1,0.0,786,17462,6849
11,24322,1,0.0,787,17462,6860
73,24395,1,0.0,788,17466,6929
15,24410,1,0.0,789,17466,6944
18,24428,1,0.0,790,17466,6962
27,24455,1,0.0,791,17467,6988
19,24474,1,0.0,792,17469,7005
57,24531,1,0.0,793,17473,7058
31,24562,1,0.0,794,17476,7086
40,24602,1,0.0,795,17477,7125
60,24662,1,0.0,796,17481,7181
30,24692,1,0.0,797,17485,7207
75,24767,1,0.0,798,17491,7276
6,24773,1,0.0,799,17491,7282
29,24802,1,0.0,800,17493,7309
19,24821,1,0.0,801,17494,7327
11,24832,1,0.0,802,17494,7338
17,24849,1,0.0,803,17496,7353
33,24882,1,0.0,804,17499,7383
19,24901,1,0.0,805,17500,7401
29,24930,1,0.0,806,17501,7429
85,25015,1,0.0,807,17507,7508
50,25065,1,0.0,808,17510,7555
31,25096,1,0.0,809,17512,7584
68,25164,1,0.0,810,17515,7649
24,25188,1,0.0,811,17516,7672
12,25200,1,0.0,812,17516,7684
29,25229,1,0.0,813,17517,7712
34,25263,1,0.0,814,17518,7745
13,25276,1,0.0,815,17518,7758
51,25327,1,0.0,816,17523,7804
60,25387,1,0.0,817,17525,7862
47,25434,1,0.0,818,17527,7907
86,25520,1,0.0,819,17531,7989
24,25544,1,0.0,820,17532,8012
15,25559,1,0.0,821,17533,8026
10,25569,1,0.0,822,17533,8036
78,25647,1,0.0,823,17536,8111
19,25666,1,0.0,824,17536,8130
36,25702,1,0.0,825,17540,8162
73,25775,1,0.0,826,17544,8231
6,25781,1,0.0,827,17544,8237
100,25881,1,0.0,828,17551,8330
21,25902,1,0.0,829,17553,8349
7,25909,1,0.0,830,17554,8355
78,25987,1,0.0,831,17561,8426
6,25993,1,0.0,832,17563,8430
68,26061,1,0.0,833,17565,8496
10,26071,1,0.0,834,17565,8506
11,26082,1,0.0,835,17566,8516
49,26131,1,0.0,836,17574,8557
14,26145,1,0.0,837,17574,8571
11,26156,1,0.0,838,17575,8581
7,26163,1,0.0,839,17575,8588
12,26175,1,0.0,840,17578,8597
53,26228,1,0.0,841,17578,8650
47,26275,1,0.0,842,17581,8694
51,26326,2,1.0,843,17586,8740
42,26368,2,0.0,844,17586,8782
15,26383,2,0.0,845,17586,8797
64,26447,2,0.0,846,17586,8861
16,26463,2,0.0,847,17587,8876
56,26519,2,0.0,848,17589,8930
51,26570,2,0.0,849,17591,8979
22,26592,2,0.0,850,17592,9000
55,26647,2,0.0,851,17593,9054
54,26701,2,0.0,852,17594,9107
24,26725,2,0.0,853,17595,9130
33,26758,2,0.0,854,17596,9162
12,26770,2,0.0,855,17596,9174
21,26791,2,0.0,856,17596,9195
14,26805,2,0.0,857,17596,9209
19,26824,2,0.0,858,17596,9228
14,26838,2,0.0,859,17596,9242
43,26881,2,0.0,860,17596,9285
53,26934,2,0.0,861,17596,9338
17,26951,2,0.0,862,17596,9355
67,27018,2,0.0,863,17596,9422
34,27052,2,0.0,864,17597,9455
36,27088,2,0.0,865,17597,9491
10,27098,2,0.0,866,17598,9500
20,27118,2,0.0,867,17598,9520
18,27136,2,0.0,868,17599,9537
32,27168,2,0.0,869,17599,9569
23,27191,2,0.0,870,17599,9592
21,27212,2,0.0,871,17599,9613
70,27282,2,0.0,872,17599,9683
29,27311,2,0.0,873,17600,9711
37,27348,2,0.0,874,17600,9748
25,27373,2,0.0,875,17600,9773
100,27473,2,0.0,876,17600,9873
16,27489,2,0.0,877,17601,9888
66,27555,2,0.0,878,17601,9954
56,27611,2,0.0,879,17601,10010
80,27691,2,0.0,880,17601,10090
32,27723,2,0.0,881,17601,10122
33,27756,2,0.0,882,17601,10155
21,27777,2,0.0,883,17601,10176
53,27830,2,0.0,884,17602,10228
22,27852,2,0.0,885,17602,10250
53,27905,2,0.0,886,17603,10302
8,27913,2,0.0,887,17604,10309
12,27925,2,0.0,888,17604,10321
33,27958,2,0.0,889,17604,10354
20,27978,2,0.0,890,17604,10374
27,28005,2,0.0,891,17604,10401
43,28048,2,0.0,892,17604,10444
39,28087,2,0.0,893,17604,10483
15,28102,2,0.0,894,17604,10498
17,28119,2,0.0,895,17604,10515
18,28137,2,0.0,896,17605,10532
5,28142,2,0.0,897,17605,10537
17,28159,2,0.0,898,17605,10554
54,28213,2,0.0,899,17605,10608
31,28244,2,0.0,900,17605,10639
73,28317,2,0.0,901,17605,10712
9,28326,2,0.0,902,17605,10721
11,28337,2,0.0,903,17605,10732
20,28357,2,0.0,904,17605,10752
20,28377,2,0.0,905,17605,10772
72,28449,2,0.0,906,17605,10844
50,28499,2,0.0,907,17606,10893
12,28511,2,0.0,908,17606,10905
19,28530,2,0.0,909,17606,10924
55,28585,2,0.0,910,17607,10978
45,28630,2,0.0,911,17607,11023
48,28678,2,0.0,912,17607,11071
28,28706,2,0.0,913,17607,11099
17,28723,2,0.0,914,17607,11116
14,28737,2,0.0,915,17607,11130
20,28757,2,0.0,916,17607,11150
18,28775,2,0.0,917,17607,11168
38,28813,2,0.0,918,17608,11205
48,28861,2,0.0,919,17608,11253
43,28904,2,0.0,920,17608,11296
10,28914,2,0.0,921,17608,11306
47,28961,2,0.0,922,17608,11353
11,28972,2,0.0,923,17608,11364
31,29003,2,0.0,924,17608,11395
24,29027,2,0.0,925,17608,11419
12,29039,2,0.0,926,17608,11431
31,29070,2,0.0,927,17609,11461
34,29104,2,0.0,928,17609,11495
24,29128,2,0.0,929,17610,11518
14,29142,2,0.0,930,17610,11532
53,29195,2,0.0,931,17610,11585
15,29210,2,0.0,932,17610,11600
23,29233,2,0.0,933,17610,11623
11,29244,2,0.0,934,17610,11634
7,29251,2,0.0,935,17610,11641
19,29270,2,0.0,936,17610,11660
82,29352,2,0.0,937,17610,11742
13,29365,2,0.0,938,17610,11755
11,29376,2,0.0,939,17610,11766
34,29410,2,0.0,940,17610,11800
18,29428,2,0.0,941,17610,11818
16,29444,2,0.0,942,17610,11834
14,29458,2,0.0,943,17610,11848
33,29491,2,0.0,944,17610,11881
20,29511,2,0.0,945,17610,11901
20,29531,2,0.0,946,17610,11921
15,29546,2,0.0,947,17610,11936
16,29562,2,0.0,948,17610,11952
20,29582,2,0.0,949,17610,11972
32,29614,2,0.0,950,17610,12004
43,29657,2,0.0,951,17610,12047
55,29712,2,0.0,952,17610,12102
12,29724,2,0.0,953,17610,12114
36,29760,2,0.0,954,17610,12150
62,29822,2,0.0,955,17610,12212
20,29842,2,0.0,956,17610,12232
37,29879,2,0.0,957,17611,12268
34,29913,2,0.0,958,17611,12302
25,29938,2,0.0,959,17612,12326
45,29983,2,0.0,960,17613,12370
18,30001,2,0.0,961,17613,12388
71,30072,2,0.0,962,17613,12459
22,30094,2,0.0,963,17613,12481
6,30100,2,0.0,964,17614,12486
26,30126,2,0.0,965,17614,12512
10,30136,2,0.0,966,17614,12522
25,30161,2,0.0,967,17614,12547
31,30192,2,0.0,968,17614,12578
20,30212,2,0.0,969,17615,12597
54,30266,2,0.0,970,17615,12651
56,30322,2,0.0,971,17615,12707
14,30336,2,0.0,972,17615,12721
19,30355,2,0.0,973,17615,12740
13,30368,2,0.0,974,17615,12753
23,30391,2,0.0,975,17616,12775
19,30410,2,0.0,976,17616,12794
15,30425,2,0.0,977,17616,12809
15,30440,2,0.0,978,17616,12824
18,30458,2,0.0,979,17616,12842
14,30472,2,0.0,980,17616,12856
42,30514,2,0.0,981,17616,12898
23,30537,2,0.0,982,17616,12921
13,30550,2,0.0,983,17617,12933
38,30588,2,0.0,984,17619,12969
15,30603,2,0.0,985,17620,12983
29,30632,2,0.0,986,17621,13011
14,30646,2,0.0,987,17621,13025
5,30651,2,0.0,988,17621,13030
25,30676,2,0.0,989,17621,13055
13,30689,2,0.0,990,17621,13068
47,30736,2,0.0,991,17621,13115
13,30749,2,0.0,992,17621,13128
39,30788,2,0.0,993,17621,13167
46,30834,2,0.0,994,17621,13213
100,30934,2,0.0,995,17624,13310
31,30965,2,0.0,996,17624,13341
22,30987,2,0.0,997,17624,13363
18,31005,2,0.0,998,17624,13381
13,31018,2,0.0,999,17624,13394
37,31055,2,0.0,1000,17625,13430
89,31144,2,0.0,1001,17626,13518
31,31175,2,0.0,1002,17627,13548
61,31236,2,0.0,1003,17627,13609
8,31244,2,0.0,1004,17627,13617
56,31300,2,0.0,1005,17627,13673
35,31335,2,0.0,1006,17627,13708
58,31393,2,0.0,1007,17628,13765
54,31447,2,0.0,1008,17628,13819
59,31506,2,0.0,1009,17628,13878
25,31531,2,0.0,1010,17628,13903
27,31558,2,0.0,1011,17628,13930
20,31578,2,0.0,1012,17628,13950
13,31591,2,0.0,1013,17628,13963
19,31610,2,0.0,1014,17628,13982
12,31622,2,0.0,1015,17629,13993
29,31651,2,0.0,1016,17630,14021
26,31677,2,0.0,1017,17630,14047
27,31704,2,0.0,1018,17630,14074
100,31804,2,0.0,1019,17632,14172
26,31830,2,0.0,1020,17632,14198
33,31863,2,0.0,1021,17632,14231
31,31894,2,0.0,1022,17634,14260
65,31959,2,0.0,1023,17635,14324
12,31971,2,0.0,1024,17635,14336
17,31988,2,0.0,1025,17635,14353
27,32015,2,0.0,1026,17636,14379
37,32052,2,0.0,1027,17636,14416
33,32085,2,0.0,1028,17637,14448
32,32117,2,0.0,1029,17638,14479
33,32150,2,0.0,1030,17638,14512
36,32186,2,0.0,1031,17638,14548
49,32235,2,0.0,1032,17638,14597
17,32252,2,0.0,1033,17638,14614
74,32326,2,0.0,1034,17639,14687
15,32341,2,0.0,1035,17639,14702
61,32402,2,0.0,1036,17639,14763
30,32432,2,0.0,1037,17639,14793
7,32439,2,0.0,1038,17639,14800
5,32444,2,0.0,1039,17639,14805
61,32505,2,0.0,1040,17639,14866
14,32519,2,0.0,1041,17639,14880
30,32549,2,0.0,1042,17639,14910
5,32554,2,0.0,1043,17639,14915
11,32565,2,0.0,1044,17640,14925
14,32579,2,0.0,1045,17640,14939
25,32604,2,0.0,1046,17640,14964
67,32671,2,0.0,1047,17640,15031
27,32698,2,0.0,1048,17640,15058
14,32712,2,0.0,1049,17640,15072
38,32750,2,0.0,1050,17640,15110
32,32782,2,0.0,1051,17640,15142
21,32803,2,0.0,1052,17640,15163
51,32854,2,0.0,1053,17640,15214
11,32865,2,0.0,1054,17640,15225
17,32882,2,0.0,1055,17640,15242
7,32889,2,0.0,1056,17640,15249
61,32950,2,0.0,1057,17640,15310
86,33036,2,0.0,1058,17640,15396
16,33052,2,0.0,1059,17640,15412
25,33077,2,0.0,1060,17640,15437
35,33112,2,0.0,1061,17640,15472
15,33127,2,0.0,1062,17640,15487
9,33136,2,0.0,1063,17640,15496
42,33178,2,0.0,1064,17640,15538
51,33229,2,0.0,1065,17641,15588
5,33234,2,0.0,1066,17641,15593
22,33256,2,0.0,1067,17641,15615
12,33268,2,0.0,1068,17641,15627
9,33277,2,0.0,1069,17641,15636
63,33340,2,0.0,1070,17641,15699
27,33367,2,0.0,1071,17641,15726
8,33375,2,0.0,1072,17641,15734
57,33432,2,0.0,1073,17642,15790
19,33451,2,0.0,1074,17642,15809
34,33485,2,0.0,1075,17642,15843
8,33493,2,0.0,1076,17642,15851
16,33509,2,0.0,1077,17643,15866
18,33527,2,0.0,1078,17643,15884
13,33540,2,0.0,1079,17643,15897
17,33557,2,0.0,1080,17643,15914
92,33649,2,0.0,1081,17643,16006
9,33658,2,0.0,1082,17643,16015
23,33681,2,0.0,1083,17643,16038
5,33686,2,0.0,1084,17643,16043
16,33702,2,0.0,1085,17643,16059
18,33720,2,0.0,1086,17643,16077
29,33749,2,0.0,1087,17643,16106
17,33766,2,0.0,1088,17643,16123
20,33786,2,0.0,1089,17644,16142
17,33803,2,0.0,1090,17644,16159
52,33855,2,0.0,1091,17645,16210
21,33876,2,0.0,1092,17645,16231
9,33885,2,0.0,1093,17645,16240
37,33922,2,0.0,1094,17645,16277
30,33952,2,0.0,1095,17645,16307
5,33957,2,0.0,1096,17645,16312
26,33983,2,0.0,1097,17645,16338
55,34038,2,0.0,1098,17645,16393
66,34104,2,0.0,1099,17645,16459
13,34117,2,0.0,1100,17645,16472
24,34141,2,0.0,1101,17645,16496
18,34159,2,0.0,1102,17645,16514
39,34198,2,0.0,1103,17645,16553
42,34240,2,0.0,1104,17645,16595
45,34285,2,0.0,1105,17645,16640
30,34315,2,0.0,1106,17645,16670
44,34359,2,0.0,1107,17645,16714
9,34368,2,0.0,1108,17645,16723
12,34380,2,0.0,1109,17645,16735
91,34471,2,0.0,1110,17645,16826
33,34504,2,0.0,1111,17645,16859
15,34519,2,0.0,1112,17645,16874
15,34534,2,0.0,1113,17645,16889
24,34558,2,0.0,1114,17646,16912
42,34600,2,0.0,1115,17646,16954
31,34631,2,0.0,1116,17646,16985
100,34731,2,0.0,1117,17647,17084
50,34781,2,0.0,1118,17648,17133
78,34859,2,0.0,1119,17649,17210
34,34893,2,0.0,1120,17649,17244
32,34925,2,0.0,1121,17649,17276
76,35001,2,0.0,1122,17649,17352
16,35017,2,0.0,1123,17649,17368
37,35054,2,0.0,1124,17650,17404
14,35068,2,0.0,1125,17650,17418
9,35077,2,0.0,1126,17651,17426
19,35096,2,0.0,1127,17651,17445
38,35134,2,0.0,1128,17651,17483
13,35147,2,0.0,1129,17651,17496
64,35211,2,0.0,1130,17651,17560
21,35232,2,0.0,1131,17651,17581
21,35253,2,0.0,1132,17651,17602
39,35292,2,0.0,1133,17651,17641
8,35300,2,0.0,1134,17651,17649
46,35346,2,0.0,1135,17651,17695
55,35401,2,0.0,1136,17651,17750
55,35456,2,0.0,1137,17651,17805
23,35479,2,0.0,1138,17651,17828
85,35564,2,0.0,1139,17652,17912
10,35574,2,0.0,1140,17652,17922
64,35638,2,0.0,1141,17652,17986
19,35657,2,0.0,1142,17652,18005
14,35671,2,0.0,1143,17652,18019
24,35695,2,0.0,1144,17652,18043
21,35716,2,0.0,1145,17652,18064
33,35749,2,0.0,1146,17652,18097
18,35767,2,0.0,1147,17652,18115
23,35790,2,0.0,1148,17653,18137
11,35801,2,0.0,1149,17653,18148
16,35817,2,0.0,1150,17653,18164
15,35832,2,0.0,1151,17653,18179
30,35862,2,0.0,1152,17653,18209
65,35927,2,0.0,1153,17653,18274
99,36026,2,0.0,1154,17653,18373
27,36053,2,0.0,1155,17653,18400
16,36069,2,0.0,1156,17653,18416
67,36136,2,0.0,1157,17653,18483
10,36146,2,0.0,1158,17653,18493
59,36205,2,0.0,1159,17653,18552
68,36273,2,0.0,1160,17653,18620
26,36299,2,0.0,1161,17653,18646
18,36317,2,0.0,1162,17653,18664
19,36336,2,0.0,1163,17653,18683
24,36360,2,0.0,1164,17653,18707
17,36377,2,0.0,1165,17653,18724
8,36385,2,0.0,1166,17653,18732
15,36400,2,0.0,1167,17653,18747
26,36426,2,0.0,1168,17654,18772
8,36434,2,0.0,1169,17654,18780
52,36486,2,0.0,1170,17654,18832
13,36499,2,0.0,1171,17654,18845
17,36516,2,0.0,1172,17654,18862
26,36542,2,0.0,1173,17654,18888
14,36556,2,0.0,1174,17654,18902
46,36602,2,0.0,1175,17656,18946
57,36659,2,0.0,1176,17658,19001
26,36685,2,0.0,1177,17658,19027
68,36753,2,0.0,1178,17658,19095
61,36814,2,0.0,1179,17658,19156
37,36851,2,0.0,1180,17658,19193
13,36864,2,0.0,1181,17658,19206
56,36920,2,0.0,1182,17658,19262
15,36935,2,0.0,1183,17658,19277
34,36969,2,0.0,1184,17658,19311
35,37004,2,0.0,1185,17658,19346
100,37104,2,0.0,1186,17658,19446
27,37131,2,0.0,1187,17659,19472
13,37144,2,0.0,1188,17659,19485
34,37178,2,0.0,1189,17659,19519
24,37202,2,0.0,1190,17660,19542
43,37245,2,0.0,1191,17660,19585
30,37275,2,0.0,1192,17660,19615
19,37294,2,0.0,1193,17662,19632
60,37354,2,0.0,1194,17662,19692
19,37373,2,0.0,1195,17662,19711
17,37390,2,0.0,1196,17662,19728
11,37401,2,0.0,1197,17662,19739
16,37417,2,0.0,1198,17662,19755
13,37430,2,0.0,1199,17662,19768
51,37481,2,0.0,1200,17662,19819
18,37499,2,0.0,1201,17662,19837
23,37522,2,0.0,1202,17664,19858
38,37560,2,0.0,1203,17664,19896
30,37590,3,1.0,1204,17664,19926
18,37608,3,0.0,1205,17664,19944
16,37624,3,0.0,1206,17664,19960
32,37656,3,0.0,1207,17665,19991
13,37669,3,0.0,1208,17665,20004
15,37684,3,0.0,1209,17665,20019
16,37700,3,0.0,1210,17665,20035
13,37713,3,0.0,1211,17666,20047
17,37730,3,0.0,1212,17666,20064
29,37759,3,0.0,1213,17666,20093
15,37774,3,0.0,1214,17666,20108
45,37819,3,0.0,1215,17666,20153
54,37873,3,0.0,1216,17666,20207
23,37896,3,0.0,1217,17666,20230
12,37908,3,0.0,1218,17666,20242
8,37916,3,0.0,1219,17666,20250
39,37955,3,0.0,1220,17666,20289
28,37983,3,0.0,1221,17666,20317
47,38030,3,0.0,1222,17666,20364
18,38048,3,0.0,1223,17666,20382
53,38101,3,0.0,1224,17666,20435
29,38130,3,0.0,1225,17666,20464
29,38159,3,0.0,1226,17666,20493
63,38222,3,0.0,1227,17666,20556
28,38250,3,0.0,1228,17666,20584
21,38271,3,0.0,1229,17666,20605
16,38287,3,0.0,1230,17666,20621
43,38330,3,0.0,1231,17666,20664
10,38340,3,0.0,1232,17666,20674
45,38385,3,0.0,1233,17666,20719
21,38406,3,0.0,1234,17666,20740
38,38444,3,0.0,1235,17666,20778
18,38462,3,0.0,1236,17666,20796
7,38469,3,0.0,1237,17666,20803
28,38497,3,0.0,1238,17666,20831
47,38544,3,0.0,1239,17667,20877
27,38571,3,0.0,1240,17667,20904
13,38584,3,0.0,1241,17668,20916
34,38618,3,0.0,1242,17668,20950
49,38667,3,0.0,1243,17668,20999
92,38759,3,0.0,1244,17668,21091
11,38770,3,0.0,1245,17668,21102
39,38809,3,0.0,1246,17668,21141
16,38825,3,0.0,1247,17668,21157
46,38871,3,0.0,1248,17668,21203
17,38888,3,0.0,1249,17668,21220
39,38927,3,0.0,1250,17668,21259
32,38959,3,0.0,1251,17668,21291
44,39003,3,0.0,1252,17668,21335
38,39041,3,0.0,1253,17669,21372
6,39047,3,0.0,1254,17669,21378
100,39147,3,0.0,1255,17669,21478
54,39201,3,0.0,1256,17669,21532
33,39234,3,0.0,1257,17669,21565
20,39254,3,0.0,1258,17669,21585
22,39276,3,0.0,1259,17669,21607
32,39308,3,0.0,1260,17669,21639
100,39408,3,0.0,1261,17669,21739
47,39455,3,0.0,1262,17669,21786
41,39496,3,0.0,1263,17669,21827
15,39511,3,0.0,1264,17669,21842
5,39516,3,0.0,1265,17669,21847
46,39562,3,0.0,1266,17669,21893
7,39569,3,0.0,1267,17669,21900
24,39593,3,0.0,1268,17669,21924
14,39607,3,0.0,1269,17669,21938
41,39648,3,0.0,1270,17669,21979
5,39653,3,0.0,1271,17669,21984
17,39670,3,0.0,1272,17669,22001
20,39690,3,0.0,1273,17669,22021
63,39753,3,0.0,1274,17669,22084
86,39839,3,0.0,1275,17669,22170
18,39857,3,0.0,1276,17669,22188
9,39866,3,0.0,1277,17669,22197
18,39884,3,0.0,1278,17669,22215
14,39898,3,0.0,1279,17669,22229
33,39931,3,0.0,1280,17669,22262
38,39969,3,0.0,1281,17669,22300
77,40046,3,0.0,1282,17669,22377
35,40081,3,0.0,1283,17669,22412
14,40095,3,0.0,1284,17669,22426
41,40136,3,0.0,1285,17669,22467
35,40171,3,0.0,1286,17669,22502
7,40178,3,0.0,1287,17669,22509
39,40217,3,0.0,1288,17669,22548
44,40261,3,0.0,1289,17669,22592
50,40311,3,0.0,1290,17669,22642
23,40334,3,0.0,1291,17669,22665
24,40358,3,0.0,1292,17669,22689
19,40377,3,0.0,1293,17669,22708
48,40425,3,0.0,1294,17669,22756
12,40437,3,0.0,1295,17669,22768
36,40473,3,0.0,1296,17669,22804
27,40500,3,0.0,1297,17669,22831
15,40515,3,0.0,1298,17670,22845
19,40534,3,0.0,1299,17670,22864
57,40591,3,0.0,1300,17671,22920
24,40615,3,0.0,1301,17671,22944
28,40643,3,0.0,1302,17671,22972
19,40662,3,0.0,1303,17671,22991
24,40686,3,0.0,1304,17671,23015
27,40713,3,0.0,1305,17671,23042
52,40765,3,0.0,1306,17671,23094
18,40783,3,0.0,1307,17671,23112
54,40837,3,0.0,1308,17671,23166
17,40854,3,0.0,1309,17671,23183
23,40877,3,0.0,1310,17671,23206
22,40899,3,0.0,1311,17671,23228
19,40918,3,0.0,1312,17671,23247
99,41017,3,0.0,1313,17671,23346
61,41078,3,0.0,1314,17671,23407
19,41097,3,0.0,1315,17671,23426
34,41131,3,0.0,1316,17671,23460
33,41164,3,0.0,1317,17671,23493
50,41214,3,0.0,1318,17671,23543
25,41239,3,0.0,1319,17671,23568
5,41244,3,0.0,1320,17671,23573
9,41253,3,0.0,1321,17671,23582
9,41262,3,0.0,1322,17671,23591
64,41326,3,0.0,1323,17671,23655
20,41346,3,0.0,1324,17671,23675
11,41357,3,0.0,1325,17671,23686
24,41381,3,0.0,1326,17671,23710
21,41402,3,0.0,1327,17671,23731
27,41429,3,0.0,1328,17671,23758
16,41445,3,0.0,1329,17671,23774
17,41462,3,0.0,1330,17671,23791
61,41523,3,0.0,1331,17671,23852
25,41548,3,0.0,1332,17671,23877
12,41560,3,0.0,1333,17671,23889
19,41579,3,0.0,1334,17671,23908
22,41601,3,0.0,1335,17671,23930
10,41611,3,0.0,1336,17671,23940
56,41667,3,0.0,1337,17671,23996
19,41686,3,0.0,1338,17671,24015
27,41713,3,0.0,1339,17671,24042
8,41721,3,0.0,1340,17671,24050
50,41771,3,0.0,1341,17671,24100
14,41785,3,0.0,1342,17671,24114
27,41812,3,0.0,1343,17671,24141
23,41835,3,0.0,1344,17671,24164
37,41872,3,0.0,1345,17672,24200
48,41920,3,0.0,1346,17672,24248
43,41963,3,0.0,1347,17673,24290
39,42002,3,0.0,1348,17673,24329
21,42023,3,0.0,1349,17673,24350
47,42070,3,0.0,1350,17673,24397
7,42077,3,0.0,1351,17673,24404
10,42087,3,0.0,1352,17673,24414
35,42122,3,0.0,1353,17673,24449
21,42143,3,0.0,1354,17674,24469
16,42159,3,0.0,1355,17674,24485
54,42213,3,0.0,1356,17674,24539
100,42313,3,0.0,1357,17674,24639
30,42343,3,0.0,1358,17674,24669
32,42375,3,0.0,1359,17674,24701
13,42388,3,0.0,1360,17674,24714
62,42450,3,0.0,1361,17674,24776
19,42469,3,0.0,1362,17674,24795
26,42495,3,0.0,1363,17674,24821
8,42503,3,0.0,1364,17674,24829
100,42603,3,0.0,1365,17674,24929
95,42698,3,0.0,1366,17674,25024
8,42706,3,0.0,1367,17674,25032
19,42725,3,0.0,1368,17675,25050
20,42745,3,0.0,1369,17675,25070
39,42784,3,0.0,1370,17675,25109
24,42808,3,0.0,1371,17675,25133
17,42825,3,0.0,1372,17675,25150
18,42843,3,0.0,1373,17675,25168
20,42863,3,0.0,1374,17675,25188
25,42888,3,0.0,1375,17675,25213
86,42974,3,0.0,1376,17676,25298
33,43007,3,0.0,1377,17676,25331
13,43020,3,0.0,1378,17676,25344
30,43050,3,0.0,1379,17676,25374
66,43116,3,0.0,1380,17676,25440
30,43146,3,0.0,1381,17677,25469
20,43166,3,0.0,1382,17677,25489
35,43201,3,0.0,1383,17677,25524
9,43210,3,0.0,1384,17677,25533
30,43240,3,0.0,1385,17677,25563
45,43285,3,0.0,1386,17677,25608
18,43303,3,0.0,1387,17677,25626
18,43321,3,0.0,1388,17677,25644
72,43393,3,0.0,1389,17677,25716
32,43425,3,0.0,1390,17677,25748
10,43435,3,0.0,1391,17677,25758
73,43508,3,0.0,1392,17677,25831
28,43536,3,0.0,1393,17677,25859
10,43546,3,0.0,1394,17677,25869
29,43575,3,0.0,1395,17677,25898
34,43609,3,0.0,1396,17677,25932
12,43621,3,0.0,1397,17677,25944
25,43646,3,0.0,1398,17677,25969
6,43652,3,0.0,1399,17677,25975
8,43660,3,0.0,1400,17677,25983
21,43681,3,0.0,1401,17677,26004
35,43716,3,0.0,1402,17677,26039
22,43738,3,0.0,1403,17677,26061
19,43757,3,0.0,1404,17677,26080
30,43787,3,0.0,1405,17677,26110
18,43805,3,0.0,1406,17677,26128
14,43819,3,0.0,1407,17677,26142
20,43839,3,0.0,1408,17677,26162
71,43910,3,0.0,1409,17677,26233
8,43918,3,0.0,1410,17677,26241
55,43973,3,0.0,1411,17677,26296
26,43999,3,0.0,1412,17677,26322
9,44008,3,0.0,1413,17677,26331
11,44019,3,0.0,1414,17677,26342
32,44051,3,0.0,1415,17677,26374
12,44063,3,0.0,1416,17677,26386
74,44137,3,0.0,1417,17677,26460
28,44165,3,0.0,1418,17677,26488
27,44192,3,0.0,1419,17677,26515
20,44212,3,0.0,1420,17677,26535
22,44234,3,0.0,1421,17677,26557
62,44296,3,0.0,1422,17677,26619
25,44321,3,0.0,1423,17677,26644
29,44350,3,0.0,1424,17677,26673
22,44372,3,0.0,1425,17677,26695
30,44402,3,0.0,1426,17677,26725
24,44426,3,0.0,1427,17677,26749
23,44449,3,0.0,1428,17677,26772
22,44471,3,0.0,1429,17677,26794
10,44481,3,0.0,1430,17677,26804
19,44500,3,0.0,1431,17677,26823
10,44510,3,0.0,1432,17677,26833
7,44517,3,0.0,1433,17677,26840
42,44559,3,0.0,1434,17677,26882
18,44577,3,0.0,1435,17677,26900
30,44607,3,0.0,1436,17677,26930
11,44618,3,0.0,1437,17677,26941
23,44641,3,0.0,1438,17677,26964
20,44661,3,0.0,1439,17677,26984
30,44691,3,0.0,1440,17677,27014
42,44733,3,0.0,1441,17677,27056
10,44743,3,0.0,1442,17677,27066
25,44768,3,0.0,1443,17677,27091
19,44787,3,0.0,1444,17677,27110
11,44798,3,0.0,1445,17677,27121
46,44844,3,0.0,1446,17677,27167
29,44873,3,0.0,1447,17678,27195
87,44960,3,0.0,1448,17678,27282
26,44986,3,0.0,1449,17679,27307
10,44996,3,0.0,1450,17679,27317
15,45011,3,0.0,1451,17679,27332
14,45025,3,0.0,1452,17679,27346
31,45056,3,0.0,1453,17679,27377
9,45065,3,0.0,1454,17679,27386
42,45107,3,0.0,1455,17679,27428
9,45116,3,0.0,1456,17679,27437
29,45145,3,0.0,1457,17679,27466
67,45212,3,0.0,1458,17679,27533
14,45226,3,0.0,1459,17679,27547
18,45244,3,0.0,1460,17679,27565
15,45259,3,0.0,1461,17679,27580
32,45291,3,0.0,1462,17679,27612
25,45316,3,0.0,1463,17679,27637
23,45339,3,0.0,1464,17679,27660
50,45389,3,0.0,1465,17679,27710
14,45403,3,0.0,1466,17679,27724
55,45458,3,0.0,1467,17679,27779
14,45472,3,0.0,1468,17679,27793
65,45537,3,0.0,1469,17679,27858
24,45561,3,0.0,1470,17679,27882
12,45573,3,0.0,1471,17679,27894
30,45603,3,0.0,1472,17679,27924
31,45634,3,0.0,1473,17679,27955
60,45694,3,0.0,1474,17679,28015
47,45741,3,0.0,1475,17679,28062
29,45770,3,0.0,1476,17679,28091
26,45796,3,0.0,1477,17679,28117
17,45813,3,0.0,1478,17679,28134
21,45834,3,0.0,1479,17679,28155
58,45892,3,0.0,1480,17679,28213
9,45901,3,0.0,1481,17679,28222
42,45943,3,0.0,1482,17679,28264
8,45951,3,0.0,1483,17679,28272
51,46002,3,0.0,1484,17679,28323
35,46037,3,0.0,1485,17679,28358
13,46050,3,0.0,1486,17679,28371
42,46092,3,0.0,1487,17679,28413
13,46105,3,0.0,1488,17679,28426
43,46148,3,0.0,1489,17679,28469
22,46170,3,0.0,1490,17679,28491
15,46185,3,0.0,1491,17679,28506
5,46190,3,0.0,1492,17679,28511
30,46220,3,0.0,1493,17679,28541
44,46264,3,0.0,1494,17679,28585
23,46287,3,0.0,1495,17679,28608
14,46301,3,0.0,1496,17679,28622
43,46344,3,0.0,1497,17679,28665
12,46356,3,0.0,1498,17679,28677
20,46376,3,0.0,1499,17679,28697
44,46420,3,0.0,1500,17679,28741
12,46432,3,0.0,1501,17679,28753
29,46461,3,0.0,1502,17679,28782
28,46489,3,0.0,1503,17679,28810
12,46501,3,0.0,1504,17679,28822
26,46527,3,0.0,1505,17679,28848
47,46574,3,0.0,1506,17679,28895
7,46581,3,0.0,1507,17679,28902
100,46681,3,0.0,1508,17681,29000
12,46693,3,0.0,1509,17681,29012
20,46713,3,0.0,1510,17681,29032
14,46727,3,0.0,1511,17681,29046
100,46827,3,0.0,1512,17682,29145
45,46872,3,0.0,1513,17682,29190
31,46903,3,0.0,1514,17682,29221
32,46935,3,0.0,1515,17682,29253
20,46955,3,0.0,1516,17682,29273
7,46962,3,0.0,1517,17682,29280
48,47010,3,0.0,1518,17682,29328
35,47045,3,0.0,1519,17682,29363
43,47088,3,0.0,1520,17682,29406
19,47107,3,0.0,1521,17682,29425
32,47139,3,0.0,1522,17682,29457
32,47171,3,0.0,1523,17682,29489
28,47199,3,0.0,1524,17682,29517
22,47221,3,0.0,1525,17682,29539
27,47248,3,0.0,1526,17682,29566
8,47256,3,0.0,1527,17682,29574
65,47321,3,0.0,1528,17682,29639
51,47372,3,0.0,1529,17682,29690
28,47400,3,0.0,1530,17682,29718
26,47426,3,0.0,1531,17682,29744
14,47440,3,0.0,1532,17682,29758
27,47467,3,0.0,1533,17682,29785
19,47486,3,0.0,1534,17682,29804
25,47511,3,0.0,1535,17682,29829
9,47520,3,0.0,1536,17682,29838
29,47549,3,0.0,1537,17682,29867
14,47563,3,0.0,1538,17682,29881
13,47576,3,0.0,1539,17682,29894
27,47603,3,0.0,1540,17682,29921
14,47617,3,0.0,1541,17682,29935
28,47645,3,0.0,1542,17682,29963
23,47668,3,0.0,1543,17682,29986
21,47689,3,0.0,1544,17682,30007
14,47703,3,0.0,1545,17682,30021
57,47760,3,0.0,1546,17682,30078
12,47772,3,0.0,1547,17682,30090
17,47789,3,0.0,1548,17682,30107
5,47794,3,0.0,1549,17682,30112
10,47804,3,0.0,1550,17682,30122
49,47853,3,0.0,1551,17682,30171
27,47880,3,0.0,1552,17682,30198
8,47888,3,0.0,1553,17682,30206
63,47951,3,0.0,1554,17682,30269
11,47962,3,0.0,1555,17682,30280
22,47984,3,0.0,1556,17682,30302
13,47997,3,0.0,1557,17682,30315
100,48097,3,0.0,1558,17682,30415
100,48197,3,0.0,1559,17682,30515
36,48233,3,0.0,1560,17682,30551
30,48263,3,0.0,1561,17682,30581
27,48290,3,0.0,1562,17682,30608
38,48328,3,0.0,1563,17682,30646
38,48366,3,0.0,1564,17682,30684
19,48385,3,0.0,1565,17682,30703
22,48407,3,0.0,1566,17682,30725
9,48416,3,0.0,1567,17682,30734
14,48430,3,0.0,1568,17682,30748
100,48530,3,0.0,1569,17682,30848
13,48543,3,0.0,1570,17682,30861
58,48601,3,0.0,1571,17682,30919
28,48629,3,0.0,1572,17682,30947
87,48716,3,0.0,1573,17682,31034
28,48744,3,0.0,1574,17682,31062
36,48780,3,0.0,1575,17683,31097
68,48848,3,0.0,1576,17683,31165
38,48886,3,0.0,1577,17683,31203
18,48904,3,0.0,1578,17683,31221
15,48919,3,0.0,1579,17683,31236
11,48930,3,0.0,1580,17683,31247
27,48957,3,0.0,1581,17683,31274
51,49008,3,0.0,1582,17683,31325
37,49045,3,0.0,1583,17683,31362
22,49067,3,0.0,1584,17683,31384
8,49075,3,0.0,1585,17683,31392
10,49085,3,0.0,1586,17683,31402
70,49155,3,0.0,1587,17683,31472
13,49168,3,0.0,1588,17683,31485
38,49206,3,0.0,1589,17683,31523
13,49219,3,0.0,1590,17683,31536
25,49244,3,0.0,1591,17683,31561
17,49261,3,0.0,1592,17684,31577
19,49280,3,0.0,1593,17684,31596
34,49314,3,0.0,1594,17684,31630
34,49348,3,0.0,1595,17684,31664
8,49356,3,0.0,1596,17684,31672
58,49414,3,0.0,1597,17684,31730
39,49453,3,0.0,1598,17684,31769
5,49458,3,0.0,1599,17684,31774
43,49501,3,0.0,1600,17684,31817
29,49530,3,0.0,1601,17684,31846
33,49563,3,0.0,1602,17684,31879
20,49583,3,0.0,1603,17684,31899
6,49589,3,0.0,1604,17684,31905
6,49595,3,0.0,1605,17684,31911
7,49602,3,0.0,1606,17684,31918
7,49609,3,0.0,1607,17684,31925
15,49624,3,0.0,1608,17684,31940
31,49655,3,0.0,1609,17684,31971
23,49678,3,0.0,1610,17684,31994
24,49702,3,0.0,1611,17684,32018
14,49716,3,0.0,1612,17684,32032
23,49739,3,0.0,1613,17684,32055
17,49756,3,0.0,1614,17684,32072
72,49828,3,0.0,1615,17684,32144
39,49867,3,0.0,1616,17684,32183
19,49886,3,0.0,1617,17684,32202
41,49927,3,0.0,1618,17684,32243
47,49974,3,0.0,1619,17684,32290
33,50007,3,0.0,1620,17684,32323
9,50016,3,0.0,1621,17684,32332
48,50064,3,0.0,1622,17684,32380
18,50082,3,0.0,1623,17684,32398
11,50093,3,0.0,1624,17684,32409
13,50106,3,0.0,1625,17684,32422
22,50128,3,0.0,1626,17684,32444
24,50152,3,0.0,1627,17684,32468
23,50175,3,0.0,1628,17684,32491
54,50229,3,0.0,1629,17684,32545
72,50301,3,0.0,1630,17684,32617
37,50338,3,0.0,1631,17684,32654
48,50386,3,0.0,1632,17684,32702
16,50402,3,0.0,1633,17684,32718
22,50424,3,0.0,1634,17684,32740
24,50448,3,0.0,1635,17684,32764
46,50494,3,0.0,1636,17684,32810
56,50550,3,0.0,1637,17684,32866
12,50562,3,0.0,1638,17684,32878
18,50580,3,0.0,1639,17684,32896
12,50592,3,0.0,1640,17684,32908
38,50630,3,0.0,1641,17684,32946
16,50646,3,0.0,1642,17684,32962
18,50664,3,0.0,1643,17684,32980
34,50698,3,0.0,1644,17684,33014
10,50708,3,0.0,1645,17684,33024
5,50713,3,0.0,1646,17684,33029
56,50769,3,0.0,1647,17684,33085
19,50788,3,0.0,1648,17684,33104
24,50812,3,0.0,1649,17684,33128
23,50835,3,0.0,1650,17684,33151
20,50855,3,0.0,1651,17684,33171
13,50868,3,0.0,1652,17684,33184
23,50891,3,0.0,1653,17684,33207
19,50910,3,0.0,1654,17684,33226
87,50997,3,0.0,1655,17684,33313
18,51015,3,0.0,1656,17684,33331
17,51032,3,0.0,1657,17684,33348
11,51043,3,0.0,1658,17684,33359
12,51055,3,0.0,1659,17684,33371
17,51072,3,0.0,1660,17684,33388
81,51153,3,0.0,1661,17684,33469
10,51163,3,0.0,1662,17684,33479
16,51179,3,0.0,1663,17684,33495
37,51216,3,0.0,1664,17684,33532
24,51240,3,0.0,1665,17684,33556
53,51293,3,0.0,1666,17684,33609
16,51309,3,0.0,1667,17684,33625
38,51347,3,0.0,1668,17684,33663
30,51377,3,0.0,1669,17684,33693
51,51428,3,0.0,1670,17684,33744
26,51454,3,0.0,1671,17684,33770
25,51479,3,0.0,1672,17684,33795
88,51567,3,0.0,1673,17684,33883
11,51578,3,0.0,1674,17684,33894
18,51596,3,0.0,1675,17684,33912
11,51607,3,0.0,1676,17684,33923
76,51683,3,0.0,1677,17684,33999
11,51694,3,0.0,1678,17684,34010
37,51731,3,0.0,1679,17684,34047
20,51751,3,0.0,1680,17684,34067
18,51769,3,0.0,1681,17684,34085
14,51783,3,0.0,1682,17684,34099
26,51809,3,0.0,1683,17684,34125
20,51829,3,0.0,1684,17684,34145
25,51854,3,0.0,1685,17684,34170
19,51873,3,0.0,1686,17684,34189
41,51914,3,0.0,1687,17684,34230
11,51925,3,0.0,1688,17684,34241
45,51970,3,0.0,1689,17684,34286
31,52001,3,0.0,1690,17684,34317
13,52014,3,0.0,1691,17684,34330
10,52024,3,0.0,1692,17684,34340
45,52069,3,0.0,1693,17684,34385
15,52084,3,0.0,1694,17684,34400
32,52116,3,0.0,1695,17684,34432
31,52147,3,0.0,1696,17684,34463
71,52218,3,0.0,1697,17684,34534
67,52285,3,0.0,1698,17684,34601
5,52290,3,0.0,1699,17684,34606
12,52302,3,0.0,1700,17684,34618
41,52343,3,0.0,1701,17684,34659
23,52366,3,0.0,1702,17684,34682
24,52390,3,0.0,1703,17684,34706
59,52449,3,0.0,1704,17684,34765
7,52456,3,0.0,1705,17684,34772
14,52470,3,0.0,1706,17684,34786
16,52486,3,0.0,1707,17684,34802
50,52536,3,0.0,1708,17684,34852
23,52559,3,0.0,1709,17684,34875
30,52589,3,0.0,1710,17684,34905
34,52623,3,0.0,1711,17684,34939
29,52652,3,0.0,1712,17684,34968
10,52662,3,0.0,1713,17684,34978
20,52682,3,0.0,1714,17684,34998
18,52700,3,0.0,1715,17684,35016
12,52712,3,0.0,1716,17684,35028
21,52733,3,0.0,1717,17684,35049
61,52794,3,0.0,1718,17684,35110
46,52840,3,0.0,1719,17684,35156
12,52852,3,0.0,1720,17684,35168
12,52864,3,0.0,1721,17684,35180
43,52907,3,0.0,1722,17684,35223
25,52932,3,0.0,1723,17684,35248
100,53032,3,0.0,1724,17684,35348
39,53071,3,0.0,1725,17684,35387
14,53085,3,0.0,1726,17684,35401
14,53099,3,0.0,1727,17684,35415
34,53133,3,0.0,1728,17684,35449
11,53144,3,0.0,1729,17684,35460
19,53163,3,0.0,1730,17684,35479
30,53193,4,1.0,1731,17684,35509
18,53211,4,0.0,1732,17684,35527
67,53278,4,0.0,1733,17684,35594
23,53301,4,0.0,1734,17684,35617
13,53314,4,0.0,1735,17684,35630
9,53323,4,0.0,1736,17684,35639
43,53366,4,0.0,1737,17684,35682
10,53376,4,0.0,1738,17684,35692
20,53396,4,0.0,1739,17684,35712
67,53463,4,0.0,1740,17684,35779
37,53500,4,0.0,1741,17684,35816
7,53507,4,0.0,1742,17684,35823
14,53521,4,0.0,1743,17684,35837
39,53560,4,0.0,1744,17684,35876
20,53580,4,0.0,1745,17684,35896
25,53605,4,0.0,1746,17684,35921
15,53620,4,0.0,1747,17684,35936
15,53635,4,0.0,1748,17684,35951
26,53661,4,0.0,1749,17684,35977
14,53675,4,0.0,1750,17684,35991
9,53684,4,0.0,1751,17684,36000
57,53741,4,0.0,1752,17684,36057
19,53760,4,0.0,1753,17684,36076
9,53769,4,0.0,1754,17684,36085
55,53824,4,0.0,1755,17684,36140
19,53843,4,0.0,1756,17684,36159
10,53853,4,0.0,1757,17684,36169
23,53876,4,0.0,1758,17684,36192
9,53885,4,0.0,1759,17684,36201
6,53891,4,0.0,1760,17684,36207
13,53904,4,0.0,1761,17684,36220
8,53912,4,0.0,1762,17684,36228
29,53941,4,0.0,1763,17684,36257
29,53970,4,0.0,1764,17684,36286
34,54004,4,0.0,1765,17684,36320
42,54046,4,0.0,1766,17684,36362
36,54082,4,0.0,1767,17684,36398
11,54093,4,0.0,1768,17684,36409
21,54114,4,0.0,1769,17684,36430
98,54212,4,0.0,1770,17685,36527
31,54243,4,0.0,1771,17685,36558
57,54300,4,0.0,1772,17685,36615
13,54313,4,0.0,1773,17685,36628
8,54321,4,0.0,1774,17685,36636
28,54349,4,0.0,1775,17685,36664
25,54374,4,0.0,1776,17685,36689
45,54419,4,0.0,1777,17685,36734
19,54438,4,0.0,1778,17685,36753
11,54449,4,0.0,1779,17685,36764
22,54471,4,0.0,1780,17685,36786
15,54486,4,0.0,1781,17685,36801
77,54563,4,0.0,1782,17685,36878
56,54619,4,0.0,1783,17685,36934
22,54641,4,0.0,1784,17685,36956
19,54660,4,0.0,1785,17685,36975
49,54709,4,0.0,1786,17685,37024
49,54758,4,0.0,1787,17685,37073
45,54803,4,0.0,1788,17686,37117
97,54900,4,0.0,1789,17686,37214
35,54935,4,0.0,1790,17686,37249
29,54964,4,0.0,1791,17686,37278
26,54990,4,0.0,1792,17686,37304
68,55058,4,0.0,1793,17686,37372
9,55067,4,0.0,1794,17686,37381
59,55126,4,0.0,1795,17686,37440
75,55201,4,0.0,1796,17686,37515
25,55226,4,0.0,1797,17686,37540
67,55293,4,0.0,1798,17686,37607
25,55318,4,0.0,1799,17686,37632
28,55346,4,0.0,1800,17686,37660
50,55396,4,0.0,1801,17686,37710
15,55411,4,0.0,1802,17686,37725
37,55448,4,0.0,1803,17686,37762
6,55454,4,0.0,1804,17686,37768
21,55475,4,0.0,1805,17686,37789
61,55536,4,0.0,1806,17686,37850
65,55601,4,0.0,1807,17686,37915
9,55610,4,0.0,1808,17686,37924
100,55710,4,0.0,1809,17686,38024
85,55795,4,0.0,1810,17686,38109
10,55805,4,0.0,1811,17686,38119
29,55834,4,0.0,1812,17686,38148
10,55844,4,0.0,1813,17686,38158
59,55903,4,0.0,1814,17686,38217
7,55910,4,0.0,1815,17686,38224
7,55917,4,0.0,1816,17686,38231
26,55943,4,0.0,1817,17686,38257
22,55965,4,0.0,1818,17686,38279
6,55971,4,0.0,1819,17686,38285
25,55996,4,0.0,1820,17686,38310
100,56096,4,0.0,1821,17686,38410
35,56131,4,0.0,1822,17686,38445
34,56165,4,0.0,1823,17686,38479
12,56177,4,0.0,1824,17686,38491
22,56199,4,0.0,1825,17686,38513
25,56224,4,0.0,1826,17686,38538
80,56304,4,0.0,1827,17686,38618
11,56315,4,0.0,1828,17686,38629
99,56414,4,0.0,1829,17686,38728
94,56508,4,0.0,1830,17686,38822
28,56536,4,0.0,1831,17686,38850
24,56560,4,0.0,1832,17686,38874
18,56578,4,0.0,1833,17686,38892
35,56613,4,0.0,1834,17686,38927
57,56670,4,0.0,1835,17686,38984
72,56742,4,0.0,1836,17686,39056
44,56786,4,0.0,1837,17686,39100
25,56811,4,0.0,1838,17686,39125
35,56846,4,0.0,1839,17686,39160
5,56851,4,0.0,1840,17686,39165
17,56868,4,0.0,1841,17686,39182
17,56885,4,0.0,1842,17686,39199
9,56894,4,0.0,1843,17686,39208
51,56945,4,0.0,1844,17686,39259
76,57021,4,0.0,1845,17686,39335
17,57038,4,0.0,1846,17686,39352
88,57126,4,0.0,1847,17686,39440
50,57176,4,0.0,1848,17686,39490
20,57196,4,0.0,1849,17686,39510
52,57248,4,0.0,1850,17686,39562
62,57310,4,0.0,1851,17686,39624
19,57329,4,0.0,1852,17686,39643
49,57378,4,0.0,1853,17686,39692
33,57411,4,0.0,1854,17686,39725
14,57425,4,0.0,1855,17686,39739
56,57481,4,0.0,1856,17686,39795
16,57497,4,0.0,1857,17686,39811
34,57531,4,0.0,1858,17686,39845
52,57583,4,0.0,1859,17686,39897
11,57594,4,0.0,1860,17686,39908
50,57644,4,0.0,1861,17686,39958
25,57669,4,0.0,1862,17686,39983
48,57717,4,0.0,1863,17686,40031
19,57736,4,0.0,1864,17686,40050
15,57751,4,0.0,1865,17686,40065
23,57774,4,0.0,1866,17686,40088
32,57806,4,0.0,1867,17686,40120
39,57845,4,0.0,1868,17686,40159
23,57868,4,0.0,1869,17686,40182
61,57929,4,0.0,1870,17686,40243
55,57984,4,0.0,1871,17686,40298
44,58028,4,0.0,1872,17686,40342
14,58042,4,0.0,1873,17686,40356
43,58085,4,0.0,1874,17686,40399
27,58112,4,0.0,1875,17686,40426
25,58137,4,0.0,1876,17686,40451
54,58191,4,0.0,1877,17686,40505
75,58266,4,0.0,1878,17686,40580
58,58324,4,0.0,1879,17686,40638
69,58393,4,0.0,1880,17686,40707
17,58410,4,0.0,1881,17686,40724
81,58491,4,0.0,1882,17686,40805
15,58506,4,0.0,1883,17686,40820
18,58524,4,0.0,1884,17686,40838
51,58575,4,0.0,1885,17686,40889
53,58628,4,0.0,1886,17686,40942
23,58651,4,0.0,1887,17686,40965
34,58685,4,0.0,1888,17686,40999
13,58698,4,0.0,1889,17686,41012
58,58756,4,0.0,1890,17686,41070
13,58769,4,0.0,1891,17686,41083
25,58794,4,0.0,1892,17686,41108
10,58804,4,0.0,1893,17686,41118
6,58810,4,0.0,1894,17686,41124
6,58816,4,0.0,1895,17686,41130
12,58828,4,0.0,1896,17686,41142
17,58845,4,0.0,1897,17686,41159
8,58853,4,0.0,1898,17686,41167
18,58871,4,0.0,1899,17686,41185
16,58887,4,0.0,1900,17686,41201
37,58924,4,0.0,1901,17686,41238
36,58960,4,0.0,1902,17686,41274
31,58991,4,0.0,1903,17686,41305
18,59009,4,0.0,1904,17686,41323
24,59033,4,0.0,1905,17686,41347
69,59102,4,0.0,1906,17686,41416
14,59116,4,0.0,1907,17686,41430
21,59137,4,0.0,1908,17686,41451
100,59237,4,0.0,1909,17686,41551
25,59262,4,0.0,1910,17686,41576
43,59305,4,0.0,1911,17686,41619
29,59334,4,0.0,1912,17686,41648
12,59346,4,0.0,1913,17686,41660
49,59395,4,0.0,1914,17686,41709
61,59456,4,0.0,1915,17686,41770
11,59467,4,0.0,1916,17686,41781
40,59507,4,0.0,1917,17686,41821
22,59529,4,0.0,1918,17686,41843
100,59629,4,0.0,1919,17686,41943
74,59703,4,0.0,1920,17686,42017
15,59718,4,0.0,1921,17686,42032
29,59747,4,0.0,1922,17686,42061
89,59836,4,0.0,1923,17686,42150
23,59859,4,0.0,1924,17687,42172
44,59903,4,0.0,1925,17687,42216
20,59923,4,0.0,1926,17687,42236
47,59970,4,0.0,1927,17687,42283
9,59979,4,0.0,1928,17687,42292
24,60003,4,0.0,1929,17687,42316
11,60014,4,0.0,1930,17687,42327
7,60021,4,0.0,1931,17687,42334
28,60049,4,0.0,1932,17687,42362
11,60060,4,0.0,1933,17687,42373
44,60104,4,0.0,1934,17687,42417
49,60153,4,0.0,1935,17687,42466
16,60169,4,0.0,1936,17687,42482
73,60242,4,0.0,1937,17687,42555
16,60258,4,0.0,1938,17687,42571
39,60297,4,0.0,1939,17687,42610
11,60308,4,0.0,1940,17687,42621
32,60340,4,0.0,1941,17687,42653
22,60362,4,0.0,1942,17687,42675
12,60374,4,0.0,1943,17687,42687
37,60411,4,0.0,1944,17687,42724
27,60438,4,0.0,1945,17687,42751
22,60460,4,0.0,1946,17687,42773
60,60520,4,0.0,1947,17687,42833
31,60551,4,0.0,1948,17687,42864
9,60560,4,0.0,1949,17687,42873
18,60578,4,0.0,1950,17687,42891
96,60674,4,0.0,1951,17687,42987
64,60738,4,0.0,1952,17687,43051
5,60743,4,0.0,1953,17687,43056
21,60764,4,0.0,1954,17687,43077
68,60832,4,0.0,1955,17687,43145
37,60869,4,0.0,1956,17687,43182
15,60884,4,0.0,1957,17687,43197
26,60910,4,0.0,1958,17687,43223
20,60930,4,0.0,1959,17687,43243
41,60971,4,0.0,1960,17687,43284
20,60991,4,0.0,1961,17687,43304
11,61002,4,0.0,1962,17687,43315
12,61014,4,0.0,1963,17687,43327
5,61019,4,0.0,1964,17687,43332
10,61029,4,0.0,1965,17687,43342
25,61054,4,0.0,1966,17687,43367
22,61076,4,0.0,1967,17687,43389
29,61105,4,0.0,1968,17687,43418
5,61110,4,0.0,1969,17687,43423
34,61144,4,0.0,1970,17687,43457
36,61180,4,0.0,1971,17687,43493
21,61201,4,0.0,1972,17687,43514
53,61254,4,0.0,1973,17687,43567
8,61262,4,0.0,1974,17687,43575
12,61274,4,0.0,1975,17687,43587
16,61290,4,0.0,1976,17687,43603
58,61348,4,0.0,1977,17687,43661
89,61437,4,0.0,1978,17687,43750
15,61452,4,0.0,1979,17687,43765
8,61460,4,0.0,1980,17687,43773
33,61493,4,0.0,1981,17687,43806
19,61512,4,0.0,1982,17687,43825
9,61521,4,0.0,1983,17687,43834
83,61604,4,0.0,1984,17687,43917
66,61670,4,0.0,1985,17687,43983
28,61698,4,0.0,1986,17687,44011
45,61743,4,0.0,1987,17687,44056
14,61757,4,0.0,1988,17687,44070
23,61780,4,0.0,1989,17687,44093
13,61793,4,0.0,1990,17687,44106
28,61821,4,0.0,1991,17687,44134
10,61831,4,0.0,1992,17687,44144
16,61847,4,0.0,1993,17687,44160
22,61869,4,0.0,1994,17687,44182
14,61883,4,0.0,1995,17687,44196
10,61893,4,0.0,1996,17687,44206
29,61922,4,0.0,1997,17687,44235
29,61951,4,0.0,1998,17687,44264
14,61965,4,0.0,1999,17687,44278
22,61987,4,0.0,2000,17687,44300
65,62052,4,0.0,2001,17687,44365
52,62104,4,0.0,2002,17687,44417
25,62129,4,0.0,2003,17687,44442
16,62145,4,0.0,2004,17687,44458
39,62184,4,0.0,2005,17687,44497
36,62220,4,0.0,2006,17687,44533
30,62250,4,0.0,2007,17687,44563
25,62275,4,0.0,2008,17687,44588
23,62298,4,0.0,2009,17687,44611
13,62311,4,0.0,2010,17687,44624
10,62321,4,0.0,2011,17687,44634
75,62396,4,0.0,2012,17687,44709
66,62462,4,0.0,2013,17687,44775
26,62488,4,0.0,2014,17687,44801
16,62504,4,0.0,2015,17687,44817
13,62517,4,0.0,2016,17687,44830
7,62524,4,0.0,2017,17687,44837
29,62553,4,0.0,2018,17687,44866
19,62572,4,0.0,2019,17687,44885
26,62598,4,0.0,2020,17687,44911
20,62618,4,0.0,2021,17687,44931
11,62629,4,0.0,2022,17687,44942
23,62652,4,0.0,2023,17687,44965
32,62684,4,0.0,2024,17687,44997
12,62696,4,0.0,2025,17687,45009
24,62720,4,0.0,2026,17687,45033
13,62733,4,0.0,2027,17687,45046
35,62768,4,0.0,2028,17687,45081
56,62824,4,0.0,2029,17687,45137
14,62838,4,0.0,2030,17687,45151
43,62881,4,0.0,2031,17687,45194
9,62890,4,0.0,2032,17687,45203
44,62934,4,0.0,2033,17687,45247
15,62949,4,0.0,2034,17687,45262
100,63049,4,0.0,2035,17687,45362
71,63120,4,0.0,2036,17687,45433
14,63134,4,0.0,2037,17687,45447
17,63151,4,0.0,2038,17687,45464
38,63189,4,0.0,2039,17687,45502
40,63229,4,0.0,2040,17687,45542
18,63247,4,0.0,2041,17687,45560
51,63298,4,0.0,2042,17687,45611
9,63307,4,0.0,2043,17687,45620
28,63335,4,0.0,2044,17687,45648
13,63348,4,0.0,2045,17687,45661
48,63396,4,0.0,2046,17687,45709
15,63411,4,0.0,2047,17687,45724
13,63424,4,0.0,2048,17687,45737
13,63437,4,0.0,2049,17687,45750
12,63449,4,0.0,2050,17687,45762
12,63461,4,0.0,2051,17687,45774
46,63507,4,0.0,2052,17687,45820
6,63513,4,0.0,2053,17687,45826
14,63527,4,0.0,2054,17687,45840
8,63535,4,0.0,2055,17687,45848
8,63543,4,0.0,2056,17687,45856
47,63590,4,0.0,2057,17687,45903
21,63611,4,0.0,2058,17687,45924
11,63622,4,0.0,2059,17687,45935
40,63662,4,0.0,2060,17687,45975
25,63687,4,0.0,2061,17687,46000
49,63736,4,0.0,2062,17687,46049
42,63778,4,0.0,2063,17687,46091
34,63812,4,0.0,2064,17687,46125
17,63829,4,0.0,2065,17687,46142
20,63849,4,0.0,2066,17687,46162
17,63866,4,0.0,2067,17687,46179
28,63894,4,0.0,2068,17687,46207
30,63924,4,0.0,2069,17687,46237
14,63938,4,0.0,2070,17687,46251
30,63968,4,0.0,2071,17687,46281
19,63987,4,0.0,2072,17687,46300
20,64007,4,0.0,2073,17687,46320
12,64019,4,0.0,2074,17687,46332
26,64045,4,0.0,2075,17687,46358
93,64138,4,0.0,2076,17687,46451
78,64216,4,0.0,2077,17687,46529
10,64226,4,0.0,2078,17687,46539
37,64263,4,0.0,2079,17687,46576
20,64283,4,0.0,2080,17687,46596
26,64309,4,0.0,2081,17687,46622
39,64348,4,0.0,2082,17687,46661
18,64366,4,0.0,2083,17687,46679
11,64377,4,0.0,2084,17687,46690
8,64385,4,0.0,2085,17687,46698
37,64422,4,0.0,2086,17687,46735
68,64490,4,0.0,2087,17688,46802
98,64588,4,0.0,2088,17688,46900
31,64619,4,0.0,2089,17688,46931
21,64640,4,0.0,2090,17688,46952
21,64661,4,0.0,2091,17688,46973
15,64676,4,0.0,2092,17688,46988
98,64774,4,0.0,2093,17688,47086
58,64832,4,0.0,2094,17688,47144
12,64844,4,0.0,2095,17688,47156
32,64876,4,0.0,2096,17688,47188
60,64936,4,0.0,2097,17688,47248
15,64951,4,0.0,2098,17688,47263
13,64964,4,0.0,2099,17688,47276
22,64986,4,0.0,2100,17688,47298
32,65018,4,0.0,2101,17688,47330
8,65026,4,0.0,2102,17688,47338
40,65066,4,0.0,2103,17688,47378
11,65077,4,0.0,2104,17688,47389
23,65100,4,0.0,2105,17688,47412
15,65115,4,0.0,2106,17688,47427
31,65146,4,0.0,2107,17688,47458
15,65161,4,0.0,2108,17688,47473
12,65173,4,0.0,2109,17688,47485
15,65188,4,0.0,2110,17688,47500
46,65234,4,0.0,2111,17688,47546
26,65260,4,0.0,2112,17688,47572
26,65286,4,0.0,2113,17688,47598
25,65311,4,0.0,2114,17688,47623
29,65340,4,0.0,2115,17688,47652
25,65365,4,0.0,2116,17688,47677
49,65414,4,0.0,2117,17688,47726
21,65435,4,0.0,2118,17688,47747
11,65446,4,0.0,2119,17688,47758
18,65464,4,0.0,2120,17688,47776
76,65540,4,0.0,2121,17688,47852
28,65568,4,0.0,2122,17688,47880
10,65578,4,0.0,2123,17688,47890
12,65590,4,0.0,2124,17688,47902
64,65654,4,0.0,2125,17688,47966
22,65676,4,0.0,2126,17688,47988
31,65707,4,0.0,2127,17688,48019
14,65721,4,0.0,2128,17688,48033
24,65745,4,0.0,2129,17688,48057
100,65845,4,0.0,2130,17688,48157
59,65904,4,0.0,2131,17688,48216
55,65959,4,0.0,2132,17688,48271
12,65971,4,0.0,2133,17688,48283
81,66052,4,0.0,2134,17688,48364
38,66090,4,0.0,2135,17688,48402
9,66099,4,0.0,2136,17688,48411
6,66105,4,0.0,2137,17688,48417
67,66172,4,0.0,2138,17688,48484
14,66186,4,0.0,2139,17688,48498
26,66212,4,0.0,2140,17688,48524
39,66251,4,0.0,2141,17688,48563
28,66279,4,0.0,2142,17688,48591
23,66302,4,0.0,2143,17688,48614
9,66311,4,0.0,2144,17688,48623
19,66330,4,0.0,2145,17688,48642
10,66340,4,0.0,2146,17688,48652
44,66384,4,0.0,2147,17688,48696
43,66427,4,0.0,2148,17688,48739
13,66440,4,0.0,2149,17688,48752
82,66522,4,0.0,2150,17688,48834
15,66537,4,0.0,2151,17688,48849
6,66543,4,0.0,2152,17688,48855
95,66638,4,0.0,2153,17689,48949
100,66738,4,0.0,2154,17689,49049
27,66765,4,0.0,2155,17689,49076
32,66797,4,0.0,2156,17689,49108
71,66868,4,0.0,2157,17689,49179
47,66915,4,0.0,2158,17689,49226
61,66976,4,0.0,2159,17689,49287
27,67003,4,0.0,2160,17689,49314
12,67015,4,0.0,2161,17689,49326
29,67044,4,0.0,2162,17689,49355
13,67057,4,0.0,2163,17689,49368
37,67094,4,0.0,2164,17689,49405
26,67120,4,0.0,2165,17689,49431
10,67130,4,0.0,2166,17689,49441
55,67185,4,0.0,2167,17689,49496
13,67198,4,0.0,2168,17689,49509
44,67242,4,0.0,2169,17689,49553
25,67267,4,0.0,2170,17689,49578
19,67286,4,0.0,2171,17689,49597
29,67315,4,0.0,2172,17689,49626
8,67323,4,0.0,2173,17689,49634
20,67343,4,0.0,2174,17689,49654
8,67351,4,0.0,2175,17689,49662
43,67394,4,0.0,2176,17689,49705
14,67408,4,0.0,2177,17689,49719
73,67481,4,0.0,2178,17689,49792
19,67500,4,0.0,2179,17689,49811
59,67559,4,0.0,2180,17689,49870
24,67583,4,0.0,2181,17689,49894
76,67659,4,0.0,2182,17689,49970
69,67728,4,0.0,2183,17689,50039
39,67767,4,0.0,2184,17689,50078
21,67788,5,1.0,2185,17689,50099
21,67809,5,0.0,2186,17689,50120
13,67822,5,0.0,2187,17689,50133
18,67840,5,0.0,2188,17689,50151
24,67864,5,0.0,2189,17689,50175
24,67888,5,0.0,2190,17689,50199
28,67916,6,1.0,2191,17689,50227
29,67945,6,0.0,2192,17689,50256
65,68010,6,0.0,2193,17689,50321
27,68037,6,0.0,2194,17689,50348
57,68094,6,0.0,2195,17689,50405
66,68160,6,0.0,2196,17689,50471
17,68177,6,0.0,2197,17689,50488
15,68192,6,0.0,2198,17689,50503
62,68254,6,0.0,2199,17689,50565
75,68329,6,0.0,2200,17689,50640
11,68340,6,0.0,2201,17689,50651
14,68354,6,0.0,2202,17689,50665
32,68386,6,0.0,2203,17689,50697
52,68438,6,0.0,2204,17689,50749
11,68449,6,0.0,2205,17689,50760
25,68474,6,0.0,2206,17689,50785
40,68514,6,0.0,2207,17689,50825
47,68561,6,0.0,2208,17689,50872
12,68573,6,0.0,2209,17689,50884
77,68650,6,0.0,2210,17689,50961
29,68679,6,0.0,2211,17689,50990
100,68779,6,0.0,2212,17689,51090
36,68815,6,0.0,2213,17689,51126
23,68838,6,0.0,2214,17689,51149
49,68887,6,0.0,2215,17689,51198
61,68948,6,0.0,2216,17689,51259
32,68980,6,0.0,2217,17689,51291
13,68993,6,0.0,2218,17689,51304
16,69009,6,0.0,2219,17689,51320
28,69037,6,0.0,2220,17689,51348
48,69085,6,0.0,2221,17689,51396
38,69123,6,0.0,2222,17689,51434
54,69177,6,0.0,2223,17689,51488
31,69208,6,0.0,2224,17689,51519
19,69227,6,0.0,2225,17689,51538
29,69256,6,0.0,2226,17689,51567
34,69290,6,0.0,2227,17689,51601
30,69320,6,0.0,2228,17689,51631
55,69375,6,0.0,2229,17689,51686
9,69384,6,0.0,2230,17689,51695
53,69437,6,0.0,2231,17689,51748
15,69452,6,0.0,2232,17689,51763
38,69490,6,0.0,2233,17689,51801
52,69542,6,0.0,2234,17689,51853
15,69557,6,0.0,2235,17689,51868
15,69572,6,0.0,2236,17689,51883
22,69594,6,0.0,2237,17689,51905
34,69628,6,0.0,2238,17689,51939
14,69642,6,0.0,2239,17689,51953
26,69668,6,0.0,2240,17689,51979
40,69708,6,0.0,2241,17689,52019
67,69775,6,0.0,2242,17689,52086
8,69783,6,0.0,2243,17689,52094
19,69802,6,0.0,2244,17689,52113
39,69841,6,0.0,2245,17689,52152
38,69879,6,0.0,2246,17689,52190
15,69894,6,0.0,2247,17689,52205
18,69912,6,0.0,2248,17689,52223
43,69955,6,0.0,2249,17689,52266
8,69963,6,0.0,2250,17689,52274
7,69970,6,0.0,2251,17689,52281
14,69984,6,0.0,2252,17689,52295
16,70000,6,0.0,2253,17689,52311
44,70044,6,0.0,2254,17689,52355
9,70053,6,0.0,2255,17689,52364
14,70067,6,0.0,2256,17689,52378
37,70104,6,0.0,2257,17689,52415
23,70127,6,0.0,2258,17689,52438
32,70159,6,0.0,2259,17689,52470
8,70167,6,0.0,2260,17689,52478
34,70201,6,0.0,2261,17689,52512
31,70232,6,0.0,2262,17689,52543
20,70252,6,0.0,2263,17689,52563
32,70284,6,0.0,2264,17689,52595
36,70320,6,0.0,2265,17689,52631
69,70389,6,0.0,2266,17689,52700
37,70426,6,0.0,2267,17689,52737
22,70448,6,0.0,2268,17689,52759
47,70495,6,0.0,2269,17689,52806
23,70518,6,0.0,2270,17689,52829
7,70525,6,0.0,2271,17689,52836
100,70625,6,0.0,2272,17689,52936
30,70655,6,0.0,2273,17689,52966
33,70688,6,0.0,2274,17689,52999
14,70702,6,0.0,2275,17689,53013
43,70745,6,0.0,2276,17689,53056
27,70772,6,0.0,2277,17689,53083
5,70777,6,0.0,2278,17689,53088
35,70812,6,0.0,2279,17689,53123
13,70825,6,0.0,2280,17689,53136
16,70841,6,0.0,2281,17689,53152
37,70878,6,0.0,2282,17689,53189
55,70933,6,0.0,2283,17689,53244
42,70975,6,0.0,2284,17689,53286
7,70982,6,0.0,2285,17689,53293
24,71006,6,0.0,2286,17689,53317
44,71050,6,0.0,2287,17689,53361
10,71060,6,0.0,2288,17689,53371
29,71089,6,0.0,2289,17689,53400
13,71102,6,0.0,2290,17689,53413
16,71118,6,0.0,2291,17689,53429
58,71176,6,0.0,2292,17689,53487
17,71193,6,0.0,2293,17689,53504
26,71219,6,0.0,2294,17689,53530
28,71247,6,0.0,2295,17689,53558
15,71262,6,0.0,2296,17689,53573
27,71289,6,0.0,2297,17689,53600
70,71359,6,0.0,2298,17689,53670
22,71381,6,0.0,2299,17689,53692
31,71412,6,0.0,2300,17689,53723
17,71429,6,0.0,2301,17689,53740
39,71468,6,0.0,2302,17689,53779
10,71478,6,0.0,2303,17689,53789
18,71496,6,0.0,2304,17689,53807
37,71533,6,0.0,2305,17689,53844
21,71554,6,0.0,2306,17689,53865
12,71566,6,0.0,2307,17689,53877
91,71657,6,0.0,2308,17689,53968
39,71696,6,0.0,2309,17689,54007
28,71724,6,0.0,2310,17689,54035
43,71767,6,0.0,2311,17689,54078
26,71793,6,0.0,2312,17689,54104
22,71815,6,0.0,2313,17689,54126
24,71839,6,0.0,2314,17689,54150
12,71851,6,0.0,2315,17689,54162
22,71873,6,0.0,2316,17689,54184
23,71896,6,0.0,2317,17689,54207
21,71917,6,0.0,2318,17689,54228
28,71945,6,0.0,2319,17689,54256
40,71985,6,0.0,2320,17689,54296
26,72011,6,0.0,2321,17689,54322
40,72051,6,0.0,2322,17689,54362
15,72066,6,0.0,2323,17689,54377
10,72076,6,0.0,2324,17689,54387
15,72091,6,0.0,2325,17689,54402
20,72111,6,0.0,2326,17689,54422
21,72132,6,0.0,2327,17689,54443
44,72176,6,0.0,2328,17689,54487
100,72276,6,0.0,2329,17689,54587
45,72321,6,0.0,2330,17689,54632
23,72344,6,0.0,2331,17689,54655
9,72353,6,0.0,2332,17689,54664
38,72391,6,0.0,2333,17689,54702
21,72412,6,0.0,2334,17689,54723
12,72424,6,0.0,2335,17689,54735
28,72452,6,0.0,2336,17689,54763
18,72470,6,0.0,2337,17689,54781
46,72516,6,0.0,2338,17689,54827
7,72523,6,0.0,2339,17689,54834
100,72623,6,0.0,2340,17689,54934
42,72665,6,0.0,2341,17689,54976
55,72720,6,0.0,2342,17689,55031
23,72743,6,0.0,2343,17689,55054
11,72754,6,0.0,2344,17689,55065
37,72791,6,0.0,2345,17689,55102
10,72801,6,0.0,2346,17689,55112
20,72821,6,0.0,2347,17689,55132
56,72877,6,0.0,2348,17689,55188
49,72926,6,0.0,2349,17689,55237
8,72934,6,0.0,2350,17689,55245
28,72962,6,0.0,2351,17689,55273
7,72969,6,0.0,2352,17689,55280
31,73000,6,0.0,2353,17689,55311
77,73077,6,0.0,2354,17689,55388
74,73151,6,0.0,2355,17689,55462
31,73182,6,0.0,2356,17689,55493
35,73217,6,0.0,2357,17689,55528
47,73264,6,0.0,2358,17689,55575
14,73278,6,0.0,2359,17689,55589
29,73307,6,0.0,2360,17689,55618
15,73322,6,0.0,2361,17689,55633
7,73329,6,0.0,2362,17689,55640
16,73345,6,0.0,2363,17689,55656
18,73363,6,0.0,2364,17689,55674
27,73390,6,0.0,2365,17689,55701
47,73437,6,0.0,2366,17689,55748
14,73451,6,0.0,2367,17689,55762
35,73486,6,0.0,2368,17689,55797
26,73512,6,0.0,2369,17689,55823
19,73531,6,0.0,2370,17689,55842
15,73546,6,0.0,2371,17689,55857
11,73557,6,0.0,2372,17689,55868
9,73566,6,0.0,2373,17689,55877
78,73644,6,0.0,2374,17689,55955
21,73665,6,0.0,2375,17689,55976
14,73679,6,0.0,2376,17689,55990
30,73709,6,0.0,2377,17689,56020
51,73760,6,0.0,2378,17689,56071
40,73800,6,0.0,2379,17689,56111
35,73835,6,0.0,2380,17689,56146
56,73891,6,0.0,2381,17689,56202
59,73950,6,0.0,2382,17689,56261
19,73969,6,0.0,2383,17689,56280
28,73997,6,0.0,2384,17689,56308
18,74015,6,0.0,2385,17689,56326
26,74041,6,0.0,2386,17689,56352
69,74110,6,0.0,2387,17689,56421
21,74131,6,0.0,2388,17689,56442
25,74156,6,0.0,2389,17689,56467
15,74171,6,0.0,2390,17689,56482
17,74188,6,0.0,2391,17689,56499
59,74247,6,0.0,2392,17689,56558
9,74256,6,0.0,2393,17689,56567
18,74274,6,0.0,2394,17689,56585
7,74281,6,0.0,2395,17689,56592
15,74296,6,0.0,2396,17689,56607
26,74322,6,0.0,2397,17689,56633
42,74364,6,0.0,2398,17689,56675
15,74379,6,0.0,2399,17689,56690
21,74400,6,0.0,2400,17689,56711
36,74436,6,0.0,2401,17689,56747
15,74451,6,0.0,2402,17689,56762
19,74470,6,0.0,2403,17689,56781
40,74510,6,0.0,2404,17689,56821
61,74571,6,0.0,2405,17689,56882
21,74592,6,0.0,2406,17689,56903
7,74599,6,0.0,2407,17689,56910
45,74644,6,0.0,2408,17689,56955
22,74666,6,0.0,2409,17689,56977
56,74722,6,0.0,2410,17689,57033
9,74731,6,0.0,2411,17689,57042
32,74763,6,0.0,2412,17689,57074
19,74782,6,0.0,2413,17689,57093
17,74799,6,0.0,2414,17689,57110
35,74834,6,0.0,2415,17689,57145
7,74841,6,0.0,2416,17689,57152
40,74881,6,0.0,2417,17689,57192
56,74937,6,0.0,2418,17689,57248
24,74961,6,0.0,2419,17689,57272
13,74974,6,0.0,2420,17689,57285
46,75020,6,0.0,2421,17689,57331
74,75094,6,0.0,2422,17689,57405
85,75179,6,0.0,2423,17689,57490
5,75184,6,0.0,2424,17689,57495
20,75204,6,0.0,2425,17689,57515
22,75226,6,0.0,2426,17689,57537
96,75322,6,0.0,2427,17689,57633
59,75381,6,0.0,2428,17689,57692
40,75421,6,0.0,2429,17689,57732
76,75497,6,0.0,2430,17689,57808
20,75517,6,0.0,2431,17689,57828
21,75538,6,0.0,2432,17689,57849
32,75570,6,0.0,2433,17689,57881
39,75609,6,0.0,2434,17689,57920
24,75633,6,0.0,2435,17689,57944
28,75661,7,1.0,2436,17689,57972
12,75673,7,0.0,2437,17689,57984
10,75683,7,0.0,2438,17689,57994
27,75710,7,0.0,2439,17689,58021
55,75765,7,0.0,2440,17689,58076
12,75777,7,0.0,2441,17689,58088
14,75791,7,0.0,2442,17689,58102
45,75836,7,0.0,2443,17689,58147
13,75849,7,0.0,2444,17689,58160
6,75855,7,0.0,2445,17689,58166
21,75876,7,0.0,2446,17689,58187
22,75898,7,0.0,2447,17689,58209
77,75975,7,0.0,2448,17689,58286
11,75986,7,0.0,2449,17689,58297
26,76012,7,0.0,2450,17689,58323
92,76104,7,0.0,2451,17689,58415
19,76123,7,0.0,2452,17689,58434
19,76142,7,0.0,2453,17689,58453
10,76152,7,0.0,2454,17689,58463
89,76241,7,0.0,2455,17689,58552
27,76268,7,0.0,2456,17689,58579
43,76311,7,0.0,2457,17689,58622
12,76323,7,0.0,2458,17689,58634
31,76354,7,0.0,2459,17689,58665
16,76370,7,0.0,2460,17689,58681
60,76430,7,0.0,2461,17689,58741
18,76448,7,0.0,2462,17689,58759
94,76542,7,0.0,2463,17689,58853
36,76578,7,0.0,2464,17689,58889
56,76634,7,0.0,2465,17689,58945
13,76647,7,0.0,2466,17689,58958
24,76671,7,0.0,2467,17689,58982
11,76682,7,0.0,2468,17689,58993
56,76738,7,0.0,2469,17689,59049
18,76756,7,0.0,2470,17689,59067
26,76782,7,0.0,2471,17689,59093
11,76793,7,0.0,2472,17689,59104
34,76827,7,0.0,2473,17689,59138
14,76841,7,0.0,2474,17689,59152
30,76871,7,0.0,2475,17689,59182
58,76929,7,0.0,2476,17689,59240
15,76944,7,0.0,2477,17689,59255
43,76987,7,0.0,2478,17689,59298
20,77007,7,0.0,2479,17689,59318
8,77015,7,0.0,2480,17689,59326
34,77049,7,0.0,2481,17689,59360
24,77073,7,0.0,2482,17689,59384
38,77111,7,0.0,2483,17689,59422
91,77202,7,0.0,2484,17689,59513
54,77256,7,0.0,2485,17689,59567
17,77273,7,0.0,2486,17689,59584
18,77291,7,0.0,2487,17689,59602
24,77315,7,0.0,2488,17689,59626
6,77321,7,0.0,2489,17689,59632
21,77342,7,0.0,2490,17689,59653
100,77442,7,0.0,2491,17689,59753
10,77452,7,0.0,2492,17689,59763
31,77483,7,0.0,2493,17689,59794
35,77518,7,0.0,2494,17689,59829
15,77533,7,0.0,2495,17689,59844
88,77621,7,0.0,2496,17689,59932
48,77669,7,0.0,2497,17689,59980
8,77677,7,0.0,2498,17689,59988
34,77711,7,0.0,2499,17689,60022
47,77758,7,0.0,2500,17689,60069
36,77794,7,0.0,2501,17689,60105
19,77813,7,0.0,2502,17689,60124
31,77844,7,0.0,2503,17689,60155
16,77860,7,0.0,2504,17689,60171
7,77867,7,0.0,2505,17689,60178
75,77942,7,0.0,2506,17689,60253
37,77979,7,0.0,2507,17689,60290
26,78005,7,0.0,2508,17689,60316
55,78060,7,0.0,2509,17689,60371
33,78093,7,0.0,2510,17689,60404
18,78111,7,0.0,2511,17689,60422
31,78142,7,0.0,2512,17689,60453
62,78204,7,0.0,2513,17689,60515
15,78219,7,0.0,2514,17689,60530
18,78237,7,0.0,2515,17689,60548
5,78242,7,0.0,2516,17689,60553
24,78266,7,0.0,2517,17689,60577
47,78313,7,0.0,2518,17689,60624
32,78345,7,0.0,2519,17689,60656
28,78373,7,0.0,2520,17689,60684
20,78393,7,0.0,2521,17689,60704
16,78409,7,0.0,2522,17689,60720
6,78415,7,0.0,2523,17689,60726
12,78427,7,0.0,2524,17689,60738
14,78441,7,0.0,2525,17689,60752
19,78460,7,0.0,2526,17689,60771
24,78484,7,0.0,2527,17689,60795
11,78495,7,0.0,2528,17689,60806
35,78530,7,0.0,2529,17689,60841
34,78564,7,0.0,2530,17689,60875
64,78628,7,0.0,2531,17689,60939
32,78660,7,0.0,2532,17689,60971
76,78736,7,0.0,2533,17689,61047
15,78751,7,0.0,2534,17689,61062
11,78762,7,0.0,2535,17689,61073
19,78781,7,0.0,2536,17689,61092
45,78826,7,0.0,2537,17689,61137
39,78865,7,0.0,2538,17689,61176
7,78872,7,0.0,2539,17689,61183
12,78884,7,0.0,2540,17689,61195
12,78896,7,0.0,2541,17689,61207
28,78924,7,0.0,2542,17689,61235
17,78941,7,0.0,2543,17689,61252
16,78957,7,0.0,2544,17689,61268
49,79006,7,0.0,2545,17689,61317
23,79029,7,0.0,2546,17689,61340
28,79057,7,0.0,2547,17689,61368
35,79092,7,0.0,2548,17689,61403
28,79120,7,0.0,2549,17689,61431
72,79192,7,0.0,2550,17689,61503
23,79215,7,0.0,2551,17689,61526
21,79236,7,0.0,2552,17689,61547
30,79266,7,0.0,2553,17689,61577
53,79319,7,0.0,2554,17689,61630
18,79337,7,0.0,2555,17689,61648
18,79355,7,0.0,2556,17689,61666
24,79379,7,0.0,2557,17689,61690
15,79394,7,0.0,2558,17689,61705
68,79462,7,0.0,2559,17689,61773
23,79485,7,0.0,2560,17689,61796
63,79548,7,0.0,2561,17689,61859
23,79571,7,0.0,2562,17689,61882
58,79629,7,0.0,2563,17689,61940
16,79645,7,0.0,2564,17689,61956
44,79689,7,0.0,2565,17689,62000
27,79716,7,0.0,2566,17689,62027
18,79734,7,0.0,2567,17689,62045
34,79768,7,0.0,2568,17689,62079
28,79796,7,0.0,2569,17689,62107
57,79853,7,0.0,2570,17689,62164
14,79867,7,0.0,2571,17689,62178
37,79904,7,0.0,2572,17689,62215
25,79929,7,0.0,2573,17689,62240
44,79973,7,0.0,2574,17689,62284
65,80038,7,0.0,2575,17689,62349
22,80060,7,0.0,2576,17689,62371
28,80088,7,0.0,2577,17689,62399
25,80113,7,0.0,2578,17689,62424
39,80152,7,0.0,2579,17689,62463
13,80165,7,0.0,2580,17689,62476
25,80190,7,0.0,2581,17689,62501
65,80255,7,0.0,2582,17689,62566
67,80322,7,0.0,2583,17689,62633
53,80375,7,0.0,2584,17689,62686
23,80398,7,0.0,2585,17689,62709
46,80444,7,0.0,2586,17689,62755
20,80464,7,0.0,2587,17689,62775
6,80470,7,0.0,2588,17689,62781
18,80488,7,0.0,2589,17689,62799
13,80501,7,0.0,2590,17689,62812
29,80530,7,0.0,2591,17689,62841
19,80549,7,0.0,2592,17689,62860
24,80573,7,0.0,2593,17689,62884
7,80580,7,0.0,2594,17689,62891
31,80611,7,0.0,2595,17689,62922
49,80660,7,0.0,2596,17689,62971
11,80671,7,0.0,2597,17689,62982
10,80681,7,0.0,2598,17689,62992
66,80747,7,0.0,2599,17689,63058
27,80774,7,0.0,2600,17689,63085
83,80857,7,0.0,2601,17689,63168
21,80878,7,0.0,2602,17689,63189
12,80890,7,0.0,2603,17689,63201
45,80935,7,0.0,2604,17689,63246
55,80990,7,0.0,2605,17689,63301
17,81007,7,0.0,2606,17689,63318
9,81016,7,0.0,2607,17689,63327
10,81026,7,0.0,2608,17689,63337
33,81059,7,0.0,2609,17689,63370
6,81065,7,0.0,2610,17689,63376
17,81082,7,0.0,2611,17689,63393
24,81106,7,0.0,2612,17689,63417
36,81142,7,0.0,2613,17689,63453
35,81177,7,0.0,2614,17689,63488
59,81236,7,0.0,2615,17689,63547
92,81328,7,0.0,2616,17689,63639
8,81336,7,0.0,2617,17689,63647
11,81347,7,0.0,2618,17689,63658
32,81379,7,0.0,2619,17689,63690
13,81392,7,0.0,2620,17689,63703
12,81404,7,0.0,2621,17689,63715
58,81462,8,1.0,2622,17689,63773
31,81493,8,0.0,2623,17689,63804
11,81504,8,0.0,2624,17689,63815
32,81536,8,0.0,2625,17689,63847
24,81560,8,0.0,2626,17689,63871
13,81573,8,0.0,2627,17689,63884
15,81588,8,0.0,2628,17689,63899
27,81615,8,0.0,2629,17689,63926
35,81650,8,0.0,2630,17689,63961
38,81688,8,0.0,2631,17689,63999
25,81713,8,0.0,2632,17689,64024
8,81721,8,0.0,2633,17689,64032
47,81768,8,0.0,2634,17689,64079
36,81804,8,0.0,2635,17689,64115
17,81821,8,0.0,2636,17689,64132
21,81842,8,0.0,2637,17689,64153
11,81853,8,0.0,2638,17689,64164
12,81865,8,0.0,2639,17689,64176
16,81881,8,0.0,2640,17689,64192
41,81922,8,0.0,2641,17689,64233
11,81933,8,0.0,2642,17689,64244
97,82030,8,0.0,2643,17689,64341
40,82070,8,0.0,2644,17689,64381
100,82170,8,0.0,2645,17689,64481
15,82185,8,0.0,2646,17689,64496
18,82203,8,0.0,2647,17689,64514
14,82217,8,0.0,2648,17689,64528
88,82305,8,0.0,2649,17689,64616
27,82332,8,0.0,2650,17689,64643
35,82367,8,0.0,2651,17689,64678
27,82394,8,0.0,2652,17689,64705
12,82406,8,0.0,2653,17689,64717
14,82420,8,0.0,2654,17689,64731
28,82448,8,0.0,2655,17689,64759
79,82527,8,0.0,2656,17689,64838
20,82547,8,0.0,2657,17689,64858
7,82554,8,0.0,2658,17689,64865
14,82568,8,0.0,2659,17689,64879
100,82668,8,0.0,2660,17689,64979
11,82679,8,0.0,2661,17689,64990
17,82696,8,0.0,2662,17689,65007
34,82730,8,0.0,2663,17689,65041
5,82735,8,0.0,2664,17689,65046
8,82743,8,0.0,2665,17689,65054
49,82792,8,0.0,2666,17689,65103
37,82829,8,0.0,2667,17689,65140
11,82840,8,0.0,2668,17689,65151
22,82862,8,0.0,2669,17689,65173
48,82910,8,0.0,2670,17689,65221
17,82927,8,0.0,2671,17689,65238
13,82940,8,0.0,2672,17689,65251
55,82995,8,0.0,2673,17689,65306
15,83010,8,0.0,2674,17689,65321
43,83053,8,0.0,2675,17689,65364
100,83153,8,0.0,2676,17689,65464
43,83196,8,0.0,2677,17689,65507
20,83216,8,0.0,2678,17689,65527
15,83231,8,0.0,2679,17689,65542
19,83250,8,0.0,2680,17689,65561
45,83295,8,0.0,2681,17689,65606
11,83306,8,0.0,2682,17689,65617
28,83334,8,0.0,2683,17689,65645
10,83344,8,0.0,2684,17689,65655
12,83356,8,0.0,2685,17689,65667
23,83379,8,0.0,2686,17689,65690
20,83399,8,0.0,2687,17689,65710
21,83420,8,0.0,2688,17689,65731
33,83453,8,0.0,2689,17689,65764
11,83464,8,0.0,2690,17689,65775
76,83540,8,0.0,2691,17689,65851
12,83552,8,0.0,2692,17689,65863
5,83557,8,0.0,2693,17689,65868
23,83580,8,0.0,2694,17689,65891
31,83611,8,0.0,2695,17689,65922
34,83645,8,0.0,2696,17689,65956
27,83672,8,0.0,2697,17689,65983
18,83690,8,0.0,2698,17689,66001
16,83706,8,0.0,2699,17689,66017
83,83789,8,0.0,2700,17689,66100
40,83829,8,0.0,2701,17689,66140
21,83850,8,0.0,2702,17689,66161
55,83905,8,0.0,2703,17689,66216
49,83954,8,0.0,2704,17689,66265
50,84004,8,0.0,2705,17689,66315
33,84037,8,0.0,2706,17689,66348
11,84048,8,0.0,2707,17689,66359
25,84073,8,0.0,2708,17689,66384
37,84110,8,0.0,2709,17689,66421
27,84137,8,0.0,2710,17689,66448
31,84168,8,0.0,2711,17689,66479
7,84175,8,0.0,2712,17689,66486
32,84207,8,0.0,2713,17689,66518
65,84272,8,0.0,2714,17689,66583
28,84300,8,0.0,2715,17689,66611
34,84334,8,0.0,2716,17689,66645
18,84352,8,0.0,2717,17689,66663
30,84382,8,0.0,2718,17689,66693
23,84405,8,0.0,2719,17689,66716
41,84446,8,0.0,2720,17689,66757
16,84462,8,0.0,2721,17689,66773
9,84471,8,0.0,2722,17689,66782
11,84482,8,0.0,2723,17689,66793
58,84540,8,0.0,2724,17689,66851
7,84547,8,0.0,2725,17689,66858
66,84613,8,0.0,2726,17689,66924
44,84657,8,0.0,2727,17689,66968
50,84707,8,0.0,2728,17689,67018
8,84715,8,0.0,2729,17689,67026
51,84766,8,0.0,2730,17689,67077
35,84801,8,0.0,2731,17689,67112
76,84877,8,0.0,2732,17689,67188
17,84894,8,0.0,2733,17689,67205
13,84907,8,0.0,2734,17689,67218
100,85007,8,0.0,2735,17689,67318
36,85043,8,0.0,2736,17689,67354
16,85059,8,0.0,2737,17689,67370
22,85081,8,0.0,2738,17689,67392
14,85095,8,0.0,2739,17690,67405
13,85108,8,0.0,2740,17690,67418
7,85115,8,0.0,2741,17690,67425
6,85121,8,0.0,2742,17690,67431
10,85131,8,0.0,2743,17690,67441
8,85139,8,0.0,2744,17690,67449
21,85160,8,0.0,2745,17690,67470
43,85203,8,0.0,2746,17690,67513
23,85226,8,0.0,2747,17690,67536
100,85326,8,0.0,2748,17690,67636
16,85342,8,0.0,2749,17690,67652
40,85382,8,0.0,2750,17690,67692
34,85416,8,0.0,2751,17690,67726
16,85432,8,0.0,2752,17690,67742
37,85469,8,0.0,2753,17690,67779
48,85517,8,0.0,2754,17690,67827
22,85539,8,0.0,2755,17690,67849
11,85550,8,0.0,2756,17690,67860
13,85563,8,0.0,2757,17690,67873
43,85606,8,0.0,2758,17690,67916
38,85644,8,0.0,2759,17690,67954
15,85659,8,0.0,2760,17690,67969
9,85668,8,0.0,2761,17690,67978
23,85691,8,0.0,2762,17690,68001
18,85709,8,0.0,2763,17690,68019
37,85746,8,0.0,2764,17690,68056
25,85771,8,0.0,2765,17690,68081
56,85827,8,0.0,2766,17690,68137
11,85838,8,0.0,2767,17690,68148
33,85871,8,0.0,2768,17690,68181
23,85894,8,0.0,2769,17690,68204
31,85925,8,0.0,2770,17690,68235
78,86003,8,0.0,2771,17690,68313
32,86035,8,0.0,2772,17690,68345
40,86075,8,0.0,2773,17690,68385
30,86105,8,0.0,2774,17690,68415
16,86121,8,0.0,2775,17690,68431
21,86142,8,0.0,2776,17690,68452
17,86159,8,0.0,2777,17690,68469
100,86259,8,0.0,2778,17690,68569
45,86304,8,0.0,2779,17690,68614
24,86328,8,0.0,2780,17690,68638
60,86388,8,0.0,2781,17690,68698
23,86411,8,0.0,2782,17690,68721
94,86505,8,0.0,2783,17690,68815
17,86522,8,0.0,2784,17690,68832
40,86562,8,0.0,2785,17690,68872
14,86576,8,0.0,2786,17690,68886
56,86632,8,0.0,2787,17690,68942
11,86643,8,0.0,2788,17690,68953
22,86665,8,0.0,2789,17690,68975
52,86717,8,0.0,2790,17690,69027
12,86729,8,0.0,2791,17690,69039
100,86829,8,0.0,2792,17690,69139
30,86859,8,0.0,2793,17690,69169
5,86864,8,0.0,2794,17690,69174
5,86869,8,0.0,2795,17690,69179
33,86902,8,0.0,2796,17690,69212
65,86967,8,0.0,2797,17690,69277
62,87029,8,0.0,2798,17690,69339
21,87050,8,0.0,2799,17690,69360
54,87104,8,0.0,2800,17690,69414
18,87122,8,0.0,2801,17690,69432
6,87128,8,0.0,2802,17690,69438
47,87175,8,0.0,2803,17690,69485
59,87234,8,0.0,2804,17690,69544
41,87275,8,0.0,2805,17690,69585
22,87297,8,0.0,2806,17690,69607
22,87319,8,0.0,2807,17690,69629
42,87361,8,0.0,2808,17690,69671
28,87389,8,0.0,2809,17690,69699
13,87402,8,0.0,2810,17690,69712
22,87424,8,0.0,2811,17690,69734
13,87437,8,0.0,2812,17690,69747
11,87448,8,0.0,2813,17690,69758
42,87490,8,0.0,2814,17690,69800
8,87498,8,0.0,2815,17690,69808
26,87524,8,0.0,2816,17690,69834
36,87560,8,0.0,2817,17690,69870
9,87569,8,0.0,2818,17690,69879
21,87590,8,0.0,2819,17690,69900
17,87607,8,0.0,2820,17690,69917
16,87623,8,0.0,2821,17690,69933
70,87693,8,0.0,2822,17690,70003
46,87739,8,0.0,2823,17690,70049
39,87778,8,0.0,2824,17690,70088
41,87819,8,0.0,2825,17690,70129
60,87879,8,0.0,2826,17690,70189
77,87956,8,0.0,2827,17690,70266
21,87977,8,0.0,2828,17690,70287
44,88021,8,0.0,2829,17690,70331
47,88068,8,0.0,2830,17690,70378
33,88101,8,0.0,2831,17690,70411
16,88117,8,0.0,2832,17690,70427
20,88137,8,0.0,2833,17690,70447
36,88173,8,0.0,2834,17690,70483
42,88215,8,0.0,2835,17690,70525
7,88222,8,0.0,2836,17690,70532
18,88240,8,0.0,2837,17690,70550
26,88266,8,0.0,2838,17690,70576
25,88291,8,0.0,2839,17690,70601
55,88346,8,0.0,2840,17690,70656
28,88374,8,0.0,2841,17690,70684
32,88406,8,0.0,2842,17690,70716
22,88428,8,0.0,2843,17690,70738
46,88474,8,0.0,2844,17690,70784
10,88484,8,0.0,2845,17690,70794
27,88511,8,0.0,2846,17690,70821
31,88542,8,0.0,2847,17690,70852
42,88584,8,0.0,2848,17690,70894
25,88609,8,0.0,2849,17690,70919
45,88654,8,0.0,2850,17690,70964
49,88703,8,0.0,2851,17690,71013
20,88723,8,0.0,2852,17690,71033
24,88747,8,0.0,2853,17690,71057
47,88794,8,0.0,2854,17690,71104
28,88822,8,0.0,2855,17690,71132
31,88853,8,0.0,2856,17690,71163
27,88880,8,0.0,2857,17690,71190
17,88897,8,0.0,2858,17690,71207
39,88936,8,0.0,2859,17690,71246
38,88974,8,0.0,2860,17690,71284
33,89007,8,0.0,2861,17690,71317
6,89013,8,0.0,2862,17690,71323
55,89068,8,0.0,2863,17690,71378
24,89092,8,0.0,2864,17690,71402
26,89118,8,0.0,2865,17690,71428
23,89141,8,0.0,2866,17690,71451
41,89182,8,0.0,2867,17690,71492
19,89201,8,0.0,2868,17690,71511
7,89208,8,0.0,2869,17690,71518
30,89238,8,0.0,2870,17690,71548
36,89274,8,0.0,2871,17690,71584
18,89292,8,0.0,2872,17690,71602
15,89307,8,0.0,2873,17690,71617
10,89317,8,0.0,2874,17690,71627
46,89363,8,0.0,2875,17690,71673
25,89388,8,0.0,2876,17690,71698
17,89405,8,0.0,2877,17690,71715
15,89420,8,0.0,2878,17690,71730
22,89442,8,0.0,2879,17690,71752
14,89456,8,0.0,2880,17690,71766
20,89476,8,0.0,2881,17690,71786
21,89497,8,0.0,2882,17690,71807
39,89536,8,0.0,2883,17690,71846
48,89584,8,0.0,2884,17690,71894
33,89617,8,0.0,2885,17690,71927
18,89635,8,0.0,2886,17690,71945
17,89652,8,0.0,2887,17690,71962
31,89683,8,0.0,2888,17690,71993
26,89709,8,0.0,2889,17690,72019
14,89723,8,0.0,2890,17690,72033
41,89764,8,0.0,2891,17690,72074
29,89793,8,0.0,2892,17690,72103
9,89802,8,0.0,2893,17690,72112
38,89840,8,0.0,2894,17690,72150
17,89857,8,0.0,2895,17690,72167
10,89867,8,0.0,2896,17690,72177
56,89923,8,0.0,2897,17690,72233
20,89943,8,0.0,2898,17690,72253
63,90006,8,0.0,2899,17690,72316
11,90017,8,0.0,2900,17690,72327
28,90045,8,0.0,2901,17690,72355
27,90072,8,0.0,2902,17690,72382
44,90116,8,0.0,2903,17690,72426
100,90216,8,0.0,2904,17690,72526
96,90312,8,0.0,2905,17690,72622
44,90356,8,0.0,2906,17690,72666
10,90366,8,0.0,2907,17690,72676
29,90395,8,0.0,2908,17690,72705
91,90486,8,0.0,2909,17690,72796
12,90498,8,0.0,2910,17690,72808
50,90548,8,0.0,2911,17690,72858
18,90566,8,0.0,2912,17690,72876
55,90621,8,0.0,2913,17690,72931
13,90634,8,0.0,2914,17690,72944
29,90663,8,0.0,2915,17690,72973
60,90723,8,0.0,2916,17690,73033
9,90732,8,0.0,2917,17690,73042
82,90814,8,0.0,2918,17690,73124
35,90849,8,0.0,2919,17690,73159
14,90863,8,0.0,2920,17690,73173
57,90920,8,0.0,2921,17690,73230
19,90939,8,0.0,2922,17690,73249
20,90959,8,0.0,2923,17690,73269
9,90968,8,0.0,2924,17690,73278
26,90994,8,0.0,2925,17690,73304
33,91027,8,0.0,2926,17690,73337
18,91045,8,0.0,2927,17690,73355
50,91095,8,0.0,2928,17690,73405
10,91105,8,0.0,2929,17690,73415
20,91125,8,0.0,2930,17690,73435
11,91136,8,0.0,2931,17690,73446
17,91153,8,0.0,2932,17690,73463
18,91171,8,0.0,2933,17690,73481
31,91202,8,0.0,2934,17690,73512
15,91217,8,0.0,2935,17690,73527
14,91231,8,0.0,2936,17690,73541
18,91249,8,0.0,2937,17690,73559
78,91327,8,0.0,2938,17690,73637
49,91376,8,0.0,2939,17690,73686
59,91435,8,0.0,2940,17690,73745
18,91453,8,0.0,2941,17690,73763
38,91491,8,0.0,2942,17690,73801
54,91545,8,0.0,2943,17690,73855
95,91640,9,1.0,2944,17690,73950
13,91653,9,0.0,2945,17690,73963
100,91753,9,0.0,2946,17690,74063
60,91813,9,0.0,2947,17690,74123
14,91827,9,0.0,2948,17690,74137
12,91839,9,0.0,2949,17690,74149
16,91855,9,0.0,2950,17690,74165
35,91890,9,0.0,2951,17690,74200
56,91946,9,0.0,2952,17690,74256
9,91955,9,0.0,2953,17690,74265
59,92014,9,0.0,2954,17690,74324
9,92023,9,0.0,2955,17690,74333
20,92043,9,0.0,2956,17690,74353
72,92115,9,0.0,2957,17690,74425
100,92215,9,0.0,2958,17690,74525
8,92223,9,0.0,2959,17690,74533
100,92323,9,0.0,2960,17690,74633
9,92332,9,0.0,2961,17690,74642
36,92368,9,0.0,2962,17690,74678
55,92423,9,0.0,2963,17690,74733
11,92434,9,0.0,2964,17690,74744
25,92459,9,0.0,2965,17690,74769
24,92483,9,0.0,2966,17690,74793
23,92506,9,0.0,2967,17690,74816
53,92559,9,0.0,2968,17690,74869
12,92571,9,0.0,2969,17690,74881
18,92589,9,0.0,2970,17690,74899
17,92606,9,0.0,2971,17690,74916
35,92641,9,0.0,2972,17690,74951
22,92663,9,0.0,2973,17690,74973
55,92718,9,0.0,2974,17690,75028
17,92735,9,0.0,2975,17690,75045
31,92766,9,0.0,2976,17690,75076
53,92819,9,0.0,2977,17690,75129
23,92842,9,0.0,2978,17690,75152
18,92860,9,0.0,2979,17690,75170
19,92879,9,0.0,2980,17690,75189
10,92889,9,0.0,2981,17690,75199
29,92918,9,0.0,2982,17690,75228
30,92948,9,0.0,2983,17690,75258
22,92970,9,0.0,2984,17690,75280
54,93024,9,0.0,2985,17690,75334
5,93029,9,0.0,2986,17690,75339
24,93053,9,0.0,2987,17690,75363
23,93076,9,0.0,2988,17690,75386
24,93100,9,0.0,2989,17690,75410
22,93122,9,0.0,2990,17690,75432
10,93132,9,0.0,2991,17690,75442
73,93205,9,0.0,2992,17690,75515
25,93230,9,0.0,2993,17690,75540
44,93274,9,0.0,2994,17690,75584
24,93298,9,0.0,2995,17690,75608
8,93306,9,0.0,2996,17690,75616
22,93328,9,0.0,2997,17690,75638
38,93366,9,0.0,2998,17690,75676
7,93373,9,0.0,2999,17690,75683
14,93387,9,0.0,3000,17690,75697
84,93471,9,0.0,3001,17690,75781
27,93498,9,0.0,3002,17690,75808
9,93507,9,0.0,3003,17690,75817
15,93522,9,0.0,3004,17690,75832
16,93538,9,0.0,3005,17690,75848
27,93565,9,0.0,3006,17690,75875
35,93600,9,0.0,3007,17690,75910
12,93612,9,0.0,3008,17690,75922
20,93632,9,0.0,3009,17690,75942
29,93661,9,0.0,3010,17690,75971
19,93680,9,0.0,3011,17690,75990
10,93690,9,0.0,3012,17690,76000
23,93713,9,0.0,3013,17690,76023
11,93724,9,0.0,3014,17690,76034
30,93754,9,0.0,3015,17690,76064
24,93778,9,0.0,3016,17690,76088
97,93875,9,0.0,3017,17690,76185
15,93890,9,0.0,3018,17690,76200
68,93958,9,0.0,3019,17690,76268
26,93984,9,0.0,3020,17690,76294
30,94014,9,0.0,3021,17690,76324
23,94037,9,0.0,3022,17690,76347
54,94091,9,0.0,3023,17690,76401
12,94103,9,0.0,3024,17690,76413
12,94115,9,0.0,3025,17690,76425
8,94123,9,0.0,3026,17690,76433
12,94135,9,0.0,3027,17690,76445
42,94177,9,0.0,3028,17690,76487
16,94193,9,0.0,3029,17690,76503
16,94209,9,0.0,3030,17690,76519
31,94240,9,0.0,3031,17690,76550
14,94254,9,0.0,3032,17690,76564
78,94332,9,0.0,3033,17690,76642
25,94357,9,0.0,3034,17690,76667
16,94373,9,0.0,3035,17690,76683
24,94397,9,0.0,3036,17690,76707
41,94438,9,0.0,3037,17690,76748
19,94457,9,0.0,3038,17690,76767
31,94488,9,0.0,3039,17690,76798
17,94505,9,0.0,3040,17690,76815
5,94510,9,0.0,3041,17690,76820
8,94518,9,0.0,3042,17690,76828
11,94529,9,0.0,3043,17690,76839
45,94574,9,0.0,3044,17690,76884
8,94582,9,0.0,3045,17690,76892
82,94664,9,0.0,3046,17690,76974
18,94682,9,0.0,3047,17690,76992
9,94691,9,0.0,3048,17690,77001
12,94703,9,0.0,3049,17690,77013
46,94749,9,0.0,3050,17690,77059
16,94765,9,0.0,3051,17690,77075
21,94786,9,0.0,3052,17690,77096
19,94805,9,0.0,3053,17690,77115
49,94854,9,0.0,3054,17690,77164
24,94878,9,0.0,3055,17690,77188
20,94898,9,0.0,3056,17690,77208
16,94914,9,0.0,3057,17690,77224
34,94948,9,0.0,3058,17690,77258
14,94962,9,0.0,3059,17690,77272
21,94983,9,0.0,3060,17690,77293
23,95006,9,0.0,3061,17690,77316
9,95015,9,0.0,3062,17690,77325
15,95030,9,0.0,3063,17690,77340
7,95037,9,0.0,3064,17690,77347
7,95044,9,0.0,3065,17690,77354
45,95089,9,0.0,3066,17690,77399
14,95103,9,0.0,3067,17690,77413
59,95162,9,0.0,3068,17690,77472
65,95227,9,0.0,3069,17690,77537
24,95251,9,0.0,3070,17690,77561
44,95295,9,0.0,3071,17690,77605
34,95329,9,0.0,3072,17690,77639
10,95339,9,0.0,3073,17690,77649
13,95352,9,0.0,3074,17690,77662
81,95433,9,0.0,3075,17690,77743
39,95472,9,0.0,3076,17690,77782
50,95522,9,0.0,3077,17690,77832
20,95542,9,0.0,3078,17690,77852
46,95588,9,0.0,3079,17690,77898
96,95684,9,0.0,3080,17690,77994
24,95708,9,0.0,3081,17690,78018
22,95730,9,0.0,3082,17690,78040
95,95825,9,0.0,3083,17690,78135
16,95841,9,0.0,3084,17690,78151
25,95866,9,0.0,3085,17690,78176
13,95879,9,0.0,3086,17690,78189
10,95889,9,0.0,3087,17690,78199
14,95903,9,0.0,3088,17690,78213
32,95935,9,0.0,3089,17690,78245
16,95951,9,0.0,3090,17690,78261
12,95963,9,0.0,3091,17690,78273
5,95968,9,0.0,3092,17690,78278
41,96009,9,0.0,3093,17690,78319
27,96036,9,0.0,3094,17690,78346
28,96064,9,0.0,3095,17690,78374
41,96105,9,0.0,3096,17690,78415
14,96119,9,0.0,3097,17690,78429
39,96158,9,0.0,3098,17690,78468
63,96221,9,0.0,3099,17690,78531
35,96256,9,0.0,3100,17690,78566
30,96286,10,1.0,3101,17690,78596
19,96305,10,0.0,3102,17690,78615
26,96331,10,0.0,3103,17690,78641
53,96384,10,0.0,3104,17690,78694
27,96411,10,0.0,3105,17690,78721
40,96451,10,0.0,3106,17690,78761
28,96479,10,0.0,3107,17690,78789
10,96489,10,0.0,3108,17690,78799
30,96519,10,0.0,3109,17690,78829
99,96618,10,0.0,3110,17690,78928
21,96639,10,0.0,3111,17690,78949
15,96654,10,0.0,3112,17690,78964
15,96669,10,0.0,3113,17690,78979
30,96699,10,0.0,3114,17690,79009
15,96714,10,0.0,3115,17690,79024
89,96803,10,0.0,3116,17690,79113
22,96825,10,0.0,3117,17690,79135
55,96880,10,0.0,3118,17690,79190
32,96912,10,0.0,3119,17690,79222
20,96932,10,0.0,3120,17690,79242
22,96954,10,0.0,3121,17690,79264
72,97026,10,0.0,3122,17690,79336
48,97074,10,0.0,3123,17690,79384
12,97086,10,0.0,3124,17690,79396
14,97100,10,0.0,3125,17690,79410
30,97130,10,0.0,3126,17690,79440
17,97147,10,0.0,3127,17690,79457
34,97181,10,0.0,3128,17690,79491
26,97207,10,0.0,3129,17690,79517
19,97226,10,0.0,3130,17690,79536
15,97241,10,0.0,3131,17690,79551
69,97310,10,0.0,3132,17690,79620
14,97324,10,0.0,3133,17690,79634
14,97338,10,0.0,3134,17690,79648
92,97430,10,0.0,3135,17690,79740
10,97440,10,0.0,3136,17690,79750
18,97458,10,0.0,3137,17690,79768
21,97479,10,0.0,3138,17690,79789
68,97547,10,0.0,3139,17690,79857
35,97582,10,0.0,3140,17690,79892
59,97641,10,0.0,3141,17690,79951
16,97657,10,0.0,3142,17690,79967
10,97667,10,0.0,3143,17690,79977
12,97679,10,0.0,3144,17690,79989
25,97704,10,0.0,3145,17690,80014
42,97746,10,0.0,3146,17690,80056
27,97773,10,0.0,3147,17690,80083
23,97796,10,0.0,3148,17690,80106
24,97820,10,0.0,3149,17690,80130
41,97861,10,0.0,3150,17690,80171
17,97878,10,0.0,3151,17690,80188
57,97935,10,0.0,3152,17690,80245
10,97945,10,0.0,3153,17690,80255
7,97952,10,0.0,3154,17690,80262
17,97969,10,0.0,3155,17690,80279
32,98001,10,0.0,3156,17690,80311
10,98011,10,0.0,3157,17690,80321
29,98040,10,0.0,3158,17690,80350
23,98063,10,0.0,3159,17690,80373
41,98104,10,0.0,3160,17690,80414
9,98113,10,0.0,3161,17690,80423
22,98135,10,0.0,3162,17690,80445
42,98177,10,0.0,3163,17690,80487
15,98192,10,0.0,3164,17690,80502
17,98209,10,0.0,3165,17690,80519
100,98309,10,0.0,3166,17690,80619
37,98346,10,0.0,3167,17690,80656
30,98376,10,0.0,3168,17690,80686
25,98401,10,0.0,3169,17690,80711
51,98452,10,0.0,3170,17690,80762
19,98471,10,0.0,3171,17690,80781
29,98500,10,0.0,3172,17690,80810
23,98523,10,0.0,3173,17690,80833
35,98558,10,0.0,3174,17690,80868
10,98568,10,0.0,3175,17690,80878
18,98586,10,0.0,3176,17690,80896
11,98597,10,0.0,3177,17690,80907
12,98609,10,0.0,3178,17690,80919
17,98626,10,0.0,3179,17690,80936
41,98667,10,0.0,3180,17690,80977
55,98722,10,0.0,3181,17690,81032
7,98729,10,0.0,3182,17690,81039
61,98790,10,0.0,3183,17690,81100
24,98814,10,0.0,3184,17690,81124
17,98831,10,0.0,3185,17690,81141
72,98903,10,0.0,3186,17690,81213
14,98917,10,0.0,3187,17690,81227
20,98937,10,0.0,3188,17690,81247
11,98948,10,0.0,3189,17690,81258
16,98964,10,0.0,3190,17690,81274
23,98987,10,0.0,3191,17690,81297
49,99036,10,0.0,3192,17690,81346
35,99071,10,0.0,3193,17690,81381
34,99105,10,0.0,3194,17690,81415
8,99113,10,0.0,3195,17690,81423
25,99138,10,0.0,3196,17690,81448
10,99148,10,0.0,3197,17690,81458
72,99220,10,0.0,3198,17690,81530
64,99284,10,0.0,3199,17690,81594
51,99335,10,0.0,3200,17690,81645
27,99362,10,0.0,3201,17690,81672
26,99388,10,0.0,3202,17690,81698
37,99425,10,0.0,3203,17690,81735
12,99437,10,0.0,3204,17690,81747
21,99458,10,0.0,3205,17690,81768
21,99479,10,0.0,3206,17690,81789
18,99497,10,0.0,3207,17690,81807
6,99503,10,0.0,3208,17690,81813
41,99544,10,0.0,3209,17690,81854
43,99587,10,0.0,3210,17690,81897
15,99602,10,0.0,3211,17690,81912
77,99679,10,0.0,3212,17690,81989
13,99692,10,0.0,3213,17690,82002
21,99713,10,0.0,3214,17690,82023
18,99731,10,0.0,3215,17690,82041
29,99760,11,1.0,3216,17690,82070
21,99781,11,0.0,3217,17690,82091
26,99807,11,0.0,3218,17690,82117
21,99828,11,0.0,3219,17690,82138
42,99870,11,0.0,3220,17690,82180
50,99920,11,0.0,3221,17690,82230
31,99951,11,0.0,3222,17690,82261
14,99965,11,0.0,3223,17690,82275
14,99979,11,0.0,3224,17690,82289
