iteration,successes,successes_episode,reward_episode,episode_count,random_act,timestep,epsilon
37,37,0,0.0,1,37,0,1.0
28,65,0,0.0,2,65,0,0.9901493354116764
21,86,0,0.0,3,85,1,0.9803966865736877
58,144,0,0.0,4,143,1,0.970741078213023
37,181,0,0.0,5,178,3,0.9611815447608
7,188,0,0.0,6,185,3,0.9517171302557069
19,207,0,0.0,7,204,3,0.9423468882484062
52,259,0,0.0,8,253,6,0.9330698817068888
45,304,0,0.0,9,292,12,0.9238851829227694
62,366,0,0.0,10,349,17,0.9147918734185159
23,389,0,0.0,11,370,19,0.9057890438555999
19,408,0,0.0,12,388,20,0.896875793943563
7,415,0,0.0,13,395,20,0.888051232349986
20,435,0,0.0,14,412,23,0.8793144766113556
48,483,0,0.0,15,455,28,0.8706646530448178
11,494,0,0.0,16,465,29,0.8621008966608072
43,537,0,0.0,17,501,36,0.8536223510765493
24,561,0,0.0,18,519,42,0.8452281684304199
22,583,0,0.0,19,536,47,0.8369175092971592
15,598,0,0.0,20,546,52,0.8286895426039287
24,622,0,0.0,21,567,55,0.820543445547202
35,657,0,0.0,22,598,59,0.8124784035104852
24,681,0,0.0,23,617,64,0.8044936099828537
7,688,0,0.0,24,624,64,0.7965882664783007
16,704,0,0.0,25,635,69,0.7887615824558879
22,726,0,0.0,26,654,72,0.7810127752406908
100,826,0,0.0,27,732,94,0.7733410699455306
30,856,0,0.0,28,755,101,0.7657456993934846
56,912,0,0.0,29,798,114,0.7582259040411682
9,921,0,0.0,30,805,116,0.7507809319027796
68,989,0,0.0,31,861,128,0.7434100384749007
38,1027,0,0.0,32,893,134,0.7361124866620463
15,1042,0,0.0,33,901,141,0.7288875467029541
53,1095,0,0.0,34,935,160,0.7217344960976069
16,1111,0,0.0,35,943,168,0.7146526195349836
76,1187,0,0.0,36,997,190,0.7076412088215263
40,1227,0,0.0,37,1024,203,0.7006995628103208
46,1273,0,0.0,38,1059,214,0.6938269873309811
69,1342,0,0.0,39,1107,235,0.6870227951202322
48,1390,0,0.0,40,1142,248,0.680286305753183
62,1452,0,0.0,41,1184,268,0.6736168455752829
16,1468,0,0.0,42,1197,271,0.6670137476349562
69,1537,0,0.0,43,1249,288,0.6604763516169062
74,1611,0,0.0,44,1295,316,0.6540040037760834
44,1655,0,0.0,45,1321,334,0.64759605687231
63,1718,0,0.0,46,1361,357,0.6412518701055556
94,1812,0,0.0,47,1423,389,0.6349708090518567
27,1839,0,0.0,48,1442,397,0.6287522455998737
22,1861,0,0.0,49,1451,410,0.6225955578880794
19,1880,0,0.0,50,1465,415,0.616500130242572
28,1908,0,0.0,51,1481,427,0.6104653531155071
30,1938,0,0.0,52,1499,439,0.6044906230241432
49,1987,0,0.0,53,1532,455,0.5985753424904925
49,2036,0,0.0,54,1559,477,0.5927189199815717
83,2119,0,0.0,55,1610,509,0.5869207698502498
42,2161,0,0.0,56,1636,525,0.5811803122766818
100,2261,0,0.0,57,1697,564,0.5754969732103268
19,2280,0,0.0,58,1709,571,0.5698701843125418
31,2311,0,0.0,59,1728,583,0.564299382899748
12,2323,0,0.0,60,1738,585,0.558784011887162
24,2347,0,0.0,61,1747,600,0.5533235197330862
87,2434,0,0.0,62,1799,635,0.5479173603837548
72,2506,0,0.0,63,1836,670,0.5425649932187278
84,2590,0,0.0,64,1881,709,0.5372658829968282
100,2690,0,0.0,65,1935,755,0.5320194998026181
42,2732,0,0.0,66,1957,775,0.5268253189934059
76,2808,0,0.0,67,2004,804,0.5216828211467822
73,2881,0,0.0,68,2038,843,0.516591492008677
45,2926,0,0.0,69,2063,863,0.5115508224419336
23,2949,0,0.0,70,2077,872,0.5065603083753949
46,2995,0,0.0,71,2101,894,0.5016194507534953
43,3038,0,0.0,72,2125,913,0.49672775548635545
22,3060,0,0.0,73,2132,928,0.491884733400372
89,3149,0,0.0,74,2171,978,0.48708990018930043
46,3195,0,0.0,75,2192,1003,0.48234277636582407
95,3290,0,0.0,76,2237,1053,0.47764288721360454
100,3390,0,0.0,77,2287,1103,0.47298976273981014
55,3445,0,0.0,78,2313,1132,0.4683829376281158
41,3486,0,0.0,79,2332,1154,0.4638219511921713
49,3535,0,0.0,80,2352,1183,0.4593063473295323
55,3590,0,0.0,81,2377,1213,0.45483567447604933
68,3658,0,0.0,82,2404,1254,0.4504094855607117
46,3704,0,0.0,83,2429,1275,0.44602733796093924
21,3725,0,0.0,84,2439,1286,0.4416887934583202
69,3794,0,0.0,85,2475,1319,0.43739341819478894
52,3846,0,0.0,86,2499,1347,0.43314078262923944
31,3877,0,0.0,87,2512,1365,0.4289304614945713
41,3918,0,0.0,88,2532,1386,0.42476203375516264
32,3950,0,0.0,89,2547,1403,0.42063508256476556
100,4050,0,0.0,90,2591,1459,0.41654919522482203
43,4093,0,0.0,91,2608,1485,0.4125039631431931
68,4161,0,0.0,92,2642,1519,0.40849898179329963
43,4204,0,0.0,93,2665,1539,0.404533850673669
100,4304,0,0.0,94,2702,1602,0.40060817326788506
7,4311,0,0.0,95,2708,1603,0.3967215570049359
43,4354,0,0.0,96,2724,1630,0.3928736132199562
55,4409,0,0.0,97,2741,1668,0.38906395711536096
100,4509,0,0.0,98,2778,1731,0.38529220772236483
74,4583,0,0.0,99,2807,1776,0.3815579878628856
55,4638,0,0.0,100,2833,1805,0.37786092411182526
42,4680,0,0.0,101,2848,1832,0.3742006467597279
57,4737,0,0.0,102,2872,1865,0.3705767897758081
62,4799,0,0.0,103,2890,1909,0.3669889907713475
45,4844,0,0.0,104,2915,1929,0.36343689096345594
51,4895,0,0.0,105,2936,1959,0.35992013513919235
64,4959,0,0.0,106,2953,2006,0.35643837162004377
100,5059,0,0.0,107,2995,2064,0.3529912522267568
100,5159,0,0.0,108,3035,2124,0.34957843224451957
100,5259,0,0.0,109,3073,2186,0.34619957038848975
54,5313,0,0.0,110,3091,2222,0.34285432876966604
74,5387,0,0.0,111,3114,2273,0.3395423728610988
45,5432,0,0.0,112,3132,2300,0.3362633714644372
69,5501,0,0.0,113,3159,2342,0.33301699667680906
100,5601,0,0.0,114,3190,2411,0.3298029238580304
33,5634,0,0.0,115,3199,2435,0.3266208315981408
53,5687,0,0.0,116,3219,2468,0.32347040168526264
27,5714,0,0.0,117,3233,2481,0.3203513190737793
74,5788,0,0.0,118,3253,2535,0.3172632718528302
99,5887,0,0.0,119,3280,2607,0.31420595121511996
85,5972,0,0.0,120,3300,2672,0.311179051426037
52,6024,0,0.0,121,3318,2706,0.3081822697930801
43,6067,0,0.0,122,3336,2731,0.3052153066355885
62,6129,0,0.0,123,3350,2779,0.30227786525477407
47,6176,0,0.0,124,3367,2809,0.29936965190405085
81,6257,0,0.0,125,3396,2861,0.29649037575966014
96,6353,0,0.0,126,3427,2926,0.29363974889158817
100,6453,0,0.0,127,3459,2994,0.2908174862347727
39,6492,0,0.0,128,3472,3020,0.28802330556059597
29,6521,0,0.0,129,3480,3041,0.2852569274486622
41,6562,0,0.0,130,3489,3073,0.2825180752588548
53,6615,0,0.0,131,3505,3110,0.27980647510367246
57,6672,0,0.0,132,3520,3152,0.2771218558208399
63,6735,0,0.0,133,3534,3201,0.27446394894619186
46,6781,0,0.0,134,3539,3242,0.27183248868682575
76,6857,0,0.0,135,3554,3303,0.26922721189452276
68,6925,0,0.0,136,3569,3356,0.2666478580394326
48,6973,0,0.0,137,3580,3393,0.26409416918402034
54,7027,0,0.0,138,3599,3428,0.26156588995727226
35,7062,0,0.0,139,3611,3451,0.2590627675291589
50,7112,0,0.0,140,3630,3482,0.2565845515853515
45,7157,0,0.0,141,3642,3515,0.2541309943021904
72,7229,0,0.0,142,3660,3569,0.25170185032190273
100,7329,0,0.0,143,3693,3636,0.24929687672806608
68,7397,0,0.0,144,3706,3691,0.246915833021317
46,7443,0,0.0,145,3718,3725,0.24455848109530054
47,7490,0,0.0,146,3730,3760,0.2422245852128597
48,7538,0,0.0,147,3739,3799,0.23991391198246126
79,7617,0,0.0,148,3757,3860,0.2376262303348566
53,7670,0,0.0,149,3768,3902,0.2353613114999746
47,7717,0,0.0,150,3780,3937,0.23311892898404435
100,7817,0,0.0,151,3802,4015,0.23089885854694553
48,7865,0,0.0,152,3811,4054,0.22870087817978443
52,7917,0,0.0,153,3820,4097,0.22652476808269262
81,7998,0,0.0,154,3831,4167,0.22437031064284702
50,8048,0,0.0,155,3843,4205,0.22223729041270818
52,8100,0,0.0,156,3854,4246,0.22012549408847562
46,8146,0,0.0,157,3860,4286,0.21803471048875708
41,8187,0,0.0,158,3873,4314,0.21596473053345028
45,8232,0,0.0,159,3882,4350,0.21391534722283462
55,8287,0,0.0,160,3895,4392,0.2118863556168713
76,8363,0,0.0,161,3910,4453,0.20987755281470882
100,8463,0,0.0,162,3930,4533,0.20788873793439305
50,8513,0,0.0,163,3940,4573,0.2059197120927785
100,8613,0,0.0,164,3957,4656,0.20397027838564025
57,8670,0,0.0,165,3969,4701,0.20204024186798297
100,8770,0,0.0,166,3989,4781,0.20012940953454655
72,8842,0,0.0,167,4001,4841,0.1982375903005053
94,8936,0,0.0,168,4018,4918,0.19636459498235934
54,8990,0,0.0,169,4026,4964,0.19451023627901587
52,9042,0,0.0,170,4040,5002,0.19267432875305937
48,9090,0,0.0,171,4047,5043,0.19085668881220733
100,9190,0,0.0,172,4068,5122,0.1890571346909509
45,9235,0,0.0,173,4073,5162,0.1872754864323783
100,9335,0,0.0,174,4091,5244,0.18551156587017906
51,9386,0,0.0,175,4101,5285,0.1837651966108269
87,9473,0,0.0,176,4117,5356,0.1820362040159407
64,9537,0,0.0,177,4126,5411,0.18032441518482004
77,9614,0,0.0,178,4145,5469,0.17862965893715535
100,9714,0,0.0,179,4156,5558,0.17695176579590954
71,9785,0,0.0,180,4172,5613,0.1752905679703703
100,9885,0,0.0,181,4183,5702,0.17364589933937066
55,9940,0,0.0,182,4194,5746,0.172017595434677
62,10002,0,0.0,183,4206,5796,0.17040549342454195
85,10087,0,0.0,184,4215,5872,0.16880943209742102
34,10121,0,0.0,185,4225,5896,0.16722925184585147
40,10161,0,0.0,186,4231,5930,0.16566479465049133
66,10227,0,0.0,187,4241,5986,0.16411590406431734
58,10285,0,0.0,188,4252,6033,0.1625824251969801
86,10371,0,0.0,189,4264,6107,0.16106420469931504
50,10421,0,0.0,190,4276,6145,0.15956109074800714
80,10501,0,0.0,191,4288,6213,0.1580729330304087
93,10594,0,0.0,192,4311,6283,0.15659958272950783
67,10661,0,0.0,193,4323,6338,0.15514089250904667
100,10761,0,0.0,194,4334,6427,0.1536967164987875
100,10861,0,0.0,195,4351,6510,0.1522669102799259
47,10908,0,0.0,196,4360,6548,0.15085133087064845
73,10981,0,0.0,197,4369,6612,0.14944983671183457
52,11033,0,0.0,198,4382,6651,0.14806228765290044
100,11133,0,0.0,199,4393,6740,0.1466885449377839
100,11233,0,0.0,200,4407,6826,0.14532847119106862
85,11318,0,0.0,201,4424,6894,0.1439819304042466
62,11380,0,0.0,202,4430,6950,0.14264878792211688
74,11454,0,0.0,203,4439,7015,0.1413289104293205
62,11516,0,0.0,204,4445,7071,0.14002216593700811
100,11616,0,0.0,205,4457,7159,0.13872842376964165
55,11671,0,0.0,206,4468,7203,0.1374475545519262
53,11724,0,0.0,207,4476,7248,0.13617943019587256
100,11824,0,0.0,208,4490,7334,0.13492392388798838
62,11886,0,0.0,209,4497,7389,0.13368091007659658
100,11986,0,0.0,210,4513,7473,0.1324502644592803
40,12026,0,0.0,211,4518,7508,0.13123186397045208
100,12126,0,0.0,212,4537,7589,0.13002558676904785
54,12180,0,0.0,213,4545,7635,0.12883131222634217
100,12280,0,0.0,214,4558,7722,0.12764892091388555
100,12380,0,0.0,215,4573,7807,0.1264782945915614
100,12480,0,0.0,216,4582,7898,0.125319316195762
96,12576,0,0.0,217,4586,7990,0.12417186982768189
100,12676,0,0.0,218,4596,8080,0.12303584074172813
59,12735,0,0.0,219,4602,8133,0.12191111533404535
100,12835,0,0.0,220,4612,8223,0.12079758113115559
100,12935,0,0.0,221,4625,8310,0.11969512677871053
51,12986,0,0.0,222,4631,8355,0.11860364203035628
48,13034,0,0.0,223,4641,8393,0.11752301773670837
100,13134,0,0.0,224,4651,8483,0.116453145834437
100,13234,0,0.0,225,4659,8575,0.11539391933546027
100,13334,0,0.0,226,4672,8662,0.11434523231624569
58,13392,0,0.0,227,4678,8714,0.11330697990721733
100,13492,0,0.0,228,4685,8807,0.1122790582822692
100,13592,0,0.0,229,4693,8899,0.11126136464838206
74,13666,0,0.0,230,4701,8965,0.11025379723534455
88,13754,0,0.0,231,4711,9043,0.10925625528557566
44,13798,0,0.0,232,4715,9083,0.1082686390440492
66,13864,0,0.0,233,4719,9145,0.10729084974831793
100,13964,0,0.0,234,4728,9236,0.10632278961863742
67,14031,0,0.0,235,4736,9295,0.10536436184818809
100,14131,0,0.0,236,4745,9386,0.10441547059339411
100,14231,0,0.0,237,4756,9475,0.10347602096433932
63,14294,0,0.0,238,4763,9531,0.10254591901527788
100,14394,0,0.0,239,4779,9615,0.10162507173523985
100,14494,0,0.0,240,4788,9706,0.10071338703872978
55,14549,0,0.0,241,4797,9752,0.09981077375651838
100,14649,0,0.0,242,4814,9835,0.09891714162652515
75,14724,0,0.0,243,4819,9905,0.09803240128479247
100,14824,0,0.0,244,4822,10002,0.09715646425654882
97,14921,0,0.0,245,4835,10086,0.09628924294736148
49,14970,0,0.0,246,4841,10129,0.09543065063437678
100,15070,0,0.0,247,4850,10220,0.09458060145764802
22,15092,0,0.0,248,4856,10236,0.09373901041154904
45,15137,0,0.0,249,4860,10277,0.092905793336274
44,15181,0,0.0,250,4866,10315,0.09208086690942092
48,15229,0,0.0,251,4872,10357,0.0912641486376598
100,15329,0,0.0,252,4881,10448,0.09045555684848275
100,15429,0,0.0,253,4888,10541,0.08965501068203711
51,15480,0,0.0,254,4893,10587,0.08886243008303903
47,15527,0,0.0,255,4900,10627,0.08807773579276819
70,15597,0,0.0,256,4909,10688,0.08730084934114159
50,15647,0,0.0,257,4914,10733,0.08653169303886674
100,15747,0,0.0,258,4920,10827,0.0857701899696724
64,15811,0,0.0,259,4924,10887,0.08501626398261702
100,15911,0,0.0,260,4933,10978,0.0842698396844737
100,16011,0,0.0,261,4941,11070,0.08353084243219053
100,16111,0,0.0,262,4950,11161,0.08279919832542652
61,16172,0,0.0,263,4959,11213,0.08207483419916123
100,16272,0,0.0,264,4972,11300,0.08135767761637844
100,16372,0,0.0,265,4984,11388,0.08064765686082219
100,16472,0,0.0,266,4990,11482,0.0799447009298253
100,16572,0,0.0,267,5001,11571,0.0792487395272088
100,16672,0,0.0,268,5007,11665,0.07855970305625253
50,16722,0,0.0,269,5013,11709,0.07787752261273513
100,16822,0,0.0,270,5023,11799,0.07720212997804382
100,16922,0,0.0,271,5031,11891,0.07653345761235225
100,17022,0,0.0,272,5033,11989,0.07587143864786668
100,17122,0,0.0,273,5039,12083,0.07521600688213892
55,17177,0,0.0,274,5044,12133,0.07456709677144624
86,17263,0,0.0,275,5051,12212,0.07392464342423678
100,17363,0,0.0,276,5061,12302,0.0732885825946405
51,17414,0,0.0,277,5065,12349,0.07265885067604429
47,17461,0,0.0,278,5068,12393,0.07203538469473161
100,17561,0,0.0,279,5077,12484,0.0714181223035847
53,17614,0,0.0,280,5084,12530,0.07080700177585013
46,17660,0,0.0,281,5091,12569,0.07020196199896576
54,17714,0,0.0,282,5094,12620,0.06960294246844981
100,17814,0,0.0,283,5100,12714,0.06900988328184997
100,17914,0,0.0,284,5105,12809,0.06842272513275337
48,17962,0,0.0,285,5107,12855,0.06784140930485581
74,18036,0,0.0,286,5115,12921,0.06726587766609007
100,18136,0,0.0,287,5121,13015,0.06669607266281269
57,18193,0,0.0,288,5125,13068,0.06613193731404843
100,18293,0,0.0,289,5135,13158,0.06557341520579238
75,18368,0,0.0,290,5136,13232,0.06502045048536823
43,18411,0,0.0,291,5140,13271,0.06447298785584316
63,18474,0,0.0,292,5145,13329,0.06393097257049796
70,18544,0,0.0,293,5147,13397,0.06339435042735246
100,18644,0,0.0,294,5151,13493,0.06286306776374512
100,18744,0,0.0,295,5159,13585,0.06233707145096687
100,18844,0,0.0,296,5166,13678,0.06181630888894806
100,18944,0,0.0,297,5169,13775,0.061300728000998575
100,19044,0,0.0,298,5175,13869,0.06079027722859992
51,19095,0,0.0,299,5178,13917,0.060284905526249516
100,19195,0,0.0,300,5183,14012,0.05978456235635595
46,19241,0,0.0,301,5186,14055,0.05928919768418531
100,19341,0,0.0,302,5187,14154,0.05879876197285753
100,19441,0,0.0,303,5190,14251,0.058313206178392835
100,19541,0,0.0,304,5193,14348,0.05783248174480709
100,19641,0,0.0,305,5199,14442,0.057356540599256385
100,19741,0,0.0,306,5206,14535,0.0568853351472295
100,19841,0,0.0,307,5209,14632,0.0564188182677886
100,19941,0,0.0,308,5215,14726,0.05595694330885694
100,20041,0,0.0,309,5215,14826,0.05549966408255377
64,20105,0,0.0,310,5221,14884,0.05504693486057535
100,20205,0,0.0,311,5225,14980,0.05459871036962222
100,20305,0,0.0,312,5226,15079,0.05415494578687179
100,20405,0,0.0,313,5231,15174,0.05371559673549593
100,20505,0,0.0,314,5233,15272,0.053280619280223436
100,20605,0,0.0,315,5240,15365,0.05284996992294624
18,20623,0,0.0,316,5245,15378,0.05242360559836979
53,20676,0,0.0,317,5248,15428,0.05200148366970627
100,20776,0,0.0,318,5253,15523,0.051583561924411096
98,20874,0,0.0,319,5256,15618,0.05116979856996143
100,20974,0,0.0,320,5263,15711,0.050760152229677065
100,21074,0,0.0,321,5270,15804,0.05035458193858255
99,21173,0,0.0,322,5274,15899,0.049953047139310834
49,21222,0,0.0,323,5278,15944,0.04955550767804736
100,21322,0,0.0,324,5281,16041,0.04916192380051474
100,21422,0,0.0,325,5287,16135,0.0487722561479972
100,21522,0,0.0,326,5292,16230,0.04838646575340479
100,21622,0,0.0,327,5296,16326,0.04800451403737654
49,21671,0,0.0,328,5300,16371,0.04762636280442257
100,21771,0,0.0,329,5304,16467,0.04725197423910444
100,21871,0,0.0,330,5308,16563,0.04688131090225365
51,21922,0,0.0,331,5310,16612,0.046514335727227595
68,21990,0,0.0,332,5314,16676,0.046151012016203
100,22090,0,0.0,333,5318,16772,0.04579130343650595
100,22190,0,0.0,334,5329,16861,0.04543517401697875
57,22247,0,0.0,335,5333,16914,0.04508258814438266
55,22302,0,0.0,336,5336,16966,0.04473351055983658
100,22402,0,0.0,337,5340,17062,0.044387906355291176
76,22478,0,0.0,338,5345,17133,0.04404574097003798
100,22578,0,0.0,339,5352,17226,0.04370698018725335
84,22662,0,0.0,340,5356,17306,0.043371590130576676
100,22762,0,0.0,341,5363,17399,0.04303953726072282
79,22841,0,0.0,342,5370,17471,0.042710788372128064
100,22941,0,0.0,343,5373,17568,0.042385310589629625
100,23041,0,0.0,344,5378,17663,0.04206307136517797
100,23141,0,0.0,345,5382,17759,0.04174403847458216
58,23199,0,0.0,346,5385,17814,0.04142818001428726
100,23299,0,0.0,347,5390,17909,0.04111546439818403
100,23399,0,0.0,348,5390,18009,0.04080586035445025
100,23499,0,0.0,349,5399,18100,0.040499336922423565
100,23599,0,0.0,350,5402,18197,0.040195863449505306
100,23699,0,0.0,351,5405,18294,0.039895409588095315
100,23799,0,0.0,352,5407,18392,0.039597945292557044
100,23899,0,0.0,353,5412,18487,0.03930344081621308
100,23999,0,0.0,354,5418,18581,0.03901186670837034
93,24092,0,0.0,355,5421,18671,0.03872319381137508
100,24192,0,0.0,356,5429,18763,0.03843739325769703
92,24284,0,0.0,357,5433,18851,0.03815443646704266
100,24384,0,0.0,358,5435,18949,0.03787429514349709
100,24484,0,0.0,359,5441,19043,0.03759694127269454
53,24537,0,0.0,360,5445,19092,0.037322347119016795
100,24637,0,0.0,361,5450,19187,0.03705048522281963
66,24703,0,0.0,362,5453,19250,0.03678132839768691
100,24803,0,0.0,363,5454,19349,0.036514849727711796
100,24903,0,0.0,364,5457,19446,0.03625102256480524
100,25003,0,0.0,365,5458,19545,0.03598982052603108
100,25103,0,0.0,366,5464,19639,0.0357312174909678
79,25182,0,0.0,367,5467,19715,0.03547518759909634
100,25282,0,0.0,368,5470,19812,0.035221705247214206
100,25382,0,0.0,369,5474,19908,0.03497074508687494
100,25482,0,0.0,370,5478,20004,0.034722282021853394
72,25554,0,0.0,371,5483,20071,0.034476291205635994
100,25654,0,0.0,372,5483,20171,0.034232748038936146
100,25754,0,0.0,373,5488,20266,0.0339916281672342
100,25854,0,0.0,374,5491,20363,0.03375290747834208
100,25954,0,0.0,375,5493,20461,0.033516562099991945
53,26007,0,0.0,376,5495,20512,0.03328256839744902
100,26107,0,0.0,377,5495,20612,0.03305090297114803
83,26190,0,0.0,378,5500,20690,0.03282154265435332
100,26290,0,0.0,379,5503,20787,0.03259446451084204
100,26390,0,0.0,380,5507,20883,0.03236964583261064
44,26434,0,0.0,381,5510,20924,0.03214706413760394
100,26534,0,0.0,382,5512,21022,0.03192669716746694
100,26634,0,0.0,383,5513,21121,0.031708522885318995
98,26732,0,0.0,384,5517,21215,0.031492519473550085
100,26832,0,0.0,385,5523,21309,0.031278665331639026
100,26932,0,0.0,386,5525,21407,0.031066939073993396
100,27032,0,0.0,387,5530,21502,0.030857319527811018
100,27132,0,0.0,388,5531,21601,0.030649785730962574
100,27232,0,0.0,389,5534,21698,0.030444316929895437
94,27326,0,0.0,390,5536,21790,0.030240892577558277
100,27426,0,0.0,391,5539,21887,0.030039492331346347
100,27526,0,0.0,392,5540,21986,0.029840096051067175
75,27601,0,0.0,393,5544,22057,0.029642683796926583
95,27696,0,0.0,394,5548,22148,0.02944723582753464
52,27748,0,0.0,395,5553,22195,0.029253732597931535
100,27848,0,0.0,396,5556,22292,0.029062154757633053
100,27948,0,0.0,397,5561,22387,0.02887248314869552
100,28048,0,0.0,398,5563,22485,0.028684698803799973
100,28148,0,0.0,399,5567,22581,0.02849878294435545
43,28191,0,0.0,400,5569,22622,0.02831471697862105
100,28291,0,0.0,401,5570,22721,0.028132482499846838
99,28390,0,0.0,402,5572,22818,0.027952061284433068
91,28481,0,0.0,403,5577,22904,0.02777343529010782
100,28581,0,0.0,404,5578,23003,0.027596586654122846
100,28681,0,0.0,405,5578,23103,0.027421497691467157
93,28774,0,0.0,406,5585,23189,0.02724815089309858
100,28874,0,0.0,407,5587,23287,0.0270765289241928
100,28974,0,0.0,408,5589,23385,0.026906614622409945
100,29074,0,0.0,409,5592,23482,0.026738390996178224
100,29174,0,0.0,410,5595,23579,0.026571841222994823
100,29274,0,0.0,411,5599,23675,0.026406948647743643
100,29374,0,0.0,412,5602,23772,0.026243696781029717
100,29474,0,0.0,413,5604,23870,0.026082069297530375
100,29574,0,0.0,414,5605,23969,0.02592205003436255
100,29674,0,0.0,415,5606,24068,0.025763622989466578
100,29774,0,0.0,416,5608,24166,0.025606772320005942
51,29825,0,0.0,417,5609,24216,0.025451482340783003
86,29911,0,0.0,418,5615,24296,0.02529773752267042
63,29974,0,0.0,419,5616,24358,0.025145522491058264
100,30074,0,0.0,420,5618,24456,0.02499482202431651
89,30163,0,0.0,421,5620,24543,0.024845621052272927
85,30248,0,0.0,422,5623,24625,0.024697904654705963
59,30307,0,0.0,423,5627,24680,0.024551658059852766
48,30355,0,0.0,424,5629,24726,0.024406866642931964
100,30455,0,0.0,425,5631,24824,0.024263515924681227
100,30555,0,0.0,426,5633,24922,0.024121591569909263
100,30655,0,0.0,427,5636,25019,0.023981079386062323
100,30755,0,0.0,428,5637,25118,0.023841965321804916
100,30855,0,0.0,429,5639,25216,0.023704235465614704
100,30955,0,0.0,430,5640,25315,0.023567876044391298
51,31006,0,0.0,431,5643,25363,0.023432873422078924
100,31106,0,0.0,432,5644,25462,0.02329921409830285
100,31206,0,0.0,433,5646,25560,0.02316688470701933
54,31260,0,0.0,434,5651,25609,0.023035872015178954
100,31360,0,0.0,435,5654,25706,0.022906162921403357
100,31460,0,0.0,436,5657,25803,0.022777744454675064
100,31560,0,0.0,437,5657,25903,0.0226506037730404
100,31660,0,0.0,438,5657,26003,0.02252472816232525
100,31760,0,0.0,439,5658,26102,0.022400105034863643
100,31860,0,0.0,440,5659,26201,0.02227672192823897
85,31945,0,0.0,441,5663,26282,0.02215456650403775
100,32045,0,0.0,442,5667,26378,0.022033626546615788
100,32145,0,0.0,443,5667,26478,0.021913889961876536
100,32245,0,0.0,444,5670,26575,0.02179534477606175
100,32345,0,0.0,445,5673,26672,0.02167797913455405
74,32419,0,0.0,446,5676,26743,0.021561781300691488
100,32519,0,0.0,447,5678,26841,0.02144673965459385
100,32619,0,0.0,448,5678,26941,0.021332842692000656
100,32719,0,0.0,449,5681,27038,0.021220079023120713
100,32819,0,0.0,450,5683,27136,0.02110843737149319
100,32919,0,0.0,451,5686,27233,0.02099790657285988
97,33016,0,0.0,452,5689,27327,0.020888475574048812
100,33116,0,0.0,453,5689,27427,0.020780133431868894
100,33216,0,0.0,454,5694,27522,0.020672869312015653
100,33316,0,0.0,455,5695,27621,0.020566672487987697
100,33416,0,0.0,456,5696,27720,0.02046153234001413
100,33516,0,0.0,457,5696,27820,0.02035743835399253
100,33616,0,0.0,458,5696,27920,0.020254380120437558
100,33716,0,0.0,459,5699,28017,0.02015234733343998
100,33816,0,0.0,460,5703,28113,0.020051329789636065
100,33916,0,0.0,461,5706,28210,0.01995131738718724
100,34016,0,0.0,462,5709,28307,0.019852300124769934
100,34116,0,0.0,463,5712,28404,0.019754268100575387
100,34216,0,0.0,464,5714,28502,0.019657211511319474
100,34316,0,0.0,465,5717,28599,0.0195611206512624
100,34416,0,0.0,466,5720,28696,0.01946598591123807
100,34516,0,0.0,467,5724,28792,0.01937179777769322
76,34592,0,0.0,468,5726,28866,0.019278546831735997
100,34692,0,0.0,469,5726,28966,0.019186223748194096
59,34751,0,0.0,470,5728,29023,0.01909481929468222
100,34851,0,0.0,471,5729,29122,0.019004324330678855
100,34951,0,0.0,472,5730,29221,0.018914729806612192
100,35051,0,0.0,473,5730,29321,0.01882602676295516
100,35151,0,0.0,474,5733,29418,0.018738206329329453
100,35251,0,0.0,475,5734,29517,0.018651259723618557
100,35351,0,0.0,476,5734,29617,0.01856517825108943
100,35451,0,0.0,477,5736,29715,0.018479953303523082
100,35551,0,0.0,478,5738,29813,0.018395576358353725
100,35651,0,0.0,479,5738,29913,0.018312038977816556
100,35751,0,0.0,480,5738,30013,0.018229332808103887
100,35851,0,0.0,481,5740,30111,0.01814744957852983
79,35930,0,0.0,482,5742,30188,0.01806638110070318
100,36030,0,0.0,483,5742,30288,0.01798611926770862
100,36130,0,0.0,484,5744,30386,0.017906656053295947
100,36230,0,0.0,485,5745,30485,0.017827983511077505
100,36330,0,0.0,486,5745,30585,0.01775009377373351
86,36416,0,0.0,487,5748,30668,0.017672979052225327
100,36516,0,0.0,488,5749,30767,0.017596631635016534
100,36616,0,0.0,489,5750,30866,0.01752104388730179
100,36716,0,0.0,490,5754,30962,0.017446208250243338
100,36816,0,0.0,491,5755,31061,0.017372117240215094
100,36916,0,0.0,492,5760,31156,0.01729876344805433
100,37016,0,0.0,493,5762,31254,0.0172261395383207
100,37116,0,0.0,494,5763,31353,0.017154238248562697
69,37185,0,0.0,495,5764,31421,0.017083052388591435
100,37285,0,0.0,496,5764,31521,0.017012574839761596
100,37385,0,0.0,497,5764,31621,0.01694279855425957
100,37485,0,0.0,498,5766,31719,0.016873716554398652
100,37585,0,0.0,499,5767,31818,0.016805321931921288
100,37685,0,0.0,500,5771,31914,0.01673760784730824
100,37785,0,0.0,501,5774,32011,0.016670567529094613
100,37885,0,0.0,502,5775,32110,0.01660419427319272
49,37934,0,0.0,503,5777,32157,0.016538481442221656
100,38034,0,0.0,504,5778,32256,0.016473422464843575
100,38134,0,0.0,505,5779,32355,0.01640901083510651
100,38234,0,0.0,506,5781,32453,0.01634524011179382
100,38334,0,0.0,507,5781,32553,0.016282103917780018
100,38434,0,0.0,508,5782,32652,0.01621959593939311
100,38534,0,0.0,509,5783,32751,0.016157709925783147
100,38634,0,0.0,510,5788,32846,0.016096439688297208
100,38734,0,0.0,511,5788,32946,0.016035779099860478
64,38798,0,0.0,512,5789,33009,0.01597572209436357
100,38898,0,0.0,513,5790,33108,0.015916262666055885
100,38998,0,0.0,514,5791,33207,0.015857394868945038
100,39098,0,0.0,515,5794,33304,0.015799112816202266
100,39198,0,0.0,516,5794,33404,0.01574141067957372
100,39298,0,0.0,517,5795,33503,0.01568428268879766
100,39398,0,0.0,518,5798,33600,0.0156277231310274
100,39498,0,0.0,519,5801,33697,0.015571726350260025
100,39598,0,0.0,520,5805,33793,0.015516286746770792
91,39689,0,0.0,521,5808,33881,0.015461398776553163
100,39789,0,0.0,522,5809,33980,0.015407056950764372
100,39889,0,0.0,523,5810,34079,0.01535325583517655
100,39989,0,0.0,524,5811,34178,0.015299990049633304
100,40089,0,0.0,525,5815,34274,0.015247254267511699
100,40189,0,0.0,526,5816,34373,0.015195043215189571
54,40243,0,0.0,527,5817,34426,0.015143351671518179
100,40343,0,0.0,528,5818,34525,0.015092174467300075
100,40443,0,0.0,529,5820,34623,0.015041506484772198
100,40543,0,0.0,530,5822,34721,0.01499134265709407
100,40643,0,0.0,531,5822,34821,0.014941677967841115
100,40743,0,0.0,532,5822,34921,0.01489250745050302
100,40843,0,0.0,533,5822,35021,0.014843826187987082
100,40943,0,0.0,534,5823,35120,0.014795629312126479
100,41043,0,0.0,535,5824,35219,0.014747912003193458
100,41143,0,0.0,536,5826,35317,0.014700669489417359
100,41243,0,0.0,537,5827,35416,0.014653897046507443
100,41343,0,0.0,538,5827,35516,0.01460758999718044
100,41443,0,0.0,539,5829,35614,0.014561743710692824
100,41543,0,0.0,540,5831,35712,0.014516353602377746
54,41597,0,0.0,541,5832,35765,0.01447141513318654
100,41697,0,0.0,542,5836,35861,0.014426923809234849
100,41797,0,0.0,543,5837,35960,0.014382875181353196
100,41897,0,0.0,544,5838,36059,0.01433926484464209
100,41997,0,0.0,545,5841,36156,0.014296088438031505
100,42097,0,0.0,546,5847,36250,0.014253341643844817
100,42197,0,0.0,547,5847,36350,0.014211020187366974
100,42297,0,0.0,548,5849,36448,0.014169119836417065
100,42397,0,0.0,549,5851,36546,0.01412763640092507
100,42497,0,0.0,550,5851,36646,0.014086565732512882
100,42597,0,0.0,551,5851,36746,0.014045903724079427
100,42697,0,0.0,552,5854,36843,0.014005646309389977
100,42797,0,0.0,553,5854,36943,0.013965789462669513
100,42897,0,0.0,554,5856,37041,0.013926329198200155
100,42997,0,0.0,555,5856,37141,0.013887261569922569
100,43097,0,0.0,556,5857,37240,0.01384858267104137
100,43197,0,0.0,557,5858,37339,0.013810288633634434
100,43297,0,0.0,558,5862,37435,0.013772375628266116
100,43397,0,0.0,559,5865,37532,0.013734839863604284
100,43497,0,0.0,560,5866,37631,0.013697677586041186
100,43597,0,0.0,561,5870,37727,0.0136608850793181
100,43697,0,0.0,562,5872,37825,0.013624458664153696
100,43797,0,0.0,563,5872,37925,0.013588394697876097
100,43897,0,0.0,564,5872,38025,0.013552689574058628
100,43997,0,0.0,565,5872,38125,0.013517339722159148
100,44097,0,0.0,566,5874,38223,0.013482341607163007
100,44197,0,0.0,567,5875,38322,0.013447691729229546
100,44297,0,0.0,568,5876,38421,0.013413386623342096
100,44397,0,0.0,569,5878,38519,0.013379422858961477
100,44497,0,0.0,570,5879,38618,0.013345797039682946
100,44597,0,0.0,571,5882,38715,0.01331250580289656
100,44697,0,0.0,572,5884,38813,0.013279545819450893
100,44797,0,0.0,573,5885,38912,0.013246913793320138
100,44897,0,0.0,574,5887,39010,0.01321460646127448
100,44997,0,0.0,575,5888,39109,0.013182620592553802
100,45097,0,0.0,576,5889,39208,0.01315095298854457
100,45197,0,0.0,577,5889,39308,0.013119600482459998
100,45297,0,0.0,578,5890,39407,0.013088559939023343
100,45397,0,0.0,579,5893,39504,0.013057828254154401
100,45497,0,0.0,580,5894,39603,0.013027402354659073
100,45597,0,0.0,581,5894,39703,0.012997279197922058
100,45697,0,0.0,582,5895,39802,0.012967455771602571
100,45797,0,0.0,583,5895,39902,0.012937929093333135
100,45897,0,0.0,584,5895,40002,0.012908696210421315
100,45997,0,0.0,585,5897,40100,0.012879754199554458
100,46097,0,0.0,586,5897,40200,0.012851100166507357
100,46197,0,0.0,587,5897,40300,0.012822731245852837
100,46297,0,0.0,588,5898,40399,0.012794644600675184
100,46397,0,0.0,589,5900,40497,0.012766837422286476
100,46497,0,0.0,590,5901,40596,0.012739306929945703
100,46597,0,0.0,591,5901,40696,0.012712050370580685
71,46668,0,0.0,592,5906,40762,0.012685065018512777
100,46768,0,0.0,593,5908,40860,0.012658348175184284
100,46868,0,0.0,594,5908,40960,0.012631897168888604
100,46968,0,0.0,595,5911,41057,0.012605709354503067
100,47068,0,0.0,596,5914,41154,0.012579782113224414
100,47168,0,0.0,597,5914,41254,0.012554112852306908
100,47268,0,0.0,598,5914,41354,0.012528699004803068
100,47368,0,0.0,599,5914,41454,0.012503538029306963
100,47468,0,0.0,600,5915,41553,0.012478627409700078
100,47568,0,0.0,601,5918,41650,0.012453964654899695
100,47668,0,0.0,602,5922,41746,0.012429547298609778
100,47768,0,0.0,603,5923,41845,0.01240537289907435
100,47868,0,0.0,604,5923,41945,0.012381439038833314
100,47968,0,0.0,605,5926,42042,0.012357743324480702
64,48032,0,0.0,606,5928,42104,0.01233428338642533
100,48132,0,0.0,607,5928,42204,0.012311056878653841
100,48232,0,0.0,608,5929,42303,0.012288061478496108
100,48332,0,0.0,609,5930,42402,0.012265294886392948
86,48418,0,0.0,610,5932,42486,0.01224275482566618
100,48518,0,0.0,611,5934,42584,0.012220439042290943
100,48618,0,0.0,612,5934,42684,0.012198345304670311
100,48718,0,0.0,613,5934,42784,0.012176471403412107
45,48763,0,0.0,614,5935,42828,0.012154815151107974
86,48849,0,0.0,615,5941,42908,0.012133374382114637
100,48949,0,0.0,616,5942,43007,0.012112146952337331
100,49049,0,0.0,617,5942,43107,0.012091130739015387
100,49149,0,0.0,618,5945,43204,0.012070323640509958
100,49249,0,0.0,619,5947,43302,0.012049723576093858
100,49349,0,0.0,620,5949,43400,0.012029328485743472
100,49449,0,0.0,621,5951,43498,0.012009136329932777
100,49549,0,0.0,622,5956,43593,0.01198914508942936
100,49649,0,0.0,623,5957,43692,0.011969352765092513
100,49749,0,0.0,624,5958,43791,0.011949757377673304
100,49849,0,0.0,625,5958,43891,0.01193035696761667
100,49949,0,0.0,626,5959,43990,0.011911149594865432
100,50049,0,0.0,627,5960,44089,0.011892133338666311
100,50149,0,0.0,628,5961,44188,0.01187330629737784
100,50249,0,0.0,629,5962,44287,0.011854666588280199
100,50349,0,0.0,630,5963,44386,0.011836212347386948
100,50449,0,0.0,631,5964,44485,0.011817941729258619
100,50549,0,0.0,632,5964,44585,0.011799852906818169
59,50608,0,0.0,633,5967,44641,0.011781944071168286
100,50708,0,0.0,634,5967,44741,0.011764213431410478
92,50800,0,0.0,635,5969,44831,0.011746659214465993
100,50900,0,0.0,636,5972,44928,0.011729279664898506
100,51000,0,0.0,637,5973,45027,0.011712073044738584
100,51100,0,0.0,638,5973,45127,0.011695037633309868
100,51200,0,0.0,639,5974,45226,0.011678171727057018
100,51300,0,0.0,640,5975,45325,0.011661473639375353
100,51400,0,0.0,641,5976,45424,0.011644941700442194
100,51500,0,0.0,642,5977,45523,0.011628574257049868
100,51600,0,0.0,643,5978,45622,0.011612369672440398
85,51685,0,0.0,644,5982,45703,0.011596326326141817
100,51785,0,0.0,645,5983,45802,0.011580442613806126
100,51885,0,0.0,646,5984,45901,0.011564716947048855
56,51941,0,0.0,647,5985,45956,0.011549147753290225
100,52041,0,0.0,648,5986,46055,0.011533733475597885
100,52141,0,0.0,649,5986,46155,0.011518472572531219
100,52241,0,0.0,650,5988,46253,0.011503363517987204
100,52341,0,0.0,651,5990,46351,0.011488404801047796
100,52441,0,0.0,652,5990,46451,0.011473594925828836
100,52541,0,0.0,653,5992,46549,0.011458932411330456
94,52635,0,0.0,654,5993,46642,0.01144441579128899
100,52735,0,0.0,655,5993,46742,0.011430043614030338
52,52787,0,0.0,656,5994,46793,0.011415814442324796
100,52887,0,0.0,657,5994,46893,0.011401726853243335
100,52987,0,0.0,658,5994,46993,0.011387779438015309
100,53087,0,0.0,659,5994,47093,0.011373970801887569
47,53134,0,0.0,660,5996,47138,0.011360299563985
100,53234,0,0.0,661,5996,47238,0.011346764357172414
100,53334,0,0.0,662,5997,47337,0.011333363827917855
100,53434,0,0.0,663,6000,47434,0.011320096636157226
61,53495,0,0.0,664,6003,47492,0.011306961455160297
100,53595,0,0.0,665,6005,47590,0.011293956971398022
100,53695,0,0.0,666,6005,47690,0.01128108188441119
100,53795,0,0.0,667,6006,47789,0.01126833490668037
100,53895,0,0.0,668,6008,47887,0.011255714763497167
100,53995,0,0.0,669,6009,47986,0.011243220192836747
100,54095,0,0.0,670,6009,48086,0.011230849945231628
100,54195,0,0.0,671,6010,48185,0.011218602783646746
46,54241,0,0.0,672,6011,48230,0.011206477483355735
100,54341,0,0.0,673,6013,48328,0.01119447283181846
100,54441,0,0.0,674,6014,48427,0.011182587628559764
100,54541,0,0.0,675,6015,48526,0.011170820685049418
92,54633,0,0.0,676,6016,48617,0.011159170824583262
100,54733,0,0.0,677,6018,48715,0.011147636882165546
100,54833,0,0.0,678,6019,48814,0.011136217704392411
100,54933,0,0.0,679,6020,48913,0.011124912149336568
100,55033,0,0.0,680,6020,49013,0.01111371908643309
100,55133,0,0.0,681,6022,49111,0.011102637396366355
100,55233,0,0.0,682,6024,49209,0.011091665970958125
100,55333,0,0.0,683,6024,49309,0.011080803713056716
100,55433,0,0.0,684,6027,49406,0.011070049536427285
100,55533,0,0.0,685,6029,49504,0.011059402365643208
100,55633,0,0.0,686,6030,49603,0.011048861135978534
100,55733,0,0.0,687,6030,49703,0.011038424793301511
62,55795,0,0.0,688,6034,49761,0.011028092293969175
100,55895,0,0.0,689,6036,49859,0.011017862604722983
100,55995,0,0.0,690,6038,49957,0.011007734702585483
100,56095,0,0.0,691,6039,50056,0.010997707574758025
100,56195,0,0.0,692,6041,50154,0.010987780218519469
100,56295,0,0.0,693,6041,50254,0.010977951641125918
100,56395,0,0.0,694,6041,50354,0.010968220859711442
100,56495,0,0.0,695,6042,50453,0.010958586901189789
100,56595,0,0.0,696,6042,50553,0.01094904880215708
100,56695,0,0.0,697,6042,50653,0.010939605608795464
100,56795,0,0.0,698,6046,50749,0.010930256376777735
100,56895,0,0.0,699,6049,50846,0.010921000171172899
100,56995,0,0.0,700,6051,50944,0.010911836066352685
100,57095,0,0.0,701,6053,51042,0.010902763145898971
100,57195,0,0.0,702,6057,51138,0.010893780502512152
100,57295,0,0.0,703,6058,51237,0.010884887237920403
100,57395,0,0.0,704,6059,51336,0.010876082462789857
45,57440,0,0.0,705,6061,51379,0.010867365296635659
61,57501,0,0.0,706,6063,51438,0.010858734867733933
100,57601,0,0.0,707,6063,51538,0.010850190313034594
100,57701,0,0.0,708,6064,51637,0.010841730778075053
100,57801,0,0.0,709,6066,51735,0.010833355416894765
100,57901,0,0.0,710,6068,51833,0.01082506339195063
100,58001,0,0.0,711,6069,51932,0.010816853874033245
100,58101,0,0.0,712,6070,52031,0.010808726042183978
100,58201,0,0.0,713,6071,52130,0.01080067908361287
100,58301,0,0.0,714,6071,52230,0.01079271219361736
100,58401,0,0.0,715,6072,52329,0.010784824575501804
100,58501,0,0.0,716,6076,52425,0.010777015440497823
100,58601,0,0.0,717,6076,52525,0.010769284007685407
100,58701,0,0.0,718,6076,52625,0.01076162950391483
100,58801,0,0.0,719,6078,52723,0.01075405116372934
100,58901,0,0.0,720,6078,52823,0.010746548229288598
100,59001,0,0.0,721,6080,52921,0.010739119950292912
100,59101,0,0.0,722,6080,53021,0.010731765583908192
100,59201,0,0.0,723,6082,53119,0.010724484394691668
100,59301,0,0.0,724,6085,53216,0.010717275654518353
100,59401,0,0.0,725,6085,53316,0.010710138642508221
100,59501,0,0.0,726,6085,53416,0.010703072644954124
100,59601,0,0.0,727,6088,53513,0.010696076955250418
100,59701,0,0.0,728,6089,53612,0.010689150873822304
100,59801,0,0.0,729,6089,53712,0.010682293708055865
66,59867,0,0.0,730,6090,53777,0.010675504772228813
100,59967,0,0.0,731,6090,53877,0.010668783387441906
100,60067,0,0.0,732,6090,53977,0.010662128881551065
100,60167,0,0.0,733,6090,54077,0.010655540589100154
100,60267,0,0.0,734,6093,54174,0.010649017851254439
100,60367,0,0.0,735,6094,54273,0.0106425600157347
100,60467,0,0.0,736,6095,54372,0.010636166436752002
100,60567,0,0.0,737,6096,54471,0.01062983647494312
100,60667,0,0.0,738,6097,54570,0.010623569497306598
100,60767,0,0.0,739,6098,54669,0.01061736487713945
100,60867,0,0.0,740,6098,54769,0.010611221993974488
66,60933,0,0.0,741,6100,54833,0.010605140233518277
100,61033,0,0.0,742,6100,54933,0.010599118987589702
100,61133,0,0.0,743,6103,55030,0.010593157654059155
100,61233,0,0.0,744,6104,55129,0.010587255636788313
100,61333,0,0.0,745,6106,55227,0.01058141234557053
74,61407,0,0.0,746,6107,55300,0.01057562719607182
100,61507,0,0.0,747,6107,55400,0.010569899609772403
100,61607,0,0.0,748,6108,55499,0.010564229013908884
100,61707,0,0.0,749,6109,55598,0.010558614841416947
100,61807,0,0.0,750,6109,55698,0.010553056530874667
100,61907,0,0.0,751,6110,55797,0.010547553526446355
100,62007,0,0.0,752,6111,55896,0.010542105277826985
44,62051,0,0.0,753,6114,55937,0.010536711240187152
100,62151,0,0.0,754,6115,56036,0.0105313708741186
85,62236,0,0.0,755,6117,56119,0.01052608364558027
64,62300,0,0.0,756,6118,56182,0.010520849025844903
100,62400,0,0.0,757,6119,56281,0.010515666491446161
94,62494,0,0.0,758,6121,56373,0.01051053552412629
100,62594,0,0.0,759,6122,56472,0.010505455610784278
100,62694,0,0.0,760,6123,56571,0.010500426243424558
100,62794,0,0.0,761,6124,56670,0.010495446919106205
100,62894,0,0.0,762,6126,56768,0.010490517139892635
100,62994,0,0.0,763,6126,56868,0.010485636412801822
100,63094,0,0.0,764,6126,56968,0.010480804249756986
90,63184,0,0.0,765,6129,57055,0.010476020167537797
53,63237,0,0.0,766,6132,57105,0.010471283687732046
100,63337,0,0.0,767,6132,57205,0.010466594336687809
100,63437,0,0.0,768,6133,57304,0.010461951645466068
100,63537,0,0.0,769,6134,57403,0.010457355149793835
100,63637,0,0.0,770,6135,57502,0.010452804390017712
100,63737,0,0.0,771,6135,57602,0.010448298911057929
59,63796,0,0.0,772,6136,57660,0.010443838262362837
100,63896,0,0.0,773,6136,57760,0.010439421997863846
100,63996,0,0.0,774,6137,57859,0.010435049675930827
100,64096,0,0.0,775,6137,57959,0.010430720859327945
46,64142,0,0.0,776,6138,58004,0.01042643511516993
97,64239,0,0.0,777,6140,58099,0.010422192014878798
75,64314,0,0.0,778,6141,58173,0.01041799113414098
100,64414,0,0.0,779,6141,58273,0.010413832052864903
100,64514,0,0.0,780,6141,58373,0.010409714355138974
100,64614,0,0.0,781,6141,58473,0.010405637629189989
51,64665,0,0.0,782,6142,58523,0.010401601467341955
100,64765,0,0.0,783,6143,58622,0.010397605465975325
100,64865,0,0.0,784,6143,58722,0.01039364922548663
100,64965,0,0.0,785,6144,58821,0.010389732350248527
100,65065,0,0.0,786,6145,58920,0.010385854448570228
100,65165,0,0.0,787,6148,59017,0.01038201513265833
57,65222,0,0.0,788,6149,59073,0.010378214018578047
100,65322,0,0.0,789,6151,59171,0.0103744507262148
100,65422,0,0.0,790,6152,59270,0.010370724879236218
100,65522,0,0.0,791,6154,59368,0.010367036105054498
100,65622,0,0.0,792,6155,59467,0.010363384034789147
100,65722,0,0.0,793,6156,59566,0.010359768303230097
100,65822,0,0.0,794,6158,59664,0.010356188548801179
100,65922,0,0.0,795,6159,59763,0.010352644413523964
53,65975,0,0.0,796,6161,59814,0.010349135542981974
100,66075,0,0.0,797,6161,59914,0.010345661586285228
100,66175,0,0.0,798,6163,60012,0.010342222196035164
100,66275,0,0.0,799,6166,60109,0.01033881702828989
55,66330,0,0.0,800,6168,60162,0.010335445742529792
100,66430,0,0.0,801,6170,60260,0.010332108001623487
49,66479,0,0.0,802,6172,60307,0.010328803471794101
100,66579,0,0.0,803,6172,60407,0.0103255318225859
99,66678,0,0.0,804,6174,60504,0.010322292726831234
100,66778,0,0.0,805,6175,60603,0.01031908586061783
100,66878,0,0.0,806,6176,60702,0.010315910903256391
100,66978,0,0.0,807,6177,60801,0.01031276753724854
100,67078,0,0.0,808,6177,60901,0.010309655448255054
100,67178,0,0.0,809,6178,61000,0.01030657432506444
100,67278,0,0.0,810,6179,61099,0.010303523859561813
100,67378,0,0.0,811,6181,61197,0.01030050374669808
100,67478,0,0.0,812,6182,61296,0.010297513684459435
100,67578,0,0.0,813,6184,61394,0.010294553373837166
100,67678,0,0.0,814,6184,61494,0.010291622518797741
100,67778,0,0.0,815,6184,61594,0.010288720826253218
100,67878,0,0.0,816,6184,61694,0.010285848006031922
100,67978,0,0.0,817,6184,61794,0.010283003770849435
100,68078,0,0.0,818,6187,61891,0.010280187836279871
98,68176,0,0.0,819,6189,61987,0.010277399920727424
100,68276,0,0.0,820,6190,62086,0.01027463974539822
100,68376,0,0.0,821,6192,62184,0.010271907034272422
100,68476,0,0.0,822,6193,62283,0.01026920151407664
79,68555,0,0.0,823,6196,62359,0.010266522914256601
100,68655,0,0.0,824,6196,62459,0.010263870966950093
100,68755,0,0.0,825,6199,62556,0.01026124540696017
100,68855,0,0.0,826,6201,62654,0.010258645971728651
100,68955,0,0.0,827,6201,62754,0.010256072401309843
100,69055,0,0.0,828,6203,62852,0.01025352443834456
100,69155,0,0.0,829,6203,62952,0.010251001828034383
100,69255,0,0.0,830,6203,63052,0.010248504318116178
100,69355,0,0.0,831,6204,63151,0.010246031658836873
100,69455,0,0.0,832,6205,63250,0.010243583602928479
100,69555,0,0.0,833,6207,63348,0.010241159905583363
100,69655,0,0.0,834,6208,63447,0.010238760324429774
100,69755,0,0.0,835,6209,63546,0.010236384619507594
100,69855,0,0.0,836,6211,63644,0.010234032553244354
100,69955,0,0.0,837,6211,63744,0.010231703890431466
100,70055,0,0.0,838,6211,63844,0.01022939839820071
100,70155,0,0.0,839,6214,63941,0.010227115846000938
100,70255,0,0.0,840,6214,64041,0.01022485600557503
100,70355,0,0.0,841,6217,64138,0.01022261865093706
100,70455,0,0.0,842,6217,64238,0.010220403558349701
100,70555,0,0.0,843,6218,64337,0.010218210506301846
49,70604,0,0.0,844,6219,64385,0.010216039275486465
100,70704,0,0.0,845,6219,64485,0.010213889648778665
100,70804,0,0.0,846,6219,64585,0.010211761411213984
100,70904,0,0.0,847,6219,64685,0.010209654349966894
100,71004,0,0.0,848,6220,64784,0.010207568254329514
46,71050,0,0.0,849,6222,64828,0.01020550291569054
52,71102,0,0.0,850,6224,64878,0.010203458127514388
100,71202,0,0.0,851,6226,64976,0.010201433685320538
100,71302,0,0.0,852,6226,65076,0.010199429386663081
100,71402,0,0.0,853,6226,65176,0.010197445031110482
100,71502,0,0.0,854,6227,65275,0.010195480420225531
100,71602,0,0.0,855,6228,65374,0.010193535357545505
100,71702,0,0.0,856,6230,65472,0.010191609648562514
100,71802,0,0.0,857,6231,65571,0.010189703100704052
77,71879,0,0.0,858,6232,65647,0.01018781552331375
100,71979,0,0.0,859,6232,65747,0.01018594672763229
100,72079,0,0.0,860,6233,65846,0.010184096526778551
100,72179,0,0.0,861,6234,65945,0.010182264735730903
100,72279,0,0.0,862,6234,66045,0.010180451171308717
100,72379,0,0.0,863,6236,66143,0.010178655652154037
100,72479,0,0.0,864,6237,66242,0.010176877998713455
100,72579,0,0.0,865,6237,66342,0.01017511803322014
100,72679,0,0.0,866,6239,66440,0.010173375579676082
100,72779,0,0.0,867,6240,66539,0.01017165046383447
100,72879,0,0.0,868,6241,66638,0.010169942513182286
100,72979,0,0.0,869,6241,66738,0.010168251556923037
100,73079,0,0.0,870,6241,66838,0.010166577425959692
100,73179,0,0.0,871,6242,66937,0.010164919952877757
100,73279,0,0.0,872,6242,67037,0.010163278971928544
100,73379,0,0.0,873,6242,67137,0.01016165431901259
100,73479,0,0.0,874,6242,67237,0.01016004583166325
100,73579,0,0.0,875,6243,67336,0.010158453349030448
100,73679,0,0.0,876,6244,67435,0.010156876711864594
100,73779,0,0.0,877,6244,67535,0.010155315762500658
100,73879,0,0.0,878,6244,67635,0.0101537703448424
100,73979,0,0.0,879,6244,67735,0.010152240304346772
100,74079,0,0.0,880,6247,67832,0.010150725488008444
100,74179,0,0.0,881,6248,67931,0.010149225744344521
100,74279,0,0.0,882,6250,68029,0.01014774092337939
100,74379,0,0.0,883,6252,68127,0.010146270876629714
64,74443,0,0.0,884,6253,68190,0.010144815457089593
100,74543,0,0.0,885,6254,68289,0.010143374519215861
76,74619,0,0.0,886,6256,68363,0.01014194791891353
100,74719,0,0.0,887,6257,68462,0.01014053551352138
100,74819,0,0.0,888,6259,68560,0.010139137161797698
100,74919,0,0.0,889,6259,68660,0.010137752723906142
100,75019,0,0.0,890,6259,68760,0.01013638206140177
100,75119,0,0.0,891,6259,68860,0.010135025037217192
100,75219,0,0.0,892,6260,68959,0.010133681515648855
100,75319,0,0.0,893,6261,69058,0.010132351362343486
100,75419,0,0.0,894,6261,69158,0.010131034444284644
100,75519,0,0.0,895,6262,69257,0.010129730629779427
100,75619,0,0.0,896,6263,69356,0.010128439788445296
77,75696,0,0.0,897,6265,69431,0.010127161791197044
100,75796,0,0.0,898,6267,69529,0.01012589651023388
100,75896,0,0.0,899,6269,69627,0.010124643819026653
100,75996,0,0.0,900,6269,69727,0.0101234035923052
100,76096,0,0.0,901,6269,69827,0.010122175706045813
90,76186,0,0.0,902,6271,69915,0.010120960037458845
100,76286,0,0.0,903,6271,70015,0.010119756464976423
100,76386,0,0.0,904,6271,70115,0.010118564868240294
66,76452,0,0.0,905,6272,70180,0.010117385128089795
100,76552,0,0.0,906,6272,70280,0.010116217126549927
100,76652,0,0.0,907,6272,70380,0.010115060746819561
100,76752,0,0.0,908,6273,70479,0.010113915873259762
100,76852,0,0.0,909,6275,70577,0.010112782391382219
100,76952,0,0.0,910,6277,70675,0.010111660187837799
100,77052,0,0.0,911,6277,70775,0.010110549150405214
100,77152,0,0.0,912,6277,70875,0.010109449167979795
100,77252,0,0.0,913,6277,70975,0.010108360130562379
100,77352,0,0.0,914,6277,71075,0.010107281929248322
100,77452,0,0.0,915,6278,71174,0.010106214456216591
46,77498,0,0.0,916,6279,71219,0.010105157604718994
100,77598,0,0.0,917,6279,71319,0.010104111269069502
100,77698,0,0.0,918,6280,71418,0.010103075344633675
99,77797,0,0.0,919,6283,71514,0.010102049727818207
100,77897,0,0.0,920,6283,71614,0.010101034316060565
100,77997,0,0.0,921,6284,71713,0.010100029007818723
100,78097,0,0.0,922,6285,71812,0.01009903370256102
100,78197,0,0.0,923,6286,71911,0.010098048300756102
100,78297,0,0.0,924,6287,72010,0.010097072703862968
100,78397,0,0.0,925,6287,72110,0.010096106814321115
100,78497,0,0.0,926,6288,72209,0.01009515053554078
100,78597,0,0.0,927,6289,72308,0.010094203771893295
100,78697,0,0.0,928,6289,72408,0.010093266428701501
66,78763,0,0.0,929,6291,72472,0.0100923384122303
100,78863,0,0.0,930,6291,72572,0.01009141962967727
100,78963,0,0.0,931,6292,72671,0.010090509989163391
100,79063,0,0.0,932,6292,72771,0.010089609399723856
100,79163,0,0.0,933,6292,72871,0.010088717771298966
100,79263,0,0.0,934,6292,72971,0.010087835014725138
100,79363,0,0.0,935,6294,73069,0.010086961041725979
100,79463,0,0.0,936,6295,73168,0.01008609576490346
100,79563,0,0.0,937,6299,73264,0.010085239097729176
100,79663,0,0.0,938,6300,73363,0.0100843909545357
100,79763,0,0.0,939,6303,73460,0.010083551250508005
100,79863,0,0.0,940,6305,73558,0.010082719901674985
100,79963,0,0.0,941,6305,73658,0.010081896824901066
100,80063,0,0.0,942,6305,73758,0.010081081937877885
100,80163,0,0.0,943,6305,73858,0.01008027515911606
100,80263,0,0.0,944,6306,73957,0.010079476407937044
100,80363,0,0.0,945,6306,74057,0.010078685604465051
100,80463,0,0.0,946,6307,74156,0.010077902669619077
100,80563,0,0.0,947,6308,74255,0.010077127525104984
100,80663,0,0.0,948,6312,74351,0.010076360093407673
100,80763,0,0.0,949,6312,74451,0.010075600297783338
100,80863,0,0.0,950,6312,74551,0.010074848062251781
70,80933,0,0.0,951,6313,74620,0.010074103311588823
100,81033,0,0.0,952,6313,74720,0.010073365971318778
100,81133,0,0.0,953,6313,74820,0.010072635967707003
100,81233,0,0.0,954,6314,74919,0.010071913227752527
100,81333,0,0.0,955,6317,75016,0.010071197679180756
100,81433,0,0.0,956,6319,75114,0.010070489250436234
100,81533,0,0.0,957,6319,75214,0.010069787870675497
100,81633,0,0.0,958,6319,75314,0.010069093469759984
89,81722,0,0.0,959,6321,75401,0.010068405978249026
100,81822,0,0.0,960,6321,75501,0.010067725327392897
100,81922,0,0.0,961,6321,75601,0.010067051449125945
100,82022,0,0.0,962,6321,75701,0.010066384276059784
100,82122,0,0.0,963,6322,75800,0.010065723741476547
100,82222,0,0.0,964,6323,75899,0.01006506977932223
100,82322,0,0.0,965,6323,75999,0.010064422324200068
100,82422,0,0.0,966,6323,76099,0.010063781311364012
100,82522,0,0.0,967,6325,76197,0.010063146676712244
75,82597,0,0.0,968,6326,76271,0.01006251835678077
100,82697,0,0.0,969,6327,76370,0.010061896288737071
100,82797,0,0.0,970,6328,76469,0.01006128041037383
100,82897,0,0.0,971,6330,76567,0.01006067066010269
100,82997,0,0.0,972,6332,76665,0.01006006697694812
100,83097,0,0.0,973,6332,76765,0.010059469300541302
100,83197,0,0.0,974,6332,76865,0.010058877571114096
47,83244,0,0.0,975,6334,76910,0.010058291729493065
100,83344,0,0.0,976,6335,77009,0.01005771171709356
100,83444,0,0.0,977,6335,77109,0.010057137475913858
100,83544,0,0.0,978,6335,77209,0.010056568948529363
86,83630,0,0.0,979,6336,77294,0.010056006078086861
91,83721,0,0.0,980,6339,77382,0.01005544880829884
46,83767,0,0.0,981,6341,77426,0.010054897083437856
100,83867,0,0.0,982,6342,77525,0.010054350848330963
100,83967,0,0.0,983,6343,77624,0.010053810048354195
100,84067,0,0.0,984,6343,77724,0.010053274629427107
100,84167,0,0.0,985,6344,77823,0.010052744538007355
100,84267,0,0.0,986,6344,77923,0.01005221972108536
64,84331,0,0.0,987,6345,77986,0.010051700126178988
100,84431,0,0.0,988,6345,78086,0.010051185701328317
100,84531,0,0.0,989,6346,78185,0.010050676395090436
100,84631,0,0.0,990,6346,78285,0.010050172156534292
74,84705,0,0.0,991,6348,78357,0.010049672935235614
100,84805,0,0.0,992,6348,78457,0.010049178681271852
100,84905,0,0.0,993,6350,78555,0.010048689345217202
100,85005,0,0.0,994,6351,78654,0.010048204878137646
100,85105,0,0.0,995,6352,78753,0.010047725231586075
100,85205,0,0.0,996,6353,78852,0.010047250357597435
100,85305,0,0.0,997,6354,78951,0.010046780208683928
100,85405,0,0.0,998,6354,79051,0.010046314737830275
85,85490,0,0.0,999,6357,79133,0.010045853898488999
100,85590,0,0.0,1000,6357,79233,0.010045397644575786
100,85690,0,0.0,1001,6359,79331,0.010044945930464861
100,85790,0,0.0,1002,6360,79430,0.010044498710984437
100,85890,0,0.0,1003,6362,79528,0.010044055941412194
100,85990,0,0.0,1004,6362,79628,0.010043617577470805
100,86090,0,0.0,1005,6362,79728,0.010043183575323512
100,86190,0,0.0,1006,6362,79828,0.010042753891569738
100,86290,0,0.0,1007,6362,79928,0.01004232848324075
100,86390,0,0.0,1008,6362,80028,0.010041907307795358
100,86490,0,0.0,1009,6364,80126,0.01004149032311567
100,86590,0,0.0,1010,6366,80224,0.010041077487502869
100,86690,0,0.0,1011,6367,80323,0.010040668759673048
100,86790,0,0.0,1012,6369,80421,0.010040264098753086
99,86889,0,0.0,1013,6371,80518,0.010039863464276553
100,86989,0,0.0,1014,6372,80617,0.010039466816179668
100,87089,0,0.0,1015,6373,80716,0.010039074114797288
100,87189,0,0.0,1016,6373,80816,0.01003868532085895
100,87289,0,0.0,1017,6374,80915,0.010038300395484938
100,87389,0,0.0,1018,6375,81014,0.01003791930018239
100,87489,0,0.0,1019,6376,81113,0.01003754199684146
100,87589,0,0.0,1020,6378,81211,0.0100371684477315
100,87689,0,0.0,1021,6380,81309,0.010036798615497286
100,87789,0,0.0,1022,6381,81408,0.010036432463155286
100,87889,0,0.0,1023,6383,81506,0.010036069954089965
100,87989,0,0.0,1024,6384,81605,0.01003571105205011
100,88089,0,0.0,1025,6384,81705,0.01003535572114522
100,88189,0,0.0,1026,6386,81803,0.010035003925841906
100,88289,0,0.0,1027,6386,81903,0.010034655630960348
100,88389,0,0.0,1028,6387,82002,0.010034310801670764
100,88489,0,0.0,1029,6387,82102,0.010033969403489941
100,88589,0,0.0,1030,6387,82202,0.010033631402277775
100,88689,0,0.0,1031,6388,82301,0.010033296764233863
100,88789,0,0.0,1032,6389,82400,0.01003296545589412
100,88889,0,0.0,1033,6390,82499,0.01003263744412744
100,88989,0,0.0,1034,6391,82598,0.010032312696132369
100,89089,0,0.0,1035,6392,82697,0.01003199117943384
100,89189,0,0.0,1036,6393,82796,0.010031672861879913
100,89289,0,0.0,1037,6393,82896,0.010031357711638567
100,89389,0,0.0,1038,6393,82996,0.010031045697194518
100,89489,0,0.0,1039,6393,83096,0.01003073678734606
100,89589,0,0.0,1040,6393,83196,0.01003043095120195
100,89689,0,0.0,1041,6393,83296,0.01003012815817832
100,89789,0,0.0,1042,6393,83396,0.010029828377995615
100,89889,0,0.0,1043,6393,83496,0.010029531580675564
100,89989,0,0.0,1044,6395,83594,0.010029237736538193
100,90089,0,0.0,1045,6396,83693,0.01002894681619884
100,90189,0,0.0,1046,6396,83793,0.010028658790565229
100,90289,0,0.0,1047,6396,83893,0.010028373630834558
100,90389,0,0.0,1048,6396,83993,0.010028091308490614
100,90489,0,0.0,1049,6397,84092,0.010027811795300929
100,90589,0,0.0,1050,6400,84189,0.01002753506331395
100,90689,0,0.0,1051,6400,84289,0.01002726108485625
100,90789,0,0.0,1052,6403,84386,0.010026989832529752
100,90889,0,0.0,1053,6404,84485,0.010026721279208999
100,90989,0,0.0,1054,6406,84583,0.010026455398038434
100,91089,0,0.0,1055,6408,84681,0.01002619216242972
100,91189,0,0.0,1056,6408,84781,0.010025931546059077
100,91289,0,0.0,1057,6410,84879,0.010025673522864646
100,91389,0,0.0,1058,6412,84977,0.0100254180670439
100,91489,0,0.0,1059,6412,85077,0.010025165153051038
100,91589,0,0.0,1060,6414,85175,0.010024914755594453
100,91689,0,0.0,1061,6414,85275,0.01002466684963419
100,91789,0,0.0,1062,6414,85375,0.010024421410379444
100,91889,0,0.0,1063,6414,85475,0.01002417841328609
100,91989,0,0.0,1064,6414,85575,0.010023937834054211
100,92089,0,0.0,1065,6414,85675,0.010023699648625687
100,92189,0,0.0,1066,6416,85773,0.010023463833181775
100,92289,0,0.0,1067,6416,85873,0.010023230364140734
100,92389,0,0.0,1068,6416,85973,0.010022999218155467
59,92448,0,0.0,1069,6417,86031,0.01002277037211118
100,92548,0,0.0,1070,6417,86131,0.01002254380312308
100,92648,0,0.0,1071,6418,86230,0.01002231948853408
100,92748,0,0.0,1072,6420,86328,0.010022097405912533
100,92848,0,0.0,1073,6420,86428,0.010021877533049992
100,92948,0,0.0,1074,6420,86528,0.010021659847958985
100,93048,0,0.0,1075,6420,86628,0.010021444328870826
100,93148,0,0.0,1076,6421,86727,0.010021230954233424
100,93248,0,0.0,1077,6421,86827,0.010021019702709136
100,93348,0,0.0,1078,6421,86927,0.010020810553172638
100,93448,0,0.0,1079,6422,87026,0.010020603484708799
100,93548,0,0.0,1080,6422,87126,0.0100203984766106
63,93611,0,0.0,1081,6423,87188,0.01002019550837706
56,93667,0,0.0,1082,6427,87240,0.010019994559711188
100,93767,0,0.0,1083,6429,87338,0.01001979561051795
100,93867,0,0.0,1084,6431,87436,0.01001959864090226
100,93967,0,0.0,1085,6432,87535,0.010019403631166992
100,94067,0,0.0,1086,6435,87632,0.01001921056181101
100,94167,0,0.0,1087,6435,87732,0.01001901941352722
100,94267,0,0.0,1088,6435,87832,0.01001883016720063
100,94367,0,0.0,1089,6436,87931,0.010018642803906453
100,94467,0,0.0,1090,6436,88031,0.010018457304908203
100,94567,0,0.0,1091,6437,88130,0.010018273651655822
100,94667,0,0.0,1092,6439,88228,0.010018091825783837
100,94767,0,0.0,1093,6439,88328,0.010017911809109508
100,94867,0,0.0,1094,6440,88427,0.010017733583631014
100,94967,0,0.0,1095,6440,88527,0.010017557131525663
55,95022,0,0.0,1096,6442,88580,0.010017382435148095
100,95122,0,0.0,1097,6444,88678,0.010017209477028527
100,95222,0,0.0,1098,6445,88777,0.010017038239871004
100,95322,0,0.0,1099,6446,88876,0.010016868706551666
100,95422,0,0.0,1100,6448,88974,0.01001670086011704
100,95522,0,0.0,1101,6450,89072,0.010016534683782344
100,95622,0,0.0,1102,6451,89171,0.010016370160929804
100,95722,0,0.0,1103,6451,89271,0.010016207275107
100,95822,0,0.0,1104,6452,89370,0.010016046010025212
56,95878,0,0.0,1105,6453,89425,0.0100158863495578
100,95978,0,0.0,1106,6454,89524,0.01001572827773858
100,96078,0,0.0,1107,6454,89624,0.010015571778760241
100,96178,0,0.0,1108,6454,89724,0.010015416836972756
100,96278,0,0.0,1109,6454,89824,0.010015263436881815
100,96378,0,0.0,1110,6455,89923,0.010015111563147282
100,96478,0,0.0,1111,6456,90022,0.010014961200581656
100,96578,0,0.0,1112,6456,90122,0.010014812334148557
62,96640,0,0.0,1113,6458,90182,0.010014664948961216
100,96740,0,0.0,1114,6461,90279,0.010014519030280992
100,96840,0,0.0,1115,6462,90378,0.010014374563515895
100,96940,0,0.0,1116,6462,90478,0.01001423153421913
100,97040,0,0.0,1117,6462,90578,0.010014089928087644
100,97140,0,0.0,1118,6464,90676,0.01001394973096071
100,97240,0,0.0,1119,6465,90775,0.010013810928818496
100,97340,0,0.0,1120,6466,90874,0.010013673507780674
100,97440,0,0.0,1121,6467,90973,0.010013537454105024
100,97540,0,0.0,1122,6467,91073,0.010013402754186067
100,97640,0,0.0,1123,6468,91172,0.010013269394553695
100,97740,0,0.0,1124,6468,91272,0.010013137361871838
100,97840,0,0.0,1125,6472,91368,0.010013006642937116
100,97940,0,0.0,1126,6473,91467,0.010012877224677526
100,98040,0,0.0,1127,6473,91567,0.010012749094151136
100,98140,0,0.0,1128,6474,91666,0.010012622238544785
100,98240,0,0.0,1129,6474,91766,0.010012496645172807
100,98340,0,0.0,1130,6477,91863,0.01001237230147576
100,98440,0,0.0,1131,6477,91963,0.01001224919501917
100,98540,0,0.0,1132,6477,92063,0.01001212731349229
100,98640,0,0.0,1133,6477,92163,0.010012006644706866
100,98740,0,0.0,1134,6477,92263,0.010011887176595919
100,98840,0,0.0,1135,6477,92363,0.010011768897212536
100,98940,0,0.0,1136,6479,92461,0.010011651794728682
100,99040,0,0.0,1137,6479,92561,0.010011535857434011
46,99086,0,0.0,1138,6480,92606,0.010011421073734697
100,99186,0,0.0,1139,6481,92705,0.010011307432152275
100,99286,0,0.0,1140,6484,92802,0.01001119492132249
100,99386,0,0.0,1141,6485,92901,0.010011083529994165
100,99486,0,0.0,1142,6487,92999,0.010010973247028078
100,99586,0,0.0,1143,6487,93099,0.010010864061395836
100,99686,0,0.0,1144,6487,93199,0.01001075596217879
100,99786,0,0.0,1145,6487,93299,0.010010648938566923
100,99886,0,0.0,1146,6489,93397,0.010010542979857786
100,99986,0,0.0,1147,6492,93494,0.010010438075455421
