iteration,successes,successes_episode,reward_episode,episode_count,random_act,timestep,epsilon
12,12,0,0.0,1,12,0,1.0
9,21,0,0.0,2,21,0,0.9901493354116764
31,52,0,0.0,3,52,0,0.9803966865736877
26,78,0,0.0,4,78,0,0.970741078213023
37,115,0,0.0,5,111,4,0.9611815447608
23,138,0,0.0,6,133,5,0.9517171302557069
82,220,0,0.0,7,211,9,0.9423468882484062
97,317,0,0.0,8,304,13,0.9330698817068888
57,374,0,0.0,9,358,16,0.9238851829227694
15,389,0,0.0,10,371,18,0.9147918734185159
9,398,0,0.0,11,379,19,0.9057890438555999
56,454,0,0.0,12,432,22,0.896875793943563
35,489,0,0.0,13,460,29,0.888051232349986
52,541,0,0.0,14,506,35,0.8793144766113556
26,567,0,0.0,15,528,39,0.8706646530448178
100,667,0,0.0,16,617,50,0.8621008966608072
89,756,0,0.0,17,693,63,0.8536223510765493
8,764,0,0.0,18,700,64,0.8452281684304199
17,781,0,0.0,19,715,66,0.8369175092971592
17,798,0,0.0,20,729,69,0.8286895426039287
98,896,0,0.0,21,805,91,0.820543445547202
11,907,0,0.0,22,812,95,0.8124784035104852
70,977,0,0.0,23,864,113,0.8044936099828537
21,998,0,0.0,24,880,118,0.7965882664783007
13,1011,0,0.0,25,889,122,0.7887615824558879
15,1026,0,0.0,26,900,126,0.7810127752406908
29,1055,0,0.0,27,923,132,0.7733410699455306
40,1095,0,0.0,28,948,147,0.7657456993934846
43,1138,0,0.0,29,979,159,0.7582259040411682
100,1238,0,0.0,30,1055,183,0.7507809319027796
45,1283,0,0.0,31,1090,193,0.7434100384749007
27,1310,0,0.0,32,1114,196,0.7361124866620463
82,1392,0,0.0,33,1169,223,0.7288875467029541
63,1455,0,0.0,34,1215,240,0.7217344960976069
54,1509,0,0.0,35,1254,255,0.7146526195349836
12,1521,0,0.0,36,1263,258,0.7076412088215263
56,1577,0,0.0,37,1307,270,0.7006995628103208
31,1608,0,0.0,38,1328,280,0.6938269873309811
26,1634,0,0.0,39,1347,287,0.6870227951202322
26,1660,0,0.0,40,1368,292,0.680286305753183
8,1668,0,0.0,41,1375,293,0.6736168455752829
15,1683,0,0.0,42,1385,298,0.6670137476349562
80,1763,0,0.0,43,1437,326,0.6604763516169062
26,1789,0,0.0,44,1455,334,0.6540040037760834
25,1814,0,0.0,45,1471,343,0.64759605687231
44,1858,0,0.0,46,1497,361,0.6412518701055556
70,1928,0,0.0,47,1542,386,0.6349708090518567
25,1953,0,0.0,48,1561,392,0.6287522455998737
28,1981,0,0.0,49,1575,406,0.6225955578880794
47,2028,0,0.0,50,1603,425,0.616500130242572
61,2089,0,0.0,51,1640,449,0.6104653531155071
52,2141,0,0.0,52,1669,472,0.6044906230241432
50,2191,0,0.0,53,1702,489,0.5985753424904925
41,2232,0,0.0,54,1723,509,0.5927189199815717
53,2285,0,0.0,55,1754,531,0.5869207698502498
51,2336,0,0.0,56,1786,550,0.5811803122766818
35,2371,0,0.0,57,1808,563,0.5754969732103268
51,2422,0,0.0,58,1839,583,0.5698701843125418
77,2499,0,0.0,59,1890,609,0.564299382899748
22,2521,0,0.0,60,1903,618,0.558784011887162
53,2574,0,0.0,61,1932,642,0.5533235197330862
20,2594,0,0.0,62,1943,651,0.5479173603837548
23,2617,0,0.0,63,1956,661,0.5425649932187278
52,2669,0,0.0,64,1984,685,0.5372658829968282
35,2704,0,0.0,65,2002,702,0.5320194998026181
16,2720,0,0.0,66,2013,707,0.5268253189934059
47,2767,0,0.0,67,2035,732,0.5216828211467822
60,2827,0,0.0,68,2068,759,0.516591492008677
56,2883,0,0.0,69,2093,790,0.5115508224419336
53,2936,0,0.0,70,2116,820,0.5065603083753949
50,2986,0,0.0,71,2138,848,0.5016194507534953
51,3037,0,0.0,72,2163,874,0.49672775548635545
69,3106,0,0.0,73,2201,905,0.491884733400372
63,3169,0,0.0,74,2232,937,0.48708990018930043
94,3263,0,0.0,75,2283,980,0.48234277636582407
23,3286,0,0.0,76,2294,992,0.47764288721360454
26,3312,0,0.0,77,2305,1007,0.47298976273981014
56,3368,0,0.0,78,2330,1038,0.4683829376281158
28,3396,0,0.0,79,2344,1052,0.4638219511921713
80,3476,0,0.0,80,2371,1105,0.4593063473295323
54,3530,0,0.0,81,2395,1135,0.45483567447604933
99,3629,0,0.0,82,2439,1190,0.4504094855607117
50,3679,0,0.0,83,2465,1214,0.44602733796093924
100,3779,0,0.0,84,2514,1265,0.4416887934583202
60,3839,0,0.0,85,2543,1296,0.43739341819478894
39,3878,0,0.0,86,2558,1320,0.43314078262923944
91,3969,0,0.0,87,2591,1378,0.4289304614945713
21,3990,0,0.0,88,2602,1388,0.42476203375516264
44,4034,0,0.0,89,2620,1414,0.42063508256476556
84,4118,0,0.0,90,2658,1460,0.41654919522482203
35,4153,0,0.0,91,2672,1481,0.4125039631431931
47,4200,0,0.0,92,2691,1509,0.40849898179329963
29,4229,0,0.0,93,2705,1524,0.404533850673669
100,4329,0,0.0,94,2749,1580,0.40060817326788506
17,4346,0,0.0,95,2757,1589,0.3967215570049359
100,4446,0,0.0,96,2794,1652,0.3928736132199562
100,4546,0,0.0,97,2832,1714,0.38906395711536096
58,4604,0,0.0,98,2851,1753,0.38529220772236483
68,4672,0,0.0,99,2872,1800,0.3815579878628856
58,4730,0,0.0,100,2896,1834,0.37786092411182526
33,4763,0,0.0,101,2911,1852,0.3742006467597279
48,4811,0,0.0,102,2922,1889,0.3705767897758081
100,4911,0,0.0,103,2949,1962,0.3669889907713475
44,4955,0,0.0,104,2968,1987,0.36343689096345594
84,5039,0,0.0,105,2990,2049,0.35992013513919235
27,5066,0,0.0,106,2998,2068,0.35643837162004377
24,5090,0,0.0,107,3007,2083,0.3529912522267568
72,5162,0,0.0,108,3025,2137,0.34957843224451957
26,5188,0,0.0,109,3035,2153,0.34619957038848975
50,5238,0,0.0,110,3054,2184,0.34285432876966604
56,5294,0,0.0,111,3079,2215,0.3395423728610988
25,5319,0,0.0,112,3089,2230,0.3362633714644372
58,5377,0,0.0,113,3111,2266,0.33301699667680906
34,5411,0,0.0,114,3128,2283,0.3298029238580304
69,5480,0,0.0,115,3147,2333,0.3266208315981408
84,5564,0,0.0,116,3164,2400,0.32347040168526264
70,5634,0,0.0,117,3189,2445,0.3203513190737793
49,5683,0,0.0,118,3201,2482,0.3172632718528302
70,5753,0,0.0,119,3220,2533,0.31420595121511996
100,5853,0,0.0,120,3247,2606,0.311179051426037
64,5917,0,0.0,121,3269,2648,0.3081822697930801
79,5996,0,0.0,122,3295,2701,0.3052153066355885
52,6048,0,0.0,123,3312,2736,0.30227786525477407
33,6081,0,0.0,124,3321,2760,0.29936965190405085
51,6132,0,0.0,125,3338,2794,0.29649037575966014
49,6181,0,0.0,126,3354,2827,0.29363974889158817
77,6258,0,0.0,127,3375,2883,0.2908174862347727
41,6299,0,0.0,128,3390,2909,0.28802330556059597
50,6349,0,0.0,129,3406,2943,0.2852569274486622
36,6385,0,0.0,130,3418,2967,0.2825180752588548
26,6411,0,0.0,131,3426,2985,0.27980647510367246
83,6494,0,0.0,132,3446,3048,0.2771218558208399
100,6594,0,0.0,133,3471,3123,0.27446394894619186
66,6660,0,0.0,134,3496,3164,0.27183248868682575
75,6735,0,0.0,135,3507,3228,0.26922721189452276
77,6812,0,0.0,136,3532,3280,0.2666478580394326
66,6878,0,0.0,137,3547,3331,0.26409416918402034
82,6960,0,0.0,138,3568,3392,0.26156588995727226
66,7026,0,0.0,139,3586,3440,0.2590627675291589
100,7126,0,0.0,140,3611,3515,0.2565845515853515
100,7226,0,0.0,141,3631,3595,0.2541309943021904
47,7273,0,0.0,142,3639,3634,0.25170185032190273
87,7360,0,0.0,143,3662,3698,0.24929687672806608
54,7414,0,0.0,144,3680,3734,0.246915833021317
52,7466,0,0.0,145,3690,3776,0.24455848109530054
100,7566,0,0.0,146,3704,3862,0.2422245852128597
55,7621,0,0.0,147,3714,3907,0.23991391198246126
100,7721,0,0.0,148,3731,3990,0.2376262303348566
58,7779,0,0.0,149,3743,4036,0.2353613114999746
90,7869,0,0.0,150,3760,4109,0.23311892898404435
53,7922,0,0.0,151,3771,4151,0.23089885854694553
46,7968,0,0.0,152,3780,4188,0.22870087817978443
61,8029,0,0.0,153,3793,4236,0.22652476808269262
100,8129,0,0.0,154,3816,4313,0.22437031064284702
50,8179,0,0.0,155,3830,4349,0.22223729041270818
63,8242,0,0.0,156,3843,4399,0.22012549408847562
59,8301,0,0.0,157,3858,4443,0.21803471048875708
53,8354,0,0.0,158,3872,4482,0.21596473053345028
59,8413,0,0.0,159,3883,4530,0.21391534722283462
82,8495,0,0.0,160,3904,4591,0.2118863556168713
42,8537,0,0.0,161,3916,4621,0.20987755281470882
88,8625,0,0.0,162,3941,4684,0.20788873793439305
59,8684,0,0.0,163,3956,4728,0.2059197120927785
66,8750,0,0.0,164,3971,4779,0.20397027838564025
100,8850,0,0.0,165,3991,4859,0.20204024186798297
51,8901,0,0.0,166,4000,4901,0.20012940953454655
69,8970,0,0.0,167,4013,4957,0.1982375903005053
59,9029,0,0.0,168,4021,5008,0.19636459498235934
64,9093,0,0.0,169,4032,5061,0.19451023627901587
59,9152,0,0.0,170,4042,5110,0.19267432875305937
50,9202,0,0.0,171,4053,5149,0.19085668881220733
37,9239,0,0.0,172,4057,5182,0.1890571346909509
24,9263,0,0.0,173,4063,5200,0.1872754864323783
15,9278,0,0.0,174,4068,5210,0.18551156587017906
71,9349,0,0.0,175,4083,5266,0.1837651966108269
76,9425,0,0.0,176,4092,5333,0.1820362040159407
68,9493,0,0.0,177,4105,5388,0.18032441518482004
76,9569,0,0.0,178,4117,5452,0.17862965893715535
64,9633,0,0.0,179,4128,5505,0.17695176579590954
60,9693,0,0.0,180,4137,5556,0.1752905679703703
100,9793,0,0.0,181,4150,5643,0.17364589933937066
82,9875,0,0.0,182,4159,5716,0.172017595434677
68,9943,0,0.0,183,4169,5774,0.17040549342454195
100,10043,0,0.0,184,4194,5849,0.16880943209742102
79,10122,0,0.0,185,4210,5912,0.16722925184585147
87,10209,0,0.0,186,4226,5983,0.16566479465049133
100,10309,0,0.0,187,4240,6069,0.16411590406431734
100,10409,0,0.0,188,4258,6151,0.1625824251969801
58,10467,0,0.0,189,4266,6201,0.16106420469931504
38,10505,0,0.0,190,4272,6233,0.15956109074800714
100,10605,0,0.0,191,4291,6314,0.1580729330304087
100,10705,0,0.0,192,4309,6396,0.15659958272950783
62,10767,0,0.0,193,4318,6449,0.15514089250904667
100,10867,0,0.0,194,4337,6530,0.1536967164987875
79,10946,0,0.0,195,4347,6599,0.1522669102799259
50,10996,0,0.0,196,4358,6638,0.15085133087064845
57,11053,0,0.0,197,4366,6687,0.14944983671183457
50,11103,0,0.0,198,4377,6726,0.14806228765290044
49,11152,0,0.0,199,4383,6769,0.1466885449377839
88,11240,0,0.0,200,4396,6844,0.14532847119106862
56,11296,0,0.0,201,4407,6889,0.1439819304042466
100,11396,0,0.0,202,4415,6981,0.14264878792211688
51,11447,0,0.0,203,4423,7024,0.1413289104293205
68,11515,0,0.0,204,4429,7086,0.14002216593700811
76,11591,0,0.0,205,4437,7154,0.13872842376964165
100,11691,0,0.0,206,4454,7237,0.1374475545519262
80,11771,0,0.0,207,4468,7303,0.13617943019587256
78,11849,0,0.0,208,4478,7371,0.13492392388798838
100,11949,0,0.0,209,4486,7463,0.13368091007659658
100,12049,0,0.0,210,4500,7549,0.1324502644592803
89,12138,0,0.0,211,4512,7626,0.13123186397045208
100,12238,0,0.0,212,4522,7716,0.13002558676904785
61,12299,0,0.0,213,4531,7768,0.12883131222634217
72,12371,0,0.0,214,4536,7835,0.12764892091388555
100,12471,0,0.0,215,4545,7926,0.1264782945915614
68,12539,0,0.0,216,4554,7985,0.125319316195762
84,12623,0,0.0,217,4564,8059,0.12417186982768189
100,12723,0,0.0,218,4573,8150,0.12303584074172813
64,12787,0,0.0,219,4583,8204,0.12191111533404535
52,12839,0,0.0,220,4588,8251,0.12079758113115559
100,12939,0,0.0,221,4596,8343,0.11969512677871053
85,13024,0,0.0,222,4604,8420,0.11860364203035628
100,13124,0,0.0,223,4616,8508,0.11752301773670837
70,13194,0,0.0,224,4626,8568,0.116453145834437
70,13264,0,0.0,225,4635,8629,0.11539391933546027
91,13355,0,0.0,226,4642,8713,0.11434523231624569
85,13440,0,0.0,227,4655,8785,0.11330697990721733
74,13514,0,0.0,228,4668,8846,0.1122790582822692
69,13583,0,0.0,229,4675,8908,0.11126136464838206
83,13666,0,0.0,230,4679,8987,0.11025379723534455
58,13724,0,0.0,231,4685,9039,0.10925625528557566
43,13767,0,0.0,232,4695,9072,0.1082686390440492
71,13838,0,0.0,233,4701,9137,0.10729084974831793
100,13938,0,0.0,234,4716,9222,0.10632278961863742
100,14038,0,0.0,235,4725,9313,0.10536436184818809
84,14122,0,0.0,236,4738,9384,0.10441547059339411
86,14208,0,0.0,237,4746,9462,0.10347602096433932
100,14308,0,0.0,238,4755,9553,0.10254591901527788
100,14408,0,0.0,239,4765,9643,0.10162507173523985
100,14508,0,0.0,240,4779,9729,0.10071338703872978
83,14591,0,0.0,241,4792,9799,0.09981077375651838
100,14691,0,0.0,242,4804,9887,0.09891714162652515
72,14763,0,0.0,243,4813,9950,0.09803240128479247
88,14851,0,0.0,244,4824,10027,0.09715646425654882
100,14951,0,0.0,245,4834,10117,0.09628924294736148
100,15051,0,0.0,246,4846,10205,0.09543065063437678
100,15151,0,0.0,247,4856,10295,0.09458060145764802
50,15201,0,0.0,248,4862,10339,0.09373901041154904
61,15262,0,0.0,249,4869,10393,0.092905793336274
58,15320,0,0.0,250,4880,10440,0.09208086690942092
52,15372,0,0.0,251,4882,10490,0.0912641486376598
100,15472,0,0.0,252,4890,10582,0.09045555684848275
100,15572,0,0.0,253,4895,10677,0.08965501068203711
100,15672,0,0.0,254,4905,10767,0.08886243008303903
76,15748,0,0.0,255,4916,10832,0.08807773579276819
52,15800,0,0.0,256,4917,10883,0.08730084934114159
66,15866,0,0.0,257,4920,10946,0.08653169303886674
86,15952,0,0.0,258,4926,11026,0.0857701899696724
69,16021,0,0.0,259,4931,11090,0.08501626398261702
100,16121,0,0.0,260,4942,11179,0.0842698396844737
100,16221,0,0.0,261,4951,11270,0.08353084243219053
67,16288,0,0.0,262,4955,11333,0.08279919832542652
100,16388,0,0.0,263,4966,11422,0.08207483419916123
89,16477,0,0.0,264,4972,11505,0.08135767761637844
58,16535,0,0.0,265,4977,11558,0.08064765686082219
73,16608,0,0.0,266,4980,11628,0.0799447009298253
85,16693,0,0.0,267,4990,11703,0.0792487395272088
75,16768,0,0.0,268,4996,11772,0.07855970305625253
58,16826,0,0.0,269,4997,11829,0.07787752261273513
100,16926,0,0.0,270,5006,11920,0.07720212997804382
87,17013,0,0.0,271,5015,11998,0.07653345761235225
100,17113,0,0.0,272,5020,12093,0.07587143864786668
85,17198,0,0.0,273,5027,12171,0.07521600688213892
64,17262,0,0.0,274,5032,12230,0.07456709677144624
100,17362,0,0.0,275,5040,12322,0.07392464342423678
93,17455,0,0.0,276,5048,12407,0.0732885825946405
65,17520,0,0.0,277,5055,12465,0.07265885067604429
84,17604,0,0.0,278,5064,12540,0.07203538469473161
100,17704,0,0.0,279,5067,12637,0.0714181223035847
100,17804,0,0.0,280,5076,12728,0.07080700177585013
72,17876,0,0.0,281,5081,12795,0.07020196199896576
100,17976,0,0.0,282,5084,12892,0.06960294246844981
58,18034,0,0.0,283,5086,12948,0.06900988328184997
100,18134,0,0.0,284,5099,13035,0.06842272513275337
100,18234,0,0.0,285,5108,13126,0.06784140930485581
100,18334,0,0.0,286,5115,13219,0.06726587766609007
100,18434,0,0.0,287,5119,13315,0.06669607266281269
100,18534,0,0.0,288,5128,13406,0.06613193731404843
100,18634,0,0.0,289,5133,13501,0.06557341520579238
100,18734,0,0.0,290,5140,13594,0.06502045048536823
100,18834,0,0.0,291,5150,13684,0.06447298785584316
100,18934,0,0.0,292,5155,13779,0.06393097257049796
100,19034,0,0.0,293,5162,13872,0.06339435042735246
100,19134,0,0.0,294,5169,13965,0.06286306776374512
100,19234,0,0.0,295,5174,14060,0.06233707145096687
51,19285,0,0.0,296,5179,14106,0.06181630888894806
82,19367,0,0.0,297,5188,14179,0.061300728000998575
100,19467,0,0.0,298,5195,14272,0.06079027722859992
100,19567,0,0.0,299,5202,14365,0.060284905526249516
100,19667,0,0.0,300,5207,14460,0.05978456235635595
100,19767,0,0.0,301,5212,14555,0.05928919768418531
100,19867,0,0.0,302,5220,14647,0.05879876197285753
100,19967,0,0.0,303,5227,14740,0.058313206178392835
72,20039,0,0.0,304,5232,14807,0.05783248174480709
100,20139,0,0.0,305,5238,14901,0.057356540599256385
79,20218,0,0.0,306,5246,14972,0.0568853351472295
75,20293,0,0.0,307,5252,15041,0.0564188182677886
100,20393,0,0.0,308,5256,15137,0.05595694330885694
73,20466,0,0.0,309,5261,15205,0.05549966408255377
72,20538,0,0.0,310,5265,15273,0.05504693486057535
100,20638,0,0.0,311,5269,15369,0.05459871036962222
76,20714,0,0.0,312,5277,15437,0.05415494578687179
100,20814,0,0.0,313,5282,15532,0.05371559673549593
100,20914,0,0.0,314,5287,15627,0.053280619280223436
100,21014,0,0.0,315,5291,15723,0.05284996992294624
54,21068,0,0.0,316,5296,15772,0.05242360559836979
100,21168,0,0.0,317,5298,15870,0.05200148366970627
100,21268,0,0.0,318,5304,15964,0.051583561924411096
69,21337,0,0.0,319,5309,16028,0.05116979856996143
100,21437,0,0.0,320,5313,16124,0.050760152229677065
100,21537,0,0.0,321,5317,16220,0.05035458193858255
100,21637,0,0.0,322,5322,16315,0.049953047139310834
100,21737,0,0.0,323,5329,16408,0.04955550767804736
100,21837,0,0.0,324,5333,16504,0.04916192380051474
100,21937,0,0.0,325,5337,16600,0.0487722561479972
100,22037,0,0.0,326,5343,16694,0.04838646575340479
68,22105,0,0.0,327,5352,16753,0.04800451403737654
100,22205,0,0.0,328,5356,16849,0.04762636280442257
100,22305,0,0.0,329,5360,16945,0.04725197423910444
100,22405,0,0.0,330,5370,17035,0.04688131090225365
95,22500,0,0.0,331,5379,17121,0.046514335727227595
75,22575,0,0.0,332,5383,17192,0.046151012016203
100,22675,0,0.0,333,5385,17290,0.04579130343650595
100,22775,0,0.0,334,5388,17387,0.04543517401697875
100,22875,0,0.0,335,5394,17481,0.04508258814438266
82,22957,0,0.0,336,5401,17556,0.04473351055983658
100,23057,0,0.0,337,5403,17654,0.044387906355291176
58,23115,0,0.0,338,5406,17709,0.04404574097003798
68,23183,0,0.0,339,5416,17767,0.04370698018725335
100,23283,0,0.0,340,5419,17864,0.043371590130576676
100,23383,0,0.0,341,5419,17964,0.04303953726072282
100,23483,0,0.0,342,5422,18061,0.042710788372128064
100,23583,0,0.0,343,5428,18155,0.042385310589629625
100,23683,0,0.0,344,5432,18251,0.04206307136517797
100,23783,0,0.0,345,5436,18347,0.04174403847458216
100,23883,0,0.0,346,5440,18443,0.04142818001428726
100,23983,0,0.0,347,5444,18539,0.04111546439818403
100,24083,0,0.0,348,5446,18637,0.04080586035445025
64,24147,0,0.0,349,5449,18698,0.040499336922423565
100,24247,0,0.0,350,5451,18796,0.040195863449505306
100,24347,0,0.0,351,5456,18891,0.039895409588095315
92,24439,0,0.0,352,5464,18975,0.039597945292557044
100,24539,0,0.0,353,5469,19070,0.03930344081621308
100,24639,0,0.0,354,5473,19166,0.03901186670837034
100,24739,0,0.0,355,5479,19260,0.03872319381137508
100,24839,0,0.0,356,5483,19356,0.03843739325769703
92,24931,0,0.0,357,5487,19444,0.03815443646704266
100,25031,0,0.0,358,5491,19540,0.03787429514349709
100,25131,0,0.0,359,5495,19636,0.03759694127269454
57,25188,0,0.0,360,5498,19690,0.037322347119016795
58,25246,0,0.0,361,5500,19746,0.03705048522281963
59,25305,0,0.0,362,5505,19800,0.03678132839768691
51,25356,0,0.0,363,5507,19849,0.036514849727711796
100,25456,0,0.0,364,5511,19945,0.03625102256480524
100,25556,0,0.0,365,5512,20044,0.03598982052603108
100,25656,0,0.0,366,5514,20142,0.0357312174909678
100,25756,0,0.0,367,5517,20239,0.03547518759909634
100,25856,0,0.0,368,5518,20338,0.035221705247214206
56,25912,0,0.0,369,5523,20389,0.03497074508687494
100,26012,0,0.0,370,5527,20485,0.034722282021853394
100,26112,0,0.0,371,5531,20581,0.034476291205635994
87,26199,0,0.0,372,5534,20665,0.034232748038936146
100,26299,0,0.0,373,5537,20762,0.0339916281672342
100,26399,0,0.0,374,5540,20859,0.03375290747834208
100,26499,0,0.0,375,5545,20954,0.033516562099991945
100,26599,0,0.0,376,5546,21053,0.03328256839744902
100,26699,0,0.0,377,5548,21151,0.03305090297114803
72,26771,0,0.0,378,5553,21218,0.03282154265435332
51,26822,0,0.0,379,5556,21266,0.03259446451084204
100,26922,0,0.0,380,5557,21365,0.03236964583261064
50,26972,0,0.0,381,5558,21414,0.03214706413760394
74,27046,0,0.0,382,5560,21486,0.03192669716746694
100,27146,0,0.0,383,5560,21586,0.031708522885318995
72,27218,0,0.0,384,5562,21656,0.031492519473550085
100,27318,0,0.0,385,5562,21756,0.031278665331639026
100,27418,0,0.0,386,5565,21853,0.031066939073993396
100,27518,0,0.0,387,5566,21952,0.030857319527811018
100,27618,0,0.0,388,5567,22051,0.030649785730962574
49,27667,0,0.0,389,5570,22097,0.030444316929895437
100,27767,0,0.0,390,5573,22194,0.030240892577558277
100,27867,0,0.0,391,5575,22292,0.030039492331346347
100,27967,0,0.0,392,5579,22388,0.029840096051067175
100,28067,0,0.0,393,5580,22487,0.029642683796926583
100,28167,0,0.0,394,5582,22585,0.02944723582753464
100,28267,0,0.0,395,5585,22682,0.029253732597931535
100,28367,0,0.0,396,5590,22777,0.029062154757633053
66,28433,0,0.0,397,5594,22839,0.02887248314869552
100,28533,0,0.0,398,5595,22938,0.028684698803799973
100,28633,0,0.0,399,5596,23037,0.02849878294435545
100,28733,0,0.0,400,5599,23134,0.02831471697862105
100,28833,0,0.0,401,5601,23232,0.028132482499846838
100,28933,0,0.0,402,5602,23331,0.027952061284433068
59,28992,0,0.0,403,5604,23388,0.02777343529010782
100,29092,0,0.0,404,5605,23487,0.027596586654122846
70,29162,0,0.0,405,5607,23555,0.027421497691467157
100,29262,0,0.0,406,5607,23655,0.02724815089309858
86,29348,0,0.0,407,5608,23740,0.0270765289241928
100,29448,0,0.0,408,5611,23837,0.026906614622409945
100,29548,0,0.0,409,5613,23935,0.026738390996178224
100,29648,0,0.0,410,5616,24032,0.026571841222994823
100,29748,0,0.0,411,5619,24129,0.026406948647743643
100,29848,0,0.0,412,5621,24227,0.026243696781029717
100,29948,0,0.0,413,5623,24325,0.026082069297530375
100,30048,0,0.0,414,5625,24423,0.02592205003436255
58,30106,0,0.0,415,5627,24479,0.025763622989466578
87,30193,0,0.0,416,5629,24564,0.025606772320005942
100,30293,0,0.0,417,5632,24661,0.025451482340783003
100,30393,0,0.0,418,5635,24758,0.02529773752267042
100,30493,0,0.0,419,5635,24858,0.025145522491058264
58,30551,0,0.0,420,5638,24913,0.02499482202431651
100,30651,0,0.0,421,5640,25011,0.024845621052272927
100,30751,0,0.0,422,5643,25108,0.024697904654705963
68,30819,0,0.0,423,5648,25171,0.024551658059852766
100,30919,0,0.0,424,5651,25268,0.024406866642931964
100,31019,0,0.0,425,5652,25367,0.024263515924681227
100,31119,0,0.0,426,5653,25466,0.024121591569909263
100,31219,0,0.0,427,5655,25564,0.023981079386062323
100,31319,0,0.0,428,5658,25661,0.023841965321804916
100,31419,0,0.0,429,5659,25760,0.023704235465614704
85,31504,0,0.0,430,5662,25842,0.023567876044391298
100,31604,0,0.0,431,5665,25939,0.023432873422078924
100,31704,0,0.0,432,5666,26038,0.02329921409830285
100,31804,0,0.0,433,5669,26135,0.02316688470701933
100,31904,0,0.0,434,5674,26230,0.023035872015178954
100,32004,0,0.0,435,5675,26329,0.022906162921403357
100,32104,0,0.0,436,5680,26424,0.022777744454675064
100,32204,0,0.0,437,5682,26522,0.0226506037730404
100,32304,0,0.0,438,5684,26620,0.02252472816232525
100,32404,0,0.0,439,5686,26718,0.022400105034863643
100,32504,0,0.0,440,5686,26818,0.02227672192823897
100,32604,0,0.0,441,5691,26913,0.02215456650403775
56,32660,0,0.0,442,5693,26967,0.022033626546615788
100,32760,0,0.0,443,5698,27062,0.021913889961876536
100,32860,0,0.0,444,5699,27161,0.02179534477606175
100,32960,0,0.0,445,5702,27258,0.02167797913455405
100,33060,0,0.0,446,5704,27356,0.021561781300691488
74,33134,0,0.0,447,5707,27427,0.02144673965459385
100,33234,0,0.0,448,5710,27524,0.021332842692000656
100,33334,0,0.0,449,5712,27622,0.021220079023120713
100,33434,0,0.0,450,5713,27721,0.02110843737149319
100,33534,0,0.0,451,5714,27820,0.02099790657285988
100,33634,0,0.0,452,5717,27917,0.020888475574048812
100,33734,0,0.0,453,5718,28016,0.020780133431868894
100,33834,0,0.0,454,5720,28114,0.020672869312015653
100,33934,0,0.0,455,5724,28210,0.020566672487987697
100,34034,0,0.0,456,5726,28308,0.02046153234001413
100,34134,0,0.0,457,5728,28406,0.02035743835399253
100,34234,0,0.0,458,5730,28504,0.020254380120437558
100,34334,0,0.0,459,5731,28603,0.02015234733343998
100,34434,0,0.0,460,5732,28702,0.020051329789636065
100,34534,0,0.0,461,5734,28800,0.01995131738718724
100,34634,0,0.0,462,5737,28897,0.019852300124769934
60,34694,0,0.0,463,5738,28956,0.019754268100575387
100,34794,0,0.0,464,5739,29055,0.019657211511319474
100,34894,0,0.0,465,5743,29151,0.0195611206512624
58,34952,0,0.0,466,5744,29208,0.01946598591123807
100,35052,0,0.0,467,5747,29305,0.01937179777769322
100,35152,0,0.0,468,5747,29405,0.019278546831735997
100,35252,0,0.0,469,5749,29503,0.019186223748194096
100,35352,0,0.0,470,5754,29598,0.01909481929468222
100,35452,0,0.0,471,5756,29696,0.019004324330678855
100,35552,0,0.0,472,5757,29795,0.018914729806612192
100,35652,0,0.0,473,5757,29895,0.01882602676295516
100,35752,0,0.0,474,5759,29993,0.018738206329329453
85,35837,0,0.0,475,5761,30076,0.018651259723618557
100,35937,0,0.0,476,5764,30173,0.01856517825108943
100,36037,0,0.0,477,5767,30270,0.018479953303523082
100,36137,0,0.0,478,5768,30369,0.018395576358353725
100,36237,0,0.0,479,5772,30465,0.018312038977816556
100,36337,0,0.0,480,5774,30563,0.018229332808103887
100,36437,0,0.0,481,5776,30661,0.01814744957852983
100,36537,0,0.0,482,5777,30760,0.01806638110070318
93,36630,0,0.0,483,5781,30849,0.01798611926770862
100,36730,0,0.0,484,5782,30948,0.017906656053295947
79,36809,0,0.0,485,5785,31024,0.017827983511077505
100,36909,0,0.0,486,5787,31122,0.01775009377373351
52,36961,0,0.0,487,5788,31173,0.017672979052225327
100,37061,0,0.0,488,5790,31271,0.017596631635016534
100,37161,0,0.0,489,5791,31370,0.01752104388730179
100,37261,0,0.0,490,5793,31468,0.017446208250243338
100,37361,0,0.0,491,5793,31568,0.017372117240215094
100,37461,0,0.0,492,5796,31665,0.01729876344805433
100,37561,0,0.0,493,5797,31764,0.0172261395383207
100,37661,0,0.0,494,5799,31862,0.017154238248562697
100,37761,0,0.0,495,5801,31960,0.017083052388591435
100,37861,0,0.0,496,5804,32057,0.017012574839761596
100,37961,0,0.0,497,5807,32154,0.01694279855425957
100,38061,0,0.0,498,5810,32251,0.016873716554398652
100,38161,0,0.0,499,5814,32347,0.016805321931921288
100,38261,0,0.0,500,5816,32445,0.01673760784730824
100,38361,0,0.0,501,5816,32545,0.016670567529094613
100,38461,0,0.0,502,5819,32642,0.01660419427319272
100,38561,0,0.0,503,5821,32740,0.016538481442221656
100,38661,0,0.0,504,5823,32838,0.016473422464843575
100,38761,0,0.0,505,5825,32936,0.01640901083510651
100,38861,0,0.0,506,5826,33035,0.01634524011179382
100,38961,0,0.0,507,5828,33133,0.016282103917780018
100,39061,0,0.0,508,5830,33231,0.01621959593939311
100,39161,0,0.0,509,5832,33329,0.016157709925783147
100,39261,0,0.0,510,5835,33426,0.016096439688297208
100,39361,0,0.0,511,5837,33524,0.016035779099860478
100,39461,0,0.0,512,5839,33622,0.01597572209436357
100,39561,0,0.0,513,5843,33718,0.015916262666055885
100,39661,0,0.0,514,5844,33817,0.015857394868945038
100,39761,0,0.0,515,5845,33916,0.015799112816202266
100,39861,0,0.0,516,5846,34015,0.01574141067957372
100,39961,0,0.0,517,5847,34114,0.01568428268879766
100,40061,0,0.0,518,5850,34211,0.0156277231310274
100,40161,0,0.0,519,5850,34311,0.015571726350260025
100,40261,0,0.0,520,5850,34411,0.015516286746770792
64,40325,0,0.0,521,5854,34471,0.015461398776553163
82,40407,0,0.0,522,5855,34552,0.015407056950764372
100,40507,0,0.0,523,5856,34651,0.01535325583517655
100,40607,0,0.0,524,5856,34751,0.015299990049633304
100,40707,0,0.0,525,5856,34851,0.015247254267511699
100,40807,0,0.0,526,5857,34950,0.015195043215189571
100,40907,0,0.0,527,5858,35049,0.015143351671518179
58,40965,0,0.0,528,5859,35106,0.015092174467300075
58,41023,0,0.0,529,5860,35163,0.015041506484772198
100,41123,0,0.0,530,5860,35263,0.01499134265709407
100,41223,0,0.0,531,5860,35363,0.014941677967841115
88,41311,0,0.0,532,5863,35448,0.01489250745050302
100,41411,0,0.0,533,5863,35548,0.014843826187987082
100,41511,0,0.0,534,5864,35647,0.014795629312126479
100,41611,0,0.0,535,5864,35747,0.014747912003193458
100,41711,0,0.0,536,5867,35844,0.014700669489417359
100,41811,0,0.0,537,5869,35942,0.014653897046507443
100,41911,0,0.0,538,5872,36039,0.01460758999718044
100,42011,0,0.0,539,5872,36139,0.014561743710692824
100,42111,0,0.0,540,5872,36239,0.014516353602377746
100,42211,0,0.0,541,5874,36337,0.01447141513318654
100,42311,0,0.0,542,5875,36436,0.014426923809234849
100,42411,0,0.0,543,5875,36536,0.014382875181353196
100,42511,0,0.0,544,5876,36635,0.01433926484464209
100,42611,0,0.0,545,5877,36734,0.014296088438031505
70,42681,0,0.0,546,5878,36803,0.014253341643844817
100,42781,0,0.0,547,5879,36902,0.014211020187366974
100,42881,0,0.0,548,5881,37000,0.014169119836417065
100,42981,0,0.0,549,5882,37099,0.01412763640092507
100,43081,0,0.0,550,5885,37196,0.014086565732512882
100,43181,0,0.0,551,5886,37295,0.014045903724079427
100,43281,0,0.0,552,5887,37394,0.014005646309389977
54,43335,0,0.0,553,5889,37446,0.013965789462669513
100,43435,0,0.0,554,5891,37544,0.013926329198200155
100,43535,0,0.0,555,5892,37643,0.013887261569922569
68,43603,0,0.0,556,5894,37709,0.01384858267104137
100,43703,0,0.0,557,5896,37807,0.013810288633634434
58,43761,0,0.0,558,5897,37864,0.013772375628266116
100,43861,0,0.0,559,5899,37962,0.013734839863604284
100,43961,0,0.0,560,5901,38060,0.013697677586041186
100,44061,0,0.0,561,5904,38157,0.0136608850793181
100,44161,0,0.0,562,5904,38257,0.013624458664153696
100,44261,0,0.0,563,5906,38355,0.013588394697876097
100,44361,0,0.0,564,5907,38454,0.013552689574058628
100,44461,0,0.0,565,5908,38553,0.013517339722159148
100,44561,0,0.0,566,5908,38653,0.013482341607163007
100,44661,0,0.0,567,5908,38753,0.013447691729229546
100,44761,0,0.0,568,5909,38852,0.013413386623342096
100,44861,0,0.0,569,5909,38952,0.013379422858961477
93,44954,0,0.0,570,5910,39044,0.013345797039682946
100,45054,0,0.0,571,5911,39143,0.01331250580289656
100,45154,0,0.0,572,5911,39243,0.013279545819450893
100,45254,0,0.0,573,5912,39342,0.013246913793320138
100,45354,0,0.0,574,5912,39442,0.01321460646127448
100,45454,0,0.0,575,5914,39540,0.013182620592553802
100,45554,0,0.0,576,5915,39639,0.01315095298854457
100,45654,0,0.0,577,5915,39739,0.013119600482459998
100,45754,0,0.0,578,5917,39837,0.013088559939023343
100,45854,0,0.0,579,5917,39937,0.013057828254154401
100,45954,0,0.0,580,5920,40034,0.013027402354659073
100,46054,0,0.0,581,5920,40134,0.012997279197922058
100,46154,0,0.0,582,5920,40234,0.012967455771602571
56,46210,0,0.0,583,5921,40289,0.012937929093333135
100,46310,0,0.0,584,5922,40388,0.012908696210421315
100,46410,0,0.0,585,5923,40487,0.012879754199554458
100,46510,0,0.0,586,5924,40586,0.012851100166507357
100,46610,0,0.0,587,5925,40685,0.012822731245852837
100,46710,0,0.0,588,5925,40785,0.012794644600675184
100,46810,0,0.0,589,5925,40885,0.012766837422286476
100,46910,0,0.0,590,5927,40983,0.012739306929945703
100,47010,0,0.0,591,5928,41082,0.012712050370580685
100,47110,0,0.0,592,5928,41182,0.012685065018512777
100,47210,0,0.0,593,5929,41281,0.012658348175184284
100,47310,0,0.0,594,5930,41380,0.012631897168888604
100,47410,0,0.0,595,5930,41480,0.012605709354503067
100,47510,0,0.0,596,5932,41578,0.012579782113224414
100,47610,0,0.0,597,5933,41677,0.012554112852306908
100,47710,0,0.0,598,5935,41775,0.012528699004803068
100,47810,0,0.0,599,5935,41875,0.012503538029306963
100,47910,0,0.0,600,5935,41975,0.012478627409700078
100,48010,0,0.0,601,5935,42075,0.012453964654899695
100,48110,0,0.0,602,5935,42175,0.012429547298609778
100,48210,0,0.0,603,5936,42274,0.01240537289907435
100,48310,0,0.0,604,5937,42373,0.012381439038833314
100,48410,0,0.0,605,5941,42469,0.012357743324480702
100,48510,0,0.0,606,5941,42569,0.01233428338642533
100,48610,0,0.0,607,5942,42668,0.012311056878653841
100,48710,0,0.0,608,5942,42768,0.012288061478496108
100,48810,0,0.0,609,5944,42866,0.012265294886392948
100,48910,0,0.0,610,5945,42965,0.01224275482566618
100,49010,0,0.0,611,5946,43064,0.012220439042290943
100,49110,0,0.0,612,5947,43163,0.012198345304670311
100,49210,0,0.0,613,5948,43262,0.012176471403412107
100,49310,0,0.0,614,5949,43361,0.012154815151107974
100,49410,0,0.0,615,5949,43461,0.012133374382114637
100,49510,0,0.0,616,5950,43560,0.012112146952337331
100,49610,0,0.0,617,5950,43660,0.012091130739015387
100,49710,0,0.0,618,5950,43760,0.012070323640509958
100,49810,0,0.0,619,5951,43859,0.012049723576093858
86,49896,0,0.0,620,5954,43942,0.012029328485743472
100,49996,0,0.0,621,5956,44040,0.012009136329932777
100,50096,0,0.0,622,5957,44139,0.01198914508942936
100,50196,0,0.0,623,5961,44235,0.011969352765092513
100,50296,0,0.0,624,5961,44335,0.011949757377673304
100,50396,0,0.0,625,5961,44435,0.01193035696761667
100,50496,0,0.0,626,5962,44534,0.011911149594865432
78,50574,0,0.0,627,5965,44609,0.011892133338666311
100,50674,0,0.0,628,5965,44709,0.01187330629737784
100,50774,0,0.0,629,5968,44806,0.011854666588280199
100,50874,0,0.0,630,5968,44906,0.011836212347386948
100,50974,0,0.0,631,5969,45005,0.011817941729258619
100,51074,0,0.0,632,5970,45104,0.011799852906818169
100,51174,0,0.0,633,5971,45203,0.011781944071168286
100,51274,0,0.0,634,5971,45303,0.011764213431410478
100,51374,0,0.0,635,5972,45402,0.011746659214465993
100,51474,0,0.0,636,5972,45502,0.011729279664898506
100,51574,0,0.0,637,5973,45601,0.011712073044738584
100,51674,0,0.0,638,5973,45701,0.011695037633309868
100,51774,0,0.0,639,5975,45799,0.011678171727057018
100,51874,0,0.0,640,5976,45898,0.011661473639375353
89,51963,0,0.0,641,5978,45985,0.011644941700442194
100,52063,0,0.0,642,5978,46085,0.011628574257049868
100,52163,0,0.0,643,5979,46184,0.011612369672440398
100,52263,0,0.0,644,5979,46284,0.011596326326141817
100,52363,0,0.0,645,5979,46384,0.011580442613806126
100,52463,0,0.0,646,5982,46481,0.011564716947048855
100,52563,0,0.0,647,5982,46581,0.011549147753290225
100,52663,0,0.0,648,5983,46680,0.011533733475597885
100,52763,0,0.0,649,5984,46779,0.011518472572531219
100,52863,0,0.0,650,5985,46878,0.011503363517987204
100,52963,0,0.0,651,5985,46978,0.011488404801047796
100,53063,0,0.0,652,5985,47078,0.011473594925828836
100,53163,0,0.0,653,5985,47178,0.011458932411330456
58,53221,0,0.0,654,5986,47235,0.01144441579128899
100,53321,0,0.0,655,5988,47333,0.011430043614030338
100,53421,0,0.0,656,5988,47433,0.011415814442324796
100,53521,0,0.0,657,5992,47529,0.011401726853243335
100,53621,0,0.0,658,5992,47629,0.011387779438015309
100,53721,0,0.0,659,5992,47729,0.011373970801887569
72,53793,0,0.0,660,5993,47800,0.011360299563985
100,53893,0,0.0,661,5994,47899,0.011346764357172414
100,53993,0,0.0,662,5995,47998,0.011333363827917855
100,54093,0,0.0,663,5995,48098,0.011320096636157226
100,54193,0,0.0,664,5996,48197,0.011306961455160297
100,54293,0,0.0,665,5997,48296,0.011293956971398022
100,54393,0,0.0,666,5998,48395,0.01128108188441119
100,54493,0,0.0,667,5998,48495,0.01126833490668037
100,54593,0,0.0,668,5998,48595,0.011255714763497167
100,54693,0,0.0,669,6001,48692,0.011243220192836747
100,54793,0,0.0,670,6002,48791,0.011230849945231628
100,54893,0,0.0,671,6003,48890,0.011218602783646746
100,54993,0,0.0,672,6005,48988,0.011206477483355735
100,55093,0,0.0,673,6009,49084,0.01119447283181846
100,55193,0,0.0,674,6009,49184,0.011182587628559764
100,55293,0,0.0,675,6009,49284,0.011170820685049418
100,55393,0,0.0,676,6011,49382,0.011159170824583262
100,55493,0,0.0,677,6012,49481,0.011147636882165546
100,55593,0,0.0,678,6014,49579,0.011136217704392411
100,55693,0,0.0,679,6014,49679,0.011124912149336568
100,55793,0,0.0,680,6016,49777,0.01111371908643309
100,55893,0,0.0,681,6018,49875,0.011102637396366355
100,55993,0,0.0,682,6020,49973,0.011091665970958125
87,56080,0,0.0,683,6021,50059,0.011080803713056716
68,56148,0,0.0,684,6023,50125,0.011070049536427285
100,56248,0,0.0,685,6025,50223,0.011059402365643208
100,56348,0,0.0,686,6026,50322,0.011048861135978534
100,56448,0,0.0,687,6026,50422,0.011038424793301511
100,56548,0,0.0,688,6026,50522,0.011028092293969175
100,56648,0,0.0,689,6030,50618,0.011017862604722983
100,56748,0,0.0,690,6032,50716,0.011007734702585483
100,56848,0,0.0,691,6032,50816,0.010997707574758025
100,56948,0,0.0,692,6035,50913,0.010987780218519469
100,57048,0,0.0,693,6036,51012,0.010977951641125918
100,57148,0,0.0,694,6036,51112,0.010968220859711442
100,57248,0,0.0,695,6037,51211,0.010958586901189789
58,57306,0,0.0,696,6038,51268,0.01094904880215708
100,57406,0,0.0,697,6038,51368,0.010939605608795464
100,57506,0,0.0,698,6039,51467,0.010930256376777735
100,57606,0,0.0,699,6040,51566,0.010921000171172899
85,57691,0,0.0,700,6041,51650,0.010911836066352685
100,57791,0,0.0,701,6041,51750,0.010902763145898971
100,57891,0,0.0,702,6041,51850,0.010893780502512152
100,57991,0,0.0,703,6041,51950,0.010884887237920403
100,58091,0,0.0,704,6041,52050,0.010876082462789857
100,58191,0,0.0,705,6041,52150,0.010867365296635659
100,58291,0,0.0,706,6041,52250,0.010858734867733933
100,58391,0,0.0,707,6041,52350,0.010850190313034594
58,58449,0,0.0,708,6043,52406,0.010841730778075053
100,58549,0,0.0,709,6044,52505,0.010833355416894765
100,58649,0,0.0,710,6047,52602,0.01082506339195063
53,58702,0,0.0,711,6050,52652,0.010816853874033245
100,58802,0,0.0,712,6052,52750,0.010808726042183978
100,58902,0,0.0,713,6052,52850,0.01080067908361287
100,59002,0,0.0,714,6053,52949,0.01079271219361736
100,59102,0,0.0,715,6054,53048,0.010784824575501804
86,59188,0,0.0,716,6057,53131,0.010777015440497823
100,59288,0,0.0,717,6059,53229,0.010769284007685407
100,59388,0,0.0,718,6059,53329,0.01076162950391483
66,59454,0,0.0,719,6060,53394,0.01075405116372934
100,59554,0,0.0,720,6062,53492,0.010746548229288598
100,59654,0,0.0,721,6062,53592,0.010739119950292912
100,59754,0,0.0,722,6062,53692,0.010731765583908192
100,59854,0,0.0,723,6063,53791,0.010724484394691668
100,59954,0,0.0,724,6063,53891,0.010717275654518353
100,60054,0,0.0,725,6064,53990,0.010710138642508221
100,60154,0,0.0,726,6064,54090,0.010703072644954124
100,60254,0,0.0,727,6064,54190,0.010696076955250418
100,60354,0,0.0,728,6065,54289,0.010689150873822304
100,60454,0,0.0,729,6066,54388,0.010682293708055865
100,60554,0,0.0,730,6066,54488,0.010675504772228813
100,60654,0,0.0,731,6066,54588,0.010668783387441906
100,60754,0,0.0,732,6066,54688,0.010662128881551065
100,60854,0,0.0,733,6068,54786,0.010655540589100154
100,60954,0,0.0,734,6068,54886,0.010649017851254439
100,61054,0,0.0,735,6068,54986,0.0106425600157347
100,61154,0,0.0,736,6070,55084,0.010636166436752002
100,61254,0,0.0,737,6070,55184,0.01062983647494312
100,61354,0,0.0,738,6070,55284,0.010623569497306598
51,61405,0,0.0,739,6072,55333,0.01061736487713945
100,61505,0,0.0,740,6072,55433,0.010611221993974488
100,61605,0,0.0,741,6072,55533,0.010605140233518277
100,61705,0,0.0,742,6072,55633,0.010599118987589702
100,61805,0,0.0,743,6072,55733,0.010593157654059155
83,61888,0,0.0,744,6075,55813,0.010587255636788313
100,61988,0,0.0,745,6076,55912,0.01058141234557053
100,62088,0,0.0,746,6078,56010,0.01057562719607182
100,62188,0,0.0,747,6078,56110,0.010569899609772403
100,62288,0,0.0,748,6078,56210,0.010564229013908884
100,62388,0,0.0,749,6079,56309,0.010558614841416947
100,62488,0,0.0,750,6079,56409,0.010553056530874667
87,62575,0,0.0,751,6082,56493,0.010547553526446355
100,62675,0,0.0,752,6084,56591,0.010542105277826985
100,62775,0,0.0,753,6086,56689,0.010536711240187152
100,62875,0,0.0,754,6086,56789,0.0105313708741186
100,62975,0,0.0,755,6089,56886,0.01052608364558027
100,63075,0,0.0,756,6090,56985,0.010520849025844903
82,63157,0,0.0,757,6091,57066,0.010515666491446161
100,63257,0,0.0,758,6093,57164,0.01051053552412629
100,63357,0,0.0,759,6094,57263,0.010505455610784278
100,63457,0,0.0,760,6094,57363,0.010500426243424558
100,63557,0,0.0,761,6094,57463,0.010495446919106205
100,63657,0,0.0,762,6096,57561,0.010490517139892635
100,63757,0,0.0,763,6096,57661,0.010485636412801822
100,63857,0,0.0,764,6096,57761,0.010480804249756986
100,63957,0,0.0,765,6098,57859,0.010476020167537797
100,64057,0,0.0,766,6099,57958,0.010471283687732046
100,64157,0,0.0,767,6100,58057,0.010466594336687809
100,64257,0,0.0,768,6103,58154,0.010461951645466068
100,64357,0,0.0,769,6103,58254,0.010457355149793835
100,64457,0,0.0,770,6104,58353,0.010452804390017712
71,64528,0,0.0,771,6105,58423,0.010448298911057929
100,64628,0,0.0,772,6106,58522,0.010443838262362837
91,64719,0,0.0,773,6110,58609,0.010439421997863846
100,64819,0,0.0,774,6110,58709,0.010435049675930827
100,64919,0,0.0,775,6111,58808,0.010430720859327945
100,65019,0,0.0,776,6112,58907,0.01042643511516993
100,65119,0,0.0,777,6113,59006,0.010422192014878798
100,65219,0,0.0,778,6116,59103,0.01041799113414098
100,65319,0,0.0,779,6116,59203,0.010413832052864903
100,65419,0,0.0,780,6116,59303,0.010409714355138974
100,65519,0,0.0,781,6116,59403,0.010405637629189989
100,65619,0,0.0,782,6116,59503,0.010401601467341955
100,65719,0,0.0,783,6118,59601,0.010397605465975325
100,65819,0,0.0,784,6118,59701,0.01039364922548663
100,65919,0,0.0,785,6120,59799,0.010389732350248527
100,66019,0,0.0,786,6120,59899,0.010385854448570228
62,66081,0,0.0,787,6122,59959,0.01038201513265833
100,66181,0,0.0,788,6124,60057,0.010378214018578047
100,66281,0,0.0,789,6125,60156,0.0103744507262148
100,66381,0,0.0,790,6126,60255,0.010370724879236218
100,66481,0,0.0,791,6126,60355,0.010367036105054498
100,66581,0,0.0,792,6127,60454,0.010363384034789147
100,66681,0,0.0,793,6128,60553,0.010359768303230097
100,66781,0,0.0,794,6129,60652,0.010356188548801179
69,66850,0,0.0,795,6130,60720,0.010352644413523964
100,66950,0,0.0,796,6131,60819,0.010349135542981974
100,67050,0,0.0,797,6131,60919,0.010345661586285228
100,67150,0,0.0,798,6131,61019,0.010342222196035164
100,67250,0,0.0,799,6134,61116,0.01033881702828989
54,67304,0,0.0,800,6136,61168,0.010335445742529792
100,67404,0,0.0,801,6137,61267,0.010332108001623487
58,67462,0,0.0,802,6139,61323,0.010328803471794101
100,67562,0,0.0,803,6141,61421,0.0103255318225859
100,67662,0,0.0,804,6142,61520,0.010322292726831234
100,67762,0,0.0,805,6142,61620,0.01031908586061783
100,67862,0,0.0,806,6143,61719,0.010315910903256391
56,67918,0,0.0,807,6144,61774,0.01031276753724854
100,68018,0,0.0,808,6145,61873,0.010309655448255054
100,68118,0,0.0,809,6148,61970,0.01030657432506444
100,68218,0,0.0,810,6149,62069,0.010303523859561813
69,68287,0,0.0,811,6150,62137,0.01030050374669808
100,68387,0,0.0,812,6150,62237,0.010297513684459435
100,68487,0,0.0,813,6151,62336,0.010294553373837166
100,68587,0,0.0,814,6154,62433,0.010291622518797741
100,68687,0,0.0,815,6154,62533,0.010288720826253218
73,68760,0,0.0,816,6156,62604,0.010285848006031922
100,68860,0,0.0,817,6156,62704,0.010283003770849435
100,68960,0,0.0,818,6157,62803,0.010280187836279871
100,69060,0,0.0,819,6157,62903,0.010277399920727424
100,69160,0,0.0,820,6157,63003,0.01027463974539822
52,69212,0,0.0,821,6158,63054,0.010271907034272422
100,69312,0,0.0,822,6159,63153,0.01026920151407664
100,69412,0,0.0,823,6159,63253,0.010266522914256601
100,69512,0,0.0,824,6159,63353,0.010263870966950093
100,69612,0,0.0,825,6160,63452,0.01026124540696017
100,69712,0,0.0,826,6163,63549,0.010258645971728651
100,69812,0,0.0,827,6163,63649,0.010256072401309843
100,69912,0,0.0,828,6163,63749,0.01025352443834456
100,70012,0,0.0,829,6165,63847,0.010251001828034383
100,70112,0,0.0,830,6167,63945,0.010248504318116178
100,70212,0,0.0,831,6167,64045,0.010246031658836873
100,70312,0,0.0,832,6167,64145,0.010243583602928479
100,70412,0,0.0,833,6170,64242,0.010241159905583363
100,70512,0,0.0,834,6170,64342,0.010238760324429774
100,70612,0,0.0,835,6170,64442,0.010236384619507594
100,70712,0,0.0,836,6171,64541,0.010234032553244354
100,70812,0,0.0,837,6171,64641,0.010231703890431466
100,70912,0,0.0,838,6171,64741,0.01022939839820071
100,71012,0,0.0,839,6171,64841,0.010227115846000938
100,71112,0,0.0,840,6173,64939,0.01022485600557503
100,71212,0,0.0,841,6173,65039,0.01022261865093706
100,71312,0,0.0,842,6177,65135,0.010220403558349701
100,71412,0,0.0,843,6177,65235,0.010218210506301846
100,71512,0,0.0,844,6177,65335,0.010216039275486465
100,71612,0,0.0,845,6181,65431,0.010213889648778665
89,71701,0,0.0,846,6184,65517,0.010211761411213984
63,71764,0,0.0,847,6186,65578,0.010209654349966894
63,71827,0,0.0,848,6187,65640,0.010207568254329514
100,71927,0,0.0,849,6187,65740,0.01020550291569054
100,72027,0,0.0,850,6187,65840,0.010203458127514388
77,72104,0,0.0,851,6189,65915,0.010201433685320538
100,72204,0,0.0,852,6189,66015,0.010199429386663081
100,72304,0,0.0,853,6190,66114,0.010197445031110482
100,72404,0,0.0,854,6190,66214,0.010195480420225531
100,72504,0,0.0,855,6191,66313,0.010193535357545505
100,72604,0,0.0,856,6192,66412,0.010191609648562514
100,72704,0,0.0,857,6193,66511,0.010189703100704052
100,72804,0,0.0,858,6194,66610,0.01018781552331375
100,72904,0,0.0,859,6196,66708,0.01018594672763229
100,73004,0,0.0,860,6197,66807,0.010184096526778551
100,73104,0,0.0,861,6199,66905,0.010182264735730903
100,73204,0,0.0,862,6199,67005,0.010180451171308717
100,73304,0,0.0,863,6200,67104,0.010178655652154037
100,73404,0,0.0,864,6202,67202,0.010176877998713455
100,73504,0,0.0,865,6202,67302,0.01017511803322014
100,73604,0,0.0,866,6202,67402,0.010173375579676082
65,73669,0,0.0,867,6203,67466,0.01017165046383447
100,73769,0,0.0,868,6204,67565,0.010169942513182286
73,73842,0,0.0,869,6207,67635,0.010168251556923037
100,73942,0,0.0,870,6208,67734,0.010166577425959692
100,74042,0,0.0,871,6209,67833,0.010164919952877757
100,74142,0,0.0,872,6210,67932,0.010163278971928544
100,74242,0,0.0,873,6210,68032,0.01016165431901259
100,74342,0,0.0,874,6210,68132,0.01016004583166325
100,74442,0,0.0,875,6213,68229,0.010158453349030448
100,74542,0,0.0,876,6213,68329,0.010156876711864594
100,74642,0,0.0,877,6213,68429,0.010155315762500658
100,74742,0,0.0,878,6213,68529,0.0101537703448424
73,74815,0,0.0,879,6214,68601,0.010152240304346772
100,74915,0,0.0,880,6214,68701,0.010150725488008444
100,75015,0,0.0,881,6214,68801,0.010149225744344521
100,75115,0,0.0,882,6214,68901,0.01014774092337939
100,75215,0,0.0,883,6214,69001,0.010146270876629714
100,75315,0,0.0,884,6214,69101,0.010144815457089593
100,75415,0,0.0,885,6215,69200,0.010143374519215861
100,75515,0,0.0,886,6216,69299,0.01014194791891353
100,75615,0,0.0,887,6216,69399,0.01014053551352138
100,75715,0,0.0,888,6218,69497,0.010139137161797698
100,75815,0,0.0,889,6220,69595,0.010137752723906142
100,75915,0,0.0,890,6220,69695,0.01013638206140177
100,76015,0,0.0,891,6221,69794,0.010135025037217192
100,76115,0,0.0,892,6221,69894,0.010133681515648855
100,76215,0,0.0,893,6221,69994,0.010132351362343486
100,76315,0,0.0,894,6222,70093,0.010131034444284644
100,76415,0,0.0,895,6222,70193,0.010129730629779427
100,76515,0,0.0,896,6223,70292,0.010128439788445296
100,76615,0,0.0,897,6223,70392,0.010127161791197044
100,76715,0,0.0,898,6224,70491,0.01012589651023388
100,76815,0,0.0,899,6225,70590,0.010124643819026653
100,76915,0,0.0,900,6225,70690,0.0101234035923052
84,76999,0,0.0,901,6227,70772,0.010122175706045813
76,77075,0,0.0,902,6228,70847,0.010120960037458845
100,77175,0,0.0,903,6228,70947,0.010119756464976423
100,77275,0,0.0,904,6228,71047,0.010118564868240294
100,77375,0,0.0,905,6229,71146,0.010117385128089795
100,77475,0,0.0,906,6229,71246,0.010116217126549927
100,77575,0,0.0,907,6229,71346,0.010115060746819561
100,77675,0,0.0,908,6230,71445,0.010113915873259762
100,77775,0,0.0,909,6230,71545,0.010112782391382219
100,77875,0,0.0,910,6231,71644,0.010111660187837799
100,77975,0,0.0,911,6231,71744,0.010110549150405214
100,78075,0,0.0,912,6232,71843,0.010109449167979795
100,78175,0,0.0,913,6233,71942,0.010108360130562379
100,78275,0,0.0,914,6233,72042,0.010107281929248322
100,78375,0,0.0,915,6233,72142,0.010106214456216591
100,78475,0,0.0,916,6235,72240,0.010105157604718994
100,78575,0,0.0,917,6236,72339,0.010104111269069502
100,78675,0,0.0,918,6236,72439,0.010103075344633675
100,78775,0,0.0,919,6236,72539,0.010102049727818207
100,78875,0,0.0,920,6236,72639,0.010101034316060565
100,78975,0,0.0,921,6236,72739,0.010100029007818723
100,79075,0,0.0,922,6236,72839,0.01009903370256102
100,79175,0,0.0,923,6236,72939,0.010098048300756102
100,79275,0,0.0,924,6236,73039,0.010097072703862968
100,79375,0,0.0,925,6237,73138,0.010096106814321115
100,79475,0,0.0,926,6237,73238,0.01009515053554078
100,79575,0,0.0,927,6237,73338,0.010094203771893295
100,79675,0,0.0,928,6238,73437,0.010093266428701501
100,79775,0,0.0,929,6239,73536,0.0100923384122303
100,79875,0,0.0,930,6239,73636,0.01009141962967727
100,79975,0,0.0,931,6239,73736,0.010090509989163391
100,80075,0,0.0,932,6239,73836,0.010089609399723856
100,80175,0,0.0,933,6241,73934,0.010088717771298966
100,80275,0,0.0,934,6241,74034,0.010087835014725138
100,80375,0,0.0,935,6243,74132,0.010086961041725979
100,80475,0,0.0,936,6245,74230,0.01008609576490346
66,80541,0,0.0,937,6246,74295,0.010085239097729176
100,80641,0,0.0,938,6246,74395,0.0100843909545357
100,80741,0,0.0,939,6246,74495,0.010083551250508005
100,80841,0,0.0,940,6246,74595,0.010082719901674985
100,80941,0,0.0,941,6246,74695,0.010081896824901066
100,81041,0,0.0,942,6247,74794,0.010081081937877885
100,81141,0,0.0,943,6247,74894,0.01008027515911606
100,81241,0,0.0,944,6250,74991,0.010079476407937044
100,81341,0,0.0,945,6251,75090,0.010078685604465051
100,81441,0,0.0,946,6254,75187,0.010077902669619077
100,81541,0,0.0,947,6256,75285,0.010077127525104984
100,81641,0,0.0,948,6256,75385,0.010076360093407673
100,81741,0,0.0,949,6256,75485,0.010075600297783338
100,81841,0,0.0,950,6256,75585,0.010074848062251781
100,81941,0,0.0,951,6258,75683,0.010074103311588823
100,82041,0,0.0,952,6258,75783,0.010073365971318778
100,82141,0,0.0,953,6258,75883,0.010072635967707003
100,82241,0,0.0,954,6258,75983,0.010071913227752527
100,82341,0,0.0,955,6258,76083,0.010071197679180756
100,82441,0,0.0,956,6258,76183,0.010070489250436234
100,82541,0,0.0,957,6258,76283,0.010069787870675497
100,82641,0,0.0,958,6258,76383,0.010069093469759984
59,82700,0,0.0,959,6259,76441,0.010068405978249026
100,82800,0,0.0,960,6260,76540,0.010067725327392897
90,82890,0,0.0,961,6261,76629,0.010067051449125945
100,82990,0,0.0,962,6261,76729,0.010066384276059784
100,83090,0,0.0,963,6261,76829,0.010065723741476547
100,83190,0,0.0,964,6262,76928,0.01006506977932223
100,83290,0,0.0,965,6263,77027,0.010064422324200068
100,83390,0,0.0,966,6265,77125,0.010063781311364012
100,83490,0,0.0,967,6265,77225,0.010063146676712244
100,83590,0,0.0,968,6265,77325,0.01006251835678077
100,83690,0,0.0,969,6268,77422,0.010061896288737071
100,83790,0,0.0,970,6269,77521,0.01006128041037383
66,83856,0,0.0,971,6272,77584,0.01006067066010269
100,83956,0,0.0,972,6272,77684,0.01006006697694812
50,84006,0,0.0,973,6273,77733,0.010059469300541302
100,84106,0,0.0,974,6273,77833,0.010058877571114096
100,84206,0,0.0,975,6274,77932,0.010058291729493065
100,84306,0,0.0,976,6274,78032,0.01005771171709356
100,84406,0,0.0,977,6276,78130,0.010057137475913858
100,84506,0,0.0,978,6276,78230,0.010056568948529363
100,84606,0,0.0,979,6277,78329,0.010056006078086861
100,84706,0,0.0,980,6280,78426,0.01005544880829884
100,84806,0,0.0,981,6281,78525,0.010054897083437856
100,84906,0,0.0,982,6282,78624,0.010054350848330963
100,85006,0,0.0,983,6282,78724,0.010053810048354195
100,85106,0,0.0,984,6282,78824,0.010053274629427107
100,85206,0,0.0,985,6283,78923,0.010052744538007355
100,85306,0,0.0,986,6283,79023,0.01005221972108536
100,85406,0,0.0,987,6285,79121,0.010051700126178988
100,85506,0,0.0,988,6285,79221,0.010051185701328317
100,85606,0,0.0,989,6286,79320,0.010050676395090436
100,85706,0,0.0,990,6287,79419,0.010050172156534292
100,85806,0,0.0,991,6288,79518,0.010049672935235614
100,85906,0,0.0,992,6288,79618,0.010049178681271852
100,86006,0,0.0,993,6290,79716,0.010048689345217202
100,86106,0,0.0,994,6291,79815,0.010048204878137646
100,86206,0,0.0,995,6294,79912,0.010047725231586075
87,86293,0,0.0,996,6295,79998,0.010047250357597435
100,86393,0,0.0,997,6295,80098,0.010046780208683928
100,86493,0,0.0,998,6295,80198,0.010046314737830275
100,86593,0,0.0,999,6295,80298,0.010045853898488999
100,86693,0,0.0,1000,6296,80397,0.010045397644575786
100,86793,0,0.0,1001,6297,80496,0.010044945930464861
100,86893,0,0.0,1002,6299,80594,0.010044498710984437
100,86993,0,0.0,1003,6299,80694,0.010044055941412194
100,87093,0,0.0,1004,6299,80794,0.010043617577470805
100,87193,0,0.0,1005,6302,80891,0.010043183575323512
100,87293,0,0.0,1006,6302,80991,0.010042753891569738
100,87393,0,0.0,1007,6303,81090,0.01004232848324075
100,87493,0,0.0,1008,6303,81190,0.010041907307795358
100,87593,0,0.0,1009,6303,81290,0.01004149032311567
100,87693,0,0.0,1010,6304,81389,0.010041077487502869
100,87793,0,0.0,1011,6305,81488,0.010040668759673048
100,87893,0,0.0,1012,6306,81587,0.010040264098753086
100,87993,0,0.0,1013,6306,81687,0.010039863464276553
58,88051,0,0.0,1014,6307,81744,0.010039466816179668
100,88151,0,0.0,1015,6307,81844,0.010039074114797288
58,88209,0,0.0,1016,6309,81900,0.01003868532085895
100,88309,0,0.0,1017,6309,82000,0.010038300395484938
100,88409,0,0.0,1018,6309,82100,0.01003791930018239
100,88509,0,0.0,1019,6309,82200,0.01003754199684146
100,88609,0,0.0,1020,6309,82300,0.0100371684477315
100,88709,0,0.0,1021,6311,82398,0.010036798615497286
66,88775,0,0.0,1022,6312,82463,0.010036432463155286
100,88875,0,0.0,1023,6314,82561,0.010036069954089965
100,88975,0,0.0,1024,6316,82659,0.01003571105205011
100,89075,0,0.0,1025,6316,82759,0.01003535572114522
100,89175,0,0.0,1026,6317,82858,0.010035003925841906
100,89275,0,0.0,1027,6318,82957,0.010034655630960348
100,89375,0,0.0,1028,6319,83056,0.010034310801670764
100,89475,0,0.0,1029,6320,83155,0.010033969403489941
100,89575,0,0.0,1030,6320,83255,0.010033631402277775
100,89675,0,0.0,1031,6323,83352,0.010033296764233863
88,89763,0,0.0,1032,6325,83438,0.01003296545589412
100,89863,0,0.0,1033,6325,83538,0.01003263744412744
100,89963,0,0.0,1034,6325,83638,0.010032312696132369
100,90063,0,0.0,1035,6326,83737,0.01003199117943384
100,90163,0,0.0,1036,6326,83837,0.010031672861879913
100,90263,0,0.0,1037,6326,83937,0.010031357711638567
100,90363,0,0.0,1038,6327,84036,0.010031045697194518
100,90463,0,0.0,1039,6328,84135,0.01003073678734606
100,90563,0,0.0,1040,6329,84234,0.01003043095120195
100,90663,0,0.0,1041,6330,84333,0.01003012815817832
100,90763,0,0.0,1042,6332,84431,0.010029828377995615
100,90863,0,0.0,1043,6334,84529,0.010029531580675564
100,90963,0,0.0,1044,6336,84627,0.010029237736538193
100,91063,0,0.0,1045,6337,84726,0.01002894681619884
100,91163,0,0.0,1046,6337,84826,0.010028658790565229
100,91263,0,0.0,1047,6339,84924,0.010028373630834558
100,91363,0,0.0,1048,6341,85022,0.010028091308490614
100,91463,0,0.0,1049,6341,85122,0.010027811795300929
100,91563,0,0.0,1050,6341,85222,0.01002753506331395
77,91640,0,0.0,1051,6342,85298,0.01002726108485625
100,91740,0,0.0,1052,6342,85398,0.010026989832529752
100,91840,0,0.0,1053,6342,85498,0.010026721279208999
100,91940,0,0.0,1054,6343,85597,0.010026455398038434
100,92040,0,0.0,1055,6345,85695,0.01002619216242972
100,92140,0,0.0,1056,6345,85795,0.010025931546059077
54,92194,0,0.0,1057,6346,85848,0.010025673522864646
100,92294,0,0.0,1058,6346,85948,0.0100254180670439
100,92394,0,0.0,1059,6347,86047,0.010025165153051038
100,92494,0,0.0,1060,6347,86147,0.010024914755594453
100,92594,0,0.0,1061,6347,86247,0.01002466684963419
100,92694,0,0.0,1062,6348,86346,0.010024421410379444
100,92794,0,0.0,1063,6348,86446,0.01002417841328609
58,92852,0,0.0,1064,6349,86503,0.010023937834054211
100,92952,0,0.0,1065,6349,86603,0.010023699648625687
100,93052,0,0.0,1066,6350,86702,0.010023463833181775
100,93152,0,0.0,1067,6350,86802,0.010023230364140734
100,93252,0,0.0,1068,6350,86902,0.010022999218155467
100,93352,0,0.0,1069,6350,87002,0.01002277037211118
100,93452,0,0.0,1070,6352,87100,0.01002254380312308
100,93552,0,0.0,1071,6352,87200,0.01002231948853408
100,93652,0,0.0,1072,6353,87299,0.010022097405912533
50,93702,0,0.0,1073,6354,87348,0.010021877533049992
58,93760,0,0.0,1074,6355,87405,0.010021659847958985
100,93860,0,0.0,1075,6356,87504,0.010021444328870826
100,93960,0,0.0,1076,6357,87603,0.010021230954233424
100,94060,0,0.0,1077,6357,87703,0.010021019702709136
100,94160,0,0.0,1078,6359,87801,0.010020810553172638
100,94260,0,0.0,1079,6362,87898,0.010020603484708799
100,94360,0,0.0,1080,6362,87998,0.0100203984766106
100,94460,0,0.0,1081,6364,88096,0.01002019550837706
100,94560,0,0.0,1082,6364,88196,0.010019994559711188
100,94660,0,0.0,1083,6364,88296,0.01001979561051795
100,94760,0,0.0,1084,6365,88395,0.01001959864090226
100,94860,0,0.0,1085,6366,88494,0.010019403631166992
100,94960,0,0.0,1086,6366,88594,0.01001921056181101
100,95060,0,0.0,1087,6366,88694,0.01001901941352722
56,95116,0,0.0,1088,6367,88749,0.01001883016720063
100,95216,0,0.0,1089,6370,88846,0.010018642803906453
100,95316,0,0.0,1090,6371,88945,0.010018457304908203
100,95416,0,0.0,1091,6371,89045,0.010018273651655822
100,95516,0,0.0,1092,6371,89145,0.010018091825783837
100,95616,0,0.0,1093,6371,89245,0.010017911809109508
100,95716,0,0.0,1094,6372,89344,0.010017733583631014
100,95816,0,0.0,1095,6375,89441,0.010017557131525663
100,95916,0,0.0,1096,6376,89540,0.010017382435148095
100,96016,0,0.0,1097,6378,89638,0.010017209477028527
79,96095,0,0.0,1098,6381,89714,0.010017038239871004
100,96195,0,0.0,1099,6383,89812,0.010016868706551666
100,96295,0,0.0,1100,6383,89912,0.01001670086011704
100,96395,0,0.0,1101,6383,90012,0.010016534683782344
100,96495,0,0.0,1102,6384,90111,0.010016370160929804
100,96595,0,0.0,1103,6385,90210,0.010016207275107
100,96695,0,0.0,1104,6385,90310,0.010016046010025212
100,96795,0,0.0,1105,6387,90408,0.0100158863495578
100,96895,0,0.0,1106,6388,90507,0.01001572827773858
100,96995,0,0.0,1107,6390,90605,0.010015571778760241
100,97095,0,0.0,1108,6391,90704,0.010015416836972756
100,97195,0,0.0,1109,6391,90804,0.010015263436881815
100,97295,0,0.0,1110,6393,90902,0.010015111563147282
100,97395,0,0.0,1111,6393,91002,0.010014961200581656
100,97495,0,0.0,1112,6394,91101,0.010014812334148557
100,97595,0,0.0,1113,6396,91199,0.010014664948961216
100,97695,0,0.0,1114,6397,91298,0.010014519030280992
100,97795,0,0.0,1115,6399,91396,0.010014374563515895
100,97895,0,0.0,1116,6401,91494,0.01001423153421913
100,97995,0,0.0,1117,6401,91594,0.010014089928087644
69,98064,0,0.0,1118,6403,91661,0.01001394973096071
100,98164,0,0.0,1119,6404,91760,0.010013810928818496
100,98264,0,0.0,1120,6405,91859,0.010013673507780674
100,98364,0,0.0,1121,6405,91959,0.010013537454105024
100,98464,0,0.0,1122,6406,92058,0.010013402754186067
100,98564,0,0.0,1123,6406,92158,0.010013269394553695
100,98664,0,0.0,1124,6406,92258,0.010013137361871838
100,98764,0,0.0,1125,6407,92357,0.010013006642937116
69,98833,0,0.0,1126,6409,92424,0.010012877224677526
100,98933,0,0.0,1127,6410,92523,0.010012749094151136
100,99033,0,0.0,1128,6413,92620,0.010012622238544785
100,99133,0,0.0,1129,6413,92720,0.010012496645172807
100,99233,0,0.0,1130,6413,92820,0.01001237230147576
74,99307,0,0.0,1131,6415,92892,0.01001224919501917
100,99407,0,0.0,1132,6417,92990,0.01001212731349229
100,99507,0,0.0,1133,6419,93088,0.010012006644706866
100,99607,0,0.0,1134,6422,93185,0.010011887176595919
100,99707,0,0.0,1135,6425,93282,0.010011768897212536
100,99807,0,0.0,1136,6426,93381,0.010011651794728682
100,99907,0,0.0,1137,6427,93480,0.010011535857434011
