iteration,successes,successes_episode,reward_episode,episode_count,random_act,timestep
51,51,0,0.0,1,32,19
15,66,0,0.0,2,43,23
55,121,0,0.0,3,85,36
25,146,0,0.0,4,106,40
33,179,0,0.0,5,134,45
31,210,0,0.0,6,156,54
26,236,0,0.0,7,180,56
46,282,0,0.0,8,213,69
11,293,0,0.0,9,223,70
39,332,0,0.0,10,252,80
19,351,0,0.0,11,266,85
30,381,0,0.0,12,294,87
21,402,0,0.0,13,314,88
22,424,0,0.0,14,334,90
19,443,0,0.0,15,351,92
17,460,0,0.0,16,363,97
24,484,0,0.0,17,382,102
82,566,0,0.0,18,446,120
21,587,0,0.0,19,462,125
42,629,0,0.0,20,498,131
52,681,0,0.0,21,540,141
10,691,0,0.0,22,549,142
11,702,0,0.0,23,555,147
5,707,0,0.0,24,560,147
11,718,0,0.0,25,569,149
12,730,0,0.0,26,578,152
10,740,0,0.0,27,586,154
61,801,0,0.0,28,635,166
74,875,0,0.0,29,699,176
51,926,0,0.0,30,734,192
26,952,0,0.0,31,752,200
100,1052,0,0.0,32,837,215
7,1059,0,0.0,33,842,217
24,1083,0,0.0,34,861,222
10,1093,0,0.0,35,867,226
50,1143,0,0.0,36,908,235
14,1157,0,0.0,37,917,240
32,1189,0,0.0,38,942,247
14,1203,0,0.0,39,954,249
24,1227,0,0.0,40,974,253
10,1237,0,0.0,41,982,255
51,1288,0,0.0,42,1026,262
7,1295,0,0.0,43,1032,263
9,1304,0,0.0,44,1040,264
5,1309,0,0.0,45,1043,266
48,1357,0,0.0,46,1081,276
34,1391,0,0.0,47,1106,285
16,1407,0,0.0,48,1118,289
9,1416,0,0.0,49,1125,291
27,1443,0,0.0,50,1144,299
18,1461,0,0.0,51,1157,304
20,1481,0,0.0,52,1174,307
55,1536,0,0.0,53,1219,317
12,1548,0,0.0,54,1230,318
36,1584,0,0.0,55,1259,325
63,1647,0,0.0,56,1312,335
53,1700,0,0.0,57,1353,347
28,1728,0,0.0,58,1377,351
7,1735,0,0.0,59,1384,351
75,1810,0,0.0,60,1445,365
33,1843,0,0.0,61,1472,371
33,1876,0,0.0,62,1496,380
71,1947,0,0.0,63,1558,389
21,1968,0,0.0,64,1576,392
24,1992,0,0.0,65,1594,398
100,2092,0,0.0,66,1672,420
22,2114,0,0.0,67,1689,425
50,2164,0,0.0,68,1729,435
45,2209,0,0.0,69,1766,443
8,2217,0,0.0,70,1772,445
42,2259,0,0.0,71,1801,458
100,2359,0,0.0,72,1880,479
29,2388,0,0.0,73,1903,485
94,2482,0,0.0,74,1975,507
8,2490,0,0.0,75,1981,509
48,2538,0,0.0,76,2020,518
26,2564,0,0.0,77,2040,524
36,2600,0,0.0,78,2071,529
19,2619,0,0.0,79,2082,537
100,2719,0,0.0,80,2170,549
5,2724,0,0.0,81,2174,550
67,2791,0,0.0,82,2224,567
13,2804,0,0.0,83,2237,567
9,2813,0,0.0,84,2242,571
9,2822,0,0.0,85,2250,572
85,2907,0,0.0,86,2312,595
52,2959,0,0.0,87,2354,605
9,2968,0,0.0,88,2363,605
67,3035,0,0.0,89,2417,618
17,3052,0,0.0,90,2429,623
12,3064,0,0.0,91,2438,626
32,3096,0,0.0,92,2465,631
45,3141,0,0.0,93,2504,637
14,3155,0,0.0,94,2515,640
10,3165,0,0.0,95,2524,641
36,3201,0,0.0,96,2551,650
47,3248,0,0.0,97,2589,659
39,3287,0,0.0,98,2621,666
25,3312,0,0.0,99,2642,670
19,3331,0,0.0,100,2658,673
46,3377,0,0.0,101,2695,682
29,3406,0,0.0,102,2716,690
30,3436,0,0.0,103,2738,698
45,3481,0,0.0,104,2766,715
61,3542,0,0.0,105,2814,728
17,3559,0,0.0,106,2827,732
11,3570,0,0.0,107,2835,735
16,3586,0,0.0,108,2848,738
48,3634,0,0.0,109,2882,752
22,3656,0,0.0,110,2900,756
80,3736,0,0.0,111,2972,764
8,3744,0,0.0,112,2978,766
79,3823,0,0.0,113,3041,782
9,3832,0,0.0,114,3048,784
31,3863,0,0.0,115,3074,789
32,3895,0,0.0,116,3100,795
13,3908,0,0.0,117,3110,798
21,3929,0,0.0,118,3130,799
15,3944,0,0.0,119,3139,805
46,3990,0,0.0,120,3177,813
34,4024,0,0.0,121,3205,819
56,4080,0,0.0,122,3250,830
23,4103,0,0.0,123,3270,833
30,4133,0,0.0,124,3293,840
15,4148,0,0.0,125,3306,842
10,4158,0,0.0,126,3314,844
14,4172,0,0.0,127,3323,849
15,4187,0,0.0,128,3335,852
29,4216,0,0.0,129,3354,862
17,4233,0,0.0,130,3365,868
20,4253,0,0.0,131,3379,874
26,4279,0,0.0,132,3397,882
26,4305,0,0.0,133,3413,892
87,4392,0,0.0,134,3482,910
16,4408,0,0.0,135,3495,913
24,4432,0,0.0,136,3515,917
40,4472,0,0.0,137,3551,921
48,4520,0,0.0,138,3585,935
43,4563,0,0.0,139,3620,943
12,4575,0,0.0,140,3630,945
17,4592,0,0.0,141,3646,946
60,4652,0,0.0,142,3695,957
13,4665,0,0.0,143,3704,961
11,4676,0,0.0,144,3709,967
20,4696,0,0.0,145,3727,969
11,4707,0,0.0,146,3737,970
63,4770,0,0.0,147,3789,981
18,4788,0,0.0,148,3802,986
22,4810,0,0.0,149,3822,988
36,4846,0,0.0,150,3848,998
19,4865,0,0.0,151,3865,1000
28,4893,0,0.0,152,3888,1005
74,4967,0,0.0,153,3937,1030
31,4998,0,0.0,154,3963,1035
35,5033,0,0.0,155,3992,1041
42,5075,0,0.0,156,4032,1043
11,5086,0,0.0,157,4043,1043
18,5104,0,0.0,158,4058,1046
26,5130,0,0.0,159,4079,1051
7,5137,0,0.0,160,4085,1052
10,5147,0,0.0,161,4092,1055
100,5247,0,0.0,162,4173,1074
49,5296,0,0.0,163,4207,1089
16,5312,0,0.0,164,4221,1091
23,5335,0,0.0,165,4243,1092
31,5366,0,0.0,166,4269,1097
45,5411,0,0.0,167,4304,1107
38,5449,0,0.0,168,4336,1113
43,5492,0,0.0,169,4375,1117
31,5523,0,0.0,170,4403,1120
34,5557,0,0.0,171,4430,1127
65,5622,0,0.0,172,4486,1136
22,5644,0,0.0,173,4502,1142
25,5669,0,0.0,174,4524,1145
31,5700,0,0.0,175,4551,1149
21,5721,0,0.0,176,4564,1157
20,5741,0,0.0,177,4581,1160
100,5841,0,0.0,178,4664,1177
10,5851,0,0.0,179,4674,1177
73,5924,0,0.0,180,4736,1188
35,5959,0,0.0,181,4765,1194
24,5983,0,0.0,182,4786,1197
9,5992,0,0.0,183,4794,1198
45,6037,0,0.0,184,4830,1207
83,6120,0,0.0,185,4903,1217
32,6152,0,0.0,186,4925,1227
48,6200,0,0.0,187,4962,1238
21,6221,0,0.0,188,4981,1240
46,6267,0,0.0,189,5021,1246
5,6272,0,0.0,190,5025,1247
41,6313,0,0.0,191,5061,1252
9,6322,0,0.0,192,5070,1252
25,6347,0,0.0,193,5093,1254
43,6390,0,0.0,194,5124,1266
53,6443,0,0.0,195,5167,1276
57,6500,0,0.0,196,5219,1281
24,6524,0,0.0,197,5240,1284
43,6567,0,0.0,198,5271,1296
11,6578,0,0.0,199,5282,1296
20,6598,0,0.0,200,5298,1300
38,6636,0,0.0,201,5326,1310
58,6694,0,0.0,202,5372,1322
37,6731,0,0.0,203,5402,1329
48,6779,0,0.0,204,5440,1339
8,6787,0,0.0,205,5447,1340
77,6864,0,0.0,206,5512,1352
85,6949,0,0.0,207,5580,1369
30,6979,0,0.0,208,5605,1374
23,7002,0,0.0,209,5625,1377
18,7020,0,0.0,210,5637,1383
73,7093,0,0.0,211,5693,1400
41,7134,0,0.0,212,5727,1407
29,7163,0,0.0,213,5750,1413
14,7177,0,0.0,214,5761,1416
24,7201,0,0.0,215,5783,1418
28,7229,0,0.0,216,5803,1426
26,7255,0,0.0,217,5821,1434
30,7285,0,0.0,218,5844,1441
49,7334,0,0.0,219,5886,1448
10,7344,0,0.0,220,5896,1448
46,7390,0,0.0,221,5933,1457
16,7406,0,0.0,222,5949,1457
45,7451,0,0.0,223,5978,1473
9,7460,0,0.0,224,5983,1477
19,7479,0,0.0,225,5996,1483
82,7561,0,0.0,226,6063,1498
9,7570,0,0.0,227,6069,1501
15,7585,0,0.0,228,6080,1505
17,7602,0,0.0,229,6096,1506
45,7647,0,0.0,230,6132,1515
28,7675,0,0.0,231,6154,1521
14,7689,0,0.0,232,6166,1523
31,7720,0,0.0,233,6190,1530
12,7732,0,0.0,234,6201,1531
33,7765,0,0.0,235,6227,1538
14,7779,0,0.0,236,6238,1541
17,7796,0,0.0,237,6251,1545
21,7817,0,0.0,238,6267,1550
23,7840,0,0.0,239,6285,1555
81,7921,0,0.0,240,6350,1571
44,7965,0,0.0,241,6381,1584
55,8020,0,0.0,242,6427,1593
43,8063,0,0.0,243,6466,1597
17,8080,0,0.0,244,6479,1601
27,8107,0,0.0,245,6498,1609
53,8160,0,0.0,246,6538,1622
33,8193,0,0.0,247,6560,1633
28,8221,0,0.0,248,6580,1641
51,8272,0,0.0,249,6617,1655
27,8299,0,0.0,250,6638,1661
34,8333,0,0.0,251,6670,1663
25,8358,0,0.0,252,6690,1668
34,8392,0,0.0,253,6719,1673
16,8408,0,0.0,254,6729,1679
65,8473,0,0.0,255,6779,1694
61,8534,0,0.0,256,6830,1704
5,8539,0,0.0,257,6834,1705
12,8551,0,0.0,258,6841,1710
53,8604,0,0.0,259,6881,1723
18,8622,0,0.0,260,6896,1726
37,8659,0,0.0,261,6926,1733
10,8669,0,0.0,262,6935,1734
14,8683,0,0.0,263,6946,1737
26,8709,0,0.0,264,6967,1742
7,8716,0,0.0,265,6972,1744
25,8741,0,0.0,266,6994,1747
15,8756,0,0.0,267,7004,1752
28,8784,0,0.0,268,7028,1756
24,8808,0,0.0,269,7046,1762
32,8840,0,0.0,270,7072,1768
47,8887,0,0.0,271,7113,1774
35,8922,0,0.0,272,7141,1781
81,9003,0,0.0,273,7206,1797
7,9010,0,0.0,274,7212,1798
11,9021,0,0.0,275,7223,1798
30,9051,0,0.0,276,7243,1808
25,9076,0,0.0,277,7259,1817
16,9092,0,0.0,278,7272,1820
15,9107,0,0.0,279,7285,1822
6,9113,0,0.0,280,7290,1823
22,9135,0,0.0,281,7311,1824
61,9196,0,0.0,282,7361,1835
48,9244,0,0.0,283,7400,1844
18,9262,0,0.0,284,7414,1848
56,9318,0,0.0,285,7457,1861
15,9333,0,0.0,286,7471,1862
100,9433,0,0.0,287,7556,1877
8,9441,0,0.0,288,7562,1879
14,9455,0,0.0,289,7572,1883
46,9501,0,0.0,290,7610,1891
19,9520,0,0.0,291,7625,1895
17,9537,0,0.0,292,7639,1898
17,9554,0,0.0,293,7654,1900
56,9610,0,0.0,294,7704,1906
8,9618,0,0.0,295,7710,1908
51,9669,0,0.0,296,7753,1916
27,9696,0,0.0,297,7771,1925
70,9766,0,0.0,298,7823,1943
23,9789,0,0.0,299,7841,1948
50,9839,0,0.0,300,7884,1955
14,9853,0,0.0,301,7896,1957
33,9886,0,0.0,302,7918,1968
14,9900,0,0.0,303,7931,1969
17,9917,0,0.0,304,7943,1974
52,9969,0,0.0,305,7987,1982
42,10011,0,0.0,306,8021,1990
51,10062,0,0.0,307,8064,1998
25,10087,0,0.0,308,8085,2002
47,10134,0,0.0,309,8123,2011
52,10186,0,0.0,310,8165,2021
58,10244,0,0.0,311,8211,2033
82,10326,0,0.0,312,8282,2044
25,10351,0,0.0,313,8303,2048
26,10377,0,0.0,314,8326,2051
33,10410,0,0.0,315,8348,2062
27,10437,0,0.0,316,8370,2067
19,10456,0,0.0,317,8385,2071
19,10475,0,0.0,318,8401,2074
25,10500,0,0.0,319,8419,2081
42,10542,0,0.0,320,8453,2089
14,10556,0,0.0,321,8464,2092
42,10598,0,0.0,322,8497,2101
19,10617,0,0.0,323,8512,2105
14,10631,0,0.0,324,8522,2109
7,10638,0,0.0,325,8528,2110
16,10654,0,0.0,326,8542,2112
23,10677,0,0.0,327,8563,2114
35,10712,0,0.0,328,8590,2122
59,10771,0,0.0,329,8637,2134
29,10800,0,0.0,330,8662,2138
17,10817,0,0.0,331,8673,2144
10,10827,0,0.0,332,8682,2145
35,10862,0,0.0,333,8711,2151
19,10881,0,0.0,334,8728,2153
10,10891,0,0.0,335,8738,2153
14,10905,0,0.0,336,8747,2158
32,10937,0,0.0,337,8775,2162
32,10969,0,0.0,338,8800,2169
53,11022,0,0.0,339,8849,2173
47,11069,0,0.0,340,8890,2179
42,11111,0,0.0,341,8925,2186
14,11125,0,0.0,342,8939,2186
43,11168,0,0.0,343,8974,2194
12,11180,0,0.0,344,8985,2195
33,11213,0,0.0,345,9013,2200
18,11231,0,0.0,346,9029,2202
19,11250,0,0.0,347,9046,2204
100,11350,0,0.0,348,9125,2225
13,11363,0,0.0,349,9136,2227
54,11417,0,0.0,350,9178,2239
18,11435,0,0.0,351,9195,2240
7,11442,0,0.0,352,9201,2241
13,11455,0,0.0,353,9212,2243
25,11480,0,0.0,354,9232,2248
45,11525,0,0.0,355,9268,2257
53,11578,0,0.0,356,9310,2268
80,11658,0,0.0,357,9377,2281
15,11673,0,0.0,358,9390,2283
45,11718,0,0.0,359,9424,2294
10,11728,0,0.0,360,9431,2297
17,11745,0,0.0,361,9442,2303
11,11756,0,0.0,362,9453,2303
20,11776,0,0.0,363,9469,2307
75,11851,0,0.0,364,9528,2323
35,11886,0,0.0,365,9555,2331
13,11899,0,0.0,366,9565,2334
8,11907,0,0.0,367,9572,2335
17,11924,0,0.0,368,9586,2338
26,11950,0,0.0,369,9603,2347
29,11979,0,0.0,370,9627,2352
15,11994,0,0.0,371,9637,2357
27,12021,0,0.0,372,9663,2358
23,12044,0,0.0,373,9681,2363
15,12059,0,0.0,374,9693,2366
32,12091,0,0.0,375,9719,2372
27,12118,0,0.0,376,9740,2378
93,12211,0,0.0,377,9808,2403
18,12229,0,0.0,378,9823,2406
15,12244,0,0.0,379,9833,2411
100,12344,0,0.0,380,9912,2432
40,12384,0,0.0,381,9946,2438
5,12389,0,0.0,382,9949,2440
42,12431,0,0.0,383,9984,2447
29,12460,0,0.0,384,10009,2451
11,12471,0,0.0,385,10017,2454
43,12514,0,0.0,386,10054,2460
70,12584,0,0.0,387,10110,2474
13,12597,0,0.0,388,10122,2475
23,12620,0,0.0,389,10138,2482
40,12660,0,0.0,390,10167,2493
17,12677,0,0.0,391,10181,2496
11,12688,0,0.0,392,10190,2498
30,12718,0,0.0,393,10215,2503
86,12804,0,0.0,394,10285,2519
50,12854,0,0.0,395,10328,2526
42,12896,0,0.0,396,10364,2532
42,12938,0,0.0,397,10395,2543
90,13028,0,0.0,398,10465,2563
51,13079,0,0.0,399,10506,2573
31,13110,0,0.0,400,10531,2579
54,13164,0,0.0,401,10572,2592
16,13180,0,0.0,402,10587,2593
60,13240,0,0.0,403,10637,2603
87,13327,0,0.0,404,10706,2621
10,13337,0,0.0,405,10711,2626
10,13347,0,0.0,406,10719,2628
19,13366,0,0.0,407,10734,2632
31,13397,0,0.0,408,10761,2636
45,13442,0,0.0,409,10795,2647
55,13497,0,0.0,410,10835,2662
32,13529,0,0.0,411,10864,2665
11,13540,0,0.0,412,10874,2666
31,13571,0,0.0,413,10899,2672
36,13607,0,0.0,414,10924,2683
16,13623,0,0.0,415,10936,2687
51,13674,0,0.0,416,10974,2700
6,13680,0,0.0,417,10979,2701
12,13692,0,0.0,418,10989,2703
33,13725,0,0.0,419,11013,2712
33,13758,0,0.0,420,11040,2718
21,13779,0,0.0,421,11059,2720
100,13879,0,0.0,422,11135,2744
17,13896,0,0.0,423,11148,2748
28,13924,0,0.0,424,11168,2756
15,13939,0,0.0,425,11183,2756
21,13960,0,0.0,426,11195,2765
15,13975,0,0.0,427,11209,2766
10,13985,0,0.0,428,11214,2771
52,14037,0,0.0,429,11255,2782
27,14064,0,0.0,430,11280,2784
11,14075,0,0.0,431,11289,2786
49,14124,0,0.0,432,11332,2792
100,14224,0,0.0,433,11410,2814
37,14261,0,0.0,434,11441,2820
41,14302,0,0.0,435,11469,2833
32,14334,0,0.0,436,11495,2839
20,14354,0,0.0,437,11512,2842
48,14402,0,0.0,438,11553,2849
57,14459,0,0.0,439,11597,2862
23,14482,0,0.0,440,11616,2866
23,14505,0,0.0,441,11634,2871
26,14531,0,0.0,442,11653,2878
31,14562,0,0.0,443,11680,2882
11,14573,0,0.0,444,11690,2883
25,14598,0,0.0,445,11712,2886
12,14610,0,0.0,446,11720,2890
18,14628,0,0.0,447,11732,2896
27,14655,0,0.0,448,11756,2899
38,14693,0,0.0,449,11786,2907
33,14726,0,0.0,450,11817,2909
28,14754,0,0.0,451,11840,2914
27,14781,0,0.0,452,11859,2922
46,14827,0,0.0,453,11894,2933
24,14851,0,0.0,454,11912,2939
12,14863,0,0.0,455,11922,2941
15,14878,0,0.0,456,11933,2945
22,14900,0,0.0,457,11953,2947
14,14914,0,0.0,458,11964,2950
29,14943,0,0.0,459,11985,2958
15,14958,0,0.0,460,11998,2960
76,15034,0,0.0,461,12061,2973
5,15039,0,0.0,462,12065,2974
16,15055,0,0.0,463,12077,2978
43,15098,0,0.0,464,12105,2993
33,15131,0,0.0,465,12132,2999
39,15170,1,1.0,466,12164,3006
22,15192,1,0.0,467,12167,3025
10,15202,1,0.0,468,12169,3033
18,15220,1,0.0,469,12171,3049
85,15305,1,0.0,470,12179,3126
15,15320,1,0.0,471,12181,3139
25,15345,1,0.0,472,12186,3159
26,15371,1,0.0,473,12191,3180
8,15379,1,0.0,474,12191,3188
100,15479,1,0.0,475,12196,3283
47,15526,1,0.0,476,12204,3322
11,15537,1,0.0,477,12205,3332
23,15560,1,0.0,478,12208,3352
54,15614,1,0.0,479,12214,3400
7,15621,1,0.0,480,12215,3406
10,15631,1,0.0,481,12218,3413
11,15642,1,0.0,482,12219,3423
33,15675,1,0.0,483,12223,3452
11,15686,1,0.0,484,12224,3462
14,15700,1,0.0,485,12225,3475
9,15709,1,0.0,486,12228,3481
18,15727,1,0.0,487,12231,3496
57,15784,1,0.0,488,12233,3551
100,15884,1,0.0,489,12240,3644
54,15938,1,0.0,490,12244,3694
31,15969,1,0.0,491,12248,3721
10,15979,1,0.0,492,12251,3728
27,16006,1,0.0,493,12253,3753
35,16041,1,0.0,494,12257,3784
7,16048,1,0.0,495,12257,3791
8,16056,1,0.0,496,12258,3798
18,16074,1,0.0,497,12259,3815
17,16091,1,0.0,498,12262,3829
11,16102,1,0.0,499,12263,3839
35,16137,1,0.0,500,12264,3873
75,16212,1,0.0,501,12272,3940
15,16227,1,0.0,502,12274,3953
14,16241,1,0.0,503,12275,3966
53,16294,1,0.0,504,12282,4012
30,16324,1,0.0,505,12287,4037
77,16401,1,0.0,506,12296,4105
11,16412,1,0.0,507,12297,4115
36,16448,1,0.0,508,12300,4148
12,16460,1,0.0,509,12300,4160
15,16475,1,0.0,510,12304,4171
73,16548,1,0.0,511,12314,4234
45,16593,1,0.0,512,12315,4278
46,16639,1,0.0,513,12318,4321
66,16705,1,0.0,514,12328,4377
31,16736,1,0.0,515,12331,4405
20,16756,1,0.0,516,12333,4423
32,16788,1,0.0,517,12338,4450
62,16850,1,0.0,518,12343,4507
13,16863,1,0.0,519,12347,4516
16,16879,1,0.0,520,12349,4530
25,16904,1,0.0,521,12350,4554
44,16948,1,0.0,522,12353,4595
29,16977,1,0.0,523,12355,4622
14,16991,1,0.0,524,12357,4634
25,17016,1,0.0,525,12359,4657
48,17064,1,0.0,526,12366,4698
23,17087,1,0.0,527,12369,4718
18,17105,1,0.0,528,12372,4733
100,17205,1,0.0,529,12386,4819
60,17265,1,0.0,530,12392,4873
25,17290,1,0.0,531,12393,4897
48,17338,1,0.0,532,12404,4934
21,17359,1,0.0,533,12407,4952
41,17400,1,0.0,534,12411,4989
48,17448,1,0.0,535,12414,5034
14,17462,1,0.0,536,12416,5046
57,17519,1,0.0,537,12422,5097
55,17574,1,0.0,538,12425,5149
38,17612,1,0.0,539,12430,5182
26,17638,1,0.0,540,12433,5205
11,17649,1,0.0,541,12434,5215
21,17670,1,0.0,542,12438,5232
37,17707,1,0.0,543,12439,5268
28,17735,1,0.0,544,12444,5291
19,17754,1,0.0,545,12446,5308
6,17760,1,0.0,546,12446,5314
24,17784,1,0.0,547,12451,5333
10,17794,1,0.0,548,12454,5340
10,17804,1,0.0,549,12455,5349
15,17819,1,0.0,550,12457,5362
78,17897,1,0.0,551,12462,5435
21,17918,1,0.0,552,12463,5455
26,17944,1,0.0,553,12467,5477
11,17955,1,0.0,554,12467,5488
17,17972,1,0.0,555,12470,5502
12,17984,1,0.0,556,12470,5514
38,18022,1,0.0,557,12473,5549
85,18107,1,0.0,558,12481,5626
64,18171,1,0.0,559,12486,5685
40,18211,1,0.0,560,12490,5721
29,18240,1,0.0,561,12492,5748
35,18275,1,0.0,562,12499,5776
25,18300,1,0.0,563,12500,5800
13,18313,1,0.0,564,12502,5811
46,18359,1,0.0,565,12506,5853
40,18399,1,0.0,566,12508,5891
30,18429,1,0.0,567,12516,5913
26,18455,1,0.0,568,12517,5938
9,18464,1,0.0,569,12517,5947
22,18486,1,0.0,570,12521,5965
42,18528,1,0.0,571,12525,6003
27,18555,1,0.0,572,12527,6028
21,18576,1,0.0,573,12530,6046
29,18605,1,0.0,574,12532,6073
20,18625,1,0.0,575,12535,6090
10,18635,1,0.0,576,12535,6100
24,18659,1,0.0,577,12536,6123
15,18674,1,0.0,578,12537,6137
16,18690,1,0.0,579,12538,6152
17,18707,1,0.0,580,12541,6166
30,18737,1,0.0,581,12542,6195
36,18773,1,0.0,582,12549,6224
12,18785,1,0.0,583,12550,6235
33,18818,1,0.0,584,12554,6264
17,18835,1,0.0,585,12554,6281
25,18860,1,0.0,586,12555,6305
28,18888,1,0.0,587,12556,6332
14,18902,1,0.0,588,12557,6345
56,18958,1,0.0,589,12562,6396
20,18978,1,0.0,590,12564,6414
55,19033,1,0.0,591,12569,6464
37,19070,1,0.0,592,12573,6497
19,19089,1,0.0,593,12574,6515
80,19169,1,0.0,594,12585,6584
46,19215,1,0.0,595,12589,6626
24,19239,1,0.0,596,12590,6649
33,19272,1,0.0,597,12594,6678
26,19298,1,0.0,598,12596,6702
8,19306,1,0.0,599,12597,6709
16,19322,1,0.0,600,12598,6724
100,19422,1,0.0,601,12611,6811
8,19430,1,0.0,602,12612,6818
31,19461,1,0.0,603,12616,6845
29,19490,1,0.0,604,12618,6872
23,19513,1,0.0,605,12620,6893
63,19576,1,0.0,606,12627,6949
90,19666,1,0.0,607,12639,7027
8,19674,1,0.0,608,12640,7034
54,19728,1,0.0,609,12646,7082
21,19749,1,0.0,610,12649,7100
19,19768,1,0.0,611,12651,7117
11,19779,1,0.0,612,12653,7126
41,19820,1,0.0,613,12655,7165
10,19830,1,0.0,614,12657,7173
9,19839,1,0.0,615,12657,7182
9,19848,1,0.0,616,12657,7191
17,19865,1,0.0,617,12658,7207
41,19906,1,0.0,618,12665,7241
35,19941,1,0.0,619,12671,7270
8,19949,1,0.0,620,12671,7278
31,19980,1,0.0,621,12676,7304
32,20012,1,0.0,622,12678,7334
38,20050,1,0.0,623,12680,7370
7,20057,1,0.0,624,12683,7374
47,20104,1,0.0,625,12687,7417
11,20115,1,0.0,626,12688,7427
29,20144,1,0.0,627,12690,7454
10,20154,1,0.0,628,12690,7464
8,20162,1,0.0,629,12690,7472
63,20225,1,0.0,630,12697,7528
14,20239,1,0.0,631,12700,7539
48,20287,1,0.0,632,12705,7582
49,20336,1,0.0,633,12711,7625
18,20354,1,0.0,634,12716,7638
17,20371,1,0.0,635,12716,7655
5,20376,1,0.0,636,12718,7658
100,20476,1,0.0,637,12723,7753
15,20491,1,0.0,638,12724,7767
15,20506,1,0.0,639,12726,7780
25,20531,1,0.0,640,12729,7802
24,20555,1,0.0,641,12734,7821
78,20633,1,0.0,642,12742,7891
18,20651,1,0.0,643,12743,7908
18,20669,1,0.0,644,12744,7925
54,20723,1,0.0,645,12748,7975
13,20736,1,0.0,646,12751,7985
78,20814,1,0.0,647,12761,8053
46,20860,1,0.0,648,12763,8097
46,20906,1,0.0,649,12766,8140
9,20915,1,0.0,650,12767,8148
20,20935,1,0.0,651,12770,8165
34,20969,1,0.0,652,12776,8193
14,20983,1,0.0,653,12779,8204
66,21049,1,0.0,654,12783,8266
62,21111,1,0.0,655,12789,8322
48,21159,1,0.0,656,12793,8366
16,21175,1,0.0,657,12794,8381
17,21192,1,0.0,658,12797,8395
50,21242,1,0.0,659,12805,8437
52,21294,1,0.0,660,12812,8482
17,21311,1,0.0,661,12812,8499
30,21341,1,0.0,662,12814,8527
12,21353,1,0.0,663,12815,8538
19,21372,1,0.0,664,12818,8554
9,21381,1,0.0,665,12818,8563
20,21401,1,0.0,666,12823,8578
21,21422,1,0.0,667,12828,8594
33,21455,1,0.0,668,12832,8623
25,21480,1,0.0,669,12838,8642
70,21550,1,0.0,670,12842,8708
18,21568,1,0.0,671,12845,8723
31,21599,1,0.0,672,12849,8750
7,21606,1,0.0,673,12850,8756
30,21636,1,0.0,674,12855,8781
52,21688,1,0.0,675,12863,8825
43,21731,1,0.0,676,12866,8865
7,21738,1,0.0,677,12867,8871
15,21753,1,0.0,678,12870,8883
45,21798,1,0.0,679,12872,8926
34,21832,1,0.0,680,12880,8952
18,21850,1,0.0,681,12881,8969
82,21932,1,0.0,682,12896,9036
8,21940,1,0.0,683,12896,9044
15,21955,1,0.0,684,12898,9057
53,22008,1,0.0,685,12905,9103
24,22032,1,0.0,686,12906,9126
48,22080,1,0.0,687,12910,9170
14,22094,1,0.0,688,12915,9179
13,22107,1,0.0,689,12919,9188
45,22152,1,0.0,690,12922,9230
11,22163,1,0.0,691,12922,9241
21,22184,1,0.0,692,12924,9260
26,22210,1,0.0,693,12927,9283
16,22226,1,0.0,694,12927,9299
9,22235,1,0.0,695,12927,9308
46,22281,1,0.0,696,12930,9351
18,22299,1,0.0,697,12932,9367
44,22343,1,0.0,698,12941,9402
29,22372,1,0.0,699,12943,9429
28,22400,1,0.0,700,12946,9454
33,22433,1,0.0,701,12949,9484
82,22515,1,0.0,702,12964,9551
23,22538,1,0.0,703,12968,9570
13,22551,1,0.0,704,12972,9579
6,22557,1,0.0,705,12972,9585
10,22567,1,0.0,706,12974,9593
22,22589,1,0.0,707,12975,9614
59,22648,1,0.0,708,12981,9667
14,22662,1,0.0,709,12982,9680
68,22730,1,0.0,710,12993,9737
15,22745,1,0.0,711,12995,9750
23,22768,1,0.0,712,12998,9770
27,22795,1,0.0,713,13000,9795
30,22825,1,0.0,714,13007,9818
9,22834,1,0.0,715,13007,9827
53,22887,1,0.0,716,13009,9878
19,22906,1,0.0,717,13011,9895
16,22922,1,0.0,718,13013,9909
24,22946,1,0.0,719,13018,9928
19,22965,1,0.0,720,13019,9946
13,22978,1,0.0,721,13020,9958
21,22999,1,0.0,722,13024,9975
37,23036,1,0.0,723,13026,10010
7,23043,1,0.0,724,13026,10017
38,23081,1,0.0,725,13028,10053
19,23100,1,0.0,726,13031,10069
52,23152,1,0.0,727,13033,10119
29,23181,1,0.0,728,13036,10145
82,23263,1,0.0,729,13045,10218
18,23281,1,0.0,730,13046,10235
68,23349,1,0.0,731,13049,10300
45,23394,1,0.0,732,13055,10339
24,23418,1,0.0,733,13062,10356
7,23425,1,0.0,734,13062,10363
72,23497,1,0.0,735,13069,10428
9,23506,1,0.0,736,13070,10436
15,23521,1,0.0,737,13071,10450
27,23548,1,0.0,738,13073,10475
32,23580,1,0.0,739,13075,10505
24,23604,1,0.0,740,13076,10528
10,23614,1,0.0,741,13077,10537
24,23638,1,0.0,742,13080,10558
11,23649,1,0.0,743,13080,10569
28,23677,1,0.0,744,13083,10594
8,23685,1,0.0,745,13083,10602
44,23729,1,0.0,746,13087,10642
23,23752,1,0.0,747,13091,10661
32,23784,1,0.0,748,13098,10686
10,23794,1,0.0,749,13098,10696
32,23826,1,0.0,750,13101,10725
23,23849,1,0.0,751,13104,10745
25,23874,1,0.0,752,13105,10769
36,23910,1,0.0,753,13108,10802
12,23922,1,0.0,754,13110,10812
34,23956,1,0.0,755,13113,10843
9,23965,1,0.0,756,13114,10851
35,24000,1,0.0,757,13116,10884
13,24013,1,0.0,758,13118,10895
26,24039,1,0.0,759,13120,10919
25,24064,1,0.0,760,13125,10939
16,24080,1,0.0,761,13126,10954
17,24097,1,0.0,762,13128,10969
72,24169,1,0.0,763,13135,11034
9,24178,1,0.0,764,13136,11042
30,24208,1,0.0,765,13138,11070
6,24214,1,0.0,766,13139,11075
35,24249,1,0.0,767,13142,11107
28,24277,1,0.0,768,13144,11133
87,24364,1,0.0,769,13152,11212
38,24402,1,0.0,770,13157,11245
19,24421,1,0.0,771,13159,11262
18,24439,1,0.0,772,13159,11280
14,24453,1,0.0,773,13159,11294
38,24491,1,0.0,774,13165,11326
28,24519,1,0.0,775,13168,11351
14,24533,1,0.0,776,13169,11364
19,24552,1,0.0,777,13171,11381
44,24596,1,0.0,778,13174,11422
52,24648,1,0.0,779,13181,11467
22,24670,1,0.0,780,13185,11485
24,24694,1,0.0,781,13189,11505
21,24715,1,0.0,782,13191,11524
49,24764,1,0.0,783,13198,11566
30,24794,1,0.0,784,13201,11593
15,24809,1,0.0,785,13203,11606
46,24855,1,0.0,786,13205,11650
17,24872,1,0.0,787,13206,11666
25,24897,1,0.0,788,13208,11689
41,24938,1,0.0,789,13211,11727
8,24946,1,0.0,790,13212,11734
23,24969,1,0.0,791,13214,11755
36,25005,1,0.0,792,13219,11786
21,25026,1,0.0,793,13219,11807
21,25047,1,0.0,794,13222,11825
16,25063,1,0.0,795,13222,11841
7,25070,1,0.0,796,13222,11848
29,25099,1,0.0,797,13224,11875
29,25128,1,0.0,798,13227,11901
67,25195,1,0.0,799,13229,11966
30,25225,1,0.0,800,13231,11994
31,25256,1,0.0,801,13233,12023
21,25277,1,0.0,802,13234,12043
12,25289,1,0.0,803,13235,12054
100,25389,1,0.0,804,13250,12139
17,25406,1,0.0,805,13253,12153
52,25458,1,0.0,806,13259,12199
31,25489,1,0.0,807,13260,12229
36,25525,1,0.0,808,13262,12263
76,25601,1,0.0,809,13275,12326
12,25613,1,0.0,810,13276,12337
27,25640,1,0.0,811,13277,12363
10,25650,1,0.0,812,13279,12371
29,25679,1,0.0,813,13282,12397
28,25707,1,0.0,814,13284,12423
100,25807,1,0.0,815,13297,12510
26,25833,1,0.0,816,13300,12533
23,25856,1,0.0,817,13303,12553
41,25897,1,0.0,818,13307,12590
19,25916,1,0.0,819,13309,12607
51,25967,1,0.0,820,13317,12650
48,26015,1,0.0,821,13320,12695
100,26115,1,0.0,822,13327,12788
20,26135,1,0.0,823,13327,12808
32,26167,1,0.0,824,13332,12835
17,26184,1,0.0,825,13335,12849
47,26231,1,0.0,826,13339,12892
60,26291,1,0.0,827,13343,12948
20,26311,1,0.0,828,13343,12968
25,26336,1,0.0,829,13346,12990
22,26358,1,0.0,830,13349,13009
36,26394,1,0.0,831,13355,13039
17,26411,1,0.0,832,13358,13053
42,26453,1,0.0,833,13365,13088
33,26486,1,0.0,834,13368,13118
16,26502,1,0.0,835,13369,13133
48,26550,1,0.0,836,13374,13176
65,26615,1,0.0,837,13382,13233
53,26668,1,0.0,838,13388,13280
33,26701,1,0.0,839,13390,13311
27,26728,1,0.0,840,13394,13334
34,26762,1,0.0,841,13399,13363
16,26778,1,0.0,842,13401,13377
14,26792,1,0.0,843,13401,13391
15,26807,1,0.0,844,13402,13405
83,26890,1,0.0,845,13409,13481
35,26925,1,0.0,846,13411,13514
99,27024,1,0.0,847,13419,13605
24,27048,1,0.0,848,13420,13628
20,27068,1,0.0,849,13423,13645
100,27168,1,0.0,850,13433,13735
97,27265,1,0.0,851,13445,13820
15,27280,1,0.0,852,13447,13833
21,27301,1,0.0,853,13448,13853
27,27328,1,0.0,854,13452,13876
8,27336,1,0.0,855,13454,13882
11,27347,1,0.0,856,13454,13893
47,27394,1,0.0,857,13458,13936
62,27456,1,0.0,858,13461,13995
47,27503,1,0.0,859,13463,14040
23,27526,1,0.0,860,13466,14060
21,27547,1,0.0,861,13470,14077
17,27564,1,0.0,862,13470,14094
31,27595,1,0.0,863,13471,14124
29,27624,1,0.0,864,13472,14152
36,27660,1,0.0,865,13474,14186
46,27706,1,0.0,866,13480,14226
13,27719,1,0.0,867,13483,14236
10,27729,1,0.0,868,13483,14246
67,27796,1,0.0,869,13489,14307
25,27821,1,0.0,870,13492,14329
23,27844,1,0.0,871,13495,14349
18,27862,1,0.0,872,13495,14367
64,27926,1,0.0,873,13498,14428
15,27941,1,0.0,874,13499,14442
45,27986,2,1.0,875,13502,14484
32,28018,2,0.0,876,13503,14515
14,28032,2,0.0,877,13504,14528
12,28044,2,0.0,878,13504,14540
9,28053,2,0.0,879,13504,14549
58,28111,2,0.0,880,13504,14607
20,28131,2,0.0,881,13504,14627
71,28202,2,0.0,882,13504,14698
37,28239,2,0.0,883,13504,14735
10,28249,2,0.0,884,13504,14745
14,28263,2,0.0,885,13504,14759
62,28325,2,0.0,886,13504,14821
47,28372,2,0.0,887,13504,14868
53,28425,2,0.0,888,13504,14921
33,28458,2,0.0,889,13504,14954
55,28513,2,0.0,890,13505,15008
18,28531,2,0.0,891,13505,15026
57,28588,2,0.0,892,13505,15083
31,28619,2,0.0,893,13505,15114
41,28660,2,0.0,894,13505,15155
10,28670,2,0.0,895,13505,15165
7,28677,2,0.0,896,13505,15172
29,28706,2,0.0,897,13505,15201
63,28769,2,0.0,898,13505,15264
29,28798,2,0.0,899,13505,15293
33,28831,2,0.0,900,13505,15326
53,28884,2,0.0,901,13505,15379
23,28907,2,0.0,902,13505,15402
24,28931,2,0.0,903,13505,15426
43,28974,2,0.0,904,13505,15469
31,29005,2,0.0,905,13505,15500
9,29014,2,0.0,906,13505,15509
16,29030,2,0.0,907,13505,15525
5,29035,2,0.0,908,13505,15530
34,29069,2,0.0,909,13505,15564
21,29090,2,0.0,910,13505,15585
19,29109,2,0.0,911,13505,15604
21,29130,2,0.0,912,13505,15625
36,29166,2,0.0,913,13505,15661
11,29177,2,0.0,914,13505,15672
45,29222,2,0.0,915,13505,15717
11,29233,2,0.0,916,13505,15728
24,29257,2,0.0,917,13505,15752
19,29276,2,0.0,918,13505,15771
11,29287,2,0.0,919,13505,15782
19,29306,2,0.0,920,13505,15801
13,29319,2,0.0,921,13505,15814
9,29328,2,0.0,922,13505,15823
42,29370,2,0.0,923,13505,15865
33,29403,2,0.0,924,13505,15898
26,29429,2,0.0,925,13505,15924
7,29436,2,0.0,926,13505,15931
12,29448,2,0.0,927,13505,15943
10,29458,2,0.0,928,13505,15953
17,29475,2,0.0,929,13505,15970
6,29481,2,0.0,930,13505,15976
17,29498,2,0.0,931,13505,15993
23,29521,2,0.0,932,13505,16016
40,29561,2,0.0,933,13505,16056
70,29631,2,0.0,934,13505,16126
8,29639,2,0.0,935,13505,16134
30,29669,2,0.0,936,13505,16164
24,29693,2,0.0,937,13505,16188
18,29711,2,0.0,938,13506,16205
17,29728,2,0.0,939,13506,16222
21,29749,2,0.0,940,13506,16243
5,29754,2,0.0,941,13506,16248
49,29803,2,0.0,942,13507,16296
12,29815,2,0.0,943,13507,16308
24,29839,2,0.0,944,13507,16332
20,29859,2,0.0,945,13507,16352
41,29900,2,0.0,946,13507,16393
8,29908,2,0.0,947,13507,16401
62,29970,2,0.0,948,13507,16463
19,29989,2,0.0,949,13507,16482
21,30010,2,0.0,950,13507,16503
35,30045,2,0.0,951,13507,16538
28,30073,2,0.0,952,13507,16566
38,30111,2,0.0,953,13507,16604
23,30134,2,0.0,954,13507,16627
9,30143,2,0.0,955,13507,16636
54,30197,2,0.0,956,13507,16690
5,30202,2,0.0,957,13507,16695
5,30207,2,0.0,958,13507,16700
21,30228,2,0.0,959,13507,16721
17,30245,2,0.0,960,13507,16738
38,30283,2,0.0,961,13507,16776
18,30301,2,0.0,962,13507,16794
45,30346,2,0.0,963,13507,16839
37,30383,2,0.0,964,13507,16876
100,30483,2,0.0,965,13508,16975
17,30500,2,0.0,966,13508,16992
28,30528,2,0.0,967,13508,17020
36,30564,2,0.0,968,13508,17056
30,30594,2,0.0,969,13508,17086
20,30614,2,0.0,970,13508,17106
29,30643,2,0.0,971,13508,17135
48,30691,2,0.0,972,13508,17183
13,30704,2,0.0,973,13508,17196
5,30709,2,0.0,974,13508,17201
79,30788,2,0.0,975,13508,17280
15,30803,2,0.0,976,13508,17295
16,30819,2,0.0,977,13508,17311
9,30828,2,0.0,978,13508,17320
21,30849,2,0.0,979,13508,17341
14,30863,2,0.0,980,13508,17355
12,30875,2,0.0,981,13508,17367
33,30908,2,0.0,982,13508,17400
25,30933,2,0.0,983,13508,17425
7,30940,2,0.0,984,13508,17432
30,30970,2,0.0,985,13508,17462
14,30984,2,0.0,986,13508,17476
17,31001,2,0.0,987,13508,17493
47,31048,2,0.0,988,13508,17540
28,31076,2,0.0,989,13508,17568
17,31093,2,0.0,990,13508,17585
42,31135,2,0.0,991,13508,17627
12,31147,2,0.0,992,13508,17639
6,31153,2,0.0,993,13508,17645
8,31161,2,0.0,994,13508,17653
20,31181,2,0.0,995,13508,17673
20,31201,2,0.0,996,13508,17693
26,31227,2,0.0,997,13508,17719
16,31243,2,0.0,998,13508,17735
26,31269,2,0.0,999,13508,17761
17,31286,2,0.0,1000,13508,17778
28,31314,2,0.0,1001,13508,17806
12,31326,2,0.0,1002,13508,17818
35,31361,2,0.0,1003,13508,17853
86,31447,2,0.0,1004,13508,17939
19,31466,2,0.0,1005,13508,17958
30,31496,2,0.0,1006,13508,17988
8,31504,2,0.0,1007,13508,17996
70,31574,2,0.0,1008,13508,18066
12,31586,2,0.0,1009,13508,18078
19,31605,2,0.0,1010,13508,18097
23,31628,2,0.0,1011,13508,18120
58,31686,2,0.0,1012,13508,18178
39,31725,2,0.0,1013,13508,18217
64,31789,3,1.0,1014,13508,18281
21,31810,3,0.0,1015,13508,18302
10,31820,3,0.0,1016,13508,18312
39,31859,3,0.0,1017,13508,18351
62,31921,3,0.0,1018,13508,18413
55,31976,3,0.0,1019,13508,18468
21,31997,3,0.0,1020,13508,18489
14,32011,3,0.0,1021,13508,18503
34,32045,3,0.0,1022,13508,18537
11,32056,3,0.0,1023,13508,18548
19,32075,3,0.0,1024,13508,18567
19,32094,3,0.0,1025,13508,18586
11,32105,3,0.0,1026,13508,18597
11,32116,3,0.0,1027,13508,18608
61,32177,3,0.0,1028,13508,18669
9,32186,3,0.0,1029,13508,18678
96,32282,3,0.0,1030,13508,18774
11,32293,3,0.0,1031,13508,18785
12,32305,3,0.0,1032,13508,18797
7,32312,3,0.0,1033,13508,18804
83,32395,3,0.0,1034,13508,18887
28,32423,3,0.0,1035,13508,18915
53,32476,3,0.0,1036,13508,18968
66,32542,3,0.0,1037,13508,19034
13,32555,3,0.0,1038,13508,19047
41,32596,3,0.0,1039,13508,19088
29,32625,3,0.0,1040,13508,19117
20,32645,3,0.0,1041,13508,19137
26,32671,3,0.0,1042,13508,19163
55,32726,3,0.0,1043,13508,19218
17,32743,3,0.0,1044,13508,19235
36,32779,3,0.0,1045,13508,19271
62,32841,3,0.0,1046,13508,19333
25,32866,3,0.0,1047,13508,19358
41,32907,3,0.0,1048,13508,19399
36,32943,3,0.0,1049,13508,19435
45,32988,3,0.0,1050,13508,19480
9,32997,3,0.0,1051,13508,19489
11,33008,3,0.0,1052,13508,19500
48,33056,3,0.0,1053,13508,19548
23,33079,3,0.0,1054,13508,19571
18,33097,3,0.0,1055,13508,19589
16,33113,3,0.0,1056,13508,19605
27,33140,3,0.0,1057,13508,19632
28,33168,3,0.0,1058,13508,19660
30,33198,3,0.0,1059,13508,19690
31,33229,3,0.0,1060,13508,19721
51,33280,3,0.0,1061,13508,19772
58,33338,3,0.0,1062,13508,19830
25,33363,3,0.0,1063,13508,19855
13,33376,3,0.0,1064,13508,19868
45,33421,4,1.0,1065,13508,19913
60,33481,4,0.0,1066,13508,19973
16,33497,4,0.0,1067,13508,19989
14,33511,4,0.0,1068,13508,20003
43,33554,4,0.0,1069,13508,20046
34,33588,4,0.0,1070,13508,20080
9,33597,4,0.0,1071,13508,20089
15,33612,4,0.0,1072,13508,20104
38,33650,4,0.0,1073,13508,20142
41,33691,4,0.0,1074,13508,20183
5,33696,4,0.0,1075,13508,20188
36,33732,4,0.0,1076,13508,20224
31,33763,4,0.0,1077,13508,20255
81,33844,4,0.0,1078,13508,20336
20,33864,4,0.0,1079,13508,20356
27,33891,4,0.0,1080,13508,20383
29,33920,4,0.0,1081,13508,20412
14,33934,4,0.0,1082,13508,20426
37,33971,4,0.0,1083,13508,20463
71,34042,4,0.0,1084,13508,20534
36,34078,4,0.0,1085,13508,20570
38,34116,4,0.0,1086,13508,20608
30,34146,4,0.0,1087,13508,20638
12,34158,4,0.0,1088,13508,20650
39,34197,4,0.0,1089,13508,20689
8,34205,4,0.0,1090,13508,20697
26,34231,4,0.0,1091,13508,20723
22,34253,4,0.0,1092,13508,20745
39,34292,4,0.0,1093,13508,20784
22,34314,4,0.0,1094,13508,20806
36,34350,4,0.0,1095,13508,20842
18,34368,4,0.0,1096,13508,20860
52,34420,4,0.0,1097,13508,20912
38,34458,4,0.0,1098,13508,20950
36,34494,4,0.0,1099,13508,20986
46,34540,4,0.0,1100,13508,21032
20,34560,4,0.0,1101,13508,21052
12,34572,4,0.0,1102,13508,21064
46,34618,4,0.0,1103,13508,21110
16,34634,4,0.0,1104,13508,21126
9,34643,4,0.0,1105,13508,21135
21,34664,4,0.0,1106,13508,21156
29,34693,4,0.0,1107,13508,21185
31,34724,4,0.0,1108,13508,21216
11,34735,4,0.0,1109,13508,21227
65,34800,4,0.0,1110,13508,21292
30,34830,4,0.0,1111,13508,21322
31,34861,4,0.0,1112,13508,21353
36,34897,4,0.0,1113,13508,21389
27,34924,4,0.0,1114,13508,21416
47,34971,4,0.0,1115,13508,21463
29,35000,4,0.0,1116,13508,21492
16,35016,4,0.0,1117,13508,21508
66,35082,4,0.0,1118,13508,21574
48,35130,4,0.0,1119,13508,21622
30,35160,4,0.0,1120,13508,21652
36,35196,4,0.0,1121,13508,21688
66,35262,4,0.0,1122,13508,21754
25,35287,4,0.0,1123,13508,21779
15,35302,4,0.0,1124,13508,21794
26,35328,4,0.0,1125,13508,21820
28,35356,4,0.0,1126,13508,21848
20,35376,4,0.0,1127,13508,21868
10,35386,4,0.0,1128,13508,21878
18,35404,4,0.0,1129,13508,21896
59,35463,4,0.0,1130,13508,21955
16,35479,4,0.0,1131,13508,21971
24,35503,4,0.0,1132,13508,21995
8,35511,4,0.0,1133,13508,22003
10,35521,4,0.0,1134,13508,22013
22,35543,4,0.0,1135,13508,22035
20,35563,4,0.0,1136,13508,22055
60,35623,4,0.0,1137,13508,22115
9,35632,4,0.0,1138,13508,22124
47,35679,4,0.0,1139,13508,22171
34,35713,4,0.0,1140,13508,22205
60,35773,4,0.0,1141,13508,22265
30,35803,4,0.0,1142,13508,22295
30,35833,4,0.0,1143,13508,22325
14,35847,4,0.0,1144,13508,22339
22,35869,4,0.0,1145,13508,22361
16,35885,4,0.0,1146,13508,22377
86,35971,4,0.0,1147,13508,22463
27,35998,4,0.0,1148,13508,22490
24,36022,4,0.0,1149,13508,22514
23,36045,4,0.0,1150,13508,22537
30,36075,4,0.0,1151,13508,22567
26,36101,4,0.0,1152,13508,22593
8,36109,4,0.0,1153,13508,22601
10,36119,4,0.0,1154,13508,22611
30,36149,4,0.0,1155,13508,22641
25,36174,4,0.0,1156,13508,22666
13,36187,4,0.0,1157,13508,22679
14,36201,4,0.0,1158,13508,22693
30,36231,4,0.0,1159,13508,22723
59,36290,4,0.0,1160,13508,22782
24,36314,4,0.0,1161,13508,22806
25,36339,4,0.0,1162,13508,22831
10,36349,4,0.0,1163,13508,22841
17,36366,4,0.0,1164,13508,22858
40,36406,4,0.0,1165,13508,22898
21,36427,4,0.0,1166,13508,22919
25,36452,4,0.0,1167,13508,22944
16,36468,4,0.0,1168,13508,22960
37,36505,4,0.0,1169,13508,22997
17,36522,4,0.0,1170,13508,23014
22,36544,4,0.0,1171,13508,23036
23,36567,4,0.0,1172,13508,23059
46,36613,4,0.0,1173,13508,23105
10,36623,4,0.0,1174,13508,23115
20,36643,4,0.0,1175,13508,23135
29,36672,4,0.0,1176,13508,23164
11,36683,4,0.0,1177,13508,23175
54,36737,4,0.0,1178,13508,23229
31,36768,4,0.0,1179,13508,23260
25,36793,4,0.0,1180,13508,23285
55,36848,4,0.0,1181,13508,23340
13,36861,4,0.0,1182,13508,23353
15,36876,4,0.0,1183,13508,23368
19,36895,4,0.0,1184,13508,23387
31,36926,4,0.0,1185,13508,23418
46,36972,4,0.0,1186,13508,23464
57,37029,4,0.0,1187,13508,23521
7,37036,4,0.0,1188,13508,23528
35,37071,4,0.0,1189,13508,23563
23,37094,4,0.0,1190,13508,23586
24,37118,4,0.0,1191,13508,23610
9,37127,4,0.0,1192,13508,23619
15,37142,4,0.0,1193,13508,23634
34,37176,4,0.0,1194,13508,23668
17,37193,4,0.0,1195,13508,23685
44,37237,4,0.0,1196,13508,23729
42,37279,4,0.0,1197,13508,23771
8,37287,4,0.0,1198,13508,23779
16,37303,4,0.0,1199,13508,23795
26,37329,4,0.0,1200,13508,23821
13,37342,4,0.0,1201,13508,23834
68,37410,4,0.0,1202,13508,23902
23,37433,4,0.0,1203,13508,23925
51,37484,4,0.0,1204,13508,23976
97,37581,4,0.0,1205,13508,24073
24,37605,4,0.0,1206,13508,24097
15,37620,4,0.0,1207,13508,24112
38,37658,4,0.0,1208,13508,24150
12,37670,4,0.0,1209,13508,24162
9,37679,4,0.0,1210,13508,24171
31,37710,4,0.0,1211,13508,24202
25,37735,4,0.0,1212,13508,24227
48,37783,4,0.0,1213,13508,24275
13,37796,4,0.0,1214,13508,24288
16,37812,4,0.0,1215,13508,24304
9,37821,4,0.0,1216,13508,24313
10,37831,4,0.0,1217,13508,24323
27,37858,4,0.0,1218,13508,24350
16,37874,4,0.0,1219,13508,24366
9,37883,4,0.0,1220,13508,24375
16,37899,4,0.0,1221,13508,24391
30,37929,4,0.0,1222,13508,24421
49,37978,4,0.0,1223,13508,24470
21,37999,4,0.0,1224,13508,24491
32,38031,4,0.0,1225,13508,24523
74,38105,4,0.0,1226,13509,24596
61,38166,4,0.0,1227,13509,24657
10,38176,4,0.0,1228,13509,24667
26,38202,4,0.0,1229,13509,24693
41,38243,4,0.0,1230,13509,24734
21,38264,4,0.0,1231,13509,24755
34,38298,4,0.0,1232,13509,24789
50,38348,4,0.0,1233,13509,24839
32,38380,4,0.0,1234,13509,24871
29,38409,4,0.0,1235,13509,24900
13,38422,4,0.0,1236,13509,24913
33,38455,4,0.0,1237,13509,24946
13,38468,4,0.0,1238,13509,24959
25,38493,4,0.0,1239,13509,24984
50,38543,4,0.0,1240,13509,25034
45,38588,4,0.0,1241,13509,25079
16,38604,4,0.0,1242,13509,25095
19,38623,4,0.0,1243,13509,25114
14,38637,4,0.0,1244,13509,25128
100,38737,4,0.0,1245,13509,25228
10,38747,4,0.0,1246,13509,25238
21,38768,4,0.0,1247,13509,25259
10,38778,4,0.0,1248,13509,25269
44,38822,4,0.0,1249,13509,25313
33,38855,4,0.0,1250,13509,25346
32,38887,4,0.0,1251,13509,25378
11,38898,4,0.0,1252,13509,25389
57,38955,4,0.0,1253,13509,25446
87,39042,4,0.0,1254,13509,25533
31,39073,4,0.0,1255,13509,25564
34,39107,4,0.0,1256,13509,25598
13,39120,4,0.0,1257,13509,25611
9,39129,4,0.0,1258,13509,25620
20,39149,4,0.0,1259,13509,25640
50,39199,4,0.0,1260,13509,25690
49,39248,4,0.0,1261,13509,25739
54,39302,4,0.0,1262,13509,25793
21,39323,4,0.0,1263,13509,25814
100,39423,4,0.0,1264,13509,25914
31,39454,4,0.0,1265,13509,25945
20,39474,4,0.0,1266,13509,25965
97,39571,4,0.0,1267,13509,26062
7,39578,4,0.0,1268,13509,26069
28,39606,4,0.0,1269,13509,26097
21,39627,4,0.0,1270,13509,26118
20,39647,4,0.0,1271,13509,26138
61,39708,4,0.0,1272,13509,26199
89,39797,4,0.0,1273,13509,26288
14,39811,4,0.0,1274,13509,26302
36,39847,4,0.0,1275,13509,26338
18,39865,4,0.0,1276,13509,26356
49,39914,4,0.0,1277,13509,26405
18,39932,4,0.0,1278,13509,26423
19,39951,4,0.0,1279,13509,26442
22,39973,4,0.0,1280,13509,26464
31,40004,4,0.0,1281,13509,26495
33,40037,4,0.0,1282,13509,26528
11,40048,4,0.0,1283,13509,26539
8,40056,4,0.0,1284,13509,26547
25,40081,4,0.0,1285,13509,26572
11,40092,4,0.0,1286,13509,26583
16,40108,4,0.0,1287,13509,26599
100,40208,4,0.0,1288,13509,26699
24,40232,4,0.0,1289,13509,26723
22,40254,4,0.0,1290,13509,26745
23,40277,4,0.0,1291,13509,26768
31,40308,4,0.0,1292,13509,26799
20,40328,4,0.0,1293,13509,26819
54,40382,4,0.0,1294,13509,26873
14,40396,4,0.0,1295,13509,26887
36,40432,4,0.0,1296,13509,26923
40,40472,4,0.0,1297,13509,26963
57,40529,4,0.0,1298,13509,27020
26,40555,4,0.0,1299,13509,27046
47,40602,4,0.0,1300,13509,27093
18,40620,4,0.0,1301,13509,27111
13,40633,4,0.0,1302,13509,27124
40,40673,4,0.0,1303,13509,27164
50,40723,4,0.0,1304,13509,27214
12,40735,4,0.0,1305,13509,27226
51,40786,4,0.0,1306,13510,27276
5,40791,4,0.0,1307,13510,27281
39,40830,4,0.0,1308,13510,27320
31,40861,4,0.0,1309,13510,27351
37,40898,4,0.0,1310,13510,27388
7,40905,4,0.0,1311,13510,27395
7,40912,4,0.0,1312,13510,27402
37,40949,4,0.0,1313,13510,27439
32,40981,4,0.0,1314,13510,27471
19,41000,4,0.0,1315,13510,27490
32,41032,4,0.0,1316,13510,27522
12,41044,4,0.0,1317,13510,27534
34,41078,4,0.0,1318,13510,27568
25,41103,4,0.0,1319,13510,27593
27,41130,4,0.0,1320,13510,27620
13,41143,4,0.0,1321,13510,27633
5,41148,4,0.0,1322,13510,27638
5,41153,4,0.0,1323,13510,27643
20,41173,4,0.0,1324,13510,27663
100,41273,4,0.0,1325,13510,27763
62,41335,4,0.0,1326,13510,27825
27,41362,4,0.0,1327,13510,27852
28,41390,4,0.0,1328,13510,27880
15,41405,4,0.0,1329,13510,27895
100,41505,4,0.0,1330,13510,27995
42,41547,4,0.0,1331,13510,28037
18,41565,4,0.0,1332,13510,28055
11,41576,4,0.0,1333,13510,28066
26,41602,4,0.0,1334,13510,28092
15,41617,4,0.0,1335,13510,28107
28,41645,4,0.0,1336,13510,28135
15,41660,4,0.0,1337,13510,28150
31,41691,4,0.0,1338,13510,28181
19,41710,4,0.0,1339,13510,28200
10,41720,4,0.0,1340,13510,28210
28,41748,4,0.0,1341,13510,28238
33,41781,4,0.0,1342,13510,28271
71,41852,4,0.0,1343,13510,28342
64,41916,4,0.0,1344,13510,28406
39,41955,4,0.0,1345,13510,28445
69,42024,4,0.0,1346,13510,28514
37,42061,4,0.0,1347,13510,28551
10,42071,4,0.0,1348,13510,28561
29,42100,4,0.0,1349,13510,28590
35,42135,4,0.0,1350,13510,28625
30,42165,4,0.0,1351,13510,28655
48,42213,4,0.0,1352,13510,28703
23,42236,4,0.0,1353,13510,28726
22,42258,4,0.0,1354,13510,28748
14,42272,4,0.0,1355,13510,28762
13,42285,4,0.0,1356,13510,28775
26,42311,4,0.0,1357,13510,28801
27,42338,4,0.0,1358,13510,28828
26,42364,4,0.0,1359,13510,28854
17,42381,4,0.0,1360,13510,28871
89,42470,4,0.0,1361,13510,28960
15,42485,4,0.0,1362,13510,28975
48,42533,4,0.0,1363,13510,29023
9,42542,4,0.0,1364,13510,29032
36,42578,4,0.0,1365,13511,29067
14,42592,4,0.0,1366,13512,29080
70,42662,4,0.0,1367,13512,29150
16,42678,4,0.0,1368,13512,29166
24,42702,4,0.0,1369,13512,29190
41,42743,4,0.0,1370,13512,29231
28,42771,4,0.0,1371,13512,29259
15,42786,4,0.0,1372,13512,29274
29,42815,4,0.0,1373,13512,29303
10,42825,4,0.0,1374,13512,29313
25,42850,4,0.0,1375,13512,29338
40,42890,4,0.0,1376,13512,29378
32,42922,4,0.0,1377,13512,29410
19,42941,4,0.0,1378,13512,29429
69,43010,4,0.0,1379,13512,29498
21,43031,4,0.0,1380,13512,29519
20,43051,4,0.0,1381,13512,29539
43,43094,4,0.0,1382,13512,29582
12,43106,4,0.0,1383,13512,29594
11,43117,4,0.0,1384,13512,29605
21,43138,4,0.0,1385,13512,29626
5,43143,4,0.0,1386,13512,29631
18,43161,4,0.0,1387,13512,29649
13,43174,4,0.0,1388,13512,29662
49,43223,4,0.0,1389,13512,29711
11,43234,4,0.0,1390,13512,29722
23,43257,4,0.0,1391,13512,29745
35,43292,4,0.0,1392,13512,29780
26,43318,4,0.0,1393,13512,29806
21,43339,4,0.0,1394,13512,29827
74,43413,4,0.0,1395,13512,29901
26,43439,4,0.0,1396,13512,29927
76,43515,4,0.0,1397,13512,30003
6,43521,4,0.0,1398,13512,30009
100,43621,4,0.0,1399,13512,30109
49,43670,4,0.0,1400,13512,30158
18,43688,4,0.0,1401,13512,30176
19,43707,4,0.0,1402,13512,30195
13,43720,4,0.0,1403,13512,30208
9,43729,4,0.0,1404,13512,30217
13,43742,4,0.0,1405,13512,30230
42,43784,4,0.0,1406,13512,30272
15,43799,4,0.0,1407,13512,30287
11,43810,4,0.0,1408,13512,30298
13,43823,4,0.0,1409,13512,30311
31,43854,4,0.0,1410,13512,30342
9,43863,4,0.0,1411,13512,30351
15,43878,4,0.0,1412,13512,30366
17,43895,4,0.0,1413,13512,30383
56,43951,4,0.0,1414,13512,30439
39,43990,4,0.0,1415,13512,30478
27,44017,4,0.0,1416,13512,30505
20,44037,4,0.0,1417,13512,30525
14,44051,4,0.0,1418,13512,30539
9,44060,4,0.0,1419,13512,30548
27,44087,4,0.0,1420,13512,30575
74,44161,4,0.0,1421,13512,30649
13,44174,4,0.0,1422,13512,30662
20,44194,4,0.0,1423,13512,30682
16,44210,4,0.0,1424,13512,30698
38,44248,4,0.0,1425,13512,30736
14,44262,4,0.0,1426,13512,30750
28,44290,4,0.0,1427,13512,30778
52,44342,4,0.0,1428,13512,30830
15,44357,4,0.0,1429,13512,30845
13,44370,4,0.0,1430,13512,30858
26,44396,4,0.0,1431,13512,30884
33,44429,4,0.0,1432,13512,30917
45,44474,4,0.0,1433,13512,30962
42,44516,4,0.0,1434,13512,31004
76,44592,4,0.0,1435,13512,31080
65,44657,4,0.0,1436,13512,31145
50,44707,4,0.0,1437,13513,31194
93,44800,4,0.0,1438,13513,31287
100,44900,4,0.0,1439,13513,31387
14,44914,4,0.0,1440,13513,31401
14,44928,4,0.0,1441,13513,31415
20,44948,4,0.0,1442,13513,31435
16,44964,4,0.0,1443,13513,31451
93,45057,4,0.0,1444,13513,31544
47,45104,4,0.0,1445,13513,31591
14,45118,4,0.0,1446,13513,31605
15,45133,4,0.0,1447,13513,31620
75,45208,4,0.0,1448,13513,31695
18,45226,4,0.0,1449,13513,31713
33,45259,4,0.0,1450,13513,31746
6,45265,4,0.0,1451,13513,31752
13,45278,4,0.0,1452,13513,31765
26,45304,4,0.0,1453,13513,31791
44,45348,4,0.0,1454,13513,31835
21,45369,4,0.0,1455,13513,31856
16,45385,4,0.0,1456,13513,31872
7,45392,4,0.0,1457,13513,31879
46,45438,4,0.0,1458,13513,31925
38,45476,4,0.0,1459,13513,31963
100,45576,4,0.0,1460,13513,32063
100,45676,4,0.0,1461,13513,32163
12,45688,4,0.0,1462,13513,32175
6,45694,4,0.0,1463,13513,32181
58,45752,4,0.0,1464,13513,32239
50,45802,4,0.0,1465,13513,32289
6,45808,4,0.0,1466,13513,32295
18,45826,4,0.0,1467,13513,32313
20,45846,4,0.0,1468,13513,32333
31,45877,4,0.0,1469,13513,32364
12,45889,4,0.0,1470,13513,32376
16,45905,4,0.0,1471,13513,32392
34,45939,4,0.0,1472,13513,32426
22,45961,4,0.0,1473,13513,32448
28,45989,4,0.0,1474,13513,32476
22,46011,4,0.0,1475,13513,32498
61,46072,4,0.0,1476,13513,32559
68,46140,4,0.0,1477,13513,32627
72,46212,4,0.0,1478,13513,32699
8,46220,4,0.0,1479,13513,32707
52,46272,4,0.0,1480,13513,32759
17,46289,4,0.0,1481,13513,32776
20,46309,4,0.0,1482,13513,32796
16,46325,4,0.0,1483,13513,32812
30,46355,4,0.0,1484,13513,32842
7,46362,4,0.0,1485,13513,32849
10,46372,4,0.0,1486,13513,32859
81,46453,4,0.0,1487,13513,32940
25,46478,4,0.0,1488,13513,32965
82,46560,4,0.0,1489,13513,33047
34,46594,4,0.0,1490,13513,33081
34,46628,4,0.0,1491,13513,33115
13,46641,4,0.0,1492,13513,33128
12,46653,4,0.0,1493,13513,33140
13,46666,4,0.0,1494,13513,33153
17,46683,4,0.0,1495,13513,33170
47,46730,4,0.0,1496,13513,33217
24,46754,4,0.0,1497,13513,33241
12,46766,4,0.0,1498,13513,33253
11,46777,4,0.0,1499,13513,33264
42,46819,4,0.0,1500,13513,33306
12,46831,4,0.0,1501,13513,33318
80,46911,4,0.0,1502,13513,33398
16,46927,4,0.0,1503,13513,33414
12,46939,4,0.0,1504,13513,33426
30,46969,4,0.0,1505,13513,33456
16,46985,4,0.0,1506,13513,33472
5,46990,4,0.0,1507,13513,33477
14,47004,4,0.0,1508,13513,33491
32,47036,4,0.0,1509,13513,33523
30,47066,4,0.0,1510,13513,33553
34,47100,4,0.0,1511,13513,33587
31,47131,4,0.0,1512,13513,33618
18,47149,4,0.0,1513,13513,33636
22,47171,4,0.0,1514,13513,33658
100,47271,4,0.0,1515,13513,33758
15,47286,4,0.0,1516,13513,33773
29,47315,4,0.0,1517,13513,33802
16,47331,4,0.0,1518,13513,33818
11,47342,4,0.0,1519,13513,33829
8,47350,4,0.0,1520,13513,33837
10,47360,4,0.0,1521,13513,33847
22,47382,4,0.0,1522,13513,33869
45,47427,4,0.0,1523,13513,33914
32,47459,4,0.0,1524,13513,33946
59,47518,4,0.0,1525,13513,34005
18,47536,4,0.0,1526,13513,34023
69,47605,4,0.0,1527,13513,34092
8,47613,4,0.0,1528,13513,34100
34,47647,4,0.0,1529,13513,34134
38,47685,4,0.0,1530,13513,34172
28,47713,4,0.0,1531,13513,34200
10,47723,4,0.0,1532,13513,34210
14,47737,4,0.0,1533,13513,34224
35,47772,4,0.0,1534,13513,34259
20,47792,4,0.0,1535,13513,34279
39,47831,4,0.0,1536,13513,34318
15,47846,4,0.0,1537,13513,34333
38,47884,4,0.0,1538,13513,34371
37,47921,4,0.0,1539,13513,34408
40,47961,4,0.0,1540,13513,34448
56,48017,4,0.0,1541,13513,34504
74,48091,4,0.0,1542,13513,34578
18,48109,4,0.0,1543,13513,34596
23,48132,4,0.0,1544,13513,34619
7,48139,4,0.0,1545,13513,34626
31,48170,4,0.0,1546,13513,34657
33,48203,4,0.0,1547,13513,34690
11,48214,4,0.0,1548,13513,34701
26,48240,4,0.0,1549,13513,34727
19,48259,4,0.0,1550,13513,34746
63,48322,4,0.0,1551,13513,34809
56,48378,4,0.0,1552,13513,34865
14,48392,4,0.0,1553,13513,34879
100,48492,4,0.0,1554,13513,34979
10,48502,4,0.0,1555,13513,34989
17,48519,4,0.0,1556,13513,35006
41,48560,4,0.0,1557,13513,35047
10,48570,4,0.0,1558,13513,35057
49,48619,4,0.0,1559,13513,35106
19,48638,4,0.0,1560,13513,35125
24,48662,4,0.0,1561,13513,35149
40,48702,4,0.0,1562,13513,35189
21,48723,4,0.0,1563,13513,35210
22,48745,4,0.0,1564,13513,35232
26,48771,4,0.0,1565,13513,35258
24,48795,4,0.0,1566,13513,35282
29,48824,4,0.0,1567,13513,35311
26,48850,4,0.0,1568,13513,35337
16,48866,4,0.0,1569,13513,35353
40,48906,4,0.0,1570,13513,35393
7,48913,4,0.0,1571,13513,35400
21,48934,4,0.0,1572,13513,35421
76,49010,4,0.0,1573,13513,35497
39,49049,4,0.0,1574,13513,35536
23,49072,4,0.0,1575,13513,35559
17,49089,4,0.0,1576,13513,35576
9,49098,4,0.0,1577,13513,35585
11,49109,4,0.0,1578,13513,35596
43,49152,4,0.0,1579,13513,35639
92,49244,4,0.0,1580,13513,35731
15,49259,4,0.0,1581,13513,35746
44,49303,4,0.0,1582,13513,35790
24,49327,4,0.0,1583,13513,35814
37,49364,4,0.0,1584,13513,35851
46,49410,4,0.0,1585,13513,35897
26,49436,4,0.0,1586,13513,35923
19,49455,4,0.0,1587,13513,35942
15,49470,4,0.0,1588,13513,35957
34,49504,4,0.0,1589,13513,35991
28,49532,4,0.0,1590,13513,36019
23,49555,4,0.0,1591,13513,36042
38,49593,4,0.0,1592,13513,36080
44,49637,4,0.0,1593,13513,36124
25,49662,4,0.0,1594,13513,36149
35,49697,4,0.0,1595,13513,36184
37,49734,4,0.0,1596,13513,36221
15,49749,4,0.0,1597,13513,36236
9,49758,4,0.0,1598,13513,36245
6,49764,4,0.0,1599,13513,36251
10,49774,4,0.0,1600,13513,36261
36,49810,4,0.0,1601,13513,36297
24,49834,4,0.0,1602,13513,36321
49,49883,4,0.0,1603,13513,36370
63,49946,4,0.0,1604,13513,36433
18,49964,4,0.0,1605,13513,36451
36,50000,4,0.0,1606,13513,36487
20,50020,4,0.0,1607,13513,36507
39,50059,4,0.0,1608,13513,36546
87,50146,4,0.0,1609,13513,36633
15,50161,4,0.0,1610,13513,36648
48,50209,4,0.0,1611,13513,36696
30,50239,4,0.0,1612,13513,36726
29,50268,4,0.0,1613,13513,36755
13,50281,4,0.0,1614,13513,36768
13,50294,4,0.0,1615,13513,36781
21,50315,4,0.0,1616,13513,36802
62,50377,4,0.0,1617,13513,36864
59,50436,4,0.0,1618,13513,36923
57,50493,4,0.0,1619,13513,36980
5,50498,4,0.0,1620,13513,36985
75,50573,4,0.0,1621,13513,37060
14,50587,4,0.0,1622,13513,37074
30,50617,4,0.0,1623,13513,37104
8,50625,4,0.0,1624,13513,37112
21,50646,4,0.0,1625,13513,37133
19,50665,4,0.0,1626,13513,37152
7,50672,4,0.0,1627,13513,37159
42,50714,4,0.0,1628,13513,37201
20,50734,4,0.0,1629,13513,37221
40,50774,4,0.0,1630,13513,37261
50,50824,4,0.0,1631,13513,37311
30,50854,4,0.0,1632,13513,37341
27,50881,4,0.0,1633,13513,37368
30,50911,4,0.0,1634,13513,37398
15,50926,4,0.0,1635,13513,37413
74,51000,4,0.0,1636,13513,37487
36,51036,4,0.0,1637,13513,37523
12,51048,4,0.0,1638,13513,37535
9,51057,4,0.0,1639,13513,37544
16,51073,4,0.0,1640,13513,37560
46,51119,4,0.0,1641,13513,37606
100,51219,4,0.0,1642,13513,37706
32,51251,4,0.0,1643,13513,37738
69,51320,4,0.0,1644,13513,37807
43,51363,4,0.0,1645,13513,37850
66,51429,4,0.0,1646,13513,37916
79,51508,4,0.0,1647,13513,37995
9,51517,4,0.0,1648,13513,38004
22,51539,4,0.0,1649,13513,38026
23,51562,4,0.0,1650,13513,38049
23,51585,4,0.0,1651,13513,38072
19,51604,4,0.0,1652,13513,38091
47,51651,4,0.0,1653,13513,38138
41,51692,4,0.0,1654,13513,38179
26,51718,4,0.0,1655,13513,38205
13,51731,4,0.0,1656,13513,38218
29,51760,4,0.0,1657,13513,38247
9,51769,4,0.0,1658,13513,38256
82,51851,4,0.0,1659,13513,38338
39,51890,4,0.0,1660,13513,38377
9,51899,4,0.0,1661,13513,38386
63,51962,4,0.0,1662,13513,38449
57,52019,4,0.0,1663,13513,38506
50,52069,4,0.0,1664,13513,38556
18,52087,4,0.0,1665,13513,38574
55,52142,4,0.0,1666,13513,38629
14,52156,4,0.0,1667,13513,38643
40,52196,4,0.0,1668,13513,38683
5,52201,4,0.0,1669,13513,38688
19,52220,4,0.0,1670,13513,38707
33,52253,4,0.0,1671,13513,38740
11,52264,4,0.0,1672,13513,38751
22,52286,4,0.0,1673,13513,38773
39,52325,4,0.0,1674,13513,38812
13,52338,4,0.0,1675,13513,38825
34,52372,4,0.0,1676,13513,38859
46,52418,4,0.0,1677,13513,38905
80,52498,4,0.0,1678,13513,38985
67,52565,4,0.0,1679,13513,39052
51,52616,4,0.0,1680,13513,39103
10,52626,4,0.0,1681,13513,39113
19,52645,4,0.0,1682,13513,39132
6,52651,4,0.0,1683,13513,39138
17,52668,4,0.0,1684,13513,39155
44,52712,4,0.0,1685,13513,39199
7,52719,4,0.0,1686,13513,39206
44,52763,4,0.0,1687,13513,39250
62,52825,4,0.0,1688,13513,39312
25,52850,4,0.0,1689,13513,39337
11,52861,4,0.0,1690,13513,39348
10,52871,4,0.0,1691,13513,39358
8,52879,4,0.0,1692,13513,39366
32,52911,4,0.0,1693,13513,39398
7,52918,4,0.0,1694,13513,39405
31,52949,4,0.0,1695,13513,39436
33,52982,4,0.0,1696,13513,39469
24,53006,4,0.0,1697,13513,39493
23,53029,4,0.0,1698,13513,39516
12,53041,4,0.0,1699,13513,39528
33,53074,4,0.0,1700,13513,39561
37,53111,4,0.0,1701,13513,39598
10,53121,4,0.0,1702,13513,39608
44,53165,4,0.0,1703,13513,39652
13,53178,4,0.0,1704,13513,39665
16,53194,4,0.0,1705,13513,39681
23,53217,4,0.0,1706,13513,39704
33,53250,4,0.0,1707,13513,39737
33,53283,4,0.0,1708,13513,39770
17,53300,4,0.0,1709,13513,39787
17,53317,4,0.0,1710,13513,39804
22,53339,4,0.0,1711,13513,39826
16,53355,4,0.0,1712,13513,39842
45,53400,4,0.0,1713,13513,39887
11,53411,4,0.0,1714,13513,39898
23,53434,4,0.0,1715,13513,39921
21,53455,4,0.0,1716,13513,39942
11,53466,4,0.0,1717,13513,39953
16,53482,4,0.0,1718,13513,39969
33,53515,4,0.0,1719,13513,40002
38,53553,4,0.0,1720,13513,40040
11,53564,4,0.0,1721,13513,40051
15,53579,4,0.0,1722,13513,40066
24,53603,4,0.0,1723,13513,40090
75,53678,4,0.0,1724,13513,40165
10,53688,4,0.0,1725,13513,40175
52,53740,4,0.0,1726,13513,40227
15,53755,4,0.0,1727,13513,40242
41,53796,4,0.0,1728,13513,40283
69,53865,4,0.0,1729,13513,40352
20,53885,4,0.0,1730,13513,40372
16,53901,4,0.0,1731,13513,40388
14,53915,4,0.0,1732,13513,40402
30,53945,4,0.0,1733,13513,40432
15,53960,4,0.0,1734,13513,40447
12,53972,4,0.0,1735,13513,40459
70,54042,4,0.0,1736,13513,40529
14,54056,4,0.0,1737,13513,40543
42,54098,4,0.0,1738,13513,40585
70,54168,4,0.0,1739,13513,40655
6,54174,4,0.0,1740,13513,40661
56,54230,4,0.0,1741,13513,40717
5,54235,4,0.0,1742,13513,40722
51,54286,4,0.0,1743,13513,40773
58,54344,4,0.0,1744,13513,40831
44,54388,4,0.0,1745,13513,40875
30,54418,4,0.0,1746,13513,40905
14,54432,4,0.0,1747,13513,40919
25,54457,4,0.0,1748,13513,40944
33,54490,4,0.0,1749,13513,40977
15,54505,4,0.0,1750,13513,40992
16,54521,4,0.0,1751,13513,41008
47,54568,4,0.0,1752,13513,41055
9,54577,4,0.0,1753,13513,41064
11,54588,4,0.0,1754,13513,41075
19,54607,4,0.0,1755,13513,41094
24,54631,4,0.0,1756,13513,41118
28,54659,4,0.0,1757,13513,41146
33,54692,4,0.0,1758,13513,41179
19,54711,4,0.0,1759,13513,41198
69,54780,4,0.0,1760,13513,41267
25,54805,4,0.0,1761,13513,41292
33,54838,4,0.0,1762,13513,41325
17,54855,4,0.0,1763,13513,41342
14,54869,4,0.0,1764,13513,41356
27,54896,4,0.0,1765,13513,41383
17,54913,4,0.0,1766,13513,41400
6,54919,4,0.0,1767,13513,41406
95,55014,4,0.0,1768,13513,41501
8,55022,4,0.0,1769,13513,41509
32,55054,4,0.0,1770,13513,41541
50,55104,4,0.0,1771,13513,41591
100,55204,4,0.0,1772,13513,41691
26,55230,4,0.0,1773,13513,41717
100,55330,4,0.0,1774,13513,41817
57,55387,4,0.0,1775,13513,41874
100,55487,4,0.0,1776,13513,41974
12,55499,4,0.0,1777,13513,41986
53,55552,4,0.0,1778,13513,42039
41,55593,4,0.0,1779,13513,42080
37,55630,4,0.0,1780,13513,42117
28,55658,4,0.0,1781,13513,42145
91,55749,4,0.0,1782,13513,42236
71,55820,4,0.0,1783,13514,42306
20,55840,4,0.0,1784,13514,42326
11,55851,4,0.0,1785,13514,42337
31,55882,4,0.0,1786,13514,42368
26,55908,4,0.0,1787,13514,42394
7,55915,4,0.0,1788,13514,42401
11,55926,4,0.0,1789,13514,42412
86,56012,4,0.0,1790,13514,42498
35,56047,4,0.0,1791,13514,42533
26,56073,4,0.0,1792,13514,42559
6,56079,4,0.0,1793,13514,42565
44,56123,4,0.0,1794,13514,42609
74,56197,4,0.0,1795,13514,42683
55,56252,4,0.0,1796,13514,42738
72,56324,4,0.0,1797,13514,42810
17,56341,4,0.0,1798,13514,42827
49,56390,4,0.0,1799,13514,42876
30,56420,4,0.0,1800,13514,42906
37,56457,4,0.0,1801,13514,42943
29,56486,4,0.0,1802,13514,42972
9,56495,4,0.0,1803,13514,42981
75,56570,4,0.0,1804,13514,43056
23,56593,4,0.0,1805,13514,43079
100,56693,4,0.0,1806,13514,43179
73,56766,4,0.0,1807,13514,43252
69,56835,4,0.0,1808,13514,43321
20,56855,4,0.0,1809,13514,43341
26,56881,4,0.0,1810,13514,43367
44,56925,4,0.0,1811,13514,43411
11,56936,4,0.0,1812,13514,43422
15,56951,4,0.0,1813,13514,43437
16,56967,4,0.0,1814,13514,43453
58,57025,4,0.0,1815,13514,43511
15,57040,4,0.0,1816,13514,43526
62,57102,4,0.0,1817,13514,43588
37,57139,4,0.0,1818,13514,43625
18,57157,4,0.0,1819,13514,43643
13,57170,4,0.0,1820,13514,43656
17,57187,4,0.0,1821,13514,43673
64,57251,4,0.0,1822,13514,43737
22,57273,4,0.0,1823,13514,43759
9,57282,4,0.0,1824,13514,43768
24,57306,4,0.0,1825,13514,43792
57,57363,4,0.0,1826,13514,43849
43,57406,4,0.0,1827,13514,43892
16,57422,4,0.0,1828,13514,43908
21,57443,4,0.0,1829,13514,43929
29,57472,4,0.0,1830,13514,43958
34,57506,4,0.0,1831,13514,43992
67,57573,4,0.0,1832,13514,44059
25,57598,4,0.0,1833,13514,44084
59,57657,4,0.0,1834,13514,44143
35,57692,4,0.0,1835,13514,44178
18,57710,4,0.0,1836,13514,44196
84,57794,4,0.0,1837,13514,44280
30,57824,4,0.0,1838,13514,44310
13,57837,4,0.0,1839,13514,44323
47,57884,4,0.0,1840,13514,44370
70,57954,4,0.0,1841,13514,44440
73,58027,4,0.0,1842,13514,44513
20,58047,4,0.0,1843,13514,44533
38,58085,4,0.0,1844,13514,44571
18,58103,4,0.0,1845,13514,44589
21,58124,4,0.0,1846,13514,44610
63,58187,4,0.0,1847,13514,44673
47,58234,4,0.0,1848,13514,44720
15,58249,4,0.0,1849,13514,44735
16,58265,4,0.0,1850,13514,44751
100,58365,4,0.0,1851,13514,44851
29,58394,4,0.0,1852,13514,44880
18,58412,4,0.0,1853,13514,44898
27,58439,4,0.0,1854,13514,44925
16,58455,4,0.0,1855,13514,44941
5,58460,4,0.0,1856,13514,44946
35,58495,4,0.0,1857,13514,44981
32,58527,4,0.0,1858,13514,45013
24,58551,4,0.0,1859,13514,45037
14,58565,4,0.0,1860,13514,45051
26,58591,4,0.0,1861,13514,45077
66,58657,4,0.0,1862,13514,45143
49,58706,4,0.0,1863,13514,45192
15,58721,4,0.0,1864,13514,45207
20,58741,4,0.0,1865,13514,45227
8,58749,4,0.0,1866,13514,45235
12,58761,4,0.0,1867,13514,45247
10,58771,4,0.0,1868,13514,45257
33,58804,4,0.0,1869,13514,45290
25,58829,4,0.0,1870,13514,45315
26,58855,4,0.0,1871,13514,45341
25,58880,4,0.0,1872,13514,45366
23,58903,4,0.0,1873,13514,45389
5,58908,4,0.0,1874,13514,45394
31,58939,4,0.0,1875,13514,45425
6,58945,4,0.0,1876,13514,45431
76,59021,4,0.0,1877,13514,45507
9,59030,4,0.0,1878,13514,45516
23,59053,4,0.0,1879,13514,45539
65,59118,4,0.0,1880,13514,45604
25,59143,4,0.0,1881,13514,45629
28,59171,4,0.0,1882,13514,45657
21,59192,4,0.0,1883,13514,45678
15,59207,4,0.0,1884,13514,45693
45,59252,4,0.0,1885,13514,45738
67,59319,4,0.0,1886,13514,45805
62,59381,4,0.0,1887,13514,45867
28,59409,4,0.0,1888,13514,45895
17,59426,4,0.0,1889,13514,45912
13,59439,4,0.0,1890,13514,45925
11,59450,4,0.0,1891,13514,45936
23,59473,4,0.0,1892,13514,45959
39,59512,4,0.0,1893,13514,45998
10,59522,4,0.0,1894,13514,46008
25,59547,4,0.0,1895,13514,46033
71,59618,4,0.0,1896,13514,46104
39,59657,4,0.0,1897,13514,46143
18,59675,4,0.0,1898,13514,46161
31,59706,4,0.0,1899,13514,46192
30,59736,4,0.0,1900,13514,46222
21,59757,4,0.0,1901,13514,46243
28,59785,4,0.0,1902,13514,46271
9,59794,4,0.0,1903,13514,46280
48,59842,4,0.0,1904,13514,46328
19,59861,4,0.0,1905,13514,46347
45,59906,4,0.0,1906,13514,46392
26,59932,4,0.0,1907,13514,46418
52,59984,4,0.0,1908,13514,46470
28,60012,4,0.0,1909,13514,46498
20,60032,4,0.0,1910,13514,46518
17,60049,4,0.0,1911,13514,46535
50,60099,4,0.0,1912,13514,46585
6,60105,4,0.0,1913,13514,46591
20,60125,4,0.0,1914,13514,46611
38,60163,4,0.0,1915,13514,46649
48,60211,4,0.0,1916,13514,46697
38,60249,4,0.0,1917,13514,46735
22,60271,4,0.0,1918,13514,46757
28,60299,4,0.0,1919,13514,46785
19,60318,4,0.0,1920,13514,46804
23,60341,4,0.0,1921,13514,46827
36,60377,4,0.0,1922,13514,46863
35,60412,4,0.0,1923,13514,46898
16,60428,4,0.0,1924,13514,46914
23,60451,4,0.0,1925,13514,46937
37,60488,4,0.0,1926,13514,46974
19,60507,4,0.0,1927,13514,46993
26,60533,4,0.0,1928,13514,47019
13,60546,4,0.0,1929,13514,47032
11,60557,4,0.0,1930,13514,47043
23,60580,4,0.0,1931,13514,47066
100,60680,4,0.0,1932,13514,47166
35,60715,4,0.0,1933,13514,47201
50,60765,4,0.0,1934,13514,47251
21,60786,4,0.0,1935,13514,47272
100,60886,4,0.0,1936,13514,47372
55,60941,4,0.0,1937,13514,47427
12,60953,4,0.0,1938,13514,47439
12,60965,4,0.0,1939,13514,47451
22,60987,4,0.0,1940,13514,47473
5,60992,4,0.0,1941,13514,47478
44,61036,4,0.0,1942,13514,47522
24,61060,4,0.0,1943,13514,47546
5,61065,4,0.0,1944,13514,47551
27,61092,4,0.0,1945,13514,47578
59,61151,4,0.0,1946,13514,47637
27,61178,4,0.0,1947,13514,47664
9,61187,4,0.0,1948,13514,47673
57,61244,4,0.0,1949,13514,47730
31,61275,4,0.0,1950,13514,47761
74,61349,4,0.0,1951,13514,47835
34,61383,4,0.0,1952,13514,47869
18,61401,4,0.0,1953,13514,47887
11,61412,4,0.0,1954,13514,47898
40,61452,4,0.0,1955,13514,47938
13,61465,4,0.0,1956,13514,47951
7,61472,4,0.0,1957,13514,47958
66,61538,4,0.0,1958,13514,48024
13,61551,4,0.0,1959,13514,48037
26,61577,4,0.0,1960,13514,48063
60,61637,4,0.0,1961,13514,48123
21,61658,4,0.0,1962,13514,48144
62,61720,4,0.0,1963,13514,48206
24,61744,4,0.0,1964,13514,48230
16,61760,4,0.0,1965,13514,48246
43,61803,4,0.0,1966,13514,48289
12,61815,4,0.0,1967,13514,48301
23,61838,4,0.0,1968,13514,48324
51,61889,4,0.0,1969,13514,48375
28,61917,4,0.0,1970,13514,48403
73,61990,4,0.0,1971,13514,48476
38,62028,4,0.0,1972,13514,48514
22,62050,4,0.0,1973,13514,48536
59,62109,4,0.0,1974,13514,48595
77,62186,4,0.0,1975,13514,48672
15,62201,4,0.0,1976,13514,48687
38,62239,4,0.0,1977,13514,48725
13,62252,4,0.0,1978,13514,48738
24,62276,4,0.0,1979,13514,48762
7,62283,4,0.0,1980,13514,48769
19,62302,4,0.0,1981,13514,48788
24,62326,4,0.0,1982,13514,48812
36,62362,4,0.0,1983,13514,48848
29,62391,4,0.0,1984,13514,48877
48,62439,4,0.0,1985,13514,48925
60,62499,4,0.0,1986,13514,48985
20,62519,4,0.0,1987,13514,49005
7,62526,4,0.0,1988,13514,49012
14,62540,4,0.0,1989,13514,49026
25,62565,4,0.0,1990,13514,49051
33,62598,4,0.0,1991,13514,49084
44,62642,4,0.0,1992,13514,49128
42,62684,4,0.0,1993,13514,49170
20,62704,4,0.0,1994,13514,49190
25,62729,4,0.0,1995,13514,49215
12,62741,4,0.0,1996,13514,49227
61,62802,4,0.0,1997,13514,49288
57,62859,4,0.0,1998,13514,49345
12,62871,4,0.0,1999,13514,49357
28,62899,4,0.0,2000,13514,49385
13,62912,4,0.0,2001,13514,49398
18,62930,4,0.0,2002,13514,49416
61,62991,4,0.0,2003,13514,49477
12,63003,4,0.0,2004,13514,49489
23,63026,4,0.0,2005,13514,49512
29,63055,4,0.0,2006,13514,49541
50,63105,4,0.0,2007,13514,49591
69,63174,4,0.0,2008,13514,49660
23,63197,4,0.0,2009,13514,49683
23,63220,4,0.0,2010,13514,49706
38,63258,4,0.0,2011,13514,49744
40,63298,4,0.0,2012,13514,49784
20,63318,4,0.0,2013,13514,49804
49,63367,4,0.0,2014,13514,49853
45,63412,5,1.0,2015,13514,49898
30,63442,5,0.0,2016,13514,49928
13,63455,5,0.0,2017,13514,49941
11,63466,5,0.0,2018,13514,49952
41,63507,5,0.0,2019,13514,49993
61,63568,5,0.0,2020,13514,50054
24,63592,5,0.0,2021,13514,50078
14,63606,5,0.0,2022,13514,50092
26,63632,5,0.0,2023,13514,50118
42,63674,5,0.0,2024,13514,50160
41,63715,5,0.0,2025,13514,50201
30,63745,5,0.0,2026,13514,50231
41,63786,5,0.0,2027,13514,50272
35,63821,5,0.0,2028,13514,50307
48,63869,5,0.0,2029,13514,50355
71,63940,5,0.0,2030,13514,50426
19,63959,5,0.0,2031,13514,50445
43,64002,5,0.0,2032,13514,50488
42,64044,5,0.0,2033,13514,50530
44,64088,5,0.0,2034,13514,50574
77,64165,5,0.0,2035,13514,50651
50,64215,5,0.0,2036,13514,50701
36,64251,5,0.0,2037,13514,50737
37,64288,5,0.0,2038,13514,50774
100,64388,5,0.0,2039,13514,50874
16,64404,5,0.0,2040,13514,50890
7,64411,5,0.0,2041,13514,50897
26,64437,5,0.0,2042,13514,50923
54,64491,5,0.0,2043,13514,50977
22,64513,5,0.0,2044,13514,50999
18,64531,5,0.0,2045,13514,51017
23,64554,5,0.0,2046,13514,51040
9,64563,5,0.0,2047,13514,51049
35,64598,5,0.0,2048,13514,51084
20,64618,5,0.0,2049,13514,51104
33,64651,5,0.0,2050,13514,51137
46,64697,5,0.0,2051,13514,51183
33,64730,5,0.0,2052,13514,51216
18,64748,5,0.0,2053,13514,51234
98,64846,5,0.0,2054,13514,51332
18,64864,5,0.0,2055,13514,51350
64,64928,5,0.0,2056,13514,51414
14,64942,5,0.0,2057,13514,51428
39,64981,5,0.0,2058,13514,51467
100,65081,5,0.0,2059,13514,51567
58,65139,5,0.0,2060,13514,51625
27,65166,5,0.0,2061,13514,51652
8,65174,5,0.0,2062,13514,51660
24,65198,5,0.0,2063,13514,51684
100,65298,5,0.0,2064,13514,51784
23,65321,5,0.0,2065,13514,51807
90,65411,5,0.0,2066,13514,51897
11,65422,5,0.0,2067,13514,51908
49,65471,5,0.0,2068,13514,51957
12,65483,5,0.0,2069,13514,51969
15,65498,5,0.0,2070,13514,51984
46,65544,5,0.0,2071,13514,52030
44,65588,5,0.0,2072,13514,52074
43,65631,5,0.0,2073,13514,52117
23,65654,5,0.0,2074,13514,52140
12,65666,5,0.0,2075,13514,52152
26,65692,5,0.0,2076,13514,52178
36,65728,5,0.0,2077,13514,52214
23,65751,5,0.0,2078,13514,52237
48,65799,5,0.0,2079,13514,52285
60,65859,5,0.0,2080,13514,52345
27,65886,5,0.0,2081,13514,52372
26,65912,5,0.0,2082,13514,52398
30,65942,5,0.0,2083,13514,52428
67,66009,5,0.0,2084,13514,52495
18,66027,5,0.0,2085,13514,52513
25,66052,5,0.0,2086,13514,52538
29,66081,5,0.0,2087,13514,52567
7,66088,5,0.0,2088,13514,52574
28,66116,5,0.0,2089,13514,52602
35,66151,5,0.0,2090,13514,52637
27,66178,5,0.0,2091,13514,52664
26,66204,5,0.0,2092,13514,52690
17,66221,5,0.0,2093,13514,52707
14,66235,5,0.0,2094,13514,52721
14,66249,5,0.0,2095,13514,52735
69,66318,5,0.0,2096,13514,52804
9,66327,5,0.0,2097,13514,52813
38,66365,5,0.0,2098,13514,52851
33,66398,5,0.0,2099,13514,52884
64,66462,5,0.0,2100,13514,52948
14,66476,5,0.0,2101,13514,52962
35,66511,5,0.0,2102,13514,52997
13,66524,5,0.0,2103,13514,53010
16,66540,5,0.0,2104,13514,53026
21,66561,5,0.0,2105,13514,53047
36,66597,5,0.0,2106,13514,53083
39,66636,5,0.0,2107,13514,53122
17,66653,5,0.0,2108,13514,53139
11,66664,5,0.0,2109,13514,53150
9,66673,5,0.0,2110,13514,53159
8,66681,5,0.0,2111,13514,53167
11,66692,5,0.0,2112,13514,53178
16,66708,5,0.0,2113,13514,53194
17,66725,5,0.0,2114,13514,53211
38,66763,5,0.0,2115,13514,53249
29,66792,5,0.0,2116,13514,53278
19,66811,5,0.0,2117,13514,53297
66,66877,5,0.0,2118,13514,53363
28,66905,5,0.0,2119,13514,53391
95,67000,5,0.0,2120,13514,53486
18,67018,5,0.0,2121,13514,53504
25,67043,5,0.0,2122,13514,53529
25,67068,5,0.0,2123,13514,53554
10,67078,5,0.0,2124,13514,53564
7,67085,5,0.0,2125,13514,53571
24,67109,5,0.0,2126,13514,53595
89,67198,5,0.0,2127,13514,53684
24,67222,5,0.0,2128,13514,53708
35,67257,5,0.0,2129,13514,53743
75,67332,5,0.0,2130,13514,53818
18,67350,5,0.0,2131,13514,53836
25,67375,5,0.0,2132,13514,53861
23,67398,5,0.0,2133,13514,53884
24,67422,5,0.0,2134,13514,53908
11,67433,5,0.0,2135,13514,53919
13,67446,5,0.0,2136,13514,53932
54,67500,5,0.0,2137,13514,53986
32,67532,5,0.0,2138,13514,54018
19,67551,5,0.0,2139,13514,54037
25,67576,5,0.0,2140,13514,54062
23,67599,5,0.0,2141,13514,54085
33,67632,5,0.0,2142,13514,54118
38,67670,5,0.0,2143,13514,54156
11,67681,5,0.0,2144,13514,54167
26,67707,5,0.0,2145,13514,54193
19,67726,5,0.0,2146,13514,54212
19,67745,5,0.0,2147,13514,54231
29,67774,5,0.0,2148,13514,54260
23,67797,5,0.0,2149,13514,54283
45,67842,5,0.0,2150,13514,54328
13,67855,5,0.0,2151,13514,54341
24,67879,5,0.0,2152,13514,54365
26,67905,5,0.0,2153,13514,54391
35,67940,5,0.0,2154,13514,54426
10,67950,5,0.0,2155,13514,54436
39,67989,5,0.0,2156,13514,54475
41,68030,5,0.0,2157,13514,54516
36,68066,5,0.0,2158,13514,54552
14,68080,5,0.0,2159,13514,54566
37,68117,5,0.0,2160,13514,54603
14,68131,5,0.0,2161,13514,54617
14,68145,5,0.0,2162,13514,54631
73,68218,5,0.0,2163,13514,54704
11,68229,5,0.0,2164,13514,54715
27,68256,5,0.0,2165,13514,54742
17,68273,5,0.0,2166,13514,54759
35,68308,5,0.0,2167,13514,54794
74,68382,5,0.0,2168,13514,54868
18,68400,5,0.0,2169,13514,54886
63,68463,5,0.0,2170,13514,54949
40,68503,5,0.0,2171,13514,54989
27,68530,5,0.0,2172,13514,55016
24,68554,5,0.0,2173,13514,55040
39,68593,5,0.0,2174,13514,55079
10,68603,5,0.0,2175,13514,55089
40,68643,5,0.0,2176,13514,55129
28,68671,5,0.0,2177,13514,55157
11,68682,5,0.0,2178,13514,55168
9,68691,5,0.0,2179,13514,55177
100,68791,5,0.0,2180,13514,55277
34,68825,5,0.0,2181,13514,55311
9,68834,5,0.0,2182,13514,55320
23,68857,5,0.0,2183,13514,55343
37,68894,5,0.0,2184,13514,55380
51,68945,5,0.0,2185,13514,55431
69,69014,5,0.0,2186,13514,55500
59,69073,5,0.0,2187,13514,55559
36,69109,5,0.0,2188,13514,55595
9,69118,5,0.0,2189,13514,55604
31,69149,5,0.0,2190,13514,55635
8,69157,5,0.0,2191,13514,55643
27,69184,5,0.0,2192,13514,55670
22,69206,5,0.0,2193,13514,55692
60,69266,5,0.0,2194,13514,55752
10,69276,5,0.0,2195,13514,55762
40,69316,5,0.0,2196,13514,55802
26,69342,5,0.0,2197,13514,55828
39,69381,5,0.0,2198,13514,55867
22,69403,5,0.0,2199,13514,55889
16,69419,5,0.0,2200,13514,55905
21,69440,5,0.0,2201,13514,55926
19,69459,5,0.0,2202,13514,55945
24,69483,5,0.0,2203,13514,55969
24,69507,5,0.0,2204,13514,55993
52,69559,5,0.0,2205,13514,56045
38,69597,5,0.0,2206,13514,56083
20,69617,5,0.0,2207,13514,56103
19,69636,5,0.0,2208,13514,56122
29,69665,5,0.0,2209,13514,56151
63,69728,5,0.0,2210,13514,56214
21,69749,5,0.0,2211,13514,56235
34,69783,5,0.0,2212,13514,56269
49,69832,5,0.0,2213,13514,56318
28,69860,5,0.0,2214,13514,56346
46,69906,5,0.0,2215,13514,56392
19,69925,5,0.0,2216,13514,56411
29,69954,5,0.0,2217,13514,56440
11,69965,5,0.0,2218,13514,56451
12,69977,5,0.0,2219,13514,56463
34,70011,5,0.0,2220,13514,56497
27,70038,5,0.0,2221,13514,56524
7,70045,5,0.0,2222,13514,56531
52,70097,5,0.0,2223,13514,56583
13,70110,5,0.0,2224,13514,56596
16,70126,5,0.0,2225,13514,56612
18,70144,5,0.0,2226,13514,56630
29,70173,5,0.0,2227,13514,56659
21,70194,5,0.0,2228,13514,56680
17,70211,5,0.0,2229,13514,56697
22,70233,5,0.0,2230,13514,56719
29,70262,5,0.0,2231,13514,56748
25,70287,5,0.0,2232,13514,56773
26,70313,5,0.0,2233,13514,56799
33,70346,5,0.0,2234,13514,56832
11,70357,5,0.0,2235,13514,56843
32,70389,5,0.0,2236,13514,56875
23,70412,5,0.0,2237,13514,56898
27,70439,5,0.0,2238,13514,56925
19,70458,5,0.0,2239,13514,56944
32,70490,5,0.0,2240,13514,56976
37,70527,5,0.0,2241,13514,57013
9,70536,5,0.0,2242,13514,57022
63,70599,5,0.0,2243,13514,57085
21,70620,5,0.0,2244,13514,57106
33,70653,5,0.0,2245,13514,57139
41,70694,5,0.0,2246,13514,57180
65,70759,5,0.0,2247,13514,57245
24,70783,5,0.0,2248,13514,57269
47,70830,5,0.0,2249,13514,57316
15,70845,5,0.0,2250,13514,57331
22,70867,5,0.0,2251,13514,57353
41,70908,5,0.0,2252,13514,57394
62,70970,5,0.0,2253,13514,57456
33,71003,5,0.0,2254,13514,57489
15,71018,5,0.0,2255,13514,57504
16,71034,5,0.0,2256,13514,57520
22,71056,5,0.0,2257,13514,57542
30,71086,5,0.0,2258,13514,57572
47,71133,5,0.0,2259,13514,57619
47,71180,5,0.0,2260,13514,57666
11,71191,5,0.0,2261,13514,57677
45,71236,5,0.0,2262,13514,57722
18,71254,5,0.0,2263,13514,57740
32,71286,5,0.0,2264,13514,57772
22,71308,5,0.0,2265,13514,57794
23,71331,5,0.0,2266,13514,57817
35,71366,5,0.0,2267,13514,57852
27,71393,5,0.0,2268,13514,57879
41,71434,5,0.0,2269,13514,57920
32,71466,5,0.0,2270,13514,57952
92,71558,5,0.0,2271,13514,58044
13,71571,5,0.0,2272,13514,58057
81,71652,5,0.0,2273,13514,58138
84,71736,5,0.0,2274,13514,58222
7,71743,5,0.0,2275,13514,58229
20,71763,5,0.0,2276,13514,58249
8,71771,5,0.0,2277,13514,58257
22,71793,5,0.0,2278,13514,58279
15,71808,5,0.0,2279,13514,58294
49,71857,5,0.0,2280,13514,58343
6,71863,5,0.0,2281,13514,58349
58,71921,5,0.0,2282,13514,58407
42,71963,5,0.0,2283,13514,58449
31,71994,5,0.0,2284,13514,58480
41,72035,5,0.0,2285,13514,58521
32,72067,5,0.0,2286,13514,58553
11,72078,5,0.0,2287,13514,58564
26,72104,5,0.0,2288,13514,58590
15,72119,5,0.0,2289,13514,58605
49,72168,5,0.0,2290,13514,58654
39,72207,5,0.0,2291,13514,58693
29,72236,5,0.0,2292,13514,58722
7,72243,5,0.0,2293,13514,58729
30,72273,5,0.0,2294,13514,58759
7,72280,5,0.0,2295,13514,58766
14,72294,5,0.0,2296,13514,58780
38,72332,5,0.0,2297,13514,58818
35,72367,5,0.0,2298,13514,58853
41,72408,5,0.0,2299,13514,58894
17,72425,5,0.0,2300,13514,58911
84,72509,5,0.0,2301,13514,58995
11,72520,5,0.0,2302,13514,59006
28,72548,5,0.0,2303,13514,59034
50,72598,5,0.0,2304,13514,59084
10,72608,5,0.0,2305,13514,59094
10,72618,5,0.0,2306,13514,59104
22,72640,5,0.0,2307,13514,59126
29,72669,5,0.0,2308,13514,59155
21,72690,5,0.0,2309,13514,59176
10,72700,5,0.0,2310,13514,59186
33,72733,5,0.0,2311,13514,59219
11,72744,5,0.0,2312,13514,59230
43,72787,5,0.0,2313,13514,59273
36,72823,5,0.0,2314,13514,59309
54,72877,5,0.0,2315,13514,59363
35,72912,5,0.0,2316,13514,59398
41,72953,5,0.0,2317,13514,59439
22,72975,5,0.0,2318,13514,59461
12,72987,5,0.0,2319,13514,59473
7,72994,5,0.0,2320,13514,59480
48,73042,5,0.0,2321,13514,59528
9,73051,5,0.0,2322,13514,59537
17,73068,5,0.0,2323,13514,59554
42,73110,5,0.0,2324,13514,59596
43,73153,5,0.0,2325,13514,59639
26,73179,5,0.0,2326,13514,59665
20,73199,5,0.0,2327,13514,59685
55,73254,5,0.0,2328,13514,59740
80,73334,5,0.0,2329,13514,59820
25,73359,5,0.0,2330,13514,59845
100,73459,5,0.0,2331,13514,59945
16,73475,5,0.0,2332,13514,59961
70,73545,5,0.0,2333,13514,60031
32,73577,5,0.0,2334,13514,60063
50,73627,5,0.0,2335,13514,60113
37,73664,5,0.0,2336,13514,60150
41,73705,5,0.0,2337,13514,60191
54,73759,5,0.0,2338,13514,60245
7,73766,5,0.0,2339,13514,60252
37,73803,5,0.0,2340,13514,60289
58,73861,5,0.0,2341,13514,60347
23,73884,5,0.0,2342,13514,60370
11,73895,5,0.0,2343,13514,60381
37,73932,5,0.0,2344,13514,60418
11,73943,5,0.0,2345,13514,60429
38,73981,5,0.0,2346,13514,60467
50,74031,5,0.0,2347,13514,60517
20,74051,5,0.0,2348,13514,60537
38,74089,5,0.0,2349,13514,60575
23,74112,5,0.0,2350,13514,60598
14,74126,5,0.0,2351,13514,60612
32,74158,5,0.0,2352,13514,60644
17,74175,5,0.0,2353,13514,60661
55,74230,5,0.0,2354,13514,60716
41,74271,5,0.0,2355,13514,60757
95,74366,5,0.0,2356,13514,60852
20,74386,5,0.0,2357,13514,60872
100,74486,5,0.0,2358,13514,60972
23,74509,5,0.0,2359,13514,60995
20,74529,5,0.0,2360,13514,61015
29,74558,5,0.0,2361,13514,61044
31,74589,5,0.0,2362,13514,61075
10,74599,5,0.0,2363,13514,61085
27,74626,5,0.0,2364,13514,61112
40,74666,5,0.0,2365,13514,61152
43,74709,5,0.0,2366,13514,61195
20,74729,5,0.0,2367,13514,61215
34,74763,5,0.0,2368,13514,61249
20,74783,5,0.0,2369,13514,61269
19,74802,5,0.0,2370,13514,61288
48,74850,5,0.0,2371,13514,61336
37,74887,5,0.0,2372,13514,61373
18,74905,5,0.0,2373,13514,61391
46,74951,5,0.0,2374,13514,61437
18,74969,5,0.0,2375,13514,61455
28,74997,5,0.0,2376,13514,61483
20,75017,5,0.0,2377,13514,61503
19,75036,5,0.0,2378,13514,61522
12,75048,5,0.0,2379,13514,61534
15,75063,5,0.0,2380,13514,61549
24,75087,5,0.0,2381,13514,61573
36,75123,5,0.0,2382,13514,61609
32,75155,5,0.0,2383,13514,61641
94,75249,5,0.0,2384,13514,61735
70,75319,5,0.0,2385,13514,61805
24,75343,5,0.0,2386,13514,61829
100,75443,5,0.0,2387,13514,61929
38,75481,5,0.0,2388,13514,61967
70,75551,5,0.0,2389,13514,62037
18,75569,5,0.0,2390,13514,62055
62,75631,5,0.0,2391,13514,62117
12,75643,5,0.0,2392,13514,62129
48,75691,5,0.0,2393,13514,62177
11,75702,5,0.0,2394,13514,62188
12,75714,5,0.0,2395,13514,62200
61,75775,5,0.0,2396,13514,62261
31,75806,5,0.0,2397,13514,62292
11,75817,5,0.0,2398,13514,62303
61,75878,5,0.0,2399,13514,62364
94,75972,5,0.0,2400,13514,62458
29,76001,5,0.0,2401,13514,62487
15,76016,5,0.0,2402,13514,62502
29,76045,5,0.0,2403,13514,62531
5,76050,5,0.0,2404,13514,62536
19,76069,5,0.0,2405,13514,62555
30,76099,5,0.0,2406,13514,62585
24,76123,5,0.0,2407,13514,62609
16,76139,5,0.0,2408,13514,62625
30,76169,5,0.0,2409,13514,62655
21,76190,5,0.0,2410,13514,62676
39,76229,5,0.0,2411,13514,62715
11,76240,5,0.0,2412,13514,62726
19,76259,5,0.0,2413,13514,62745
32,76291,5,0.0,2414,13514,62777
18,76309,5,0.0,2415,13514,62795
24,76333,5,0.0,2416,13514,62819
12,76345,5,0.0,2417,13514,62831
9,76354,5,0.0,2418,13514,62840
85,76439,5,0.0,2419,13514,62925
50,76489,5,0.0,2420,13514,62975
84,76573,5,0.0,2421,13514,63059
16,76589,5,0.0,2422,13514,63075
24,76613,5,0.0,2423,13514,63099
12,76625,5,0.0,2424,13514,63111
45,76670,5,0.0,2425,13514,63156
23,76693,5,0.0,2426,13514,63179
39,76732,5,0.0,2427,13514,63218
37,76769,5,0.0,2428,13514,63255
33,76802,5,0.0,2429,13514,63288
20,76822,5,0.0,2430,13514,63308
12,76834,5,0.0,2431,13514,63320
6,76840,5,0.0,2432,13514,63326
27,76867,5,0.0,2433,13514,63353
16,76883,5,0.0,2434,13514,63369
20,76903,5,0.0,2435,13514,63389
52,76955,5,0.0,2436,13514,63441
32,76987,5,0.0,2437,13514,63473
17,77004,5,0.0,2438,13514,63490
5,77009,5,0.0,2439,13514,63495
26,77035,5,0.0,2440,13514,63521
25,77060,5,0.0,2441,13514,63546
22,77082,5,0.0,2442,13514,63568
58,77140,5,0.0,2443,13514,63626
15,77155,5,0.0,2444,13514,63641
6,77161,5,0.0,2445,13514,63647
12,77173,5,0.0,2446,13514,63659
6,77179,5,0.0,2447,13514,63665
47,77226,5,0.0,2448,13514,63712
22,77248,5,0.0,2449,13514,63734
12,77260,5,0.0,2450,13514,63746
28,77288,5,0.0,2451,13514,63774
14,77302,5,0.0,2452,13514,63788
38,77340,5,0.0,2453,13514,63826
14,77354,5,0.0,2454,13514,63840
59,77413,5,0.0,2455,13514,63899
80,77493,5,0.0,2456,13514,63979
38,77531,5,0.0,2457,13514,64017
6,77537,5,0.0,2458,13514,64023
16,77553,5,0.0,2459,13514,64039
25,77578,5,0.0,2460,13514,64064
22,77600,5,0.0,2461,13514,64086
16,77616,5,0.0,2462,13514,64102
9,77625,5,0.0,2463,13514,64111
100,77725,5,0.0,2464,13514,64211
75,77800,5,0.0,2465,13514,64286
48,77848,5,0.0,2466,13514,64334
89,77937,5,0.0,2467,13514,64423
12,77949,5,0.0,2468,13514,64435
44,77993,5,0.0,2469,13514,64479
63,78056,5,0.0,2470,13514,64542
31,78087,5,0.0,2471,13514,64573
30,78117,5,0.0,2472,13514,64603
100,78217,5,0.0,2473,13514,64703
10,78227,5,0.0,2474,13514,64713
8,78235,5,0.0,2475,13514,64721
12,78247,5,0.0,2476,13514,64733
14,78261,5,0.0,2477,13514,64747
100,78361,5,0.0,2478,13514,64847
14,78375,5,0.0,2479,13514,64861
11,78386,5,0.0,2480,13514,64872
55,78441,5,0.0,2481,13514,64927
40,78481,5,0.0,2482,13514,64967
21,78502,5,0.0,2483,13514,64988
86,78588,5,0.0,2484,13514,65074
39,78627,5,0.0,2485,13514,65113
84,78711,5,0.0,2486,13514,65197
22,78733,5,0.0,2487,13514,65219
32,78765,5,0.0,2488,13514,65251
31,78796,5,0.0,2489,13514,65282
11,78807,5,0.0,2490,13514,65293
22,78829,5,0.0,2491,13514,65315
13,78842,5,0.0,2492,13514,65328
15,78857,5,0.0,2493,13514,65343
33,78890,5,0.0,2494,13514,65376
19,78909,5,0.0,2495,13514,65395
36,78945,5,0.0,2496,13514,65431
17,78962,5,0.0,2497,13514,65448
14,78976,5,0.0,2498,13514,65462
52,79028,5,0.0,2499,13514,65514
64,79092,6,1.0,2500,13514,65578
28,79120,6,0.0,2501,13514,65606
17,79137,6,0.0,2502,13514,65623
15,79152,6,0.0,2503,13514,65638
12,79164,6,0.0,2504,13514,65650
26,79190,6,0.0,2505,13514,65676
29,79219,6,0.0,2506,13514,65705
9,79228,6,0.0,2507,13514,65714
20,79248,6,0.0,2508,13514,65734
19,79267,6,0.0,2509,13514,65753
22,79289,6,0.0,2510,13514,65775
29,79318,6,0.0,2511,13514,65804
40,79358,6,0.0,2512,13514,65844
12,79370,6,0.0,2513,13514,65856
29,79399,6,0.0,2514,13514,65885
24,79423,6,0.0,2515,13514,65909
28,79451,6,0.0,2516,13514,65937
62,79513,6,0.0,2517,13514,65999
24,79537,6,0.0,2518,13514,66023
40,79577,6,0.0,2519,13514,66063
78,79655,6,0.0,2520,13514,66141
16,79671,6,0.0,2521,13514,66157
100,79771,6,0.0,2522,13514,66257
23,79794,6,0.0,2523,13514,66280
33,79827,6,0.0,2524,13514,66313
32,79859,6,0.0,2525,13514,66345
45,79904,6,0.0,2526,13514,66390
9,79913,6,0.0,2527,13514,66399
33,79946,6,0.0,2528,13514,66432
20,79966,6,0.0,2529,13514,66452
63,80029,6,0.0,2530,13514,66515
66,80095,6,0.0,2531,13514,66581
36,80131,6,0.0,2532,13514,66617
67,80198,6,0.0,2533,13514,66684
37,80235,6,0.0,2534,13514,66721
10,80245,6,0.0,2535,13514,66731
27,80272,6,0.0,2536,13514,66758
42,80314,6,0.0,2537,13514,66800
36,80350,6,0.0,2538,13514,66836
26,80376,6,0.0,2539,13514,66862
45,80421,6,0.0,2540,13514,66907
34,80455,6,0.0,2541,13514,66941
15,80470,6,0.0,2542,13514,66956
33,80503,6,0.0,2543,13514,66989
17,80520,6,0.0,2544,13514,67006
78,80598,6,0.0,2545,13514,67084
9,80607,6,0.0,2546,13514,67093
29,80636,6,0.0,2547,13514,67122
36,80672,6,0.0,2548,13514,67158
26,80698,6,0.0,2549,13514,67184
12,80710,6,0.0,2550,13514,67196
9,80719,6,0.0,2551,13514,67205
23,80742,6,0.0,2552,13514,67228
7,80749,6,0.0,2553,13514,67235
41,80790,6,0.0,2554,13514,67276
79,80869,6,0.0,2555,13514,67355
13,80882,6,0.0,2556,13514,67368
22,80904,6,0.0,2557,13514,67390
35,80939,6,0.0,2558,13514,67425
7,80946,6,0.0,2559,13514,67432
14,80960,6,0.0,2560,13514,67446
72,81032,6,0.0,2561,13514,67518
90,81122,6,0.0,2562,13514,67608
82,81204,6,0.0,2563,13514,67690
24,81228,6,0.0,2564,13514,67714
19,81247,6,0.0,2565,13514,67733
10,81257,6,0.0,2566,13514,67743
19,81276,6,0.0,2567,13514,67762
18,81294,6,0.0,2568,13514,67780
45,81339,6,0.0,2569,13514,67825
16,81355,6,0.0,2570,13514,67841
26,81381,6,0.0,2571,13514,67867
22,81403,6,0.0,2572,13514,67889
11,81414,6,0.0,2573,13514,67900
18,81432,6,0.0,2574,13514,67918
11,81443,6,0.0,2575,13514,67929
15,81458,6,0.0,2576,13514,67944
31,81489,6,0.0,2577,13514,67975
70,81559,6,0.0,2578,13514,68045
20,81579,6,0.0,2579,13514,68065
39,81618,6,0.0,2580,13514,68104
5,81623,6,0.0,2581,13514,68109
12,81635,6,0.0,2582,13514,68121
11,81646,6,0.0,2583,13514,68132
35,81681,6,0.0,2584,13514,68167
6,81687,6,0.0,2585,13514,68173
20,81707,6,0.0,2586,13514,68193
39,81746,6,0.0,2587,13514,68232
67,81813,6,0.0,2588,13514,68299
17,81830,6,0.0,2589,13514,68316
39,81869,6,0.0,2590,13514,68355
83,81952,6,0.0,2591,13514,68438
17,81969,6,0.0,2592,13514,68455
23,81992,6,0.0,2593,13514,68478
22,82014,6,0.0,2594,13514,68500
22,82036,6,0.0,2595,13514,68522
14,82050,6,0.0,2596,13514,68536
100,82150,6,0.0,2597,13514,68636
28,82178,6,0.0,2598,13514,68664
53,82231,6,0.0,2599,13514,68717
51,82282,6,0.0,2600,13514,68768
16,82298,6,0.0,2601,13514,68784
9,82307,6,0.0,2602,13514,68793
22,82329,6,0.0,2603,13514,68815
54,82383,6,0.0,2604,13514,68869
30,82413,6,0.0,2605,13514,68899
94,82507,6,0.0,2606,13514,68993
27,82534,6,0.0,2607,13514,69020
22,82556,6,0.0,2608,13514,69042
39,82595,6,0.0,2609,13514,69081
31,82626,6,0.0,2610,13514,69112
37,82663,6,0.0,2611,13514,69149
25,82688,6,0.0,2612,13514,69174
47,82735,6,0.0,2613,13514,69221
78,82813,6,0.0,2614,13514,69299
8,82821,6,0.0,2615,13514,69307
21,82842,6,0.0,2616,13514,69328
100,82942,6,0.0,2617,13514,69428
31,82973,6,0.0,2618,13514,69459
29,83002,6,0.0,2619,13514,69488
30,83032,6,0.0,2620,13514,69518
70,83102,6,0.0,2621,13514,69588
28,83130,6,0.0,2622,13514,69616
12,83142,6,0.0,2623,13514,69628
19,83161,6,0.0,2624,13514,69647
51,83212,6,0.0,2625,13514,69698
26,83238,6,0.0,2626,13514,69724
26,83264,6,0.0,2627,13514,69750
17,83281,6,0.0,2628,13514,69767
25,83306,6,0.0,2629,13514,69792
30,83336,6,0.0,2630,13514,69822
10,83346,6,0.0,2631,13514,69832
42,83388,6,0.0,2632,13514,69874
25,83413,6,0.0,2633,13514,69899
22,83435,6,0.0,2634,13514,69921
44,83479,6,0.0,2635,13514,69965
56,83535,6,0.0,2636,13514,70021
32,83567,6,0.0,2637,13514,70053
20,83587,6,0.0,2638,13514,70073
33,83620,6,0.0,2639,13514,70106
27,83647,6,0.0,2640,13514,70133
11,83658,6,0.0,2641,13514,70144
63,83721,6,0.0,2642,13514,70207
41,83762,6,0.0,2643,13514,70248
55,83817,6,0.0,2644,13514,70303
18,83835,6,0.0,2645,13514,70321
21,83856,6,0.0,2646,13514,70342
10,83866,6,0.0,2647,13514,70352
75,83941,6,0.0,2648,13514,70427
24,83965,6,0.0,2649,13514,70451
25,83990,6,0.0,2650,13514,70476
15,84005,6,0.0,2651,13514,70491
39,84044,6,0.0,2652,13514,70530
14,84058,6,0.0,2653,13514,70544
22,84080,6,0.0,2654,13514,70566
16,84096,6,0.0,2655,13514,70582
6,84102,6,0.0,2656,13514,70588
30,84132,6,0.0,2657,13514,70618
13,84145,6,0.0,2658,13514,70631
12,84157,6,0.0,2659,13514,70643
24,84181,6,0.0,2660,13514,70667
14,84195,6,0.0,2661,13514,70681
51,84246,6,0.0,2662,13514,70732
42,84288,6,0.0,2663,13514,70774
22,84310,6,0.0,2664,13514,70796
20,84330,6,0.0,2665,13514,70816
52,84382,6,0.0,2666,13514,70868
10,84392,6,0.0,2667,13514,70878
47,84439,6,0.0,2668,13514,70925
42,84481,6,0.0,2669,13514,70967
17,84498,6,0.0,2670,13514,70984
51,84549,6,0.0,2671,13514,71035
14,84563,6,0.0,2672,13514,71049
30,84593,6,0.0,2673,13514,71079
36,84629,6,0.0,2674,13514,71115
40,84669,6,0.0,2675,13514,71155
55,84724,6,0.0,2676,13514,71210
16,84740,6,0.0,2677,13514,71226
35,84775,6,0.0,2678,13514,71261
18,84793,6,0.0,2679,13514,71279
32,84825,6,0.0,2680,13514,71311
48,84873,6,0.0,2681,13514,71359
52,84925,6,0.0,2682,13514,71411
13,84938,6,0.0,2683,13514,71424
29,84967,6,0.0,2684,13514,71453
44,85011,6,0.0,2685,13514,71497
59,85070,6,0.0,2686,13514,71556
14,85084,6,0.0,2687,13514,71570
43,85127,6,0.0,2688,13514,71613
53,85180,6,0.0,2689,13514,71666
43,85223,6,0.0,2690,13514,71709
15,85238,6,0.0,2691,13514,71724
20,85258,6,0.0,2692,13514,71744
29,85287,6,0.0,2693,13514,71773
10,85297,6,0.0,2694,13514,71783
21,85318,6,0.0,2695,13514,71804
19,85337,6,0.0,2696,13514,71823
18,85355,6,0.0,2697,13514,71841
74,85429,6,0.0,2698,13514,71915
22,85451,6,0.0,2699,13514,71937
69,85520,6,0.0,2700,13514,72006
12,85532,6,0.0,2701,13514,72018
18,85550,6,0.0,2702,13514,72036
20,85570,6,0.0,2703,13514,72056
60,85630,6,0.0,2704,13514,72116
43,85673,6,0.0,2705,13514,72159
14,85687,6,0.0,2706,13514,72173
9,85696,6,0.0,2707,13514,72182
13,85709,6,0.0,2708,13514,72195
28,85737,6,0.0,2709,13514,72223
41,85778,6,0.0,2710,13514,72264
5,85783,6,0.0,2711,13514,72269
53,85836,6,0.0,2712,13514,72322
17,85853,6,0.0,2713,13514,72339
6,85859,6,0.0,2714,13514,72345
60,85919,6,0.0,2715,13514,72405
22,85941,6,0.0,2716,13514,72427
8,85949,6,0.0,2717,13514,72435
29,85978,6,0.0,2718,13514,72464
20,85998,6,0.0,2719,13514,72484
52,86050,6,0.0,2720,13514,72536
64,86114,6,0.0,2721,13514,72600
26,86140,6,0.0,2722,13514,72626
17,86157,6,0.0,2723,13514,72643
11,86168,6,0.0,2724,13514,72654
100,86268,6,0.0,2725,13514,72754
18,86286,6,0.0,2726,13514,72772
22,86308,6,0.0,2727,13514,72794
17,86325,6,0.0,2728,13514,72811
100,86425,6,0.0,2729,13514,72911
63,86488,6,0.0,2730,13514,72974
12,86500,6,0.0,2731,13514,72986
50,86550,6,0.0,2732,13514,73036
21,86571,6,0.0,2733,13514,73057
5,86576,6,0.0,2734,13514,73062
47,86623,6,0.0,2735,13514,73109
59,86682,6,0.0,2736,13514,73168
11,86693,6,0.0,2737,13514,73179
11,86704,6,0.0,2738,13514,73190
47,86751,6,0.0,2739,13514,73237
10,86761,6,0.0,2740,13514,73247
19,86780,6,0.0,2741,13514,73266
21,86801,6,0.0,2742,13514,73287
6,86807,6,0.0,2743,13514,73293
100,86907,6,0.0,2744,13514,73393
33,86940,6,0.0,2745,13514,73426
12,86952,6,0.0,2746,13514,73438
55,87007,6,0.0,2747,13514,73493
11,87018,6,0.0,2748,13514,73504
85,87103,6,0.0,2749,13514,73589
57,87160,6,0.0,2750,13514,73646
26,87186,6,0.0,2751,13514,73672
29,87215,6,0.0,2752,13514,73701
16,87231,6,0.0,2753,13514,73717
22,87253,6,0.0,2754,13514,73739
39,87292,6,0.0,2755,13514,73778
32,87324,6,0.0,2756,13514,73810
16,87340,6,0.0,2757,13514,73826
33,87373,6,0.0,2758,13514,73859
5,87378,6,0.0,2759,13514,73864
9,87387,6,0.0,2760,13514,73873
63,87450,6,0.0,2761,13514,73936
12,87462,6,0.0,2762,13514,73948
25,87487,6,0.0,2763,13514,73973
20,87507,6,0.0,2764,13514,73993
30,87537,6,0.0,2765,13514,74023
42,87579,6,0.0,2766,13514,74065
14,87593,6,0.0,2767,13514,74079
24,87617,6,0.0,2768,13514,74103
9,87626,6,0.0,2769,13514,74112
28,87654,6,0.0,2770,13514,74140
58,87712,6,0.0,2771,13514,74198
14,87726,6,0.0,2772,13514,74212
34,87760,6,0.0,2773,13514,74246
13,87773,6,0.0,2774,13514,74259
18,87791,6,0.0,2775,13514,74277
28,87819,6,0.0,2776,13514,74305
13,87832,6,0.0,2777,13514,74318
15,87847,6,0.0,2778,13514,74333
56,87903,6,0.0,2779,13514,74389
89,87992,6,0.0,2780,13514,74478
48,88040,6,0.0,2781,13514,74526
14,88054,6,0.0,2782,13514,74540
30,88084,6,0.0,2783,13514,74570
8,88092,6,0.0,2784,13514,74578
51,88143,6,0.0,2785,13514,74629
7,88150,6,0.0,2786,13514,74636
30,88180,6,0.0,2787,13514,74666
66,88246,6,0.0,2788,13514,74732
31,88277,6,0.0,2789,13514,74763
19,88296,6,0.0,2790,13514,74782
12,88308,6,0.0,2791,13514,74794
42,88350,6,0.0,2792,13514,74836
15,88365,6,0.0,2793,13514,74851
27,88392,6,0.0,2794,13514,74878
9,88401,6,0.0,2795,13514,74887
9,88410,6,0.0,2796,13514,74896
15,88425,6,0.0,2797,13514,74911
67,88492,6,0.0,2798,13514,74978
10,88502,6,0.0,2799,13514,74988
12,88514,6,0.0,2800,13514,75000
35,88549,6,0.0,2801,13514,75035
34,88583,6,0.0,2802,13514,75069
56,88639,6,0.0,2803,13514,75125
18,88657,6,0.0,2804,13514,75143
64,88721,7,1.0,2805,13514,75207
20,88741,7,0.0,2806,13514,75227
9,88750,7,0.0,2807,13514,75236
8,88758,7,0.0,2808,13514,75244
67,88825,7,0.0,2809,13514,75311
11,88836,7,0.0,2810,13514,75322
61,88897,7,0.0,2811,13514,75383
15,88912,7,0.0,2812,13514,75398
5,88917,7,0.0,2813,13514,75403
34,88951,7,0.0,2814,13514,75437
17,88968,7,0.0,2815,13514,75454
37,89005,7,0.0,2816,13514,75491
26,89031,7,0.0,2817,13514,75517
12,89043,7,0.0,2818,13514,75529
71,89114,7,0.0,2819,13514,75600
50,89164,7,0.0,2820,13514,75650
48,89212,7,0.0,2821,13514,75698
22,89234,7,0.0,2822,13514,75720
24,89258,7,0.0,2823,13514,75744
28,89286,7,0.0,2824,13514,75772
16,89302,7,0.0,2825,13514,75788
14,89316,7,0.0,2826,13514,75802
28,89344,7,0.0,2827,13514,75830
7,89351,7,0.0,2828,13514,75837
5,89356,7,0.0,2829,13514,75842
37,89393,7,0.0,2830,13514,75879
24,89417,7,0.0,2831,13514,75903
86,89503,7,0.0,2832,13514,75989
10,89513,7,0.0,2833,13514,75999
18,89531,7,0.0,2834,13514,76017
34,89565,7,0.0,2835,13514,76051
43,89608,7,0.0,2836,13514,76094
100,89708,7,0.0,2837,13514,76194
42,89750,7,0.0,2838,13514,76236
71,89821,7,0.0,2839,13514,76307
9,89830,7,0.0,2840,13514,76316
19,89849,7,0.0,2841,13514,76335
13,89862,7,0.0,2842,13514,76348
7,89869,7,0.0,2843,13514,76355
12,89881,7,0.0,2844,13514,76367
51,89932,7,0.0,2845,13514,76418
74,90006,7,0.0,2846,13514,76492
41,90047,7,0.0,2847,13514,76533
47,90094,7,0.0,2848,13514,76580
18,90112,7,0.0,2849,13514,76598
43,90155,7,0.0,2850,13514,76641
51,90206,7,0.0,2851,13514,76692
19,90225,7,0.0,2852,13514,76711
33,90258,7,0.0,2853,13514,76744
20,90278,7,0.0,2854,13514,76764
50,90328,7,0.0,2855,13514,76814
31,90359,7,0.0,2856,13514,76845
25,90384,7,0.0,2857,13514,76870
36,90420,7,0.0,2858,13514,76906
97,90517,7,0.0,2859,13514,77003
18,90535,7,0.0,2860,13514,77021
100,90635,7,0.0,2861,13514,77121
22,90657,7,0.0,2862,13514,77143
11,90668,7,0.0,2863,13514,77154
25,90693,7,0.0,2864,13514,77179
9,90702,7,0.0,2865,13514,77188
32,90734,7,0.0,2866,13514,77220
19,90753,7,0.0,2867,13514,77239
37,90790,7,0.0,2868,13514,77276
6,90796,7,0.0,2869,13514,77282
23,90819,7,0.0,2870,13514,77305
52,90871,7,0.0,2871,13514,77357
19,90890,7,0.0,2872,13514,77376
34,90924,7,0.0,2873,13514,77410
39,90963,7,0.0,2874,13514,77449
100,91063,7,0.0,2875,13514,77549
15,91078,7,0.0,2876,13514,77564
51,91129,7,0.0,2877,13514,77615
21,91150,7,0.0,2878,13514,77636
38,91188,7,0.0,2879,13514,77674
23,91211,7,0.0,2880,13514,77697
21,91232,7,0.0,2881,13514,77718
72,91304,7,0.0,2882,13514,77790
28,91332,7,0.0,2883,13514,77818
40,91372,7,0.0,2884,13514,77858
21,91393,7,0.0,2885,13514,77879
26,91419,7,0.0,2886,13514,77905
29,91448,7,0.0,2887,13514,77934
46,91494,7,0.0,2888,13514,77980
75,91569,7,0.0,2889,13514,78055
45,91614,7,0.0,2890,13514,78100
42,91656,7,0.0,2891,13514,78142
39,91695,7,0.0,2892,13514,78181
17,91712,7,0.0,2893,13514,78198
26,91738,7,0.0,2894,13514,78224
21,91759,7,0.0,2895,13514,78245
6,91765,7,0.0,2896,13514,78251
16,91781,7,0.0,2897,13514,78267
16,91797,7,0.0,2898,13514,78283
55,91852,7,0.0,2899,13514,78338
32,91884,7,0.0,2900,13514,78370
15,91899,7,0.0,2901,13514,78385
13,91912,7,0.0,2902,13514,78398
41,91953,7,0.0,2903,13514,78439
21,91974,7,0.0,2904,13514,78460
15,91989,7,0.0,2905,13514,78475
52,92041,7,0.0,2906,13514,78527
19,92060,7,0.0,2907,13514,78546
39,92099,7,0.0,2908,13514,78585
34,92133,7,0.0,2909,13514,78619
48,92181,7,0.0,2910,13514,78667
19,92200,7,0.0,2911,13514,78686
26,92226,7,0.0,2912,13514,78712
11,92237,7,0.0,2913,13514,78723
33,92270,7,0.0,2914,13514,78756
54,92324,7,0.0,2915,13514,78810
31,92355,7,0.0,2916,13514,78841
60,92415,7,0.0,2917,13514,78901
29,92444,7,0.0,2918,13514,78930
31,92475,7,0.0,2919,13514,78961
17,92492,7,0.0,2920,13514,78978
58,92550,7,0.0,2921,13514,79036
15,92565,7,0.0,2922,13514,79051
54,92619,7,0.0,2923,13514,79105
100,92719,7,0.0,2924,13514,79205
81,92800,7,0.0,2925,13514,79286
30,92830,7,0.0,2926,13514,79316
82,92912,7,0.0,2927,13514,79398
24,92936,7,0.0,2928,13514,79422
78,93014,7,0.0,2929,13514,79500
13,93027,7,0.0,2930,13514,79513
25,93052,7,0.0,2931,13514,79538
18,93070,7,0.0,2932,13514,79556
17,93087,7,0.0,2933,13514,79573
65,93152,7,0.0,2934,13514,79638
12,93164,7,0.0,2935,13514,79650
6,93170,7,0.0,2936,13514,79656
23,93193,7,0.0,2937,13514,79679
12,93205,7,0.0,2938,13514,79691
23,93228,7,0.0,2939,13514,79714
25,93253,7,0.0,2940,13514,79739
16,93269,7,0.0,2941,13514,79755
9,93278,7,0.0,2942,13514,79764
8,93286,7,0.0,2943,13514,79772
43,93329,7,0.0,2944,13514,79815
22,93351,7,0.0,2945,13514,79837
8,93359,7,0.0,2946,13514,79845
43,93402,7,0.0,2947,13514,79888
5,93407,7,0.0,2948,13514,79893
35,93442,7,0.0,2949,13514,79928
33,93475,7,0.0,2950,13514,79961
19,93494,7,0.0,2951,13514,79980
15,93509,7,0.0,2952,13514,79995
59,93568,7,0.0,2953,13514,80054
18,93586,7,0.0,2954,13514,80072
14,93600,7,0.0,2955,13514,80086
63,93663,7,0.0,2956,13514,80149
12,93675,7,0.0,2957,13514,80161
62,93737,7,0.0,2958,13514,80223
14,93751,7,0.0,2959,13514,80237
52,93803,7,0.0,2960,13514,80289
21,93824,7,0.0,2961,13514,80310
49,93873,7,0.0,2962,13514,80359
32,93905,7,0.0,2963,13514,80391
11,93916,7,0.0,2964,13514,80402
30,93946,7,0.0,2965,13514,80432
18,93964,7,0.0,2966,13514,80450
96,94060,7,0.0,2967,13514,80546
11,94071,7,0.0,2968,13514,80557
19,94090,7,0.0,2969,13514,80576
22,94112,7,0.0,2970,13514,80598
61,94173,7,0.0,2971,13514,80659
56,94229,7,0.0,2972,13514,80715
28,94257,7,0.0,2973,13514,80743
42,94299,7,0.0,2974,13514,80785
10,94309,7,0.0,2975,13514,80795
72,94381,7,0.0,2976,13514,80867
11,94392,7,0.0,2977,13514,80878
22,94414,7,0.0,2978,13514,80900
6,94420,7,0.0,2979,13514,80906
37,94457,7,0.0,2980,13514,80943
21,94478,7,0.0,2981,13514,80964
21,94499,7,0.0,2982,13514,80985
61,94560,7,0.0,2983,13514,81046
53,94613,7,0.0,2984,13514,81099
6,94619,7,0.0,2985,13514,81105
33,94652,7,0.0,2986,13514,81138
7,94659,7,0.0,2987,13514,81145
10,94669,7,0.0,2988,13514,81155
26,94695,7,0.0,2989,13514,81181
10,94705,7,0.0,2990,13514,81191
32,94737,7,0.0,2991,13514,81223
10,94747,7,0.0,2992,13514,81233
36,94783,7,0.0,2993,13514,81269
17,94800,7,0.0,2994,13514,81286
10,94810,7,0.0,2995,13514,81296
67,94877,7,0.0,2996,13514,81363
61,94938,7,0.0,2997,13514,81424
18,94956,7,0.0,2998,13514,81442
15,94971,7,0.0,2999,13514,81457
34,95005,7,0.0,3000,13514,81491
16,95021,7,0.0,3001,13514,81507
66,95087,7,0.0,3002,13514,81573
16,95103,7,0.0,3003,13514,81589
37,95140,7,0.0,3004,13514,81626
81,95221,7,0.0,3005,13514,81707
22,95243,7,0.0,3006,13514,81729
21,95264,7,0.0,3007,13514,81750
50,95314,7,0.0,3008,13514,81800
7,95321,7,0.0,3009,13514,81807
13,95334,7,0.0,3010,13514,81820
9,95343,7,0.0,3011,13514,81829
29,95372,7,0.0,3012,13514,81858
12,95384,7,0.0,3013,13514,81870
43,95427,7,0.0,3014,13514,81913
29,95456,7,0.0,3015,13514,81942
15,95471,7,0.0,3016,13514,81957
60,95531,7,0.0,3017,13514,82017
58,95589,7,0.0,3018,13514,82075
56,95645,7,0.0,3019,13514,82131
51,95696,7,0.0,3020,13514,82182
28,95724,7,0.0,3021,13514,82210
28,95752,7,0.0,3022,13514,82238
44,95796,7,0.0,3023,13514,82282
13,95809,7,0.0,3024,13514,82295
31,95840,7,0.0,3025,13514,82326
32,95872,7,0.0,3026,13514,82358
24,95896,7,0.0,3027,13514,82382
24,95920,7,0.0,3028,13514,82406
12,95932,7,0.0,3029,13514,82418
18,95950,7,0.0,3030,13514,82436
20,95970,7,0.0,3031,13514,82456
48,96018,7,0.0,3032,13514,82504
14,96032,7,0.0,3033,13514,82518
19,96051,7,0.0,3034,13514,82537
22,96073,7,0.0,3035,13514,82559
41,96114,7,0.0,3036,13514,82600
20,96134,7,0.0,3037,13514,82620
31,96165,7,0.0,3038,13514,82651
26,96191,7,0.0,3039,13514,82677
100,96291,7,0.0,3040,13514,82777
12,96303,7,0.0,3041,13514,82789
78,96381,7,0.0,3042,13514,82867
15,96396,7,0.0,3043,13514,82882
27,96423,7,0.0,3044,13514,82909
14,96437,7,0.0,3045,13514,82923
14,96451,7,0.0,3046,13514,82937
17,96468,7,0.0,3047,13514,82954
11,96479,7,0.0,3048,13514,82965
53,96532,7,0.0,3049,13514,83018
18,96550,7,0.0,3050,13514,83036
28,96578,7,0.0,3051,13514,83064
24,96602,7,0.0,3052,13514,83088
35,96637,7,0.0,3053,13514,83123
96,96733,7,0.0,3054,13514,83219
28,96761,7,0.0,3055,13514,83247
13,96774,7,0.0,3056,13514,83260
67,96841,7,0.0,3057,13514,83327
55,96896,7,0.0,3058,13514,83382
55,96951,7,0.0,3059,13515,83436
36,96987,7,0.0,3060,13515,83472
76,97063,7,0.0,3061,13515,83548
11,97074,7,0.0,3062,13515,83559
30,97104,7,0.0,3063,13515,83589
12,97116,7,0.0,3064,13515,83601
9,97125,7,0.0,3065,13515,83610
64,97189,8,1.0,3066,13515,83674
37,97226,8,0.0,3067,13515,83711
11,97237,8,0.0,3068,13515,83722
31,97268,8,0.0,3069,13515,83753
25,97293,8,0.0,3070,13515,83778
29,97322,8,0.0,3071,13515,83807
25,97347,8,0.0,3072,13515,83832
53,97400,8,0.0,3073,13515,83885
32,97432,8,0.0,3074,13515,83917
62,97494,8,0.0,3075,13515,83979
11,97505,8,0.0,3076,13515,83990
61,97566,8,0.0,3077,13515,84051
26,97592,8,0.0,3078,13515,84077
22,97614,8,0.0,3079,13515,84099
5,97619,8,0.0,3080,13515,84104
57,97676,8,0.0,3081,13515,84161
16,97692,8,0.0,3082,13515,84177
84,97776,8,0.0,3083,13515,84261
24,97800,8,0.0,3084,13515,84285
53,97853,8,0.0,3085,13515,84338
100,97953,8,0.0,3086,13515,84438
32,97985,8,0.0,3087,13515,84470
41,98026,8,0.0,3088,13515,84511
8,98034,8,0.0,3089,13515,84519
42,98076,8,0.0,3090,13515,84561
18,98094,8,0.0,3091,13515,84579
52,98146,8,0.0,3092,13515,84631
13,98159,8,0.0,3093,13515,84644
17,98176,8,0.0,3094,13515,84661
9,98185,8,0.0,3095,13515,84670
18,98203,8,0.0,3096,13515,84688
44,98247,8,0.0,3097,13515,84732
69,98316,8,0.0,3098,13515,84801
13,98329,8,0.0,3099,13515,84814
36,98365,8,0.0,3100,13515,84850
100,98465,8,0.0,3101,13515,84950
100,98565,8,0.0,3102,13515,85050
23,98588,8,0.0,3103,13515,85073
16,98604,8,0.0,3104,13515,85089
14,98618,8,0.0,3105,13515,85103
17,98635,8,0.0,3106,13515,85120
27,98662,8,0.0,3107,13515,85147
30,98692,8,0.0,3108,13515,85177
42,98734,8,0.0,3109,13515,85219
25,98759,8,0.0,3110,13515,85244
18,98777,8,0.0,3111,13515,85262
32,98809,8,0.0,3112,13515,85294
43,98852,8,0.0,3113,13515,85337
14,98866,8,0.0,3114,13515,85351
9,98875,8,0.0,3115,13515,85360
30,98905,8,0.0,3116,13515,85390
35,98940,8,0.0,3117,13515,85425
37,98977,8,0.0,3118,13515,85462
39,99016,8,0.0,3119,13515,85501
13,99029,8,0.0,3120,13515,85514
14,99043,8,0.0,3121,13515,85528
11,99054,8,0.0,3122,13515,85539
59,99113,8,0.0,3123,13515,85598
19,99132,8,0.0,3124,13515,85617
20,99152,8,0.0,3125,13515,85637
34,99186,8,0.0,3126,13515,85671
20,99206,8,0.0,3127,13515,85691
39,99245,8,0.0,3128,13515,85730
100,99345,8,0.0,3129,13515,85830
23,99368,8,0.0,3130,13515,85853
9,99377,8,0.0,3131,13515,85862
21,99398,8,0.0,3132,13515,85883
19,99417,8,0.0,3133,13515,85902
26,99443,8,0.0,3134,13515,85928
20,99463,8,0.0,3135,13515,85948
20,99483,8,0.0,3136,13515,85968
15,99498,8,0.0,3137,13515,85983
40,99538,8,0.0,3138,13515,86023
87,99625,8,0.0,3139,13515,86110
72,99697,8,0.0,3140,13515,86182
15,99712,8,0.0,3141,13515,86197
29,99741,8,0.0,3142,13515,86226
20,99761,8,0.0,3143,13515,86246
21,99782,8,0.0,3144,13515,86267
18,99800,8,0.0,3145,13515,86285
12,99812,8,0.0,3146,13515,86297
72,99884,8,0.0,3147,13515,86369
53,99937,8,0.0,3148,13515,86422
36,99973,8,0.0,3149,13515,86458
16,99989,8,0.0,3150,13515,86474
