iteration,successes,successes_episode,reward_episode,episode_count,random_act,timestep
23,23,0,0.0,1,13,10
12,35,0,0.0,2,23,12
35,70,0,0.0,3,46,24
31,101,0,0.0,4,71,30
100,201,0,0.0,5,151,50
19,220,0,0.0,6,165,55
24,244,0,0.0,7,187,57
64,308,0,0.0,8,233,75
67,375,0,0.0,9,289,86
66,441,0,0.0,10,349,92
29,470,0,0.0,11,371,99
54,524,0,0.0,12,412,112
100,624,0,0.0,13,494,130
15,639,0,0.0,14,507,132
19,658,0,0.0,15,521,137
48,706,0,0.0,16,559,147
11,717,0,0.0,17,568,149
17,734,0,0.0,18,580,154
29,763,0,0.0,19,604,159
21,784,0,0.0,20,621,163
24,808,0,0.0,21,641,167
38,846,0,0.0,22,675,171
48,894,0,0.0,23,715,179
30,924,0,0.0,24,732,192
14,938,0,0.0,25,742,196
14,952,0,0.0,26,752,200
22,974,0,0.0,27,771,203
25,999,0,0.0,28,791,208
32,1031,0,0.0,29,820,211
9,1040,0,0.0,30,827,213
28,1068,0,0.0,31,851,217
12,1080,0,0.0,32,860,220
86,1166,0,0.0,33,925,241
24,1190,0,0.0,34,943,247
91,1281,0,0.0,35,1020,261
13,1294,0,0.0,36,1031,263
11,1305,0,0.0,37,1040,265
42,1347,0,0.0,38,1074,273
15,1362,0,0.0,39,1084,278
57,1419,0,0.0,40,1128,291
30,1449,0,0.0,41,1147,302
5,1454,0,0.0,42,1151,303
22,1476,0,0.0,43,1170,306
28,1504,0,0.0,44,1195,309
49,1553,0,0.0,45,1235,318
46,1599,0,0.0,46,1273,326
39,1638,0,0.0,47,1305,333
38,1676,0,0.0,48,1335,341
30,1706,0,0.0,49,1359,347
83,1789,0,0.0,50,1428,361
51,1840,0,0.0,51,1470,370
24,1864,0,0.0,52,1489,375
32,1896,0,0.0,53,1513,383
44,1940,0,0.0,54,1554,386
98,2038,0,0.0,55,1630,408
34,2072,0,0.0,56,1656,416
21,2093,0,0.0,57,1673,420
48,2141,0,0.0,58,1712,429
11,2152,0,0.0,59,1720,432
29,2181,0,0.0,60,1744,437
26,2207,0,0.0,61,1764,443
5,2212,0,0.0,62,1768,444
34,2246,0,0.0,63,1792,454
9,2255,0,0.0,64,1798,457
24,2279,0,0.0,65,1817,462
7,2286,0,0.0,66,1822,464
11,2297,0,0.0,67,1830,467
37,2334,0,0.0,68,1861,473
18,2352,0,0.0,69,1874,478
36,2388,0,0.0,70,1903,485
21,2409,0,0.0,71,1921,488
26,2435,0,0.0,72,1939,496
18,2453,0,0.0,73,1954,499
31,2484,0,0.0,74,1977,507
47,2531,0,0.0,75,2015,516
15,2546,0,0.0,76,2027,519
51,2597,0,0.0,77,2068,529
18,2615,0,0.0,78,2080,535
45,2660,0,0.0,79,2119,541
23,2683,0,0.0,80,2140,543
22,2705,0,0.0,81,2158,547
71,2776,0,0.0,82,2212,564
7,2783,0,0.0,83,2217,566
14,2797,0,0.0,84,2230,567
33,2830,0,0.0,85,2256,574
77,2907,0,0.0,86,2312,595
30,2937,0,0.0,87,2334,603
50,2987,0,0.0,88,2379,608
19,3006,0,0.0,89,2394,612
16,3022,0,0.0,90,2407,615
11,3033,0,0.0,91,2415,618
13,3046,0,0.0,92,2424,622
26,3072,0,0.0,93,2445,627
25,3097,0,0.0,94,2466,631
16,3113,0,0.0,95,2479,634
32,3145,0,0.0,96,2507,638
39,3184,0,0.0,97,2539,645
9,3193,0,0.0,98,2545,648
29,3222,0,0.0,99,2568,654
41,3263,0,0.0,100,2603,660
100,3363,0,0.0,101,2682,681
75,3438,0,0.0,102,2739,699
23,3461,0,0.0,103,2754,707
100,3561,0,0.0,104,2828,733
65,3626,0,0.0,105,2874,752
15,3641,0,0.0,106,2887,754
24,3665,0,0.0,107,2907,758
37,3702,0,0.0,108,2938,764
97,3799,0,0.0,109,3021,778
53,3852,0,0.0,110,3066,786
36,3888,0,0.0,111,3095,793
24,3912,0,0.0,112,3114,798
30,3942,0,0.0,113,3138,804
10,3952,0,0.0,114,3145,807
11,3963,0,0.0,115,3155,808
16,3979,0,0.0,116,3169,810
12,3991,0,0.0,117,3178,813
51,4042,0,0.0,118,3220,822
30,4072,0,0.0,119,3245,827
5,4077,0,0.0,120,3248,829
13,4090,0,0.0,121,3257,833
32,4122,0,0.0,122,3284,838
50,4172,0,0.0,123,3323,849
21,4193,0,0.0,124,3340,853
54,4247,0,0.0,125,3375,872
26,4273,0,0.0,126,3392,881
32,4305,0,0.0,127,3413,892
36,4341,0,0.0,128,3447,894
9,4350,0,0.0,129,3454,896
12,4362,0,0.0,130,3463,899
25,4387,0,0.0,131,3481,906
13,4400,0,0.0,132,3490,910
73,4473,0,0.0,133,3552,921
50,4523,0,0.0,134,3588,935
8,4531,0,0.0,135,3595,936
11,4542,0,0.0,136,3602,940
25,4567,0,0.0,137,3624,943
9,4576,0,0.0,138,3631,945
61,4637,0,0.0,139,3682,955
12,4649,0,0.0,140,3692,957
31,4680,0,0.0,141,3713,967
8,4688,0,0.0,142,3720,968
13,4701,0,0.0,143,3731,970
47,4748,0,0.0,144,3769,979
33,4781,0,0.0,145,3798,983
14,4795,0,0.0,146,3809,986
45,4840,0,0.0,147,3842,998
36,4876,0,0.0,148,3875,1001
23,4899,0,0.0,149,3890,1009
10,4909,0,0.0,150,3897,1012
30,4939,0,0.0,151,3918,1021
27,4966,0,0.0,152,3936,1030
28,4994,0,0.0,153,3959,1035
15,5009,0,0.0,154,3969,1040
9,5018,0,0.0,155,3977,1041
15,5033,0,0.0,156,3992,1041
11,5044,0,0.0,157,4002,1042
9,5053,0,0.0,158,4011,1042
11,5064,0,0.0,159,4022,1042
65,5129,0,0.0,160,4078,1051
8,5137,0,0.0,161,4085,1052
30,5167,0,0.0,162,4109,1058
17,5184,0,0.0,163,4120,1064
20,5204,0,0.0,164,4136,1068
39,5243,0,0.0,165,4169,1074
13,5256,0,0.0,166,4180,1076
16,5272,0,0.0,167,4190,1082
18,5290,0,0.0,168,4204,1086
40,5330,0,0.0,169,4239,1091
71,5401,0,0.0,170,4298,1103
21,5422,0,0.0,171,4313,1109
95,5517,0,0.0,172,4397,1120
31,5548,0,0.0,173,4424,1124
16,5564,0,0.0,174,4435,1129
39,5603,0,0.0,175,4470,1133
73,5676,0,0.0,176,4530,1146
6,5682,0,0.0,177,4535,1147
20,5702,0,0.0,178,4552,1150
12,5714,0,0.0,179,4560,1154
61,5775,0,0.0,180,4612,1163
43,5818,0,0.0,181,4647,1171
32,5850,0,0.0,182,4673,1177
29,5879,0,0.0,183,4700,1179
14,5893,0,0.0,184,4711,1182
27,5920,0,0.0,185,4733,1187
16,5936,0,0.0,186,4746,1190
22,5958,0,0.0,187,4765,1193
23,5981,0,0.0,188,4784,1197
33,6014,0,0.0,189,4812,1202
23,6037,0,0.0,190,4830,1207
46,6083,0,0.0,191,4869,1214
41,6124,0,0.0,192,4906,1218
36,6160,0,0.0,193,4933,1227
7,6167,0,0.0,194,4940,1227
36,6203,0,0.0,195,4965,1238
49,6252,0,0.0,196,5007,1245
13,6265,0,0.0,197,5019,1246
19,6284,0,0.0,198,5034,1250
58,6342,0,0.0,199,5089,1253
15,6357,0,0.0,200,5103,1254
28,6385,0,0.0,201,5122,1263
5,6390,0,0.0,202,5124,1266
35,6425,0,0.0,203,5153,1272
12,6437,0,0.0,204,5162,1275
12,6449,0,0.0,205,5172,1277
25,6474,0,0.0,206,5195,1279
14,6488,0,0.0,207,5208,1280
11,6499,0,0.0,208,5218,1281
16,6515,0,0.0,209,5232,1283
62,6577,0,0.0,210,5281,1296
19,6596,0,0.0,211,5296,1300
23,6619,0,0.0,212,5313,1306
12,6631,0,0.0,213,5323,1308
37,6668,0,0.0,214,5351,1317
26,6694,0,0.0,215,5372,1322
40,6734,0,0.0,216,5405,1329
18,6752,0,0.0,217,5418,1334
94,6846,0,0.0,218,5499,1347
34,6880,0,0.0,219,5524,1356
11,6891,0,0.0,220,5533,1358
55,6946,0,0.0,221,5578,1368
32,6978,0,0.0,222,5604,1374
27,7005,0,0.0,223,5628,1377
15,7020,0,0.0,224,5637,1383
31,7051,0,0.0,225,5661,1390
17,7068,0,0.0,226,5674,1394
12,7080,0,0.0,227,5680,1400
57,7137,0,0.0,228,5729,1408
23,7160,0,0.0,229,5748,1412
29,7189,0,0.0,230,5773,1416
51,7240,0,0.0,231,5813,1427
99,7339,0,0.0,232,5891,1448
22,7361,0,0.0,233,5910,1451
17,7378,0,0.0,234,5925,1453
5,7383,0,0.0,235,5929,1454
48,7431,0,0.0,236,5964,1467
56,7487,0,0.0,237,6003,1484
7,7494,0,0.0,238,6010,1484
56,7550,0,0.0,239,6054,1496
35,7585,0,0.0,240,6080,1505
15,7600,0,0.0,241,6094,1506
14,7614,0,0.0,242,6105,1509
16,7630,0,0.0,243,6118,1512
18,7648,0,0.0,244,6132,1516
27,7675,0,0.0,245,6154,1521
18,7693,0,0.0,246,6169,1524
14,7707,0,0.0,247,6181,1526
32,7739,0,0.0,248,6207,1532
71,7810,0,0.0,249,6263,1547
46,7856,0,0.0,250,6294,1562
16,7872,0,0.0,251,6306,1566
17,7889,0,0.0,252,6321,1568
24,7913,0,0.0,253,6344,1569
75,7988,0,0.0,254,6400,1588
25,8013,0,0.0,255,6421,1592
18,8031,0,0.0,256,6437,1594
15,8046,0,0.0,257,6451,1595
26,8072,0,0.0,258,6473,1599
18,8090,0,0.0,259,6487,1603
50,8140,0,0.0,260,6523,1617
33,8173,0,0.0,261,6547,1626
100,8273,0,0.0,262,6618,1655
35,8308,0,0.0,263,6647,1661
66,8374,0,0.0,264,6704,1670
11,8385,0,0.0,265,6714,1671
28,8413,0,0.0,266,6734,1679
25,8438,0,0.0,267,6752,1686
19,8457,0,0.0,268,6767,1690
26,8483,0,0.0,269,6789,1694
45,8528,0,0.0,270,6825,1703
93,8621,0,0.0,271,6895,1726
8,8629,0,0.0,272,6902,1727
42,8671,0,0.0,273,6937,1734
63,8734,0,0.0,274,6988,1746
21,8755,0,0.0,275,7003,1752
39,8794,0,0.0,276,7036,1758
26,8820,0,0.0,277,7056,1764
33,8853,0,0.0,278,7083,1770
23,8876,0,0.0,279,7103,1773
38,8914,0,0.0,280,7134,1780
41,8955,0,0.0,281,7167,1788
26,8981,0,0.0,282,7186,1795
55,9036,0,0.0,283,7234,1802
39,9075,0,0.0,284,7259,1816
17,9092,0,0.0,285,7272,1820
28,9120,0,0.0,286,7296,1824
27,9147,0,0.0,287,7319,1828
45,9192,0,0.0,288,7357,1835
58,9250,0,0.0,289,7405,1845
22,9272,0,0.0,290,7421,1851
38,9310,0,0.0,291,7451,1859
13,9323,0,0.0,292,7462,1861
13,9336,0,0.0,293,7474,1862
14,9350,0,0.0,294,7487,1863
17,9367,0,0.0,295,7502,1865
20,9387,0,0.0,296,7519,1868
31,9418,0,0.0,297,7542,1876
16,9434,0,0.0,298,7557,1877
23,9457,0,0.0,299,7574,1883
11,9468,0,0.0,300,7582,1886
78,9546,0,0.0,301,7646,1900
9,9555,0,0.0,302,7655,1900
37,9592,0,0.0,303,7688,1904
13,9605,0,0.0,304,7700,1905
26,9631,0,0.0,305,7722,1909
14,9645,0,0.0,306,7733,1912
31,9676,0,0.0,307,7758,1918
60,9736,0,0.0,308,7798,1938
25,9761,0,0.0,309,7818,1943
24,9785,0,0.0,310,7838,1947
30,9815,0,0.0,311,7864,1951
41,9856,0,0.0,312,7897,1959
14,9870,0,0.0,313,7908,1962
11,9881,0,0.0,314,7916,1965
8,9889,0,0.0,315,7920,1969
24,9913,0,0.0,316,7941,1972
15,9928,0,0.0,317,7954,1974
31,9959,0,0.0,318,7979,1980
21,9980,0,0.0,319,7994,1986
35,10015,0,0.0,320,8024,1991
13,10028,0,0.0,321,8037,1991
100,10128,0,0.0,322,8117,2011
30,10158,0,0.0,323,8145,2013
10,10168,0,0.0,324,8152,2016
35,10203,0,0.0,325,8177,2026
23,10226,0,0.0,326,8194,2032
16,10242,0,0.0,327,8209,2033
22,10264,0,0.0,328,8231,2033
13,10277,0,0.0,329,8244,2033
25,10302,0,0.0,330,8263,2039
36,10338,0,0.0,331,8293,2045
8,10346,0,0.0,332,8298,2048
22,10368,0,0.0,333,8318,2050
11,10379,0,0.0,334,8328,2051
20,10399,0,0.0,335,8341,2058
88,10487,0,0.0,336,8408,2079
66,10553,0,0.0,337,8462,2091
9,10562,0,0.0,338,8470,2092
10,10572,0,0.0,339,8478,2094
29,10601,0,0.0,340,8499,2102
34,10635,0,0.0,341,8525,2110
21,10656,0,0.0,342,8544,2112
32,10688,0,0.0,343,8572,2116
23,10711,0,0.0,344,8589,2122
14,10725,0,0.0,345,8602,2123
31,10756,0,0.0,346,8626,2130
23,10779,0,0.0,347,8645,2134
15,10794,0,0.0,348,8656,2138
44,10838,0,0.0,349,8692,2146
100,10938,0,0.0,350,8776,2162
34,10972,0,0.0,351,8803,2169
54,11026,0,0.0,352,8853,2173
20,11046,0,0.0,353,8868,2178
7,11053,0,0.0,354,8875,2178
44,11097,0,0.0,355,8914,2183
52,11149,0,0.0,356,8958,2191
14,11163,0,0.0,357,8970,2193
7,11170,0,0.0,358,8976,2194
15,11185,0,0.0,359,8990,2195
11,11196,0,0.0,360,8998,2198
54,11250,0,0.0,361,9046,2204
20,11270,0,0.0,362,9065,2205
66,11336,0,0.0,363,9115,2221
12,11348,0,0.0,364,9123,2225
100,11448,0,0.0,365,9205,2243
50,11498,0,0.0,366,9247,2251
21,11519,0,0.0,367,9263,2256
59,11578,0,0.0,368,9310,2268
24,11602,0,0.0,369,9327,2275
25,11627,0,0.0,370,9351,2276
27,11654,0,0.0,371,9374,2280
6,11660,0,0.0,372,9379,2281
100,11760,0,0.0,373,9456,2304
59,11819,0,0.0,374,9505,2314
29,11848,0,0.0,375,9525,2323
28,11876,0,0.0,376,9548,2328
26,11902,0,0.0,377,9568,2334
31,11933,0,0.0,378,9592,2341
13,11946,0,0.0,379,9601,2345
25,11971,0,0.0,380,9621,2350
27,11998,0,0.0,381,9640,2358
47,12045,0,0.0,382,9682,2363
19,12064,0,0.0,383,9697,2367
14,12078,0,0.0,384,9709,2369
13,12091,0,0.0,385,9719,2372
65,12156,0,0.0,386,9765,2391
53,12209,0,0.0,387,9806,2403
12,12221,0,0.0,388,9816,2405
23,12244,0,0.0,389,9833,2411
13,12257,0,0.0,390,9846,2411
35,12292,0,0.0,391,9873,2419
10,12302,0,0.0,392,9881,2421
35,12337,0,0.0,393,9906,2431
26,12363,0,0.0,394,9930,2433
23,12386,0,0.0,395,9947,2439
44,12430,0,0.0,396,9983,2447
40,12470,0,0.0,397,10016,2454
17,12487,0,0.0,398,10030,2457
9,12496,0,0.0,399,10036,2460
22,12518,0,0.0,400,10058,2460
34,12552,0,0.0,401,10085,2467
10,12562,0,0.0,402,10093,2469
8,12570,0,0.0,403,10100,2470
17,12587,0,0.0,404,10113,2474
13,12600,0,0.0,405,10124,2476
61,12661,0,0.0,406,10167,2494
15,12676,0,0.0,407,10180,2496
59,12735,0,0.0,408,10229,2506
13,12748,0,0.0,409,10240,2508
37,12785,0,0.0,410,10271,2514
44,12829,0,0.0,411,10306,2523
24,12853,0,0.0,412,10327,2526
16,12869,0,0.0,413,10339,2530
55,12924,0,0.0,414,10384,2540
53,12977,0,0.0,415,10426,2551
23,13000,0,0.0,416,10443,2557
12,13012,0,0.0,417,10452,2560
5,13017,0,0.0,418,10455,2562
27,13044,0,0.0,419,10476,2568
100,13144,0,0.0,420,10556,2588
6,13150,0,0.0,421,10561,2589
45,13195,0,0.0,422,10600,2595
35,13230,0,0.0,423,10629,2601
14,13244,0,0.0,424,10640,2604
9,13253,0,0.0,425,10647,2606
34,13287,0,0.0,426,10675,2612
52,13339,0,0.0,427,10713,2626
25,13364,0,0.0,428,10732,2632
15,13379,0,0.0,429,10746,2633
13,13392,0,0.0,430,10756,2636
11,13403,0,0.0,431,10766,2637
19,13422,0,0.0,432,10782,2640
26,13448,0,0.0,433,10798,2650
13,13461,0,0.0,434,10809,2652
12,13473,0,0.0,435,10817,2656
21,13494,0,0.0,436,10833,2661
10,13504,0,0.0,437,10841,2663
13,13517,0,0.0,438,10853,2664
29,13546,0,0.0,439,10879,2667
31,13577,0,0.0,440,10902,2675
62,13639,0,0.0,441,10950,2689
12,13651,0,0.0,442,10958,2693
64,13715,1,1.0,443,11006,2709
18,13733,1,0.0,444,11007,2726
8,13741,1,0.0,445,11007,2734
5,13746,1,0.0,446,11007,2739
34,13780,1,0.0,447,11008,2772
98,13878,1,0.0,448,11015,2863
25,13903,1,0.0,449,11019,2884
22,13925,1,0.0,450,11019,2906
27,13952,1,0.0,451,11022,2930
41,13993,1,0.0,452,11023,2970
29,14022,1,0.0,453,11023,2999
43,14065,1,0.0,454,11025,3040
66,14131,1,0.0,455,11028,3103
88,14219,1,0.0,456,11037,3182
13,14232,1,0.0,457,11038,3194
32,14264,1,0.0,458,11038,3226
100,14364,1,0.0,459,11047,3317
15,14379,1,0.0,460,11048,3331
17,14396,1,0.0,461,11050,3346
71,14467,1,0.0,462,11057,3410
12,14479,1,0.0,463,11057,3422
37,14516,1,0.0,464,11059,3457
43,14559,1,0.0,465,11063,3496
60,14619,2,1.0,466,11065,3554
100,14719,2,0.0,467,11065,3654
100,14819,2,0.0,468,11067,3752
55,14874,2,0.0,469,11067,3807
24,14898,2,0.0,470,11067,3831
29,14927,2,0.0,471,11067,3860
18,14945,2,0.0,472,11067,3878
69,15014,2,0.0,473,11069,3945
23,15037,2,0.0,474,11069,3968
22,15059,2,0.0,475,11069,3990
29,15088,2,0.0,476,11070,4018
20,15108,2,0.0,477,11071,4037
67,15175,2,0.0,478,11071,4104
15,15190,2,0.0,479,11071,4119
11,15201,2,0.0,480,11071,4130
30,15231,2,0.0,481,11071,4160
18,15249,2,0.0,482,11073,4176
18,15267,2,0.0,483,11074,4193
28,15295,2,0.0,484,11074,4221
13,15308,2,0.0,485,11074,4234
12,15320,2,0.0,486,11074,4246
24,15344,2,0.0,487,11074,4270
28,15372,2,0.0,488,11075,4297
16,15388,2,0.0,489,11075,4313
10,15398,2,0.0,490,11075,4323
18,15416,2,0.0,491,11075,4341
52,15468,2,0.0,492,11075,4393
31,15499,2,0.0,493,11075,4424
7,15506,2,0.0,494,11076,4430
22,15528,2,0.0,495,11076,4452
20,15548,2,0.0,496,11076,4472
14,15562,2,0.0,497,11076,4486
40,15602,2,0.0,498,11077,4525
26,15628,2,0.0,499,11077,4551
11,15639,2,0.0,500,11077,4562
79,15718,2,0.0,501,11077,4641
6,15724,2,0.0,502,11077,4647
78,15802,2,0.0,503,11078,4724
8,15810,2,0.0,504,11078,4732
38,15848,2,0.0,505,11079,4769
9,15857,2,0.0,506,11080,4777
16,15873,2,0.0,507,11080,4793
30,15903,2,0.0,508,11080,4823
25,15928,2,0.0,509,11081,4847
35,15963,2,0.0,510,11081,4882
15,15978,2,0.0,511,11081,4897
70,16048,2,0.0,512,11084,4964
18,16066,2,0.0,513,11085,4981
51,16117,2,0.0,514,11085,5032
8,16125,2,0.0,515,11085,5040
61,16186,2,0.0,516,11086,5100
14,16200,2,0.0,517,11086,5114
21,16221,2,0.0,518,11086,5135
14,16235,2,0.0,519,11086,5149
17,16252,2,0.0,520,11086,5166
20,16272,2,0.0,521,11088,5184
10,16282,2,0.0,522,11088,5194
22,16304,2,0.0,523,11089,5215
23,16327,2,0.0,524,11089,5238
61,16388,2,0.0,525,11089,5299
5,16393,2,0.0,526,11089,5304
13,16406,2,0.0,527,11090,5316
29,16435,2,0.0,528,11091,5344
49,16484,2,0.0,529,11091,5393
9,16493,2,0.0,530,11091,5402
32,16525,2,0.0,531,11092,5433
6,16531,2,0.0,532,11092,5439
37,16568,2,0.0,533,11092,5476
20,16588,3,1.0,534,11092,5496
20,16608,3,0.0,535,11092,5516
15,16623,3,0.0,536,11092,5531
14,16637,3,0.0,537,11092,5545
18,16655,3,0.0,538,11092,5563
49,16704,3,0.0,539,11092,5612
65,16769,3,0.0,540,11092,5677
34,16803,3,0.0,541,11092,5711
33,16836,3,0.0,542,11092,5744
18,16854,3,0.0,543,11092,5762
53,16907,3,0.0,544,11092,5815
48,16955,3,0.0,545,11092,5863
44,16999,3,0.0,546,11092,5907
24,17023,3,0.0,547,11092,5931
16,17039,3,0.0,548,11092,5947
34,17073,3,0.0,549,11092,5981
27,17100,3,0.0,550,11092,6008
14,17114,3,0.0,551,11092,6022
40,17154,3,0.0,552,11092,6062
56,17210,3,0.0,553,11092,6118
10,17220,3,0.0,554,11092,6128
16,17236,3,0.0,555,11092,6144
36,17272,3,0.0,556,11092,6180
26,17298,3,0.0,557,11092,6206
27,17325,3,0.0,558,11093,6232
24,17349,3,0.0,559,11093,6256
9,17358,3,0.0,560,11093,6265
12,17370,3,0.0,561,11093,6277
25,17395,3,0.0,562,11093,6302
32,17427,3,0.0,563,11093,6334
11,17438,3,0.0,564,11093,6345
35,17473,3,0.0,565,11093,6380
11,17484,3,0.0,566,11093,6391
13,17497,3,0.0,567,11093,6404
21,17518,3,0.0,568,11093,6425
20,17538,3,0.0,569,11093,6445
19,17557,3,0.0,570,11093,6464
17,17574,3,0.0,571,11093,6481
16,17590,3,0.0,572,11093,6497
11,17601,3,0.0,573,11093,6508
34,17635,3,0.0,574,11093,6542
41,17676,3,0.0,575,11093,6583
27,17703,3,0.0,576,11093,6610
16,17719,3,0.0,577,11093,6626
12,17731,3,0.0,578,11093,6638
40,17771,3,0.0,579,11093,6678
14,17785,3,0.0,580,11093,6692
25,17810,3,0.0,581,11093,6717
28,17838,3,0.0,582,11093,6745
21,17859,3,0.0,583,11093,6766
34,17893,3,0.0,584,11093,6800
29,17922,3,0.0,585,11093,6829
78,18000,3,0.0,586,11093,6907
14,18014,3,0.0,587,11093,6921
16,18030,3,0.0,588,11093,6937
23,18053,3,0.0,589,11093,6960
13,18066,3,0.0,590,11093,6973
33,18099,3,0.0,591,11093,7006
7,18106,3,0.0,592,11093,7013
13,18119,3,0.0,593,11093,7026
35,18154,3,0.0,594,11093,7061
42,18196,3,0.0,595,11093,7103
49,18245,3,0.0,596,11093,7152
47,18292,3,0.0,597,11094,7198
33,18325,3,0.0,598,11094,7231
35,18360,3,0.0,599,11094,7266
23,18383,3,0.0,600,11094,7289
13,18396,3,0.0,601,11094,7302
23,18419,3,0.0,602,11094,7325
13,18432,3,0.0,603,11094,7338
39,18471,3,0.0,604,11094,7377
25,18496,3,0.0,605,11094,7402
38,18534,3,0.0,606,11094,7440
15,18549,3,0.0,607,11094,7455
63,18612,3,0.0,608,11095,7517
9,18621,3,0.0,609,11095,7526
19,18640,3,0.0,610,11095,7545
46,18686,3,0.0,611,11095,7591
25,18711,3,0.0,612,11095,7616
27,18738,3,0.0,613,11095,7643
20,18758,3,0.0,614,11095,7663
28,18786,3,0.0,615,11095,7691
26,18812,3,0.0,616,11095,7717
22,18834,3,0.0,617,11095,7739
14,18848,3,0.0,618,11095,7753
9,18857,3,0.0,619,11095,7762
37,18894,3,0.0,620,11095,7799
100,18994,3,0.0,621,11095,7899
60,19054,3,0.0,622,11095,7959
57,19111,3,0.0,623,11096,8015
41,19152,3,0.0,624,11096,8056
17,19169,3,0.0,625,11096,8073
34,19203,3,0.0,626,11096,8107
26,19229,3,0.0,627,11096,8133
16,19245,3,0.0,628,11096,8149
13,19258,3,0.0,629,11096,8162
22,19280,3,0.0,630,11096,8184
71,19351,3,0.0,631,11096,8255
7,19358,3,0.0,632,11096,8262
10,19368,3,0.0,633,11096,8272
38,19406,3,0.0,634,11096,8310
32,19438,3,0.0,635,11096,8342
71,19509,3,0.0,636,11096,8413
17,19526,3,0.0,637,11096,8430
27,19553,3,0.0,638,11096,8457
43,19596,3,0.0,639,11096,8500
25,19621,3,0.0,640,11096,8525
9,19630,3,0.0,641,11096,8534
13,19643,3,0.0,642,11096,8547
65,19708,3,0.0,643,11098,8610
9,19717,3,0.0,644,11098,8619
57,19774,3,0.0,645,11098,8676
54,19828,3,0.0,646,11098,8730
35,19863,3,0.0,647,11098,8765
9,19872,3,0.0,648,11098,8774
15,19887,3,0.0,649,11098,8789
61,19948,3,0.0,650,11098,8850
52,20000,3,0.0,651,11098,8902
17,20017,3,0.0,652,11099,8918
10,20027,3,0.0,653,11099,8928
24,20051,3,0.0,654,11099,8952
35,20086,3,0.0,655,11099,8987
9,20095,3,0.0,656,11099,8996
7,20102,3,0.0,657,11099,9003
25,20127,3,0.0,658,11099,9028
63,20190,3,0.0,659,11099,9091
9,20199,3,0.0,660,11099,9100
20,20219,3,0.0,661,11099,9120
9,20228,3,0.0,662,11099,9129
45,20273,3,0.0,663,11100,9173
38,20311,3,0.0,664,11101,9210
15,20326,3,0.0,665,11101,9225
16,20342,3,0.0,666,11101,9241
32,20374,3,0.0,667,11101,9273
14,20388,3,0.0,668,11101,9287
25,20413,3,0.0,669,11101,9312
28,20441,3,0.0,670,11101,9340
49,20490,3,0.0,671,11101,9389
56,20546,3,0.0,672,11101,9445
35,20581,3,0.0,673,11102,9479
25,20606,3,0.0,674,11102,9504
17,20623,3,0.0,675,11102,9521
20,20643,3,0.0,676,11102,9541
26,20669,3,0.0,677,11103,9566
27,20696,3,0.0,678,11103,9593
11,20707,3,0.0,679,11103,9604
45,20752,3,0.0,680,11103,9649
8,20760,3,0.0,681,11103,9657
39,20799,3,0.0,682,11103,9696
29,20828,3,0.0,683,11103,9725
12,20840,3,0.0,684,11103,9737
11,20851,3,0.0,685,11103,9748
51,20902,3,0.0,686,11103,9799
69,20971,3,0.0,687,11103,9868
66,21037,3,0.0,688,11104,9933
20,21057,3,0.0,689,11104,9953
11,21068,3,0.0,690,11104,9964
50,21118,3,0.0,691,11104,10014
27,21145,3,0.0,692,11104,10041
70,21215,3,0.0,693,11104,10111
29,21244,3,0.0,694,11104,10140
77,21321,3,0.0,695,11104,10217
38,21359,3,0.0,696,11105,10254
30,21389,3,0.0,697,11105,10284
16,21405,3,0.0,698,11106,10299
34,21439,3,0.0,699,11106,10333
32,21471,3,0.0,700,11106,10365
27,21498,3,0.0,701,11106,10392
13,21511,3,0.0,702,11106,10405
19,21530,3,0.0,703,11106,10424
5,21535,3,0.0,704,11106,10429
9,21544,3,0.0,705,11106,10438
33,21577,3,0.0,706,11106,10471
69,21646,3,0.0,707,11106,10540
19,21665,3,0.0,708,11106,10559
32,21697,3,0.0,709,11106,10591
19,21716,3,0.0,710,11106,10610
22,21738,3,0.0,711,11106,10632
11,21749,3,0.0,712,11106,10643
21,21770,3,0.0,713,11106,10664
39,21809,3,0.0,714,11106,10703
42,21851,3,0.0,715,11106,10745
38,21889,3,0.0,716,11106,10783
15,21904,3,0.0,717,11106,10798
34,21938,3,0.0,718,11106,10832
11,21949,3,0.0,719,11106,10843
43,21992,3,0.0,720,11106,10886
13,22005,3,0.0,721,11106,10899
33,22038,3,0.0,722,11106,10932
19,22057,3,0.0,723,11106,10951
51,22108,3,0.0,724,11106,11002
100,22208,3,0.0,725,11107,11101
21,22229,3,0.0,726,11107,11122
5,22234,3,0.0,727,11107,11127
14,22248,3,0.0,728,11107,11141
48,22296,3,0.0,729,11107,11189
31,22327,3,0.0,730,11108,11219
17,22344,3,0.0,731,11108,11236
63,22407,3,0.0,732,11108,11299
51,22458,3,0.0,733,11108,11350
42,22500,3,0.0,734,11108,11392
33,22533,3,0.0,735,11108,11425
13,22546,3,0.0,736,11108,11438
89,22635,3,0.0,737,11109,11526
41,22676,4,1.0,738,11110,11566
10,22686,4,0.0,739,11110,11576
11,22697,4,0.0,740,11110,11587
21,22718,4,0.0,741,11110,11608
9,22727,4,0.0,742,11110,11617
18,22745,4,0.0,743,11110,11635
35,22780,4,0.0,744,11110,11670
22,22802,4,0.0,745,11110,11692
20,22822,4,0.0,746,11110,11712
41,22863,4,0.0,747,11110,11753
19,22882,4,0.0,748,11110,11772
23,22905,4,0.0,749,11110,11795
44,22949,4,0.0,750,11110,11839
15,22964,4,0.0,751,11110,11854
24,22988,4,0.0,752,11110,11878
33,23021,4,0.0,753,11110,11911
15,23036,4,0.0,754,11110,11926
11,23047,4,0.0,755,11110,11937
17,23064,4,0.0,756,11110,11954
14,23078,4,0.0,757,11110,11968
15,23093,4,0.0,758,11110,11983
8,23101,4,0.0,759,11110,11991
42,23143,4,0.0,760,11110,12033
21,23164,4,0.0,761,11110,12054
35,23199,4,0.0,762,11110,12089
55,23254,4,0.0,763,11110,12144
14,23268,4,0.0,764,11110,12158
100,23368,4,0.0,765,11110,12258
41,23409,4,0.0,766,11110,12299
28,23437,4,0.0,767,11110,12327
22,23459,4,0.0,768,11110,12349
57,23516,4,0.0,769,11110,12406
19,23535,4,0.0,770,11110,12425
55,23590,4,0.0,771,11110,12480
17,23607,4,0.0,772,11110,12497
38,23645,4,0.0,773,11110,12535
17,23662,4,0.0,774,11110,12552
13,23675,4,0.0,775,11110,12565
52,23727,4,0.0,776,11110,12617
100,23827,4,0.0,777,11110,12717
48,23875,4,0.0,778,11110,12765
44,23919,4,0.0,779,11110,12809
27,23946,4,0.0,780,11110,12836
9,23955,4,0.0,781,11110,12845
13,23968,4,0.0,782,11110,12858
11,23979,4,0.0,783,11110,12869
58,24037,4,0.0,784,11110,12927
24,24061,4,0.0,785,11110,12951
64,24125,4,0.0,786,11111,13014
5,24130,4,0.0,787,11111,13019
27,24157,4,0.0,788,11112,13045
100,24257,4,0.0,789,11112,13145
26,24283,4,0.0,790,11112,13171
76,24359,4,0.0,791,11112,13247
36,24395,4,0.0,792,11112,13283
25,24420,4,0.0,793,11113,13307
66,24486,4,0.0,794,11113,13373
26,24512,4,0.0,795,11113,13399
18,24530,4,0.0,796,11113,13417
42,24572,4,0.0,797,11113,13459
96,24668,4,0.0,798,11114,13554
8,24676,4,0.0,799,11114,13562
14,24690,4,0.0,800,11114,13576
17,24707,4,0.0,801,11114,13593
45,24752,4,0.0,802,11114,13638
20,24772,4,0.0,803,11114,13658
13,24785,4,0.0,804,11114,13671
41,24826,4,0.0,805,11114,13712
13,24839,4,0.0,806,11114,13725
43,24882,4,0.0,807,11114,13768
25,24907,4,0.0,808,11114,13793
86,24993,4,0.0,809,11114,13879
52,25045,4,0.0,810,11114,13931
16,25061,4,0.0,811,11114,13947
32,25093,4,0.0,812,11114,13979
35,25128,4,0.0,813,11114,14014
30,25158,4,0.0,814,11114,14044
70,25228,4,0.0,815,11114,14114
16,25244,4,0.0,816,11114,14130
27,25271,4,0.0,817,11114,14157
26,25297,4,0.0,818,11114,14183
17,25314,4,0.0,819,11114,14200
15,25329,4,0.0,820,11114,14215
84,25413,4,0.0,821,11114,14299
39,25452,4,0.0,822,11114,14338
26,25478,4,0.0,823,11114,14364
47,25525,4,0.0,824,11114,14411
9,25534,4,0.0,825,11114,14420
34,25568,4,0.0,826,11114,14454
16,25584,4,0.0,827,11114,14470
26,25610,4,0.0,828,11114,14496
24,25634,4,0.0,829,11114,14520
29,25663,4,0.0,830,11114,14549
8,25671,4,0.0,831,11114,14557
20,25691,4,0.0,832,11114,14577
78,25769,5,1.0,833,11114,14655
21,25790,5,0.0,834,11114,14676
52,25842,5,0.0,835,11114,14728
51,25893,5,0.0,836,11114,14779
19,25912,5,0.0,837,11114,14798
8,25920,5,0.0,838,11114,14806
29,25949,5,0.0,839,11114,14835
17,25966,5,0.0,840,11114,14852
8,25974,5,0.0,841,11114,14860
51,26025,5,0.0,842,11114,14911
28,26053,5,0.0,843,11114,14939
14,26067,5,0.0,844,11114,14953
35,26102,5,0.0,845,11114,14988
22,26124,5,0.0,846,11114,15010
12,26136,5,0.0,847,11114,15022
80,26216,5,0.0,848,11114,15102
38,26254,5,0.0,849,11114,15140
10,26264,5,0.0,850,11114,15150
35,26299,5,0.0,851,11114,15185
22,26321,5,0.0,852,11114,15207
33,26354,5,0.0,853,11114,15240
24,26378,5,0.0,854,11114,15264
10,26388,5,0.0,855,11114,15274
73,26461,5,0.0,856,11114,15347
67,26528,5,0.0,857,11114,15414
44,26572,5,0.0,858,11114,15458
15,26587,5,0.0,859,11114,15473
12,26599,5,0.0,860,11114,15485
30,26629,5,0.0,861,11114,15515
20,26649,5,0.0,862,11114,15535
5,26654,5,0.0,863,11114,15540
15,26669,5,0.0,864,11114,15555
33,26702,5,0.0,865,11114,15588
26,26728,5,0.0,866,11114,15614
18,26746,5,0.0,867,11114,15632
11,26757,5,0.0,868,11114,15643
40,26797,5,0.0,869,11114,15683
58,26855,5,0.0,870,11114,15741
14,26869,5,0.0,871,11114,15755
7,26876,5,0.0,872,11114,15762
64,26940,6,1.0,873,11114,15826
42,26982,6,0.0,874,11114,15868
14,26996,6,0.0,875,11114,15882
17,27013,6,0.0,876,11114,15899
5,27018,6,0.0,877,11114,15904
9,27027,6,0.0,878,11114,15913
35,27062,7,1.0,879,11114,15948
28,27090,8,1.0,880,11114,15976
84,27174,8,0.0,881,11114,16060
13,27187,8,0.0,882,11114,16073
29,27216,8,0.0,883,11114,16102
35,27251,8,0.0,884,11114,16137
20,27271,8,0.0,885,11114,16157
23,27294,8,0.0,886,11114,16180
11,27305,8,0.0,887,11114,16191
20,27325,8,0.0,888,11114,16211
15,27340,8,0.0,889,11114,16226
13,27353,8,0.0,890,11114,16239
12,27365,8,0.0,891,11114,16251
14,27379,8,0.0,892,11114,16265
7,27386,8,0.0,893,11114,16272
28,27414,8,0.0,894,11114,16300
7,27421,8,0.0,895,11114,16307
15,27436,8,0.0,896,11114,16322
19,27455,8,0.0,897,11114,16341
24,27479,8,0.0,898,11114,16365
42,27521,8,0.0,899,11114,16407
53,27574,8,0.0,900,11114,16460
28,27602,8,0.0,901,11114,16488
57,27659,9,1.0,902,11114,16545
14,27673,9,0.0,903,11114,16559
8,27681,9,0.0,904,11114,16567
12,27693,9,0.0,905,11114,16579
23,27716,9,0.0,906,11114,16602
18,27734,9,0.0,907,11114,16620
44,27778,9,0.0,908,11114,16664
28,27806,9,0.0,909,11114,16692
17,27823,9,0.0,910,11114,16709
24,27847,9,0.0,911,11114,16733
24,27871,9,0.0,912,11114,16757
6,27877,9,0.0,913,11114,16763
21,27898,9,0.0,914,11114,16784
17,27915,9,0.0,915,11114,16801
90,28005,9,0.0,916,11114,16891
30,28035,9,0.0,917,11114,16921
46,28081,9,0.0,918,11114,16967
100,28181,9,0.0,919,11114,17067
20,28201,9,0.0,920,11114,17087
29,28230,9,0.0,921,11114,17116
42,28272,9,0.0,922,11114,17158
22,28294,9,0.0,923,11114,17180
28,28322,10,1.0,924,11114,17208
10,28332,10,0.0,925,11114,17218
64,28396,10,0.0,926,11114,17282
23,28419,10,0.0,927,11114,17305
42,28461,10,0.0,928,11114,17347
20,28481,10,0.0,929,11114,17367
26,28507,10,0.0,930,11114,17393
43,28550,10,0.0,931,11114,17436
58,28608,11,1.0,932,11114,17494
30,28638,11,0.0,933,11114,17524
15,28653,11,0.0,934,11114,17539
70,28723,11,0.0,935,11114,17609
26,28749,11,0.0,936,11114,17635
26,28775,11,0.0,937,11114,17661
19,28794,11,0.0,938,11114,17680
10,28804,11,0.0,939,11114,17690
49,28853,11,0.0,940,11114,17739
37,28890,11,0.0,941,11114,17776
58,28948,11,0.0,942,11114,17834
43,28991,11,0.0,943,11114,17877
17,29008,11,0.0,944,11114,17894
8,29016,11,0.0,945,11114,17902
31,29047,11,0.0,946,11114,17933
18,29065,11,0.0,947,11114,17951
51,29116,11,0.0,948,11114,18002
7,29123,11,0.0,949,11114,18009
62,29185,11,0.0,950,11114,18071
20,29205,11,0.0,951,11114,18091
61,29266,11,0.0,952,11114,18152
25,29291,11,0.0,953,11114,18177
14,29305,11,0.0,954,11114,18191
23,29328,11,0.0,955,11114,18214
30,29358,12,1.0,956,11114,18244
18,29376,12,0.0,957,11114,18262
9,29385,12,0.0,958,11114,18271
22,29407,12,0.0,959,11114,18293
67,29474,12,0.0,960,11114,18360
12,29486,12,0.0,961,11114,18372
18,29504,12,0.0,962,11114,18390
68,29572,12,0.0,963,11114,18458
9,29581,12,0.0,964,11114,18467
28,29609,12,0.0,965,11114,18495
16,29625,12,0.0,966,11114,18511
71,29696,12,0.0,967,11114,18582
16,29712,12,0.0,968,11114,18598
28,29740,12,0.0,969,11114,18626
23,29763,12,0.0,970,11114,18649
36,29799,12,0.0,971,11114,18685
14,29813,12,0.0,972,11114,18699
40,29853,12,0.0,973,11114,18739
20,29873,12,0.0,974,11114,18759
16,29889,12,0.0,975,11114,18775
19,29908,12,0.0,976,11114,18794
42,29950,12,0.0,977,11114,18836
42,29992,13,1.0,978,11114,18878
78,30070,13,0.0,979,11114,18956
92,30162,13,0.0,980,11114,19048
16,30178,13,0.0,981,11114,19064
23,30201,13,0.0,982,11114,19087
55,30256,13,0.0,983,11114,19142
100,30356,13,0.0,984,11114,19242
12,30368,13,0.0,985,11114,19254
40,30408,13,0.0,986,11114,19294
30,30438,14,1.0,987,11114,19324
58,30496,14,0.0,988,11114,19382
13,30509,14,0.0,989,11114,19395
17,30526,14,0.0,990,11114,19412
69,30595,14,0.0,991,11114,19481
11,30606,14,0.0,992,11114,19492
14,30620,14,0.0,993,11114,19506
27,30647,14,0.0,994,11114,19533
24,30671,14,0.0,995,11114,19557
30,30701,14,0.0,996,11114,19587
18,30719,14,0.0,997,11114,19605
51,30770,15,1.0,998,11114,19656
18,30788,15,0.0,999,11114,19674
29,30817,15,0.0,1000,11114,19703
21,30838,15,0.0,1001,11114,19724
23,30861,15,0.0,1002,11114,19747
54,30915,15,0.0,1003,11114,19801
11,30926,15,0.0,1004,11114,19812
34,30960,15,0.0,1005,11114,19846
14,30974,15,0.0,1006,11114,19860
21,30995,15,0.0,1007,11114,19881
13,31008,15,0.0,1008,11114,19894
25,31033,15,0.0,1009,11114,19919
26,31059,15,0.0,1010,11114,19945
6,31065,15,0.0,1011,11114,19951
16,31081,15,0.0,1012,11114,19967
7,31088,15,0.0,1013,11114,19974
12,31100,15,0.0,1014,11114,19986
31,31131,15,0.0,1015,11114,20017
24,31155,16,1.0,1016,11114,20041
14,31169,16,0.0,1017,11114,20055
26,31195,16,0.0,1018,11114,20081
71,31266,17,1.0,1019,11114,20152
43,31309,17,0.0,1020,11114,20195
21,31330,17,0.0,1021,11114,20216
16,31346,17,0.0,1022,11114,20232
11,31357,17,0.0,1023,11114,20243
22,31379,17,0.0,1024,11114,20265
13,31392,17,0.0,1025,11114,20278
21,31413,17,0.0,1026,11114,20299
32,31445,17,0.0,1027,11114,20331
62,31507,17,0.0,1028,11114,20393
27,31534,17,0.0,1029,11114,20420
76,31610,17,0.0,1030,11114,20496
22,31632,17,0.0,1031,11114,20518
12,31644,17,0.0,1032,11114,20530
31,31675,17,0.0,1033,11114,20561
50,31725,17,0.0,1034,11114,20611
17,31742,17,0.0,1035,11114,20628
11,31753,17,0.0,1036,11114,20639
41,31794,17,0.0,1037,11114,20680
9,31803,17,0.0,1038,11114,20689
32,31835,17,0.0,1039,11114,20721
10,31845,17,0.0,1040,11114,20731
18,31863,17,0.0,1041,11114,20749
10,31873,17,0.0,1042,11114,20759
22,31895,17,0.0,1043,11114,20781
16,31911,17,0.0,1044,11114,20797
33,31944,17,0.0,1045,11114,20830
34,31978,17,0.0,1046,11114,20864
26,32004,17,0.0,1047,11114,20890
18,32022,17,0.0,1048,11114,20908
13,32035,17,0.0,1049,11114,20921
22,32057,17,0.0,1050,11114,20943
20,32077,17,0.0,1051,11114,20963
60,32137,17,0.0,1052,11114,21023
18,32155,17,0.0,1053,11114,21041
72,32227,17,0.0,1054,11114,21113
8,32235,17,0.0,1055,11114,21121
72,32307,17,0.0,1056,11114,21193
36,32343,17,0.0,1057,11114,21229
44,32387,17,0.0,1058,11114,21273
74,32461,17,0.0,1059,11114,21347
35,32496,17,0.0,1060,11114,21382
42,32538,17,0.0,1061,11114,21424
46,32584,17,0.0,1062,11114,21470
44,32628,17,0.0,1063,11114,21514
58,32686,17,0.0,1064,11114,21572
95,32781,17,0.0,1065,11114,21667
25,32806,17,0.0,1066,11114,21692
19,32825,17,0.0,1067,11114,21711
18,32843,17,0.0,1068,11114,21729
13,32856,17,0.0,1069,11114,21742
37,32893,17,0.0,1070,11114,21779
42,32935,17,0.0,1071,11114,21821
27,32962,17,0.0,1072,11114,21848
8,32970,17,0.0,1073,11114,21856
35,33005,17,0.0,1074,11114,21891
19,33024,17,0.0,1075,11114,21910
100,33124,17,0.0,1076,11114,22010
52,33176,18,1.0,1077,11114,22062
36,33212,18,0.0,1078,11114,22098
8,33220,18,0.0,1079,11114,22106
37,33257,18,0.0,1080,11114,22143
12,33269,18,0.0,1081,11114,22155
11,33280,18,0.0,1082,11114,22166
62,33342,18,0.0,1083,11114,22228
69,33411,18,0.0,1084,11114,22297
26,33437,18,0.0,1085,11114,22323
31,33468,18,0.0,1086,11114,22354
28,33496,18,0.0,1087,11114,22382
56,33552,18,0.0,1088,11114,22438
38,33590,18,0.0,1089,11114,22476
29,33619,18,0.0,1090,11114,22505
11,33630,18,0.0,1091,11114,22516
14,33644,18,0.0,1092,11114,22530
17,33661,18,0.0,1093,11114,22547
16,33677,18,0.0,1094,11114,22563
70,33747,18,0.0,1095,11114,22633
12,33759,18,0.0,1096,11114,22645
53,33812,18,0.0,1097,11114,22698
32,33844,18,0.0,1098,11114,22730
44,33888,18,0.0,1099,11114,22774
36,33924,18,0.0,1100,11114,22810
14,33938,18,0.0,1101,11114,22824
53,33991,18,0.0,1102,11114,22877
17,34008,18,0.0,1103,11114,22894
9,34017,18,0.0,1104,11114,22903
39,34056,18,0.0,1105,11114,22942
55,34111,18,0.0,1106,11114,22997
58,34169,18,0.0,1107,11114,23055
37,34206,18,0.0,1108,11114,23092
13,34219,18,0.0,1109,11114,23105
26,34245,18,0.0,1110,11114,23131
10,34255,18,0.0,1111,11114,23141
24,34279,18,0.0,1112,11114,23165
29,34308,18,0.0,1113,11114,23194
32,34340,18,0.0,1114,11114,23226
27,34367,18,0.0,1115,11114,23253
32,34399,18,0.0,1116,11114,23285
6,34405,18,0.0,1117,11114,23291
24,34429,18,0.0,1118,11114,23315
9,34438,18,0.0,1119,11114,23324
36,34474,19,1.0,1120,11114,23360
24,34498,19,0.0,1121,11114,23384
24,34522,20,1.0,1122,11114,23408
57,34579,20,0.0,1123,11114,23465
62,34641,20,0.0,1124,11114,23527
36,34677,21,1.0,1125,11114,23563
5,34682,21,0.0,1126,11114,23568
10,34692,21,0.0,1127,11114,23578
16,34708,21,0.0,1128,11114,23594
14,34722,21,0.0,1129,11114,23608
73,34795,21,0.0,1130,11114,23681
45,34840,22,1.0,1131,11114,23726
11,34851,22,0.0,1132,11114,23737
5,34856,22,0.0,1133,11114,23742
8,34864,22,0.0,1134,11114,23750
35,34899,22,0.0,1135,11114,23785
31,34930,22,0.0,1136,11114,23816
43,34973,23,1.0,1137,11114,23859
16,34989,23,0.0,1138,11114,23875
21,35010,23,0.0,1139,11114,23896
9,35019,23,0.0,1140,11114,23905
20,35039,23,0.0,1141,11114,23925
19,35058,23,0.0,1142,11114,23944
42,35100,23,0.0,1143,11114,23986
32,35132,23,0.0,1144,11114,24018
30,35162,23,0.0,1145,11114,24048
72,35234,24,1.0,1146,11114,24120
51,35285,24,0.0,1147,11114,24171
13,35298,24,0.0,1148,11114,24184
12,35310,24,0.0,1149,11114,24196
25,35335,24,0.0,1150,11114,24221
29,35364,24,0.0,1151,11114,24250
49,35413,25,1.0,1152,11114,24299
18,35431,25,0.0,1153,11114,24317
33,35464,25,0.0,1154,11114,24350
23,35487,25,0.0,1155,11114,24373
10,35497,25,0.0,1156,11114,24383
20,35517,25,0.0,1157,11114,24403
27,35544,25,0.0,1158,11114,24430
46,35590,25,0.0,1159,11114,24476
44,35634,25,0.0,1160,11114,24520
24,35658,25,0.0,1161,11114,24544
10,35668,25,0.0,1162,11114,24554
24,35692,25,0.0,1163,11114,24578
26,35718,25,0.0,1164,11114,24604
9,35727,25,0.0,1165,11114,24613
76,35803,25,0.0,1166,11114,24689
11,35814,25,0.0,1167,11114,24700
11,35825,25,0.0,1168,11114,24711
29,35854,25,0.0,1169,11114,24740
30,35884,25,0.0,1170,11114,24770
48,35932,25,0.0,1171,11114,24818
21,35953,25,0.0,1172,11114,24839
20,35973,25,0.0,1173,11114,24859
14,35987,25,0.0,1174,11114,24873
25,36012,25,0.0,1175,11114,24898
32,36044,25,0.0,1176,11114,24930
15,36059,25,0.0,1177,11114,24945
25,36084,25,0.0,1178,11114,24970
22,36106,25,0.0,1179,11114,24992
10,36116,25,0.0,1180,11114,25002
83,36199,25,0.0,1181,11114,25085
23,36222,25,0.0,1182,11114,25108
22,36244,25,0.0,1183,11114,25130
56,36300,25,0.0,1184,11114,25186
29,36329,25,0.0,1185,11114,25215
27,36356,25,0.0,1186,11114,25242
58,36414,25,0.0,1187,11114,25300
31,36445,25,0.0,1188,11114,25331
24,36469,25,0.0,1189,11114,25355
22,36491,25,0.0,1190,11114,25377
52,36543,25,0.0,1191,11114,25429
31,36574,25,0.0,1192,11114,25460
20,36594,25,0.0,1193,11114,25480
35,36629,25,0.0,1194,11114,25515
9,36638,25,0.0,1195,11114,25524
14,36652,25,0.0,1196,11114,25538
10,36662,25,0.0,1197,11114,25548
51,36713,25,0.0,1198,11114,25599
26,36739,25,0.0,1199,11114,25625
25,36764,25,0.0,1200,11114,25650
7,36771,25,0.0,1201,11114,25657
42,36813,25,0.0,1202,11114,25699
28,36841,25,0.0,1203,11114,25727
9,36850,25,0.0,1204,11114,25736
18,36868,25,0.0,1205,11114,25754
6,36874,25,0.0,1206,11114,25760
33,36907,25,0.0,1207,11114,25793
23,36930,25,0.0,1208,11114,25816
25,36955,25,0.0,1209,11114,25841
39,36994,25,0.0,1210,11114,25880
68,37062,25,0.0,1211,11114,25948
83,37145,25,0.0,1212,11114,26031
15,37160,25,0.0,1213,11114,26046
63,37223,26,1.0,1214,11114,26109
47,37270,26,0.0,1215,11114,26156
22,37292,26,0.0,1216,11114,26178
13,37305,26,0.0,1217,11114,26191
47,37352,26,0.0,1218,11114,26238
11,37363,26,0.0,1219,11114,26249
30,37393,27,1.0,1220,11114,26279
25,37418,27,0.0,1221,11114,26304
32,37450,27,0.0,1222,11114,26336
52,37502,27,0.0,1223,11114,26388
25,37527,27,0.0,1224,11114,26413
5,37532,27,0.0,1225,11114,26418
18,37550,27,0.0,1226,11114,26436
65,37615,27,0.0,1227,11114,26501
10,37625,27,0.0,1228,11114,26511
45,37670,27,0.0,1229,11114,26556
21,37691,27,0.0,1230,11114,26577
15,37706,27,0.0,1231,11114,26592
17,37723,27,0.0,1232,11114,26609
18,37741,27,0.0,1233,11114,26627
15,37756,27,0.0,1234,11114,26642
17,37773,27,0.0,1235,11114,26659
15,37788,27,0.0,1236,11114,26674
23,37811,28,1.0,1237,11114,26697
24,37835,28,0.0,1238,11114,26721
7,37842,28,0.0,1239,11114,26728
39,37881,28,0.0,1240,11114,26767
21,37902,28,0.0,1241,11114,26788
25,37927,29,1.0,1242,11114,26813
64,37991,29,0.0,1243,11114,26877
30,38021,30,1.0,1244,11114,26907
51,38072,30,0.0,1245,11114,26958
24,38096,30,0.0,1246,11114,26982
28,38124,30,0.0,1247,11114,27010
12,38136,30,0.0,1248,11114,27022
14,38150,30,0.0,1249,11114,27036
14,38164,30,0.0,1250,11114,27050
18,38182,30,0.0,1251,11114,27068
100,38282,30,0.0,1252,11114,27168
35,38317,30,0.0,1253,11114,27203
16,38333,30,0.0,1254,11114,27219
21,38354,30,0.0,1255,11114,27240
30,38384,30,0.0,1256,11114,27270
36,38420,30,0.0,1257,11114,27306
44,38464,30,0.0,1258,11114,27350
26,38490,30,0.0,1259,11114,27376
24,38514,30,0.0,1260,11114,27400
23,38537,30,0.0,1261,11114,27423
28,38565,30,0.0,1262,11114,27451
25,38590,30,0.0,1263,11114,27476
41,38631,30,0.0,1264,11114,27517
15,38646,30,0.0,1265,11114,27532
21,38667,30,0.0,1266,11114,27553
13,38680,30,0.0,1267,11114,27566
9,38689,30,0.0,1268,11114,27575
27,38716,30,0.0,1269,11114,27602
19,38735,31,1.0,1270,11114,27621
42,38777,31,0.0,1271,11114,27663
19,38796,31,0.0,1272,11114,27682
23,38819,31,0.0,1273,11114,27705
27,38846,31,0.0,1274,11114,27732
24,38870,31,0.0,1275,11114,27756
38,38908,32,1.0,1276,11114,27794
44,38952,32,0.0,1277,11114,27838
49,39001,32,0.0,1278,11114,27887
24,39025,32,0.0,1279,11114,27911
12,39037,32,0.0,1280,11114,27923
76,39113,32,0.0,1281,11114,27999
7,39120,32,0.0,1282,11114,28006
77,39197,33,1.0,1283,11114,28083
34,39231,33,0.0,1284,11114,28117
21,39252,33,0.0,1285,11114,28138
21,39273,34,1.0,1286,11114,28159
31,39304,34,0.0,1287,11114,28190
26,39330,34,0.0,1288,11114,28216
19,39349,34,0.0,1289,11114,28235
13,39362,34,0.0,1290,11114,28248
40,39402,34,0.0,1291,11114,28288
12,39414,34,0.0,1292,11114,28300
27,39441,34,0.0,1293,11114,28327
12,39453,34,0.0,1294,11114,28339
42,39495,35,1.0,1295,11114,28381
12,39507,35,0.0,1296,11114,28393
13,39520,35,0.0,1297,11114,28406
22,39542,36,1.0,1298,11114,28428
25,39567,36,0.0,1299,11114,28453
31,39598,36,0.0,1300,11114,28484
14,39612,36,0.0,1301,11114,28498
16,39628,36,0.0,1302,11114,28514
46,39674,37,1.0,1303,11114,28560
22,39696,37,0.0,1304,11114,28582
13,39709,37,0.0,1305,11114,28595
14,39723,37,0.0,1306,11114,28609
37,39760,38,1.0,1307,11114,28646
80,39840,38,0.0,1308,11114,28726
10,39850,38,0.0,1309,11114,28736
19,39869,38,0.0,1310,11114,28755
7,39876,38,0.0,1311,11114,28762
27,39903,38,0.0,1312,11114,28789
10,39913,38,0.0,1313,11114,28799
21,39934,39,1.0,1314,11114,28820
71,40005,39,0.0,1315,11114,28891
31,40036,39,0.0,1316,11114,28922
10,40046,39,0.0,1317,11114,28932
26,40072,39,0.0,1318,11114,28958
19,40091,39,0.0,1319,11114,28977
32,40123,39,0.0,1320,11114,29009
12,40135,39,0.0,1321,11114,29021
23,40158,39,0.0,1322,11114,29044
23,40181,39,0.0,1323,11114,29067
12,40193,39,0.0,1324,11114,29079
33,40226,39,0.0,1325,11114,29112
48,40274,39,0.0,1326,11114,29160
62,40336,39,0.0,1327,11114,29222
25,40361,39,0.0,1328,11114,29247
14,40375,39,0.0,1329,11114,29261
32,40407,39,0.0,1330,11114,29293
71,40478,39,0.0,1331,11114,29364
43,40521,39,0.0,1332,11114,29407
51,40572,39,0.0,1333,11114,29458
32,40604,39,0.0,1334,11114,29490
21,40625,39,0.0,1335,11114,29511
44,40669,40,1.0,1336,11114,29555
17,40686,40,0.0,1337,11114,29572
18,40704,40,0.0,1338,11114,29590
100,40804,40,0.0,1339,11114,29690
8,40812,40,0.0,1340,11114,29698
28,40840,40,0.0,1341,11114,29726
31,40871,40,0.0,1342,11114,29757
28,40899,40,0.0,1343,11114,29785
11,40910,40,0.0,1344,11114,29796
14,40924,40,0.0,1345,11114,29810
5,40929,40,0.0,1346,11114,29815
23,40952,40,0.0,1347,11114,29838
13,40965,40,0.0,1348,11114,29851
49,41014,40,0.0,1349,11114,29900
10,41024,40,0.0,1350,11114,29910
40,41064,40,0.0,1351,11114,29950
12,41076,40,0.0,1352,11114,29962
47,41123,40,0.0,1353,11114,30009
24,41147,40,0.0,1354,11114,30033
11,41158,40,0.0,1355,11114,30044
14,41172,40,0.0,1356,11114,30058
21,41193,40,0.0,1357,11114,30079
21,41214,40,0.0,1358,11114,30100
27,41241,40,0.0,1359,11114,30127
16,41257,40,0.0,1360,11114,30143
17,41274,40,0.0,1361,11114,30160
23,41297,40,0.0,1362,11114,30183
9,41306,40,0.0,1363,11114,30192
91,41397,40,0.0,1364,11114,30283
73,41470,40,0.0,1365,11114,30356
8,41478,40,0.0,1366,11114,30364
20,41498,40,0.0,1367,11114,30384
12,41510,40,0.0,1368,11114,30396
9,41519,40,0.0,1369,11114,30405
8,41527,40,0.0,1370,11114,30413
30,41557,40,0.0,1371,11114,30443
15,41572,40,0.0,1372,11114,30458
10,41582,40,0.0,1373,11114,30468
41,41623,40,0.0,1374,11114,30509
21,41644,40,0.0,1375,11114,30530
18,41662,40,0.0,1376,11114,30548
75,41737,40,0.0,1377,11114,30623
22,41759,40,0.0,1378,11114,30645
24,41783,40,0.0,1379,11114,30669
19,41802,40,0.0,1380,11114,30688
67,41869,40,0.0,1381,11114,30755
13,41882,40,0.0,1382,11114,30768
76,41958,40,0.0,1383,11114,30844
9,41967,40,0.0,1384,11114,30853
7,41974,40,0.0,1385,11114,30860
17,41991,40,0.0,1386,11114,30877
15,42006,40,0.0,1387,11114,30892
68,42074,40,0.0,1388,11114,30960
30,42104,40,0.0,1389,11114,30990
16,42120,40,0.0,1390,11114,31006
6,42126,40,0.0,1391,11114,31012
20,42146,40,0.0,1392,11114,31032
12,42158,40,0.0,1393,11114,31044
62,42220,40,0.0,1394,11114,31106
26,42246,40,0.0,1395,11114,31132
12,42258,40,0.0,1396,11114,31144
47,42305,40,0.0,1397,11114,31191
31,42336,40,0.0,1398,11114,31222
82,42418,40,0.0,1399,11114,31304
50,42468,40,0.0,1400,11114,31354
17,42485,40,0.0,1401,11114,31371
9,42494,40,0.0,1402,11114,31380
89,42583,41,1.0,1403,11114,31469
20,42603,41,0.0,1404,11114,31489
21,42624,41,0.0,1405,11114,31510
24,42648,41,0.0,1406,11114,31534
21,42669,41,0.0,1407,11114,31555
22,42691,41,0.0,1408,11114,31577
27,42718,41,0.0,1409,11114,31604
62,42780,41,0.0,1410,11114,31666
25,42805,42,1.0,1411,11114,31691
8,42813,42,0.0,1412,11114,31699
68,42881,42,0.0,1413,11114,31767
11,42892,42,0.0,1414,11114,31778
42,42934,42,0.0,1415,11114,31820
49,42983,42,0.0,1416,11114,31869
44,43027,42,0.0,1417,11114,31913
43,43070,42,0.0,1418,11114,31956
20,43090,42,0.0,1419,11114,31976
15,43105,42,0.0,1420,11114,31991
40,43145,42,0.0,1421,11114,32031
20,43165,42,0.0,1422,11114,32051
19,43184,42,0.0,1423,11114,32070
7,43191,42,0.0,1424,11114,32077
10,43201,42,0.0,1425,11114,32087
62,43263,42,0.0,1426,11114,32149
23,43286,42,0.0,1427,11114,32172
38,43324,42,0.0,1428,11114,32210
21,43345,42,0.0,1429,11114,32231
7,43352,42,0.0,1430,11114,32238
45,43397,42,0.0,1431,11114,32283
48,43445,43,1.0,1432,11114,32331
13,43458,43,0.0,1433,11114,32344
9,43467,43,0.0,1434,11114,32353
11,43478,43,0.0,1435,11114,32364
35,43513,43,0.0,1436,11114,32399
94,43607,43,0.0,1437,11114,32493
19,43626,43,0.0,1438,11114,32512
35,43661,43,0.0,1439,11114,32547
26,43687,43,0.0,1440,11114,32573
22,43709,43,0.0,1441,11114,32595
72,43781,43,0.0,1442,11114,32667
35,43816,44,1.0,1443,11114,32702
11,43827,44,0.0,1444,11114,32713
39,43866,45,1.0,1445,11114,32752
23,43889,45,0.0,1446,11114,32775
51,43940,46,1.0,1447,11114,32826
36,43976,46,0.0,1448,11114,32862
35,44011,46,0.0,1449,11114,32897
35,44046,46,0.0,1450,11114,32932
10,44056,46,0.0,1451,11114,32942
10,44066,46,0.0,1452,11114,32952
27,44093,46,0.0,1453,11114,32979
15,44108,46,0.0,1454,11114,32994
36,44144,46,0.0,1455,11114,33030
53,44197,46,0.0,1456,11114,33083
38,44235,47,1.0,1457,11114,33121
28,44263,47,0.0,1458,11114,33149
36,44299,47,0.0,1459,11114,33185
19,44318,47,0.0,1460,11114,33204
23,44341,47,0.0,1461,11114,33227
61,44402,47,0.0,1462,11114,33288
8,44410,47,0.0,1463,11114,33296
27,44437,48,1.0,1464,11114,33323
6,44443,48,0.0,1465,11114,33329
23,44466,48,0.0,1466,11114,33352
18,44484,48,0.0,1467,11114,33370
29,44513,48,0.0,1468,11114,33399
27,44540,48,0.0,1469,11114,33426
24,44564,48,0.0,1470,11114,33450
28,44592,48,0.0,1471,11114,33478
15,44607,48,0.0,1472,11114,33493
5,44612,48,0.0,1473,11114,33498
50,44662,48,0.0,1474,11114,33548
18,44680,48,0.0,1475,11114,33566
94,44774,49,1.0,1476,11114,33660
15,44789,49,0.0,1477,11114,33675
26,44815,49,0.0,1478,11114,33701
17,44832,49,0.0,1479,11114,33718
15,44847,49,0.0,1480,11114,33733
11,44858,49,0.0,1481,11114,33744
59,44917,50,1.0,1482,11114,33803
32,44949,50,0.0,1483,11114,33835
13,44962,50,0.0,1484,11114,33848
24,44986,50,0.0,1485,11114,33872
15,45001,50,0.0,1486,11114,33887
50,45051,50,0.0,1487,11114,33937
51,45102,50,0.0,1488,11114,33988
64,45166,50,0.0,1489,11114,34052
16,45182,50,0.0,1490,11114,34068
16,45198,50,0.0,1491,11114,34084
20,45218,50,0.0,1492,11114,34104
9,45227,50,0.0,1493,11114,34113
100,45327,50,0.0,1494,11114,34213
22,45349,50,0.0,1495,11114,34235
23,45372,50,0.0,1496,11114,34258
11,45383,50,0.0,1497,11114,34269
61,45444,50,0.0,1498,11114,34330
40,45484,51,1.0,1499,11114,34370
21,45505,51,0.0,1500,11114,34391
25,45530,51,0.0,1501,11114,34416
32,45562,51,0.0,1502,11114,34448
46,45608,52,1.0,1503,11114,34494
7,45615,52,0.0,1504,11114,34501
33,45648,52,0.0,1505,11114,34534
11,45659,52,0.0,1506,11114,34545
17,45676,52,0.0,1507,11114,34562
44,45720,52,0.0,1508,11114,34606
48,45768,52,0.0,1509,11114,34654
21,45789,52,0.0,1510,11114,34675
16,45805,52,0.0,1511,11114,34691
40,45845,52,0.0,1512,11114,34731
30,45875,52,0.0,1513,11114,34761
10,45885,52,0.0,1514,11114,34771
22,45907,52,0.0,1515,11114,34793
11,45918,52,0.0,1516,11114,34804
20,45938,52,0.0,1517,11114,34824
27,45965,52,0.0,1518,11114,34851
38,46003,52,0.0,1519,11114,34889
21,46024,52,0.0,1520,11114,34910
89,46113,52,0.0,1521,11114,34999
14,46127,52,0.0,1522,11114,35013
25,46152,52,0.0,1523,11114,35038
100,46252,52,0.0,1524,11114,35138
7,46259,52,0.0,1525,11114,35145
9,46268,52,0.0,1526,11114,35154
34,46302,53,1.0,1527,11114,35188
40,46342,53,0.0,1528,11114,35228
32,46374,53,0.0,1529,11114,35260
16,46390,53,0.0,1530,11114,35276
16,46406,53,0.0,1531,11114,35292
10,46416,53,0.0,1532,11114,35302
53,46469,53,0.0,1533,11114,35355
5,46474,53,0.0,1534,11114,35360
35,46509,53,0.0,1535,11114,35395
10,46519,53,0.0,1536,11114,35405
29,46548,53,0.0,1537,11114,35434
20,46568,53,0.0,1538,11114,35454
17,46585,53,0.0,1539,11114,35471
58,46643,54,1.0,1540,11114,35529
17,46660,54,0.0,1541,11114,35546
12,46672,54,0.0,1542,11114,35558
18,46690,54,0.0,1543,11114,35576
11,46701,54,0.0,1544,11114,35587
17,46718,54,0.0,1545,11114,35604
10,46728,54,0.0,1546,11114,35614
18,46746,54,0.0,1547,11114,35632
28,46774,54,0.0,1548,11114,35660
51,46825,54,0.0,1549,11114,35711
42,46867,54,0.0,1550,11114,35753
14,46881,54,0.0,1551,11114,35767
23,46904,54,0.0,1552,11114,35790
61,46965,54,0.0,1553,11114,35851
14,46979,54,0.0,1554,11114,35865
31,47010,55,1.0,1555,11114,35896
85,47095,55,0.0,1556,11114,35981
22,47117,55,0.0,1557,11114,36003
30,47147,55,0.0,1558,11114,36033
38,47185,55,0.0,1559,11114,36071
38,47223,56,1.0,1560,11114,36109
22,47245,56,0.0,1561,11114,36131
44,47289,56,0.0,1562,11114,36175
38,47327,56,0.0,1563,11114,36213
13,47340,56,0.0,1564,11114,36226
21,47361,56,0.0,1565,11114,36247
24,47385,56,0.0,1566,11114,36271
22,47407,56,0.0,1567,11114,36293
22,47429,56,0.0,1568,11114,36315
27,47456,56,0.0,1569,11114,36342
30,47486,56,0.0,1570,11114,36372
100,47586,56,0.0,1571,11114,36472
60,47646,56,0.0,1572,11114,36532
9,47655,56,0.0,1573,11114,36541
17,47672,56,0.0,1574,11114,36558
5,47677,56,0.0,1575,11114,36563
5,47682,56,0.0,1576,11114,36568
23,47705,56,0.0,1577,11114,36591
17,47722,56,0.0,1578,11114,36608
17,47739,56,0.0,1579,11114,36625
20,47759,56,0.0,1580,11114,36645
21,47780,56,0.0,1581,11114,36666
15,47795,56,0.0,1582,11114,36681
19,47814,56,0.0,1583,11114,36700
16,47830,56,0.0,1584,11114,36716
33,47863,56,0.0,1585,11114,36749
34,47897,56,0.0,1586,11114,36783
18,47915,56,0.0,1587,11114,36801
29,47944,56,0.0,1588,11114,36830
5,47949,56,0.0,1589,11114,36835
11,47960,56,0.0,1590,11114,36846
39,47999,56,0.0,1591,11114,36885
77,48076,56,0.0,1592,11114,36962
41,48117,56,0.0,1593,11114,37003
28,48145,56,0.0,1594,11114,37031
9,48154,56,0.0,1595,11114,37040
30,48184,56,0.0,1596,11114,37070
12,48196,56,0.0,1597,11114,37082
40,48236,57,1.0,1598,11114,37122
28,48264,57,0.0,1599,11114,37150
9,48273,57,0.0,1600,11114,37159
11,48284,57,0.0,1601,11114,37170
22,48306,57,0.0,1602,11114,37192
18,48324,57,0.0,1603,11114,37210
71,48395,57,0.0,1604,11114,37281
13,48408,57,0.0,1605,11114,37294
49,48457,57,0.0,1606,11114,37343
41,48498,57,0.0,1607,11114,37384
53,48551,57,0.0,1608,11114,37437
82,48633,58,1.0,1609,11114,37519
9,48642,58,0.0,1610,11114,37528
58,48700,58,0.0,1611,11114,37586
22,48722,58,0.0,1612,11114,37608
11,48733,58,0.0,1613,11114,37619
57,48790,58,0.0,1614,11114,37676
13,48803,58,0.0,1615,11114,37689
35,48838,58,0.0,1616,11114,37724
88,48926,59,1.0,1617,11114,37812
31,48957,59,0.0,1618,11114,37843
16,48973,59,0.0,1619,11114,37859
27,49000,60,1.0,1620,11114,37886
6,49006,60,0.0,1621,11114,37892
87,49093,60,0.0,1622,11114,37979
8,49101,60,0.0,1623,11114,37987
14,49115,60,0.0,1624,11114,38001
57,49172,60,0.0,1625,11114,38058
26,49198,60,0.0,1626,11114,38084
22,49220,60,0.0,1627,11114,38106
13,49233,60,0.0,1628,11114,38119
34,49267,60,0.0,1629,11114,38153
5,49272,60,0.0,1630,11114,38158
31,49303,60,0.0,1631,11114,38189
49,49352,60,0.0,1632,11114,38238
24,49376,60,0.0,1633,11114,38262
31,49407,60,0.0,1634,11114,38293
21,49428,60,0.0,1635,11114,38314
42,49470,61,1.0,1636,11114,38356
18,49488,61,0.0,1637,11114,38374
14,49502,61,0.0,1638,11114,38388
28,49530,61,0.0,1639,11114,38416
13,49543,61,0.0,1640,11114,38429
38,49581,61,0.0,1641,11114,38467
47,49628,61,0.0,1642,11114,38514
15,49643,61,0.0,1643,11114,38529
28,49671,61,0.0,1644,11114,38557
10,49681,61,0.0,1645,11114,38567
7,49688,61,0.0,1646,11114,38574
22,49710,61,0.0,1647,11114,38596
31,49741,61,0.0,1648,11114,38627
55,49796,61,0.0,1649,11114,38682
26,49822,61,0.0,1650,11114,38708
35,49857,61,0.0,1651,11114,38743
9,49866,61,0.0,1652,11114,38752
25,49891,62,1.0,1653,11114,38777
28,49919,62,0.0,1654,11114,38805
27,49946,62,0.0,1655,11114,38832
31,49977,62,0.0,1656,11114,38863
57,50034,62,0.0,1657,11114,38920
64,50098,62,0.0,1658,11114,38984
8,50106,62,0.0,1659,11114,38992
22,50128,62,0.0,1660,11114,39014
24,50152,62,0.0,1661,11114,39038
17,50169,62,0.0,1662,11114,39055
79,50248,62,0.0,1663,11114,39134
37,50285,62,0.0,1664,11114,39171
37,50322,62,0.0,1665,11114,39208
100,50422,62,0.0,1666,11114,39308
28,50450,62,0.0,1667,11114,39336
13,50463,62,0.0,1668,11114,39349
35,50498,62,0.0,1669,11114,39384
62,50560,62,0.0,1670,11114,39446
29,50589,62,0.0,1671,11114,39475
31,50620,62,0.0,1672,11114,39506
7,50627,62,0.0,1673,11114,39513
13,50640,62,0.0,1674,11114,39526
23,50663,62,0.0,1675,11114,39549
40,50703,62,0.0,1676,11114,39589
18,50721,62,0.0,1677,11114,39607
19,50740,62,0.0,1678,11114,39626
48,50788,62,0.0,1679,11114,39674
15,50803,62,0.0,1680,11114,39689
24,50827,62,0.0,1681,11114,39713
9,50836,62,0.0,1682,11114,39722
13,50849,62,0.0,1683,11114,39735
37,50886,62,0.0,1684,11114,39772
31,50917,62,0.0,1685,11114,39803
24,50941,62,0.0,1686,11114,39827
7,50948,62,0.0,1687,11114,39834
8,50956,62,0.0,1688,11114,39842
14,50970,62,0.0,1689,11114,39856
6,50976,62,0.0,1690,11114,39862
41,51017,62,0.0,1691,11114,39903
31,51048,63,1.0,1692,11114,39934
30,51078,63,0.0,1693,11114,39964
14,51092,63,0.0,1694,11114,39978
11,51103,63,0.0,1695,11114,39989
16,51119,63,0.0,1696,11114,40005
18,51137,63,0.0,1697,11114,40023
19,51156,63,0.0,1698,11114,40042
28,51184,63,0.0,1699,11114,40070
24,51208,63,0.0,1700,11114,40094
10,51218,63,0.0,1701,11114,40104
37,51255,63,0.0,1702,11114,40141
12,51267,63,0.0,1703,11114,40153
13,51280,63,0.0,1704,11114,40166
17,51297,63,0.0,1705,11114,40183
15,51312,63,0.0,1706,11114,40198
18,51330,63,0.0,1707,11114,40216
12,51342,63,0.0,1708,11114,40228
43,51385,63,0.0,1709,11114,40271
15,51400,63,0.0,1710,11114,40286
11,51411,63,0.0,1711,11114,40297
42,51453,64,1.0,1712,11114,40339
11,51464,64,0.0,1713,11114,40350
26,51490,64,0.0,1714,11114,40376
18,51508,64,0.0,1715,11114,40394
32,51540,64,0.0,1716,11114,40426
9,51549,64,0.0,1717,11114,40435
18,51567,64,0.0,1718,11114,40453
10,51577,64,0.0,1719,11114,40463
63,51640,64,0.0,1720,11114,40526
23,51663,64,0.0,1721,11114,40549
48,51711,64,0.0,1722,11114,40597
39,51750,64,0.0,1723,11114,40636
17,51767,64,0.0,1724,11114,40653
71,51838,65,1.0,1725,11114,40724
72,51910,65,0.0,1726,11114,40796
23,51933,65,0.0,1727,11114,40819
19,51952,65,0.0,1728,11114,40838
13,51965,65,0.0,1729,11114,40851
60,52025,65,0.0,1730,11114,40911
20,52045,65,0.0,1731,11114,40931
34,52079,65,0.0,1732,11114,40965
14,52093,65,0.0,1733,11114,40979
15,52108,65,0.0,1734,11114,40994
23,52131,65,0.0,1735,11114,41017
40,52171,65,0.0,1736,11114,41057
11,52182,65,0.0,1737,11114,41068
47,52229,65,0.0,1738,11114,41115
22,52251,65,0.0,1739,11114,41137
21,52272,65,0.0,1740,11114,41158
35,52307,65,0.0,1741,11114,41193
30,52337,65,0.0,1742,11114,41223
24,52361,65,0.0,1743,11114,41247
50,52411,65,0.0,1744,11114,41297
9,52420,65,0.0,1745,11114,41306
6,52426,65,0.0,1746,11114,41312
19,52445,65,0.0,1747,11114,41331
34,52479,65,0.0,1748,11114,41365
13,52492,65,0.0,1749,11114,41378
51,52543,65,0.0,1750,11114,41429
36,52579,65,0.0,1751,11114,41465
6,52585,65,0.0,1752,11114,41471
9,52594,65,0.0,1753,11114,41480
19,52613,65,0.0,1754,11114,41499
12,52625,65,0.0,1755,11114,41511
9,52634,65,0.0,1756,11114,41520
26,52660,65,0.0,1757,11114,41546
15,52675,65,0.0,1758,11114,41561
20,52695,65,0.0,1759,11114,41581
16,52711,65,0.0,1760,11114,41597
14,52725,65,0.0,1761,11114,41611
36,52761,66,1.0,1762,11114,41647
29,52790,67,1.0,1763,11114,41676
79,52869,67,0.0,1764,11114,41755
14,52883,67,0.0,1765,11114,41769
39,52922,67,0.0,1766,11114,41808
30,52952,67,0.0,1767,11114,41838
32,52984,67,0.0,1768,11114,41870
69,53053,67,0.0,1769,11114,41939
12,53065,67,0.0,1770,11114,41951
22,53087,67,0.0,1771,11114,41973
21,53108,67,0.0,1772,11114,41994
14,53122,67,0.0,1773,11114,42008
40,53162,67,0.0,1774,11114,42048
45,53207,67,0.0,1775,11114,42093
47,53254,68,1.0,1776,11114,42140
13,53267,68,0.0,1777,11114,42153
52,53319,68,0.0,1778,11114,42205
58,53377,69,1.0,1779,11114,42263
56,53433,69,0.0,1780,11114,42319
27,53460,69,0.0,1781,11114,42346
51,53511,69,0.0,1782,11114,42397
53,53564,69,0.0,1783,11114,42450
11,53575,69,0.0,1784,11114,42461
23,53598,69,0.0,1785,11114,42484
34,53632,69,0.0,1786,11114,42518
11,53643,69,0.0,1787,11114,42529
28,53671,69,0.0,1788,11114,42557
26,53697,69,0.0,1789,11114,42583
67,53764,69,0.0,1790,11114,42650
12,53776,69,0.0,1791,11114,42662
36,53812,69,0.0,1792,11114,42698
20,53832,69,0.0,1793,11114,42718
21,53853,69,0.0,1794,11114,42739
7,53860,69,0.0,1795,11114,42746
47,53907,69,0.0,1796,11114,42793
29,53936,69,0.0,1797,11114,42822
9,53945,69,0.0,1798,11114,42831
6,53951,69,0.0,1799,11114,42837
56,54007,69,0.0,1800,11114,42893
29,54036,69,0.0,1801,11114,42922
25,54061,69,0.0,1802,11114,42947
24,54085,69,0.0,1803,11114,42971
100,54185,69,0.0,1804,11114,43071
23,54208,69,0.0,1805,11114,43094
45,54253,70,1.0,1806,11114,43139
23,54276,70,0.0,1807,11114,43162
11,54287,70,0.0,1808,11114,43173
29,54316,70,0.0,1809,11114,43202
24,54340,70,0.0,1810,11114,43226
43,54383,70,0.0,1811,11114,43269
21,54404,70,0.0,1812,11114,43290
40,54444,70,0.0,1813,11114,43330
22,54466,70,0.0,1814,11114,43352
28,54494,70,0.0,1815,11114,43380
31,54525,70,0.0,1816,11114,43411
9,54534,70,0.0,1817,11114,43420
7,54541,70,0.0,1818,11114,43427
52,54593,71,1.0,1819,11114,43479
24,54617,71,0.0,1820,11114,43503
29,54646,71,0.0,1821,11114,43532
41,54687,71,0.0,1822,11114,43573
13,54700,71,0.0,1823,11114,43586
22,54722,71,0.0,1824,11114,43608
65,54787,71,0.0,1825,11114,43673
18,54805,71,0.0,1826,11114,43691
47,54852,71,0.0,1827,11114,43738
16,54868,71,0.0,1828,11114,43754
6,54874,71,0.0,1829,11114,43760
18,54892,71,0.0,1830,11114,43778
46,54938,71,0.0,1831,11114,43824
22,54960,71,0.0,1832,11114,43846
20,54980,71,0.0,1833,11114,43866
15,54995,71,0.0,1834,11114,43881
15,55010,71,0.0,1835,11114,43896
10,55020,71,0.0,1836,11114,43906
17,55037,71,0.0,1837,11114,43923
23,55060,71,0.0,1838,11114,43946
27,55087,71,0.0,1839,11114,43973
18,55105,71,0.0,1840,11114,43991
61,55166,71,0.0,1841,11114,44052
15,55181,71,0.0,1842,11114,44067
23,55204,71,0.0,1843,11114,44090
14,55218,71,0.0,1844,11114,44104
9,55227,71,0.0,1845,11114,44113
27,55254,71,0.0,1846,11114,44140
38,55292,71,0.0,1847,11114,44178
69,55361,71,0.0,1848,11114,44247
34,55395,71,0.0,1849,11114,44281
28,55423,71,0.0,1850,11114,44309
45,55468,71,0.0,1851,11114,44354
24,55492,72,1.0,1852,11114,44378
17,55509,72,0.0,1853,11114,44395
24,55533,73,1.0,1854,11114,44419
32,55565,73,0.0,1855,11114,44451
35,55600,73,0.0,1856,11114,44486
40,55640,73,0.0,1857,11114,44526
32,55672,73,0.0,1858,11114,44558
15,55687,73,0.0,1859,11114,44573
13,55700,73,0.0,1860,11114,44586
9,55709,73,0.0,1861,11114,44595
10,55719,73,0.0,1862,11114,44605
35,55754,74,1.0,1863,11114,44640
22,55776,75,1.0,1864,11114,44662
27,55803,75,0.0,1865,11114,44689
37,55840,75,0.0,1866,11114,44726
16,55856,75,0.0,1867,11114,44742
12,55868,75,0.0,1868,11114,44754
28,55896,76,1.0,1869,11114,44782
8,55904,76,0.0,1870,11114,44790
62,55966,76,0.0,1871,11114,44852
67,56033,77,1.0,1872,11114,44919
49,56082,77,0.0,1873,11114,44968
28,56110,77,0.0,1874,11114,44996
11,56121,77,0.0,1875,11114,45007
12,56133,77,0.0,1876,11114,45019
22,56155,77,0.0,1877,11114,45041
38,56193,77,0.0,1878,11114,45079
12,56205,77,0.0,1879,11114,45091
6,56211,77,0.0,1880,11114,45097
51,56262,77,0.0,1881,11114,45148
39,56301,78,1.0,1882,11114,45187
17,56318,78,0.0,1883,11114,45204
38,56356,79,1.0,1884,11114,45242
19,56375,79,0.0,1885,11114,45261
43,56418,79,0.0,1886,11114,45304
8,56426,79,0.0,1887,11114,45312
32,56458,79,0.0,1888,11114,45344
73,56531,80,1.0,1889,11114,45417
50,56581,80,0.0,1890,11114,45467
16,56597,80,0.0,1891,11114,45483
42,56639,80,0.0,1892,11114,45525
56,56695,80,0.0,1893,11114,45581
26,56721,81,1.0,1894,11114,45607
21,56742,81,0.0,1895,11114,45628
5,56747,81,0.0,1896,11114,45633
42,56789,81,0.0,1897,11114,45675
38,56827,81,0.0,1898,11114,45713
34,56861,81,0.0,1899,11114,45747
30,56891,81,0.0,1900,11114,45777
34,56925,81,0.0,1901,11114,45811
7,56932,81,0.0,1902,11114,45818
35,56967,81,0.0,1903,11114,45853
38,57005,81,0.0,1904,11114,45891
11,57016,81,0.0,1905,11114,45902
13,57029,81,0.0,1906,11114,45915
10,57039,81,0.0,1907,11114,45925
28,57067,81,0.0,1908,11114,45953
33,57100,81,0.0,1909,11114,45986
35,57135,81,0.0,1910,11114,46021
10,57145,81,0.0,1911,11114,46031
38,57183,82,1.0,1912,11114,46069
16,57199,82,0.0,1913,11114,46085
17,57216,82,0.0,1914,11114,46102
25,57241,82,0.0,1915,11114,46127
9,57250,82,0.0,1916,11114,46136
14,57264,82,0.0,1917,11114,46150
68,57332,83,1.0,1918,11114,46218
48,57380,83,0.0,1919,11114,46266
27,57407,84,1.0,1920,11114,46293
30,57437,84,0.0,1921,11114,46323
13,57450,84,0.0,1922,11114,46336
47,57497,84,0.0,1923,11114,46383
17,57514,84,0.0,1924,11114,46400
20,57534,84,0.0,1925,11114,46420
29,57563,84,0.0,1926,11114,46449
20,57583,85,1.0,1927,11114,46469
46,57629,85,0.0,1928,11114,46515
24,57653,85,0.0,1929,11114,46539
16,57669,85,0.0,1930,11114,46555
18,57687,85,0.0,1931,11114,46573
10,57697,85,0.0,1932,11114,46583
48,57745,85,0.0,1933,11114,46631
41,57786,85,0.0,1934,11114,46672
28,57814,85,0.0,1935,11114,46700
10,57824,85,0.0,1936,11114,46710
37,57861,85,0.0,1937,11114,46747
29,57890,85,0.0,1938,11114,46776
35,57925,85,0.0,1939,11114,46811
26,57951,85,0.0,1940,11114,46837
22,57973,85,0.0,1941,11114,46859
39,58012,85,0.0,1942,11114,46898
22,58034,85,0.0,1943,11114,46920
33,58067,85,0.0,1944,11114,46953
15,58082,85,0.0,1945,11114,46968
27,58109,85,0.0,1946,11114,46995
19,58128,85,0.0,1947,11114,47014
19,58147,85,0.0,1948,11114,47033
26,58173,85,0.0,1949,11114,47059
54,58227,85,0.0,1950,11114,47113
54,58281,85,0.0,1951,11114,47167
10,58291,85,0.0,1952,11114,47177
14,58305,85,0.0,1953,11114,47191
38,58343,85,0.0,1954,11114,47229
33,58376,85,0.0,1955,11114,47262
37,58413,85,0.0,1956,11114,47299
35,58448,86,1.0,1957,11114,47334
30,58478,86,0.0,1958,11114,47364
35,58513,86,0.0,1959,11114,47399
20,58533,86,0.0,1960,11114,47419
28,58561,87,1.0,1961,11114,47447
26,58587,87,0.0,1962,11114,47473
45,58632,87,0.0,1963,11114,47518
26,58658,87,0.0,1964,11114,47544
26,58684,87,0.0,1965,11114,47570
69,58753,88,1.0,1966,11114,47639
12,58765,88,0.0,1967,11114,47651
15,58780,88,0.0,1968,11114,47666
31,58811,88,0.0,1969,11114,47697
11,58822,88,0.0,1970,11114,47708
30,58852,88,0.0,1971,11114,47738
51,58903,89,1.0,1972,11114,47789
98,59001,89,0.0,1973,11114,47887
11,59012,89,0.0,1974,11114,47898
40,59052,90,1.0,1975,11114,47938
41,59093,90,0.0,1976,11114,47979
30,59123,90,0.0,1977,11114,48009
59,59182,90,0.0,1978,11114,48068
28,59210,90,0.0,1979,11114,48096
13,59223,90,0.0,1980,11114,48109
31,59254,90,0.0,1981,11114,48140
17,59271,90,0.0,1982,11114,48157
71,59342,90,0.0,1983,11114,48228
34,59376,90,0.0,1984,11114,48262
18,59394,90,0.0,1985,11114,48280
35,59429,90,0.0,1986,11114,48315
33,59462,90,0.0,1987,11114,48348
9,59471,90,0.0,1988,11114,48357
17,59488,90,0.0,1989,11114,48374
5,59493,90,0.0,1990,11114,48379
8,59501,90,0.0,1991,11114,48387
19,59520,90,0.0,1992,11114,48406
28,59548,90,0.0,1993,11114,48434
30,59578,90,0.0,1994,11114,48464
42,59620,91,1.0,1995,11114,48506
27,59647,92,1.0,1996,11114,48533
21,59668,92,0.0,1997,11114,48554
15,59683,92,0.0,1998,11114,48569
6,59689,92,0.0,1999,11114,48575
13,59702,92,0.0,2000,11114,48588
9,59711,92,0.0,2001,11114,48597
22,59733,92,0.0,2002,11114,48619
10,59743,92,0.0,2003,11114,48629
15,59758,92,0.0,2004,11114,48644
10,59768,92,0.0,2005,11114,48654
38,59806,93,1.0,2006,11114,48692
13,59819,93,0.0,2007,11114,48705
70,59889,93,0.0,2008,11114,48775
16,59905,93,0.0,2009,11114,48791
43,59948,93,0.0,2010,11114,48834
29,59977,93,0.0,2011,11114,48863
74,60051,93,0.0,2012,11114,48937
44,60095,93,0.0,2013,11114,48981
44,60139,94,1.0,2014,11114,49025
11,60150,94,0.0,2015,11114,49036
25,60175,94,0.0,2016,11114,49061
29,60204,94,0.0,2017,11114,49090
16,60220,94,0.0,2018,11114,49106
16,60236,94,0.0,2019,11114,49122
24,60260,94,0.0,2020,11114,49146
64,60324,94,0.0,2021,11114,49210
25,60349,94,0.0,2022,11114,49235
11,60360,94,0.0,2023,11114,49246
66,60426,94,0.0,2024,11114,49312
5,60431,94,0.0,2025,11114,49317
39,60470,94,0.0,2026,11114,49356
16,60486,94,0.0,2027,11114,49372
44,60530,94,0.0,2028,11114,49416
33,60563,94,0.0,2029,11114,49449
11,60574,94,0.0,2030,11114,49460
29,60603,94,0.0,2031,11114,49489
37,60640,95,1.0,2032,11114,49526
12,60652,95,0.0,2033,11114,49538
16,60668,95,0.0,2034,11114,49554
23,60691,95,0.0,2035,11114,49577
54,60745,95,0.0,2036,11114,49631
25,60770,95,0.0,2037,11114,49656
26,60796,96,1.0,2038,11114,49682
90,60886,97,1.0,2039,11114,49772
17,60903,97,0.0,2040,11114,49789
18,60921,97,0.0,2041,11114,49807
36,60957,97,0.0,2042,11114,49843
15,60972,97,0.0,2043,11114,49858
50,61022,97,0.0,2044,11114,49908
29,61051,97,0.0,2045,11114,49937
30,61081,97,0.0,2046,11114,49967
12,61093,97,0.0,2047,11114,49979
27,61120,97,0.0,2048,11114,50006
13,61133,97,0.0,2049,11114,50019
20,61153,97,0.0,2050,11114,50039
30,61183,97,0.0,2051,11114,50069
11,61194,97,0.0,2052,11114,50080
85,61279,97,0.0,2053,11114,50165
23,61302,98,1.0,2054,11114,50188
26,61328,98,0.0,2055,11114,50214
7,61335,98,0.0,2056,11114,50221
10,61345,98,0.0,2057,11114,50231
39,61384,98,0.0,2058,11114,50270
27,61411,98,0.0,2059,11114,50297
45,61456,98,0.0,2060,11114,50342
5,61461,98,0.0,2061,11114,50347
25,61486,98,0.0,2062,11114,50372
76,61562,98,0.0,2063,11114,50448
27,61589,98,0.0,2064,11114,50475
16,61605,98,0.0,2065,11114,50491
12,61617,98,0.0,2066,11114,50503
6,61623,98,0.0,2067,11114,50509
47,61670,98,0.0,2068,11114,50556
18,61688,98,0.0,2069,11114,50574
11,61699,98,0.0,2070,11114,50585
19,61718,98,0.0,2071,11114,50604
31,61749,98,0.0,2072,11114,50635
12,61761,98,0.0,2073,11114,50647
43,61804,98,0.0,2074,11114,50690
48,61852,98,0.0,2075,11114,50738
18,61870,98,0.0,2076,11114,50756
25,61895,98,0.0,2077,11114,50781
8,61903,98,0.0,2078,11114,50789
25,61928,98,0.0,2079,11114,50814
31,61959,98,0.0,2080,11114,50845
12,61971,98,0.0,2081,11114,50857
57,62028,98,0.0,2082,11114,50914
29,62057,98,0.0,2083,11114,50943
41,62098,99,1.0,2084,11114,50984
16,62114,99,0.0,2085,11114,51000
31,62145,99,0.0,2086,11114,51031
19,62164,100,1.0,2087,11114,51050
9,62173,100,0.0,2088,11114,51059
26,62199,100,0.0,2089,11114,51085
29,62228,100,0.0,2090,11114,51114
23,62251,100,0.0,2091,11114,51137
21,62272,100,0.0,2092,11114,51158
51,62323,101,1.0,2093,11114,51209
12,62335,101,0.0,2094,11114,51221
9,62344,101,0.0,2095,11114,51230
11,62355,101,0.0,2096,11114,51241
31,62386,101,0.0,2097,11114,51272
26,62412,101,0.0,2098,11114,51298
24,62436,101,0.0,2099,11114,51322
11,62447,101,0.0,2100,11114,51333
41,62488,101,0.0,2101,11114,51374
27,62515,101,0.0,2102,11114,51401
17,62532,101,0.0,2103,11114,51418
28,62560,101,0.0,2104,11114,51446
27,62587,102,1.0,2105,11114,51473
18,62605,102,0.0,2106,11114,51491
50,62655,103,1.0,2107,11114,51541
15,62670,103,0.0,2108,11114,51556
24,62694,103,0.0,2109,11114,51580
32,62726,103,0.0,2110,11114,51612
22,62748,103,0.0,2111,11114,51634
57,62805,103,0.0,2112,11114,51691
17,62822,103,0.0,2113,11114,51708
23,62845,103,0.0,2114,11114,51731
6,62851,103,0.0,2115,11114,51737
17,62868,103,0.0,2116,11114,51754
42,62910,103,0.0,2117,11114,51796
82,62992,103,0.0,2118,11114,51878
27,63019,104,1.0,2119,11114,51905
11,63030,104,0.0,2120,11114,51916
8,63038,104,0.0,2121,11114,51924
10,63048,104,0.0,2122,11114,51934
20,63068,104,0.0,2123,11114,51954
41,63109,104,0.0,2124,11114,51995
17,63126,104,0.0,2125,11114,52012
15,63141,104,0.0,2126,11114,52027
11,63152,104,0.0,2127,11114,52038
48,63200,105,1.0,2128,11114,52086
34,63234,105,0.0,2129,11114,52120
9,63243,105,0.0,2130,11114,52129
58,63301,106,1.0,2131,11114,52187
8,63309,106,0.0,2132,11114,52195
15,63324,106,0.0,2133,11114,52210
17,63341,106,0.0,2134,11114,52227
23,63364,107,1.0,2135,11114,52250
42,63406,107,0.0,2136,11114,52292
9,63415,107,0.0,2137,11114,52301
8,63423,107,0.0,2138,11114,52309
10,63433,107,0.0,2139,11114,52319
51,63484,107,0.0,2140,11114,52370
29,63513,107,0.0,2141,11114,52399
21,63534,107,0.0,2142,11114,52420
60,63594,107,0.0,2143,11114,52480
9,63603,107,0.0,2144,11114,52489
9,63612,107,0.0,2145,11114,52498
71,63683,108,1.0,2146,11114,52569
24,63707,108,0.0,2147,11114,52593
30,63737,109,1.0,2148,11114,52623
26,63763,110,1.0,2149,11114,52649
60,63823,111,1.0,2150,11114,52709
38,63861,111,0.0,2151,11114,52747
14,63875,111,0.0,2152,11114,52761
69,63944,111,0.0,2153,11114,52830
48,63992,111,0.0,2154,11114,52878
18,64010,111,0.0,2155,11114,52896
37,64047,111,0.0,2156,11114,52933
85,64132,111,0.0,2157,11114,53018
31,64163,111,0.0,2158,11114,53049
21,64184,111,0.0,2159,11114,53070
13,64197,111,0.0,2160,11114,53083
7,64204,111,0.0,2161,11114,53090
39,64243,111,0.0,2162,11114,53129
36,64279,111,0.0,2163,11114,53165
28,64307,111,0.0,2164,11114,53193
23,64330,111,0.0,2165,11114,53216
27,64357,111,0.0,2166,11114,53243
13,64370,111,0.0,2167,11114,53256
30,64400,111,0.0,2168,11114,53286
37,64437,111,0.0,2169,11114,53323
9,64446,111,0.0,2170,11114,53332
18,64464,111,0.0,2171,11114,53350
24,64488,111,0.0,2172,11114,53374
44,64532,111,0.0,2173,11114,53418
19,64551,111,0.0,2174,11114,53437
49,64600,111,0.0,2175,11114,53486
18,64618,111,0.0,2176,11114,53504
22,64640,111,0.0,2177,11114,53526
26,64666,111,0.0,2178,11114,53552
31,64697,111,0.0,2179,11114,53583
28,64725,111,0.0,2180,11114,53611
17,64742,111,0.0,2181,11114,53628
34,64776,112,1.0,2182,11114,53662
13,64789,112,0.0,2183,11114,53675
29,64818,112,0.0,2184,11114,53704
33,64851,112,0.0,2185,11114,53737
27,64878,112,0.0,2186,11114,53764
40,64918,112,0.0,2187,11114,53804
26,64944,112,0.0,2188,11114,53830
5,64949,112,0.0,2189,11114,53835
61,65010,112,0.0,2190,11114,53896
18,65028,112,0.0,2191,11114,53914
19,65047,112,0.0,2192,11114,53933
8,65055,112,0.0,2193,11114,53941
19,65074,112,0.0,2194,11114,53960
28,65102,112,0.0,2195,11114,53988
16,65118,112,0.0,2196,11114,54004
60,65178,112,0.0,2197,11114,54064
13,65191,112,0.0,2198,11114,54077
6,65197,112,0.0,2199,11114,54083
9,65206,112,0.0,2200,11114,54092
35,65241,112,0.0,2201,11114,54127
22,65263,112,0.0,2202,11114,54149
35,65298,112,0.0,2203,11114,54184
49,65347,112,0.0,2204,11114,54233
73,65420,112,0.0,2205,11114,54306
27,65447,112,0.0,2206,11114,54333
37,65484,112,0.0,2207,11114,54370
16,65500,113,1.0,2208,11114,54386
26,65526,113,0.0,2209,11114,54412
7,65533,113,0.0,2210,11114,54419
87,65620,113,0.0,2211,11114,54506
21,65641,113,0.0,2212,11114,54527
12,65653,113,0.0,2213,11114,54539
14,65667,113,0.0,2214,11114,54553
22,65689,113,0.0,2215,11114,54575
100,65789,113,0.0,2216,11114,54675
30,65819,114,1.0,2217,11114,54705
6,65825,114,0.0,2218,11114,54711
31,65856,115,1.0,2219,11114,54742
12,65868,115,0.0,2220,11114,54754
15,65883,115,0.0,2221,11114,54769
26,65909,115,0.0,2222,11114,54795
24,65933,116,1.0,2223,11114,54819
23,65956,116,0.0,2224,11114,54842
13,65969,116,0.0,2225,11114,54855
26,65995,116,0.0,2226,11114,54881
18,66013,116,0.0,2227,11114,54899
13,66026,116,0.0,2228,11114,54912
18,66044,116,0.0,2229,11114,54930
52,66096,117,1.0,2230,11114,54982
26,66122,117,0.0,2231,11114,55008
12,66134,117,0.0,2232,11114,55020
35,66169,117,0.0,2233,11114,55055
49,66218,117,0.0,2234,11114,55104
53,66271,117,0.0,2235,11114,55157
11,66282,117,0.0,2236,11114,55168
25,66307,117,0.0,2237,11114,55193
24,66331,117,0.0,2238,11114,55217
37,66368,117,0.0,2239,11114,55254
23,66391,117,0.0,2240,11114,55277
47,66438,117,0.0,2241,11114,55324
9,66447,117,0.0,2242,11114,55333
37,66484,117,0.0,2243,11114,55370
20,66504,117,0.0,2244,11114,55390
17,66521,117,0.0,2245,11114,55407
12,66533,117,0.0,2246,11114,55419
7,66540,117,0.0,2247,11114,55426
9,66549,117,0.0,2248,11114,55435
17,66566,117,0.0,2249,11114,55452
29,66595,117,0.0,2250,11114,55481
28,66623,117,0.0,2251,11114,55509
22,66645,117,0.0,2252,11114,55531
34,66679,117,0.0,2253,11114,55565
56,66735,117,0.0,2254,11114,55621
33,66768,117,0.0,2255,11114,55654
16,66784,117,0.0,2256,11114,55670
18,66802,117,0.0,2257,11114,55688
29,66831,117,0.0,2258,11114,55717
7,66838,117,0.0,2259,11114,55724
19,66857,117,0.0,2260,11114,55743
22,66879,117,0.0,2261,11114,55765
13,66892,117,0.0,2262,11114,55778
40,66932,118,1.0,2263,11114,55818
19,66951,118,0.0,2264,11114,55837
12,66963,118,0.0,2265,11114,55849
44,67007,118,0.0,2266,11114,55893
8,67015,118,0.0,2267,11114,55901
28,67043,118,0.0,2268,11114,55929
33,67076,118,0.0,2269,11114,55962
68,67144,118,0.0,2270,11114,56030
48,67192,118,0.0,2271,11114,56078
19,67211,118,0.0,2272,11114,56097
70,67281,118,0.0,2273,11114,56167
36,67317,118,0.0,2274,11114,56203
21,67338,118,0.0,2275,11114,56224
16,67354,118,0.0,2276,11114,56240
19,67373,118,0.0,2277,11114,56259
35,67408,118,0.0,2278,11114,56294
35,67443,118,0.0,2279,11114,56329
19,67462,118,0.0,2280,11114,56348
29,67491,118,0.0,2281,11114,56377
26,67517,118,0.0,2282,11114,56403
55,67572,118,0.0,2283,11114,56458
60,67632,118,0.0,2284,11114,56518
44,67676,118,0.0,2285,11114,56562
18,67694,118,0.0,2286,11114,56580
34,67728,118,0.0,2287,11114,56614
11,67739,118,0.0,2288,11114,56625
14,67753,118,0.0,2289,11114,56639
51,67804,118,0.0,2290,11114,56690
17,67821,118,0.0,2291,11114,56707
11,67832,118,0.0,2292,11114,56718
10,67842,118,0.0,2293,11114,56728
11,67853,118,0.0,2294,11114,56739
16,67869,118,0.0,2295,11114,56755
42,67911,118,0.0,2296,11114,56797
10,67921,118,0.0,2297,11114,56807
98,68019,119,1.0,2298,11114,56905
46,68065,119,0.0,2299,11114,56951
10,68075,119,0.0,2300,11114,56961
32,68107,120,1.0,2301,11114,56993
68,68175,120,0.0,2302,11114,57061
9,68184,120,0.0,2303,11114,57070
10,68194,120,0.0,2304,11114,57080
41,68235,120,0.0,2305,11114,57121
23,68258,120,0.0,2306,11114,57144
49,68307,120,0.0,2307,11114,57193
14,68321,120,0.0,2308,11114,57207
13,68334,120,0.0,2309,11114,57220
24,68358,120,0.0,2310,11114,57244
15,68373,120,0.0,2311,11114,57259
41,68414,120,0.0,2312,11114,57300
10,68424,120,0.0,2313,11114,57310
45,68469,120,0.0,2314,11114,57355
13,68482,120,0.0,2315,11114,57368
7,68489,120,0.0,2316,11114,57375
13,68502,120,0.0,2317,11114,57388
18,68520,120,0.0,2318,11114,57406
22,68542,120,0.0,2319,11114,57428
24,68566,120,0.0,2320,11114,57452
18,68584,120,0.0,2321,11114,57470
32,68616,121,1.0,2322,11114,57502
20,68636,121,0.0,2323,11114,57522
17,68653,121,0.0,2324,11114,57539
39,68692,122,1.0,2325,11114,57578
39,68731,122,0.0,2326,11114,57617
13,68744,122,0.0,2327,11114,57630
16,68760,122,0.0,2328,11114,57646
10,68770,122,0.0,2329,11114,57656
35,68805,122,0.0,2330,11114,57691
33,68838,122,0.0,2331,11114,57724
28,68866,122,0.0,2332,11114,57752
18,68884,122,0.0,2333,11114,57770
15,68899,122,0.0,2334,11114,57785
26,68925,122,0.0,2335,11114,57811
74,68999,123,1.0,2336,11114,57885
20,69019,123,0.0,2337,11114,57905
100,69119,123,0.0,2338,11114,58005
53,69172,123,0.0,2339,11114,58058
21,69193,123,0.0,2340,11114,58079
39,69232,124,1.0,2341,11114,58118
12,69244,124,0.0,2342,11114,58130
23,69267,124,0.0,2343,11114,58153
43,69310,124,0.0,2344,11114,58196
9,69319,124,0.0,2345,11114,58205
20,69339,124,0.0,2346,11114,58225
12,69351,124,0.0,2347,11114,58237
14,69365,124,0.0,2348,11114,58251
26,69391,124,0.0,2349,11114,58277
10,69401,124,0.0,2350,11114,58287
83,69484,124,0.0,2351,11114,58370
18,69502,124,0.0,2352,11114,58388
17,69519,124,0.0,2353,11114,58405
9,69528,124,0.0,2354,11114,58414
54,69582,124,0.0,2355,11114,58468
60,69642,124,0.0,2356,11114,58528
31,69673,124,0.0,2357,11114,58559
24,69697,124,0.0,2358,11114,58583
30,69727,124,0.0,2359,11114,58613
35,69762,124,0.0,2360,11114,58648
56,69818,124,0.0,2361,11114,58704
38,69856,124,0.0,2362,11114,58742
45,69901,124,0.0,2363,11114,58787
27,69928,125,1.0,2364,11114,58814
100,70028,125,0.0,2365,11114,58914
59,70087,125,0.0,2366,11114,58973
15,70102,125,0.0,2367,11114,58988
31,70133,125,0.0,2368,11114,59019
25,70158,126,1.0,2369,11114,59044
42,70200,127,1.0,2370,11114,59086
23,70223,128,1.0,2371,11114,59109
43,70266,129,1.0,2372,11114,59152
13,70279,129,0.0,2373,11114,59165
30,70309,129,0.0,2374,11114,59195
57,70366,129,0.0,2375,11114,59252
52,70418,130,1.0,2376,11114,59304
26,70444,130,0.0,2377,11114,59330
8,70452,130,0.0,2378,11114,59338
7,70459,130,0.0,2379,11114,59345
21,70480,130,0.0,2380,11114,59366
11,70491,130,0.0,2381,11114,59377
18,70509,130,0.0,2382,11114,59395
11,70520,130,0.0,2383,11114,59406
29,70549,130,0.0,2384,11114,59435
33,70582,130,0.0,2385,11114,59468
37,70619,130,0.0,2386,11114,59505
42,70661,130,0.0,2387,11114,59547
19,70680,130,0.0,2388,11114,59566
19,70699,130,0.0,2389,11114,59585
23,70722,130,0.0,2390,11114,59608
32,70754,130,0.0,2391,11114,59640
43,70797,130,0.0,2392,11114,59683
52,70849,131,1.0,2393,11114,59735
20,70869,132,1.0,2394,11114,59755
71,70940,133,1.0,2395,11114,59826
40,70980,133,0.0,2396,11114,59866
8,70988,133,0.0,2397,11114,59874
17,71005,133,0.0,2398,11114,59891
9,71014,133,0.0,2399,11114,59900
34,71048,133,0.0,2400,11114,59934
70,71118,133,0.0,2401,11114,60004
45,71163,133,0.0,2402,11114,60049
69,71232,133,0.0,2403,11114,60118
28,71260,133,0.0,2404,11114,60146
5,71265,133,0.0,2405,11114,60151
10,71275,133,0.0,2406,11114,60161
32,71307,134,1.0,2407,11114,60193
42,71349,134,0.0,2408,11114,60235
17,71366,134,0.0,2409,11114,60252
31,71397,134,0.0,2410,11114,60283
19,71416,134,0.0,2411,11114,60302
89,71505,134,0.0,2412,11114,60391
26,71531,134,0.0,2413,11114,60417
23,71554,134,0.0,2414,11114,60440
14,71568,134,0.0,2415,11114,60454
33,71601,134,0.0,2416,11114,60487
11,71612,134,0.0,2417,11114,60498
34,71646,135,1.0,2418,11114,60532
39,71685,135,0.0,2419,11114,60571
9,71694,135,0.0,2420,11114,60580
14,71708,135,0.0,2421,11114,60594
58,71766,136,1.0,2422,11114,60652
13,71779,136,0.0,2423,11114,60665
23,71802,137,1.0,2424,11114,60688
38,71840,137,0.0,2425,11114,60726
18,71858,137,0.0,2426,11114,60744
35,71893,137,0.0,2427,11114,60779
10,71903,137,0.0,2428,11114,60789
23,71926,137,0.0,2429,11114,60812
16,71942,137,0.0,2430,11114,60828
49,71991,138,1.0,2431,11114,60877
13,72004,138,0.0,2432,11114,60890
41,72045,138,0.0,2433,11114,60931
29,72074,139,1.0,2434,11114,60960
14,72088,139,0.0,2435,11114,60974
24,72112,139,0.0,2436,11114,60998
22,72134,139,0.0,2437,11114,61020
11,72145,139,0.0,2438,11114,61031
32,72177,139,0.0,2439,11114,61063
18,72195,139,0.0,2440,11114,61081
26,72221,139,0.0,2441,11114,61107
65,72286,139,0.0,2442,11114,61172
49,72335,139,0.0,2443,11114,61221
22,72357,139,0.0,2444,11114,61243
20,72377,139,0.0,2445,11114,61263
21,72398,139,0.0,2446,11114,61284
35,72433,140,1.0,2447,11114,61319
26,72459,140,0.0,2448,11114,61345
12,72471,140,0.0,2449,11114,61357
44,72515,140,0.0,2450,11114,61401
14,72529,140,0.0,2451,11114,61415
9,72538,140,0.0,2452,11114,61424
64,72602,141,1.0,2453,11114,61488
72,72674,141,0.0,2454,11114,61560
67,72741,141,0.0,2455,11114,61627
17,72758,141,0.0,2456,11114,61644
100,72858,141,0.0,2457,11114,61744
38,72896,141,0.0,2458,11114,61782
20,72916,141,0.0,2459,11114,61802
26,72942,141,0.0,2460,11114,61828
10,72952,141,0.0,2461,11114,61838
56,73008,142,1.0,2462,11114,61894
36,73044,142,0.0,2463,11114,61930
13,73057,142,0.0,2464,11114,61943
36,73093,142,0.0,2465,11114,61979
41,73134,143,1.0,2466,11114,62020
10,73144,143,0.0,2467,11114,62030
22,73166,143,0.0,2468,11114,62052
10,73176,143,0.0,2469,11114,62062
46,73222,144,1.0,2470,11114,62108
53,73275,145,1.0,2471,11114,62161
72,73347,145,0.0,2472,11114,62233
20,73367,145,0.0,2473,11114,62253
11,73378,145,0.0,2474,11114,62264
13,73391,145,0.0,2475,11114,62277
40,73431,146,1.0,2476,11114,62317
27,73458,146,0.0,2477,11114,62344
8,73466,146,0.0,2478,11114,62352
26,73492,146,0.0,2479,11114,62378
38,73530,146,0.0,2480,11114,62416
28,73558,146,0.0,2481,11114,62444
30,73588,146,0.0,2482,11114,62474
19,73607,146,0.0,2483,11114,62493
8,73615,146,0.0,2484,11114,62501
17,73632,146,0.0,2485,11114,62518
31,73663,146,0.0,2486,11114,62549
20,73683,146,0.0,2487,11114,62569
59,73742,146,0.0,2488,11114,62628
22,73764,147,1.0,2489,11114,62650
28,73792,147,0.0,2490,11114,62678
33,73825,148,1.0,2491,11114,62711
11,73836,148,0.0,2492,11114,62722
15,73851,148,0.0,2493,11114,62737
53,73904,148,0.0,2494,11114,62790
14,73918,148,0.0,2495,11114,62804
11,73929,148,0.0,2496,11114,62815
17,73946,148,0.0,2497,11114,62832
47,73993,148,0.0,2498,11114,62879
49,74042,148,0.0,2499,11114,62928
44,74086,148,0.0,2500,11114,62972
15,74101,148,0.0,2501,11114,62987
23,74124,148,0.0,2502,11114,63010
22,74146,148,0.0,2503,11114,63032
29,74175,148,0.0,2504,11114,63061
42,74217,148,0.0,2505,11114,63103
13,74230,148,0.0,2506,11114,63116
58,74288,148,0.0,2507,11114,63174
11,74299,148,0.0,2508,11114,63185
78,74377,148,0.0,2509,11114,63263
19,74396,148,0.0,2510,11114,63282
13,74409,148,0.0,2511,11114,63295
42,74451,148,0.0,2512,11114,63337
27,74478,148,0.0,2513,11114,63364
17,74495,148,0.0,2514,11114,63381
22,74517,148,0.0,2515,11114,63403
16,74533,148,0.0,2516,11114,63419
18,74551,148,0.0,2517,11114,63437
27,74578,148,0.0,2518,11114,63464
14,74592,148,0.0,2519,11114,63478
20,74612,148,0.0,2520,11114,63498
17,74629,148,0.0,2521,11114,63515
84,74713,148,0.0,2522,11114,63599
15,74728,148,0.0,2523,11114,63614
37,74765,148,0.0,2524,11114,63651
25,74790,148,0.0,2525,11114,63676
17,74807,148,0.0,2526,11114,63693
29,74836,148,0.0,2527,11114,63722
13,74849,148,0.0,2528,11114,63735
42,74891,148,0.0,2529,11114,63777
44,74935,148,0.0,2530,11114,63821
25,74960,148,0.0,2531,11114,63846
50,75010,148,0.0,2532,11114,63896
66,75076,148,0.0,2533,11114,63962
27,75103,148,0.0,2534,11114,63989
42,75145,148,0.0,2535,11114,64031
35,75180,148,0.0,2536,11114,64066
57,75237,148,0.0,2537,11114,64123
18,75255,148,0.0,2538,11114,64141
6,75261,148,0.0,2539,11114,64147
26,75287,148,0.0,2540,11114,64173
52,75339,148,0.0,2541,11114,64225
13,75352,148,0.0,2542,11114,64238
11,75363,148,0.0,2543,11114,64249
57,75420,148,0.0,2544,11114,64306
92,75512,149,1.0,2545,11114,64398
34,75546,149,0.0,2546,11114,64432
47,75593,149,0.0,2547,11114,64479
10,75603,149,0.0,2548,11114,64489
33,75636,150,1.0,2549,11114,64522
68,75704,150,0.0,2550,11114,64590
82,75786,151,1.0,2551,11114,64672
32,75818,152,1.0,2552,11114,64704
19,75837,152,0.0,2553,11114,64723
32,75869,152,0.0,2554,11114,64755
21,75890,152,0.0,2555,11114,64776
52,75942,152,0.0,2556,11114,64828
32,75974,152,0.0,2557,11114,64860
7,75981,152,0.0,2558,11114,64867
32,76013,152,0.0,2559,11114,64899
17,76030,152,0.0,2560,11114,64916
62,76092,153,1.0,2561,11114,64978
45,76137,153,0.0,2562,11114,65023
9,76146,153,0.0,2563,11114,65032
22,76168,154,1.0,2564,11114,65054
41,76209,154,0.0,2565,11114,65095
19,76228,154,0.0,2566,11114,65114
10,76238,154,0.0,2567,11114,65124
25,76263,154,0.0,2568,11114,65149
13,76276,154,0.0,2569,11114,65162
77,76353,154,0.0,2570,11114,65239
10,76363,154,0.0,2571,11114,65249
31,76394,154,0.0,2572,11114,65280
36,76430,154,0.0,2573,11114,65316
44,76474,154,0.0,2574,11114,65360
29,76503,154,0.0,2575,11114,65389
25,76528,154,0.0,2576,11114,65414
17,76545,154,0.0,2577,11114,65431
64,76609,154,0.0,2578,11114,65495
10,76619,154,0.0,2579,11114,65505
55,76674,154,0.0,2580,11114,65560
26,76700,155,1.0,2581,11114,65586
12,76712,155,0.0,2582,11114,65598
17,76729,155,0.0,2583,11114,65615
14,76743,155,0.0,2584,11114,65629
26,76769,155,0.0,2585,11114,65655
75,76844,155,0.0,2586,11114,65730
38,76882,155,0.0,2587,11114,65768
60,76942,155,0.0,2588,11114,65828
79,77021,155,0.0,2589,11114,65907
18,77039,155,0.0,2590,11114,65925
8,77047,155,0.0,2591,11114,65933
14,77061,155,0.0,2592,11114,65947
24,77085,155,0.0,2593,11114,65971
30,77115,156,1.0,2594,11114,66001
100,77215,156,0.0,2595,11114,66101
13,77228,156,0.0,2596,11114,66114
14,77242,156,0.0,2597,11114,66128
33,77275,157,1.0,2598,11114,66161
29,77304,157,0.0,2599,11114,66190
65,77369,157,0.0,2600,11114,66255
29,77398,157,0.0,2601,11114,66284
11,77409,157,0.0,2602,11114,66295
7,77416,157,0.0,2603,11114,66302
24,77440,158,1.0,2604,11114,66326
30,77470,158,0.0,2605,11114,66356
76,77546,158,0.0,2606,11114,66432
5,77551,158,0.0,2607,11114,66437
11,77562,158,0.0,2608,11114,66448
34,77596,158,0.0,2609,11114,66482
19,77615,158,0.0,2610,11114,66501
64,77679,159,1.0,2611,11114,66565
34,77713,159,0.0,2612,11114,66599
10,77723,159,0.0,2613,11114,66609
20,77743,159,0.0,2614,11114,66629
9,77752,159,0.0,2615,11114,66638
13,77765,159,0.0,2616,11114,66651
26,77791,159,0.0,2617,11114,66677
25,77816,159,0.0,2618,11114,66702
23,77839,159,0.0,2619,11114,66725
15,77854,159,0.0,2620,11114,66740
11,77865,159,0.0,2621,11114,66751
27,77892,160,1.0,2622,11114,66778
35,77927,160,0.0,2623,11114,66813
12,77939,160,0.0,2624,11114,66825
22,77961,160,0.0,2625,11114,66847
13,77974,160,0.0,2626,11114,66860
29,78003,160,0.0,2627,11114,66889
9,78012,160,0.0,2628,11114,66898
28,78040,160,0.0,2629,11114,66926
60,78100,160,0.0,2630,11114,66986
33,78133,161,1.0,2631,11114,67019
60,78193,161,0.0,2632,11114,67079
14,78207,161,0.0,2633,11114,67093
11,78218,161,0.0,2634,11114,67104
21,78239,161,0.0,2635,11114,67125
15,78254,161,0.0,2636,11114,67140
26,78280,161,0.0,2637,11114,67166
26,78306,161,0.0,2638,11114,67192
17,78323,161,0.0,2639,11114,67209
48,78371,162,1.0,2640,11114,67257
39,78410,162,0.0,2641,11114,67296
26,78436,162,0.0,2642,11114,67322
19,78455,162,0.0,2643,11114,67341
36,78491,162,0.0,2644,11114,67377
76,78567,162,0.0,2645,11114,67453
20,78587,162,0.0,2646,11114,67473
50,78637,162,0.0,2647,11114,67523
20,78657,162,0.0,2648,11114,67543
13,78670,162,0.0,2649,11114,67556
41,78711,163,1.0,2650,11114,67597
32,78743,164,1.0,2651,11114,67629
9,78752,164,0.0,2652,11114,67638
20,78772,164,0.0,2653,11114,67658
21,78793,165,1.0,2654,11114,67679
12,78805,165,0.0,2655,11114,67691
48,78853,165,0.0,2656,11114,67739
22,78875,165,0.0,2657,11114,67761
13,78888,165,0.0,2658,11114,67774
15,78903,165,0.0,2659,11114,67789
39,78942,166,1.0,2660,11114,67828
60,79002,166,0.0,2661,11114,67888
26,79028,166,0.0,2662,11114,67914
31,79059,166,0.0,2663,11114,67945
19,79078,166,0.0,2664,11114,67964
37,79115,166,0.0,2665,11114,68001
20,79135,166,0.0,2666,11114,68021
100,79235,166,0.0,2667,11114,68121
18,79253,166,0.0,2668,11114,68139
33,79286,166,0.0,2669,11114,68172
7,79293,166,0.0,2670,11114,68179
12,79305,166,0.0,2671,11114,68191
38,79343,166,0.0,2672,11114,68229
25,79368,166,0.0,2673,11114,68254
50,79418,166,0.0,2674,11114,68304
22,79440,166,0.0,2675,11114,68326
26,79466,166,0.0,2676,11114,68352
41,79507,166,0.0,2677,11114,68393
36,79543,166,0.0,2678,11114,68429
25,79568,166,0.0,2679,11114,68454
11,79579,166,0.0,2680,11114,68465
13,79592,166,0.0,2681,11114,68478
16,79608,166,0.0,2682,11114,68494
29,79637,166,0.0,2683,11114,68523
13,79650,166,0.0,2684,11114,68536
45,79695,167,1.0,2685,11114,68581
11,79706,167,0.0,2686,11114,68592
24,79730,167,0.0,2687,11114,68616
15,79745,167,0.0,2688,11114,68631
25,79770,168,1.0,2689,11114,68656
23,79793,168,0.0,2690,11114,68679
69,79862,168,0.0,2691,11114,68748
19,79881,168,0.0,2692,11114,68767
22,79903,168,0.0,2693,11114,68789
100,80003,168,0.0,2694,11114,68889
18,80021,168,0.0,2695,11114,68907
11,80032,168,0.0,2696,11114,68918
8,80040,168,0.0,2697,11114,68926
59,80099,168,0.0,2698,11114,68985
18,80117,168,0.0,2699,11114,69003
18,80135,168,0.0,2700,11114,69021
42,80177,168,0.0,2701,11114,69063
13,80190,168,0.0,2702,11114,69076
22,80212,168,0.0,2703,11114,69098
17,80229,168,0.0,2704,11114,69115
21,80250,168,0.0,2705,11114,69136
32,80282,168,0.0,2706,11114,69168
14,80296,168,0.0,2707,11114,69182
19,80315,168,0.0,2708,11114,69201
16,80331,168,0.0,2709,11114,69217
42,80373,168,0.0,2710,11114,69259
16,80389,168,0.0,2711,11114,69275
32,80421,168,0.0,2712,11114,69307
39,80460,168,0.0,2713,11114,69346
63,80523,168,0.0,2714,11114,69409
27,80550,168,0.0,2715,11114,69436
14,80564,169,1.0,2716,11114,69450
32,80596,170,1.0,2717,11114,69482
24,80620,170,0.0,2718,11114,69506
12,80632,170,0.0,2719,11114,69518
21,80653,170,0.0,2720,11114,69539
10,80663,170,0.0,2721,11114,69549
7,80670,170,0.0,2722,11114,69556
39,80709,170,0.0,2723,11114,69595
5,80714,170,0.0,2724,11114,69600
21,80735,170,0.0,2725,11114,69621
48,80783,170,0.0,2726,11114,69669
10,80793,170,0.0,2727,11114,69679
14,80807,170,0.0,2728,11114,69693
7,80814,170,0.0,2729,11114,69700
13,80827,170,0.0,2730,11114,69713
29,80856,170,0.0,2731,11114,69742
74,80930,170,0.0,2732,11114,69816
46,80976,170,0.0,2733,11114,69862
63,81039,170,0.0,2734,11114,69925
27,81066,170,0.0,2735,11114,69952
21,81087,170,0.0,2736,11114,69973
78,81165,170,0.0,2737,11114,70051
8,81173,170,0.0,2738,11114,70059
11,81184,170,0.0,2739,11114,70070
37,81221,170,0.0,2740,11114,70107
21,81242,170,0.0,2741,11114,70128
100,81342,170,0.0,2742,11114,70228
40,81382,171,1.0,2743,11114,70268
39,81421,171,0.0,2744,11114,70307
27,81448,171,0.0,2745,11114,70334
11,81459,171,0.0,2746,11114,70345
16,81475,171,0.0,2747,11114,70361
47,81522,171,0.0,2748,11114,70408
64,81586,172,1.0,2749,11114,70472
61,81647,172,0.0,2750,11114,70533
23,81670,172,0.0,2751,11114,70556
5,81675,172,0.0,2752,11114,70561
45,81720,172,0.0,2753,11114,70606
31,81751,172,0.0,2754,11114,70637
16,81767,172,0.0,2755,11114,70653
30,81797,172,0.0,2756,11114,70683
38,81835,172,0.0,2757,11114,70721
79,81914,172,0.0,2758,11114,70800
8,81922,172,0.0,2759,11114,70808
51,81973,172,0.0,2760,11114,70859
9,81982,172,0.0,2761,11114,70868
30,82012,172,0.0,2762,11114,70898
16,82028,172,0.0,2763,11114,70914
19,82047,172,0.0,2764,11114,70933
28,82075,172,0.0,2765,11114,70961
27,82102,173,1.0,2766,11114,70988
33,82135,173,0.0,2767,11114,71021
13,82148,173,0.0,2768,11114,71034
14,82162,173,0.0,2769,11114,71048
21,82183,173,0.0,2770,11114,71069
8,82191,173,0.0,2771,11114,71077
32,82223,173,0.0,2772,11114,71109
12,82235,173,0.0,2773,11114,71121
10,82245,173,0.0,2774,11114,71131
29,82274,173,0.0,2775,11114,71160
13,82287,173,0.0,2776,11114,71173
29,82316,173,0.0,2777,11114,71202
22,82338,173,0.0,2778,11114,71224
26,82364,173,0.0,2779,11114,71250
6,82370,173,0.0,2780,11114,71256
30,82400,173,0.0,2781,11114,71286
69,82469,173,0.0,2782,11114,71355
29,82498,173,0.0,2783,11114,71384
66,82564,173,0.0,2784,11114,71450
20,82584,173,0.0,2785,11114,71470
19,82603,173,0.0,2786,11114,71489
55,82658,173,0.0,2787,11114,71544
45,82703,173,0.0,2788,11114,71589
65,82768,173,0.0,2789,11114,71654
27,82795,173,0.0,2790,11114,71681
18,82813,174,1.0,2791,11114,71699
42,82855,174,0.0,2792,11114,71741
11,82866,174,0.0,2793,11114,71752
20,82886,174,0.0,2794,11114,71772
13,82899,174,0.0,2795,11114,71785
10,82909,174,0.0,2796,11114,71795
36,82945,174,0.0,2797,11114,71831
23,82968,174,0.0,2798,11114,71854
28,82996,174,0.0,2799,11114,71882
17,83013,174,0.0,2800,11114,71899
46,83059,174,0.0,2801,11114,71945
26,83085,174,0.0,2802,11114,71971
23,83108,174,0.0,2803,11114,71994
43,83151,174,0.0,2804,11114,72037
12,83163,174,0.0,2805,11114,72049
37,83200,175,1.0,2806,11114,72086
18,83218,175,0.0,2807,11114,72104
44,83262,175,0.0,2808,11114,72148
30,83292,176,1.0,2809,11114,72178
15,83307,176,0.0,2810,11114,72193
12,83319,176,0.0,2811,11114,72205
30,83349,177,1.0,2812,11114,72235
17,83366,177,0.0,2813,11114,72252
42,83408,177,0.0,2814,11114,72294
11,83419,177,0.0,2815,11114,72305
30,83449,177,0.0,2816,11114,72335
11,83460,177,0.0,2817,11114,72346
18,83478,177,0.0,2818,11114,72364
14,83492,177,0.0,2819,11114,72378
56,83548,177,0.0,2820,11114,72434
42,83590,177,0.0,2821,11114,72476
44,83634,177,0.0,2822,11114,72520
20,83654,177,0.0,2823,11114,72540
24,83678,178,1.0,2824,11114,72564
13,83691,178,0.0,2825,11114,72577
28,83719,178,0.0,2826,11114,72605
26,83745,178,0.0,2827,11114,72631
16,83761,178,0.0,2828,11114,72647
15,83776,178,0.0,2829,11114,72662
16,83792,178,0.0,2830,11114,72678
30,83822,179,1.0,2831,11114,72708
12,83834,179,0.0,2832,11114,72720
81,83915,179,0.0,2833,11114,72801
13,83928,179,0.0,2834,11114,72814
39,83967,179,0.0,2835,11114,72853
21,83988,179,0.0,2836,11114,72874
36,84024,179,0.0,2837,11114,72910
20,84044,179,0.0,2838,11114,72930
38,84082,179,0.0,2839,11114,72968
24,84106,179,0.0,2840,11114,72992
51,84157,179,0.0,2841,11114,73043
10,84167,179,0.0,2842,11114,73053
21,84188,179,0.0,2843,11114,73074
16,84204,179,0.0,2844,11114,73090
21,84225,179,0.0,2845,11114,73111
16,84241,179,0.0,2846,11114,73127
45,84286,179,0.0,2847,11114,73172
32,84318,179,0.0,2848,11114,73204
8,84326,179,0.0,2849,11114,73212
8,84334,179,0.0,2850,11114,73220
10,84344,179,0.0,2851,11114,73230
18,84362,179,0.0,2852,11114,73248
50,84412,179,0.0,2853,11114,73298
6,84418,179,0.0,2854,11114,73304
56,84474,179,0.0,2855,11114,73360
20,84494,179,0.0,2856,11114,73380
27,84521,179,0.0,2857,11114,73407
24,84545,180,1.0,2858,11114,73431
7,84552,180,0.0,2859,11114,73438
14,84566,180,0.0,2860,11114,73452
43,84609,180,0.0,2861,11114,73495
23,84632,181,1.0,2862,11114,73518
21,84653,181,0.0,2863,11114,73539
21,84674,181,0.0,2864,11114,73560
58,84732,181,0.0,2865,11114,73618
28,84760,181,0.0,2866,11114,73646
28,84788,181,0.0,2867,11114,73674
18,84806,181,0.0,2868,11114,73692
8,84814,181,0.0,2869,11114,73700
27,84841,181,0.0,2870,11114,73727
21,84862,181,0.0,2871,11114,73748
47,84909,181,0.0,2872,11114,73795
48,84957,181,0.0,2873,11114,73843
27,84984,181,0.0,2874,11114,73870
43,85027,181,0.0,2875,11114,73913
10,85037,181,0.0,2876,11114,73923
14,85051,181,0.0,2877,11114,73937
14,85065,181,0.0,2878,11114,73951
19,85084,181,0.0,2879,11114,73970
21,85105,181,0.0,2880,11114,73991
38,85143,181,0.0,2881,11114,74029
38,85181,181,0.0,2882,11114,74067
29,85210,182,1.0,2883,11114,74096
74,85284,183,1.0,2884,11114,74170
28,85312,183,0.0,2885,11114,74198
38,85350,184,1.0,2886,11114,74236
63,85413,184,0.0,2887,11114,74299
21,85434,184,0.0,2888,11114,74320
19,85453,184,0.0,2889,11114,74339
18,85471,185,1.0,2890,11114,74357
33,85504,185,0.0,2891,11114,74390
11,85515,185,0.0,2892,11114,74401
38,85553,186,1.0,2893,11114,74439
56,85609,187,1.0,2894,11114,74495
11,85620,187,0.0,2895,11114,74506
18,85638,187,0.0,2896,11114,74524
73,85711,187,0.0,2897,11114,74597
13,85724,187,0.0,2898,11114,74610
63,85787,187,0.0,2899,11114,74673
18,85805,187,0.0,2900,11114,74691
26,85831,187,0.0,2901,11114,74717
19,85850,187,0.0,2902,11114,74736
26,85876,187,0.0,2903,11114,74762
38,85914,187,0.0,2904,11114,74800
21,85935,187,0.0,2905,11114,74821
12,85947,187,0.0,2906,11114,74833
25,85972,187,0.0,2907,11114,74858
79,86051,187,0.0,2908,11114,74937
27,86078,187,0.0,2909,11114,74964
49,86127,188,1.0,2910,11114,75013
71,86198,188,0.0,2911,11114,75084
11,86209,188,0.0,2912,11114,75095
7,86216,188,0.0,2913,11114,75102
10,86226,188,0.0,2914,11114,75112
17,86243,188,0.0,2915,11114,75129
12,86255,188,0.0,2916,11114,75141
11,86266,188,0.0,2917,11114,75152
31,86297,188,0.0,2918,11114,75183
18,86315,188,0.0,2919,11114,75201
56,86371,188,0.0,2920,11114,75257
41,86412,188,0.0,2921,11114,75298
7,86419,188,0.0,2922,11114,75305
10,86429,188,0.0,2923,11114,75315
85,86514,189,1.0,2924,11114,75400
29,86543,189,0.0,2925,11114,75429
27,86570,189,0.0,2926,11114,75456
27,86597,190,1.0,2927,11114,75483
23,86620,190,0.0,2928,11114,75506
53,86673,190,0.0,2929,11114,75559
19,86692,190,0.0,2930,11114,75578
45,86737,190,0.0,2931,11114,75623
13,86750,190,0.0,2932,11114,75636
39,86789,191,1.0,2933,11114,75675
51,86840,191,0.0,2934,11114,75726
13,86853,191,0.0,2935,11114,75739
51,86904,191,0.0,2936,11114,75790
26,86930,191,0.0,2937,11114,75816
53,86983,191,0.0,2938,11114,75869
12,86995,191,0.0,2939,11114,75881
61,87056,191,0.0,2940,11114,75942
43,87099,191,0.0,2941,11114,75985
28,87127,191,0.0,2942,11114,76013
20,87147,191,0.0,2943,11114,76033
23,87170,191,0.0,2944,11114,76056
8,87178,191,0.0,2945,11114,76064
29,87207,192,1.0,2946,11114,76093
28,87235,193,1.0,2947,11114,76121
14,87249,193,0.0,2948,11114,76135
11,87260,193,0.0,2949,11114,76146
11,87271,193,0.0,2950,11114,76157
48,87319,193,0.0,2951,11114,76205
7,87326,193,0.0,2952,11114,76212
15,87341,193,0.0,2953,11114,76227
33,87374,194,1.0,2954,11114,76260
13,87387,194,0.0,2955,11114,76273
58,87445,194,0.0,2956,11114,76331
14,87459,194,0.0,2957,11114,76345
22,87481,194,0.0,2958,11114,76367
14,87495,194,0.0,2959,11114,76381
51,87546,195,1.0,2960,11114,76432
13,87559,195,0.0,2961,11114,76445
13,87572,195,0.0,2962,11114,76458
32,87604,195,0.0,2963,11114,76490
40,87644,195,0.0,2964,11114,76530
48,87692,195,0.0,2965,11114,76578
18,87710,195,0.0,2966,11114,76596
13,87723,195,0.0,2967,11114,76609
25,87748,195,0.0,2968,11114,76634
23,87771,195,0.0,2969,11114,76657
34,87805,195,0.0,2970,11114,76691
17,87822,195,0.0,2971,11114,76708
14,87836,195,0.0,2972,11114,76722
41,87877,196,1.0,2973,11114,76763
33,87910,196,0.0,2974,11114,76796
18,87928,196,0.0,2975,11114,76814
17,87945,196,0.0,2976,11114,76831
14,87959,196,0.0,2977,11114,76845
18,87977,196,0.0,2978,11114,76863
12,87989,196,0.0,2979,11114,76875
17,88006,196,0.0,2980,11114,76892
6,88012,196,0.0,2981,11114,76898
27,88039,196,0.0,2982,11114,76925
22,88061,196,0.0,2983,11114,76947
19,88080,196,0.0,2984,11114,76966
25,88105,196,0.0,2985,11114,76991
31,88136,196,0.0,2986,11114,77022
57,88193,196,0.0,2987,11114,77079
20,88213,196,0.0,2988,11114,77099
31,88244,197,1.0,2989,11114,77130
9,88253,197,0.0,2990,11114,77139
5,88258,197,0.0,2991,11114,77144
9,88267,197,0.0,2992,11114,77153
28,88295,197,0.0,2993,11114,77181
19,88314,197,0.0,2994,11114,77200
14,88328,197,0.0,2995,11114,77214
19,88347,197,0.0,2996,11114,77233
9,88356,197,0.0,2997,11114,77242
50,88406,197,0.0,2998,11114,77292
17,88423,197,0.0,2999,11114,77309
32,88455,198,1.0,3000,11114,77341
11,88466,198,0.0,3001,11114,77352
11,88477,198,0.0,3002,11114,77363
8,88485,198,0.0,3003,11114,77371
6,88491,198,0.0,3004,11114,77377
29,88520,198,0.0,3005,11114,77406
26,88546,198,0.0,3006,11114,77432
38,88584,199,1.0,3007,11114,77470
42,88626,199,0.0,3008,11114,77512
36,88662,199,0.0,3009,11114,77548
20,88682,199,0.0,3010,11114,77568
26,88708,199,0.0,3011,11114,77594
14,88722,199,0.0,3012,11114,77608
11,88733,199,0.0,3013,11114,77619
38,88771,199,0.0,3014,11114,77657
30,88801,199,0.0,3015,11114,77687
54,88855,200,1.0,3016,11114,77741
33,88888,200,0.0,3017,11114,77774
13,88901,200,0.0,3018,11114,77787
13,88914,200,0.0,3019,11114,77800
8,88922,200,0.0,3020,11114,77808
18,88940,200,0.0,3021,11114,77826
14,88954,200,0.0,3022,11114,77840
19,88973,200,0.0,3023,11114,77859
59,89032,200,0.0,3024,11114,77918
16,89048,200,0.0,3025,11114,77934
33,89081,200,0.0,3026,11114,77967
25,89106,200,0.0,3027,11114,77992
84,89190,200,0.0,3028,11114,78076
7,89197,200,0.0,3029,11114,78083
11,89208,200,0.0,3030,11114,78094
53,89261,200,0.0,3031,11114,78147
18,89279,200,0.0,3032,11114,78165
23,89302,200,0.0,3033,11114,78188
54,89356,200,0.0,3034,11114,78242
55,89411,201,1.0,3035,11114,78297
30,89441,201,0.0,3036,11114,78327
14,89455,201,0.0,3037,11114,78341
13,89468,201,0.0,3038,11114,78354
49,89517,201,0.0,3039,11114,78403
32,89549,201,0.0,3040,11114,78435
42,89591,201,0.0,3041,11114,78477
17,89608,201,0.0,3042,11114,78494
40,89648,202,1.0,3043,11114,78534
22,89670,202,0.0,3044,11114,78556
100,89770,202,0.0,3045,11114,78656
7,89777,202,0.0,3046,11114,78663
33,89810,202,0.0,3047,11114,78696
9,89819,202,0.0,3048,11114,78705
32,89851,202,0.0,3049,11114,78737
26,89877,202,0.0,3050,11114,78763
57,89934,202,0.0,3051,11114,78820
20,89954,202,0.0,3052,11114,78840
9,89963,202,0.0,3053,11114,78849
52,90015,202,0.0,3054,11114,78901
11,90026,202,0.0,3055,11114,78912
100,90126,202,0.0,3056,11114,79012
12,90138,202,0.0,3057,11114,79024
21,90159,202,0.0,3058,11114,79045
34,90193,202,0.0,3059,11114,79079
13,90206,202,0.0,3060,11114,79092
48,90254,203,1.0,3061,11114,79140
15,90269,203,0.0,3062,11114,79155
17,90286,203,0.0,3063,11114,79172
7,90293,203,0.0,3064,11114,79179
35,90328,203,0.0,3065,11114,79214
45,90373,203,0.0,3066,11114,79259
15,90388,203,0.0,3067,11114,79274
48,90436,204,1.0,3068,11114,79322
20,90456,204,0.0,3069,11114,79342
21,90477,204,0.0,3070,11114,79363
35,90512,205,1.0,3071,11114,79398
12,90524,205,0.0,3072,11114,79410
43,90567,205,0.0,3073,11114,79453
30,90597,205,0.0,3074,11114,79483
39,90636,205,0.0,3075,11114,79522
18,90654,206,1.0,3076,11114,79540
18,90672,206,0.0,3077,11114,79558
23,90695,206,0.0,3078,11114,79581
22,90717,206,0.0,3079,11114,79603
24,90741,206,0.0,3080,11114,79627
32,90773,206,0.0,3081,11114,79659
20,90793,206,0.0,3082,11114,79679
9,90802,206,0.0,3083,11114,79688
79,90881,207,1.0,3084,11114,79767
69,90950,207,0.0,3085,11114,79836
15,90965,207,0.0,3086,11114,79851
47,91012,208,1.0,3087,11114,79898
23,91035,208,0.0,3088,11114,79921
26,91061,208,0.0,3089,11114,79947
17,91078,208,0.0,3090,11114,79964
94,91172,208,0.0,3091,11114,80058
61,91233,208,0.0,3092,11114,80119
10,91243,208,0.0,3093,11114,80129
33,91276,208,0.0,3094,11114,80162
18,91294,209,1.0,3095,11114,80180
12,91306,209,0.0,3096,11114,80192
29,91335,209,0.0,3097,11114,80221
8,91343,209,0.0,3098,11114,80229
21,91364,209,0.0,3099,11114,80250
23,91387,209,0.0,3100,11114,80273
16,91403,209,0.0,3101,11114,80289
15,91418,209,0.0,3102,11114,80304
40,91458,209,0.0,3103,11114,80344
26,91484,209,0.0,3104,11114,80370
30,91514,209,0.0,3105,11114,80400
15,91529,209,0.0,3106,11114,80415
29,91558,209,0.0,3107,11114,80444
18,91576,209,0.0,3108,11114,80462
19,91595,209,0.0,3109,11114,80481
29,91624,209,0.0,3110,11114,80510
13,91637,209,0.0,3111,11114,80523
51,91688,209,0.0,3112,11114,80574
57,91745,209,0.0,3113,11114,80631
20,91765,209,0.0,3114,11114,80651
32,91797,210,1.0,3115,11114,80683
24,91821,210,0.0,3116,11114,80707
22,91843,210,0.0,3117,11114,80729
15,91858,210,0.0,3118,11114,80744
52,91910,210,0.0,3119,11114,80796
14,91924,210,0.0,3120,11114,80810
25,91949,210,0.0,3121,11114,80835
7,91956,210,0.0,3122,11114,80842
24,91980,210,0.0,3123,11114,80866
35,92015,211,1.0,3124,11114,80901
17,92032,211,0.0,3125,11114,80918
13,92045,211,0.0,3126,11114,80931
14,92059,211,0.0,3127,11114,80945
57,92116,211,0.0,3128,11114,81002
32,92148,212,1.0,3129,11114,81034
57,92205,212,0.0,3130,11114,81091
15,92220,212,0.0,3131,11114,81106
29,92249,212,0.0,3132,11114,81135
10,92259,212,0.0,3133,11114,81145
48,92307,212,0.0,3134,11114,81193
100,92407,212,0.0,3135,11114,81293
8,92415,212,0.0,3136,11114,81301
11,92426,212,0.0,3137,11114,81312
16,92442,212,0.0,3138,11114,81328
43,92485,213,1.0,3139,11114,81371
24,92509,213,0.0,3140,11114,81395
18,92527,213,0.0,3141,11114,81413
14,92541,213,0.0,3142,11114,81427
14,92555,213,0.0,3143,11114,81441
57,92612,213,0.0,3144,11114,81498
13,92625,213,0.0,3145,11114,81511
74,92699,214,1.0,3146,11114,81585
19,92718,214,0.0,3147,11114,81604
18,92736,214,0.0,3148,11114,81622
66,92802,214,0.0,3149,11114,81688
25,92827,214,0.0,3150,11114,81713
51,92878,214,0.0,3151,11114,81764
32,92910,214,0.0,3152,11114,81796
6,92916,214,0.0,3153,11114,81802
21,92937,215,1.0,3154,11114,81823
16,92953,215,0.0,3155,11114,81839
23,92976,215,0.0,3156,11114,81862
37,93013,215,0.0,3157,11114,81899
10,93023,215,0.0,3158,11114,81909
34,93057,216,1.0,3159,11114,81943
14,93071,216,0.0,3160,11114,81957
18,93089,216,0.0,3161,11114,81975
9,93098,216,0.0,3162,11114,81984
46,93144,217,1.0,3163,11114,82030
5,93149,217,0.0,3164,11114,82035
55,93204,218,1.0,3165,11114,82090
64,93268,219,1.0,3166,11114,82154
11,93279,219,0.0,3167,11114,82165
16,93295,219,0.0,3168,11114,82181
29,93324,220,1.0,3169,11114,82210
26,93350,220,0.0,3170,11114,82236
22,93372,220,0.0,3171,11114,82258
16,93388,220,0.0,3172,11114,82274
38,93426,220,0.0,3173,11114,82312
13,93439,220,0.0,3174,11114,82325
19,93458,220,0.0,3175,11114,82344
40,93498,220,0.0,3176,11114,82384
25,93523,220,0.0,3177,11114,82409
6,93529,220,0.0,3178,11114,82415
21,93550,220,0.0,3179,11114,82436
32,93582,220,0.0,3180,11114,82468
20,93602,220,0.0,3181,11114,82488
22,93624,221,1.0,3182,11114,82510
34,93658,221,0.0,3183,11114,82544
22,93680,221,0.0,3184,11114,82566
19,93699,221,0.0,3185,11114,82585
31,93730,222,1.0,3186,11114,82616
20,93750,222,0.0,3187,11114,82636
7,93757,222,0.0,3188,11114,82643
13,93770,222,0.0,3189,11114,82656
10,93780,222,0.0,3190,11114,82666
57,93837,222,0.0,3191,11114,82723
42,93879,222,0.0,3192,11114,82765
18,93897,222,0.0,3193,11114,82783
14,93911,222,0.0,3194,11114,82797
99,94010,222,0.0,3195,11114,82896
35,94045,222,0.0,3196,11114,82931
70,94115,222,0.0,3197,11114,83001
16,94131,222,0.0,3198,11114,83017
37,94168,222,0.0,3199,11114,83054
10,94178,222,0.0,3200,11114,83064
25,94203,222,0.0,3201,11114,83089
48,94251,222,0.0,3202,11114,83137
44,94295,222,0.0,3203,11114,83181
56,94351,222,0.0,3204,11114,83237
53,94404,222,0.0,3205,11114,83290
61,94465,222,0.0,3206,11114,83351
54,94519,222,0.0,3207,11114,83405
23,94542,222,0.0,3208,11114,83428
10,94552,222,0.0,3209,11114,83438
50,94602,222,0.0,3210,11114,83488
36,94638,222,0.0,3211,11114,83524
13,94651,222,0.0,3212,11114,83537
55,94706,222,0.0,3213,11114,83592
20,94726,222,0.0,3214,11114,83612
13,94739,222,0.0,3215,11114,83625
15,94754,222,0.0,3216,11114,83640
53,94807,222,0.0,3217,11114,83693
25,94832,222,0.0,3218,11114,83718
33,94865,222,0.0,3219,11114,83751
10,94875,222,0.0,3220,11114,83761
24,94899,222,0.0,3221,11114,83785
42,94941,222,0.0,3222,11114,83827
15,94956,222,0.0,3223,11114,83842
59,95015,222,0.0,3224,11114,83901
55,95070,223,1.0,3225,11114,83956
17,95087,223,0.0,3226,11114,83973
32,95119,223,0.0,3227,11114,84005
22,95141,223,0.0,3228,11114,84027
35,95176,223,0.0,3229,11114,84062
21,95197,223,0.0,3230,11114,84083
11,95208,223,0.0,3231,11114,84094
15,95223,223,0.0,3232,11114,84109
22,95245,223,0.0,3233,11114,84131
7,95252,223,0.0,3234,11114,84138
28,95280,223,0.0,3235,11114,84166
29,95309,223,0.0,3236,11114,84195
13,95322,223,0.0,3237,11114,84208
21,95343,223,0.0,3238,11114,84229
21,95364,223,0.0,3239,11114,84250
33,95397,223,0.0,3240,11114,84283
25,95422,223,0.0,3241,11114,84308
18,95440,223,0.0,3242,11114,84326
31,95471,224,1.0,3243,11114,84357
30,95501,224,0.0,3244,11114,84387
16,95517,224,0.0,3245,11114,84403
40,95557,224,0.0,3246,11114,84443
24,95581,224,0.0,3247,11114,84467
8,95589,224,0.0,3248,11114,84475
41,95630,224,0.0,3249,11114,84516
6,95636,224,0.0,3250,11114,84522
41,95677,224,0.0,3251,11114,84563
14,95691,224,0.0,3252,11114,84577
9,95700,224,0.0,3253,11114,84586
37,95737,224,0.0,3254,11114,84623
33,95770,224,0.0,3255,11114,84656
40,95810,224,0.0,3256,11114,84696
27,95837,224,0.0,3257,11114,84723
44,95881,225,1.0,3258,11114,84767
27,95908,225,0.0,3259,11114,84794
34,95942,225,0.0,3260,11114,84828
18,95960,225,0.0,3261,11114,84846
12,95972,225,0.0,3262,11114,84858
47,96019,226,1.0,3263,11114,84905
37,96056,227,1.0,3264,11114,84942
19,96075,227,0.0,3265,11114,84961
100,96175,227,0.0,3266,11114,85061
10,96185,227,0.0,3267,11114,85071
26,96211,227,0.0,3268,11114,85097
56,96267,228,1.0,3269,11114,85153
20,96287,228,0.0,3270,11114,85173
16,96303,228,0.0,3271,11114,85189
45,96348,229,1.0,3272,11114,85234
28,96376,229,0.0,3273,11114,85262
24,96400,229,0.0,3274,11114,85286
5,96405,229,0.0,3275,11114,85291
28,96433,229,0.0,3276,11114,85319
41,96474,229,0.0,3277,11114,85360
7,96481,229,0.0,3278,11114,85367
27,96508,229,0.0,3279,11114,85394
54,96562,229,0.0,3280,11114,85448
19,96581,229,0.0,3281,11114,85467
56,96637,229,0.0,3282,11114,85523
11,96648,229,0.0,3283,11114,85534
18,96666,229,0.0,3284,11114,85552
36,96702,229,0.0,3285,11114,85588
27,96729,229,0.0,3286,11114,85615
27,96756,229,0.0,3287,11114,85642
45,96801,229,0.0,3288,11114,85687
24,96825,229,0.0,3289,11114,85711
29,96854,229,0.0,3290,11114,85740
25,96879,229,0.0,3291,11114,85765
25,96904,229,0.0,3292,11114,85790
24,96928,229,0.0,3293,11114,85814
40,96968,229,0.0,3294,11114,85854
47,97015,229,0.0,3295,11114,85901
10,97025,229,0.0,3296,11114,85911
15,97040,230,1.0,3297,11114,85926
23,97063,230,0.0,3298,11114,85949
22,97085,230,0.0,3299,11114,85971
47,97132,230,0.0,3300,11114,86018
44,97176,231,1.0,3301,11114,86062
7,97183,231,0.0,3302,11114,86069
20,97203,231,0.0,3303,11114,86089
55,97258,231,0.0,3304,11114,86144
27,97285,231,0.0,3305,11114,86171
8,97293,231,0.0,3306,11114,86179
13,97306,231,0.0,3307,11114,86192
14,97320,231,0.0,3308,11114,86206
9,97329,231,0.0,3309,11114,86215
26,97355,231,0.0,3310,11114,86241
22,97377,231,0.0,3311,11114,86263
20,97397,231,0.0,3312,11114,86283
47,97444,231,0.0,3313,11114,86330
8,97452,231,0.0,3314,11114,86338
17,97469,231,0.0,3315,11114,86355
44,97513,231,0.0,3316,11114,86399
10,97523,231,0.0,3317,11114,86409
37,97560,232,1.0,3318,11114,86446
23,97583,232,0.0,3319,11114,86469
19,97602,232,0.0,3320,11114,86488
34,97636,232,0.0,3321,11114,86522
15,97651,232,0.0,3322,11114,86537
42,97693,232,0.0,3323,11114,86579
17,97710,232,0.0,3324,11114,86596
25,97735,233,1.0,3325,11114,86621
38,97773,233,0.0,3326,11114,86659
17,97790,233,0.0,3327,11114,86676
11,97801,233,0.0,3328,11114,86687
32,97833,233,0.0,3329,11114,86719
42,97875,233,0.0,3330,11114,86761
47,97922,233,0.0,3331,11114,86808
22,97944,233,0.0,3332,11114,86830
22,97966,233,0.0,3333,11114,86852
35,98001,234,1.0,3334,11114,86887
33,98034,235,1.0,3335,11114,86920
22,98056,235,0.0,3336,11114,86942
33,98089,235,0.0,3337,11114,86975
24,98113,236,1.0,3338,11114,86999
11,98124,236,0.0,3339,11114,87010
44,98168,236,0.0,3340,11114,87054
22,98190,236,0.0,3341,11114,87076
40,98230,236,0.0,3342,11114,87116
27,98257,236,0.0,3343,11114,87143
23,98280,236,0.0,3344,11114,87166
28,98308,236,0.0,3345,11114,87194
33,98341,236,0.0,3346,11114,87227
12,98353,236,0.0,3347,11114,87239
18,98371,236,0.0,3348,11114,87257
33,98404,236,0.0,3349,11114,87290
16,98420,236,0.0,3350,11114,87306
14,98434,236,0.0,3351,11114,87320
62,98496,236,0.0,3352,11114,87382
38,98534,236,0.0,3353,11114,87420
43,98577,236,0.0,3354,11114,87463
35,98612,236,0.0,3355,11114,87498
11,98623,236,0.0,3356,11114,87509
23,98646,236,0.0,3357,11114,87532
22,98668,236,0.0,3358,11114,87554
25,98693,236,0.0,3359,11114,87579
20,98713,236,0.0,3360,11114,87599
43,98756,237,1.0,3361,11114,87642
31,98787,237,0.0,3362,11114,87673
16,98803,237,0.0,3363,11114,87689
21,98824,237,0.0,3364,11114,87710
15,98839,237,0.0,3365,11114,87725
23,98862,237,0.0,3366,11114,87748
29,98891,237,0.0,3367,11114,87777
14,98905,237,0.0,3368,11114,87791
8,98913,237,0.0,3369,11114,87799
15,98928,237,0.0,3370,11114,87814
15,98943,237,0.0,3371,11114,87829
35,98978,238,1.0,3372,11114,87864
32,99010,238,0.0,3373,11114,87896
26,99036,238,0.0,3374,11114,87922
61,99097,239,1.0,3375,11114,87983
45,99142,239,0.0,3376,11114,88028
47,99189,239,0.0,3377,11114,88075
65,99254,239,0.0,3378,11114,88140
100,99354,239,0.0,3379,11114,88240
23,99377,239,0.0,3380,11114,88263
39,99416,239,0.0,3381,11114,88302
14,99430,239,0.0,3382,11114,88316
19,99449,240,1.0,3383,11114,88335
57,99506,240,0.0,3384,11114,88392
25,99531,240,0.0,3385,11114,88417
12,99543,240,0.0,3386,11114,88429
20,99563,240,0.0,3387,11114,88449
74,99637,240,0.0,3388,11114,88523
28,99665,240,0.0,3389,11114,88551
19,99684,241,1.0,3390,11114,88570
15,99699,241,0.0,3391,11114,88585
37,99736,241,0.0,3392,11114,88622
11,99747,241,0.0,3393,11114,88633
38,99785,242,1.0,3394,11114,88671
24,99809,242,0.0,3395,11114,88695
20,99829,242,0.0,3396,11114,88715
9,99838,242,0.0,3397,11114,88724
35,99873,242,0.0,3398,11114,88759
22,99895,242,0.0,3399,11114,88781
17,99912,242,0.0,3400,11114,88798
21,99933,242,0.0,3401,11114,88819
19,99952,242,0.0,3402,11114,88838
