iteration,successes,successes_episode,reward_episode,episode_count,random_act,timestep
26,26,0,0.0,1,16,10
14,40,0,0.0,2,27,13
18,58,0,0.0,3,38,20
12,70,0,0.0,4,46,24
11,81,0,0.0,5,53,28
27,108,0,0.0,6,76,32
21,129,0,0.0,7,91,38
13,142,0,0.0,8,102,40
34,176,0,0.0,9,131,45
19,195,0,0.0,10,148,47
28,223,0,0.0,11,168,55
38,261,0,0.0,12,198,63
37,298,0,0.0,13,225,73
22,320,0,0.0,14,241,79
100,420,0,0.0,15,331,89
20,440,0,0.0,16,348,92
16,456,0,0.0,17,361,95
12,468,0,0.0,18,369,99
43,511,0,0.0,19,402,109
47,558,0,0.0,20,440,118
9,567,0,0.0,21,446,121
14,581,0,0.0,22,457,124
43,624,0,0.0,23,494,130
33,657,0,0.0,24,521,136
43,700,0,0.0,25,553,147
8,708,0,0.0,26,561,147
14,722,0,0.0,27,572,150
10,732,0,0.0,28,579,153
25,757,0,0.0,29,598,159
16,773,0,0.0,30,612,161
32,805,0,0.0,31,639,166
46,851,0,0.0,32,680,171
21,872,0,0.0,33,697,175
36,908,0,0.0,34,725,183
53,961,0,0.0,35,760,201
17,978,0,0.0,36,773,205
73,1051,0,0.0,37,836,215
13,1064,0,0.0,38,847,217
33,1097,0,0.0,39,870,227
20,1117,0,0.0,40,885,232
20,1137,0,0.0,41,902,235
18,1155,0,0.0,42,915,240
31,1186,0,0.0,43,941,245
42,1228,0,0.0,44,975,253
52,1280,0,0.0,45,1020,260
9,1289,0,0.0,46,1027,262
20,1309,0,0.0,47,1043,266
42,1351,0,0.0,48,1077,274
19,1370,0,0.0,49,1092,278
39,1409,0,0.0,50,1120,289
34,1443,0,0.0,51,1144,299
17,1460,0,0.0,52,1156,304
23,1483,0,0.0,53,1176,307
14,1497,0,0.0,54,1189,308
62,1559,0,0.0,55,1238,321
63,1622,0,0.0,56,1290,332
57,1679,0,0.0,57,1338,341
13,1692,0,0.0,58,1347,345
42,1734,0,0.0,59,1383,351
33,1767,0,0.0,60,1410,357
11,1778,0,0.0,61,1419,359
40,1818,0,0.0,62,1450,368
21,1839,0,0.0,63,1469,370
46,1885,0,0.0,64,1503,382
8,1893,0,0.0,65,1510,383
13,1906,0,0.0,66,1522,384
100,2006,0,0.0,67,1605,401
15,2021,0,0.0,68,1615,406
16,2037,0,0.0,69,1630,407
12,2049,0,0.0,70,1638,411
18,2067,0,0.0,71,1652,415
56,2123,0,0.0,72,1698,425
22,2145,0,0.0,73,1715,430
24,2169,0,0.0,74,1734,435
11,2180,0,0.0,75,1744,436
24,2204,0,0.0,76,1763,441
18,2222,0,0.0,77,1774,448
10,2232,0,0.0,78,1780,452
31,2263,0,0.0,79,1805,458
37,2300,0,0.0,80,1833,467
28,2328,0,0.0,81,1855,473
72,2400,0,0.0,82,1912,488
38,2438,0,0.0,83,1941,497
20,2458,0,0.0,84,1957,501
5,2463,0,0.0,85,1960,503
18,2481,0,0.0,86,1974,507
16,2497,0,0.0,87,1986,511
24,2521,0,0.0,88,2006,515
14,2535,0,0.0,89,2018,517
61,2596,0,0.0,90,2067,529
45,2641,0,0.0,91,2101,540
15,2656,0,0.0,92,2115,541
91,2747,0,0.0,93,2191,556
33,2780,0,0.0,94,2215,565
12,2792,0,0.0,95,2225,567
62,2854,0,0.0,96,2277,577
27,2881,0,0.0,97,2292,589
74,2955,0,0.0,98,2350,605
24,2979,0,0.0,99,2372,607
31,3010,0,0.0,100,2397,613
33,3043,0,0.0,101,2424,619
47,3090,0,0.0,102,2461,629
20,3110,0,0.0,103,2476,634
87,3197,0,0.0,104,2548,649
24,3221,0,0.0,105,2567,654
40,3261,0,0.0,106,2601,660
13,3274,0,0.0,107,2612,662
18,3292,0,0.0,108,2625,667
8,3300,0,0.0,109,2631,669
5,3305,0,0.0,110,2636,669
70,3375,0,0.0,111,2693,682
45,3420,0,0.0,112,2726,694
7,3427,0,0.0,113,2729,698
25,3452,0,0.0,114,2747,705
41,3493,0,0.0,115,2777,716
10,3503,0,0.0,116,2782,721
24,3527,0,0.0,117,2802,725
38,3565,0,0.0,118,2831,734
23,3588,0,0.0,119,2848,740
21,3609,0,0.0,120,2863,746
35,3644,0,0.0,121,2889,755
43,3687,0,0.0,122,2925,762
53,3740,0,0.0,123,2975,765
26,3766,0,0.0,124,2996,770
11,3777,0,0.0,125,3003,774
51,3828,0,0.0,126,3045,783
31,3859,0,0.0,127,3071,788
100,3959,0,0.0,128,3151,808
20,3979,0,0.0,129,3169,810
7,3986,0,0.0,130,3174,812
12,3998,0,0.0,131,3184,814
26,4024,0,0.0,132,3205,819
16,4040,0,0.0,133,3218,822
12,4052,0,0.0,134,3229,823
9,4061,0,0.0,135,3237,824
23,4084,0,0.0,136,3252,832
9,4093,0,0.0,137,3260,833
77,4170,0,0.0,138,3322,848
14,4184,0,0.0,139,3332,852
21,4205,0,0.0,140,3345,860
13,4218,0,0.0,141,3355,863
15,4233,0,0.0,142,3365,868
55,4288,0,0.0,143,3403,885
23,4311,0,0.0,144,3418,893
14,4325,0,0.0,145,3431,894
23,4348,0,0.0,146,3453,895
9,4357,0,0.0,147,3459,898
45,4402,0,0.0,148,3492,910
13,4415,0,0.0,149,3500,915
100,4515,0,0.0,150,3584,931
63,4578,0,0.0,151,3633,945
23,4601,0,0.0,152,3652,949
100,4701,0,0.0,153,3731,970
17,4718,0,0.0,154,3745,973
100,4818,0,0.0,155,3828,990
34,4852,0,0.0,156,3853,999
14,4866,0,0.0,157,3865,1001
86,4952,0,0.0,158,3926,1026
16,4968,0,0.0,159,3938,1030
20,4988,0,0.0,160,3954,1034
24,5012,0,0.0,161,3972,1040
32,5044,0,0.0,162,4002,1042
31,5075,0,0.0,163,4032,1043
86,5161,0,0.0,164,4103,1058
22,5183,0,0.0,165,4119,1064
18,5201,0,0.0,166,4134,1067
11,5212,0,0.0,167,4144,1068
31,5243,0,0.0,168,4169,1074
14,5257,0,0.0,169,4181,1076
55,5312,0,0.0,170,4221,1091
32,5344,0,0.0,171,4252,1092
14,5358,0,0.0,172,4261,1097
6,5364,0,0.0,173,4267,1097
33,5397,0,0.0,174,4294,1103
26,5423,0,0.0,175,4314,1109
25,5448,0,0.0,176,4335,1113
35,5483,0,0.0,177,4367,1116
31,5514,0,0.0,178,4394,1120
30,5544,0,0.0,179,4420,1124
78,5622,0,0.0,180,4486,1136
29,5651,0,0.0,181,4508,1143
21,5672,0,0.0,182,4527,1145
28,5700,0,0.0,183,4551,1149
9,5709,0,0.0,184,4557,1152
45,5754,0,0.0,185,4593,1161
42,5796,0,0.0,186,4628,1168
16,5812,0,0.0,187,4641,1171
14,5826,0,0.0,188,4652,1174
27,5853,0,0.0,189,4676,1177
13,5866,0,0.0,190,4688,1178
25,5891,0,0.0,191,4709,1182
83,5974,0,0.0,192,4778,1196
18,5992,0,0.0,193,4794,1198
51,6043,0,0.0,194,4834,1209
22,6065,0,0.0,195,4852,1213
21,6086,0,0.0,196,4872,1214
20,6106,0,0.0,197,4890,1216
100,6206,0,0.0,198,4967,1239
57,6263,0,0.0,199,5017,1246
67,6330,0,0.0,200,5078,1252
62,6392,0,0.0,201,5125,1267
36,6428,0,0.0,202,5156,1272
10,6438,0,0.0,203,5162,1276
28,6466,0,0.0,204,5187,1279
8,6474,0,0.0,205,5195,1279
16,6490,0,0.0,206,5210,1280
36,6526,0,0.0,207,5242,1284
27,6553,0,0.0,208,5260,1293
12,6565,0,0.0,209,5269,1296
22,6587,0,0.0,210,5288,1299
38,6625,0,0.0,211,5318,1307
29,6654,0,0.0,212,5342,1312
33,6687,0,0.0,213,5366,1321
8,6695,0,0.0,214,5373,1322
35,6730,0,0.0,215,5401,1329
28,6758,0,0.0,216,5424,1334
29,6787,0,0.0,217,5447,1340
21,6808,0,0.0,218,5464,1344
26,6834,0,0.0,219,5488,1346
69,6903,0,0.0,220,5543,1360
10,6913,0,0.0,221,5552,1361
12,6925,0,0.0,222,5563,1362
18,6943,0,0.0,223,5576,1367
16,6959,0,0.0,224,5588,1371
20,6979,0,0.0,225,5605,1374
66,7045,0,0.0,226,5656,1389
31,7076,0,0.0,227,5677,1399
14,7090,0,0.0,228,5690,1400
8,7098,0,0.0,229,5697,1401
12,7110,0,0.0,230,5707,1403
71,7181,0,0.0,231,5765,1416
37,7218,0,0.0,232,5797,1421
8,7226,0,0.0,233,5801,1425
100,7326,0,0.0,234,5880,1446
32,7358,0,0.0,235,5908,1450
9,7367,0,0.0,236,5916,1451
48,7415,0,0.0,237,5956,1459
18,7433,0,0.0,238,5964,1469
62,7495,0,0.0,239,6011,1484
33,7528,0,0.0,240,6036,1492
49,7577,0,0.0,241,6072,1505
9,7586,0,0.0,242,6081,1505
7,7593,0,0.0,243,6087,1506
38,7631,0,0.0,244,6119,1512
39,7670,0,0.0,245,6150,1520
43,7713,0,0.0,246,6186,1527
26,7739,0,0.0,247,6207,1532
25,7764,0,0.0,248,6226,1538
13,7777,0,0.0,249,6237,1540
19,7796,0,0.0,250,6251,1545
5,7801,0,0.0,251,6256,1545
76,7877,0,0.0,252,6311,1566
20,7897,0,0.0,253,6328,1569
61,7958,0,0.0,254,6377,1581
17,7975,0,0.0,255,6391,1584
25,8000,0,0.0,256,6409,1591
26,8026,0,0.0,257,6433,1593
26,8052,0,0.0,258,6456,1596
77,8129,0,0.0,259,6515,1614
30,8159,0,0.0,260,6537,1622
39,8198,0,0.0,261,6564,1634
23,8221,0,0.0,262,6580,1641
20,8241,0,0.0,263,6597,1644
31,8272,0,0.0,264,6617,1655
30,8302,0,0.0,265,6641,1661
42,8344,0,0.0,266,6678,1666
55,8399,0,0.0,267,6724,1675
43,8442,0,0.0,268,6756,1686
24,8466,0,0.0,269,6773,1693
7,8473,0,0.0,270,6779,1694
41,8514,0,0.0,271,6814,1700
66,8580,0,0.0,272,6864,1716
26,8606,0,0.0,273,6882,1724
42,8648,0,0.0,274,6919,1729
19,8667,0,0.0,275,6933,1734
42,8709,0,0.0,276,6967,1742
13,8722,0,0.0,277,6978,1744
18,8740,0,0.0,278,6993,1747
9,8749,0,0.0,279,6999,1750
15,8764,0,0.0,280,7011,1753
90,8854,0,0.0,281,7084,1770
30,8884,0,0.0,282,7110,1774
20,8904,0,0.0,283,7127,1777
22,8926,0,0.0,284,7145,1781
14,8940,0,0.0,285,7156,1784
18,8958,0,0.0,286,7167,1791
15,8973,0,0.0,287,7180,1793
15,8988,0,0.0,288,7193,1795
27,9015,0,0.0,289,7217,1798
39,9054,0,0.0,290,7246,1808
20,9074,0,0.0,291,7259,1815
20,9094,0,0.0,292,7274,1820
9,9103,0,0.0,293,7281,1822
91,9194,0,0.0,294,7359,1835
14,9208,0,0.0,295,7371,1837
39,9247,0,0.0,296,7402,1845
11,9258,0,0.0,297,7411,1847
60,9318,0,0.0,298,7457,1861
100,9418,0,0.0,299,7542,1876
19,9437,0,0.0,300,7560,1877
9,9446,0,0.0,301,7565,1881
9,9455,0,0.0,302,7572,1883
16,9471,0,0.0,303,7584,1887
46,9517,0,0.0,304,7622,1895
33,9550,0,0.0,305,7650,1900
26,9576,0,0.0,306,7674,1902
11,9587,0,0.0,307,7684,1903
13,9600,0,0.0,308,7695,1905
27,9627,0,0.0,309,7718,1909
71,9698,0,0.0,310,7772,1926
9,9707,0,0.0,311,7778,1929
51,9758,0,0.0,312,7815,1943
20,9778,0,0.0,313,7832,1946
16,9794,0,0.0,314,7845,1949
40,9834,0,0.0,315,7880,1954
38,9872,0,0.0,316,7909,1963
26,9898,0,0.0,317,7929,1969
29,9927,0,0.0,318,7953,1974
40,9967,0,0.0,319,7985,1982
36,10003,0,0.0,320,8014,1989
67,10070,0,0.0,321,8070,2000
52,10122,0,0.0,322,8112,2010
12,10134,0,0.0,323,8123,2011
42,10176,0,0.0,324,8159,2017
18,10194,0,0.0,325,8170,2024
44,10238,0,0.0,326,8205,2033
13,10251,0,0.0,327,8218,2033
22,10273,0,0.0,328,8240,2033
21,10294,0,0.0,329,8257,2037
8,10302,0,0.0,330,8263,2039
33,10335,0,0.0,331,8291,2044
19,10354,0,0.0,332,8306,2048
37,10391,0,0.0,333,8338,2053
21,10412,0,0.0,334,8348,2064
71,10483,0,0.0,335,8407,2076
70,10553,0,0.0,336,8462,2091
15,10568,0,0.0,337,8475,2093
11,10579,0,0.0,338,8485,2094
100,10679,0,0.0,339,8565,2114
19,10698,0,0.0,340,8580,2118
26,10724,0,0.0,341,8601,2123
40,10764,0,0.0,342,8632,2132
31,10795,0,0.0,343,8657,2138
10,10805,0,0.0,344,8664,2141
14,10819,0,0.0,345,8675,2144
55,10874,0,0.0,346,8722,2152
22,10896,0,0.0,347,8739,2157
49,10945,0,0.0,348,8780,2165
41,10986,0,0.0,349,8816,2170
60,11046,0,0.0,350,8868,2178
25,11071,0,0.0,351,8891,2180
29,11100,0,0.0,352,8916,2184
15,11115,0,0.0,353,8929,2186
28,11143,0,0.0,354,8952,2191
16,11159,0,0.0,355,8966,2193
9,11168,0,0.0,356,8974,2194
41,11209,0,0.0,357,9010,2199
43,11252,0,0.0,358,9048,2204
40,11292,0,0.0,359,9080,2212
25,11317,0,0.0,360,9099,2218
45,11362,0,0.0,361,9135,2227
51,11413,0,0.0,362,9176,2237
8,11421,0,0.0,363,9182,2239
18,11439,0,0.0,364,9199,2240
32,11471,0,0.0,365,9225,2246
58,11529,0,0.0,366,9271,2258
7,11536,0,0.0,367,9277,2259
34,11570,0,0.0,368,9306,2264
17,11587,0,0.0,369,9316,2271
17,11604,0,0.0,370,9329,2275
26,11630,0,0.0,371,9354,2276
24,11654,0,0.0,372,9374,2280
20,11674,0,0.0,373,9391,2283
71,11745,0,0.0,374,9442,2303
61,11806,0,0.0,375,9494,2312
26,11832,0,0.0,376,9515,2317
16,11848,0,0.0,377,9525,2323
86,11934,0,0.0,378,9592,2342
13,11947,0,0.0,379,9602,2345
32,11979,0,0.0,380,9627,2352
17,11996,0,0.0,381,9639,2357
9,12005,0,0.0,382,9647,2358
8,12013,0,0.0,383,9655,2358
56,12069,0,0.0,384,9701,2368
100,12169,0,0.0,385,9775,2394
44,12213,0,0.0,386,9810,2403
35,12248,0,0.0,387,9837,2411
10,12258,0,0.0,388,9847,2411
22,12280,0,0.0,389,9863,2417
14,12294,0,0.0,390,9875,2419
36,12330,0,0.0,391,9901,2429
8,12338,0,0.0,392,9906,2432
36,12374,0,0.0,393,9939,2435
97,12471,0,0.0,394,10017,2454
42,12513,0,0.0,395,10053,2460
29,12542,0,0.0,396,10077,2465
28,12570,0,0.0,397,10100,2470
12,12582,0,0.0,398,10109,2473
100,12682,0,0.0,399,10185,2497
21,12703,0,0.0,400,10203,2500
100,12803,0,0.0,401,10284,2519
14,12817,0,0.0,402,10294,2523
50,12867,0,0.0,403,10337,2530
45,12912,0,0.0,404,10375,2537
31,12943,0,0.0,405,10397,2546
66,13009,0,0.0,406,10450,2559
50,13059,0,0.0,407,10489,2570
11,13070,0,0.0,408,10498,2572
71,13141,0,0.0,409,10553,2588
32,13173,0,0.0,410,10580,2593
67,13240,0,0.0,411,10637,2603
33,13273,0,0.0,412,10662,2611
33,13306,0,0.0,413,10691,2615
5,13311,0,0.0,414,10695,2616
18,13329,0,0.0,415,10707,2622
16,13345,0,0.0,416,10718,2627
27,13372,0,0.0,417,10739,2633
100,13472,0,0.0,418,10816,2656
31,13503,0,0.0,419,10840,2663
13,13516,0,0.0,420,10852,2664
44,13560,0,0.0,421,10891,2669
56,13616,0,0.0,422,10931,2685
19,13635,0,0.0,423,10947,2688
72,13707,0,0.0,424,11001,2706
14,13721,0,0.0,425,11010,2711
11,13732,0,0.0,426,11020,2712
17,13749,0,0.0,427,11033,2716
12,13761,0,0.0,428,11043,2718
9,13770,0,0.0,429,11050,2720
27,13797,0,0.0,430,11074,2723
17,13814,0,0.0,431,11084,2730
31,13845,0,0.0,432,11109,2736
7,13852,0,0.0,433,11114,2738
58,13910,0,0.0,434,11157,2753
27,13937,0,0.0,435,11181,2756
29,13966,0,0.0,436,11201,2765
28,13994,0,0.0,437,11218,2776
28,14022,0,0.0,438,11242,2780
14,14036,0,0.0,439,11254,2782
60,14096,0,0.0,440,11307,2789
45,14141,1,1.0,441,11348,2793
37,14178,1,0.0,442,11352,2826
33,14211,1,0.0,443,11357,2854
19,14230,1,0.0,444,11360,2870
31,14261,1,0.0,445,11363,2898
49,14310,1,0.0,446,11369,2941
9,14319,1,0.0,447,11372,2947
27,14346,1,0.0,448,11375,2971
6,14352,1,0.0,449,11376,2976
85,14437,1,0.0,450,11389,3048
32,14469,1,0.0,451,11395,3074
28,14497,1,0.0,452,11397,3100
31,14528,1,0.0,453,11400,3128
73,14601,1,0.0,454,11416,3185
36,14637,1,0.0,455,11419,3218
36,14673,1,0.0,456,11420,3253
44,14717,1,0.0,457,11424,3293
89,14806,1,0.0,458,11440,3366
6,14812,1,0.0,459,11442,3370
100,14912,1,0.0,460,11458,3454
30,14942,1,0.0,461,11463,3479
48,14990,1,0.0,462,11468,3522
69,15059,1,0.0,463,11474,3585
80,15139,1,0.0,464,11484,3655
38,15177,1,0.0,465,11489,3688
28,15205,1,0.0,466,11490,3715
28,15233,1,0.0,467,11498,3735
59,15292,1,0.0,468,11503,3789
45,15337,1,0.0,469,11510,3827
87,15424,1,0.0,470,11519,3905
43,15467,1,0.0,471,11526,3941
65,15532,1,0.0,472,11535,3997
18,15550,1,0.0,473,11538,4012
34,15584,1,0.0,474,11545,4039
32,15616,1,0.0,475,11550,4066
52,15668,1,0.0,476,11556,4112
23,15691,1,0.0,477,11558,4133
14,15705,1,0.0,478,11559,4146
10,15715,1,0.0,479,11560,4155
43,15758,1,0.0,480,11568,4190
19,15777,1,0.0,481,11569,4208
18,15795,1,0.0,482,11575,4220
88,15883,1,0.0,483,11583,4300
33,15916,1,0.0,484,11585,4331
10,15926,1,0.0,485,11586,4340
100,16026,1,0.0,486,11603,4423
13,16039,1,0.0,487,11606,4433
27,16066,1,0.0,488,11610,4456
22,16088,1,0.0,489,11613,4475
55,16143,1,0.0,490,11620,4523
32,16175,1,0.0,491,11623,4552
69,16244,1,0.0,492,11635,4609
17,16261,1,0.0,493,11636,4625
49,16310,1,0.0,494,11644,4666
23,16333,1,0.0,495,11650,4683
83,16416,1,0.0,496,11663,4753
16,16432,1,0.0,497,11669,4763
20,16452,1,0.0,498,11671,4781
45,16497,1,0.0,499,11675,4822
10,16507,1,0.0,500,11679,4828
76,16583,1,0.0,501,11686,4897
62,16645,1,0.0,502,11702,4943
30,16675,1,0.0,503,11706,4969
71,16746,1,0.0,504,11716,5030
26,16772,1,0.0,505,11721,5051
43,16815,1,0.0,506,11727,5088
28,16843,1,0.0,507,11729,5114
17,16860,1,0.0,508,11732,5128
20,16880,1,0.0,509,11734,5146
14,16894,1,0.0,510,11735,5159
7,16901,1,0.0,511,11735,5166
21,16922,1,0.0,512,11740,5182
28,16950,1,0.0,513,11744,5206
11,16961,1,0.0,514,11745,5216
63,17024,1,0.0,515,11753,5271
40,17064,1,0.0,516,11760,5304
12,17076,1,0.0,517,11761,5315
16,17092,1,0.0,518,11765,5327
43,17135,1,0.0,519,11773,5362
14,17149,1,0.0,520,11773,5376
33,17182,1,0.0,521,11775,5407
62,17244,1,0.0,522,11785,5459
31,17275,1,0.0,523,11789,5486
20,17295,1,0.0,524,11792,5503
36,17331,1,0.0,525,11795,5536
20,17351,1,0.0,526,11797,5554
22,17373,1,0.0,527,11799,5574
24,17397,1,0.0,528,11799,5598
67,17464,1,0.0,529,11814,5650
13,17477,1,0.0,530,11815,5662
26,17503,1,0.0,531,11817,5686
16,17519,1,0.0,532,11818,5701
31,17550,1,0.0,533,11822,5728
15,17565,1,0.0,534,11824,5741
34,17599,1,0.0,535,11830,5769
37,17636,1,0.0,536,11835,5801
26,17662,1,0.0,537,11839,5823
53,17715,1,0.0,538,11847,5868
56,17771,1,0.0,539,11857,5914
43,17814,1,0.0,540,11861,5953
65,17879,1,0.0,541,11868,6011
21,17900,1,0.0,542,11870,6030
35,17935,1,0.0,543,11874,6061
38,17973,1,0.0,544,11880,6093
63,18036,1,0.0,545,11885,6151
11,18047,1,0.0,546,11886,6161
27,18074,1,0.0,547,11889,6185
10,18084,1,0.0,548,11889,6195
26,18110,1,0.0,549,11894,6216
56,18166,1,0.0,550,11904,6262
14,18180,1,0.0,551,11905,6275
8,18188,1,0.0,552,11905,6283
19,18207,1,0.0,553,11906,6301
20,18227,1,0.0,554,11907,6320
26,18253,1,0.0,555,11910,6343
13,18266,1,0.0,556,11911,6355
10,18276,1,0.0,557,11912,6364
38,18314,1,0.0,558,11916,6398
23,18337,1,0.0,559,11919,6418
14,18351,1,0.0,560,11919,6432
10,18361,1,0.0,561,11920,6441
61,18422,1,0.0,562,11931,6491
35,18457,1,0.0,563,11936,6521
20,18477,1,0.0,564,11939,6538
10,18487,1,0.0,565,11941,6546
35,18522,1,0.0,566,11948,6574
12,18534,1,0.0,567,11949,6585
35,18569,1,0.0,568,11953,6616
40,18609,1,0.0,569,11956,6653
24,18633,1,0.0,570,11960,6673
26,18659,1,0.0,571,11961,6698
13,18672,1,0.0,572,11964,6708
19,18691,1,0.0,573,11966,6725
64,18755,1,0.0,574,11973,6782
18,18773,1,0.0,575,11978,6795
23,18796,1,0.0,576,11982,6814
13,18809,1,0.0,577,11985,6824
100,18909,1,0.0,578,11997,6912
20,18929,1,0.0,579,11999,6930
47,18976,1,0.0,580,12003,6973
42,19018,1,0.0,581,12011,7007
31,19049,1,0.0,582,12016,7033
18,19067,1,0.0,583,12019,7048
58,19125,1,0.0,584,12026,7099
7,19132,1,0.0,585,12027,7105
22,19154,1,0.0,586,12030,7124
19,19173,1,0.0,587,12033,7140
19,19192,1,0.0,588,12033,7159
8,19200,1,0.0,589,12035,7165
12,19212,1,0.0,590,12037,7175
21,19233,1,0.0,591,12037,7196
29,19262,1,0.0,592,12042,7220
25,19287,1,0.0,593,12048,7239
15,19302,1,0.0,594,12052,7250
40,19342,1,0.0,595,12058,7284
68,19410,1,0.0,596,12066,7344
9,19419,1,0.0,597,12067,7352
10,19429,1,0.0,598,12067,7362
7,19436,1,0.0,599,12067,7369
49,19485,1,0.0,600,12075,7410
20,19505,1,0.0,601,12078,7427
33,19538,1,0.0,602,12081,7457
63,19601,1,0.0,603,12088,7513
15,19616,1,0.0,604,12092,7524
12,19628,1,0.0,605,12095,7533
19,19647,1,0.0,606,12098,7549
10,19657,1,0.0,607,12099,7558
58,19715,1,0.0,608,12109,7606
8,19723,1,0.0,609,12110,7613
27,19750,1,0.0,610,12116,7634
15,19765,1,0.0,611,12117,7648
6,19771,1,0.0,612,12117,7654
55,19826,1,0.0,613,12123,7703
18,19844,1,0.0,614,12124,7720
24,19868,1,0.0,615,12126,7742
42,19910,1,0.0,616,12132,7778
26,19936,1,0.0,617,12135,7801
45,19981,1,0.0,618,12144,7837
47,20028,1,0.0,619,12151,7877
47,20075,1,0.0,620,12155,7920
15,20090,1,0.0,621,12157,7933
77,20167,1,0.0,622,12164,8003
45,20212,1,0.0,623,12173,8039
47,20259,1,0.0,624,12176,8083
11,20270,1,0.0,625,12176,8094
33,20303,1,0.0,626,12177,8126
39,20342,1,0.0,627,12183,8159
31,20373,1,0.0,628,12188,8185
19,20392,1,0.0,629,12192,8200
28,20420,1,0.0,630,12195,8225
33,20453,1,0.0,631,12196,8257
21,20474,1,0.0,632,12198,8276
31,20505,1,0.0,633,12199,8306
11,20516,1,0.0,634,12202,8314
50,20566,1,0.0,635,12210,8356
12,20578,1,0.0,636,12211,8367
41,20619,1,0.0,637,12218,8401
23,20642,1,0.0,638,12221,8421
31,20673,1,0.0,639,12225,8448
24,20697,1,0.0,640,12231,8466
53,20750,1,0.0,641,12236,8514
31,20781,1,0.0,642,12240,8541
31,20812,1,0.0,643,12246,8566
52,20864,1,0.0,644,12260,8604
41,20905,1,0.0,645,12267,8638
13,20918,1,0.0,646,12268,8650
18,20936,1,0.0,647,12269,8667
16,20952,1,0.0,648,12271,8681
48,21000,1,0.0,649,12277,8723
23,21023,1,0.0,650,12281,8742
5,21028,1,0.0,651,12281,8747
55,21083,1,0.0,652,12291,8792
29,21112,1,0.0,653,12295,8817
14,21126,1,0.0,654,12297,8829
23,21149,1,0.0,655,12301,8848
23,21172,1,0.0,656,12303,8869
40,21212,1,0.0,657,12310,8902
29,21241,1,0.0,658,12312,8929
45,21286,1,0.0,659,12322,8964
35,21321,1,0.0,660,12328,8993
25,21346,1,0.0,661,12332,9014
9,21355,1,0.0,662,12332,9023
100,21455,1,0.0,663,12349,9106
19,21474,1,0.0,664,12350,9124
20,21494,1,0.0,665,12352,9142
35,21529,1,0.0,666,12359,9170
49,21578,1,0.0,667,12372,9206
27,21605,1,0.0,668,12374,9231
28,21633,1,0.0,669,12375,9258
35,21668,1,0.0,670,12381,9287
13,21681,1,0.0,671,12382,9299
20,21701,1,0.0,672,12383,9318
27,21728,1,0.0,673,12387,9341
9,21737,1,0.0,674,12388,9349
29,21766,1,0.0,675,12392,9374
20,21786,1,0.0,676,12398,9388
28,21814,1,0.0,677,12403,9411
34,21848,1,0.0,678,12407,9441
12,21860,1,0.0,679,12410,9450
35,21895,1,0.0,680,12412,9483
60,21955,1,0.0,681,12424,9531
28,21983,1,0.0,682,12431,9552
11,21994,1,0.0,683,12434,9560
5,21999,1,0.0,684,12434,9565
27,22026,1,0.0,685,12441,9585
43,22069,1,0.0,686,12444,9625
18,22087,1,0.0,687,12448,9639
35,22122,1,0.0,688,12451,9671
33,22155,1,0.0,689,12454,9701
27,22182,1,0.0,690,12461,9721
8,22190,1,0.0,691,12463,9727
22,22212,1,0.0,692,12467,9745
10,22222,1,0.0,693,12469,9753
53,22275,1,0.0,694,12478,9797
22,22297,1,0.0,695,12484,9813
47,22344,1,0.0,696,12486,9858
42,22386,1,0.0,697,12491,9895
22,22408,1,0.0,698,12494,9914
27,22435,1,0.0,699,12499,9936
30,22465,1,0.0,700,12503,9962
61,22526,1,0.0,701,12509,10017
12,22538,1,0.0,702,12510,10028
33,22571,1,0.0,703,12512,10059
9,22580,1,0.0,704,12513,10067
54,22634,1,0.0,705,12522,10112
65,22699,1,0.0,706,12531,10168
6,22705,1,0.0,707,12533,10172
31,22736,1,0.0,708,12535,10201
33,22769,1,0.0,709,12538,10231
57,22826,1,0.0,710,12543,10283
23,22849,1,0.0,711,12543,10306
39,22888,1,0.0,712,12550,10338
13,22901,1,0.0,713,12553,10348
20,22921,1,0.0,714,12558,10363
44,22965,1,0.0,715,12563,10402
36,23001,1,0.0,716,12567,10434
6,23007,1,0.0,717,12567,10440
16,23023,1,0.0,718,12569,10454
56,23079,1,0.0,719,12574,10505
53,23132,1,0.0,720,12578,10554
34,23166,1,0.0,721,12583,10583
20,23186,1,0.0,722,12586,10600
84,23270,1,0.0,723,12598,10672
17,23287,1,0.0,724,12602,10685
40,23327,1,0.0,725,12606,10721
18,23345,1,0.0,726,12609,10736
51,23396,1,0.0,727,12611,10785
13,23409,1,0.0,728,12614,10795
13,23422,1,0.0,729,12617,10805
34,23456,1,0.0,730,12621,10835
11,23467,1,0.0,731,12624,10843
57,23524,1,0.0,732,12629,10895
21,23545,1,0.0,733,12630,10915
17,23562,1,0.0,734,12636,10926
14,23576,1,0.0,735,12639,10937
38,23614,1,0.0,736,12645,10969
29,23643,1,0.0,737,12647,10996
11,23654,1,0.0,738,12649,11005
26,23680,1,0.0,739,12653,11027
6,23686,1,0.0,740,12654,11032
50,23736,1,0.0,741,12661,11075
11,23747,1,0.0,742,12661,11086
48,23795,1,0.0,743,12667,11128
24,23819,1,0.0,744,12670,11149
16,23835,1,0.0,745,12671,11164
30,23865,1,0.0,746,12674,11191
80,23945,1,0.0,747,12687,11258
98,24043,1,0.0,748,12699,11344
16,24059,1,0.0,749,12700,11359
19,24078,1,0.0,750,12702,11376
21,24099,1,0.0,751,12705,11394
24,24123,1,0.0,752,12707,11416
10,24133,1,0.0,753,12707,11426
14,24147,1,0.0,754,12708,11439
25,24172,1,0.0,755,12715,11457
37,24209,1,0.0,756,12721,11488
23,24232,1,0.0,757,12728,11504
100,24332,1,0.0,758,12741,11591
25,24357,1,0.0,759,12746,11611
21,24378,1,0.0,760,12749,11629
39,24417,1,0.0,761,12751,11666
18,24435,1,0.0,762,12751,11684
22,24457,1,0.0,763,12753,11704
15,24472,1,0.0,764,12755,11717
14,24486,1,0.0,765,12758,11728
12,24498,1,0.0,766,12761,11737
30,24528,1,0.0,767,12764,11764
9,24537,1,0.0,768,12765,11772
26,24563,1,0.0,769,12768,11795
56,24619,1,0.0,770,12773,11846
32,24651,1,0.0,771,12777,11874
28,24679,1,0.0,772,12781,11898
27,24706,1,0.0,773,12783,11923
25,24731,1,0.0,774,12786,11945
24,24755,1,0.0,775,12786,11969
13,24768,1,0.0,776,12788,11980
11,24779,1,0.0,777,12788,11991
18,24797,1,0.0,778,12790,12007
41,24838,1,0.0,779,12793,12045
8,24846,1,0.0,780,12794,12052
30,24876,1,0.0,781,12799,12077
49,24925,1,0.0,782,12806,12119
55,24980,1,0.0,783,12818,12162
44,25024,1,0.0,784,12823,12201
42,25066,1,0.0,785,12827,12239
27,25093,1,0.0,786,12830,12263
31,25124,1,0.0,787,12837,12287
25,25149,1,0.0,788,12840,12309
16,25165,1,0.0,789,12843,12322
12,25177,1,0.0,790,12846,12331
33,25210,1,0.0,791,12847,12363
41,25251,1,0.0,792,12853,12398
27,25278,1,0.0,793,12854,12424
7,25285,1,0.0,794,12855,12430
25,25310,1,0.0,795,12858,12452
81,25391,1,0.0,796,12871,12520
26,25417,1,0.0,797,12876,12541
5,25422,1,0.0,798,12877,12545
10,25432,1,0.0,799,12877,12555
9,25441,1,0.0,800,12879,12562
28,25469,1,0.0,801,12883,12586
27,25496,1,0.0,802,12887,12609
24,25520,1,0.0,803,12893,12627
11,25531,1,0.0,804,12894,12637
21,25552,1,0.0,805,12897,12655
34,25586,1,0.0,806,12902,12684
24,25610,1,0.0,807,12903,12707
87,25697,1,0.0,808,12913,12784
15,25712,1,0.0,809,12913,12799
50,25762,1,0.0,810,12922,12840
11,25773,1,0.0,811,12923,12850
40,25813,1,0.0,812,12932,12881
71,25884,1,0.0,813,12938,12946
18,25902,1,0.0,814,12939,12963
5,25907,1,0.0,815,12939,12968
59,25966,1,0.0,816,12949,13017
7,25973,1,0.0,817,12949,13024
23,25996,1,0.0,818,12954,13042
59,26055,1,0.0,819,12966,13089
10,26065,1,0.0,820,12967,13098
26,26091,1,0.0,821,12970,13121
14,26105,1,0.0,822,12972,13133
62,26167,1,0.0,823,12977,13190
74,26241,1,0.0,824,12986,13255
11,26252,1,0.0,825,12986,13266
55,26307,1,0.0,826,12997,13310
77,26384,1,0.0,827,13005,13379
22,26406,1,0.0,828,13006,13400
9,26415,1,0.0,829,13007,13408
7,26422,1,0.0,830,13007,13415
19,26441,1,0.0,831,13008,13433
59,26500,1,0.0,832,13016,13484
32,26532,1,0.0,833,13020,13512
12,26544,1,0.0,834,13021,13523
83,26627,1,0.0,835,13027,13600
14,26641,1,0.0,836,13028,13613
36,26677,1,0.0,837,13033,13644
21,26698,1,0.0,838,13037,13661
94,26792,1,0.0,839,13046,13746
57,26849,1,0.0,840,13057,13792
19,26868,1,0.0,841,13058,13810
89,26957,1,0.0,842,13072,13885
43,27000,1,0.0,843,13076,13924
14,27014,1,0.0,844,13077,13937
40,27054,1,0.0,845,13081,13973
19,27073,1,0.0,846,13082,13991
21,27094,1,0.0,847,13084,14010
32,27126,1,0.0,848,13088,14038
10,27136,1,0.0,849,13090,14046
35,27171,1,0.0,850,13098,14073
23,27194,1,0.0,851,13100,14094
22,27216,1,0.0,852,13101,14115
53,27269,1,0.0,853,13105,14164
14,27283,1,0.0,854,13106,14177
44,27327,1,0.0,855,13115,14212
17,27344,1,0.0,856,13119,14225
14,27358,1,0.0,857,13121,14237
22,27380,1,0.0,858,13122,14258
97,27477,1,0.0,859,13138,14339
45,27522,1,0.0,860,13142,14380
48,27570,1,0.0,861,13145,14425
14,27584,1,0.0,862,13147,14437
28,27612,1,0.0,863,13151,14461
42,27654,1,0.0,864,13157,14497
69,27723,1,0.0,865,13171,14552
31,27754,1,0.0,866,13175,14579
27,27781,1,0.0,867,13178,14603
22,27803,1,0.0,868,13182,14621
22,27825,1,0.0,869,13186,14639
26,27851,1,0.0,870,13190,14661
33,27884,1,0.0,871,13194,14690
5,27889,1,0.0,872,13194,14695
15,27904,1,0.0,873,13196,14708
41,27945,1,0.0,874,13203,14742
25,27970,1,0.0,875,13205,14765
48,28018,1,0.0,876,13210,14808
9,28027,1,0.0,877,13210,14817
48,28075,1,0.0,878,13217,14858
13,28088,1,0.0,879,13218,14870
51,28139,1,0.0,880,13227,14912
17,28156,1,0.0,881,13228,14928
46,28202,1,0.0,882,13234,14968
16,28218,1,0.0,883,13240,14978
10,28228,1,0.0,884,13240,14988
39,28267,1,0.0,885,13245,15022
23,28290,1,0.0,886,13246,15044
41,28331,1,0.0,887,13248,15083
33,28364,1,0.0,888,13251,15113
20,28384,1,0.0,889,13255,15129
23,28407,1,0.0,890,13259,15148
8,28415,1,0.0,891,13260,15155
25,28440,1,0.0,892,13262,15178
5,28445,1,0.0,893,13262,15183
55,28500,1,0.0,894,13273,15227
17,28517,1,0.0,895,13276,15241
24,28541,1,0.0,896,13279,15262
6,28547,1,0.0,897,13279,15268
30,28577,1,0.0,898,13281,15296
31,28608,1,0.0,899,13288,15320
52,28660,1,0.0,900,13295,15365
21,28681,1,0.0,901,13298,15383
27,28708,1,0.0,902,13303,15405
79,28787,1,0.0,903,13314,15473
21,28808,1,0.0,904,13318,15490
55,28863,1,0.0,905,13328,15535
20,28883,1,0.0,906,13332,15551
40,28923,1,0.0,907,13341,15582
29,28952,1,0.0,908,13347,15605
41,28993,1,0.0,909,13354,15639
40,29033,1,0.0,910,13357,15676
34,29067,1,0.0,911,13363,15704
10,29077,1,0.0,912,13367,15710
75,29152,1,0.0,913,13375,15777
16,29168,1,0.0,914,13375,15793
64,29232,1,0.0,915,13383,15849
24,29256,1,0.0,916,13385,15871
17,29273,1,0.0,917,13385,15888
25,29298,1,0.0,918,13390,15908
40,29338,1,0.0,919,13399,15939
43,29381,1,0.0,920,13401,15980
50,29431,1,0.0,921,13408,16023
100,29531,1,0.0,922,13418,16113
28,29559,1,0.0,923,13423,16136
18,29577,1,0.0,924,13426,16151
19,29596,1,0.0,925,13428,16168
53,29649,1,0.0,926,13441,16208
39,29688,1,0.0,927,13446,16242
22,29710,1,0.0,928,13449,16261
13,29723,1,0.0,929,13451,16272
93,29816,2,1.0,930,13459,16357
8,29824,2,0.0,931,13459,16365
10,29834,2,0.0,932,13459,16375
11,29845,2,0.0,933,13459,16386
16,29861,2,0.0,934,13459,16402
19,29880,2,0.0,935,13460,16420
37,29917,2,0.0,936,13463,16454
5,29922,2,0.0,937,13463,16459
18,29940,2,0.0,938,13464,16476
86,30026,2,0.0,939,13467,16559
48,30074,2,0.0,940,13468,16606
17,30091,2,0.0,941,13469,16622
16,30107,2,0.0,942,13469,16638
9,30116,2,0.0,943,13469,16647
18,30134,2,0.0,944,13470,16664
34,30168,2,0.0,945,13471,16697
25,30193,2,0.0,946,13471,16722
37,30230,2,0.0,947,13473,16757
15,30245,2,0.0,948,13474,16771
9,30254,2,0.0,949,13474,16780
26,30280,2,0.0,950,13475,16805
7,30287,2,0.0,951,13475,16812
24,30311,2,0.0,952,13477,16834
14,30325,2,0.0,953,13478,16847
28,30353,2,0.0,954,13479,16874
24,30377,2,0.0,955,13481,16896
18,30395,2,0.0,956,13482,16913
44,30439,2,0.0,957,13484,16955
52,30491,2,0.0,958,13487,17004
79,30570,2,0.0,959,13490,17080
27,30597,2,0.0,960,13491,17106
18,30615,2,0.0,961,13492,17123
60,30675,2,0.0,962,13496,17179
10,30685,2,0.0,963,13496,17189
23,30708,2,0.0,964,13497,17211
21,30729,2,0.0,965,13497,17232
12,30741,2,0.0,966,13497,17244
54,30795,2,0.0,967,13501,17294
27,30822,2,0.0,968,13502,17320
8,30830,2,0.0,969,13502,17328
38,30868,2,0.0,970,13505,17363
51,30919,2,0.0,971,13506,17413
7,30926,2,0.0,972,13507,17419
60,30986,2,0.0,973,13509,17477
100,31086,2,0.0,974,13516,17570
15,31101,2,0.0,975,13517,17584
32,31133,2,0.0,976,13519,17614
38,31171,2,0.0,977,13521,17650
19,31190,2,0.0,978,13522,17668
27,31217,2,0.0,979,13522,17695
16,31233,2,0.0,980,13522,17711
12,31245,2,0.0,981,13522,17723
8,31253,2,0.0,982,13522,17731
33,31286,2,0.0,983,13524,17762
30,31316,2,0.0,984,13525,17791
69,31385,2,0.0,985,13526,17859
100,31485,2,0.0,986,13530,17955
10,31495,2,0.0,987,13530,17965
13,31508,2,0.0,988,13531,17977
35,31543,2,0.0,989,13532,18011
15,31558,2,0.0,990,13532,18026
11,31569,2,0.0,991,13533,18036
19,31588,2,0.0,992,13534,18054
85,31673,2,0.0,993,13537,18136
17,31690,2,0.0,994,13538,18152
12,31702,2,0.0,995,13538,18164
15,31717,2,0.0,996,13539,18178
24,31741,2,0.0,997,13542,18199
8,31749,2,0.0,998,13542,18207
45,31794,2,0.0,999,13543,18251
74,31868,2,0.0,1000,13544,18324
11,31879,2,0.0,1001,13544,18335
15,31894,2,0.0,1002,13545,18349
55,31949,2,0.0,1003,13548,18401
29,31978,2,0.0,1004,13551,18427
9,31987,2,0.0,1005,13552,18435
11,31998,2,0.0,1006,13552,18446
100,32098,2,0.0,1007,13553,18545
13,32111,2,0.0,1008,13554,18557
19,32130,2,0.0,1009,13554,18576
32,32162,2,0.0,1010,13555,18607
7,32169,2,0.0,1011,13555,18614
42,32211,2,0.0,1012,13557,18654
10,32221,2,0.0,1013,13557,18664
30,32251,2,0.0,1014,13559,18692
43,32294,2,0.0,1015,13561,18733
39,32333,2,0.0,1016,13561,18772
14,32347,2,0.0,1017,13562,18785
6,32353,2,0.0,1018,13563,18790
32,32385,2,0.0,1019,13566,18819
25,32410,2,0.0,1020,13567,18843
16,32426,2,0.0,1021,13568,18858
37,32463,2,0.0,1022,13568,18895
100,32563,2,0.0,1023,13572,18991
18,32581,2,0.0,1024,13573,19008
17,32598,2,0.0,1025,13573,19025
75,32673,2,0.0,1026,13576,19097
61,32734,2,0.0,1027,13578,19156
40,32774,2,0.0,1028,13580,19194
11,32785,2,0.0,1029,13580,19205
34,32819,2,0.0,1030,13583,19236
88,32907,2,0.0,1031,13586,19321
45,32952,2,0.0,1032,13587,19365
74,33026,2,0.0,1033,13589,19437
17,33043,2,0.0,1034,13590,19453
20,33063,2,0.0,1035,13590,19473
29,33092,2,0.0,1036,13590,19502
49,33141,2,0.0,1037,13593,19548
14,33155,2,0.0,1038,13594,19561
24,33179,2,0.0,1039,13596,19583
32,33211,2,0.0,1040,13597,19614
37,33248,2,0.0,1041,13598,19650
11,33259,2,0.0,1042,13600,19659
23,33282,2,0.0,1043,13603,19679
13,33295,2,0.0,1044,13604,19691
9,33304,2,0.0,1045,13604,19700
51,33355,2,0.0,1046,13605,19750
28,33383,2,0.0,1047,13606,19777
25,33408,2,0.0,1048,13607,19801
70,33478,2,0.0,1049,13610,19868
32,33510,2,0.0,1050,13613,19897
19,33529,2,0.0,1051,13613,19916
73,33602,2,0.0,1052,13617,19985
24,33626,2,0.0,1053,13620,20006
26,33652,2,0.0,1054,13623,20029
17,33669,2,0.0,1055,13623,20046
100,33769,2,0.0,1056,13628,20141
42,33811,2,0.0,1057,13630,20181
11,33822,2,0.0,1058,13630,20192
30,33852,2,0.0,1059,13631,20221
35,33887,2,0.0,1060,13633,20254
20,33907,2,0.0,1061,13633,20274
47,33954,2,0.0,1062,13636,20318
89,34043,2,0.0,1063,13640,20403
15,34058,2,0.0,1064,13641,20417
50,34108,2,0.0,1065,13642,20466
16,34124,2,0.0,1066,13642,20482
18,34142,2,0.0,1067,13643,20499
14,34156,2,0.0,1068,13643,20513
75,34231,2,0.0,1069,13645,20586
5,34236,2,0.0,1070,13645,20591
22,34258,2,0.0,1071,13646,20612
24,34282,2,0.0,1072,13646,20636
17,34299,2,0.0,1073,13646,20653
15,34314,2,0.0,1074,13647,20667
12,34326,2,0.0,1075,13647,20679
38,34364,2,0.0,1076,13648,20716
33,34397,2,0.0,1077,13649,20748
41,34438,2,0.0,1078,13650,20788
26,34464,2,0.0,1079,13652,20812
15,34479,2,0.0,1080,13653,20826
21,34500,2,0.0,1081,13653,20847
98,34598,2,0.0,1082,13661,20937
29,34627,2,0.0,1083,13663,20964
96,34723,2,0.0,1084,13668,21055
17,34740,2,0.0,1085,13669,21071
30,34770,2,0.0,1086,13671,21099
11,34781,2,0.0,1087,13672,21109
64,34845,2,0.0,1088,13674,21171
100,34945,2,0.0,1089,13680,21265
53,34998,2,0.0,1090,13680,21318
23,35021,2,0.0,1091,13681,21340
30,35051,2,0.0,1092,13682,21369
40,35091,2,0.0,1093,13685,21406
29,35120,2,0.0,1094,13685,21435
20,35140,2,0.0,1095,13685,21455
100,35240,2,0.0,1096,13688,21552
13,35253,2,0.0,1097,13688,21565
14,35267,2,0.0,1098,13689,21578
47,35314,2,0.0,1099,13691,21623
7,35321,2,0.0,1100,13691,21630
16,35337,2,0.0,1101,13691,21646
58,35395,2,0.0,1102,13693,21702
9,35404,2,0.0,1103,13693,21711
17,35421,2,0.0,1104,13693,21728
22,35443,2,0.0,1105,13695,21748
58,35501,2,0.0,1106,13698,21803
54,35555,2,0.0,1107,13702,21853
19,35574,2,0.0,1108,13702,21872
50,35624,2,0.0,1109,13706,21918
13,35637,2,0.0,1110,13706,21931
59,35696,2,0.0,1111,13710,21986
24,35720,2,0.0,1112,13710,22010
19,35739,2,0.0,1113,13712,22027
28,35767,2,0.0,1114,13712,22055
17,35784,2,0.0,1115,13713,22071
40,35824,2,0.0,1116,13714,22110
55,35879,2,0.0,1117,13715,22164
18,35897,2,0.0,1118,13716,22181
15,35912,2,0.0,1119,13717,22195
17,35929,2,0.0,1120,13717,22212
7,35936,2,0.0,1121,13717,22219
10,35946,2,0.0,1122,13717,22229
9,35955,2,0.0,1123,13719,22236
15,35970,2,0.0,1124,13719,22251
11,35981,2,0.0,1125,13719,22262
87,36068,2,0.0,1126,13721,22347
34,36102,2,0.0,1127,13723,22379
15,36117,2,0.0,1128,13723,22394
25,36142,2,0.0,1129,13725,22417
42,36184,2,0.0,1130,13728,22456
24,36208,2,0.0,1131,13728,22480
33,36241,2,0.0,1132,13729,22512
38,36279,2,0.0,1133,13730,22549
33,36312,2,0.0,1134,13730,22582
57,36369,2,0.0,1135,13733,22636
22,36391,2,0.0,1136,13734,22657
29,36420,2,0.0,1137,13736,22684
9,36429,2,0.0,1138,13736,22693
53,36482,2,0.0,1139,13739,22743
11,36493,2,0.0,1140,13739,22754
11,36504,2,0.0,1141,13739,22765
27,36531,2,0.0,1142,13739,22792
17,36548,2,0.0,1143,13739,22809
33,36581,2,0.0,1144,13739,22842
35,36616,2,0.0,1145,13742,22874
41,36657,2,0.0,1146,13746,22911
16,36673,2,0.0,1147,13746,22927
9,36682,2,0.0,1148,13746,22936
21,36703,2,0.0,1149,13746,22957
10,36713,2,0.0,1150,13747,22966
52,36765,2,0.0,1151,13748,23017
68,36833,2,0.0,1152,13751,23082
48,36881,2,0.0,1153,13753,23128
28,36909,2,0.0,1154,13754,23155
17,36926,2,0.0,1155,13755,23171
18,36944,2,0.0,1156,13755,23189
7,36951,2,0.0,1157,13756,23195
24,36975,2,0.0,1158,13758,23217
14,36989,2,0.0,1159,13758,23231
45,37034,2,0.0,1160,13760,23274
28,37062,2,0.0,1161,13760,23302
9,37071,2,0.0,1162,13761,23310
10,37081,2,0.0,1163,13761,23320
15,37096,2,0.0,1164,13763,23333
62,37158,2,0.0,1165,13764,23394
31,37189,2,0.0,1166,13764,23425
44,37233,2,0.0,1167,13767,23466
17,37250,2,0.0,1168,13767,23483
19,37269,2,0.0,1169,13767,23502
21,37290,2,0.0,1170,13770,23520
52,37342,3,1.0,1171,13772,23570
62,37404,3,0.0,1172,13772,23632
58,37462,3,0.0,1173,13773,23689
10,37472,3,0.0,1174,13773,23699
26,37498,3,0.0,1175,13774,23724
11,37509,3,0.0,1176,13774,23735
16,37525,3,0.0,1177,13774,23751
29,37554,3,0.0,1178,13776,23778
89,37643,3,0.0,1179,13777,23866
31,37674,3,0.0,1180,13777,23897
35,37709,3,0.0,1181,13777,23932
18,37727,3,0.0,1182,13777,23950
100,37827,3,0.0,1183,13781,24046
9,37836,3,0.0,1184,13781,24055
13,37849,3,0.0,1185,13781,24068
24,37873,3,0.0,1186,13782,24091
9,37882,3,0.0,1187,13782,24100
29,37911,3,0.0,1188,13782,24129
25,37936,3,0.0,1189,13782,24154
35,37971,3,0.0,1190,13786,24185
10,37981,3,0.0,1191,13786,24195
100,38081,3,0.0,1192,13788,24293
32,38113,3,0.0,1193,13788,24325
12,38125,3,0.0,1194,13788,24337
59,38184,3,0.0,1195,13789,24395
70,38254,3,0.0,1196,13795,24459
21,38275,3,0.0,1197,13795,24480
61,38336,3,0.0,1198,13796,24540
54,38390,3,0.0,1199,13797,24593
39,38429,3,0.0,1200,13798,24631
12,38441,3,0.0,1201,13798,24643
31,38472,3,0.0,1202,13798,24674
19,38491,3,0.0,1203,13798,24693
15,38506,3,0.0,1204,13798,24708
55,38561,3,0.0,1205,13799,24762
42,38603,3,0.0,1206,13800,24803
15,38618,3,0.0,1207,13800,24818
41,38659,3,0.0,1208,13803,24856
9,38668,3,0.0,1209,13803,24865
41,38709,3,0.0,1210,13804,24905
18,38727,3,0.0,1211,13804,24923
10,38737,3,0.0,1212,13804,24933
11,38748,3,0.0,1213,13805,24943
46,38794,3,0.0,1214,13806,24988
9,38803,3,0.0,1215,13806,24997
17,38820,3,0.0,1216,13808,25012
22,38842,3,0.0,1217,13809,25033
50,38892,3,0.0,1218,13811,25081
14,38906,3,0.0,1219,13811,25095
35,38941,3,0.0,1220,13811,25130
42,38983,3,0.0,1221,13811,25172
49,39032,3,0.0,1222,13813,25219
84,39116,3,0.0,1223,13816,25300
12,39128,3,0.0,1224,13816,25312
24,39152,3,0.0,1225,13817,25335
60,39212,3,0.0,1226,13819,25393
31,39243,3,0.0,1227,13820,25423
54,39297,3,0.0,1228,13821,25476
30,39327,3,0.0,1229,13821,25506
31,39358,3,0.0,1230,13822,25536
31,39389,3,0.0,1231,13824,25565
15,39404,3,0.0,1232,13825,25579
28,39432,3,0.0,1233,13826,25606
51,39483,3,0.0,1234,13826,25657
27,39510,3,0.0,1235,13826,25684
53,39563,3,0.0,1236,13827,25736
41,39604,3,0.0,1237,13827,25777
12,39616,3,0.0,1238,13827,25789
35,39651,3,0.0,1239,13829,25822
74,39725,3,0.0,1240,13830,25895
43,39768,3,0.0,1241,13830,25938
17,39785,3,0.0,1242,13830,25955
20,39805,3,0.0,1243,13830,25975
11,39816,3,0.0,1244,13830,25986
44,39860,3,0.0,1245,13831,26029
13,39873,3,0.0,1246,13831,26042
36,39909,3,0.0,1247,13833,26076
71,39980,3,0.0,1248,13835,26145
8,39988,3,0.0,1249,13836,26152
37,40025,3,0.0,1250,13837,26188
39,40064,3,0.0,1251,13840,26224
18,40082,3,0.0,1252,13842,26240
31,40113,3,0.0,1253,13844,26269
27,40140,3,0.0,1254,13845,26295
18,40158,3,0.0,1255,13846,26312
50,40208,3,0.0,1256,13846,26362
20,40228,3,0.0,1257,13847,26381
17,40245,3,0.0,1258,13847,26398
18,40263,3,0.0,1259,13848,26415
41,40304,3,0.0,1260,13849,26455
29,40333,3,0.0,1261,13850,26483
26,40359,3,0.0,1262,13852,26507
48,40407,3,0.0,1263,13854,26553
55,40462,3,0.0,1264,13856,26606
8,40470,3,0.0,1265,13856,26614
38,40508,3,0.0,1266,13858,26650
20,40528,3,0.0,1267,13858,26670
13,40541,3,0.0,1268,13858,26683
14,40555,3,0.0,1269,13858,26697
23,40578,3,0.0,1270,13858,26720
42,40620,3,0.0,1271,13859,26761
40,40660,3,0.0,1272,13859,26801
10,40670,3,0.0,1273,13860,26810
58,40728,3,0.0,1274,13860,26868
55,40783,3,0.0,1275,13860,26923
41,40824,3,0.0,1276,13860,26964
30,40854,3,0.0,1277,13861,26993
50,40904,3,0.0,1278,13864,27040
10,40914,3,0.0,1279,13864,27050
16,40930,3,0.0,1280,13864,27066
20,40950,3,0.0,1281,13864,27086
33,40983,3,0.0,1282,13864,27119
10,40993,3,0.0,1283,13866,27127
54,41047,3,0.0,1284,13867,27180
33,41080,3,0.0,1285,13868,27212
24,41104,3,0.0,1286,13868,27236
15,41119,3,0.0,1287,13869,27250
29,41148,3,0.0,1288,13870,27278
7,41155,3,0.0,1289,13871,27284
42,41197,3,0.0,1290,13871,27326
49,41246,3,0.0,1291,13872,27374
6,41252,3,0.0,1292,13872,27380
51,41303,3,0.0,1293,13872,27431
64,41367,3,0.0,1294,13873,27494
15,41382,3,0.0,1295,13873,27509
37,41419,3,0.0,1296,13874,27545
12,41431,3,0.0,1297,13875,27556
48,41479,3,0.0,1298,13875,27604
30,41509,3,0.0,1299,13876,27633
7,41516,3,0.0,1300,13876,27640
32,41548,3,0.0,1301,13877,27671
38,41586,3,0.0,1302,13877,27709
27,41613,3,0.0,1303,13881,27732
31,41644,3,0.0,1304,13882,27762
22,41666,3,0.0,1305,13882,27784
36,41702,3,0.0,1306,13884,27818
12,41714,3,0.0,1307,13884,27830
17,41731,3,0.0,1308,13885,27846
9,41740,3,0.0,1309,13887,27853
33,41773,3,0.0,1310,13890,27883
69,41842,3,0.0,1311,13893,27949
40,41882,3,0.0,1312,13893,27989
37,41919,3,0.0,1313,13894,28025
25,41944,3,0.0,1314,13894,28050
42,41986,3,0.0,1315,13895,28091
20,42006,3,0.0,1316,13898,28108
16,42022,3,0.0,1317,13899,28123
10,42032,3,0.0,1318,13899,28133
18,42050,3,0.0,1319,13899,28151
100,42150,3,0.0,1320,13901,28249
53,42203,3,0.0,1321,13901,28302
72,42275,3,0.0,1322,13903,28372
23,42298,3,0.0,1323,13904,28394
30,42328,3,0.0,1324,13904,28424
31,42359,3,0.0,1325,13906,28453
84,42443,3,0.0,1326,13909,28534
18,42461,3,0.0,1327,13909,28552
20,42481,3,0.0,1328,13909,28572
59,42540,3,0.0,1329,13911,28629
51,42591,3,0.0,1330,13913,28678
41,42632,3,0.0,1331,13913,28719
72,42704,3,0.0,1332,13917,28787
8,42712,3,0.0,1333,13917,28795
11,42723,3,0.0,1334,13917,28806
11,42734,3,0.0,1335,13919,28815
8,42742,3,0.0,1336,13919,28823
10,42752,3,0.0,1337,13919,28833
11,42763,3,0.0,1338,13919,28844
16,42779,3,0.0,1339,13920,28859
36,42815,3,0.0,1340,13924,28891
28,42843,3,0.0,1341,13925,28918
86,42929,3,0.0,1342,13925,29004
22,42951,3,0.0,1343,13925,29026
16,42967,3,0.0,1344,13926,29041
10,42977,3,0.0,1345,13926,29051
30,43007,3,0.0,1346,13926,29081
17,43024,3,0.0,1347,13926,29098
21,43045,3,0.0,1348,13926,29119
17,43062,3,0.0,1349,13926,29136
31,43093,3,0.0,1350,13926,29167
38,43131,3,0.0,1351,13927,29204
18,43149,3,0.0,1352,13927,29222
100,43249,3,0.0,1353,13927,29322
40,43289,3,0.0,1354,13927,29362
13,43302,3,0.0,1355,13927,29375
21,43323,3,0.0,1356,13928,29395
51,43374,3,0.0,1357,13929,29445
34,43408,3,0.0,1358,13930,29478
32,43440,3,0.0,1359,13930,29510
21,43461,3,0.0,1360,13930,29531
100,43561,3,0.0,1361,13931,29630
51,43612,3,0.0,1362,13931,29681
17,43629,3,0.0,1363,13931,29698
12,43641,3,0.0,1364,13932,29709
16,43657,3,0.0,1365,13932,29725
29,43686,3,0.0,1366,13933,29753
60,43746,3,0.0,1367,13933,29813
51,43797,3,0.0,1368,13933,29864
37,43834,3,0.0,1369,13933,29901
69,43903,3,0.0,1370,13933,29970
33,43936,3,0.0,1371,13933,30003
20,43956,3,0.0,1372,13933,30023
50,44006,3,0.0,1373,13933,30073
5,44011,3,0.0,1374,13933,30078
50,44061,3,0.0,1375,13933,30128
19,44080,3,0.0,1376,13933,30147
9,44089,3,0.0,1377,13933,30156
48,44137,3,0.0,1378,13933,30204
55,44192,3,0.0,1379,13934,30258
37,44229,3,0.0,1380,13934,30295
41,44270,3,0.0,1381,13934,30336
32,44302,3,0.0,1382,13934,30368
14,44316,3,0.0,1383,13934,30382
11,44327,3,0.0,1384,13934,30393
75,44402,3,0.0,1385,13935,30467
47,44449,3,0.0,1386,13935,30514
26,44475,3,0.0,1387,13935,30540
5,44480,3,0.0,1388,13935,30545
22,44502,3,0.0,1389,13935,30567
32,44534,3,0.0,1390,13935,30599
31,44565,3,0.0,1391,13935,30630
34,44599,3,0.0,1392,13935,30664
11,44610,3,0.0,1393,13935,30675
5,44615,3,0.0,1394,13935,30680
12,44627,3,0.0,1395,13935,30692
27,44654,3,0.0,1396,13935,30719
16,44670,3,0.0,1397,13935,30735
23,44693,3,0.0,1398,13935,30758
8,44701,3,0.0,1399,13935,30766
39,44740,3,0.0,1400,13935,30805
10,44750,3,0.0,1401,13935,30815
31,44781,3,0.0,1402,13935,30846
34,44815,3,0.0,1403,13935,30880
39,44854,3,0.0,1404,13935,30919
8,44862,3,0.0,1405,13935,30927
7,44869,3,0.0,1406,13935,30934
18,44887,3,0.0,1407,13935,30952
29,44916,3,0.0,1408,13935,30981
67,44983,3,0.0,1409,13937,31046
19,45002,3,0.0,1410,13938,31064
38,45040,3,0.0,1411,13938,31102
33,45073,3,0.0,1412,13938,31135
55,45128,3,0.0,1413,13940,31188
18,45146,3,0.0,1414,13940,31206
60,45206,3,0.0,1415,13940,31266
19,45225,3,0.0,1416,13940,31285
58,45283,3,0.0,1417,13940,31343
47,45330,3,0.0,1418,13940,31390
78,45408,3,0.0,1419,13940,31468
28,45436,3,0.0,1420,13941,31495
25,45461,3,0.0,1421,13943,31518
54,45515,3,0.0,1422,13943,31572
25,45540,3,0.0,1423,13944,31596
15,45555,3,0.0,1424,13944,31611
19,45574,3,0.0,1425,13945,31629
19,45593,3,0.0,1426,13946,31647
20,45613,3,0.0,1427,13946,31667
19,45632,3,0.0,1428,13946,31686
61,45693,3,0.0,1429,13947,31746
7,45700,3,0.0,1430,13947,31753
20,45720,3,0.0,1431,13948,31772
52,45772,3,0.0,1432,13948,31824
29,45801,3,0.0,1433,13948,31853
49,45850,3,0.0,1434,13950,31900
14,45864,3,0.0,1435,13950,31914
69,45933,3,0.0,1436,13950,31983
21,45954,3,0.0,1437,13950,32004
15,45969,3,0.0,1438,13950,32019
100,46069,3,0.0,1439,13950,32119
24,46093,3,0.0,1440,13950,32143
12,46105,3,0.0,1441,13950,32155
20,46125,3,0.0,1442,13950,32175
14,46139,3,0.0,1443,13950,32189
11,46150,3,0.0,1444,13950,32200
13,46163,3,0.0,1445,13950,32213
6,46169,3,0.0,1446,13950,32219
13,46182,3,0.0,1447,13950,32232
65,46247,3,0.0,1448,13950,32297
22,46269,3,0.0,1449,13950,32319
32,46301,3,0.0,1450,13950,32351
10,46311,3,0.0,1451,13950,32361
80,46391,3,0.0,1452,13951,32440
9,46400,3,0.0,1453,13951,32449
31,46431,3,0.0,1454,13952,32479
9,46440,3,0.0,1455,13952,32488
90,46530,3,0.0,1456,13953,32577
38,46568,3,0.0,1457,13954,32614
36,46604,3,0.0,1458,13955,32649
20,46624,3,0.0,1459,13955,32669
13,46637,3,0.0,1460,13955,32682
18,46655,3,0.0,1461,13955,32700
51,46706,3,0.0,1462,13956,32750
39,46745,3,0.0,1463,13958,32787
41,46786,3,0.0,1464,13959,32827
21,46807,3,0.0,1465,13959,32848
66,46873,3,0.0,1466,13961,32912
25,46898,3,0.0,1467,13961,32937
14,46912,3,0.0,1468,13961,32951
17,46929,3,0.0,1469,13961,32968
17,46946,3,0.0,1470,13961,32985
31,46977,3,0.0,1471,13961,33016
16,46993,3,0.0,1472,13961,33032
51,47044,3,0.0,1473,13962,33082
24,47068,3,0.0,1474,13962,33106
6,47074,3,0.0,1475,13963,33111
100,47174,3,0.0,1476,13964,33210
9,47183,3,0.0,1477,13964,33219
20,47203,3,0.0,1478,13966,33237
12,47215,3,0.0,1479,13966,33249
35,47250,3,0.0,1480,13966,33284
18,47268,3,0.0,1481,13966,33302
27,47295,3,0.0,1482,13967,33328
32,47327,3,0.0,1483,13967,33360
27,47354,3,0.0,1484,13967,33387
26,47380,3,0.0,1485,13967,33413
35,47415,3,0.0,1486,13967,33448
29,47444,3,0.0,1487,13967,33477
22,47466,3,0.0,1488,13967,33499
6,47472,3,0.0,1489,13967,33505
50,47522,3,0.0,1490,13968,33554
28,47550,3,0.0,1491,13969,33581
15,47565,3,0.0,1492,13969,33596
14,47579,3,0.0,1493,13969,33610
35,47614,3,0.0,1494,13969,33645
39,47653,3,0.0,1495,13969,33684
57,47710,3,0.0,1496,13969,33741
54,47764,3,0.0,1497,13970,33794
7,47771,3,0.0,1498,13970,33801
35,47806,3,0.0,1499,13971,33835
47,47853,3,0.0,1500,13971,33882
44,47897,3,0.0,1501,13972,33925
51,47948,3,0.0,1502,13972,33976
19,47967,3,0.0,1503,13972,33995
27,47994,3,0.0,1504,13972,34022
30,48024,3,0.0,1505,13972,34052
14,48038,3,0.0,1506,13972,34066
29,48067,3,0.0,1507,13972,34095
8,48075,3,0.0,1508,13972,34103
26,48101,3,0.0,1509,13972,34129
7,48108,3,0.0,1510,13972,34136
43,48151,3,0.0,1511,13972,34179
15,48166,3,0.0,1512,13973,34193
23,48189,3,0.0,1513,13973,34216
36,48225,3,0.0,1514,13973,34252
42,48267,3,0.0,1515,13973,34294
100,48367,3,0.0,1516,13974,34393
75,48442,3,0.0,1517,13974,34468
8,48450,3,0.0,1518,13974,34476
25,48475,3,0.0,1519,13974,34501
48,48523,3,0.0,1520,13974,34549
79,48602,3,0.0,1521,13974,34628
12,48614,3,0.0,1522,13974,34640
21,48635,3,0.0,1523,13974,34661
28,48663,3,0.0,1524,13974,34689
24,48687,3,0.0,1525,13974,34713
93,48780,3,0.0,1526,13975,34805
15,48795,3,0.0,1527,13975,34820
63,48858,3,0.0,1528,13975,34883
78,48936,3,0.0,1529,13977,34959
44,48980,3,0.0,1530,13977,35003
59,49039,3,0.0,1531,13977,35062
13,49052,3,0.0,1532,13977,35075
17,49069,3,0.0,1533,13977,35092
7,49076,3,0.0,1534,13977,35099
11,49087,3,0.0,1535,13977,35110
66,49153,3,0.0,1536,13978,35175
35,49188,3,0.0,1537,13978,35210
16,49204,3,0.0,1538,13978,35226
15,49219,3,0.0,1539,13978,35241
74,49293,3,0.0,1540,13978,35315
69,49362,3,0.0,1541,13979,35383
8,49370,3,0.0,1542,13979,35391
37,49407,3,0.0,1543,13979,35428
18,49425,3,0.0,1544,13979,35446
36,49461,3,0.0,1545,13979,35482
29,49490,3,0.0,1546,13980,35510
76,49566,3,0.0,1547,13982,35584
47,49613,3,0.0,1548,13983,35630
23,49636,3,0.0,1549,13984,35652
11,49647,3,0.0,1550,13984,35663
42,49689,3,0.0,1551,13985,35704
33,49722,3,0.0,1552,13985,35737
67,49789,3,0.0,1553,13985,35804
10,49799,3,0.0,1554,13985,35814
54,49853,3,0.0,1555,13985,35868
14,49867,3,0.0,1556,13985,35882
58,49925,3,0.0,1557,13985,35940
22,49947,3,0.0,1558,13985,35962
29,49976,3,0.0,1559,13985,35991
11,49987,3,0.0,1560,13985,36002
9,49996,3,0.0,1561,13985,36011
8,50004,3,0.0,1562,13985,36019
13,50017,3,0.0,1563,13985,36032
7,50024,3,0.0,1564,13986,36038
14,50038,3,0.0,1565,13987,36051
9,50047,3,0.0,1566,13987,36060
30,50077,3,0.0,1567,13987,36090
26,50103,3,0.0,1568,13988,36115
58,50161,3,0.0,1569,13989,36172
60,50221,3,0.0,1570,13990,36231
25,50246,3,0.0,1571,13991,36255
20,50266,3,0.0,1572,13991,36275
15,50281,3,0.0,1573,13991,36290
13,50294,3,0.0,1574,13992,36302
23,50317,3,0.0,1575,13993,36324
67,50384,3,0.0,1576,13993,36391
100,50484,3,0.0,1577,13993,36491
14,50498,3,0.0,1578,13993,36505
71,50569,3,0.0,1579,13993,36576
31,50600,3,0.0,1580,13993,36607
57,50657,3,0.0,1581,13994,36663
35,50692,3,0.0,1582,13995,36697
18,50710,3,0.0,1583,13995,36715
11,50721,3,0.0,1584,13995,36726
19,50740,3,0.0,1585,13997,36743
33,50773,3,0.0,1586,13998,36775
27,50800,3,0.0,1587,13998,36802
17,50817,3,0.0,1588,13998,36819
40,50857,3,0.0,1589,13998,36859
7,50864,3,0.0,1590,13998,36866
26,50890,3,0.0,1591,13998,36892
31,50921,3,0.0,1592,14000,36921
13,50934,3,0.0,1593,14001,36933
19,50953,3,0.0,1594,14002,36951
13,50966,3,0.0,1595,14002,36964
50,51016,3,0.0,1596,14002,37014
13,51029,3,0.0,1597,14003,37026
8,51037,3,0.0,1598,14003,37034
22,51059,3,0.0,1599,14003,37056
40,51099,3,0.0,1600,14003,37096
13,51112,3,0.0,1601,14004,37108
24,51136,3,0.0,1602,14005,37131
13,51149,3,0.0,1603,14005,37144
19,51168,3,0.0,1604,14005,37163
51,51219,3,0.0,1605,14005,37214
26,51245,3,0.0,1606,14006,37239
42,51287,3,0.0,1607,14007,37280
26,51313,3,0.0,1608,14008,37305
63,51376,3,0.0,1609,14009,37367
17,51393,3,0.0,1610,14009,37384
47,51440,3,0.0,1611,14009,37431
37,51477,3,0.0,1612,14010,37467
13,51490,3,0.0,1613,14010,37480
10,51500,3,0.0,1614,14010,37490
19,51519,3,0.0,1615,14010,37509
33,51552,3,0.0,1616,14011,37541
13,51565,3,0.0,1617,14012,37553
89,51654,3,0.0,1618,14012,37642
44,51698,3,0.0,1619,14012,37686
23,51721,3,0.0,1620,14012,37709
10,51731,3,0.0,1621,14012,37719
17,51748,3,0.0,1622,14012,37736
29,51777,3,0.0,1623,14012,37765
24,51801,3,0.0,1624,14013,37788
43,51844,3,0.0,1625,14013,37831
37,51881,3,0.0,1626,14013,37868
52,51933,3,0.0,1627,14013,37920
46,51979,3,0.0,1628,14013,37966
43,52022,3,0.0,1629,14013,38009
46,52068,3,0.0,1630,14014,38054
17,52085,3,0.0,1631,14014,38071
18,52103,3,0.0,1632,14015,38088
31,52134,3,0.0,1633,14015,38119
10,52144,3,0.0,1634,14015,38129
15,52159,3,0.0,1635,14015,38144
12,52171,3,0.0,1636,14016,38155
66,52237,3,0.0,1637,14017,38220
77,52314,3,0.0,1638,14018,38296
64,52378,3,0.0,1639,14018,38360
26,52404,3,0.0,1640,14018,38386
57,52461,3,0.0,1641,14018,38443
16,52477,3,0.0,1642,14018,38459
87,52564,3,0.0,1643,14019,38545
46,52610,3,0.0,1644,14019,38591
29,52639,3,0.0,1645,14019,38620
46,52685,3,0.0,1646,14019,38666
14,52699,3,0.0,1647,14019,38680
21,52720,3,0.0,1648,14020,38700
77,52797,3,0.0,1649,14020,38777
100,52897,3,0.0,1650,14020,38877
16,52913,3,0.0,1651,14020,38893
61,52974,3,0.0,1652,14020,38954
19,52993,3,0.0,1653,14020,38973
25,53018,3,0.0,1654,14020,38998
27,53045,3,0.0,1655,14020,39025
66,53111,3,0.0,1656,14021,39090
9,53120,3,0.0,1657,14021,39099
38,53158,3,0.0,1658,14021,39137
50,53208,3,0.0,1659,14022,39186
8,53216,3,0.0,1660,14022,39194
8,53224,3,0.0,1661,14022,39202
63,53287,3,0.0,1662,14022,39265
12,53299,3,0.0,1663,14022,39277
11,53310,3,0.0,1664,14023,39287
82,53392,3,0.0,1665,14024,39368
5,53397,3,0.0,1666,14024,39373
5,53402,3,0.0,1667,14024,39378
19,53421,3,0.0,1668,14024,39397
23,53444,3,0.0,1669,14024,39420
32,53476,3,0.0,1670,14025,39451
54,53530,3,0.0,1671,14026,39504
17,53547,3,0.0,1672,14026,39521
33,53580,3,0.0,1673,14026,39554
7,53587,3,0.0,1674,14026,39561
73,53660,3,0.0,1675,14027,39633
13,53673,3,0.0,1676,14027,39646
41,53714,3,0.0,1677,14027,39687
19,53733,3,0.0,1678,14027,39706
10,53743,3,0.0,1679,14028,39715
12,53755,3,0.0,1680,14028,39727
45,53800,3,0.0,1681,14029,39771
50,53850,3,0.0,1682,14029,39821
24,53874,3,0.0,1683,14029,39845
31,53905,3,0.0,1684,14029,39876
59,53964,3,0.0,1685,14030,39934
32,53996,3,0.0,1686,14030,39966
87,54083,3,0.0,1687,14030,40053
39,54122,3,0.0,1688,14031,40091
49,54171,3,0.0,1689,14032,40139
28,54199,3,0.0,1690,14032,40167
26,54225,3,0.0,1691,14032,40193
25,54250,3,0.0,1692,14032,40218
34,54284,3,0.0,1693,14032,40252
46,54330,3,0.0,1694,14032,40298
60,54390,3,0.0,1695,14032,40358
40,54430,3,0.0,1696,14032,40398
24,54454,3,0.0,1697,14032,40422
41,54495,3,0.0,1698,14033,40462
38,54533,3,0.0,1699,14033,40500
48,54581,3,0.0,1700,14033,40548
53,54634,3,0.0,1701,14034,40600
21,54655,3,0.0,1702,14034,40621
7,54662,3,0.0,1703,14035,40627
6,54668,3,0.0,1704,14035,40633
7,54675,3,0.0,1705,14035,40640
33,54708,3,0.0,1706,14035,40673
25,54733,3,0.0,1707,14035,40698
9,54742,3,0.0,1708,14035,40707
69,54811,3,0.0,1709,14035,40776
11,54822,3,0.0,1710,14035,40787
48,54870,3,0.0,1711,14035,40835
22,54892,3,0.0,1712,14035,40857
35,54927,3,0.0,1713,14035,40892
18,54945,3,0.0,1714,14035,40910
34,54979,3,0.0,1715,14035,40944
17,54996,3,0.0,1716,14035,40961
12,55008,3,0.0,1717,14035,40973
17,55025,3,0.0,1718,14036,40989
100,55125,3,0.0,1719,14037,41088
14,55139,3,0.0,1720,14037,41102
50,55189,3,0.0,1721,14039,41150
30,55219,3,0.0,1722,14039,41180
23,55242,3,0.0,1723,14039,41203
10,55252,3,0.0,1724,14039,41213
6,55258,3,0.0,1725,14039,41219
5,55263,3,0.0,1726,14039,41224
59,55322,3,0.0,1727,14039,41283
43,55365,3,0.0,1728,14040,41325
42,55407,3,0.0,1729,14040,41367
42,55449,3,0.0,1730,14040,41409
100,55549,3,0.0,1731,14041,41508
5,55554,3,0.0,1732,14041,41513
36,55590,3,0.0,1733,14041,41549
24,55614,3,0.0,1734,14041,41573
29,55643,3,0.0,1735,14041,41602
15,55658,3,0.0,1736,14041,41617
37,55695,3,0.0,1737,14041,41654
44,55739,3,0.0,1738,14041,41698
64,55803,3,0.0,1739,14042,41761
32,55835,3,0.0,1740,14042,41793
26,55861,3,0.0,1741,14043,41818
29,55890,3,0.0,1742,14044,41846
66,55956,3,0.0,1743,14044,41912
54,56010,3,0.0,1744,14045,41965
27,56037,3,0.0,1745,14047,41990
13,56050,3,0.0,1746,14047,42003
12,56062,3,0.0,1747,14048,42014
38,56100,3,0.0,1748,14048,42052
38,56138,3,0.0,1749,14048,42090
12,56150,3,0.0,1750,14048,42102
8,56158,3,0.0,1751,14048,42110
23,56181,3,0.0,1752,14048,42133
15,56196,3,0.0,1753,14048,42148
25,56221,3,0.0,1754,14048,42173
13,56234,3,0.0,1755,14048,42186
20,56254,3,0.0,1756,14048,42206
100,56354,3,0.0,1757,14048,42306
27,56381,3,0.0,1758,14048,42333
19,56400,3,0.0,1759,14048,42352
22,56422,3,0.0,1760,14049,42373
37,56459,3,0.0,1761,14049,42410
44,56503,3,0.0,1762,14050,42453
26,56529,3,0.0,1763,14050,42479
40,56569,3,0.0,1764,14050,42519
39,56608,3,0.0,1765,14050,42558
13,56621,3,0.0,1766,14050,42571
22,56643,3,0.0,1767,14050,42593
32,56675,3,0.0,1768,14050,42625
34,56709,3,0.0,1769,14050,42659
33,56742,3,0.0,1770,14050,42692
13,56755,3,0.0,1771,14051,42704
58,56813,3,0.0,1772,14052,42761
63,56876,3,0.0,1773,14052,42824
71,56947,3,0.0,1774,14052,42895
63,57010,3,0.0,1775,14052,42958
19,57029,3,0.0,1776,14052,42977
10,57039,3,0.0,1777,14052,42987
24,57063,3,0.0,1778,14052,43011
51,57114,3,0.0,1779,14052,43062
25,57139,3,0.0,1780,14052,43087
23,57162,3,0.0,1781,14052,43110
11,57173,3,0.0,1782,14052,43121
23,57196,3,0.0,1783,14052,43144
39,57235,3,0.0,1784,14052,43183
29,57264,3,0.0,1785,14052,43212
20,57284,3,0.0,1786,14052,43232
19,57303,3,0.0,1787,14052,43251
67,57370,3,0.0,1788,14054,43316
12,57382,3,0.0,1789,14054,43328
51,57433,3,0.0,1790,14054,43379
33,57466,3,0.0,1791,14054,43412
24,57490,3,0.0,1792,14054,43436
14,57504,3,0.0,1793,14054,43450
66,57570,3,0.0,1794,14054,43516
31,57601,3,0.0,1795,14055,43546
36,57637,3,0.0,1796,14055,43582
19,57656,3,0.0,1797,14055,43601
45,57701,3,0.0,1798,14055,43646
23,57724,3,0.0,1799,14055,43669
10,57734,3,0.0,1800,14055,43679
9,57743,3,0.0,1801,14055,43688
13,57756,3,0.0,1802,14055,43701
7,57763,3,0.0,1803,14055,43708
14,57777,3,0.0,1804,14055,43722
17,57794,3,0.0,1805,14055,43739
40,57834,3,0.0,1806,14056,43778
17,57851,3,0.0,1807,14056,43795
27,57878,3,0.0,1808,14056,43822
21,57899,3,0.0,1809,14056,43843
26,57925,3,0.0,1810,14056,43869
15,57940,3,0.0,1811,14056,43884
29,57969,3,0.0,1812,14056,43913
17,57986,3,0.0,1813,14056,43930
7,57993,3,0.0,1814,14056,43937
55,58048,3,0.0,1815,14056,43992
37,58085,3,0.0,1816,14057,44028
15,58100,3,0.0,1817,14057,44043
28,58128,3,0.0,1818,14057,44071
16,58144,3,0.0,1819,14057,44087
69,58213,3,0.0,1820,14057,44156
55,58268,3,0.0,1821,14057,44211
8,58276,3,0.0,1822,14057,44219
100,58376,3,0.0,1823,14057,44319
13,58389,3,0.0,1824,14057,44332
39,58428,3,0.0,1825,14057,44371
80,58508,3,0.0,1826,14057,44451
25,58533,3,0.0,1827,14057,44476
14,58547,3,0.0,1828,14057,44490
30,58577,3,0.0,1829,14057,44520
32,58609,3,0.0,1830,14058,44551
18,58627,3,0.0,1831,14059,44568
23,58650,3,0.0,1832,14059,44591
34,58684,3,0.0,1833,14059,44625
29,58713,3,0.0,1834,14061,44652
29,58742,3,0.0,1835,14061,44681
9,58751,3,0.0,1836,14061,44690
50,58801,3,0.0,1837,14062,44739
41,58842,3,0.0,1838,14062,44780
48,58890,3,0.0,1839,14062,44828
15,58905,3,0.0,1840,14062,44843
13,58918,3,0.0,1841,14062,44856
6,58924,3,0.0,1842,14062,44862
64,58988,3,0.0,1843,14062,44926
36,59024,3,0.0,1844,14062,44962
23,59047,3,0.0,1845,14062,44985
19,59066,3,0.0,1846,14062,45004
67,59133,3,0.0,1847,14062,45071
15,59148,3,0.0,1848,14062,45086
21,59169,3,0.0,1849,14062,45107
47,59216,3,0.0,1850,14062,45154
13,59229,3,0.0,1851,14063,45166
22,59251,3,0.0,1852,14063,45188
26,59277,3,0.0,1853,14064,45213
42,59319,3,0.0,1854,14064,45255
10,59329,3,0.0,1855,14064,45265
32,59361,3,0.0,1856,14064,45297
27,59388,3,0.0,1857,14064,45324
86,59474,3,0.0,1858,14064,45410
31,59505,3,0.0,1859,14064,45441
46,59551,3,0.0,1860,14064,45487
29,59580,3,0.0,1861,14064,45516
36,59616,3,0.0,1862,14065,45551
61,59677,3,0.0,1863,14068,45609
13,59690,3,0.0,1864,14068,45622
15,59705,3,0.0,1865,14068,45637
71,59776,3,0.0,1866,14069,45707
30,59806,3,0.0,1867,14069,45737
9,59815,3,0.0,1868,14069,45746
30,59845,3,0.0,1869,14069,45776
40,59885,3,0.0,1870,14069,45816
13,59898,3,0.0,1871,14069,45829
43,59941,3,0.0,1872,14069,45872
51,59992,3,0.0,1873,14069,45923
27,60019,3,0.0,1874,14069,45950
26,60045,3,0.0,1875,14069,45976
18,60063,3,0.0,1876,14069,45994
7,60070,3,0.0,1877,14069,46001
19,60089,3,0.0,1878,14069,46020
18,60107,3,0.0,1879,14070,46037
19,60126,3,0.0,1880,14070,46056
12,60138,3,0.0,1881,14070,46068
18,60156,3,0.0,1882,14070,46086
26,60182,3,0.0,1883,14070,46112
76,60258,3,0.0,1884,14070,46188
11,60269,3,0.0,1885,14070,46199
35,60304,3,0.0,1886,14070,46234
8,60312,3,0.0,1887,14070,46242
49,60361,3,0.0,1888,14070,46291
28,60389,3,0.0,1889,14071,46318
55,60444,3,0.0,1890,14073,46371
25,60469,3,0.0,1891,14073,46396
33,60502,3,0.0,1892,14073,46429
27,60529,3,0.0,1893,14074,46455
42,60571,3,0.0,1894,14074,46497
26,60597,3,0.0,1895,14074,46523
15,60612,3,0.0,1896,14074,46538
16,60628,3,0.0,1897,14075,46553
42,60670,3,0.0,1898,14075,46595
15,60685,3,0.0,1899,14075,46610
11,60696,3,0.0,1900,14075,46621
52,60748,3,0.0,1901,14075,46673
23,60771,3,0.0,1902,14076,46695
54,60825,3,0.0,1903,14076,46749
21,60846,3,0.0,1904,14077,46769
46,60892,3,0.0,1905,14077,46815
44,60936,3,0.0,1906,14077,46859
54,60990,3,0.0,1907,14077,46913
47,61037,3,0.0,1908,14077,46960
51,61088,3,0.0,1909,14077,47011
67,61155,3,0.0,1910,14077,47078
5,61160,3,0.0,1911,14077,47083
15,61175,3,0.0,1912,14077,47098
21,61196,3,0.0,1913,14077,47119
15,61211,3,0.0,1914,14077,47134
10,61221,3,0.0,1915,14077,47144
14,61235,3,0.0,1916,14077,47158
53,61288,3,0.0,1917,14077,47211
80,61368,3,0.0,1918,14077,47291
31,61399,3,0.0,1919,14077,47322
43,61442,3,0.0,1920,14077,47365
25,61467,3,0.0,1921,14077,47390
13,61480,3,0.0,1922,14078,47402
51,61531,3,0.0,1923,14080,47451
7,61538,3,0.0,1924,14080,47458
21,61559,3,0.0,1925,14080,47479
25,61584,3,0.0,1926,14080,47504
15,61599,3,0.0,1927,14080,47519
24,61623,3,0.0,1928,14080,47543
11,61634,3,0.0,1929,14080,47554
65,61699,3,0.0,1930,14080,47619
78,61777,3,0.0,1931,14080,47697
11,61788,3,0.0,1932,14080,47708
12,61800,3,0.0,1933,14080,47720
22,61822,3,0.0,1934,14080,47742
23,61845,3,0.0,1935,14080,47765
7,61852,3,0.0,1936,14080,47772
32,61884,3,0.0,1937,14080,47804
13,61897,3,0.0,1938,14080,47817
70,61967,3,0.0,1939,14080,47887
17,61984,3,0.0,1940,14081,47903
26,62010,3,0.0,1941,14081,47929
9,62019,3,0.0,1942,14081,47938
52,62071,4,1.0,1943,14081,47990
17,62088,4,0.0,1944,14081,48007
24,62112,4,0.0,1945,14081,48031
22,62134,4,0.0,1946,14081,48053
33,62167,4,0.0,1947,14081,48086
18,62185,4,0.0,1948,14081,48104
98,62283,4,0.0,1949,14081,48202
17,62300,4,0.0,1950,14081,48219
57,62357,4,0.0,1951,14081,48276
32,62389,4,0.0,1952,14081,48308
7,62396,4,0.0,1953,14081,48315
31,62427,4,0.0,1954,14081,48346
23,62450,4,0.0,1955,14081,48369
27,62477,4,0.0,1956,14081,48396
63,62540,4,0.0,1957,14081,48459
23,62563,4,0.0,1958,14081,48482
12,62575,4,0.0,1959,14081,48494
27,62602,4,0.0,1960,14081,48521
52,62654,4,0.0,1961,14081,48573
27,62681,4,0.0,1962,14081,48600
30,62711,4,0.0,1963,14081,48630
59,62770,4,0.0,1964,14081,48689
20,62790,4,0.0,1965,14082,48708
45,62835,4,0.0,1966,14082,48753
26,62861,4,0.0,1967,14082,48779
20,62881,4,0.0,1968,14082,48799
28,62909,4,0.0,1969,14082,48827
39,62948,4,0.0,1970,14082,48866
27,62975,4,0.0,1971,14082,48893
47,63022,4,0.0,1972,14082,48940
23,63045,4,0.0,1973,14082,48963
31,63076,4,0.0,1974,14082,48994
9,63085,4,0.0,1975,14082,49003
23,63108,4,0.0,1976,14082,49026
97,63205,5,1.0,1977,14082,49123
31,63236,5,0.0,1978,14082,49154
39,63275,5,0.0,1979,14082,49193
58,63333,5,0.0,1980,14082,49251
87,63420,5,0.0,1981,14082,49338
32,63452,5,0.0,1982,14082,49370
7,63459,5,0.0,1983,14082,49377
33,63492,5,0.0,1984,14082,49410
13,63505,5,0.0,1985,14082,49423
62,63567,5,0.0,1986,14082,49485
24,63591,5,0.0,1987,14082,49509
35,63626,5,0.0,1988,14082,49544
65,63691,5,0.0,1989,14082,49609
37,63728,5,0.0,1990,14082,49646
33,63761,6,1.0,1991,14082,49679
49,63810,6,0.0,1992,14082,49728
19,63829,6,0.0,1993,14082,49747
100,63929,6,0.0,1994,14082,49847
49,63978,7,1.0,1995,14082,49896
20,63998,7,0.0,1996,14082,49916
19,64017,7,0.0,1997,14082,49935
29,64046,7,0.0,1998,14082,49964
28,64074,7,0.0,1999,14082,49992
23,64097,7,0.0,2000,14082,50015
93,64190,8,1.0,2001,14082,50108
100,64290,8,0.0,2002,14082,50208
16,64306,8,0.0,2003,14082,50224
21,64327,8,0.0,2004,14082,50245
10,64337,8,0.0,2005,14082,50255
72,64409,8,0.0,2006,14082,50327
18,64427,8,0.0,2007,14082,50345
32,64459,8,0.0,2008,14082,50377
51,64510,8,0.0,2009,14082,50428
43,64553,8,0.0,2010,14082,50471
10,64563,8,0.0,2011,14082,50481
25,64588,8,0.0,2012,14082,50506
100,64688,8,0.0,2013,14082,50606
23,64711,8,0.0,2014,14082,50629
15,64726,8,0.0,2015,14082,50644
88,64814,8,0.0,2016,14082,50732
9,64823,8,0.0,2017,14082,50741
89,64912,8,0.0,2018,14082,50830
13,64925,8,0.0,2019,14082,50843
48,64973,8,0.0,2020,14082,50891
44,65017,8,0.0,2021,14082,50935
18,65035,8,0.0,2022,14082,50953
30,65065,8,0.0,2023,14082,50983
100,65165,8,0.0,2024,14082,51083
22,65187,8,0.0,2025,14082,51105
17,65204,8,0.0,2026,14082,51122
11,65215,8,0.0,2027,14082,51133
38,65253,8,0.0,2028,14082,51171
17,65270,8,0.0,2029,14082,51188
100,65370,8,0.0,2030,14082,51288
20,65390,8,0.0,2031,14082,51308
33,65423,8,0.0,2032,14082,51341
23,65446,8,0.0,2033,14082,51364
9,65455,8,0.0,2034,14082,51373
62,65517,8,0.0,2035,14082,51435
21,65538,8,0.0,2036,14082,51456
18,65556,8,0.0,2037,14082,51474
22,65578,8,0.0,2038,14082,51496
37,65615,8,0.0,2039,14082,51533
26,65641,8,0.0,2040,14082,51559
58,65699,8,0.0,2041,14082,51617
21,65720,8,0.0,2042,14082,51638
27,65747,8,0.0,2043,14082,51665
38,65785,8,0.0,2044,14082,51703
59,65844,8,0.0,2045,14082,51762
42,65886,8,0.0,2046,14082,51804
45,65931,8,0.0,2047,14082,51849
14,65945,8,0.0,2048,14082,51863
12,65957,8,0.0,2049,14082,51875
77,66034,8,0.0,2050,14082,51952
60,66094,8,0.0,2051,14082,52012
47,66141,8,0.0,2052,14082,52059
39,66180,8,0.0,2053,14082,52098
12,66192,8,0.0,2054,14082,52110
10,66202,8,0.0,2055,14082,52120
22,66224,8,0.0,2056,14082,52142
67,66291,8,0.0,2057,14082,52209
18,66309,8,0.0,2058,14082,52227
15,66324,8,0.0,2059,14082,52242
28,66352,8,0.0,2060,14082,52270
49,66401,8,0.0,2061,14082,52319
58,66459,8,0.0,2062,14082,52377
18,66477,8,0.0,2063,14082,52395
29,66506,8,0.0,2064,14082,52424
28,66534,8,0.0,2065,14082,52452
100,66634,8,0.0,2066,14082,52552
28,66662,8,0.0,2067,14082,52580
27,66689,8,0.0,2068,14082,52607
39,66728,8,0.0,2069,14082,52646
37,66765,8,0.0,2070,14082,52683
18,66783,8,0.0,2071,14082,52701
22,66805,8,0.0,2072,14082,52723
68,66873,8,0.0,2073,14082,52791
17,66890,8,0.0,2074,14082,52808
16,66906,8,0.0,2075,14082,52824
20,66926,8,0.0,2076,14082,52844
14,66940,8,0.0,2077,14082,52858
26,66966,8,0.0,2078,14082,52884
42,67008,8,0.0,2079,14082,52926
21,67029,8,0.0,2080,14082,52947
16,67045,8,0.0,2081,14082,52963
30,67075,8,0.0,2082,14082,52993
10,67085,8,0.0,2083,14082,53003
37,67122,8,0.0,2084,14082,53040
62,67184,8,0.0,2085,14082,53102
67,67251,8,0.0,2086,14082,53169
43,67294,8,0.0,2087,14082,53212
100,67394,8,0.0,2088,14082,53312
21,67415,8,0.0,2089,14082,53333
24,67439,8,0.0,2090,14082,53357
29,67468,8,0.0,2091,14082,53386
87,67555,8,0.0,2092,14082,53473
26,67581,8,0.0,2093,14082,53499
22,67603,8,0.0,2094,14082,53521
54,67657,8,0.0,2095,14082,53575
8,67665,8,0.0,2096,14082,53583
37,67702,8,0.0,2097,14082,53620
10,67712,8,0.0,2098,14082,53630
41,67753,8,0.0,2099,14082,53671
83,67836,8,0.0,2100,14082,53754
16,67852,8,0.0,2101,14082,53770
15,67867,8,0.0,2102,14082,53785
57,67924,8,0.0,2103,14082,53842
18,67942,8,0.0,2104,14082,53860
19,67961,8,0.0,2105,14082,53879
37,67998,8,0.0,2106,14082,53916
27,68025,8,0.0,2107,14082,53943
54,68079,8,0.0,2108,14082,53997
59,68138,8,0.0,2109,14082,54056
11,68149,8,0.0,2110,14082,54067
5,68154,8,0.0,2111,14082,54072
19,68173,8,0.0,2112,14082,54091
36,68209,8,0.0,2113,14082,54127
38,68247,8,0.0,2114,14082,54165
10,68257,8,0.0,2115,14082,54175
40,68297,8,0.0,2116,14082,54215
12,68309,8,0.0,2117,14082,54227
19,68328,8,0.0,2118,14082,54246
32,68360,8,0.0,2119,14082,54278
73,68433,8,0.0,2120,14082,54351
39,68472,8,0.0,2121,14082,54390
44,68516,8,0.0,2122,14082,54434
45,68561,8,0.0,2123,14082,54479
14,68575,8,0.0,2124,14082,54493
37,68612,8,0.0,2125,14082,54530
52,68664,8,0.0,2126,14082,54582
28,68692,8,0.0,2127,14082,54610
38,68730,8,0.0,2128,14082,54648
7,68737,8,0.0,2129,14082,54655
20,68757,8,0.0,2130,14082,54675
8,68765,8,0.0,2131,14082,54683
31,68796,8,0.0,2132,14082,54714
12,68808,8,0.0,2133,14082,54726
56,68864,8,0.0,2134,14082,54782
29,68893,8,0.0,2135,14082,54811
48,68941,8,0.0,2136,14082,54859
67,69008,8,0.0,2137,14082,54926
40,69048,8,0.0,2138,14082,54966
13,69061,8,0.0,2139,14082,54979
19,69080,8,0.0,2140,14082,54998
7,69087,8,0.0,2141,14082,55005
31,69118,8,0.0,2142,14082,55036
16,69134,8,0.0,2143,14082,55052
45,69179,8,0.0,2144,14082,55097
26,69205,8,0.0,2145,14082,55123
10,69215,8,0.0,2146,14082,55133
14,69229,8,0.0,2147,14082,55147
50,69279,8,0.0,2148,14082,55197
13,69292,8,0.0,2149,14082,55210
18,69310,8,0.0,2150,14082,55228
40,69350,8,0.0,2151,14082,55268
26,69376,8,0.0,2152,14082,55294
29,69405,8,0.0,2153,14082,55323
12,69417,8,0.0,2154,14082,55335
23,69440,8,0.0,2155,14082,55358
37,69477,8,0.0,2156,14082,55395
73,69550,8,0.0,2157,14082,55468
36,69586,8,0.0,2158,14082,55504
14,69600,8,0.0,2159,14082,55518
42,69642,8,0.0,2160,14082,55560
16,69658,8,0.0,2161,14082,55576
43,69701,8,0.0,2162,14082,55619
9,69710,8,0.0,2163,14082,55628
49,69759,8,0.0,2164,14082,55677
29,69788,8,0.0,2165,14082,55706
27,69815,8,0.0,2166,14082,55733
14,69829,8,0.0,2167,14082,55747
10,69839,8,0.0,2168,14082,55757
19,69858,8,0.0,2169,14082,55776
33,69891,8,0.0,2170,14082,55809
34,69925,8,0.0,2171,14082,55843
32,69957,8,0.0,2172,14082,55875
11,69968,8,0.0,2173,14082,55886
42,70010,8,0.0,2174,14082,55928
10,70020,8,0.0,2175,14082,55938
21,70041,8,0.0,2176,14082,55959
68,70109,8,0.0,2177,14082,56027
39,70148,8,0.0,2178,14082,56066
52,70200,8,0.0,2179,14082,56118
67,70267,8,0.0,2180,14082,56185
10,70277,8,0.0,2181,14082,56195
51,70328,8,0.0,2182,14082,56246
48,70376,8,0.0,2183,14082,56294
74,70450,8,0.0,2184,14082,56368
13,70463,8,0.0,2185,14082,56381
37,70500,8,0.0,2186,14082,56418
19,70519,8,0.0,2187,14082,56437
14,70533,8,0.0,2188,14082,56451
29,70562,8,0.0,2189,14082,56480
29,70591,8,0.0,2190,14082,56509
66,70657,8,0.0,2191,14082,56575
66,70723,8,0.0,2192,14082,56641
16,70739,8,0.0,2193,14082,56657
38,70777,8,0.0,2194,14082,56695
14,70791,8,0.0,2195,14082,56709
45,70836,8,0.0,2196,14082,56754
20,70856,8,0.0,2197,14082,56774
91,70947,8,0.0,2198,14082,56865
16,70963,8,0.0,2199,14082,56881
17,70980,8,0.0,2200,14082,56898
12,70992,8,0.0,2201,14082,56910
26,71018,8,0.0,2202,14082,56936
22,71040,8,0.0,2203,14082,56958
11,71051,8,0.0,2204,14082,56969
14,71065,8,0.0,2205,14082,56983
16,71081,8,0.0,2206,14082,56999
17,71098,8,0.0,2207,14082,57016
39,71137,8,0.0,2208,14082,57055
12,71149,8,0.0,2209,14082,57067
36,71185,8,0.0,2210,14082,57103
18,71203,8,0.0,2211,14082,57121
7,71210,8,0.0,2212,14082,57128
27,71237,8,0.0,2213,14082,57155
62,71299,8,0.0,2214,14082,57217
16,71315,8,0.0,2215,14082,57233
12,71327,8,0.0,2216,14082,57245
97,71424,8,0.0,2217,14082,57342
87,71511,8,0.0,2218,14082,57429
23,71534,8,0.0,2219,14082,57452
33,71567,8,0.0,2220,14082,57485
16,71583,8,0.0,2221,14082,57501
52,71635,8,0.0,2222,14082,57553
91,71726,8,0.0,2223,14082,57644
11,71737,8,0.0,2224,14082,57655
30,71767,9,1.0,2225,14082,57685
35,71802,9,0.0,2226,14082,57720
38,71840,9,0.0,2227,14082,57758
67,71907,10,1.0,2228,14082,57825
38,71945,10,0.0,2229,14082,57863
7,71952,10,0.0,2230,14082,57870
54,72006,10,0.0,2231,14082,57924
36,72042,10,0.0,2232,14082,57960
35,72077,10,0.0,2233,14082,57995
37,72114,10,0.0,2234,14082,58032
25,72139,10,0.0,2235,14082,58057
14,72153,10,0.0,2236,14082,58071
21,72174,10,0.0,2237,14082,58092
17,72191,10,0.0,2238,14082,58109
71,72262,10,0.0,2239,14082,58180
47,72309,10,0.0,2240,14082,58227
50,72359,10,0.0,2241,14082,58277
31,72390,10,0.0,2242,14082,58308
11,72401,10,0.0,2243,14082,58319
9,72410,10,0.0,2244,14082,58328
26,72436,10,0.0,2245,14082,58354
35,72471,10,0.0,2246,14082,58389
27,72498,10,0.0,2247,14082,58416
9,72507,10,0.0,2248,14082,58425
36,72543,10,0.0,2249,14082,58461
22,72565,10,0.0,2250,14082,58483
15,72580,10,0.0,2251,14082,58498
38,72618,10,0.0,2252,14082,58536
16,72634,10,0.0,2253,14082,58552
38,72672,10,0.0,2254,14082,58590
78,72750,10,0.0,2255,14082,58668
41,72791,10,0.0,2256,14082,58709
47,72838,10,0.0,2257,14082,58756
13,72851,10,0.0,2258,14082,58769
18,72869,10,0.0,2259,14082,58787
24,72893,10,0.0,2260,14082,58811
9,72902,10,0.0,2261,14082,58820
43,72945,10,0.0,2262,14082,58863
23,72968,10,0.0,2263,14082,58886
32,73000,10,0.0,2264,14082,58918
17,73017,10,0.0,2265,14082,58935
14,73031,10,0.0,2266,14082,58949
12,73043,10,0.0,2267,14082,58961
20,73063,10,0.0,2268,14082,58981
10,73073,10,0.0,2269,14082,58991
11,73084,10,0.0,2270,14082,59002
30,73114,10,0.0,2271,14082,59032
19,73133,10,0.0,2272,14082,59051
57,73190,10,0.0,2273,14082,59108
18,73208,10,0.0,2274,14082,59126
11,73219,10,0.0,2275,14082,59137
32,73251,10,0.0,2276,14082,59169
20,73271,10,0.0,2277,14082,59189
16,73287,10,0.0,2278,14082,59205
39,73326,10,0.0,2279,14082,59244
56,73382,10,0.0,2280,14082,59300
35,73417,10,0.0,2281,14082,59335
43,73460,10,0.0,2282,14082,59378
24,73484,10,0.0,2283,14082,59402
27,73511,10,0.0,2284,14082,59429
30,73541,10,0.0,2285,14082,59459
64,73605,10,0.0,2286,14082,59523
43,73648,10,0.0,2287,14082,59566
19,73667,10,0.0,2288,14082,59585
16,73683,10,0.0,2289,14082,59601
14,73697,10,0.0,2290,14082,59615
37,73734,10,0.0,2291,14082,59652
19,73753,10,0.0,2292,14082,59671
11,73764,10,0.0,2293,14082,59682
39,73803,10,0.0,2294,14082,59721
30,73833,10,0.0,2295,14082,59751
33,73866,10,0.0,2296,14082,59784
28,73894,10,0.0,2297,14082,59812
14,73908,10,0.0,2298,14082,59826
23,73931,10,0.0,2299,14082,59849
16,73947,10,0.0,2300,14082,59865
17,73964,10,0.0,2301,14082,59882
31,73995,10,0.0,2302,14082,59913
19,74014,10,0.0,2303,14082,59932
21,74035,10,0.0,2304,14082,59953
31,74066,10,0.0,2305,14082,59984
77,74143,10,0.0,2306,14082,60061
48,74191,10,0.0,2307,14082,60109
21,74212,10,0.0,2308,14082,60130
100,74312,10,0.0,2309,14082,60230
8,74320,10,0.0,2310,14082,60238
57,74377,10,0.0,2311,14082,60295
57,74434,10,0.0,2312,14082,60352
29,74463,10,0.0,2313,14082,60381
20,74483,10,0.0,2314,14082,60401
26,74509,10,0.0,2315,14082,60427
33,74542,10,0.0,2316,14082,60460
15,74557,10,0.0,2317,14082,60475
14,74571,10,0.0,2318,14082,60489
25,74596,10,0.0,2319,14082,60514
5,74601,10,0.0,2320,14082,60519
52,74653,11,1.0,2321,14082,60571
37,74690,11,0.0,2322,14082,60608
48,74738,11,0.0,2323,14082,60656
12,74750,11,0.0,2324,14082,60668
13,74763,11,0.0,2325,14082,60681
100,74863,11,0.0,2326,14082,60781
81,74944,11,0.0,2327,14082,60862
13,74957,11,0.0,2328,14082,60875
6,74963,11,0.0,2329,14082,60881
64,75027,11,0.0,2330,14082,60945
17,75044,11,0.0,2331,14082,60962
10,75054,11,0.0,2332,14082,60972
26,75080,11,0.0,2333,14082,60998
25,75105,11,0.0,2334,14082,61023
17,75122,11,0.0,2335,14082,61040
26,75148,11,0.0,2336,14082,61066
49,75197,11,0.0,2337,14082,61115
13,75210,11,0.0,2338,14082,61128
14,75224,11,0.0,2339,14082,61142
32,75256,11,0.0,2340,14082,61174
36,75292,11,0.0,2341,14082,61210
45,75337,11,0.0,2342,14082,61255
72,75409,11,0.0,2343,14082,61327
100,75509,11,0.0,2344,14082,61427
57,75566,11,0.0,2345,14082,61484
31,75597,11,0.0,2346,14082,61515
11,75608,11,0.0,2347,14082,61526
13,75621,11,0.0,2348,14082,61539
50,75671,11,0.0,2349,14082,61589
28,75699,11,0.0,2350,14082,61617
36,75735,11,0.0,2351,14082,61653
6,75741,11,0.0,2352,14082,61659
37,75778,11,0.0,2353,14082,61696
59,75837,11,0.0,2354,14082,61755
22,75859,11,0.0,2355,14082,61777
22,75881,11,0.0,2356,14082,61799
32,75913,11,0.0,2357,14082,61831
66,75979,11,0.0,2358,14082,61897
57,76036,11,0.0,2359,14082,61954
43,76079,11,0.0,2360,14082,61997
17,76096,11,0.0,2361,14082,62014
15,76111,11,0.0,2362,14082,62029
67,76178,11,0.0,2363,14082,62096
30,76208,11,0.0,2364,14082,62126
26,76234,11,0.0,2365,14082,62152
66,76300,11,0.0,2366,14082,62218
66,76366,11,0.0,2367,14082,62284
13,76379,11,0.0,2368,14082,62297
17,76396,11,0.0,2369,14082,62314
29,76425,11,0.0,2370,14082,62343
22,76447,11,0.0,2371,14082,62365
22,76469,11,0.0,2372,14082,62387
36,76505,11,0.0,2373,14082,62423
23,76528,11,0.0,2374,14082,62446
38,76566,11,0.0,2375,14082,62484
19,76585,11,0.0,2376,14082,62503
32,76617,11,0.0,2377,14082,62535
56,76673,11,0.0,2378,14082,62591
53,76726,11,0.0,2379,14082,62644
18,76744,11,0.0,2380,14082,62662
5,76749,11,0.0,2381,14082,62667
24,76773,11,0.0,2382,14082,62691
86,76859,11,0.0,2383,14082,62777
13,76872,11,0.0,2384,14082,62790
6,76878,11,0.0,2385,14082,62796
38,76916,11,0.0,2386,14082,62834
19,76935,11,0.0,2387,14082,62853
36,76971,11,0.0,2388,14082,62889
90,77061,11,0.0,2389,14082,62979
35,77096,11,0.0,2390,14082,63014
59,77155,11,0.0,2391,14082,63073
16,77171,11,0.0,2392,14082,63089
13,77184,11,0.0,2393,14082,63102
38,77222,11,0.0,2394,14082,63140
16,77238,11,0.0,2395,14082,63156
23,77261,11,0.0,2396,14082,63179
5,77266,11,0.0,2397,14082,63184
77,77343,11,0.0,2398,14082,63261
28,77371,11,0.0,2399,14082,63289
16,77387,11,0.0,2400,14082,63305
46,77433,11,0.0,2401,14082,63351
68,77501,11,0.0,2402,14082,63419
20,77521,11,0.0,2403,14082,63439
100,77621,11,0.0,2404,14082,63539
19,77640,11,0.0,2405,14082,63558
38,77678,11,0.0,2406,14082,63596
13,77691,11,0.0,2407,14082,63609
15,77706,11,0.0,2408,14082,63624
10,77716,11,0.0,2409,14082,63634
78,77794,11,0.0,2410,14082,63712
60,77854,11,0.0,2411,14082,63772
29,77883,11,0.0,2412,14082,63801
23,77906,11,0.0,2413,14082,63824
40,77946,11,0.0,2414,14082,63864
20,77966,11,0.0,2415,14082,63884
14,77980,11,0.0,2416,14082,63898
8,77988,11,0.0,2417,14082,63906
10,77998,11,0.0,2418,14082,63916
34,78032,11,0.0,2419,14082,63950
61,78093,11,0.0,2420,14082,64011
44,78137,11,0.0,2421,14082,64055
52,78189,11,0.0,2422,14082,64107
33,78222,11,0.0,2423,14082,64140
19,78241,11,0.0,2424,14082,64159
45,78286,11,0.0,2425,14082,64204
32,78318,11,0.0,2426,14082,64236
23,78341,11,0.0,2427,14082,64259
42,78383,11,0.0,2428,14082,64301
13,78396,11,0.0,2429,14082,64314
7,78403,11,0.0,2430,14082,64321
30,78433,11,0.0,2431,14082,64351
45,78478,11,0.0,2432,14082,64396
100,78578,11,0.0,2433,14082,64496
48,78626,11,0.0,2434,14082,64544
9,78635,11,0.0,2435,14082,64553
26,78661,11,0.0,2436,14082,64579
10,78671,11,0.0,2437,14082,64589
19,78690,11,0.0,2438,14082,64608
21,78711,11,0.0,2439,14082,64629
20,78731,11,0.0,2440,14082,64649
48,78779,11,0.0,2441,14082,64697
24,78803,11,0.0,2442,14082,64721
24,78827,11,0.0,2443,14082,64745
48,78875,11,0.0,2444,14082,64793
38,78913,11,0.0,2445,14082,64831
13,78926,11,0.0,2446,14082,64844
64,78990,11,0.0,2447,14082,64908
13,79003,11,0.0,2448,14082,64921
43,79046,11,0.0,2449,14082,64964
47,79093,11,0.0,2450,14082,65011
14,79107,11,0.0,2451,14082,65025
15,79122,11,0.0,2452,14082,65040
7,79129,11,0.0,2453,14082,65047
38,79167,11,0.0,2454,14082,65085
8,79175,11,0.0,2455,14082,65093
13,79188,11,0.0,2456,14082,65106
34,79222,11,0.0,2457,14082,65140
56,79278,11,0.0,2458,14082,65196
29,79307,11,0.0,2459,14082,65225
25,79332,11,0.0,2460,14082,65250
15,79347,11,0.0,2461,14082,65265
49,79396,11,0.0,2462,14082,65314
66,79462,11,0.0,2463,14082,65380
15,79477,11,0.0,2464,14082,65395
45,79522,11,0.0,2465,14082,65440
27,79549,11,0.0,2466,14082,65467
26,79575,11,0.0,2467,14082,65493
27,79602,11,0.0,2468,14082,65520
10,79612,11,0.0,2469,14082,65530
24,79636,11,0.0,2470,14082,65554
10,79646,11,0.0,2471,14082,65564
19,79665,11,0.0,2472,14082,65583
11,79676,11,0.0,2473,14082,65594
18,79694,11,0.0,2474,14082,65612
23,79717,11,0.0,2475,14082,65635
49,79766,11,0.0,2476,14082,65684
51,79817,11,0.0,2477,14082,65735
13,79830,11,0.0,2478,14082,65748
23,79853,11,0.0,2479,14082,65771
31,79884,11,0.0,2480,14082,65802
15,79899,11,0.0,2481,14082,65817
31,79930,11,0.0,2482,14082,65848
26,79956,11,0.0,2483,14082,65874
22,79978,11,0.0,2484,14082,65896
29,80007,11,0.0,2485,14082,65925
24,80031,11,0.0,2486,14082,65949
23,80054,11,0.0,2487,14082,65972
17,80071,11,0.0,2488,14082,65989
76,80147,11,0.0,2489,14082,66065
11,80158,11,0.0,2490,14082,66076
7,80165,11,0.0,2491,14082,66083
56,80221,11,0.0,2492,14082,66139
15,80236,11,0.0,2493,14082,66154
17,80253,11,0.0,2494,14082,66171
14,80267,11,0.0,2495,14082,66185
62,80329,11,0.0,2496,14082,66247
13,80342,11,0.0,2497,14082,66260
5,80347,11,0.0,2498,14082,66265
42,80389,11,0.0,2499,14082,66307
9,80398,11,0.0,2500,14082,66316
13,80411,11,0.0,2501,14082,66329
21,80432,11,0.0,2502,14082,66350
33,80465,11,0.0,2503,14082,66383
29,80494,11,0.0,2504,14082,66412
24,80518,11,0.0,2505,14082,66436
20,80538,11,0.0,2506,14082,66456
7,80545,11,0.0,2507,14082,66463
8,80553,11,0.0,2508,14082,66471
32,80585,11,0.0,2509,14082,66503
30,80615,11,0.0,2510,14082,66533
90,80705,11,0.0,2511,14082,66623
71,80776,11,0.0,2512,14082,66694
5,80781,11,0.0,2513,14082,66699
45,80826,11,0.0,2514,14082,66744
15,80841,11,0.0,2515,14082,66759
20,80861,11,0.0,2516,14082,66779
20,80881,11,0.0,2517,14082,66799
16,80897,11,0.0,2518,14082,66815
39,80936,11,0.0,2519,14082,66854
8,80944,11,0.0,2520,14082,66862
19,80963,11,0.0,2521,14082,66881
23,80986,11,0.0,2522,14082,66904
18,81004,11,0.0,2523,14082,66922
12,81016,11,0.0,2524,14082,66934
28,81044,11,0.0,2525,14082,66962
26,81070,11,0.0,2526,14082,66988
23,81093,11,0.0,2527,14082,67011
32,81125,11,0.0,2528,14082,67043
33,81158,11,0.0,2529,14082,67076
29,81187,11,0.0,2530,14082,67105
13,81200,11,0.0,2531,14082,67118
18,81218,11,0.0,2532,14082,67136
33,81251,11,0.0,2533,14082,67169
18,81269,11,0.0,2534,14082,67187
39,81308,11,0.0,2535,14082,67226
26,81334,11,0.0,2536,14083,67251
7,81341,11,0.0,2537,14083,67258
18,81359,11,0.0,2538,14083,67276
11,81370,11,0.0,2539,14083,67287
36,81406,11,0.0,2540,14083,67323
30,81436,11,0.0,2541,14083,67353
29,81465,11,0.0,2542,14083,67382
10,81475,11,0.0,2543,14083,67392
41,81516,11,0.0,2544,14083,67433
19,81535,11,0.0,2545,14083,67452
62,81597,11,0.0,2546,14083,67514
9,81606,11,0.0,2547,14083,67523
9,81615,11,0.0,2548,14083,67532
13,81628,11,0.0,2549,14083,67545
43,81671,11,0.0,2550,14083,67588
44,81715,11,0.0,2551,14083,67632
6,81721,11,0.0,2552,14083,67638
60,81781,11,0.0,2553,14083,67698
79,81860,11,0.0,2554,14083,67777
7,81867,11,0.0,2555,14083,67784
22,81889,11,0.0,2556,14083,67806
20,81909,11,0.0,2557,14083,67826
10,81919,11,0.0,2558,14083,67836
50,81969,11,0.0,2559,14083,67886
18,81987,11,0.0,2560,14083,67904
28,82015,11,0.0,2561,14083,67932
12,82027,11,0.0,2562,14083,67944
22,82049,11,0.0,2563,14083,67966
21,82070,11,0.0,2564,14083,67987
58,82128,11,0.0,2565,14083,68045
42,82170,11,0.0,2566,14083,68087
49,82219,11,0.0,2567,14083,68136
33,82252,11,0.0,2568,14083,68169
48,82300,11,0.0,2569,14083,68217
44,82344,11,0.0,2570,14083,68261
21,82365,11,0.0,2571,14083,68282
35,82400,11,0.0,2572,14083,68317
24,82424,11,0.0,2573,14083,68341
84,82508,11,0.0,2574,14083,68425
45,82553,11,0.0,2575,14083,68470
40,82593,11,0.0,2576,14083,68510
57,82650,11,0.0,2577,14083,68567
22,82672,11,0.0,2578,14083,68589
43,82715,11,0.0,2579,14083,68632
31,82746,11,0.0,2580,14083,68663
35,82781,11,0.0,2581,14083,68698
24,82805,11,0.0,2582,14083,68722
18,82823,11,0.0,2583,14083,68740
48,82871,11,0.0,2584,14083,68788
20,82891,11,0.0,2585,14083,68808
71,82962,11,0.0,2586,14083,68879
11,82973,11,0.0,2587,14083,68890
21,82994,11,0.0,2588,14083,68911
13,83007,11,0.0,2589,14083,68924
12,83019,11,0.0,2590,14083,68936
44,83063,11,0.0,2591,14083,68980
10,83073,11,0.0,2592,14083,68990
5,83078,11,0.0,2593,14083,68995
9,83087,11,0.0,2594,14083,69004
18,83105,11,0.0,2595,14083,69022
13,83118,11,0.0,2596,14083,69035
16,83134,11,0.0,2597,14083,69051
100,83234,11,0.0,2598,14083,69151
24,83258,11,0.0,2599,14083,69175
44,83302,11,0.0,2600,14083,69219
36,83338,11,0.0,2601,14083,69255
28,83366,11,0.0,2602,14083,69283
32,83398,11,0.0,2603,14083,69315
25,83423,11,0.0,2604,14083,69340
28,83451,11,0.0,2605,14083,69368
26,83477,11,0.0,2606,14083,69394
43,83520,11,0.0,2607,14083,69437
53,83573,11,0.0,2608,14083,69490
11,83584,11,0.0,2609,14083,69501
60,83644,11,0.0,2610,14083,69561
7,83651,11,0.0,2611,14083,69568
33,83684,11,0.0,2612,14083,69601
29,83713,11,0.0,2613,14083,69630
10,83723,11,0.0,2614,14083,69640
7,83730,11,0.0,2615,14083,69647
30,83760,11,0.0,2616,14083,69677
36,83796,11,0.0,2617,14083,69713
21,83817,11,0.0,2618,14083,69734
27,83844,11,0.0,2619,14083,69761
74,83918,11,0.0,2620,14083,69835
28,83946,11,0.0,2621,14083,69863
36,83982,11,0.0,2622,14083,69899
58,84040,11,0.0,2623,14083,69957
23,84063,11,0.0,2624,14083,69980
98,84161,11,0.0,2625,14083,70078
26,84187,11,0.0,2626,14083,70104
12,84199,11,0.0,2627,14083,70116
25,84224,11,0.0,2628,14083,70141
38,84262,11,0.0,2629,14083,70179
84,84346,11,0.0,2630,14083,70263
8,84354,11,0.0,2631,14083,70271
59,84413,11,0.0,2632,14083,70330
12,84425,11,0.0,2633,14083,70342
15,84440,11,0.0,2634,14083,70357
20,84460,11,0.0,2635,14083,70377
26,84486,11,0.0,2636,14083,70403
8,84494,11,0.0,2637,14083,70411
18,84512,11,0.0,2638,14083,70429
81,84593,11,0.0,2639,14083,70510
21,84614,11,0.0,2640,14083,70531
21,84635,11,0.0,2641,14083,70552
22,84657,11,0.0,2642,14083,70574
20,84677,11,0.0,2643,14083,70594
10,84687,11,0.0,2644,14083,70604
33,84720,11,0.0,2645,14083,70637
24,84744,11,0.0,2646,14083,70661
36,84780,11,0.0,2647,14083,70697
29,84809,11,0.0,2648,14083,70726
45,84854,11,0.0,2649,14083,70771
30,84884,11,0.0,2650,14083,70801
36,84920,11,0.0,2651,14083,70837
23,84943,11,0.0,2652,14083,70860
15,84958,11,0.0,2653,14083,70875
54,85012,11,0.0,2654,14083,70929
28,85040,11,0.0,2655,14083,70957
22,85062,11,0.0,2656,14083,70979
53,85115,11,0.0,2657,14083,71032
51,85166,11,0.0,2658,14083,71083
19,85185,11,0.0,2659,14083,71102
55,85240,11,0.0,2660,14083,71157
36,85276,11,0.0,2661,14083,71193
14,85290,11,0.0,2662,14083,71207
24,85314,11,0.0,2663,14083,71231
45,85359,11,0.0,2664,14083,71276
17,85376,11,0.0,2665,14083,71293
12,85388,11,0.0,2666,14083,71305
31,85419,11,0.0,2667,14083,71336
24,85443,11,0.0,2668,14083,71360
8,85451,11,0.0,2669,14083,71368
70,85521,11,0.0,2670,14083,71438
46,85567,11,0.0,2671,14083,71484
40,85607,11,0.0,2672,14083,71524
33,85640,11,0.0,2673,14083,71557
25,85665,11,0.0,2674,14083,71582
24,85689,11,0.0,2675,14083,71606
25,85714,11,0.0,2676,14083,71631
60,85774,11,0.0,2677,14083,71691
9,85783,11,0.0,2678,14083,71700
18,85801,11,0.0,2679,14083,71718
21,85822,11,0.0,2680,14083,71739
17,85839,11,0.0,2681,14083,71756
5,85844,11,0.0,2682,14083,71761
53,85897,11,0.0,2683,14083,71814
12,85909,11,0.0,2684,14083,71826
14,85923,11,0.0,2685,14083,71840
21,85944,11,0.0,2686,14083,71861
61,86005,11,0.0,2687,14083,71922
30,86035,11,0.0,2688,14083,71952
50,86085,11,0.0,2689,14083,72002
17,86102,11,0.0,2690,14083,72019
17,86119,11,0.0,2691,14083,72036
35,86154,11,0.0,2692,14083,72071
46,86200,11,0.0,2693,14083,72117
30,86230,11,0.0,2694,14083,72147
18,86248,11,0.0,2695,14083,72165
26,86274,11,0.0,2696,14083,72191
30,86304,11,0.0,2697,14083,72221
16,86320,11,0.0,2698,14083,72237
21,86341,11,0.0,2699,14083,72258
8,86349,11,0.0,2700,14083,72266
59,86408,11,0.0,2701,14083,72325
32,86440,11,0.0,2702,14083,72357
15,86455,11,0.0,2703,14083,72372
42,86497,11,0.0,2704,14083,72414
17,86514,11,0.0,2705,14083,72431
38,86552,11,0.0,2706,14083,72469
26,86578,11,0.0,2707,14083,72495
82,86660,11,0.0,2708,14083,72577
8,86668,11,0.0,2709,14083,72585
19,86687,11,0.0,2710,14083,72604
22,86709,11,0.0,2711,14083,72626
13,86722,11,0.0,2712,14083,72639
18,86740,11,0.0,2713,14083,72657
9,86749,11,0.0,2714,14083,72666
23,86772,11,0.0,2715,14083,72689
19,86791,11,0.0,2716,14083,72708
47,86838,11,0.0,2717,14083,72755
20,86858,11,0.0,2718,14083,72775
10,86868,11,0.0,2719,14083,72785
47,86915,11,0.0,2720,14083,72832
41,86956,11,0.0,2721,14083,72873
21,86977,11,0.0,2722,14083,72894
35,87012,11,0.0,2723,14083,72929
22,87034,11,0.0,2724,14083,72951
24,87058,11,0.0,2725,14083,72975
45,87103,11,0.0,2726,14083,73020
36,87139,11,0.0,2727,14083,73056
100,87239,11,0.0,2728,14083,73156
10,87249,11,0.0,2729,14083,73166
32,87281,11,0.0,2730,14083,73198
31,87312,11,0.0,2731,14083,73229
17,87329,11,0.0,2732,14083,73246
37,87366,11,0.0,2733,14083,73283
11,87377,11,0.0,2734,14083,73294
22,87399,11,0.0,2735,14083,73316
30,87429,11,0.0,2736,14083,73346
64,87493,11,0.0,2737,14083,73410
29,87522,11,0.0,2738,14083,73439
63,87585,11,0.0,2739,14083,73502
44,87629,11,0.0,2740,14083,73546
47,87676,11,0.0,2741,14083,73593
15,87691,11,0.0,2742,14083,73608
37,87728,11,0.0,2743,14083,73645
27,87755,11,0.0,2744,14083,73672
46,87801,11,0.0,2745,14083,73718
22,87823,11,0.0,2746,14083,73740
34,87857,11,0.0,2747,14083,73774
16,87873,11,0.0,2748,14083,73790
34,87907,11,0.0,2749,14083,73824
29,87936,11,0.0,2750,14083,73853
36,87972,11,0.0,2751,14083,73889
14,87986,11,0.0,2752,14083,73903
64,88050,11,0.0,2753,14083,73967
65,88115,11,0.0,2754,14083,74032
55,88170,11,0.0,2755,14083,74087
64,88234,11,0.0,2756,14083,74151
100,88334,11,0.0,2757,14083,74251
18,88352,11,0.0,2758,14083,74269
17,88369,11,0.0,2759,14083,74286
39,88408,11,0.0,2760,14083,74325
22,88430,11,0.0,2761,14083,74347
13,88443,11,0.0,2762,14083,74360
31,88474,11,0.0,2763,14083,74391
28,88502,11,0.0,2764,14083,74419
10,88512,11,0.0,2765,14083,74429
9,88521,11,0.0,2766,14083,74438
100,88621,11,0.0,2767,14083,74538
29,88650,11,0.0,2768,14083,74567
5,88655,11,0.0,2769,14083,74572
9,88664,11,0.0,2770,14083,74581
36,88700,11,0.0,2771,14083,74617
17,88717,11,0.0,2772,14083,74634
29,88746,11,0.0,2773,14083,74663
45,88791,11,0.0,2774,14083,74708
17,88808,11,0.0,2775,14083,74725
31,88839,11,0.0,2776,14083,74756
11,88850,11,0.0,2777,14083,74767
43,88893,11,0.0,2778,14083,74810
8,88901,11,0.0,2779,14083,74818
68,88969,11,0.0,2780,14083,74886
57,89026,11,0.0,2781,14083,74943
17,89043,11,0.0,2782,14083,74960
26,89069,11,0.0,2783,14083,74986
15,89084,11,0.0,2784,14083,75001
14,89098,11,0.0,2785,14083,75015
16,89114,11,0.0,2786,14083,75031
28,89142,11,0.0,2787,14083,75059
41,89183,11,0.0,2788,14083,75100
45,89228,11,0.0,2789,14083,75145
22,89250,11,0.0,2790,14083,75167
8,89258,11,0.0,2791,14083,75175
77,89335,11,0.0,2792,14083,75252
91,89426,11,0.0,2793,14083,75343
76,89502,11,0.0,2794,14083,75419
17,89519,11,0.0,2795,14083,75436
37,89556,11,0.0,2796,14083,75473
5,89561,11,0.0,2797,14083,75478
51,89612,11,0.0,2798,14083,75529
40,89652,11,0.0,2799,14083,75569
25,89677,11,0.0,2800,14083,75594
47,89724,11,0.0,2801,14083,75641
18,89742,11,0.0,2802,14083,75659
100,89842,11,0.0,2803,14083,75759
60,89902,11,0.0,2804,14083,75819
17,89919,11,0.0,2805,14083,75836
60,89979,11,0.0,2806,14083,75896
35,90014,11,0.0,2807,14083,75931
15,90029,11,0.0,2808,14083,75946
16,90045,11,0.0,2809,14083,75962
43,90088,11,0.0,2810,14083,76005
16,90104,11,0.0,2811,14083,76021
7,90111,11,0.0,2812,14083,76028
65,90176,11,0.0,2813,14083,76093
19,90195,11,0.0,2814,14083,76112
11,90206,11,0.0,2815,14083,76123
26,90232,11,0.0,2816,14083,76149
22,90254,11,0.0,2817,14083,76171
20,90274,11,0.0,2818,14083,76191
11,90285,11,0.0,2819,14083,76202
28,90313,11,0.0,2820,14083,76230
62,90375,11,0.0,2821,14083,76292
18,90393,11,0.0,2822,14083,76310
49,90442,11,0.0,2823,14083,76359
11,90453,11,0.0,2824,14083,76370
95,90548,11,0.0,2825,14083,76465
7,90555,11,0.0,2826,14083,76472
14,90569,11,0.0,2827,14083,76486
100,90669,11,0.0,2828,14083,76586
11,90680,11,0.0,2829,14083,76597
15,90695,11,0.0,2830,14083,76612
55,90750,11,0.0,2831,14083,76667
6,90756,11,0.0,2832,14083,76673
50,90806,11,0.0,2833,14083,76723
25,90831,11,0.0,2834,14083,76748
27,90858,11,0.0,2835,14083,76775
25,90883,11,0.0,2836,14083,76800
14,90897,11,0.0,2837,14083,76814
37,90934,11,0.0,2838,14083,76851
30,90964,11,0.0,2839,14083,76881
71,91035,11,0.0,2840,14083,76952
51,91086,11,0.0,2841,14083,77003
100,91186,11,0.0,2842,14083,77103
25,91211,11,0.0,2843,14083,77128
9,91220,11,0.0,2844,14083,77137
13,91233,11,0.0,2845,14083,77150
14,91247,11,0.0,2846,14083,77164
22,91269,11,0.0,2847,14083,77186
34,91303,11,0.0,2848,14083,77220
9,91312,11,0.0,2849,14083,77229
24,91336,11,0.0,2850,14083,77253
22,91358,11,0.0,2851,14083,77275
24,91382,11,0.0,2852,14083,77299
44,91426,11,0.0,2853,14083,77343
12,91438,11,0.0,2854,14083,77355
15,91453,11,0.0,2855,14083,77370
26,91479,11,0.0,2856,14083,77396
23,91502,11,0.0,2857,14083,77419
40,91542,11,0.0,2858,14083,77459
61,91603,11,0.0,2859,14083,77520
25,91628,11,0.0,2860,14083,77545
48,91676,11,0.0,2861,14083,77593
61,91737,11,0.0,2862,14083,77654
43,91780,11,0.0,2863,14083,77697
16,91796,11,0.0,2864,14083,77713
23,91819,11,0.0,2865,14083,77736
60,91879,11,0.0,2866,14083,77796
10,91889,11,0.0,2867,14083,77806
13,91902,11,0.0,2868,14083,77819
30,91932,11,0.0,2869,14083,77849
20,91952,11,0.0,2870,14083,77869
7,91959,11,0.0,2871,14083,77876
30,91989,11,0.0,2872,14083,77906
13,92002,11,0.0,2873,14083,77919
8,92010,11,0.0,2874,14083,77927
20,92030,11,0.0,2875,14083,77947
24,92054,11,0.0,2876,14083,77971
72,92126,11,0.0,2877,14083,78043
24,92150,11,0.0,2878,14083,78067
63,92213,11,0.0,2879,14083,78130
50,92263,11,0.0,2880,14083,78180
29,92292,11,0.0,2881,14083,78209
100,92392,11,0.0,2882,14083,78309
37,92429,11,0.0,2883,14083,78346
76,92505,11,0.0,2884,14083,78422
65,92570,11,0.0,2885,14083,78487
27,92597,11,0.0,2886,14083,78514
16,92613,11,0.0,2887,14083,78530
18,92631,11,0.0,2888,14083,78548
35,92666,11,0.0,2889,14083,78583
18,92684,11,0.0,2890,14083,78601
88,92772,11,0.0,2891,14083,78689
52,92824,11,0.0,2892,14083,78741
22,92846,11,0.0,2893,14083,78763
91,92937,11,0.0,2894,14083,78854
32,92969,11,0.0,2895,14083,78886
51,93020,11,0.0,2896,14083,78937
25,93045,11,0.0,2897,14083,78962
100,93145,11,0.0,2898,14083,79062
15,93160,11,0.0,2899,14083,79077
5,93165,11,0.0,2900,14083,79082
65,93230,11,0.0,2901,14083,79147
18,93248,11,0.0,2902,14083,79165
12,93260,11,0.0,2903,14083,79177
18,93278,11,0.0,2904,14083,79195
15,93293,11,0.0,2905,14083,79210
40,93333,11,0.0,2906,14083,79250
38,93371,11,0.0,2907,14083,79288
42,93413,11,0.0,2908,14083,79330
7,93420,11,0.0,2909,14083,79337
12,93432,11,0.0,2910,14083,79349
16,93448,11,0.0,2911,14083,79365
50,93498,11,0.0,2912,14083,79415
25,93523,11,0.0,2913,14083,79440
29,93552,11,0.0,2914,14083,79469
43,93595,11,0.0,2915,14083,79512
23,93618,11,0.0,2916,14083,79535
16,93634,11,0.0,2917,14083,79551
15,93649,11,0.0,2918,14083,79566
8,93657,11,0.0,2919,14083,79574
6,93663,11,0.0,2920,14083,79580
15,93678,11,0.0,2921,14083,79595
35,93713,11,0.0,2922,14083,79630
7,93720,11,0.0,2923,14083,79637
16,93736,11,0.0,2924,14083,79653
58,93794,11,0.0,2925,14083,79711
46,93840,11,0.0,2926,14083,79757
29,93869,11,0.0,2927,14083,79786
34,93903,11,0.0,2928,14083,79820
35,93938,11,0.0,2929,14083,79855
84,94022,11,0.0,2930,14083,79939
13,94035,11,0.0,2931,14083,79952
73,94108,11,0.0,2932,14083,80025
83,94191,11,0.0,2933,14083,80108
44,94235,11,0.0,2934,14083,80152
34,94269,11,0.0,2935,14083,80186
37,94306,11,0.0,2936,14083,80223
45,94351,11,0.0,2937,14083,80268
29,94380,11,0.0,2938,14083,80297
15,94395,11,0.0,2939,14083,80312
18,94413,11,0.0,2940,14083,80330
18,94431,11,0.0,2941,14083,80348
24,94455,11,0.0,2942,14083,80372
100,94555,11,0.0,2943,14083,80472
53,94608,11,0.0,2944,14083,80525
14,94622,11,0.0,2945,14083,80539
41,94663,11,0.0,2946,14083,80580
38,94701,11,0.0,2947,14083,80618
9,94710,11,0.0,2948,14083,80627
12,94722,11,0.0,2949,14083,80639
33,94755,11,0.0,2950,14083,80672
13,94768,11,0.0,2951,14083,80685
70,94838,11,0.0,2952,14083,80755
54,94892,11,0.0,2953,14083,80809
35,94927,11,0.0,2954,14083,80844
6,94933,11,0.0,2955,14083,80850
70,95003,11,0.0,2956,14083,80920
24,95027,11,0.0,2957,14083,80944
36,95063,11,0.0,2958,14083,80980
69,95132,11,0.0,2959,14083,81049
51,95183,11,0.0,2960,14083,81100
14,95197,11,0.0,2961,14083,81114
17,95214,11,0.0,2962,14083,81131
30,95244,11,0.0,2963,14083,81161
75,95319,11,0.0,2964,14083,81236
26,95345,11,0.0,2965,14083,81262
37,95382,11,0.0,2966,14083,81299
70,95452,11,0.0,2967,14083,81369
48,95500,11,0.0,2968,14083,81417
22,95522,11,0.0,2969,14083,81439
15,95537,11,0.0,2970,14083,81454
29,95566,11,0.0,2971,14083,81483
18,95584,11,0.0,2972,14083,81501
9,95593,11,0.0,2973,14083,81510
14,95607,11,0.0,2974,14083,81524
5,95612,11,0.0,2975,14083,81529
53,95665,11,0.0,2976,14083,81582
19,95684,11,0.0,2977,14083,81601
11,95695,11,0.0,2978,14083,81612
27,95722,11,0.0,2979,14083,81639
16,95738,11,0.0,2980,14083,81655
28,95766,11,0.0,2981,14083,81683
56,95822,11,0.0,2982,14083,81739
40,95862,11,0.0,2983,14083,81779
13,95875,11,0.0,2984,14083,81792
23,95898,11,0.0,2985,14083,81815
17,95915,11,0.0,2986,14083,81832
20,95935,11,0.0,2987,14083,81852
15,95950,11,0.0,2988,14083,81867
18,95968,11,0.0,2989,14083,81885
17,95985,11,0.0,2990,14083,81902
16,96001,11,0.0,2991,14083,81918
41,96042,11,0.0,2992,14083,81959
13,96055,11,0.0,2993,14083,81972
30,96085,11,0.0,2994,14083,82002
43,96128,11,0.0,2995,14083,82045
18,96146,11,0.0,2996,14083,82063
63,96209,11,0.0,2997,14083,82126
21,96230,11,0.0,2998,14083,82147
12,96242,11,0.0,2999,14083,82159
19,96261,11,0.0,3000,14083,82178
49,96310,11,0.0,3001,14083,82227
100,96410,11,0.0,3002,14083,82327
5,96415,11,0.0,3003,14083,82332
38,96453,11,0.0,3004,14083,82370
27,96480,11,0.0,3005,14083,82397
31,96511,11,0.0,3006,14083,82428
56,96567,11,0.0,3007,14083,82484
45,96612,11,0.0,3008,14083,82529
34,96646,11,0.0,3009,14083,82563
69,96715,11,0.0,3010,14083,82632
11,96726,11,0.0,3011,14083,82643
11,96737,11,0.0,3012,14083,82654
34,96771,11,0.0,3013,14083,82688
6,96777,11,0.0,3014,14083,82694
18,96795,11,0.0,3015,14083,82712
17,96812,11,0.0,3016,14083,82729
53,96865,11,0.0,3017,14083,82782
12,96877,11,0.0,3018,14083,82794
20,96897,11,0.0,3019,14083,82814
26,96923,11,0.0,3020,14083,82840
19,96942,11,0.0,3021,14083,82859
19,96961,11,0.0,3022,14083,82878
21,96982,11,0.0,3023,14083,82899
29,97011,11,0.0,3024,14083,82928
23,97034,11,0.0,3025,14083,82951
13,97047,11,0.0,3026,14083,82964
42,97089,11,0.0,3027,14083,83006
27,97116,11,0.0,3028,14083,83033
14,97130,11,0.0,3029,14083,83047
22,97152,11,0.0,3030,14083,83069
10,97162,11,0.0,3031,14083,83079
13,97175,11,0.0,3032,14083,83092
55,97230,11,0.0,3033,14083,83147
40,97270,11,0.0,3034,14084,83186
17,97287,11,0.0,3035,14084,83203
25,97312,11,0.0,3036,14084,83228
58,97370,11,0.0,3037,14084,83286
27,97397,11,0.0,3038,14084,83313
35,97432,11,0.0,3039,14084,83348
19,97451,11,0.0,3040,14084,83367
30,97481,11,0.0,3041,14084,83397
54,97535,11,0.0,3042,14084,83451
10,97545,11,0.0,3043,14084,83461
34,97579,11,0.0,3044,14084,83495
25,97604,11,0.0,3045,14084,83520
5,97609,11,0.0,3046,14084,83525
100,97709,11,0.0,3047,14084,83625
7,97716,11,0.0,3048,14084,83632
17,97733,11,0.0,3049,14084,83649
10,97743,11,0.0,3050,14084,83659
56,97799,11,0.0,3051,14084,83715
15,97814,11,0.0,3052,14084,83730
21,97835,11,0.0,3053,14084,83751
38,97873,11,0.0,3054,14084,83789
26,97899,11,0.0,3055,14084,83815
64,97963,11,0.0,3056,14084,83879
27,97990,11,0.0,3057,14084,83906
44,98034,11,0.0,3058,14084,83950
18,98052,11,0.0,3059,14084,83968
41,98093,11,0.0,3060,14084,84009
22,98115,11,0.0,3061,14084,84031
22,98137,11,0.0,3062,14084,84053
88,98225,11,0.0,3063,14084,84141
28,98253,11,0.0,3064,14084,84169
38,98291,11,0.0,3065,14084,84207
11,98302,11,0.0,3066,14084,84218
36,98338,11,0.0,3067,14084,84254
11,98349,11,0.0,3068,14084,84265
36,98385,11,0.0,3069,14084,84301
34,98419,11,0.0,3070,14084,84335
13,98432,11,0.0,3071,14084,84348
9,98441,11,0.0,3072,14084,84357
29,98470,11,0.0,3073,14084,84386
53,98523,11,0.0,3074,14084,84439
32,98555,11,0.0,3075,14084,84471
26,98581,11,0.0,3076,14084,84497
52,98633,11,0.0,3077,14084,84549
13,98646,11,0.0,3078,14084,84562
40,98686,11,0.0,3079,14084,84602
35,98721,11,0.0,3080,14084,84637
41,98762,11,0.0,3081,14084,84678
33,98795,11,0.0,3082,14084,84711
20,98815,11,0.0,3083,14084,84731
64,98879,11,0.0,3084,14084,84795
53,98932,11,0.0,3085,14084,84848
12,98944,11,0.0,3086,14084,84860
19,98963,11,0.0,3087,14084,84879
42,99005,11,0.0,3088,14084,84921
9,99014,11,0.0,3089,14084,84930
39,99053,11,0.0,3090,14084,84969
35,99088,11,0.0,3091,14084,85004
11,99099,11,0.0,3092,14084,85015
27,99126,11,0.0,3093,14084,85042
17,99143,11,0.0,3094,14084,85059
21,99164,11,0.0,3095,14084,85080
48,99212,11,0.0,3096,14084,85128
15,99227,11,0.0,3097,14084,85143
9,99236,11,0.0,3098,14084,85152
8,99244,11,0.0,3099,14084,85160
19,99263,11,0.0,3100,14084,85179
64,99327,11,0.0,3101,14084,85243
12,99339,11,0.0,3102,14084,85255
9,99348,11,0.0,3103,14084,85264
37,99385,11,0.0,3104,14084,85301
12,99397,11,0.0,3105,14084,85313
29,99426,11,0.0,3106,14084,85342
90,99516,11,0.0,3107,14084,85432
37,99553,11,0.0,3108,14084,85469
100,99653,11,0.0,3109,14084,85569
52,99705,11,0.0,3110,14084,85621
19,99724,11,0.0,3111,14084,85640
97,99821,11,0.0,3112,14084,85737
10,99831,11,0.0,3113,14084,85747
29,99860,11,0.0,3114,14084,85776
19,99879,11,0.0,3115,14084,85795
28,99907,11,0.0,3116,14084,85823
37,99944,11,0.0,3117,14084,85860
5,99949,11,0.0,3118,14084,85865
21,99970,11,0.0,3119,14084,85886
9,99979,11,0.0,3120,14084,85895
19,99998,11,0.0,3121,14084,85914
