iteration,successes,successes_episode,reward_episode,episode_count,random_act,timestep
28,28,0,0.0,1,18,10
47,75,0,0.0,2,50,25
28,103,0,0.0,3,72,31
13,116,0,0.0,4,84,32
28,144,0,0.0,5,104,40
60,204,0,0.0,6,153,51
19,223,0,0.0,7,168,55
14,237,0,0.0,8,181,56
51,288,0,0.0,9,218,70
77,365,0,0.0,10,280,85
100,465,0,0.0,11,367,98
36,501,0,0.0,12,393,108
60,561,0,0.0,13,443,118
32,593,0,0.0,14,467,126
21,614,0,0.0,15,486,128
23,637,0,0.0,16,505,132
29,666,0,0.0,17,527,139
9,675,0,0.0,18,534,141
18,693,0,0.0,19,550,143
11,704,0,0.0,20,557,147
22,726,0,0.0,21,575,151
19,745,0,0.0,22,590,155
93,838,0,0.0,23,668,170
57,895,0,0.0,24,716,179
29,924,0,0.0,25,732,192
28,952,0,0.0,26,752,200
40,992,0,0.0,27,785,207
57,1049,0,0.0,28,834,215
28,1077,0,0.0,29,858,219
63,1140,0,0.0,30,905,235
44,1184,0,0.0,31,939,245
28,1212,0,0.0,32,962,250
24,1236,0,0.0,33,981,255
22,1258,0,0.0,34,1003,255
6,1264,0,0.0,35,1007,257
29,1293,0,0.0,36,1030,263
14,1307,0,0.0,37,1042,265
35,1342,0,0.0,38,1070,272
13,1355,0,0.0,39,1079,276
15,1370,0,0.0,40,1092,278
30,1400,0,0.0,41,1113,287
27,1427,0,0.0,42,1133,294
24,1451,0,0.0,43,1149,302
8,1459,0,0.0,44,1155,304
85,1544,0,0.0,45,1226,318
17,1561,0,0.0,46,1240,321
22,1583,0,0.0,47,1258,325
30,1613,0,0.0,48,1284,329
26,1639,0,0.0,49,1306,333
22,1661,0,0.0,50,1324,337
74,1735,0,0.0,51,1384,351
16,1751,0,0.0,52,1397,354
53,1804,0,0.0,53,1441,363
35,1839,0,0.0,54,1469,370
10,1849,0,0.0,55,1476,373
50,1899,0,0.0,56,1516,383
50,1949,0,0.0,57,1560,389
8,1957,0,0.0,58,1566,391
41,1998,0,0.0,59,1598,400
15,2013,0,0.0,60,1610,403
28,2041,0,0.0,61,1631,410
26,2067,0,0.0,62,1652,415
39,2106,0,0.0,63,1685,421
25,2131,0,0.0,64,1705,426
19,2150,0,0.0,65,1718,432
13,2163,0,0.0,66,1729,434
52,2215,0,0.0,67,1770,445
33,2248,0,0.0,68,1794,454
15,2263,0,0.0,69,1805,458
20,2283,0,0.0,70,1819,464
14,2297,0,0.0,71,1830,467
16,2313,0,0.0,72,1844,469
21,2334,0,0.0,73,1861,473
7,2341,0,0.0,74,1866,475
26,2367,0,0.0,75,1888,479
24,2391,0,0.0,76,1905,486
11,2402,0,0.0,77,1914,488
33,2435,0,0.0,78,1939,496
20,2455,0,0.0,79,1955,500
20,2475,0,0.0,80,1968,507
26,2501,0,0.0,81,1989,512
21,2522,0,0.0,82,2007,515
25,2547,0,0.0,83,2028,519
13,2560,0,0.0,84,2038,522
60,2620,0,0.0,85,2083,537
51,2671,0,0.0,86,2130,541
34,2705,0,0.0,87,2158,547
19,2724,0,0.0,88,2174,550
21,2745,0,0.0,89,2189,556
23,2768,0,0.0,90,2209,559
32,2800,0,0.0,91,2233,567
28,2828,0,0.0,92,2255,573
68,2896,0,0.0,93,2304,592
11,2907,0,0.0,94,2312,595
29,2936,0,0.0,95,2333,603
20,2956,0,0.0,96,2351,605
22,2978,0,0.0,97,2371,607
25,3003,0,0.0,98,2391,612
39,3042,0,0.0,99,2423,619
56,3098,0,0.0,100,2467,631
23,3121,0,0.0,101,2486,635
31,3152,0,0.0,102,2512,640
20,3172,0,0.0,103,2530,642
24,3196,0,0.0,104,2548,648
33,3229,0,0.0,105,2572,657
18,3247,0,0.0,106,2588,659
58,3305,0,0.0,107,2636,669
23,3328,0,0.0,108,2656,672
32,3360,0,0.0,109,2679,681
7,3367,0,0.0,110,2686,681
16,3383,0,0.0,111,2700,683
12,3395,0,0.0,112,2709,686
12,3407,0,0.0,113,2717,690
36,3443,0,0.0,114,2743,700
22,3465,0,0.0,115,2757,708
32,3497,0,0.0,116,2779,718
51,3548,0,0.0,117,2819,729
28,3576,0,0.0,118,2841,735
20,3596,0,0.0,119,2854,742
18,3614,0,0.0,120,2866,748
67,3681,0,0.0,121,2920,761
15,3696,0,0.0,122,2933,763
16,3712,0,0.0,123,2948,764
6,3718,0,0.0,124,2954,764
6,3724,0,0.0,125,2960,764
28,3752,0,0.0,126,2984,768
47,3799,0,0.0,127,3021,778
38,3837,0,0.0,128,3052,785
25,3862,0,0.0,129,3073,789
26,3888,0,0.0,130,3095,793
31,3919,0,0.0,131,3121,798
21,3940,0,0.0,132,3137,803
14,3954,0,0.0,133,3146,808
40,3994,0,0.0,134,3181,813
54,4048,0,0.0,135,3225,823
30,4078,0,0.0,136,3249,829
40,4118,0,0.0,137,3282,836
21,4139,0,0.0,138,3297,842
60,4199,0,0.0,139,3343,856
23,4222,0,0.0,140,3358,864
33,4255,0,0.0,141,3380,875
10,4265,0,0.0,142,3386,879
26,4291,0,0.0,143,3405,886
23,4314,0,0.0,144,3421,893
30,4344,0,0.0,145,3450,894
5,4349,0,0.0,146,3453,896
30,4379,0,0.0,147,3475,904
66,4445,0,0.0,148,3525,920
28,4473,0,0.0,149,3552,921
17,4490,0,0.0,150,3568,922
46,4536,0,0.0,151,3598,938
25,4561,0,0.0,152,3620,941
14,4575,0,0.0,153,3630,945
29,4604,0,0.0,154,3655,949
21,4625,0,0.0,155,3671,954
23,4648,0,0.0,156,3692,956
22,4670,0,0.0,157,3706,964
12,4682,0,0.0,158,3715,967
12,4694,0,0.0,159,3725,969
7,4701,0,0.0,160,3731,970
19,4720,0,0.0,161,3747,973
100,4820,0,0.0,162,3829,991
24,4844,0,0.0,163,3846,998
20,4864,0,0.0,164,3864,1000
11,4875,0,0.0,165,3874,1001
28,4903,0,0.0,166,3893,1010
16,4919,0,0.0,167,3903,1016
20,4939,0,0.0,168,3918,1021
28,4967,0,0.0,169,3937,1030
32,4999,0,0.0,170,3964,1035
21,5020,0,0.0,171,3979,1041
57,5077,0,0.0,172,4034,1043
9,5086,0,0.0,173,4043,1043
8,5094,0,0.0,174,4050,1044
17,5111,0,0.0,175,4065,1046
24,5135,0,0.0,176,4083,1052
40,5175,0,0.0,177,4114,1061
17,5192,0,0.0,178,4126,1066
50,5242,0,0.0,179,4168,1074
100,5342,0,0.0,180,4250,1092
24,5366,0,0.0,181,4269,1097
55,5421,0,0.0,182,4312,1109
34,5455,0,0.0,183,4342,1113
23,5478,0,0.0,184,4362,1116
13,5491,0,0.0,185,4374,1117
52,5543,0,0.0,186,4420,1123
15,5558,0,0.0,187,4431,1127
8,5566,0,0.0,188,4436,1130
14,5580,0,0.0,189,4447,1133
85,5665,0,0.0,190,4520,1145
55,5720,0,0.0,191,4563,1157
68,5788,0,0.0,192,4623,1165
19,5807,0,0.0,193,4638,1169
31,5838,0,0.0,194,4662,1176
31,5869,0,0.0,195,4691,1178
21,5890,0,0.0,196,4709,1181
22,5912,0,0.0,197,4726,1186
100,6012,0,0.0,198,4810,1202
29,6041,0,0.0,199,4832,1209
50,6091,0,0.0,200,4877,1214
14,6105,0,0.0,201,4889,1216
45,6150,0,0.0,202,4924,1226
100,6250,0,0.0,203,5005,1245
81,6331,0,0.0,204,5079,1252
35,6366,0,0.0,205,5107,1259
33,6399,0,0.0,206,5131,1268
41,6440,0,0.0,207,5164,1276
10,6450,0,0.0,208,5173,1277
16,6466,0,0.0,209,5187,1279
56,6522,0,0.0,210,5238,1284
38,6560,0,0.0,211,5266,1294
30,6590,0,0.0,212,5290,1300
74,6664,0,0.0,213,5347,1317
23,6687,0,0.0,214,5366,1321
100,6787,0,0.0,215,5447,1340
17,6804,0,0.0,216,5460,1344
82,6886,0,0.0,217,5529,1357
22,6908,0,0.0,218,5548,1360
37,6945,0,0.0,219,5577,1368
13,6958,0,0.0,220,5588,1370
36,6994,0,0.0,221,5619,1375
11,7005,0,0.0,222,5628,1377
9,7014,0,0.0,223,5634,1380
14,7028,0,0.0,224,5643,1385
15,7043,0,0.0,225,5654,1389
40,7083,0,0.0,226,5683,1400
25,7108,0,0.0,227,5705,1403
28,7136,0,0.0,228,5728,1408
62,7198,0,0.0,229,5780,1418
75,7273,0,0.0,230,5836,1437
16,7289,0,0.0,231,5848,1441
42,7331,0,0.0,232,5884,1447
22,7353,0,0.0,233,5904,1449
14,7367,0,0.0,234,5916,1451
17,7384,0,0.0,235,5930,1454
30,7414,0,0.0,236,5955,1459
20,7434,0,0.0,237,5965,1469
47,7481,0,0.0,238,5998,1483
59,7540,0,0.0,239,6046,1494
12,7552,0,0.0,240,6056,1496
43,7595,0,0.0,241,6089,1506
33,7628,0,0.0,242,6117,1511
6,7634,0,0.0,243,6121,1513
14,7648,0,0.0,244,6132,1516
60,7708,1,1.0,245,6181,1527
84,7792,1,0.0,246,6189,1603
100,7892,1,0.0,247,6195,1697
22,7914,1,0.0,248,6195,1719
9,7923,1,0.0,249,6196,1727
34,7957,1,0.0,250,6199,1758
24,7981,1,0.0,251,6200,1781
51,8032,1,0.0,252,6204,1828
9,8041,1,0.0,253,6206,1835
17,8058,1,0.0,254,6206,1852
56,8114,1,0.0,255,6212,1902
13,8127,1,0.0,256,6215,1912
19,8146,1,0.0,257,6216,1930
18,8164,1,0.0,258,6217,1947
9,8173,1,0.0,259,6218,1955
16,8189,1,0.0,260,6219,1970
40,8229,1,0.0,261,6224,2005
24,8253,1,0.0,262,6226,2027
13,8266,1,0.0,263,6231,2035
27,8293,1,0.0,264,6233,2060
15,8308,1,0.0,265,6234,2074
13,8321,1,0.0,266,6234,2087
28,8349,1,0.0,267,6237,2112
14,8363,1,0.0,268,6240,2123
17,8380,1,0.0,269,6242,2138
48,8428,1,0.0,270,6250,2178
10,8438,1,0.0,271,6252,2186
9,8447,1,0.0,272,6254,2193
47,8494,1,0.0,273,6262,2232
48,8542,1,0.0,274,6266,2276
19,8561,1,0.0,275,6266,2295
35,8596,1,0.0,276,6268,2328
8,8604,1,0.0,277,6269,2335
12,8616,1,0.0,278,6270,2346
35,8651,1,0.0,279,6272,2379
30,8681,1,0.0,280,6273,2408
54,8735,1,0.0,281,6279,2456
44,8779,1,0.0,282,6281,2498
52,8831,1,0.0,283,6286,2545
24,8855,1,0.0,284,6286,2569
7,8862,1,0.0,285,6286,2576
22,8884,1,0.0,286,6287,2597
100,8984,1,0.0,287,6291,2693
19,9003,1,0.0,288,6292,2711
25,9028,1,0.0,289,6294,2734
5,9033,1,0.0,290,6294,2739
18,9051,1,0.0,291,6295,2756
21,9072,1,0.0,292,6295,2777
34,9106,1,0.0,293,6301,2805
21,9127,1,0.0,294,6302,2825
41,9168,1,0.0,295,6304,2864
38,9206,1,0.0,296,6308,2898
39,9245,1,0.0,297,6312,2933
40,9285,1,0.0,298,6315,2970
31,9316,1,0.0,299,6316,3000
33,9349,1,0.0,300,6319,3030
78,9427,1,0.0,301,6324,3103
37,9464,1,0.0,302,6326,3138
50,9514,1,0.0,303,6336,3178
8,9522,1,0.0,304,6336,3186
13,9535,1,0.0,305,6337,3198
30,9565,1,0.0,306,6338,3227
100,9665,1,0.0,307,6348,3317
25,9690,1,0.0,308,6351,3339
11,9701,1,0.0,309,6351,3350
51,9752,1,0.0,310,6357,3395
67,9819,1,0.0,311,6364,3455
100,9919,1,0.0,312,6371,3548
14,9933,1,0.0,313,6373,3560
100,10033,1,0.0,314,6379,3654
34,10067,1,0.0,315,6381,3686
73,10140,1,0.0,316,6387,3753
51,10191,1,0.0,317,6390,3801
30,10221,1,0.0,318,6392,3829
30,10251,1,0.0,319,6393,3858
18,10269,1,0.0,320,6393,3876
28,10297,1,0.0,321,6395,3902
51,10348,1,0.0,322,6401,3947
17,10365,1,0.0,323,6401,3964
28,10393,1,0.0,324,6404,3989
15,10408,1,0.0,325,6408,4000
14,10422,1,0.0,326,6408,4014
21,10443,1,0.0,327,6412,4031
60,10503,1,0.0,328,6415,4088
15,10518,1,0.0,329,6417,4101
11,10529,1,0.0,330,6418,4111
18,10547,1,0.0,331,6418,4129
31,10578,1,0.0,332,6419,4159
20,10598,1,0.0,333,6423,4175
20,10618,1,0.0,334,6425,4193
19,10637,1,0.0,335,6426,4211
15,10652,1,0.0,336,6429,4223
77,10729,1,0.0,337,6431,4298
15,10744,1,0.0,338,6431,4313
11,10755,1,0.0,339,6432,4323
19,10774,1,0.0,340,6433,4341
87,10861,1,0.0,341,6444,4417
8,10869,1,0.0,342,6444,4425
60,10929,1,0.0,343,6451,4478
10,10939,1,0.0,344,6451,4488
41,10980,1,0.0,345,6458,4522
5,10985,1,0.0,346,6459,4526
28,11013,1,0.0,347,6460,4553
13,11026,1,0.0,348,6462,4564
87,11113,1,0.0,349,6467,4646
5,11118,1,0.0,350,6468,4650
87,11205,1,0.0,351,6477,4728
8,11213,1,0.0,352,6478,4735
42,11255,1,0.0,353,6483,4772
11,11266,1,0.0,354,6485,4781
20,11286,1,0.0,355,6488,4798
31,11317,1,0.0,356,6489,4828
26,11343,1,0.0,357,6492,4851
39,11382,1,0.0,358,6494,4888
15,11397,1,0.0,359,6495,4902
83,11480,1,0.0,360,6507,4973
75,11555,1,0.0,361,6512,5043
7,11562,1,0.0,362,6513,5049
27,11589,1,0.0,363,6516,5073
78,11667,1,0.0,364,6518,5149
10,11677,1,0.0,365,6519,5158
20,11697,1,0.0,366,6520,5177
25,11722,1,0.0,367,6526,5196
7,11729,1,0.0,368,6526,5203
49,11778,1,0.0,369,6530,5248
65,11843,1,0.0,370,6535,5308
7,11850,1,0.0,371,6535,5315
10,11860,1,0.0,372,6538,5322
14,11874,1,0.0,373,6539,5335
23,11897,1,0.0,374,6541,5356
50,11947,1,0.0,375,6543,5404
8,11955,1,0.0,376,6544,5411
36,11991,1,0.0,377,6547,5444
7,11998,1,0.0,378,6547,5451
41,12039,1,0.0,379,6551,5488
14,12053,1,0.0,380,6554,5499
5,12058,1,0.0,381,6554,5504
22,12080,1,0.0,382,6554,5526
16,12096,1,0.0,383,6555,5541
16,12112,1,0.0,384,6557,5555
19,12131,1,0.0,385,6558,5573
47,12178,1,0.0,386,6561,5617
35,12213,1,0.0,387,6565,5648
56,12269,1,0.0,388,6568,5701
26,12295,1,0.0,389,6570,5725
22,12317,1,0.0,390,6572,5745
32,12349,1,0.0,391,6577,5772
40,12389,1,0.0,392,6579,5810
66,12455,1,0.0,393,6583,5872
50,12505,1,0.0,394,6588,5917
25,12530,1,0.0,395,6589,5941
40,12570,1,0.0,396,6593,5977
39,12609,1,0.0,397,6594,6015
16,12625,1,0.0,398,6596,6029
45,12670,1,0.0,399,6598,6072
60,12730,1,0.0,400,6602,6128
12,12742,1,0.0,401,6603,6139
18,12760,1,0.0,402,6605,6155
13,12773,1,0.0,403,6607,6166
25,12798,1,0.0,404,6608,6190
15,12813,1,0.0,405,6609,6204
25,12838,1,0.0,406,6614,6224
21,12859,1,0.0,407,6616,6243
27,12886,1,0.0,408,6617,6269
7,12893,1,0.0,409,6617,6276
11,12904,1,0.0,410,6617,6287
26,12930,1,0.0,411,6618,6312
35,12965,1,0.0,412,6620,6345
66,13031,1,0.0,413,6622,6409
27,13058,1,0.0,414,6623,6435
22,13080,1,0.0,415,6626,6454
60,13140,1,0.0,416,6631,6509
10,13150,1,0.0,417,6632,6518
74,13224,1,0.0,418,6639,6585
36,13260,1,0.0,419,6640,6620
15,13275,1,0.0,420,6641,6634
16,13291,1,0.0,421,6641,6650
41,13332,1,0.0,422,6644,6688
21,13353,1,0.0,423,6646,6707
18,13371,1,0.0,424,6647,6724
56,13427,1,0.0,425,6651,6776
41,13468,1,0.0,426,6657,6811
58,13526,1,0.0,427,6662,6864
30,13556,1,0.0,428,6664,6892
27,13583,1,0.0,429,6668,6915
19,13602,1,0.0,430,6670,6932
15,13617,1,0.0,431,6670,6947
22,13639,1,0.0,432,6671,6968
11,13650,1,0.0,433,6673,6977
25,13675,1,0.0,434,6675,7000
21,13696,1,0.0,435,6678,7018
58,13754,1,0.0,436,6683,7071
46,13800,1,0.0,437,6688,7112
52,13852,1,0.0,438,6690,7162
13,13865,1,0.0,439,6692,7173
46,13911,1,0.0,440,6697,7214
9,13920,1,0.0,441,6698,7222
16,13936,1,0.0,442,6701,7235
9,13945,1,0.0,443,6702,7243
37,13982,1,0.0,444,6707,7275
77,14059,1,0.0,445,6715,7344
50,14109,1,0.0,446,6718,7391
22,14131,1,0.0,447,6721,7410
42,14173,1,0.0,448,6723,7450
84,14257,1,0.0,449,6728,7529
39,14296,1,0.0,450,6734,7562
47,14343,1,0.0,451,6739,7604
15,14358,1,0.0,452,6741,7617
14,14372,1,0.0,453,6743,7629
36,14408,1,0.0,454,6748,7660
16,14424,1,0.0,455,6748,7676
35,14459,1,0.0,456,6749,7710
17,14476,1,0.0,457,6750,7726
25,14501,1,0.0,458,6750,7751
14,14515,1,0.0,459,6750,7765
9,14524,1,0.0,460,6750,7774
28,14552,1,0.0,461,6753,7799
14,14566,1,0.0,462,6755,7811
27,14593,1,0.0,463,6758,7835
22,14615,1,0.0,464,6760,7855
39,14654,1,0.0,465,6763,7891
26,14680,1,0.0,466,6763,7917
97,14777,1,0.0,467,6769,8008
19,14796,1,0.0,468,6771,8025
34,14830,1,0.0,469,6774,8056
14,14844,1,0.0,470,6774,8070
13,14857,1,0.0,471,6776,8081
38,14895,1,0.0,472,6776,8119
45,14940,1,0.0,473,6780,8160
15,14955,1,0.0,474,6781,8174
26,14981,1,0.0,475,6786,8195
77,15058,1,0.0,476,6793,8265
5,15063,1,0.0,477,6793,8270
15,15078,1,0.0,478,6793,8285
32,15110,1,0.0,479,6796,8314
14,15124,1,0.0,480,6799,8325
27,15151,1,0.0,481,6800,8351
15,15166,1,0.0,482,6803,8363
33,15199,1,0.0,483,6807,8392
36,15235,1,0.0,484,6812,8423
20,15255,1,0.0,485,6813,8442
12,15267,1,0.0,486,6814,8453
24,15291,1,0.0,487,6818,8473
40,15331,1,0.0,488,6819,8512
28,15359,1,0.0,489,6822,8537
8,15367,1,0.0,490,6823,8544
13,15380,1,0.0,491,6825,8555
11,15391,1,0.0,492,6825,8566
68,15459,1,0.0,493,6836,8623
10,15469,1,0.0,494,6837,8632
67,15536,1,0.0,495,6842,8694
35,15571,1,0.0,496,6845,8726
20,15591,1,0.0,497,6847,8744
34,15625,1,0.0,498,6851,8774
9,15634,1,0.0,499,6852,8782
74,15708,1,0.0,500,6860,8848
15,15723,1,0.0,501,6860,8863
57,15780,1,0.0,502,6865,8915
16,15796,1,0.0,503,6866,8930
14,15810,1,0.0,504,6870,8940
28,15838,1,0.0,505,6873,8965
38,15876,1,0.0,506,6878,8998
12,15888,1,0.0,507,6880,9008
15,15903,1,0.0,508,6881,9022
21,15924,1,0.0,509,6883,9041
63,15987,1,0.0,510,6889,9098
17,16004,1,0.0,511,6892,9112
61,16065,1,0.0,512,6895,9170
23,16088,1,0.0,513,6900,9188
39,16127,1,0.0,514,6902,9225
14,16141,1,0.0,515,6903,9238
19,16160,1,0.0,516,6904,9256
49,16209,1,0.0,517,6908,9301
27,16236,1,0.0,518,6909,9327
23,16259,1,0.0,519,6911,9348
54,16313,1,0.0,520,6916,9397
69,16382,1,0.0,521,6922,9460
41,16423,1,0.0,522,6928,9495
15,16438,1,0.0,523,6930,9508
30,16468,1,0.0,524,6932,9536
15,16483,1,0.0,525,6935,9548
12,16495,1,0.0,526,6938,9557
59,16554,1,0.0,527,6944,9610
9,16563,1,0.0,528,6944,9619
51,16614,1,0.0,529,6949,9665
8,16622,1,0.0,530,6949,9673
43,16665,1,0.0,531,6954,9711
33,16698,1,0.0,532,6958,9740
13,16711,1,0.0,533,6959,9752
15,16726,1,0.0,534,6962,9764
33,16759,1,0.0,535,6964,9795
22,16781,1,0.0,536,6968,9813
73,16854,1,0.0,537,6970,9884
18,16872,1,0.0,538,6972,9900
56,16928,1,0.0,539,6978,9950
43,16971,1,0.0,540,6982,9989
43,17014,1,0.0,541,6984,10030
30,17044,1,0.0,542,6985,10059
75,17119,1,0.0,543,6990,10129
29,17148,1,0.0,544,6992,10156
84,17232,1,0.0,545,6998,10234
31,17263,1,0.0,546,7000,10263
40,17303,1,0.0,547,7001,10302
7,17310,1,0.0,548,7003,10307
19,17329,1,0.0,549,7006,10323
32,17361,1,0.0,550,7009,10352
30,17391,1,0.0,551,7012,10379
44,17435,1,0.0,552,7016,10419
8,17443,1,0.0,553,7016,10427
8,17451,1,0.0,554,7017,10434
14,17465,1,0.0,555,7017,10448
9,17474,1,0.0,556,7017,10457
34,17508,1,0.0,557,7019,10489
100,17608,1,0.0,558,7026,10582
39,17647,1,0.0,559,7027,10620
34,17681,1,0.0,560,7032,10649
13,17694,1,0.0,561,7033,10661
14,17708,1,0.0,562,7036,10672
14,17722,1,0.0,563,7038,10684
40,17762,1,0.0,564,7041,10721
75,17837,1,0.0,565,7044,10793
9,17846,1,0.0,566,7046,10800
18,17864,1,0.0,567,7048,10816
35,17899,1,0.0,568,7051,10848
18,17917,1,0.0,569,7051,10866
24,17941,1,0.0,570,7053,10888
6,17947,1,0.0,571,7054,10893
15,17962,1,0.0,572,7054,10908
9,17971,1,0.0,573,7054,10917
41,18012,1,0.0,574,7061,10951
20,18032,1,0.0,575,7063,10969
53,18085,1,0.0,576,7065,11020
100,18185,1,0.0,577,7075,11110
33,18218,1,0.0,578,7077,11141
5,18223,1,0.0,579,7078,11145
15,18238,1,0.0,580,7078,11160
50,18288,1,0.0,581,7082,11206
36,18324,1,0.0,582,7088,11236
19,18343,1,0.0,583,7089,11254
69,18412,1,0.0,584,7093,11319
56,18468,1,0.0,585,7099,11369
30,18498,1,0.0,586,7102,11396
14,18512,1,0.0,587,7102,11410
32,18544,1,0.0,588,7104,11440
19,18563,1,0.0,589,7107,11456
22,18585,1,0.0,590,7108,11477
47,18632,1,0.0,591,7118,11514
34,18666,1,0.0,592,7121,11545
25,18691,1,0.0,593,7125,11566
19,18710,1,0.0,594,7127,11583
15,18725,1,0.0,595,7129,11596
9,18734,1,0.0,596,7129,11605
22,18756,1,0.0,597,7131,11625
11,18767,1,0.0,598,7132,11635
18,18785,1,0.0,599,7132,11653
38,18823,1,0.0,600,7134,11689
22,18845,1,0.0,601,7134,11711
27,18872,1,0.0,602,7138,11734
41,18913,1,0.0,603,7141,11772
19,18932,1,0.0,604,7142,11790
23,18955,1,0.0,605,7142,11813
47,19002,1,0.0,606,7145,11857
13,19015,1,0.0,607,7146,11869
29,19044,1,0.0,608,7147,11897
33,19077,1,0.0,609,7148,11929
16,19093,1,0.0,610,7149,11944
11,19104,1,0.0,611,7149,11955
17,19121,1,0.0,612,7149,11972
14,19135,1,0.0,613,7149,11986
15,19150,1,0.0,614,7149,12001
14,19164,1,0.0,615,7150,12014
40,19204,1,0.0,616,7153,12051
63,19267,1,0.0,617,7160,12107
46,19313,1,0.0,618,7166,12147
24,19337,1,0.0,619,7167,12170
100,19437,1,0.0,620,7174,12263
24,19461,1,0.0,621,7178,12283
38,19499,1,0.0,622,7182,12317
31,19530,1,0.0,623,7184,12346
23,19553,1,0.0,624,7185,12368
62,19615,1,0.0,625,7191,12424
20,19635,1,0.0,626,7192,12443
61,19696,1,0.0,627,7198,12498
18,19714,1,0.0,628,7199,12515
24,19738,1,0.0,629,7203,12535
19,19757,1,0.0,630,7204,12553
28,19785,1,0.0,631,7208,12577
19,19804,1,0.0,632,7209,12595
47,19851,1,0.0,633,7216,12635
100,19951,1,0.0,634,7223,12728
59,20010,1,0.0,635,7225,12785
45,20055,1,0.0,636,7228,12827
24,20079,1,0.0,637,7231,12848
16,20095,1,0.0,638,7232,12863
16,20111,1,0.0,639,7235,12876
11,20122,1,0.0,640,7235,12887
51,20173,1,0.0,641,7237,12936
21,20194,1,0.0,642,7237,12957
43,20237,1,0.0,643,7243,12994
41,20278,1,0.0,644,7245,13033
7,20285,1,0.0,645,7247,13038
45,20330,1,0.0,646,7256,13074
50,20380,1,0.0,647,7260,13120
19,20399,1,0.0,648,7261,13138
55,20454,1,0.0,649,7264,13190
83,20537,1,0.0,650,7271,13266
34,20571,1,0.0,651,7276,13295
25,20596,1,0.0,652,7281,13315
23,20619,1,0.0,653,7282,13337
60,20679,1,0.0,654,7286,13393
26,20705,1,0.0,655,7287,13418
17,20722,1,0.0,656,7288,13434
11,20733,1,0.0,657,7289,13444
23,20756,1,0.0,658,7291,13465
13,20769,1,0.0,659,7291,13478
100,20869,1,0.0,660,7296,13573
8,20877,1,0.0,661,7296,13581
12,20889,1,0.0,662,7298,13591
6,20895,1,0.0,663,7298,13597
21,20916,1,0.0,664,7299,13617
35,20951,1,0.0,665,7303,13648
32,20983,1,0.0,666,7306,13677
16,20999,1,0.0,667,7309,13690
42,21041,1,0.0,668,7310,13731
13,21054,1,0.0,669,7310,13744
39,21093,1,0.0,670,7315,13778
32,21125,1,0.0,671,7319,13806
7,21132,1,0.0,672,7320,13812
100,21232,1,0.0,673,7329,13903
50,21282,1,0.0,674,7332,13950
18,21300,1,0.0,675,7333,13967
32,21332,1,0.0,676,7334,13998
14,21346,1,0.0,677,7335,14011
25,21371,1,0.0,678,7335,14036
29,21400,1,0.0,679,7340,14060
76,21476,1,0.0,680,7343,14133
15,21491,1,0.0,681,7344,14147
31,21522,1,0.0,682,7346,14176
29,21551,1,0.0,683,7350,14201
27,21578,1,0.0,684,7353,14225
18,21596,1,0.0,685,7355,14241
85,21681,1,0.0,686,7364,14317
52,21733,1,0.0,687,7367,14366
17,21750,1,0.0,688,7368,14382
48,21798,1,0.0,689,7370,14428
8,21806,1,0.0,690,7370,14436
38,21844,1,0.0,691,7373,14471
7,21851,1,0.0,692,7374,14477
22,21873,1,0.0,693,7376,14497
19,21892,1,0.0,694,7378,14514
65,21957,1,0.0,695,7387,14570
20,21977,1,0.0,696,7389,14588
48,22025,1,0.0,697,7394,14631
49,22074,2,1.0,698,7397,14677
30,22104,2,0.0,699,7398,14706
39,22143,2,0.0,700,7400,14743
52,22195,2,0.0,701,7401,14794
20,22215,2,0.0,702,7402,14813
8,22223,2,0.0,703,7402,14821
29,22252,2,0.0,704,7402,14850
18,22270,2,0.0,705,7403,14867
8,22278,2,0.0,706,7403,14875
30,22308,2,0.0,707,7407,14901
23,22331,2,0.0,708,7407,14924
23,22354,2,0.0,709,7410,14944
21,22375,2,0.0,710,7411,14964
36,22411,2,0.0,711,7414,14997
23,22434,2,0.0,712,7414,15020
12,22446,2,0.0,713,7414,15032
82,22528,2,0.0,714,7418,15110
41,22569,2,0.0,715,7420,15149
11,22580,2,0.0,716,7421,15159
33,22613,2,0.0,717,7422,15191
28,22641,2,0.0,718,7424,15217
34,22675,2,0.0,719,7428,15247
25,22700,2,0.0,720,7429,15271
10,22710,2,0.0,721,7429,15281
80,22790,2,0.0,722,7435,15355
49,22839,2,0.0,723,7437,15402
15,22854,2,0.0,724,7438,15416
50,22904,2,0.0,725,7441,15463
16,22920,2,0.0,726,7442,15478
15,22935,2,0.0,727,7445,15490
5,22940,2,0.0,728,7445,15495
48,22988,2,0.0,729,7449,15539
9,22997,2,0.0,730,7449,15548
13,23010,2,0.0,731,7451,15559
33,23043,2,0.0,732,7452,15591
29,23072,2,0.0,733,7455,15617
19,23091,2,0.0,734,7456,15635
11,23102,2,0.0,735,7456,15646
40,23142,2,0.0,736,7458,15684
62,23204,2,0.0,737,7463,15741
14,23218,2,0.0,738,7465,15753
9,23227,2,0.0,739,7465,15762
71,23298,2,0.0,740,7468,15830
35,23333,2,0.0,741,7468,15865
14,23347,2,0.0,742,7468,15879
24,23371,2,0.0,743,7471,15900
14,23385,2,0.0,744,7472,15913
27,23412,2,0.0,745,7474,15938
13,23425,2,0.0,746,7474,15951
13,23438,2,0.0,747,7475,15963
89,23527,2,0.0,748,7478,16049
13,23540,2,0.0,749,7478,16062
30,23570,2,0.0,750,7479,16091
18,23588,2,0.0,751,7481,16107
21,23609,2,0.0,752,7482,16127
20,23629,2,0.0,753,7483,16146
23,23652,2,0.0,754,7483,16169
13,23665,2,0.0,755,7485,16180
23,23688,2,0.0,756,7488,16200
15,23703,2,0.0,757,7489,16214
13,23716,2,0.0,758,7489,16227
22,23738,2,0.0,759,7492,16246
11,23749,2,0.0,760,7492,16257
31,23780,2,0.0,761,7493,16287
7,23787,2,0.0,762,7493,16294
15,23802,2,0.0,763,7494,16308
19,23821,2,0.0,764,7494,16327
25,23846,2,0.0,765,7495,16351
42,23888,2,0.0,766,7495,16393
13,23901,2,0.0,767,7496,16405
44,23945,2,0.0,768,7499,16446
60,24005,2,0.0,769,7501,16504
25,24030,2,0.0,770,7502,16528
14,24044,2,0.0,771,7502,16542
7,24051,2,0.0,772,7503,16548
34,24085,2,0.0,773,7503,16582
19,24104,2,0.0,774,7504,16600
15,24119,2,0.0,775,7506,16613
28,24147,2,0.0,776,7507,16640
32,24179,2,0.0,777,7509,16670
17,24196,2,0.0,778,7509,16687
24,24220,2,0.0,779,7509,16711
24,24244,2,0.0,780,7512,16732
6,24250,2,0.0,781,7512,16738
24,24274,2,0.0,782,7513,16761
16,24290,2,0.0,783,7513,16777
96,24386,2,0.0,784,7520,16866
74,24460,2,0.0,785,7523,16937
33,24493,2,0.0,786,7527,16966
91,24584,2,0.0,787,7529,17055
40,24624,2,0.0,788,7531,17093
51,24675,2,0.0,789,7536,17139
40,24715,3,1.0,790,7538,17177
93,24808,3,0.0,791,7540,17268
44,24852,3,0.0,792,7540,17312
20,24872,3,0.0,793,7540,17332
26,24898,3,0.0,794,7540,17358
43,24941,3,0.0,795,7540,17401
59,25000,4,1.0,796,7541,17459
12,25012,4,0.0,797,7542,17470
35,25047,4,0.0,798,7542,17505
67,25114,4,0.0,799,7542,17572
28,25142,4,0.0,800,7542,17600
21,25163,4,0.0,801,7542,17621
19,25182,4,0.0,802,7542,17640
16,25198,4,0.0,803,7542,17656
42,25240,4,0.0,804,7542,17698
37,25277,4,0.0,805,7542,17735
58,25335,4,0.0,806,7542,17793
43,25378,4,0.0,807,7542,17836
17,25395,4,0.0,808,7542,17853
8,25403,4,0.0,809,7542,17861
31,25434,4,0.0,810,7542,17892
18,25452,4,0.0,811,7543,17909
51,25503,4,0.0,812,7543,17960
7,25510,4,0.0,813,7543,17967
62,25572,4,0.0,814,7543,18029
20,25592,4,0.0,815,7543,18049
61,25653,4,0.0,816,7543,18110
25,25678,4,0.0,817,7543,18135
14,25692,4,0.0,818,7543,18149
23,25715,4,0.0,819,7543,18172
53,25768,4,0.0,820,7543,18225
21,25789,4,0.0,821,7543,18246
67,25856,4,0.0,822,7543,18313
12,25868,4,0.0,823,7543,18325
18,25886,4,0.0,824,7543,18343
68,25954,4,0.0,825,7543,18411
9,25963,4,0.0,826,7543,18420
28,25991,4,0.0,827,7543,18448
16,26007,4,0.0,828,7543,18464
71,26078,4,0.0,829,7543,18535
16,26094,4,0.0,830,7543,18551
28,26122,4,0.0,831,7543,18579
23,26145,4,0.0,832,7543,18602
36,26181,4,0.0,833,7543,18638
14,26195,4,0.0,834,7543,18652
40,26235,4,0.0,835,7543,18692
20,26255,4,0.0,836,7543,18712
16,26271,4,0.0,837,7543,18728
19,26290,4,0.0,838,7543,18747
42,26332,4,0.0,839,7543,18789
42,26374,5,1.0,840,7543,18831
78,26452,5,0.0,841,7543,18909
92,26544,5,0.0,842,7543,19001
16,26560,5,0.0,843,7543,19017
23,26583,5,0.0,844,7543,19040
55,26638,5,0.0,845,7543,19095
100,26738,5,0.0,846,7543,19195
12,26750,5,0.0,847,7543,19207
40,26790,5,0.0,848,7543,19247
30,26820,6,1.0,849,7543,19277
99,26919,6,0.0,850,7543,19376
29,26948,6,0.0,851,7543,19405
29,26977,6,0.0,852,7543,19434
11,26988,6,0.0,853,7543,19445
14,27002,6,0.0,854,7543,19459
27,27029,6,0.0,855,7543,19486
24,27053,6,0.0,856,7543,19510
30,27083,6,0.0,857,7543,19540
18,27101,6,0.0,858,7543,19558
51,27152,7,1.0,859,7543,19609
18,27170,7,0.0,860,7543,19627
29,27199,7,0.0,861,7543,19656
21,27220,7,0.0,862,7543,19677
23,27243,7,0.0,863,7543,19700
54,27297,7,0.0,864,7543,19754
11,27308,7,0.0,865,7543,19765
34,27342,7,0.0,866,7543,19799
14,27356,7,0.0,867,7543,19813
21,27377,7,0.0,868,7543,19834
13,27390,7,0.0,869,7543,19847
25,27415,7,0.0,870,7543,19872
26,27441,7,0.0,871,7543,19898
6,27447,7,0.0,872,7543,19904
16,27463,7,0.0,873,7543,19920
7,27470,7,0.0,874,7543,19927
12,27482,7,0.0,875,7543,19939
31,27513,7,0.0,876,7543,19970
24,27537,8,1.0,877,7543,19994
14,27551,8,0.0,878,7543,20008
26,27577,8,0.0,879,7543,20034
64,27641,8,0.0,880,7543,20098
42,27683,8,0.0,881,7543,20140
21,27704,8,0.0,882,7543,20161
16,27720,8,0.0,883,7543,20177
11,27731,8,0.0,884,7543,20188
22,27753,8,0.0,885,7543,20210
13,27766,8,0.0,886,7543,20223
21,27787,8,0.0,887,7543,20244
32,27819,8,0.0,888,7543,20276
59,27878,8,0.0,889,7543,20335
100,27978,8,0.0,890,7543,20435
23,28001,8,0.0,891,7543,20458
12,28013,8,0.0,892,7543,20470
31,28044,8,0.0,893,7543,20501
50,28094,8,0.0,894,7543,20551
17,28111,8,0.0,895,7543,20568
11,28122,8,0.0,896,7543,20579
41,28163,8,0.0,897,7543,20620
9,28172,8,0.0,898,7543,20629
32,28204,8,0.0,899,7543,20661
10,28214,8,0.0,900,7543,20671
18,28232,8,0.0,901,7543,20689
10,28242,8,0.0,902,7543,20699
22,28264,8,0.0,903,7543,20721
16,28280,8,0.0,904,7543,20737
33,28313,8,0.0,905,7543,20770
34,28347,8,0.0,906,7543,20804
26,28373,8,0.0,907,7543,20830
18,28391,8,0.0,908,7543,20848
13,28404,8,0.0,909,7543,20861
22,28426,8,0.0,910,7543,20883
20,28446,8,0.0,911,7543,20903
60,28506,8,0.0,912,7543,20963
18,28524,8,0.0,913,7543,20981
72,28596,8,0.0,914,7543,21053
8,28604,8,0.0,915,7543,21061
72,28676,8,0.0,916,7543,21133
36,28712,8,0.0,917,7543,21169
44,28756,8,0.0,918,7543,21213
74,28830,8,0.0,919,7543,21287
35,28865,8,0.0,920,7543,21322
42,28907,8,0.0,921,7543,21364
46,28953,8,0.0,922,7543,21410
44,28997,8,0.0,923,7543,21454
100,29097,8,0.0,924,7543,21554
49,29146,8,0.0,925,7543,21603
25,29171,8,0.0,926,7543,21628
19,29190,8,0.0,927,7543,21647
18,29208,8,0.0,928,7543,21665
13,29221,8,0.0,929,7543,21678
37,29258,8,0.0,930,7543,21715
41,29299,8,0.0,931,7543,21756
26,29325,8,0.0,932,7543,21782
8,29333,8,0.0,933,7543,21790
35,29368,8,0.0,934,7543,21825
19,29387,8,0.0,935,7543,21844
100,29487,8,0.0,936,7543,21944
52,29539,9,1.0,937,7543,21996
36,29575,9,0.0,938,7543,22032
8,29583,9,0.0,939,7543,22040
37,29620,9,0.0,940,7543,22077
12,29632,9,0.0,941,7543,22089
11,29643,9,0.0,942,7543,22100
62,29705,9,0.0,943,7543,22162
69,29774,9,0.0,944,7543,22231
26,29800,9,0.0,945,7543,22257
31,29831,9,0.0,946,7543,22288
28,29859,9,0.0,947,7543,22316
56,29915,9,0.0,948,7543,22372
38,29953,9,0.0,949,7543,22410
29,29982,9,0.0,950,7543,22439
11,29993,9,0.0,951,7543,22450
14,30007,9,0.0,952,7543,22464
17,30024,9,0.0,953,7543,22481
16,30040,9,0.0,954,7543,22497
70,30110,9,0.0,955,7543,22567
12,30122,9,0.0,956,7543,22579
53,30175,9,0.0,957,7543,22632
32,30207,9,0.0,958,7543,22664
44,30251,9,0.0,959,7543,22708
36,30287,9,0.0,960,7543,22744
14,30301,9,0.0,961,7543,22758
53,30354,9,0.0,962,7543,22811
17,30371,9,0.0,963,7543,22828
9,30380,9,0.0,964,7543,22837
39,30419,9,0.0,965,7543,22876
55,30474,9,0.0,966,7543,22931
56,30530,9,0.0,967,7543,22987
37,30567,9,0.0,968,7543,23024
13,30580,9,0.0,969,7543,23037
26,30606,9,0.0,970,7543,23063
10,30616,9,0.0,971,7543,23073
24,30640,9,0.0,972,7543,23097
29,30669,9,0.0,973,7543,23126
32,30701,9,0.0,974,7543,23158
27,30728,9,0.0,975,7543,23185
32,30760,9,0.0,976,7543,23217
6,30766,9,0.0,977,7543,23223
24,30790,9,0.0,978,7543,23247
9,30799,9,0.0,979,7543,23256
38,30837,10,1.0,980,7543,23294
22,30859,10,0.0,981,7543,23316
24,30883,11,1.0,982,7543,23340
55,30938,11,0.0,983,7543,23395
63,31001,11,0.0,984,7543,23458
37,31038,11,0.0,985,7543,23495
7,31045,11,0.0,986,7543,23502
16,31061,11,0.0,987,7543,23518
14,31075,11,0.0,988,7543,23532
73,31148,11,0.0,989,7543,23605
40,31188,11,0.0,990,7543,23645
11,31199,11,0.0,991,7543,23656
5,31204,11,0.0,992,7543,23661
8,31212,11,0.0,993,7543,23669
35,31247,11,0.0,994,7543,23704
31,31278,11,0.0,995,7543,23735
43,31321,12,1.0,996,7543,23778
16,31337,12,0.0,997,7543,23794
21,31358,12,0.0,998,7543,23815
9,31367,12,0.0,999,7543,23824
20,31387,12,0.0,1000,7543,23844
24,31411,12,0.0,1001,7543,23868
35,31446,12,0.0,1002,7543,23903
32,31478,12,0.0,1003,7543,23935
30,31508,12,0.0,1004,7543,23965
72,31580,13,1.0,1005,7543,24037
51,31631,13,0.0,1006,7543,24088
13,31644,13,0.0,1007,7543,24101
12,31656,13,0.0,1008,7543,24113
25,31681,13,0.0,1009,7543,24138
29,31710,13,0.0,1010,7543,24167
39,31749,13,0.0,1011,7543,24206
20,31769,13,0.0,1012,7543,24226
33,31802,13,0.0,1013,7543,24259
23,31825,13,0.0,1014,7543,24282
10,31835,13,0.0,1015,7543,24292
20,31855,13,0.0,1016,7543,24312
27,31882,13,0.0,1017,7543,24339
44,31926,13,0.0,1018,7543,24383
44,31970,13,0.0,1019,7543,24427
24,31994,13,0.0,1020,7543,24451
10,32004,13,0.0,1021,7543,24461
24,32028,13,0.0,1022,7543,24485
26,32054,13,0.0,1023,7543,24511
9,32063,13,0.0,1024,7543,24520
76,32139,13,0.0,1025,7544,24595
11,32150,13,0.0,1026,7544,24606
11,32161,13,0.0,1027,7544,24617
29,32190,13,0.0,1028,7544,24646
30,32220,13,0.0,1029,7544,24676
48,32268,13,0.0,1030,7544,24724
21,32289,13,0.0,1031,7544,24745
20,32309,13,0.0,1032,7544,24765
14,32323,13,0.0,1033,7544,24779
25,32348,13,0.0,1034,7544,24804
32,32380,13,0.0,1035,7544,24836
15,32395,13,0.0,1036,7544,24851
25,32420,13,0.0,1037,7544,24876
22,32442,13,0.0,1038,7544,24898
10,32452,13,0.0,1039,7544,24908
83,32535,13,0.0,1040,7544,24991
23,32558,13,0.0,1041,7544,25014
22,32580,13,0.0,1042,7544,25036
56,32636,13,0.0,1043,7544,25092
29,32665,13,0.0,1044,7544,25121
27,32692,13,0.0,1045,7544,25148
58,32750,13,0.0,1046,7544,25206
31,32781,13,0.0,1047,7544,25237
24,32805,13,0.0,1048,7544,25261
22,32827,13,0.0,1049,7544,25283
58,32885,13,0.0,1050,7544,25341
27,32912,13,0.0,1051,7544,25368
20,32932,13,0.0,1052,7544,25388
35,32967,13,0.0,1053,7544,25423
9,32976,13,0.0,1054,7544,25432
14,32990,13,0.0,1055,7544,25446
10,33000,13,0.0,1056,7544,25456
51,33051,13,0.0,1057,7544,25507
26,33077,13,0.0,1058,7544,25533
25,33102,13,0.0,1059,7544,25558
7,33109,13,0.0,1060,7544,25565
42,33151,13,0.0,1061,7544,25607
28,33179,13,0.0,1062,7544,25635
9,33188,13,0.0,1063,7544,25644
18,33206,13,0.0,1064,7544,25662
6,33212,13,0.0,1065,7544,25668
33,33245,13,0.0,1066,7544,25701
23,33268,13,0.0,1067,7544,25724
25,33293,13,0.0,1068,7544,25749
39,33332,13,0.0,1069,7544,25788
68,33400,13,0.0,1070,7544,25856
83,33483,13,0.0,1071,7544,25939
15,33498,13,0.0,1072,7544,25954
63,33561,14,1.0,1073,7544,26017
47,33608,14,0.0,1074,7544,26064
22,33630,14,0.0,1075,7544,26086
13,33643,14,0.0,1076,7544,26099
47,33690,14,0.0,1077,7544,26146
11,33701,14,0.0,1078,7544,26157
16,33717,14,0.0,1079,7544,26173
16,33733,14,0.0,1080,7544,26189
16,33749,14,0.0,1081,7544,26205
32,33781,14,0.0,1082,7544,26237
52,33833,14,0.0,1083,7544,26289
25,33858,14,0.0,1084,7544,26314
5,33863,14,0.0,1085,7544,26319
18,33881,14,0.0,1086,7544,26337
65,33946,14,0.0,1087,7544,26402
10,33956,14,0.0,1088,7544,26412
45,34001,14,0.0,1089,7544,26457
21,34022,14,0.0,1090,7544,26478
15,34037,14,0.0,1091,7544,26493
17,34054,14,0.0,1092,7544,26510
18,34072,14,0.0,1093,7544,26528
15,34087,14,0.0,1094,7544,26543
17,34104,14,0.0,1095,7544,26560
15,34119,14,0.0,1096,7544,26575
23,34142,15,1.0,1097,7544,26598
24,34166,15,0.0,1098,7544,26622
7,34173,15,0.0,1099,7544,26629
39,34212,15,0.0,1100,7544,26668
21,34233,15,0.0,1101,7544,26689
25,34258,16,1.0,1102,7544,26714
64,34322,16,0.0,1103,7544,26778
76,34398,16,0.0,1104,7544,26854
15,34413,16,0.0,1105,7544,26869
28,34441,16,0.0,1106,7544,26897
12,34453,16,0.0,1107,7544,26909
14,34467,16,0.0,1108,7544,26923
14,34481,16,0.0,1109,7544,26937
18,34499,16,0.0,1110,7544,26955
100,34599,16,0.0,1111,7544,27055
35,34634,16,0.0,1112,7544,27090
16,34650,16,0.0,1113,7544,27106
21,34671,16,0.0,1114,7544,27127
30,34701,16,0.0,1115,7544,27157
36,34737,16,0.0,1116,7544,27193
44,34781,16,0.0,1117,7544,27237
26,34807,16,0.0,1118,7544,27263
24,34831,16,0.0,1119,7544,27287
23,34854,16,0.0,1120,7544,27310
28,34882,16,0.0,1121,7544,27338
25,34907,16,0.0,1122,7544,27363
41,34948,16,0.0,1123,7544,27404
15,34963,16,0.0,1124,7544,27419
21,34984,16,0.0,1125,7544,27440
13,34997,16,0.0,1126,7544,27453
9,35006,16,0.0,1127,7544,27462
27,35033,16,0.0,1128,7544,27489
56,35089,16,0.0,1129,7544,27545
19,35108,16,0.0,1130,7544,27564
23,35131,16,0.0,1131,7544,27587
27,35158,16,0.0,1132,7544,27614
24,35182,16,0.0,1133,7544,27638
38,35220,17,1.0,1134,7544,27676
43,35263,17,0.0,1135,7544,27719
49,35312,17,0.0,1136,7544,27768
18,35330,17,0.0,1137,7544,27786
16,35346,17,0.0,1138,7544,27802
76,35422,17,0.0,1139,7544,27878
7,35429,17,0.0,1140,7544,27885
76,35505,18,1.0,1141,7544,27961
33,35538,18,0.0,1142,7544,27994
23,35561,18,0.0,1143,7544,28017
17,35578,18,0.0,1144,7544,28034
30,35608,18,0.0,1145,7544,28064
26,35634,18,0.0,1146,7544,28090
19,35653,18,0.0,1147,7544,28109
13,35666,18,0.0,1148,7544,28122
40,35706,18,0.0,1149,7544,28162
12,35718,18,0.0,1150,7544,28174
29,35747,18,0.0,1151,7544,28203
50,35797,19,1.0,1152,7544,28253
11,35808,19,0.0,1153,7544,28264
14,35822,19,0.0,1154,7544,28278
23,35845,20,1.0,1155,7544,28301
25,35870,20,0.0,1156,7544,28326
31,35901,20,0.0,1157,7544,28357
14,35915,20,0.0,1158,7544,28371
16,35931,20,0.0,1159,7544,28387
35,35966,20,0.0,1160,7544,28422
34,36000,20,0.0,1161,7544,28456
14,36014,20,0.0,1162,7544,28470
37,36051,21,1.0,1163,7544,28507
80,36131,21,0.0,1164,7544,28587
10,36141,21,0.0,1165,7544,28597
19,36160,21,0.0,1166,7544,28616
7,36167,21,0.0,1167,7544,28623
27,36194,21,0.0,1168,7544,28650
10,36204,21,0.0,1169,7544,28660
21,36225,22,1.0,1170,7544,28681
71,36296,22,0.0,1171,7544,28752
31,36327,22,0.0,1172,7544,28783
10,36337,22,0.0,1173,7544,28793
26,36363,22,0.0,1174,7544,28819
19,36382,22,0.0,1175,7544,28838
32,36414,22,0.0,1176,7544,28870
42,36456,23,1.0,1177,7544,28912
28,36484,23,0.0,1178,7544,28940
36,36520,23,0.0,1179,7544,28976
48,36568,23,0.0,1180,7544,29024
62,36630,23,0.0,1181,7544,29086
25,36655,23,0.0,1182,7544,29111
14,36669,23,0.0,1183,7544,29125
32,36701,23,0.0,1184,7544,29157
71,36772,23,0.0,1185,7544,29228
45,36817,23,0.0,1186,7544,29273
48,36865,23,0.0,1187,7544,29321
50,36915,24,1.0,1188,7544,29371
54,36969,25,1.0,1189,7544,29425
17,36986,25,0.0,1190,7544,29442
18,37004,25,0.0,1191,7544,29460
100,37104,25,0.0,1192,7544,29560
8,37112,25,0.0,1193,7544,29568
28,37140,25,0.0,1194,7544,29596
31,37171,25,0.0,1195,7544,29627
26,37197,25,0.0,1196,7544,29653
13,37210,25,0.0,1197,7544,29666
16,37226,25,0.0,1198,7544,29682
5,37231,25,0.0,1199,7544,29687
23,37254,25,0.0,1200,7544,29710
13,37267,25,0.0,1201,7544,29723
49,37316,25,0.0,1202,7544,29772
10,37326,25,0.0,1203,7544,29782
40,37366,25,0.0,1204,7544,29822
12,37378,25,0.0,1205,7544,29834
47,37425,25,0.0,1206,7544,29881
24,37449,25,0.0,1207,7544,29905
11,37460,25,0.0,1208,7544,29916
14,37474,25,0.0,1209,7544,29930
21,37495,25,0.0,1210,7544,29951
21,37516,25,0.0,1211,7544,29972
25,37541,25,0.0,1212,7544,29997
17,37558,25,0.0,1213,7544,30014
17,37575,25,0.0,1214,7544,30031
23,37598,25,0.0,1215,7544,30054
9,37607,25,0.0,1216,7544,30063
91,37698,25,0.0,1217,7544,30154
76,37774,25,0.0,1218,7544,30230
20,37794,25,0.0,1219,7544,30250
15,37809,25,0.0,1220,7544,30265
7,37816,25,0.0,1221,7544,30272
9,37825,25,0.0,1222,7544,30281
36,37861,25,0.0,1223,7544,30317
14,37875,25,0.0,1224,7544,30331
10,37885,25,0.0,1225,7544,30341
41,37926,25,0.0,1226,7544,30382
19,37945,25,0.0,1227,7544,30401
19,37964,25,0.0,1228,7544,30420
75,38039,25,0.0,1229,7544,30495
22,38061,25,0.0,1230,7544,30517
24,38085,25,0.0,1231,7544,30541
19,38104,25,0.0,1232,7544,30560
67,38171,25,0.0,1233,7544,30627
13,38184,25,0.0,1234,7544,30640
76,38260,25,0.0,1235,7544,30716
9,38269,25,0.0,1236,7544,30725
7,38276,25,0.0,1237,7544,30732
17,38293,25,0.0,1238,7544,30749
15,38308,25,0.0,1239,7544,30764
68,38376,25,0.0,1240,7544,30832
30,38406,25,0.0,1241,7544,30862
16,38422,25,0.0,1242,7544,30878
6,38428,25,0.0,1243,7544,30884
20,38448,25,0.0,1244,7544,30904
12,38460,25,0.0,1245,7544,30916
62,38522,25,0.0,1246,7544,30978
26,38548,25,0.0,1247,7544,31004
12,38560,25,0.0,1248,7544,31016
47,38607,25,0.0,1249,7544,31063
31,38638,25,0.0,1250,7544,31094
82,38720,25,0.0,1251,7544,31176
48,38768,25,0.0,1252,7544,31224
14,38782,25,0.0,1253,7544,31238
9,38791,25,0.0,1254,7544,31247
92,38883,25,0.0,1255,7544,31339
15,38898,25,0.0,1256,7544,31354
17,38915,25,0.0,1257,7544,31371
23,38938,25,0.0,1258,7544,31394
21,38959,25,0.0,1259,7544,31415
16,38975,25,0.0,1260,7544,31431
31,39006,25,0.0,1261,7544,31462
62,39068,25,0.0,1262,7544,31524
25,39093,26,1.0,1263,7544,31549
8,39101,26,0.0,1264,7544,31557
68,39169,26,0.0,1265,7544,31625
11,39180,26,0.0,1266,7544,31636
42,39222,26,0.0,1267,7544,31678
49,39271,26,0.0,1268,7544,31727
44,39315,26,0.0,1269,7544,31771
43,39358,26,0.0,1270,7544,31814
20,39378,26,0.0,1271,7544,31834
15,39393,26,0.0,1272,7544,31849
40,39433,26,0.0,1273,7544,31889
20,39453,26,0.0,1274,7544,31909
19,39472,26,0.0,1275,7544,31928
7,39479,26,0.0,1276,7544,31935
10,39489,26,0.0,1277,7544,31945
62,39551,26,0.0,1278,7544,32007
23,39574,26,0.0,1279,7544,32030
38,39612,26,0.0,1280,7544,32068
21,39633,26,0.0,1281,7544,32089
7,39640,26,0.0,1282,7544,32096
48,39688,27,1.0,1283,7544,32144
48,39736,28,1.0,1284,7544,32192
13,39749,28,0.0,1285,7544,32205
9,39758,28,0.0,1286,7544,32214
11,39769,28,0.0,1287,7544,32225
35,39804,28,0.0,1288,7544,32260
94,39898,28,0.0,1289,7544,32354
19,39917,28,0.0,1290,7544,32373
35,39952,28,0.0,1291,7544,32408
26,39978,28,0.0,1292,7544,32434
22,40000,28,0.0,1293,7544,32456
72,40072,28,0.0,1294,7544,32528
35,40107,29,1.0,1295,7544,32563
11,40118,29,0.0,1296,7544,32574
31,40149,29,0.0,1297,7544,32605
24,40173,29,0.0,1298,7544,32629
50,40223,29,0.0,1299,7544,32679
33,40256,29,0.0,1300,7544,32712
43,40299,29,0.0,1301,7544,32755
26,40325,29,0.0,1302,7544,32781
10,40335,29,0.0,1303,7544,32791
10,40345,29,0.0,1304,7544,32801
27,40372,29,0.0,1305,7544,32828
15,40387,29,0.0,1306,7544,32843
36,40423,29,0.0,1307,7544,32879
53,40476,29,0.0,1308,7544,32932
35,40511,30,1.0,1309,7544,32967
27,40538,30,0.0,1310,7544,32994
36,40574,30,0.0,1311,7544,33030
19,40593,30,0.0,1312,7544,33049
23,40616,30,0.0,1313,7544,33072
61,40677,30,0.0,1314,7544,33133
8,40685,30,0.0,1315,7544,33141
29,40714,31,1.0,1316,7544,33170
7,40721,31,0.0,1317,7544,33177
20,40741,31,0.0,1318,7544,33197
18,40759,31,0.0,1319,7544,33215
29,40788,31,0.0,1320,7544,33244
27,40815,31,0.0,1321,7544,33271
24,40839,31,0.0,1322,7544,33295
28,40867,31,0.0,1323,7544,33323
16,40883,31,0.0,1324,7544,33339
5,40888,31,0.0,1325,7544,33344
48,40936,31,0.0,1326,7544,33392
19,40955,31,0.0,1327,7544,33411
91,41046,31,0.0,1328,7544,33502
13,41059,31,0.0,1329,7544,33515
26,41085,31,0.0,1330,7544,33541
15,41100,31,0.0,1331,7544,33556
15,41115,31,0.0,1332,7544,33571
12,41127,31,0.0,1333,7544,33583
52,41179,31,0.0,1334,7544,33635
36,41215,31,0.0,1335,7544,33671
13,41228,31,0.0,1336,7544,33684
24,41252,31,0.0,1337,7544,33708
15,41267,31,0.0,1338,7544,33723
49,41316,31,0.0,1339,7544,33772
51,41367,31,0.0,1340,7544,33823
64,41431,31,0.0,1341,7544,33887
16,41447,31,0.0,1342,7544,33903
16,41463,31,0.0,1343,7544,33919
20,41483,31,0.0,1344,7544,33939
9,41492,31,0.0,1345,7544,33948
100,41592,31,0.0,1346,7544,34048
22,41614,31,0.0,1347,7544,34070
35,41649,31,0.0,1348,7544,34105
59,41708,31,0.0,1349,7544,34164
40,41748,32,1.0,1350,7544,34204
17,41765,32,0.0,1351,7544,34221
23,41788,32,0.0,1352,7544,34244
33,41821,32,0.0,1353,7544,34277
46,41867,33,1.0,1354,7544,34323
7,41874,33,0.0,1355,7544,34330
33,41907,33,0.0,1356,7544,34363
26,41933,33,0.0,1357,7544,34389
45,41978,33,0.0,1358,7544,34434
43,42021,33,0.0,1359,7544,34477
24,42045,33,0.0,1360,7544,34501
16,42061,33,0.0,1361,7544,34517
22,42083,33,0.0,1362,7544,34539
46,42129,33,0.0,1363,7544,34585
10,42139,33,0.0,1364,7544,34595
22,42161,33,0.0,1365,7544,34617
11,42172,33,0.0,1366,7544,34628
20,42192,33,0.0,1367,7544,34648
27,42219,33,0.0,1368,7544,34675
38,42257,33,0.0,1369,7544,34713
21,42278,33,0.0,1370,7544,34734
89,42367,33,0.0,1371,7544,34823
14,42381,33,0.0,1372,7544,34837
25,42406,33,0.0,1373,7544,34862
100,42506,33,0.0,1374,7544,34962
7,42513,33,0.0,1375,7544,34969
9,42522,33,0.0,1376,7544,34978
34,42556,34,1.0,1377,7544,35012
40,42596,34,0.0,1378,7544,35052
32,42628,34,0.0,1379,7544,35084
16,42644,34,0.0,1380,7544,35100
16,42660,34,0.0,1381,7544,35116
10,42670,34,0.0,1382,7544,35126
39,42709,34,0.0,1383,7544,35165
15,42724,34,0.0,1384,7544,35180
7,42731,34,0.0,1385,7544,35187
30,42761,34,0.0,1386,7544,35217
10,42771,34,0.0,1387,7544,35227
29,42800,34,0.0,1388,7544,35256
20,42820,34,0.0,1389,7544,35276
17,42837,34,0.0,1390,7544,35293
58,42895,35,1.0,1391,7544,35351
17,42912,35,0.0,1392,7544,35368
12,42924,35,0.0,1393,7544,35380
18,42942,35,0.0,1394,7544,35398
11,42953,35,0.0,1395,7544,35409
17,42970,35,0.0,1396,7544,35426
10,42980,35,0.0,1397,7544,35436
18,42998,35,0.0,1398,7544,35454
28,43026,35,0.0,1399,7544,35482
51,43077,35,0.0,1400,7544,35533
42,43119,35,0.0,1401,7544,35575
14,43133,35,0.0,1402,7544,35589
23,43156,35,0.0,1403,7544,35612
61,43217,35,0.0,1404,7544,35673
14,43231,35,0.0,1405,7544,35687
31,43262,36,1.0,1406,7544,35718
85,43347,36,0.0,1407,7544,35803
22,43369,36,0.0,1408,7544,35825
30,43399,36,0.0,1409,7544,35855
38,43437,36,0.0,1410,7544,35893
45,43482,37,1.0,1411,7544,35938
16,43498,37,0.0,1412,7544,35954
44,43542,37,0.0,1413,7544,35998
38,43580,37,0.0,1414,7544,36036
13,43593,37,0.0,1415,7544,36049
21,43614,37,0.0,1416,7544,36070
24,43638,37,0.0,1417,7544,36094
22,43660,37,0.0,1418,7544,36116
22,43682,37,0.0,1419,7544,36138
19,43701,37,0.0,1420,7544,36157
11,43712,37,0.0,1421,7544,36168
24,43736,37,0.0,1422,7544,36192
100,43836,37,0.0,1423,7544,36292
61,43897,37,0.0,1424,7544,36353
9,43906,37,0.0,1425,7544,36362
17,43923,37,0.0,1426,7544,36379
5,43928,37,0.0,1427,7544,36384
5,43933,37,0.0,1428,7544,36389
23,43956,37,0.0,1429,7544,36412
17,43973,37,0.0,1430,7544,36429
17,43990,37,0.0,1431,7544,36446
20,44010,37,0.0,1432,7544,36466
21,44031,37,0.0,1433,7544,36487
15,44046,37,0.0,1434,7544,36502
19,44065,37,0.0,1435,7544,36521
16,44081,37,0.0,1436,7544,36537
33,44114,37,0.0,1437,7544,36570
34,44148,37,0.0,1438,7544,36604
18,44166,37,0.0,1439,7544,36622
29,44195,37,0.0,1440,7544,36651
5,44200,37,0.0,1441,7544,36656
49,44249,37,0.0,1442,7544,36705
77,44326,37,0.0,1443,7544,36782
41,44367,37,0.0,1444,7544,36823
28,44395,37,0.0,1445,7544,36851
9,44404,37,0.0,1446,7544,36860
30,44434,37,0.0,1447,7544,36890
12,44446,37,0.0,1448,7544,36902
47,44493,38,1.0,1449,7544,36949
23,44516,38,0.0,1450,7544,36972
9,44525,38,0.0,1451,7544,36981
11,44536,38,0.0,1452,7544,36992
22,44558,38,0.0,1453,7544,37014
18,44576,38,0.0,1454,7544,37032
71,44647,38,0.0,1455,7544,37103
13,44660,38,0.0,1456,7544,37116
49,44709,38,0.0,1457,7544,37165
41,44750,38,0.0,1458,7544,37206
53,44803,38,0.0,1459,7544,37259
79,44882,39,1.0,1460,7544,37338
9,44891,39,0.0,1461,7544,37347
58,44949,39,0.0,1462,7544,37405
22,44971,39,0.0,1463,7544,37427
11,44982,39,0.0,1464,7544,37438
57,45039,39,0.0,1465,7544,37495
19,45058,39,0.0,1466,7544,37514
27,45085,39,0.0,1467,7544,37541
91,45176,39,0.0,1468,7544,37632
22,45198,39,0.0,1469,7544,37654
16,45214,39,0.0,1470,7544,37670
29,45243,40,1.0,1471,7544,37699
13,45256,40,0.0,1472,7544,37712
78,45334,40,0.0,1473,7544,37790
15,45349,40,0.0,1474,7544,37805
56,45405,40,0.0,1475,7544,37861
25,45430,40,0.0,1476,7544,37886
13,45443,40,0.0,1477,7544,37899
22,45465,40,0.0,1478,7544,37921
35,45500,40,0.0,1479,7544,37956
5,45505,40,0.0,1480,7544,37961
31,45536,40,0.0,1481,7544,37992
49,45585,40,0.0,1482,7544,38041
24,45609,40,0.0,1483,7544,38065
45,45654,40,0.0,1484,7544,38110
9,45663,40,0.0,1485,7544,38119
38,45701,41,1.0,1486,7544,38157
28,45729,41,0.0,1487,7544,38185
28,45757,41,0.0,1488,7544,38213
13,45770,41,0.0,1489,7544,38226
38,45808,41,0.0,1490,7544,38264
47,45855,41,0.0,1491,7544,38311
25,45880,42,1.0,1492,7544,38336
23,45903,42,0.0,1493,7544,38359
10,45913,42,0.0,1494,7544,38369
7,45920,42,0.0,1495,7544,38376
22,45942,42,0.0,1496,7544,38398
31,45973,42,0.0,1497,7544,38429
55,46028,42,0.0,1498,7544,38484
26,46054,42,0.0,1499,7544,38510
35,46089,42,0.0,1500,7544,38545
9,46098,42,0.0,1501,7544,38554
25,46123,43,1.0,1502,7544,38579
28,46151,43,0.0,1503,7544,38607
27,46178,43,0.0,1504,7544,38634
31,46209,43,0.0,1505,7544,38665
57,46266,43,0.0,1506,7544,38722
64,46330,43,0.0,1507,7544,38786
8,46338,43,0.0,1508,7544,38794
22,46360,43,0.0,1509,7544,38816
24,46384,43,0.0,1510,7544,38840
17,46401,43,0.0,1511,7544,38857
100,46501,43,0.0,1512,7544,38957
14,46515,43,0.0,1513,7544,38971
37,46552,43,0.0,1514,7544,39008
100,46652,43,0.0,1515,7544,39108
30,46682,43,0.0,1516,7544,39138
10,46692,43,0.0,1517,7544,39148
35,46727,43,0.0,1518,7544,39183
62,46789,43,0.0,1519,7544,39245
29,46818,43,0.0,1520,7544,39274
31,46849,43,0.0,1521,7544,39305
7,46856,43,0.0,1522,7544,39312
13,46869,43,0.0,1523,7544,39325
61,46930,43,0.0,1524,7544,39386
18,46948,43,0.0,1525,7544,39404
19,46967,43,0.0,1526,7544,39423
48,47015,43,0.0,1527,7544,39471
15,47030,43,0.0,1528,7544,39486
24,47054,43,0.0,1529,7544,39510
9,47063,43,0.0,1530,7544,39519
15,47078,43,0.0,1531,7544,39534
35,47113,43,0.0,1532,7544,39569
31,47144,43,0.0,1533,7544,39600
24,47168,43,0.0,1534,7544,39624
7,47175,43,0.0,1535,7544,39631
8,47183,43,0.0,1536,7544,39639
14,47197,43,0.0,1537,7544,39653
6,47203,43,0.0,1538,7544,39659
41,47244,43,0.0,1539,7544,39700
31,47275,44,1.0,1540,7544,39731
28,47303,44,0.0,1541,7544,39759
14,47317,44,0.0,1542,7544,39773
11,47328,44,0.0,1543,7544,39784
16,47344,44,0.0,1544,7544,39800
18,47362,44,0.0,1545,7544,39818
19,47381,44,0.0,1546,7544,39837
28,47409,44,0.0,1547,7544,39865
24,47433,44,0.0,1548,7544,39889
10,47443,44,0.0,1549,7544,39899
37,47480,44,0.0,1550,7544,39936
12,47492,44,0.0,1551,7544,39948
13,47505,44,0.0,1552,7544,39961
17,47522,44,0.0,1553,7544,39978
15,47537,44,0.0,1554,7544,39993
8,47545,44,0.0,1555,7544,40001
19,47564,44,0.0,1556,7544,40020
44,47608,44,0.0,1557,7544,40064
15,47623,44,0.0,1558,7544,40079
11,47634,44,0.0,1559,7544,40090
42,47676,45,1.0,1560,7544,40132
11,47687,45,0.0,1561,7544,40143
26,47713,45,0.0,1562,7544,40169
18,47731,45,0.0,1563,7544,40187
32,47763,45,0.0,1564,7544,40219
9,47772,45,0.0,1565,7544,40228
18,47790,45,0.0,1566,7544,40246
10,47800,45,0.0,1567,7544,40256
63,47863,45,0.0,1568,7544,40319
23,47886,45,0.0,1569,7544,40342
48,47934,45,0.0,1570,7544,40390
39,47973,45,0.0,1571,7544,40429
17,47990,45,0.0,1572,7544,40446
74,48064,46,1.0,1573,7544,40520
72,48136,46,0.0,1574,7544,40592
23,48159,46,0.0,1575,7544,40615
19,48178,46,0.0,1576,7544,40634
13,48191,46,0.0,1577,7544,40647
60,48251,46,0.0,1578,7544,40707
20,48271,46,0.0,1579,7544,40727
34,48305,46,0.0,1580,7544,40761
12,48317,46,0.0,1581,7544,40773
16,48333,46,0.0,1582,7544,40789
23,48356,46,0.0,1583,7544,40812
40,48396,46,0.0,1584,7544,40852
11,48407,46,0.0,1585,7544,40863
47,48454,46,0.0,1586,7544,40910
22,48476,46,0.0,1587,7544,40932
21,48497,46,0.0,1588,7544,40953
35,48532,46,0.0,1589,7544,40988
30,48562,46,0.0,1590,7544,41018
24,48586,46,0.0,1591,7544,41042
48,48634,46,0.0,1592,7544,41090
10,48644,46,0.0,1593,7544,41100
14,48658,46,0.0,1594,7544,41114
43,48701,46,0.0,1595,7544,41157
13,48714,46,0.0,1596,7544,41170
51,48765,46,0.0,1597,7544,41221
36,48801,46,0.0,1598,7544,41257
6,48807,46,0.0,1599,7544,41263
9,48816,46,0.0,1600,7544,41272
39,48855,47,1.0,1601,7544,41311
23,48878,47,0.0,1602,7544,41334
22,48900,47,0.0,1603,7544,41356
20,48920,47,0.0,1604,7544,41376
16,48936,47,0.0,1605,7544,41392
14,48950,47,0.0,1606,7544,41406
36,48986,48,1.0,1607,7544,41442
30,49016,49,1.0,1608,7544,41472
77,49093,49,0.0,1609,7544,41549
17,49110,49,0.0,1610,7544,41566
35,49145,49,0.0,1611,7544,41601
29,49174,49,0.0,1612,7544,41630
32,49206,49,0.0,1613,7544,41662
69,49275,49,0.0,1614,7544,41731
12,49287,49,0.0,1615,7544,41743
22,49309,49,0.0,1616,7544,41765
21,49330,49,0.0,1617,7544,41786
14,49344,49,0.0,1618,7544,41800
100,49444,49,0.0,1619,7544,41900
25,49469,49,0.0,1620,7544,41925
17,49486,49,0.0,1621,7544,41942
52,49538,49,0.0,1622,7544,41994
57,49595,50,1.0,1623,7544,42051
56,49651,50,0.0,1624,7544,42107
27,49678,50,0.0,1625,7544,42134
51,49729,50,0.0,1626,7544,42185
53,49782,50,0.0,1627,7544,42238
11,49793,50,0.0,1628,7544,42249
23,49816,50,0.0,1629,7544,42272
34,49850,50,0.0,1630,7544,42306
11,49861,50,0.0,1631,7544,42317
28,49889,50,0.0,1632,7544,42345
26,49915,50,0.0,1633,7544,42371
67,49982,50,0.0,1634,7544,42438
12,49994,50,0.0,1635,7544,42450
36,50030,50,0.0,1636,7544,42486
20,50050,50,0.0,1637,7544,42506
21,50071,50,0.0,1638,7544,42527
7,50078,50,0.0,1639,7544,42534
47,50125,50,0.0,1640,7544,42581
29,50154,50,0.0,1641,7544,42610
9,50163,50,0.0,1642,7544,42619
6,50169,50,0.0,1643,7544,42625
61,50230,50,0.0,1644,7544,42686
25,50255,50,0.0,1645,7544,42711
25,50280,50,0.0,1646,7544,42736
100,50380,50,0.0,1647,7544,42836
48,50428,50,0.0,1648,7544,42884
45,50473,51,1.0,1649,7544,42929
19,50492,51,0.0,1650,7544,42948
12,50504,51,0.0,1651,7544,42960
29,50533,51,0.0,1652,7544,42989
24,50557,51,0.0,1653,7544,43013
43,50600,51,0.0,1654,7544,43056
21,50621,51,0.0,1655,7544,43077
60,50681,51,0.0,1656,7544,43137
28,50709,51,0.0,1657,7544,43165
31,50740,51,0.0,1658,7544,43196
11,50751,51,0.0,1659,7544,43207
47,50798,51,0.0,1660,7544,43254
24,50822,51,0.0,1661,7544,43278
29,50851,51,0.0,1662,7544,43307
31,50882,51,0.0,1663,7544,43338
16,50898,51,0.0,1664,7544,43354
27,50925,51,0.0,1665,7544,43381
65,50990,51,0.0,1666,7544,43446
18,51008,51,0.0,1667,7544,43464
47,51055,51,0.0,1668,7544,43511
16,51071,51,0.0,1669,7544,43527
6,51077,51,0.0,1670,7544,43533
18,51095,51,0.0,1671,7544,43551
46,51141,51,0.0,1672,7544,43597
32,51173,51,0.0,1673,7544,43629
8,51181,51,0.0,1674,7544,43637
15,51196,51,0.0,1675,7544,43652
15,51211,51,0.0,1676,7544,43667
10,51221,51,0.0,1677,7544,43677
17,51238,51,0.0,1678,7544,43694
27,51265,51,0.0,1679,7544,43721
21,51286,51,0.0,1680,7544,43742
18,51304,51,0.0,1681,7544,43760
61,51365,51,0.0,1682,7544,43821
15,51380,51,0.0,1683,7544,43836
23,51403,51,0.0,1684,7544,43859
14,51417,51,0.0,1685,7544,43873
9,51426,51,0.0,1686,7544,43882
27,51453,51,0.0,1687,7544,43909
38,51491,51,0.0,1688,7544,43947
69,51560,51,0.0,1689,7544,44016
34,51594,51,0.0,1690,7544,44050
31,51625,51,0.0,1691,7544,44081
40,51665,51,0.0,1692,7544,44121
28,51693,52,1.0,1693,7544,44149
13,51706,52,0.0,1694,7544,44162
24,51730,53,1.0,1695,7544,44186
32,51762,53,0.0,1696,7544,44218
46,51808,53,0.0,1697,7544,44264
28,51836,53,0.0,1698,7544,44292
32,51868,53,0.0,1699,7544,44324
15,51883,53,0.0,1700,7544,44339
13,51896,53,0.0,1701,7544,44352
9,51905,53,0.0,1702,7544,44361
10,51915,53,0.0,1703,7544,44371
29,51944,53,0.0,1704,7544,44400
22,51966,54,1.0,1705,7544,44422
29,51995,54,0.0,1706,7544,44451
41,52036,55,1.0,1707,7544,44492
13,52049,55,0.0,1708,7544,44505
12,52061,55,0.0,1709,7544,44517
8,52069,55,0.0,1710,7544,44525
13,52082,55,0.0,1711,7544,44538
32,52114,55,0.0,1712,7544,44570
30,52144,55,0.0,1713,7544,44600
71,52215,56,1.0,1714,7544,44671
42,52257,56,0.0,1715,7544,44713
32,52289,56,0.0,1716,7544,44745
11,52300,56,0.0,1717,7544,44756
12,52312,56,0.0,1718,7544,44768
27,52339,56,0.0,1719,7544,44795
31,52370,56,0.0,1720,7544,44826
12,52382,56,0.0,1721,7544,44838
6,52388,56,0.0,1722,7544,44844
84,52472,57,1.0,1723,7544,44928
18,52490,57,0.0,1724,7544,44946
27,52517,57,0.0,1725,7544,44973
64,52581,57,0.0,1726,7544,45037
8,52589,57,0.0,1727,7544,45045
20,52609,57,0.0,1728,7544,45065
82,52691,58,1.0,1729,7544,45147
49,52740,58,0.0,1730,7544,45196
15,52755,58,0.0,1731,7544,45211
88,52843,58,0.0,1732,7544,45299
9,52852,58,0.0,1733,7544,45308
13,52865,58,0.0,1734,7544,45321
22,52887,58,0.0,1735,7544,45343
45,52932,58,0.0,1736,7544,45388
38,52970,58,0.0,1737,7544,45426
34,53004,58,0.0,1738,7544,45460
64,53068,59,1.0,1739,7544,45524
41,53109,59,0.0,1740,7544,45565
34,53143,59,0.0,1741,7544,45599
19,53162,59,0.0,1742,7544,45618
10,53172,59,0.0,1743,7544,45628
27,53199,59,0.0,1744,7544,45655
71,53270,59,0.0,1745,7544,45726
40,53310,60,1.0,1746,7544,45766
16,53326,60,0.0,1747,7544,45782
17,53343,60,0.0,1748,7544,45799
25,53368,60,0.0,1749,7544,45824
19,53387,60,0.0,1750,7544,45843
56,53443,60,0.0,1751,7544,45899
53,53496,60,0.0,1752,7544,45952
9,53505,60,0.0,1753,7544,45961
38,53543,60,0.0,1754,7544,45999
13,53556,60,0.0,1755,7544,46012
28,53584,60,0.0,1756,7544,46040
19,53603,60,0.0,1757,7544,46059
12,53615,60,0.0,1758,7544,46071
6,53621,60,0.0,1759,7544,46077
25,53646,60,0.0,1760,7544,46102
12,53658,60,0.0,1761,7544,46114
11,53669,60,0.0,1762,7544,46125
44,53713,60,0.0,1763,7544,46169
24,53737,60,0.0,1764,7544,46193
18,53755,60,0.0,1765,7544,46211
13,53768,60,0.0,1766,7544,46224
10,53778,60,0.0,1767,7544,46234
48,53826,60,0.0,1768,7544,46282
41,53867,60,0.0,1769,7544,46323
28,53895,60,0.0,1770,7544,46351
10,53905,60,0.0,1771,7544,46361
35,53940,60,0.0,1772,7544,46396
28,53968,60,0.0,1773,7544,46424
35,54003,60,0.0,1774,7544,46459
23,54026,60,0.0,1775,7544,46482
41,54067,60,0.0,1776,7544,46523
25,54092,60,0.0,1777,7544,46548
13,54105,60,0.0,1778,7544,46561
35,54140,60,0.0,1779,7544,46596
39,54179,60,0.0,1780,7544,46635
18,54197,60,0.0,1781,7544,46653
19,54216,60,0.0,1782,7544,46672
23,54239,60,0.0,1783,7544,46695
65,54304,60,0.0,1784,7544,46760
43,54347,60,0.0,1785,7544,46803
8,54355,60,0.0,1786,7544,46811
15,54370,60,0.0,1787,7544,46826
31,54401,60,0.0,1788,7544,46857
38,54439,60,0.0,1789,7544,46895
37,54476,60,0.0,1790,7544,46932
39,54515,60,0.0,1791,7544,46971
23,54538,60,0.0,1792,7544,46994
36,54574,60,0.0,1793,7544,47030
20,54594,60,0.0,1794,7544,47050
38,54632,61,1.0,1795,7544,47088
18,54650,61,0.0,1796,7544,47106
45,54695,61,0.0,1797,7544,47151
26,54721,61,0.0,1798,7544,47177
26,54747,61,0.0,1799,7544,47203
59,54806,61,0.0,1800,7544,47262
15,54821,61,0.0,1801,7544,47277
15,54836,61,0.0,1802,7544,47292
39,54875,61,0.0,1803,7544,47331
30,54905,61,0.0,1804,7544,47361
51,54956,62,1.0,1805,7544,47412
98,55054,62,0.0,1806,7544,47510
11,55065,62,0.0,1807,7544,47521
41,55106,63,1.0,1808,7544,47562
18,55124,63,0.0,1809,7544,47580
45,55169,63,0.0,1810,7544,47625
54,55223,63,0.0,1811,7544,47679
28,55251,63,0.0,1812,7544,47707
13,55264,63,0.0,1813,7544,47720
31,55295,63,0.0,1814,7544,47751
17,55312,63,0.0,1815,7544,47768
69,55381,63,0.0,1816,7544,47837
15,55396,63,0.0,1817,7544,47852
18,55414,63,0.0,1818,7544,47870
14,55428,63,0.0,1819,7544,47884
35,55463,63,0.0,1820,7544,47919
33,55496,63,0.0,1821,7544,47952
11,55507,63,0.0,1822,7544,47963
21,55528,63,0.0,1823,7544,47984
10,55538,63,0.0,1824,7544,47994
38,55576,63,0.0,1825,7544,48032
30,55606,63,0.0,1826,7544,48062
56,55662,64,1.0,1827,7544,48118
8,55670,64,0.0,1828,7544,48126
24,55694,64,0.0,1829,7544,48150
9,55703,64,0.0,1830,7544,48159
10,55713,64,0.0,1831,7544,48169
36,55749,64,0.0,1832,7544,48205
10,55759,64,0.0,1833,7544,48215
15,55774,64,0.0,1834,7544,48230
12,55786,64,0.0,1835,7544,48242
49,55835,65,1.0,1836,7544,48291
69,55904,65,0.0,1837,7544,48360
16,55920,65,0.0,1838,7544,48376
43,55963,65,0.0,1839,7544,48419
29,55992,65,0.0,1840,7544,48448
71,56063,65,0.0,1841,7544,48519
44,56107,65,0.0,1842,7544,48563
40,56147,65,0.0,1843,7544,48603
11,56158,65,0.0,1844,7544,48614
25,56183,65,0.0,1845,7544,48639
29,56212,65,0.0,1846,7544,48668
20,56232,65,0.0,1847,7544,48688
12,56244,65,0.0,1848,7544,48700
23,56267,65,0.0,1849,7544,48723
64,56331,65,0.0,1850,7544,48787
25,56356,65,0.0,1851,7544,48812
79,56435,65,0.0,1852,7544,48891
39,56474,65,0.0,1853,7544,48930
57,56531,65,0.0,1854,7544,48987
34,56565,65,0.0,1855,7544,49021
11,56576,65,0.0,1856,7544,49032
48,56624,66,1.0,1857,7544,49080
23,56647,66,0.0,1858,7544,49103
16,56663,66,0.0,1859,7544,49119
26,56689,66,0.0,1860,7544,49145
52,56741,66,0.0,1861,7544,49197
27,56768,66,0.0,1862,7544,49224
14,56782,66,0.0,1863,7544,49238
5,56787,66,0.0,1864,7544,49243
86,56873,67,1.0,1865,7544,49329
30,56903,67,0.0,1866,7544,49359
12,56915,67,0.0,1867,7544,49371
28,56943,67,0.0,1868,7544,49399
15,56958,67,0.0,1869,7544,49414
48,57006,67,0.0,1870,7544,49462
29,57035,67,0.0,1871,7544,49491
41,57076,67,0.0,1872,7544,49532
27,57103,67,0.0,1873,7544,49559
13,57116,67,0.0,1874,7544,49572
20,57136,67,0.0,1875,7544,49592
27,57163,67,0.0,1876,7544,49619
97,57260,67,0.0,1877,7544,49716
29,57289,68,1.0,1878,7544,49745
19,57308,68,0.0,1879,7544,49764
7,57315,68,0.0,1880,7544,49771
9,57324,68,0.0,1881,7544,49780
39,57363,68,0.0,1882,7544,49819
27,57390,68,0.0,1883,7544,49846
52,57442,69,1.0,1884,7544,49898
45,57487,70,1.0,1885,7544,49943
68,57555,70,0.0,1886,7544,50011
27,57582,70,0.0,1887,7544,50038
16,57598,70,0.0,1888,7544,50054
12,57610,70,0.0,1889,7544,50066
6,57616,70,0.0,1890,7544,50072
44,57660,70,0.0,1891,7544,50116
19,57679,70,0.0,1892,7544,50135
11,57690,70,0.0,1893,7544,50146
19,57709,70,0.0,1894,7544,50165
31,57740,70,0.0,1895,7544,50196
58,57798,70,0.0,1896,7544,50254
55,57853,70,0.0,1897,7544,50309
26,57879,70,0.0,1898,7544,50335
8,57887,70,0.0,1899,7544,50343
52,57939,70,0.0,1900,7544,50395
7,57946,70,0.0,1901,7544,50402
15,57961,70,0.0,1902,7544,50417
50,58011,70,0.0,1903,7544,50467
59,58070,70,0.0,1904,7544,50526
16,58086,70,0.0,1905,7544,50542
31,58117,70,0.0,1906,7544,50573
20,58137,71,1.0,1907,7544,50593
8,58145,71,0.0,1908,7544,50601
54,58199,71,0.0,1909,7544,50655
42,58241,71,0.0,1910,7544,50697
39,58280,71,0.0,1911,7544,50736
6,58286,71,0.0,1912,7544,50742
11,58297,71,0.0,1913,7544,50753
9,58306,71,0.0,1914,7544,50762
11,58317,71,0.0,1915,7544,50773
35,58352,71,0.0,1916,7544,50808
17,58369,71,0.0,1917,7544,50825
24,58393,71,0.0,1918,7544,50849
11,58404,71,0.0,1919,7544,50860
40,58444,71,0.0,1920,7544,50900
27,58471,71,0.0,1921,7544,50927
17,58488,71,0.0,1922,7544,50944
28,58516,71,0.0,1923,7544,50972
31,58547,71,0.0,1924,7544,51003
17,58564,71,0.0,1925,7544,51020
58,58622,72,1.0,1926,7544,51078
20,58642,72,0.0,1927,7544,51098
41,58683,72,0.0,1928,7544,51139
22,58705,72,0.0,1929,7544,51161
57,58762,72,0.0,1930,7544,51218
37,58799,72,0.0,1931,7544,51255
11,58810,72,0.0,1932,7544,51266
21,58831,73,1.0,1933,7544,51287
49,58880,73,0.0,1934,7544,51336
82,58962,73,0.0,1935,7544,51418
27,58989,74,1.0,1936,7544,51445
11,59000,74,0.0,1937,7544,51456
8,59008,74,0.0,1938,7544,51464
14,59022,74,0.0,1939,7544,51478
56,59078,74,0.0,1940,7544,51534
27,59105,74,0.0,1941,7544,51561
13,59118,74,0.0,1942,7544,51574
63,59181,74,0.0,1943,7544,51637
16,59197,74,0.0,1944,7544,51653
8,59205,74,0.0,1945,7544,51661
49,59254,74,0.0,1946,7544,51710
8,59262,74,0.0,1947,7544,51718
15,59277,74,0.0,1948,7544,51733
17,59294,74,0.0,1949,7544,51750
23,59317,75,1.0,1950,7544,51773
42,59359,75,0.0,1951,7544,51815
14,59373,75,0.0,1952,7544,51829
18,59391,76,1.0,1953,7544,51847
50,59441,76,0.0,1954,7544,51897
29,59470,76,0.0,1955,7544,51926
20,59490,76,0.0,1956,7544,51946
57,59547,76,0.0,1957,7544,52003
5,59552,76,0.0,1958,7544,52008
13,59565,76,0.0,1959,7544,52021
88,59653,76,0.0,1960,7544,52109
37,59690,77,1.0,1961,7544,52146
22,59712,77,0.0,1962,7544,52168
61,59773,78,1.0,1963,7544,52229
73,59846,78,0.0,1964,7544,52302
48,59894,78,0.0,1965,7544,52350
51,59945,78,0.0,1966,7544,52401
13,59958,78,0.0,1967,7544,52414
37,59995,78,0.0,1968,7544,52451
85,60080,78,0.0,1969,7544,52536
31,60111,78,0.0,1970,7544,52567
21,60132,78,0.0,1971,7544,52588
13,60145,78,0.0,1972,7544,52601
7,60152,78,0.0,1973,7544,52608
39,60191,78,0.0,1974,7544,52647
36,60227,78,0.0,1975,7544,52683
28,60255,78,0.0,1976,7544,52711
23,60278,78,0.0,1977,7544,52734
27,60305,78,0.0,1978,7544,52761
13,60318,78,0.0,1979,7544,52774
30,60348,78,0.0,1980,7544,52804
39,60387,78,0.0,1981,7544,52843
12,60399,78,0.0,1982,7544,52855
44,60443,79,1.0,1983,7544,52899
43,60486,79,0.0,1984,7544,52942
19,60505,79,0.0,1985,7544,52961
49,60554,79,0.0,1986,7544,53010
19,60573,79,0.0,1987,7544,53029
30,60603,80,1.0,1988,7544,53059
52,60655,80,0.0,1989,7544,53111
28,60683,80,0.0,1990,7544,53139
17,60700,80,0.0,1991,7544,53156
33,60733,81,1.0,1992,7544,53189
9,60742,81,0.0,1993,7544,53198
31,60773,81,0.0,1994,7544,53229
26,60799,81,0.0,1995,7544,53255
29,60828,81,0.0,1996,7544,53284
41,60869,81,0.0,1997,7544,53325
26,60895,81,0.0,1998,7544,53351
5,60900,81,0.0,1999,7544,53356
66,60966,81,0.0,2000,7544,53422
14,60980,81,0.0,2001,7544,53436
25,61005,81,0.0,2002,7544,53461
18,61023,81,0.0,2003,7544,53479
28,61051,81,0.0,2004,7544,53507
34,61085,82,1.0,2005,7544,53541
49,61134,82,0.0,2006,7544,53590
13,61147,82,0.0,2007,7544,53603
6,61153,82,0.0,2008,7544,53609
9,61162,82,0.0,2009,7544,53618
35,61197,82,0.0,2010,7544,53653
28,61225,83,1.0,2011,7544,53681
32,61257,83,0.0,2012,7544,53713
100,61357,83,0.0,2013,7544,53813
27,61384,83,0.0,2014,7544,53840
26,61410,84,1.0,2015,7544,53866
36,61446,84,0.0,2016,7544,53902
5,61451,84,0.0,2017,7544,53907
5,61456,84,0.0,2018,7544,53912
23,61479,84,0.0,2019,7544,53935
9,61488,84,0.0,2020,7544,53944
93,61581,85,1.0,2021,7544,54037
24,61605,85,0.0,2022,7544,54061
15,61620,85,0.0,2023,7544,54076
16,61636,85,0.0,2024,7544,54092
100,61736,85,0.0,2025,7544,54192
42,61778,86,1.0,2026,7544,54234
6,61784,86,0.0,2027,7544,54240
29,61813,86,0.0,2028,7544,54269
8,61821,86,0.0,2029,7544,54277
16,61837,86,0.0,2030,7544,54293
26,61863,86,0.0,2031,7544,54319
21,61884,86,0.0,2032,7544,54340
24,61908,86,0.0,2033,7544,54364
13,61921,86,0.0,2034,7544,54377
26,61947,86,0.0,2035,7544,54403
18,61965,86,0.0,2036,7544,54421
13,61978,86,0.0,2037,7544,54434
18,61996,86,0.0,2038,7544,54452
46,62042,87,1.0,2039,7544,54498
31,62073,87,0.0,2040,7544,54529
12,62085,87,0.0,2041,7544,54541
35,62120,87,0.0,2042,7544,54576
49,62169,87,0.0,2043,7544,54625
53,62222,87,0.0,2044,7544,54678
11,62233,87,0.0,2045,7544,54689
25,62258,87,0.0,2046,7544,54714
24,62282,87,0.0,2047,7544,54738
32,62314,87,0.0,2048,7544,54770
24,62338,87,0.0,2049,7544,54794
47,62385,87,0.0,2050,7544,54841
9,62394,87,0.0,2051,7544,54850
37,62431,87,0.0,2052,7544,54887
20,62451,87,0.0,2053,7544,54907
17,62468,87,0.0,2054,7544,54924
12,62480,87,0.0,2055,7544,54936
7,62487,87,0.0,2056,7544,54943
9,62496,87,0.0,2057,7544,54952
17,62513,87,0.0,2058,7544,54969
29,62542,87,0.0,2059,7544,54998
28,62570,87,0.0,2060,7544,55026
22,62592,87,0.0,2061,7544,55048
34,62626,87,0.0,2062,7544,55082
55,62681,87,0.0,2063,7544,55137
33,62714,87,0.0,2064,7544,55170
16,62730,87,0.0,2065,7544,55186
18,62748,87,0.0,2066,7544,55204
29,62777,87,0.0,2067,7544,55233
7,62784,87,0.0,2068,7544,55240
19,62803,87,0.0,2069,7544,55259
22,62825,87,0.0,2070,7544,55281
13,62838,87,0.0,2071,7544,55294
25,62863,87,0.0,2072,7544,55319
24,62887,87,0.0,2073,7544,55343
12,62899,87,0.0,2074,7544,55355
44,62943,87,0.0,2075,7544,55399
8,62951,87,0.0,2076,7544,55407
28,62979,87,0.0,2077,7544,55435
33,63012,87,0.0,2078,7544,55468
68,63080,87,0.0,2079,7544,55536
48,63128,87,0.0,2080,7544,55584
19,63147,87,0.0,2081,7544,55603
70,63217,87,0.0,2082,7544,55673
36,63253,87,0.0,2083,7544,55709
21,63274,87,0.0,2084,7544,55730
16,63290,87,0.0,2085,7544,55746
19,63309,87,0.0,2086,7544,55765
35,63344,87,0.0,2087,7544,55800
35,63379,87,0.0,2088,7544,55835
19,63398,87,0.0,2089,7544,55854
28,63426,87,0.0,2090,7544,55882
31,63457,88,1.0,2091,7544,55913
55,63512,88,0.0,2092,7544,55968
60,63572,88,0.0,2093,7544,56028
43,63615,88,0.0,2094,7544,56071
18,63633,88,0.0,2095,7544,56089
34,63667,88,0.0,2096,7544,56123
11,63678,88,0.0,2097,7544,56134
14,63692,88,0.0,2098,7544,56148
51,63743,88,0.0,2099,7544,56199
17,63760,88,0.0,2100,7544,56216
11,63771,88,0.0,2101,7544,56227
10,63781,88,0.0,2102,7544,56237
11,63792,88,0.0,2103,7544,56248
16,63808,88,0.0,2104,7544,56264
36,63844,88,0.0,2105,7544,56300
15,63859,88,0.0,2106,7544,56315
98,63957,89,1.0,2107,7544,56413
46,64003,89,0.0,2108,7544,56459
10,64013,89,0.0,2109,7544,56469
25,64038,89,0.0,2110,7544,56494
69,64107,89,0.0,2111,7544,56563
9,64116,89,0.0,2112,7544,56572
45,64161,89,0.0,2113,7544,56617
7,64168,89,0.0,2114,7544,56624
23,64191,89,0.0,2115,7544,56647
49,64240,89,0.0,2116,7544,56696
14,64254,89,0.0,2117,7544,56710
13,64267,89,0.0,2118,7544,56723
24,64291,89,0.0,2119,7544,56747
15,64306,89,0.0,2120,7544,56762
41,64347,89,0.0,2121,7544,56803
10,64357,89,0.0,2122,7544,56813
45,64402,89,0.0,2123,7544,56858
13,64415,89,0.0,2124,7544,56871
7,64422,89,0.0,2125,7544,56878
13,64435,89,0.0,2126,7544,56891
18,64453,89,0.0,2127,7544,56909
22,64475,89,0.0,2128,7544,56931
24,64499,89,0.0,2129,7544,56955
18,64517,89,0.0,2130,7544,56973
32,64549,90,1.0,2131,7544,57005
20,64569,90,0.0,2132,7544,57025
17,64586,90,0.0,2133,7544,57042
39,64625,91,1.0,2134,7544,57081
39,64664,91,0.0,2135,7544,57120
13,64677,91,0.0,2136,7544,57133
16,64693,91,0.0,2137,7544,57149
10,64703,91,0.0,2138,7544,57159
39,64742,91,0.0,2139,7544,57198
27,64769,91,0.0,2140,7544,57225
19,64788,91,0.0,2141,7544,57244
29,64817,91,0.0,2142,7544,57273
15,64832,91,0.0,2143,7544,57288
26,64858,91,0.0,2144,7544,57314
74,64932,92,1.0,2145,7544,57388
20,64952,92,0.0,2146,7544,57408
100,65052,92,0.0,2147,7544,57508
52,65104,92,0.0,2148,7544,57560
21,65125,92,0.0,2149,7544,57581
39,65164,93,1.0,2150,7544,57620
12,65176,93,0.0,2151,7544,57632
23,65199,93,0.0,2152,7544,57655
43,65242,93,0.0,2153,7544,57698
9,65251,93,0.0,2154,7544,57707
26,65277,93,0.0,2155,7544,57733
11,65288,93,0.0,2156,7544,57744
12,65300,93,0.0,2157,7544,57756
23,65323,93,0.0,2158,7544,57779
10,65333,93,0.0,2159,7544,57789
63,65396,93,0.0,2160,7544,57852
21,65417,93,0.0,2161,7544,57873
18,65435,93,0.0,2162,7544,57891
17,65452,93,0.0,2163,7544,57908
9,65461,93,0.0,2164,7544,57917
54,65515,93,0.0,2165,7544,57971
60,65575,93,0.0,2166,7544,58031
50,65625,93,0.0,2167,7544,58081
24,65649,93,0.0,2168,7544,58105
14,65663,93,0.0,2169,7544,58119
36,65699,93,0.0,2170,7544,58155
54,65753,93,0.0,2171,7544,58209
38,65791,93,0.0,2172,7544,58247
45,65836,93,0.0,2173,7544,58292
27,65863,94,1.0,2174,7544,58319
100,65963,94,0.0,2175,7544,58419
59,66022,94,0.0,2176,7544,58478
9,66031,94,0.0,2177,7544,58487
36,66067,94,0.0,2178,7544,58523
32,66099,95,1.0,2179,7544,58555
27,66126,95,0.0,2180,7544,58582
25,66151,95,0.0,2181,7544,58607
40,66191,96,1.0,2182,7544,58647
13,66204,96,0.0,2183,7544,58660
28,66232,96,0.0,2184,7544,58688
67,66299,96,0.0,2185,7544,58755
46,66345,97,1.0,2186,7544,58801
23,66368,97,0.0,2187,7544,58824
9,66377,97,0.0,2188,7544,58833
7,66384,97,0.0,2189,7544,58840
21,66405,97,0.0,2190,7544,58861
11,66416,97,0.0,2191,7544,58872
18,66434,97,0.0,2192,7544,58890
11,66445,97,0.0,2193,7544,58901
29,66474,97,0.0,2194,7544,58930
33,66507,97,0.0,2195,7544,58963
37,66544,97,0.0,2196,7544,59000
42,66586,97,0.0,2197,7544,59042
19,66605,97,0.0,2198,7544,59061
19,66624,97,0.0,2199,7544,59080
16,66640,97,0.0,2200,7544,59096
37,66677,97,0.0,2201,7544,59133
43,66720,97,0.0,2202,7544,59176
52,66772,98,1.0,2203,7544,59228
20,66792,99,1.0,2204,7544,59248
99,66891,100,1.0,2205,7544,59347
22,66913,100,0.0,2206,7544,59369
26,66939,100,0.0,2207,7544,59395
31,66970,100,0.0,2208,7544,59426
89,67059,100,0.0,2209,7544,59515
20,67079,100,0.0,2210,7544,59535
69,67148,100,0.0,2211,7544,59604
22,67170,100,0.0,2212,7544,59626
7,67177,100,0.0,2213,7544,59633
47,67224,101,1.0,2214,7544,59680
42,67266,101,0.0,2215,7544,59722
17,67283,101,0.0,2216,7544,59739
20,67303,101,0.0,2217,7544,59759
34,67337,102,1.0,2218,7544,59793
89,67426,102,0.0,2219,7544,59882
26,67452,102,0.0,2220,7544,59908
23,67475,102,0.0,2221,7544,59931
14,67489,102,0.0,2222,7544,59945
33,67522,102,0.0,2223,7544,59978
11,67533,102,0.0,2224,7544,59989
34,67567,103,1.0,2225,7544,60023
39,67606,103,0.0,2226,7544,60062
9,67615,103,0.0,2227,7544,60071
14,67629,103,0.0,2228,7544,60085
53,67682,103,0.0,2229,7544,60138
11,67693,103,0.0,2230,7544,60149
22,67715,104,1.0,2231,7544,60171
36,67751,104,0.0,2232,7544,60207
16,67767,104,0.0,2233,7544,60223
45,67812,105,1.0,2234,7544,60268
9,67821,105,0.0,2235,7544,60277
23,67844,105,0.0,2236,7544,60300
16,67860,105,0.0,2237,7544,60316
53,67913,105,0.0,2238,7544,60369
6,67919,105,0.0,2239,7544,60375
41,67960,105,0.0,2240,7544,60416
28,67988,106,1.0,2241,7544,60444
15,68003,106,0.0,2242,7544,60459
24,68027,106,0.0,2243,7544,60483
22,68049,106,0.0,2244,7544,60505
11,68060,106,0.0,2245,7544,60516
32,68092,106,0.0,2246,7544,60548
18,68110,106,0.0,2247,7544,60566
24,68134,106,0.0,2248,7544,60590
69,68203,106,0.0,2249,7544,60659
49,68252,106,0.0,2250,7544,60708
22,68274,106,0.0,2251,7544,60730
20,68294,106,0.0,2252,7544,60750
21,68315,106,0.0,2253,7544,60771
35,68350,107,1.0,2254,7544,60806
26,68376,107,0.0,2255,7544,60832
12,68388,107,0.0,2256,7544,60844
44,68432,107,0.0,2257,7544,60888
14,68446,107,0.0,2258,7544,60902
9,68455,107,0.0,2259,7544,60911
100,68555,107,0.0,2260,7544,61011
46,68601,108,1.0,2261,7544,61057
73,68674,108,0.0,2262,7544,61130
12,68686,108,0.0,2263,7544,61142
26,68712,109,1.0,2264,7544,61168
99,68811,109,0.0,2265,7544,61267
18,68829,109,0.0,2266,7544,61285
20,68849,109,0.0,2267,7544,61305
26,68875,109,0.0,2268,7544,61331
10,68885,109,0.0,2269,7544,61341
56,68941,109,0.0,2270,7544,61397
42,68983,109,0.0,2271,7544,61439
9,68992,109,0.0,2272,7544,61448
46,69038,110,1.0,2273,7544,61494
34,69072,110,0.0,2274,7544,61528
10,69082,110,0.0,2275,7544,61538
27,69109,111,1.0,2276,7544,61565
22,69131,112,1.0,2277,7544,61587
33,69164,112,0.0,2278,7544,61620
58,69222,113,1.0,2279,7544,61678
72,69294,113,0.0,2280,7544,61750
20,69314,113,0.0,2281,7544,61770
11,69325,113,0.0,2282,7544,61781
13,69338,113,0.0,2283,7544,61794
44,69382,114,1.0,2284,7544,61838
30,69412,114,0.0,2285,7544,61868
8,69420,114,0.0,2286,7544,61876
26,69446,114,0.0,2287,7544,61902
40,69486,114,0.0,2288,7544,61942
27,69513,114,0.0,2289,7544,61969
30,69543,114,0.0,2290,7544,61999
19,69562,114,0.0,2291,7544,62018
8,69570,114,0.0,2292,7544,62026
17,69587,114,0.0,2293,7544,62043
32,69619,115,1.0,2294,7544,62075
21,69640,115,0.0,2295,7544,62096
59,69699,115,0.0,2296,7544,62155
22,69721,116,1.0,2297,7544,62177
28,69749,116,0.0,2298,7544,62205
33,69782,117,1.0,2299,7544,62238
25,69807,117,0.0,2300,7544,62263
53,69860,117,0.0,2301,7544,62316
14,69874,117,0.0,2302,7544,62330
11,69885,117,0.0,2303,7544,62341
31,69916,117,0.0,2304,7544,62372
33,69949,117,0.0,2305,7544,62405
49,69998,117,0.0,2306,7544,62454
44,70042,117,0.0,2307,7544,62498
15,70057,117,0.0,2308,7544,62513
23,70080,117,0.0,2309,7544,62536
22,70102,117,0.0,2310,7544,62558
29,70131,117,0.0,2311,7544,62587
42,70173,117,0.0,2312,7544,62629
13,70186,117,0.0,2313,7544,62642
58,70244,117,0.0,2314,7544,62700
11,70255,117,0.0,2315,7544,62711
78,70333,117,0.0,2316,7544,62789
19,70352,117,0.0,2317,7544,62808
22,70374,117,0.0,2318,7544,62830
34,70408,117,0.0,2319,7544,62864
27,70435,117,0.0,2320,7544,62891
17,70452,117,0.0,2321,7544,62908
22,70474,117,0.0,2322,7544,62930
16,70490,117,0.0,2323,7544,62946
18,70508,117,0.0,2324,7544,62964
27,70535,117,0.0,2325,7544,62991
14,70549,117,0.0,2326,7544,63005
44,70593,118,1.0,2327,7544,63049
82,70675,118,0.0,2328,7544,63131
15,70690,118,0.0,2329,7544,63146
37,70727,118,0.0,2330,7544,63183
30,70757,119,1.0,2331,7544,63213
17,70774,119,0.0,2332,7544,63230
28,70802,119,0.0,2333,7544,63258
34,70836,120,1.0,2334,7544,63292
65,70901,120,0.0,2335,7544,63357
24,70925,120,0.0,2336,7544,63381
49,70974,120,0.0,2337,7544,63430
63,71037,120,0.0,2338,7544,63493
28,71065,120,0.0,2339,7544,63521
42,71107,120,0.0,2340,7544,63563
35,71142,120,0.0,2341,7544,63598
57,71199,120,0.0,2342,7544,63655
18,71217,120,0.0,2343,7544,63673
6,71223,120,0.0,2344,7544,63679
26,71249,120,0.0,2345,7544,63705
56,71305,121,1.0,2346,7544,63761
12,71317,121,0.0,2347,7544,63773
66,71383,121,0.0,2348,7544,63839
78,71461,121,0.0,2349,7544,63917
11,71472,121,0.0,2350,7544,63928
31,71503,121,0.0,2351,7544,63959
64,71567,122,1.0,2352,7544,64023
31,71598,123,1.0,2353,7544,64054
68,71666,123,0.0,2354,7544,64122
76,71742,123,0.0,2355,7544,64198
30,71772,124,1.0,2356,7544,64228
19,71791,124,0.0,2357,7544,64247
32,71823,124,0.0,2358,7544,64279
21,71844,124,0.0,2359,7544,64300
52,71896,124,0.0,2360,7544,64352
32,71928,124,0.0,2361,7544,64384
7,71935,124,0.0,2362,7544,64391
32,71967,124,0.0,2363,7544,64423
17,71984,124,0.0,2364,7544,64440
62,72046,125,1.0,2365,7544,64502
45,72091,125,0.0,2366,7544,64547
9,72100,125,0.0,2367,7544,64556
22,72122,126,1.0,2368,7544,64578
41,72163,126,0.0,2369,7544,64619
19,72182,126,0.0,2370,7544,64638
10,72192,126,0.0,2371,7544,64648
25,72217,126,0.0,2372,7544,64673
13,72230,126,0.0,2373,7544,64686
73,72303,126,0.0,2374,7544,64759
15,72318,127,1.0,2375,7544,64774
30,72348,127,0.0,2376,7544,64804
36,72384,127,0.0,2377,7544,64840
44,72428,127,0.0,2378,7544,64884
29,72457,127,0.0,2379,7544,64913
25,72482,127,0.0,2380,7544,64938
23,72505,128,1.0,2381,7544,64961
62,72567,128,0.0,2382,7544,65023
10,72577,128,0.0,2383,7544,65033
54,72631,128,0.0,2384,7544,65087
26,72657,129,1.0,2385,7544,65113
12,72669,129,0.0,2386,7544,65125
17,72686,129,0.0,2387,7544,65142
12,72698,129,0.0,2388,7544,65154
27,72725,129,0.0,2389,7544,65181
100,72825,129,0.0,2390,7544,65281
100,72925,129,0.0,2391,7544,65381
49,72974,129,0.0,2392,7544,65430
18,72992,129,0.0,2393,7544,65448
8,73000,129,0.0,2394,7544,65456
14,73014,129,0.0,2395,7544,65470
24,73038,129,0.0,2396,7544,65494
30,73068,130,1.0,2397,7544,65524
100,73168,130,0.0,2398,7544,65624
13,73181,130,0.0,2399,7544,65637
36,73217,131,1.0,2400,7544,65673
12,73229,131,0.0,2401,7544,65685
30,73259,131,0.0,2402,7544,65715
53,73312,132,1.0,2403,7544,65768
55,73367,132,0.0,2404,7544,65823
7,73374,132,0.0,2405,7544,65830
47,73421,133,1.0,2406,7544,65877
17,73438,133,0.0,2407,7544,65894
62,73500,133,0.0,2408,7544,65956
5,73505,133,0.0,2409,7544,65961
11,73516,133,0.0,2410,7544,65972
34,73550,133,0.0,2411,7544,66006
19,73569,133,0.0,2412,7544,66025
63,73632,134,1.0,2413,7544,66088
38,73670,134,0.0,2414,7544,66126
8,73678,134,0.0,2415,7544,66134
22,73700,134,0.0,2416,7544,66156
6,73706,134,0.0,2417,7544,66162
13,73719,134,0.0,2418,7544,66175
26,73745,134,0.0,2419,7544,66201
25,73770,134,0.0,2420,7544,66226
23,73793,134,0.0,2421,7544,66249
15,73808,134,0.0,2422,7544,66264
11,73819,134,0.0,2423,7544,66275
31,73850,135,1.0,2424,7544,66306
48,73898,136,1.0,2425,7544,66354
20,73918,136,0.0,2426,7544,66374
13,73931,136,0.0,2427,7544,66387
29,73960,136,0.0,2428,7544,66416
9,73969,136,0.0,2429,7544,66425
28,73997,136,0.0,2430,7544,66453
70,74067,136,0.0,2431,7544,66523
15,74082,136,0.0,2432,7544,66538
22,74104,136,0.0,2433,7544,66560
42,74146,136,0.0,2434,7544,66602
14,74160,136,0.0,2435,7544,66616
11,74171,136,0.0,2436,7544,66627
21,74192,136,0.0,2437,7544,66648
32,74224,136,0.0,2438,7544,66680
34,74258,137,1.0,2439,7544,66714
24,74282,137,0.0,2440,7544,66738
48,74330,138,1.0,2441,7544,66786
39,74369,138,0.0,2442,7544,66825
26,74395,138,0.0,2443,7544,66851
19,74414,138,0.0,2444,7544,66870
61,74475,139,1.0,2445,7544,66931
56,74531,139,0.0,2446,7544,66987
20,74551,139,0.0,2447,7544,67007
64,74615,139,0.0,2448,7544,67071
13,74628,139,0.0,2449,7544,67084
34,74662,139,0.0,2450,7544,67118
33,74695,140,1.0,2451,7544,67151
13,74708,140,0.0,2452,7544,67164
11,74719,140,0.0,2453,7544,67175
9,74728,140,0.0,2454,7544,67184
22,74750,141,1.0,2455,7544,67206
12,74762,141,0.0,2456,7544,67218
48,74810,141,0.0,2457,7544,67266
18,74828,141,0.0,2458,7544,67284
14,74842,141,0.0,2459,7544,67298
15,74857,141,0.0,2460,7544,67313
28,74885,141,0.0,2461,7544,67341
45,74930,141,0.0,2462,7544,67386
34,74964,141,0.0,2463,7544,67420
31,74995,141,0.0,2464,7544,67451
19,75014,141,0.0,2465,7544,67470
37,75051,141,0.0,2466,7544,67507
20,75071,141,0.0,2467,7544,67527
100,75171,141,0.0,2468,7544,67627
16,75187,141,0.0,2469,7544,67643
33,75220,141,0.0,2470,7544,67676
10,75230,141,0.0,2471,7544,67686
18,75248,142,1.0,2472,7544,67704
40,75288,142,0.0,2473,7544,67744
12,75300,142,0.0,2474,7544,67756
49,75349,142,0.0,2475,7544,67805
22,75371,142,0.0,2476,7544,67827
26,75397,142,0.0,2477,7544,67853
41,75438,142,0.0,2478,7544,67894
36,75474,142,0.0,2479,7544,67930
29,75503,142,0.0,2480,7544,67959
19,75522,142,0.0,2481,7544,67978
16,75538,142,0.0,2482,7544,67994
29,75567,142,0.0,2483,7544,68023
13,75580,142,0.0,2484,7544,68036
45,75625,143,1.0,2485,7544,68081
11,75636,143,0.0,2486,7544,68092
26,75662,143,0.0,2487,7544,68118
8,75670,143,0.0,2488,7544,68126
33,75703,143,0.0,2489,7544,68159
9,75712,143,0.0,2490,7544,68168
71,75783,143,0.0,2491,7544,68239
19,75802,143,0.0,2492,7544,68258
22,75824,143,0.0,2493,7544,68280
76,75900,143,0.0,2494,7544,68356
40,75940,143,0.0,2495,7544,68396
11,75951,143,0.0,2496,7544,68407
8,75959,143,0.0,2497,7544,68415
14,75973,143,0.0,2498,7544,68429
41,76014,143,0.0,2499,7544,68470
17,76031,143,0.0,2500,7544,68487
18,76049,143,0.0,2501,7544,68505
42,76091,143,0.0,2502,7544,68547
31,76122,143,0.0,2503,7544,68578
14,76136,143,0.0,2504,7544,68592
15,76151,143,0.0,2505,7544,68607
43,76194,143,0.0,2506,7544,68650
14,76208,143,0.0,2507,7544,68664
19,76227,143,0.0,2508,7544,68683
16,76243,143,0.0,2509,7544,68699
42,76285,143,0.0,2510,7544,68741
16,76301,143,0.0,2511,7544,68757
51,76352,143,0.0,2512,7544,68808
66,76418,143,0.0,2513,7544,68874
41,76459,143,0.0,2514,7544,68915
14,76473,144,1.0,2515,7544,68929
32,76505,145,1.0,2516,7544,68961
26,76531,145,0.0,2517,7544,68987
9,76540,145,0.0,2518,7544,68996
21,76561,145,0.0,2519,7544,69017
10,76571,145,0.0,2520,7544,69027
11,76582,145,0.0,2521,7544,69038
34,76616,145,0.0,2522,7544,69072
5,76621,145,0.0,2523,7544,69077
21,76642,145,0.0,2524,7544,69098
55,76697,145,0.0,2525,7544,69153
14,76711,145,0.0,2526,7544,69167
7,76718,145,0.0,2527,7544,69174
13,76731,145,0.0,2528,7544,69187
29,76760,145,0.0,2529,7544,69216
72,76832,145,0.0,2530,7544,69288
100,76932,145,0.0,2531,7544,69388
33,76965,145,0.0,2532,7544,69421
21,76986,145,0.0,2533,7544,69442
35,77021,145,0.0,2534,7544,69477
42,77063,145,0.0,2535,7544,69519
8,77071,145,0.0,2536,7544,69527
11,77082,145,0.0,2537,7544,69538
43,77125,145,0.0,2538,7544,69581
30,77155,146,1.0,2539,7544,69611
100,77255,146,0.0,2540,7544,69711
33,77288,147,1.0,2541,7544,69744
38,77326,147,0.0,2542,7544,69782
26,77352,147,0.0,2543,7544,69808
11,77363,147,0.0,2544,7544,69819
40,77403,147,0.0,2545,7544,69859
92,77495,148,1.0,2546,7544,69951
61,77556,148,0.0,2547,7544,70012
23,77579,148,0.0,2548,7544,70035
15,77594,148,0.0,2549,7544,70050
38,77632,148,0.0,2550,7544,70088
41,77673,148,0.0,2551,7544,70129
30,77703,148,0.0,2552,7544,70159
38,77741,148,0.0,2553,7544,70197
79,77820,148,0.0,2554,7544,70276
8,77828,148,0.0,2555,7544,70284
50,77878,148,0.0,2556,7544,70334
9,77887,148,0.0,2557,7544,70343
30,77917,148,0.0,2558,7544,70373
20,77937,148,0.0,2559,7544,70393
14,77951,148,0.0,2560,7544,70407
28,77979,148,0.0,2561,7544,70435
27,78006,149,1.0,2562,7544,70462
30,78036,149,0.0,2563,7544,70492
11,78047,149,0.0,2564,7544,70503
24,78071,150,1.0,2565,7544,70527
20,78091,150,0.0,2566,7544,70547
8,78099,150,0.0,2567,7544,70555
32,78131,150,0.0,2568,7544,70587
14,78145,150,0.0,2569,7544,70601
9,78154,150,0.0,2570,7544,70610
29,78183,150,0.0,2571,7544,70639
42,78225,150,0.0,2572,7544,70681
10,78235,150,0.0,2573,7544,70691
13,78248,150,0.0,2574,7544,70704
31,78279,150,0.0,2575,7544,70735
32,78311,150,0.0,2576,7544,70767
63,78374,150,0.0,2577,7544,70830
35,78409,150,0.0,2578,7544,70865
73,78482,150,0.0,2579,7544,70938
19,78501,150,0.0,2580,7544,70957
55,78556,150,0.0,2581,7544,71012
13,78569,150,0.0,2582,7544,71025
46,78615,150,0.0,2583,7544,71071
52,78667,150,0.0,2584,7544,71123
27,78694,150,0.0,2585,7544,71150
18,78712,151,1.0,2586,7544,71168
42,78754,151,0.0,2587,7544,71210
11,78765,151,0.0,2588,7544,71221
20,78785,151,0.0,2589,7544,71241
13,78798,151,0.0,2590,7544,71254
10,78808,151,0.0,2591,7544,71264
40,78848,152,1.0,2592,7544,71304
21,78869,152,0.0,2593,7544,71325
28,78897,152,0.0,2594,7544,71353
17,78914,152,0.0,2595,7544,71370
54,78968,152,0.0,2596,7544,71424
43,79011,152,0.0,2597,7544,71467
43,79054,152,0.0,2598,7544,71510
47,79101,153,1.0,2599,7544,71557
61,79162,153,0.0,2600,7544,71618
30,79192,154,1.0,2601,7544,71648
15,79207,154,0.0,2602,7544,71663
12,79219,154,0.0,2603,7544,71675
30,79249,155,1.0,2604,7544,71705
17,79266,155,0.0,2605,7544,71722
42,79308,155,0.0,2606,7544,71764
11,79319,155,0.0,2607,7544,71775
30,79349,155,0.0,2608,7544,71805
20,79369,156,1.0,2609,7544,71825
26,79395,156,0.0,2610,7544,71851
29,79424,156,0.0,2611,7544,71880
31,79455,157,1.0,2612,7544,71911
41,79496,157,0.0,2613,7544,71952
44,79540,157,0.0,2614,7544,71996
20,79560,157,0.0,2615,7544,72016
24,79584,158,1.0,2616,7544,72040
13,79597,158,0.0,2617,7544,72053
27,79624,158,0.0,2618,7544,72080
26,79650,158,0.0,2619,7544,72106
16,79666,158,0.0,2620,7544,72122
15,79681,158,0.0,2621,7544,72137
16,79697,158,0.0,2622,7544,72153
24,79721,158,0.0,2623,7544,72177
15,79736,158,0.0,2624,7544,72192
78,79814,158,0.0,2625,7544,72270
18,79832,158,0.0,2626,7544,72288
33,79865,158,0.0,2627,7544,72321
21,79886,158,0.0,2628,7544,72342
7,79893,158,0.0,2629,7544,72349
26,79919,158,0.0,2630,7544,72375
23,79942,158,0.0,2631,7544,72398
32,79974,158,0.0,2632,7544,72430
75,80049,158,0.0,2633,7544,72505
10,80059,158,0.0,2634,7544,72515
21,80080,158,0.0,2635,7544,72536
34,80114,158,0.0,2636,7544,72570
20,80134,158,0.0,2637,7544,72590
45,80179,158,0.0,2638,7544,72635
32,80211,158,0.0,2639,7544,72667
8,80219,158,0.0,2640,7544,72675
8,80227,158,0.0,2641,7544,72683
10,80237,158,0.0,2642,7544,72693
18,80255,158,0.0,2643,7544,72711
50,80305,158,0.0,2644,7544,72761
6,80311,158,0.0,2645,7544,72767
56,80367,158,0.0,2646,7544,72823
37,80404,158,0.0,2647,7544,72860
9,80413,158,0.0,2648,7544,72869
17,80430,158,0.0,2649,7544,72886
7,80437,158,0.0,2650,7544,72893
14,80451,158,0.0,2651,7544,72907
43,80494,158,0.0,2652,7544,72950
22,80516,159,1.0,2653,7544,72972
17,80533,159,0.0,2654,7544,72989
24,80557,159,0.0,2655,7544,73013
58,80615,159,0.0,2656,7544,73071
28,80643,159,0.0,2657,7544,73099
25,80668,159,0.0,2658,7544,73124
18,80686,159,0.0,2659,7544,73142
8,80694,159,0.0,2660,7544,73150
43,80737,159,0.0,2661,7544,73193
46,80783,159,0.0,2662,7544,73239
46,80829,159,0.0,2663,7544,73285
25,80854,159,0.0,2664,7544,73310
46,80900,159,0.0,2665,7544,73356
13,80913,159,0.0,2666,7544,73369
18,80931,159,0.0,2667,7544,73387
26,80957,159,0.0,2668,7544,73413
21,80978,159,0.0,2669,7544,73434
38,81016,159,0.0,2670,7544,73472
38,81054,159,0.0,2671,7544,73510
29,81083,160,1.0,2672,7544,73539
73,81156,161,1.0,2673,7544,73612
28,81184,161,0.0,2674,7544,73640
36,81220,162,1.0,2675,7544,73676
62,81282,162,0.0,2676,7544,73738
23,81305,162,0.0,2677,7544,73761
19,81324,162,0.0,2678,7544,73780
12,81336,162,0.0,2679,7544,73792
33,81369,162,0.0,2680,7544,73825
11,81380,162,0.0,2681,7544,73836
27,81407,163,1.0,2682,7544,73863
37,81444,163,0.0,2683,7544,73900
30,81474,163,0.0,2684,7544,73930
18,81492,163,0.0,2685,7544,73948
73,81565,163,0.0,2686,7544,74021
9,81574,163,0.0,2687,7544,74030
47,81621,163,0.0,2688,7544,74077
18,81639,163,0.0,2689,7544,74095
41,81680,163,0.0,2690,7544,74136
47,81727,163,0.0,2691,7544,74183
28,81755,163,0.0,2692,7544,74211
19,81774,163,0.0,2693,7544,74230
20,81794,163,0.0,2694,7544,74250
24,81818,164,1.0,2695,7544,74274
13,81831,164,0.0,2696,7544,74287
68,81899,164,0.0,2697,7544,74355
27,81926,164,0.0,2698,7544,74382
48,81974,165,1.0,2699,7544,74430
71,82045,165,0.0,2700,7544,74501
11,82056,165,0.0,2701,7544,74512
7,82063,165,0.0,2702,7544,74519
10,82073,165,0.0,2703,7544,74529
15,82088,165,0.0,2704,7544,74544
13,82101,165,0.0,2705,7544,74557
26,82127,165,0.0,2706,7544,74583
22,82149,165,0.0,2707,7544,74605
33,82182,165,0.0,2708,7544,74638
42,82224,165,0.0,2709,7544,74680
43,82267,166,1.0,2710,7544,74723
11,82278,166,0.0,2711,7544,74734
88,82366,167,1.0,2712,7544,74822
29,82395,167,0.0,2713,7544,74851
34,82429,167,0.0,2714,7544,74885
38,82467,167,0.0,2715,7544,74923
28,82495,167,0.0,2716,7544,74951
23,82518,167,0.0,2717,7544,74974
61,82579,167,0.0,2718,7544,75035
51,82630,168,1.0,2719,7544,75086
51,82681,168,0.0,2720,7544,75137
13,82694,168,0.0,2721,7544,75150
51,82745,168,0.0,2722,7544,75201
26,82771,168,0.0,2723,7544,75227
26,82797,168,0.0,2724,7544,75253
18,82815,168,0.0,2725,7544,75271
15,82830,168,0.0,2726,7544,75286
61,82891,168,0.0,2727,7544,75347
43,82934,168,0.0,2728,7544,75390
33,82967,169,1.0,2729,7544,75423
18,82985,169,0.0,2730,7544,75441
23,83008,169,0.0,2731,7544,75464
8,83016,169,0.0,2732,7544,75472
29,83045,170,1.0,2733,7544,75501
22,83067,171,1.0,2734,7544,75523
17,83084,171,0.0,2735,7544,75540
11,83095,171,0.0,2736,7544,75551
44,83139,172,1.0,2737,7544,75595
26,83165,172,0.0,2738,7544,75621
20,83185,172,0.0,2739,7544,75641
31,83216,173,1.0,2740,7544,75672
13,83229,173,0.0,2741,7544,75685
58,83287,173,0.0,2742,7544,75743
14,83301,173,0.0,2743,7544,75757
35,83336,173,0.0,2744,7544,75792
51,83387,174,1.0,2745,7544,75843
13,83400,174,0.0,2746,7544,75856
14,83414,174,0.0,2747,7544,75870
97,83511,174,0.0,2748,7544,75967
34,83545,174,0.0,2749,7544,76001
20,83565,174,0.0,2750,7544,76021
22,83587,174,0.0,2751,7544,76043
24,83611,174,0.0,2752,7544,76067
34,83645,174,0.0,2753,7544,76101
17,83662,174,0.0,2754,7544,76118
18,83680,174,0.0,2755,7544,76136
38,83718,175,1.0,2756,7544,76174
49,83767,176,1.0,2757,7544,76223
22,83789,176,0.0,2758,7544,76245
11,83800,176,0.0,2759,7544,76256
16,83816,176,0.0,2760,7544,76272
15,83831,176,0.0,2761,7544,76287
13,83844,176,0.0,2762,7544,76300
26,83870,176,0.0,2763,7544,76326
34,83904,176,0.0,2764,7544,76360
10,83914,176,0.0,2765,7544,76370
13,83927,176,0.0,2766,7544,76383
17,83944,176,0.0,2767,7544,76400
32,83976,176,0.0,2768,7544,76432
57,84033,176,0.0,2769,7544,76489
20,84053,176,0.0,2770,7544,76509
31,84084,177,1.0,2771,7544,76540
9,84093,177,0.0,2772,7544,76549
7,84100,177,0.0,2773,7544,76556
7,84107,177,0.0,2774,7544,76563
28,84135,177,0.0,2775,7544,76591
19,84154,177,0.0,2776,7544,76610
14,84168,177,0.0,2777,7544,76624
19,84187,177,0.0,2778,7544,76643
9,84196,177,0.0,2779,7544,76652
60,84256,177,0.0,2780,7544,76712
13,84269,177,0.0,2781,7544,76725
27,84296,177,0.0,2782,7544,76752
10,84306,177,0.0,2783,7544,76762
19,84325,178,1.0,2784,7544,76781
31,84356,178,0.0,2785,7544,76812
27,84383,178,0.0,2786,7544,76839
36,84419,178,0.0,2787,7544,76875
39,84458,178,0.0,2788,7544,76914
37,84495,178,0.0,2789,7544,76951
20,84515,178,0.0,2790,7544,76971
26,84541,178,0.0,2791,7544,76997
14,84555,178,0.0,2792,7544,77011
11,84566,178,0.0,2793,7544,77022
38,84604,178,0.0,2794,7544,77060
30,84634,178,0.0,2795,7544,77090
29,84663,178,0.0,2796,7544,77119
20,84683,178,0.0,2797,7544,77139
30,84713,178,0.0,2798,7544,77169
14,84727,178,0.0,2799,7544,77183
13,84740,178,0.0,2800,7544,77196
8,84748,178,0.0,2801,7544,77204
18,84766,178,0.0,2802,7544,77222
21,84787,179,1.0,2803,7544,77243
17,84804,179,0.0,2804,7544,77260
56,84860,179,0.0,2805,7544,77316
16,84876,179,0.0,2806,7544,77332
33,84909,179,0.0,2807,7544,77365
25,84934,179,0.0,2808,7544,77390
83,85017,179,0.0,2809,7544,77473
7,85024,179,0.0,2810,7544,77480
11,85035,179,0.0,2811,7544,77491
55,85090,179,0.0,2812,7544,77546
19,85109,179,0.0,2813,7544,77565
20,85129,179,0.0,2814,7544,77585
63,85192,180,1.0,2815,7544,77648
51,85243,181,1.0,2816,7544,77699
30,85273,181,0.0,2817,7544,77729
25,85298,182,1.0,2818,7544,77754
10,85308,182,0.0,2819,7544,77764
49,85357,182,0.0,2820,7544,77813
32,85389,182,0.0,2821,7544,77845
40,85429,182,0.0,2822,7544,77885
20,85449,182,0.0,2823,7544,77905
42,85491,183,1.0,2824,7544,77947
18,85509,183,0.0,2825,7544,77965
18,85527,183,0.0,2826,7544,77983
12,85539,183,0.0,2827,7544,77995
84,85623,184,1.0,2828,7544,78079
34,85657,184,0.0,2829,7544,78113
22,85679,185,1.0,2830,7544,78135
44,85723,185,0.0,2831,7544,78179
58,85781,185,0.0,2832,7544,78237
20,85801,185,0.0,2833,7544,78257
9,85810,185,0.0,2834,7544,78266
8,85818,185,0.0,2835,7544,78274
45,85863,185,0.0,2836,7544,78319
11,85874,185,0.0,2837,7544,78330
100,85974,185,0.0,2838,7544,78430
12,85986,185,0.0,2839,7544,78442
21,86007,185,0.0,2840,7544,78463
46,86053,186,1.0,2841,7544,78509
49,86102,187,1.0,2842,7544,78558
14,86116,187,0.0,2843,7544,78572
25,86141,188,1.0,2844,7544,78597
14,86155,188,0.0,2845,7544,78611
25,86180,188,0.0,2846,7544,78636
44,86224,188,0.0,2847,7544,78680
15,86239,188,0.0,2848,7544,78695
58,86297,189,1.0,2849,7544,78753
31,86328,190,1.0,2850,7544,78784
16,86344,190,0.0,2851,7544,78800
15,86359,190,0.0,2852,7544,78815
15,86374,190,0.0,2853,7544,78830
43,86417,190,0.0,2854,7544,78873
16,86433,190,0.0,2855,7544,78889
19,86452,190,0.0,2856,7544,78908
33,86485,190,0.0,2857,7544,78941
21,86506,191,1.0,2858,7544,78962
15,86521,191,0.0,2859,7544,78977
24,86545,191,0.0,2860,7544,79001
23,86568,191,0.0,2861,7544,79024
24,86592,191,0.0,2862,7544,79048
32,86624,191,0.0,2863,7544,79080
20,86644,191,0.0,2864,7544,79100
10,86654,191,0.0,2865,7544,79110
25,86679,191,0.0,2866,7544,79135
53,86732,192,1.0,2867,7544,79188
70,86802,192,0.0,2868,7544,79258
33,86835,192,0.0,2869,7544,79291
39,86874,192,0.0,2870,7544,79330
19,86893,192,0.0,2871,7544,79349
12,86905,192,0.0,2872,7544,79361
13,86918,192,0.0,2873,7544,79374
65,86983,193,1.0,2874,7544,79439
80,87063,193,0.0,2875,7544,79519
24,87087,194,1.0,2876,7544,79543
30,87117,194,0.0,2877,7544,79573
23,87140,195,1.0,2878,7544,79596
8,87148,195,0.0,2879,7544,79604
28,87176,195,0.0,2880,7544,79632
8,87184,195,0.0,2881,7544,79640
21,87205,195,0.0,2882,7544,79661
17,87222,195,0.0,2883,7544,79678
20,87242,195,0.0,2884,7544,79698
20,87262,195,0.0,2885,7544,79718
42,87304,195,0.0,2886,7544,79760
27,87331,195,0.0,2887,7544,79787
29,87360,195,0.0,2888,7544,79816
15,87375,195,0.0,2889,7544,79831
28,87403,195,0.0,2890,7544,79859
20,87423,195,0.0,2891,7544,79879
19,87442,195,0.0,2892,7544,79898
29,87471,195,0.0,2893,7544,79927
13,87484,195,0.0,2894,7544,79940
50,87534,195,0.0,2895,7544,79990
57,87591,195,0.0,2896,7544,80047
20,87611,195,0.0,2897,7544,80067
32,87643,196,1.0,2898,7544,80099
24,87667,196,0.0,2899,7544,80123
22,87689,196,0.0,2900,7544,80145
15,87704,196,0.0,2901,7544,80160
51,87755,196,0.0,2902,7544,80211
14,87769,196,0.0,2903,7544,80225
25,87794,196,0.0,2904,7544,80250
7,87801,196,0.0,2905,7544,80257
24,87825,196,0.0,2906,7544,80281
35,87860,197,1.0,2907,7544,80316
17,87877,197,0.0,2908,7544,80333
15,87892,197,0.0,2909,7544,80348
13,87905,197,0.0,2910,7544,80361
56,87961,197,0.0,2911,7544,80417
31,87992,198,1.0,2912,7544,80448
57,88049,198,0.0,2913,7544,80505
15,88064,198,0.0,2914,7544,80520
37,88101,198,0.0,2915,7544,80557
45,88146,198,0.0,2916,7544,80602
99,88245,198,0.0,2917,7544,80701
15,88260,198,0.0,2918,7544,80716
21,88281,198,0.0,2919,7544,80737
43,88324,199,1.0,2920,7544,80780
19,88343,199,0.0,2921,7544,80799
24,88367,199,0.0,2922,7544,80823
22,88389,200,1.0,2923,7544,80845
60,88449,200,0.0,2924,7544,80905
13,88462,200,0.0,2925,7544,80918
69,88531,200,0.0,2926,7544,80987
18,88549,200,0.0,2927,7544,81005
18,88567,200,0.0,2928,7544,81023
49,88616,200,0.0,2929,7544,81072
17,88633,200,0.0,2930,7544,81089
25,88658,200,0.0,2931,7544,81114
51,88709,200,0.0,2932,7544,81165
32,88741,200,0.0,2933,7544,81197
6,88747,200,0.0,2934,7544,81203
21,88768,201,1.0,2935,7544,81224
16,88784,201,0.0,2936,7544,81240
23,88807,201,0.0,2937,7544,81263
39,88846,201,0.0,2938,7544,81302
6,88852,201,0.0,2939,7544,81308
32,88884,202,1.0,2940,7544,81340
13,88897,202,0.0,2941,7544,81353
18,88915,202,0.0,2942,7544,81371
9,88924,202,0.0,2943,7544,81380
45,88969,203,1.0,2944,7544,81425
56,89025,204,1.0,2945,7544,81481
48,89073,204,0.0,2946,7544,81529
10,89083,204,0.0,2947,7544,81539
11,89094,204,0.0,2948,7544,81550
16,89110,204,0.0,2949,7544,81566
26,89136,205,1.0,2950,7544,81592
26,89162,205,0.0,2951,7544,81618
22,89184,205,0.0,2952,7544,81640
16,89200,205,0.0,2953,7544,81656
38,89238,205,0.0,2954,7544,81694
22,89260,205,0.0,2955,7544,81716
44,89304,205,0.0,2956,7544,81760
25,89329,205,0.0,2957,7544,81785
53,89382,205,0.0,2958,7544,81838
20,89402,205,0.0,2959,7544,81858
22,89424,206,1.0,2960,7544,81880
55,89479,206,0.0,2961,7544,81935
19,89498,206,0.0,2962,7544,81954
31,89529,207,1.0,2963,7544,81985
20,89549,207,0.0,2964,7544,82005
28,89577,207,0.0,2965,7544,82033
60,89637,207,0.0,2966,7544,82093
15,89652,207,0.0,2967,7544,82108
45,89697,207,0.0,2968,7544,82153
13,89710,207,0.0,2969,7544,82166
99,89809,207,0.0,2970,7544,82265
33,89842,207,0.0,2971,7544,82298
74,89916,207,0.0,2972,7544,82372
16,89932,207,0.0,2973,7544,82388
20,89952,207,0.0,2974,7544,82408
20,89972,207,0.0,2975,7544,82428
21,89993,207,0.0,2976,7544,82449
11,90004,207,0.0,2977,7544,82460
48,90052,207,0.0,2978,7544,82508
44,90096,207,0.0,2979,7544,82552
16,90112,207,0.0,2980,7544,82568
41,90153,207,0.0,2981,7544,82609
85,90238,207,0.0,2982,7544,82694
19,90257,207,0.0,2983,7544,82713
59,90316,207,0.0,2984,7544,82772
23,90339,207,0.0,2985,7544,82795
10,90349,207,0.0,2986,7544,82805
42,90391,207,0.0,2987,7544,82847
39,90430,207,0.0,2988,7544,82886
13,90443,207,0.0,2989,7544,82899
55,90498,207,0.0,2990,7544,82954
20,90518,207,0.0,2991,7544,82974
13,90531,207,0.0,2992,7544,82987
15,90546,207,0.0,2993,7544,83002
51,90597,207,0.0,2994,7544,83053
26,90623,207,0.0,2995,7544,83079
33,90656,207,0.0,2996,7544,83112
10,90666,207,0.0,2997,7544,83122
24,90690,207,0.0,2998,7544,83146
41,90731,207,0.0,2999,7544,83187
15,90746,207,0.0,3000,7544,83202
58,90804,207,0.0,3001,7544,83260
55,90859,208,1.0,3002,7544,83315
17,90876,208,0.0,3003,7544,83332
29,90905,208,0.0,3004,7544,83361
23,90928,208,0.0,3005,7544,83384
35,90963,208,0.0,3006,7544,83419
13,90976,208,0.0,3007,7544,83432
12,90988,208,0.0,3008,7544,83444
12,91000,208,0.0,3009,7544,83456
12,91012,208,0.0,3010,7544,83468
21,91033,208,0.0,3011,7544,83489
7,91040,208,0.0,3012,7544,83496
28,91068,208,0.0,3013,7544,83524
29,91097,208,0.0,3014,7544,83553
33,91130,208,0.0,3015,7544,83586
21,91151,208,0.0,3016,7544,83607
33,91184,208,0.0,3017,7544,83640
41,91225,209,1.0,3018,7544,83681
35,91260,210,1.0,3019,7544,83716
29,91289,210,0.0,3020,7544,83745
16,91305,210,0.0,3021,7544,83761
47,91352,211,1.0,3022,7544,83808
25,91377,211,0.0,3023,7544,83833
20,91397,211,0.0,3024,7544,83853
30,91427,211,0.0,3025,7544,83883
6,91433,211,0.0,3026,7544,83889
47,91480,211,0.0,3027,7544,83936
9,91489,211,0.0,3028,7544,83945
9,91498,211,0.0,3029,7544,83954
37,91535,211,0.0,3030,7544,83991
37,91572,212,1.0,3031,7544,84028
14,91586,212,0.0,3032,7544,84042
25,91611,212,0.0,3033,7544,84067
27,91638,212,0.0,3034,7544,84094
18,91656,212,0.0,3035,7544,84112
15,91671,212,0.0,3036,7544,84127
29,91700,212,0.0,3037,7544,84156
35,91735,212,0.0,3038,7544,84191
18,91753,212,0.0,3039,7544,84209
12,91765,212,0.0,3040,7544,84221
53,91818,213,1.0,3041,7544,84274
23,91841,213,0.0,3042,7544,84297
23,91864,213,0.0,3043,7544,84320
100,91964,213,0.0,3044,7544,84420
29,91993,213,0.0,3045,7544,84449
62,92055,214,1.0,3046,7544,84511
20,92075,214,0.0,3047,7544,84531
16,92091,214,0.0,3048,7544,84547
34,92125,214,0.0,3049,7544,84581
29,92154,214,0.0,3050,7544,84610
24,92178,214,0.0,3051,7544,84634
5,92183,214,0.0,3052,7544,84639
28,92211,214,0.0,3053,7544,84667
42,92253,214,0.0,3054,7544,84709
7,92260,214,0.0,3055,7544,84716
27,92287,214,0.0,3056,7544,84743
54,92341,214,0.0,3057,7544,84797
73,92414,214,0.0,3058,7544,84870
27,92441,214,0.0,3059,7544,84897
38,92479,214,0.0,3060,7544,84935
27,92506,214,0.0,3061,7544,84962
27,92533,214,0.0,3062,7544,84989
45,92578,214,0.0,3063,7544,85034
52,92630,214,0.0,3064,7544,85086
25,92655,214,0.0,3065,7544,85111
29,92684,214,0.0,3066,7544,85140
25,92709,214,0.0,3067,7544,85165
32,92741,214,0.0,3068,7544,85197
48,92789,214,0.0,3069,7544,85245
10,92799,214,0.0,3070,7544,85255
16,92815,215,1.0,3071,7544,85271
24,92839,215,0.0,3072,7544,85295
18,92857,215,0.0,3073,7544,85313
55,92912,216,1.0,3074,7544,85368
40,92952,217,1.0,3075,7544,85408
6,92958,217,0.0,3076,7544,85414
21,92979,217,0.0,3077,7544,85435
56,93035,217,0.0,3078,7544,85491
27,93062,217,0.0,3079,7544,85518
8,93070,217,0.0,3080,7544,85526
13,93083,217,0.0,3081,7544,85539
14,93097,217,0.0,3082,7544,85553
9,93106,217,0.0,3083,7544,85562
45,93151,217,0.0,3084,7544,85607
21,93172,217,0.0,3085,7544,85628
44,93216,217,0.0,3086,7544,85672
9,93225,217,0.0,3087,7544,85681
17,93242,217,0.0,3088,7544,85698
30,93272,217,0.0,3089,7544,85728
18,93290,217,0.0,3090,7544,85746
42,93332,218,1.0,3091,7544,85788
22,93354,218,0.0,3092,7544,85810
19,93373,218,0.0,3093,7544,85829
34,93407,218,0.0,3094,7544,85863
14,93421,218,0.0,3095,7544,85877
42,93463,218,0.0,3096,7544,85919
13,93476,218,0.0,3097,7544,85932
32,93508,219,1.0,3098,7544,85964
36,93544,219,0.0,3099,7544,86000
17,93561,219,0.0,3100,7544,86017
11,93572,219,0.0,3101,7544,86028
31,93603,219,0.0,3102,7544,86059
42,93645,219,0.0,3103,7544,86101
47,93692,219,0.0,3104,7544,86148
22,93714,219,0.0,3105,7544,86170
22,93736,219,0.0,3106,7544,86192
12,93748,219,0.0,3107,7544,86204
24,93772,220,1.0,3108,7544,86228
31,93803,221,1.0,3109,7544,86259
22,93825,221,0.0,3110,7544,86281
31,93856,221,0.0,3111,7544,86312
23,93879,222,1.0,3112,7544,86335
11,93890,222,0.0,3113,7544,86346
44,93934,222,0.0,3114,7544,86390
9,93943,222,0.0,3115,7544,86399
24,93967,222,0.0,3116,7544,86423
26,93993,222,0.0,3117,7544,86449
17,94010,222,0.0,3118,7544,86466
13,94023,222,0.0,3119,7544,86479
23,94046,222,0.0,3120,7544,86502
28,94074,222,0.0,3121,7544,86530
33,94107,222,0.0,3122,7544,86563
12,94119,222,0.0,3123,7544,86575
18,94137,222,0.0,3124,7544,86593
31,94168,222,0.0,3125,7544,86624
16,94184,222,0.0,3126,7544,86640
14,94198,222,0.0,3127,7544,86654
62,94260,222,0.0,3128,7544,86716
36,94296,222,0.0,3129,7544,86752
26,94322,222,0.0,3130,7544,86778
22,94344,222,0.0,3131,7544,86800
35,94379,222,0.0,3132,7544,86835
11,94390,222,0.0,3133,7544,86846
23,94413,222,0.0,3134,7544,86869
22,94435,222,0.0,3135,7544,86891
25,94460,222,0.0,3136,7544,86916
24,94484,222,0.0,3137,7544,86940
28,94512,222,0.0,3138,7544,86968
32,94544,222,0.0,3139,7544,87000
17,94561,222,0.0,3140,7544,87017
17,94578,222,0.0,3141,7544,87034
18,94596,222,0.0,3142,7544,87052
24,94620,222,0.0,3143,7544,87076
29,94649,222,0.0,3144,7544,87105
14,94663,222,0.0,3145,7544,87119
8,94671,222,0.0,3146,7544,87127
15,94686,222,0.0,3147,7544,87142
17,94703,222,0.0,3148,7544,87159
33,94736,223,1.0,3149,7544,87192
32,94768,223,0.0,3150,7544,87224
33,94801,223,0.0,3151,7544,87257
48,94849,224,1.0,3152,7544,87305
23,94872,225,1.0,3153,7544,87328
77,94949,225,0.0,3154,7544,87405
64,95013,225,0.0,3155,7544,87469
100,95113,225,0.0,3156,7544,87569
50,95163,226,1.0,3157,7544,87619
18,95181,226,0.0,3158,7544,87637
17,95198,226,0.0,3159,7544,87654
18,95216,226,0.0,3160,7544,87672
47,95263,226,0.0,3161,7544,87719
25,95288,226,0.0,3162,7544,87744
12,95300,226,0.0,3163,7544,87756
20,95320,226,0.0,3164,7544,87776
36,95356,226,0.0,3165,7544,87812
48,95404,227,1.0,3166,7544,87860
19,95423,227,0.0,3167,7544,87879
19,95442,228,1.0,3168,7544,87898
40,95482,229,1.0,3169,7544,87938
23,95505,229,0.0,3170,7544,87961
34,95539,230,1.0,3171,7544,87995
18,95557,230,0.0,3172,7544,88013
19,95576,230,0.0,3173,7544,88032
14,95590,230,0.0,3174,7544,88046
38,95628,230,0.0,3175,7544,88084
22,95650,230,0.0,3176,7544,88106
17,95667,230,0.0,3177,7544,88123
21,95688,230,0.0,3178,7544,88144
19,95707,230,0.0,3179,7544,88163
63,95770,230,0.0,3180,7544,88226
10,95780,230,0.0,3181,7544,88236
24,95804,230,0.0,3182,7544,88260
16,95820,230,0.0,3183,7544,88276
10,95830,230,0.0,3184,7544,88286
7,95837,230,0.0,3185,7544,88293
48,95885,231,1.0,3186,7544,88341
16,95901,231,0.0,3187,7544,88357
18,95919,231,0.0,3188,7544,88375
10,95929,231,0.0,3189,7544,88385
18,95947,231,0.0,3190,7544,88403
10,95957,231,0.0,3191,7544,88413
91,96048,231,0.0,3192,7544,88504
22,96070,231,0.0,3193,7544,88526
93,96163,231,0.0,3194,7544,88619
26,96189,232,1.0,3195,7544,88645
33,96222,232,0.0,3196,7544,88678
18,96240,232,0.0,3197,7544,88696
8,96248,232,0.0,3198,7544,88704
62,96310,232,0.0,3199,7544,88766
7,96317,232,0.0,3200,7544,88773
16,96333,232,0.0,3201,7544,88789
14,96347,232,0.0,3202,7544,88803
11,96358,232,0.0,3203,7544,88814
11,96369,232,0.0,3204,7544,88825
31,96400,232,0.0,3205,7544,88856
26,96426,232,0.0,3206,7544,88882
22,96448,232,0.0,3207,7544,88904
32,96480,233,1.0,3208,7544,88936
42,96522,233,0.0,3209,7544,88978
13,96535,233,0.0,3210,7544,88991
12,96547,233,0.0,3211,7544,89003
23,96570,233,0.0,3212,7544,89026
66,96636,233,0.0,3213,7544,89092
27,96663,233,0.0,3214,7544,89119
61,96724,233,0.0,3215,7544,89180
16,96740,233,0.0,3216,7544,89196
37,96777,233,0.0,3217,7544,89233
46,96823,233,0.0,3218,7544,89279
8,96831,233,0.0,3219,7544,89287
57,96888,234,1.0,3220,7544,89344
19,96907,234,0.0,3221,7544,89363
8,96915,234,0.0,3222,7544,89371
18,96933,234,0.0,3223,7544,89389
10,96943,234,0.0,3224,7544,89399
15,96958,234,0.0,3225,7544,89414
43,97001,234,0.0,3226,7544,89457
16,97017,235,1.0,3227,7544,89473
17,97034,235,0.0,3228,7544,89490
36,97070,235,0.0,3229,7544,89526
22,97092,235,0.0,3230,7544,89548
35,97127,235,0.0,3231,7544,89583
62,97189,235,0.0,3232,7544,89645
74,97263,235,0.0,3233,7544,89719
26,97289,235,0.0,3234,7544,89745
34,97323,236,1.0,3235,7544,89779
26,97349,236,0.0,3236,7544,89805
45,97394,237,1.0,3237,7544,89850
9,97403,237,0.0,3238,7544,89859
11,97414,237,0.0,3239,7544,89870
19,97433,237,0.0,3240,7544,89889
17,97450,237,0.0,3241,7544,89906
60,97510,238,1.0,3242,7544,89966
40,97550,238,0.0,3243,7544,90006
30,97580,238,0.0,3244,7544,90036
13,97593,238,0.0,3245,7544,90049
22,97615,238,0.0,3246,7544,90071
18,97633,238,0.0,3247,7544,90089
11,97644,238,0.0,3248,7544,90100
40,97684,238,0.0,3249,7544,90140
14,97698,238,0.0,3250,7544,90154
13,97711,238,0.0,3251,7544,90167
40,97751,238,0.0,3252,7544,90207
16,97767,238,0.0,3253,7544,90223
14,97781,238,0.0,3254,7544,90237
12,97793,238,0.0,3255,7544,90249
24,97817,238,0.0,3256,7544,90273
7,97824,238,0.0,3257,7544,90280
21,97845,238,0.0,3258,7544,90301
56,97901,238,0.0,3259,7544,90357
100,98001,238,0.0,3260,7544,90457
21,98022,238,0.0,3261,7544,90478
34,98056,238,0.0,3262,7544,90512
15,98071,238,0.0,3263,7544,90527
19,98090,238,0.0,3264,7544,90546
45,98135,238,0.0,3265,7544,90591
8,98143,238,0.0,3266,7544,90599
14,98157,238,0.0,3267,7544,90613
50,98207,238,0.0,3268,7544,90663
100,98307,238,0.0,3269,7544,90763
14,98321,238,0.0,3270,7544,90777
10,98331,238,0.0,3271,7544,90787
58,98389,238,0.0,3272,7544,90845
17,98406,238,0.0,3273,7544,90862
65,98471,238,0.0,3274,7544,90927
24,98495,238,0.0,3275,7544,90951
16,98511,238,0.0,3276,7544,90967
13,98524,238,0.0,3277,7544,90980
23,98547,238,0.0,3278,7544,91003
5,98552,238,0.0,3279,7544,91008
12,98564,238,0.0,3280,7544,91020
46,98610,238,0.0,3281,7544,91066
23,98633,239,1.0,3282,7544,91089
10,98643,239,0.0,3283,7544,91099
67,98710,239,0.0,3284,7544,91166
17,98727,239,0.0,3285,7544,91183
21,98748,239,0.0,3286,7544,91204
14,98762,239,0.0,3287,7544,91218
47,98809,239,0.0,3288,7544,91265
16,98825,239,0.0,3289,7544,91281
18,98843,239,0.0,3290,7544,91299
17,98860,239,0.0,3291,7544,91316
7,98867,239,0.0,3292,7544,91323
32,98899,239,0.0,3293,7544,91355
69,98968,239,0.0,3294,7544,91424
13,98981,239,0.0,3295,7544,91437
9,98990,239,0.0,3296,7544,91446
17,99007,239,0.0,3297,7544,91463
46,99053,239,0.0,3298,7544,91509
10,99063,239,0.0,3299,7544,91519
56,99119,239,0.0,3300,7544,91575
7,99126,239,0.0,3301,7544,91582
26,99152,239,0.0,3302,7544,91608
45,99197,240,1.0,3303,7544,91653
21,99218,240,0.0,3304,7544,91674
21,99239,240,0.0,3305,7544,91695
10,99249,240,0.0,3306,7544,91705
13,99262,240,0.0,3307,7544,91718
15,99277,240,0.0,3308,7544,91733
10,99287,240,0.0,3309,7544,91743
24,99311,241,1.0,3310,7544,91767
33,99344,242,1.0,3311,7544,91800
15,99359,242,0.0,3312,7544,91815
21,99380,242,0.0,3313,7544,91836
25,99405,243,1.0,3314,7544,91861
18,99423,243,0.0,3315,7544,91879
28,99451,243,0.0,3316,7544,91907
27,99478,243,0.0,3317,7544,91934
18,99496,243,0.0,3318,7544,91952
30,99526,243,0.0,3319,7544,91982
12,99538,243,0.0,3320,7544,91994
29,99567,243,0.0,3321,7544,92023
11,99578,243,0.0,3322,7544,92034
30,99608,243,0.0,3323,7544,92064
20,99628,243,0.0,3324,7544,92084
15,99643,243,0.0,3325,7544,92099
20,99663,244,1.0,3326,7544,92119
31,99694,244,0.0,3327,7544,92150
36,99730,245,1.0,3328,7544,92186
24,99754,246,1.0,3329,7544,92210
23,99777,246,0.0,3330,7544,92233
23,99800,246,0.0,3331,7544,92256
9,99809,246,0.0,3332,7544,92265
24,99833,246,0.0,3333,7544,92289
16,99849,246,0.0,3334,7544,92305
18,99867,246,0.0,3335,7544,92323
10,99877,246,0.0,3336,7544,92333
31,99908,246,0.0,3337,7544,92364
24,99932,246,0.0,3338,7544,92388
53,99985,246,0.0,3339,7544,92441
