iteration,successes,successes_episode,reward_episode,episode_count,random_act,timestep
83,83,0,0.0,1,55,28
53,136,0,0.0,2,96,40
27,163,0,0.0,3,121,42
31,194,0,0.0,4,147,47
26,220,0,0.0,5,165,55
10,230,0,0.0,6,175,55
20,250,0,0.0,7,189,61
37,287,0,0.0,8,217,70
38,325,0,0.0,9,245,80
22,347,0,0.0,10,263,84
20,367,0,0.0,11,282,85
91,458,0,0.0,12,363,95
19,477,0,0.0,13,377,100
19,496,0,0.0,14,390,106
47,543,0,0.0,15,426,117
7,550,0,0.0,16,433,117
27,577,0,0.0,17,453,124
27,604,0,0.0,18,477,127
25,629,0,0.0,19,498,131
5,634,0,0.0,20,502,132
13,647,0,0.0,21,514,133
14,661,0,0.0,22,523,138
7,668,0,0.0,23,528,140
40,708,0,0.0,24,561,147
7,715,0,0.0,25,566,149
35,750,0,0.0,26,593,157
51,801,0,0.0,27,635,166
12,813,0,0.0,28,646,167
46,859,0,0.0,29,686,173
25,884,0,0.0,30,706,178
18,902,0,0.0,31,721,181
48,950,0,0.0,32,751,199
7,957,0,0.0,33,757,200
18,975,0,0.0,34,772,203
19,994,0,0.0,35,787,207
23,1017,0,0.0,36,807,210
52,1069,0,0.0,37,852,217
11,1080,0,0.0,38,860,220
70,1150,0,0.0,39,912,238
31,1181,0,0.0,40,937,244
47,1228,0,0.0,41,975,253
77,1305,0,0.0,42,1040,265
35,1340,0,0.0,43,1068,272
8,1348,0,0.0,44,1075,273
12,1360,0,0.0,45,1084,276
45,1405,0,0.0,46,1116,289
12,1417,0,0.0,47,1126,291
37,1454,0,0.0,48,1151,303
12,1466,0,0.0,49,1162,304
17,1483,0,0.0,50,1176,307
13,1496,0,0.0,51,1189,307
42,1538,0,0.0,52,1221,317
74,1612,0,0.0,53,1283,329
24,1636,0,0.0,54,1303,333
22,1658,0,0.0,55,1321,337
52,1710,0,0.0,56,1362,348
14,1724,0,0.0,57,1373,351
47,1771,0,0.0,58,1413,358
22,1793,0,0.0,59,1431,362
30,1823,0,0.0,60,1454,369
30,1853,0,0.0,61,1480,373
24,1877,0,0.0,62,1497,380
44,1921,0,0.0,63,1536,385
25,1946,0,0.0,64,1557,389
15,1961,0,0.0,65,1569,392
24,1985,0,0.0,66,1589,396
56,2041,0,0.0,67,1631,410
54,2095,0,0.0,68,1675,420
14,2109,0,0.0,69,1687,422
58,2167,0,0.0,70,1732,435
12,2179,0,0.0,71,1743,436
7,2186,0,0.0,72,1748,438
37,2223,0,0.0,73,1774,449
12,2235,0,0.0,74,1782,453
30,2265,0,0.0,75,1807,458
20,2285,0,0.0,76,1821,464
9,2294,0,0.0,77,1828,466
12,2306,0,0.0,78,1838,468
22,2328,0,0.0,79,1855,473
66,2394,0,0.0,80,1907,487
74,2468,0,0.0,81,1962,506
39,2507,0,0.0,82,1994,513
19,2526,0,0.0,83,2010,516
10,2536,0,0.0,84,2019,517
20,2556,0,0.0,85,2035,521
78,2634,0,0.0,86,2094,540
9,2643,0,0.0,87,2102,541
51,2694,0,0.0,88,2148,546
52,2746,0,0.0,89,2190,556
28,2774,0,0.0,90,2212,562
100,2874,0,0.0,91,2287,587
9,2883,0,0.0,92,2294,589
20,2903,0,0.0,93,2309,594
20,2923,0,0.0,94,2324,599
30,2953,0,0.0,95,2348,605
54,3007,0,0.0,96,2395,612
32,3039,0,0.0,97,2420,619
53,3092,0,0.0,98,2463,629
29,3121,0,0.0,99,2486,635
17,3138,0,0.0,100,2501,637
12,3150,0,0.0,101,2511,639
17,3167,0,0.0,102,2526,641
45,3212,0,0.0,103,2560,652
18,3230,0,0.0,104,2573,657
24,3254,0,0.0,105,2595,659
77,3331,0,0.0,106,2658,673
12,3343,0,0.0,107,2668,675
53,3396,0,0.0,108,2710,686
19,3415,0,0.0,109,2722,693
48,3463,0,0.0,110,2755,708
16,3479,0,0.0,111,2765,714
100,3579,0,0.0,112,2842,737
26,3605,0,0.0,113,2860,745
14,3619,0,0.0,114,2870,749
50,3669,0,0.0,115,2911,758
100,3769,0,0.0,116,2998,771
46,3815,0,0.0,117,3034,781
84,3899,0,0.0,118,3103,796
22,3921,0,0.0,119,3123,798
49,3970,0,0.0,120,3162,808
89,4059,0,0.0,121,3235,824
16,4075,0,0.0,122,3246,829
50,4125,0,0.0,123,3285,840
41,4166,0,0.0,124,3318,848
6,4172,0,0.0,125,3323,849
48,4220,0,0.0,126,3356,864
87,4307,0,0.0,127,3414,893
11,4318,0,0.0,128,3424,894
24,4342,0,0.0,129,3448,894
85,4427,0,0.0,130,3511,916
32,4459,0,0.0,131,3538,921
35,4494,0,0.0,132,3570,924
21,4515,0,0.0,133,3584,931
11,4526,0,0.0,134,3591,935
17,4543,0,0.0,135,3603,940
15,4558,0,0.0,136,3617,941
47,4605,0,0.0,137,3655,950
43,4648,0,0.0,138,3692,956
45,4693,0,0.0,139,3724,969
20,4713,0,0.0,140,3741,972
23,4736,0,0.0,141,3759,977
17,4753,0,0.0,142,3774,979
35,4788,0,0.0,143,3802,986
32,4820,0,0.0,144,3829,991
10,4830,0,0.0,145,3835,995
13,4843,0,0.0,146,3845,998
9,4852,0,0.0,147,3853,999
37,4889,0,0.0,148,3885,1004
6,4895,0,0.0,149,3888,1007
8,4903,0,0.0,150,3893,1010
36,4939,0,0.0,151,3918,1021
9,4948,0,0.0,152,3925,1023
13,4961,0,0.0,153,3931,1030
33,4994,0,0.0,154,3959,1035
20,5014,0,0.0,155,3974,1040
18,5032,0,0.0,156,3991,1041
27,5059,0,0.0,157,4017,1042
7,5066,0,0.0,158,4024,1042
45,5111,0,0.0,159,4065,1046
13,5124,0,0.0,160,4074,1050
43,5167,0,0.0,161,4109,1058
11,5178,0,0.0,162,4115,1063
49,5227,0,0.0,163,4155,1072
23,5250,0,0.0,164,4175,1075
41,5291,0,0.0,165,4204,1087
17,5308,0,0.0,166,4217,1091
18,5326,0,0.0,167,4235,1091
34,5360,0,0.0,168,4263,1097
34,5394,0,0.0,169,4291,1103
13,5407,0,0.0,170,4300,1107
9,5416,0,0.0,171,4308,1108
88,5504,0,0.0,172,4387,1117
11,5515,0,0.0,173,4395,1120
13,5528,0,0.0,174,4407,1121
14,5542,0,0.0,175,4419,1123
6,5548,0,0.0,176,4424,1124
49,5597,0,0.0,177,4464,1133
29,5626,0,0.0,178,4490,1136
56,5682,0,0.0,179,4535,1147
29,5711,0,0.0,180,4558,1153
22,5733,0,0.0,181,4574,1159
7,5740,0,0.0,182,4580,1160
26,5766,0,0.0,183,4603,1163
12,5778,0,0.0,184,4615,1163
68,5846,0,0.0,185,4669,1177
6,5852,0,0.0,186,4675,1177
41,5893,0,0.0,187,4711,1182
25,5918,0,0.0,188,4731,1187
22,5940,0,0.0,189,4750,1190
10,5950,0,0.0,190,4759,1191
60,6010,0,0.0,191,4808,1202
14,6024,0,0.0,192,4820,1204
17,6041,0,0.0,193,4832,1209
34,6075,0,0.0,194,4862,1213
23,6098,0,0.0,195,4882,1216
10,6108,0,0.0,196,4892,1216
100,6208,0,0.0,197,4969,1239
25,6233,0,0.0,198,4991,1242
10,6243,0,0.0,199,5000,1243
28,6271,0,0.0,200,5024,1247
20,6291,0,0.0,201,5040,1251
14,6305,0,0.0,202,5054,1251
67,6372,0,0.0,203,5111,1261
76,6448,0,0.0,204,5171,1277
13,6461,0,0.0,205,5182,1279
70,6531,0,0.0,206,5246,1285
17,6548,0,0.0,207,5257,1291
12,6560,0,0.0,208,5266,1294
26,6586,0,0.0,209,5287,1299
13,6599,0,0.0,210,5299,1300
17,6616,0,0.0,211,5311,1305
40,6656,0,0.0,212,5343,1313
54,6710,0,0.0,213,5384,1326
56,6766,0,0.0,214,5430,1336
12,6778,0,0.0,215,5439,1339
75,6853,0,0.0,216,5504,1349
28,6881,0,0.0,217,5525,1356
53,6934,0,0.0,218,5571,1363
23,6957,0,0.0,219,5587,1370
7,6964,0,0.0,220,5593,1371
9,6973,0,0.0,221,5599,1374
34,7007,0,0.0,222,5630,1377
14,7021,0,0.0,223,5638,1383
14,7035,0,0.0,224,5650,1385
40,7075,0,0.0,225,5676,1399
22,7097,0,0.0,226,5696,1401
49,7146,0,0.0,227,5736,1410
16,7162,0,0.0,228,5750,1412
100,7262,0,0.0,229,5827,1435
33,7295,0,0.0,230,5852,1443
16,7311,0,0.0,231,5867,1444
14,7325,0,0.0,232,5879,1446
26,7351,0,0.0,233,5902,1449
9,7360,0,0.0,234,5910,1450
7,7367,0,0.0,235,5916,1451
19,7386,0,0.0,236,5930,1456
26,7412,0,0.0,237,5954,1458
12,7424,0,0.0,238,5959,1465
26,7450,0,0.0,239,5977,1473
26,7476,0,0.0,240,5993,1483
10,7486,0,0.0,241,6002,1484
46,7532,0,0.0,242,6039,1493
20,7552,0,0.0,243,6056,1496
31,7583,0,0.0,244,6078,1505
65,7648,0,0.0,245,6132,1516
29,7677,0,0.0,246,6156,1521
10,7687,0,0.0,247,6164,1523
17,7704,0,0.0,248,6178,1526
44,7748,0,0.0,249,6213,1535
14,7762,0,0.0,250,6224,1538
26,7788,0,0.0,251,6244,1544
48,7836,0,0.0,252,6281,1555
82,7918,0,0.0,253,6348,1570
51,7969,0,0.0,254,6385,1584
100,8069,0,0.0,255,6470,1599
23,8092,0,0.0,256,6487,1605
18,8110,0,0.0,257,6500,1610
100,8210,0,0.0,258,6573,1637
22,8232,0,0.0,259,6588,1644
21,8253,0,0.0,260,6606,1647
100,8353,0,0.0,261,6686,1667
44,8397,0,0.0,262,6723,1674
16,8413,0,0.0,263,6734,1679
23,8436,0,0.0,264,6750,1686
16,8452,0,0.0,265,6762,1690
23,8475,0,0.0,266,6781,1694
14,8489,0,0.0,267,6793,1696
7,8496,0,0.0,268,6800,1696
42,8538,0,0.0,269,6833,1705
53,8591,0,0.0,270,6870,1721
22,8613,0,0.0,271,6889,1724
14,8627,0,0.0,272,6901,1726
8,8635,0,0.0,273,6906,1729
63,8698,0,0.0,274,6959,1739
20,8718,0,0.0,275,6974,1744
44,8762,0,0.0,276,7010,1752
47,8809,0,0.0,277,7047,1762
12,8821,0,0.0,278,7057,1764
11,8832,0,0.0,279,7065,1767
22,8854,0,0.0,280,7084,1770
39,8893,0,0.0,281,7117,1776
8,8901,0,0.0,282,7125,1776
46,8947,0,0.0,283,7162,1785
15,8962,0,0.0,284,7171,1791
19,8981,0,0.0,285,7186,1795
37,9018,0,0.0,286,7220,1798
25,9043,0,0.0,287,7238,1805
35,9078,0,0.0,288,7261,1817
16,9094,0,0.0,289,7274,1820
99,9193,0,0.0,290,7358,1835
100,9293,0,0.0,291,7437,1856
47,9340,0,0.0,292,7478,1862
32,9372,0,0.0,293,7507,1865
29,9401,0,0.0,294,7529,1872
54,9455,0,0.0,295,7572,1883
18,9473,0,0.0,296,7586,1887
24,9497,0,0.0,297,7606,1891
29,9526,0,0.0,298,7630,1896
49,9575,0,0.0,299,7674,1901
24,9599,0,0.0,300,7694,1905
51,9650,0,0.0,301,7736,1914
56,9706,0,0.0,302,7778,1928
47,9753,0,0.0,303,7812,1941
31,9784,0,0.0,304,7838,1946
27,9811,0,0.0,305,7861,1950
24,9835,0,0.0,306,7880,1955
18,9853,0,0.0,307,7896,1957
12,9865,0,0.0,308,7905,1960
14,9879,0,0.0,309,7914,1965
15,9894,0,0.0,310,7925,1969
20,9914,0,0.0,311,7941,1973
38,9952,0,0.0,312,7974,1978
21,9973,0,0.0,313,7990,1983
17,9990,0,0.0,314,8002,1988
13,10003,0,0.0,315,8014,1989
48,10051,0,0.0,316,8053,1998
21,10072,0,0.0,317,8071,2001
57,10129,0,0.0,318,8118,2011
22,10151,0,0.0,319,8139,2012
11,10162,0,0.0,320,8147,2015
48,10210,0,0.0,321,8182,2028
75,10285,0,0.0,322,8252,2033
18,10303,0,0.0,323,8264,2039
14,10317,0,0.0,324,8275,2042
25,10342,0,0.0,325,8296,2046
32,10374,0,0.0,326,8323,2051
25,10399,0,0.0,327,8341,2058
51,10450,0,0.0,328,8380,2070
7,10457,0,0.0,329,8386,2071
38,10495,0,0.0,330,8415,2080
68,10563,0,0.0,331,8471,2092
40,10603,0,0.0,332,8500,2103
91,10694,0,0.0,333,8578,2116
28,10722,0,0.0,334,8599,2123
33,10755,0,0.0,335,8626,2129
17,10772,0,0.0,336,8638,2134
58,10830,0,0.0,337,8684,2146
40,10870,0,0.0,338,8718,2152
6,10876,0,0.0,339,8723,2153
33,10909,0,0.0,340,8750,2159
9,10918,0,0.0,341,8758,2160
100,11018,0,0.0,342,8845,2173
8,11026,0,0.0,343,8853,2173
30,11056,0,0.0,344,8878,2178
13,11069,0,0.0,345,8890,2179
33,11102,0,0.0,346,8917,2185
69,11171,0,0.0,347,8977,2194
10,11181,0,0.0,348,8986,2195
15,11196,0,0.0,349,8998,2198
27,11223,0,0.0,350,9021,2202
19,11242,0,0.0,351,9039,2203
8,11250,0,0.0,352,9046,2204
54,11304,0,0.0,353,9091,2213
17,11321,0,0.0,354,9103,2218
33,11354,0,0.0,355,9128,2226
45,11399,0,0.0,356,9168,2231
18,11417,0,0.0,357,9178,2239
10,11427,0,0.0,358,9187,2240
62,11489,0,0.0,359,9239,2250
10,11499,0,0.0,360,9248,2251
14,11513,0,0.0,361,9258,2255
100,11613,0,0.0,362,9338,2275
9,11622,0,0.0,363,9347,2275
89,11711,0,0.0,364,9419,2292
17,11728,0,0.0,365,9431,2297
29,11757,0,0.0,366,9453,2304
19,11776,0,0.0,367,9469,2307
45,11821,0,0.0,368,9507,2314
76,11897,0,0.0,369,9564,2333
11,11908,0,0.0,370,9573,2335
47,11955,0,0.0,371,9608,2347
66,12021,0,0.0,372,9663,2358
19,12040,0,0.0,373,9678,2362
46,12086,0,0.0,374,9715,2371
31,12117,0,0.0,375,9739,2378
34,12151,0,0.0,376,9761,2390
11,12162,0,0.0,377,9769,2393
14,12176,0,0.0,378,9780,2396
29,12205,0,0.0,379,9802,2403
19,12224,0,0.0,380,9818,2406
19,12243,0,0.0,381,9832,2411
29,12272,0,0.0,382,9857,2415
27,12299,0,0.0,383,9879,2420
24,12323,0,0.0,384,9897,2426
41,12364,0,0.0,385,9931,2433
28,12392,0,0.0,386,9951,2441
39,12431,0,0.0,387,9984,2447
17,12448,0,0.0,388,9997,2451
19,12467,0,0.0,389,10014,2453
24,12491,0,0.0,390,10031,2460
80,12571,0,0.0,391,10101,2470
18,12589,0,0.0,392,10115,2474
50,12639,0,0.0,393,10152,2487
42,12681,0,0.0,394,10184,2497
26,12707,0,0.0,395,10207,2500
53,12760,0,0.0,396,10251,2509
18,12778,0,0.0,397,10267,2511
20,12798,0,0.0,398,10280,2518
19,12817,0,0.0,399,10294,2523
14,12831,0,0.0,400,10308,2523
13,12844,0,0.0,401,10320,2524
13,12857,0,0.0,402,10331,2526
50,12907,0,0.0,403,10371,2536
49,12956,0,0.0,404,10409,2547
9,12965,0,0.0,405,10416,2549
16,12981,0,0.0,406,10429,2552
19,13000,0,0.0,407,10443,2557
10,13010,0,0.0,408,10451,2559
43,13053,0,0.0,409,10484,2569
18,13071,0,0.0,410,10498,2573
7,13078,0,0.0,411,10505,2573
35,13113,0,0.0,412,10534,2579
72,13185,0,0.0,413,10591,2594
7,13192,0,0.0,414,10598,2594
12,13204,0,0.0,415,10607,2597
11,13215,0,0.0,416,10616,2599
20,13235,0,0.0,417,10633,2602
93,13328,0,0.0,418,10706,2622
19,13347,0,0.0,419,10719,2628
20,13367,0,0.0,420,10735,2632
10,13377,0,0.0,421,10744,2633
56,13433,0,0.0,422,10789,2644
25,13458,0,0.0,423,10806,2652
100,13558,0,0.0,424,10889,2669
32,13590,0,0.0,425,10913,2677
40,13630,0,0.0,426,10942,2688
8,13638,0,0.0,427,10949,2689
16,13654,0,0.0,428,10960,2694
39,13693,0,0.0,429,10990,2703
21,13714,0,0.0,430,11005,2709
43,13757,0,0.0,431,11039,2718
18,13775,0,0.0,432,11055,2720
100,13875,0,0.0,433,11131,2744
6,13881,0,0.0,434,11137,2744
18,13899,0,0.0,435,11150,2749
16,13915,0,0.0,436,11160,2755
39,13954,0,0.0,437,11192,2762
19,13973,0,0.0,438,11207,2766
11,13984,0,0.0,439,11213,2771
40,14024,0,0.0,440,11244,2780
37,14061,0,0.0,441,11278,2783
30,14091,0,0.0,442,11303,2788
12,14103,0,0.0,443,11313,2790
11,14114,0,0.0,444,11323,2791
34,14148,0,0.0,445,11353,2795
98,14246,0,0.0,446,11430,2816
31,14277,0,0.0,447,11453,2824
15,14292,0,0.0,448,11464,2828
57,14349,0,0.0,449,11507,2842
34,14383,0,0.0,450,11536,2847
14,14397,0,0.0,451,11550,2847
30,14427,0,0.0,452,11572,2855
7,14434,0,0.0,453,11579,2855
33,14467,0,0.0,454,11602,2865
40,14507,0,0.0,455,11636,2871
27,14534,0,0.0,456,11656,2878
19,14553,0,0.0,457,11672,2881
8,14561,0,0.0,458,11679,2882
9,14570,0,0.0,459,11688,2882
14,14584,0,0.0,460,11700,2884
21,14605,0,0.0,461,11717,2888
6,14611,0,0.0,462,11720,2891
16,14627,0,0.0,463,11732,2895
49,14676,0,0.0,464,11771,2905
11,14687,0,0.0,465,11780,2907
56,14743,0,0.0,466,11833,2910
28,14771,0,0.0,467,11852,2919
24,14795,0,0.0,468,11870,2925
24,14819,0,0.0,469,11888,2931
43,14862,0,0.0,470,11921,2941
5,14867,0,0.0,471,11925,2942
49,14916,0,0.0,472,11965,2951
37,14953,0,0.0,473,11995,2958
20,14973,0,0.0,474,12013,2960
25,14998,0,0.0,475,12032,2966
13,15011,0,0.0,476,12042,2969
37,15048,0,0.0,477,12072,2976
25,15073,0,0.0,478,12090,2983
8,15081,0,0.0,479,12094,2987
58,15139,0,0.0,480,12139,3000
14,15153,0,0.0,481,12149,3004
10,15163,0,0.0,482,12158,3005
13,15176,0,0.0,483,12169,3007
51,15227,0,0.0,484,12212,3015
44,15271,0,0.0,485,12251,3020
8,15279,0,0.0,486,12256,3023
15,15294,0,0.0,487,12268,3026
11,15305,0,0.0,488,12278,3027
58,15363,0,0.0,489,12325,3038
25,15388,0,0.0,490,12344,3044
14,15402,0,0.0,491,12356,3046
7,15409,0,0.0,492,12363,3046
32,15441,0,0.0,493,12388,3053
68,15509,0,0.0,494,12442,3067
35,15544,0,0.0,495,12470,3074
12,15556,0,0.0,496,12480,3076
29,15585,0,0.0,497,12502,3083
43,15628,0,0.0,498,12537,3091
35,15663,0,0.0,499,12566,3097
34,15697,0,0.0,500,12593,3104
67,15764,0,0.0,501,12646,3118
47,15811,0,0.0,502,12682,3129
15,15826,0,0.0,503,12694,3132
21,15847,0,0.0,504,12709,3138
22,15869,0,0.0,505,12730,3139
26,15895,0,0.0,506,12753,3142
100,15995,0,0.0,507,12839,3156
43,16038,0,0.0,508,12873,3165
14,16052,0,0.0,509,12884,3168
32,16084,0,0.0,510,12909,3175
37,16121,0,0.0,511,12945,3176
29,16150,0,0.0,512,12969,3181
32,16182,0,0.0,513,12993,3189
65,16247,0,0.0,514,13042,3205
74,16321,0,0.0,515,13097,3224
8,16329,0,0.0,516,13104,3225
32,16361,0,0.0,517,13129,3232
76,16437,0,0.0,518,13191,3246
95,16532,0,0.0,519,13261,3271
21,16553,0,0.0,520,13275,3278
20,16573,0,0.0,521,13291,3282
85,16658,0,0.0,522,13362,3296
24,16682,0,0.0,523,13385,3297
100,16782,0,0.0,524,13466,3316
28,16810,0,0.0,525,13491,3319
7,16817,0,0.0,526,13498,3319
29,16846,0,0.0,527,13521,3325
25,16871,0,0.0,528,13542,3329
32,16903,0,0.0,529,13570,3333
27,16930,0,0.0,530,13595,3335
29,16959,0,0.0,531,13617,3342
10,16969,0,0.0,532,13622,3347
45,17014,0,0.0,533,13651,3363
54,17068,0,0.0,534,13697,3371
23,17091,0,0.0,535,13716,3375
40,17131,0,0.0,536,13747,3384
36,17167,0,0.0,537,13776,3391
66,17233,0,0.0,538,13831,3402
37,17270,0,0.0,539,13861,3409
18,17288,0,0.0,540,13879,3409
22,17310,0,0.0,541,13896,3414
35,17345,0,0.0,542,13920,3425
28,17373,0,0.0,543,13943,3430
69,17442,0,0.0,544,13998,3444
39,17481,0,0.0,545,14027,3454
12,17493,0,0.0,546,14036,3457
5,17498,0,0.0,547,14041,3457
8,17506,0,0.0,548,14048,3458
23,17529,0,0.0,549,14063,3466
51,17580,0,0.0,550,14105,3475
41,17621,0,0.0,551,14141,3480
61,17682,0,0.0,552,14192,3490
5,17687,0,0.0,553,14196,3491
56,17743,0,0.0,554,14239,3504
43,17786,0,0.0,555,14268,3518
16,17802,0,0.0,556,14279,3523
8,17810,0,0.0,557,14285,3525
22,17832,0,0.0,558,14302,3530
8,17840,0,0.0,559,14308,3532
7,17847,0,0.0,560,14315,3532
95,17942,1,1.0,561,14392,3550
13,17955,1,0.0,562,14393,3562
6,17961,1,0.0,563,14393,3568
45,18006,1,0.0,564,14395,3611
28,18034,1,0.0,565,14399,3635
31,18065,1,0.0,566,14399,3666
23,18088,1,0.0,567,14401,3687
72,18160,1,0.0,568,14407,3753
21,18181,1,0.0,569,14409,3772
7,18188,1,0.0,570,14409,3779
35,18223,1,0.0,571,14410,3813
21,18244,1,0.0,572,14412,3832
16,18260,1,0.0,573,14413,3847
83,18343,1,0.0,574,14418,3925
39,18382,1,0.0,575,14421,3961
55,18437,1,0.0,576,14428,4009
11,18448,1,0.0,577,14429,4019
21,18469,1,0.0,578,14432,4037
69,18538,1,0.0,579,14437,4101
37,18575,1,0.0,580,14438,4137
18,18593,1,0.0,581,14439,4154
18,18611,1,0.0,582,14443,4168
8,18619,1,0.0,583,14444,4175
61,18680,1,0.0,584,14449,4231
9,18689,1,0.0,585,14449,4240
45,18734,1,0.0,586,14449,4285
32,18766,1,0.0,587,14451,4315
17,18783,1,0.0,588,14453,4330
8,18791,1,0.0,589,14453,4338
49,18840,1,0.0,590,14460,4380
52,18892,1,0.0,591,14465,4427
6,18898,1,0.0,592,14466,4432
34,18932,1,0.0,593,14470,4462
12,18944,1,0.0,594,14471,4473
8,18952,1,0.0,595,14471,4481
34,18986,1,0.0,596,14474,4512
10,18996,1,0.0,597,14478,4518
31,19027,1,0.0,598,14480,4547
57,19084,1,0.0,599,14483,4601
30,19114,1,0.0,600,14486,4628
19,19133,1,0.0,601,14487,4646
50,19183,1,0.0,602,14493,4690
31,19214,1,0.0,603,14495,4719
13,19227,1,0.0,604,14497,4730
57,19284,1,0.0,605,14505,4779
71,19355,1,0.0,606,14510,4845
40,19395,1,0.0,607,14514,4881
38,19433,1,0.0,608,14518,4915
44,19477,1,0.0,609,14526,4951
18,19495,1,0.0,610,14527,4968
31,19526,1,0.0,611,14528,4998
67,19593,1,0.0,612,14534,5059
19,19612,1,0.0,613,14536,5076
59,19671,1,0.0,614,14537,5134
17,19688,1,0.0,615,14538,5150
31,19719,1,0.0,616,14540,5179
24,19743,1,0.0,617,14546,5197
66,19809,1,0.0,618,14551,5258
61,19870,1,0.0,619,14555,5315
21,19891,1,0.0,620,14559,5332
25,19916,1,0.0,621,14561,5355
53,19969,1,0.0,622,14563,5406
41,20010,1,0.0,623,14567,5443
27,20037,1,0.0,624,14570,5467
22,20059,1,0.0,625,14571,5488
21,20080,1,0.0,626,14574,5506
26,20106,1,0.0,627,14575,5531
18,20124,1,0.0,628,14577,5547
21,20145,1,0.0,629,14578,5567
9,20154,1,0.0,630,14578,5576
100,20254,1,0.0,631,14586,5668
25,20279,1,0.0,632,14587,5692
27,20306,1,0.0,633,14590,5716
30,20336,1,0.0,634,14592,5744
37,20373,1,0.0,635,14597,5776
31,20404,1,0.0,636,14599,5805
32,20436,1,0.0,637,14601,5835
100,20536,1,0.0,638,14609,5927
18,20554,1,0.0,639,14609,5945
9,20563,1,0.0,640,14611,5952
100,20663,1,0.0,641,14618,6045
24,20687,1,0.0,642,14618,6069
75,20762,2,1.0,643,14623,6139
18,20780,2,0.0,644,14624,6156
8,20788,2,0.0,645,14624,6164
5,20793,2,0.0,646,14625,6168
61,20854,2,0.0,647,14629,6225
44,20898,2,0.0,648,14630,6268
39,20937,3,1.0,649,14631,6306
22,20959,3,0.0,650,14631,6328
7,20966,3,0.0,651,14631,6335
60,21026,3,0.0,652,14631,6395
8,21034,3,0.0,653,14631,6403
18,21052,3,0.0,654,14631,6421
15,21067,3,0.0,655,14631,6436
35,21102,3,0.0,656,14631,6471
9,21111,3,0.0,657,14631,6480
12,21123,3,0.0,658,14631,6492
29,21152,3,0.0,659,14631,6521
20,21172,3,0.0,660,14631,6541
41,21213,3,0.0,661,14631,6582
53,21266,3,0.0,662,14631,6635
15,21281,3,0.0,663,14631,6650
54,21335,3,0.0,664,14631,6704
48,21383,3,0.0,665,14632,6751
63,21446,3,0.0,666,14633,6813
14,21460,3,0.0,667,14634,6826
14,21474,3,0.0,668,14634,6840
29,21503,3,0.0,669,14634,6869
11,21514,3,0.0,670,14634,6880
28,21542,3,0.0,671,14635,6907
40,21582,3,0.0,672,14635,6947
10,21592,3,0.0,673,14635,6957
25,21617,3,0.0,674,14635,6982
20,21637,3,0.0,675,14635,7002
23,21660,3,0.0,676,14636,7024
10,21670,3,0.0,677,14636,7034
7,21677,3,0.0,678,14636,7041
19,21696,3,0.0,679,14636,7060
46,21742,3,0.0,680,14636,7106
25,21767,3,0.0,681,14636,7131
24,21791,3,0.0,682,14636,7155
29,21820,3,0.0,683,14637,7183
9,21829,3,0.0,684,14637,7192
15,21844,3,0.0,685,14637,7207
26,21870,3,0.0,686,14638,7232
27,21897,3,0.0,687,14638,7259
25,21922,3,0.0,688,14638,7284
9,21931,3,0.0,689,14638,7293
8,21939,3,0.0,690,14638,7301
32,21971,3,0.0,691,14638,7333
13,21984,3,0.0,692,14638,7346
32,22016,3,0.0,693,14638,7378
32,22048,3,0.0,694,14638,7410
18,22066,3,0.0,695,14638,7428
38,22104,3,0.0,696,14638,7466
100,22204,3,0.0,697,14639,7565
27,22231,3,0.0,698,14639,7592
20,22251,3,0.0,699,14639,7612
60,22311,3,0.0,700,14640,7671
35,22346,3,0.0,701,14640,7706
16,22362,3,0.0,702,14640,7722
22,22384,3,0.0,703,14640,7744
26,22410,3,0.0,704,14640,7770
60,22470,3,0.0,705,14640,7830
30,22500,3,0.0,706,14641,7859
29,22529,3,0.0,707,14641,7888
14,22543,3,0.0,708,14641,7902
10,22553,3,0.0,709,14641,7912
65,22618,3,0.0,710,14641,7977
9,22627,3,0.0,711,14641,7986
7,22634,3,0.0,712,14641,7993
53,22687,3,0.0,713,14642,8045
44,22731,3,0.0,714,14642,8089
8,22739,3,0.0,715,14642,8097
75,22814,3,0.0,716,14642,8172
23,22837,3,0.0,717,14642,8195
24,22861,3,0.0,718,14642,8219
38,22899,3,0.0,719,14642,8257
44,22943,3,0.0,720,14642,8301
17,22960,3,0.0,721,14643,8317
15,22975,3,0.0,722,14643,8332
31,23006,3,0.0,723,14644,8362
68,23074,3,0.0,724,14645,8429
12,23086,3,0.0,725,14645,8441
14,23100,3,0.0,726,14646,8454
32,23132,3,0.0,727,14646,8486
17,23149,3,0.0,728,14646,8503
26,23175,3,0.0,729,14646,8529
13,23188,3,0.0,730,14646,8542
10,23198,3,0.0,731,14646,8552
33,23231,3,0.0,732,14649,8582
32,23263,3,0.0,733,14649,8614
23,23286,3,0.0,734,14650,8636
22,23308,3,0.0,735,14650,8658
73,23381,3,0.0,736,14650,8731
25,23406,3,0.0,737,14650,8756
90,23496,3,0.0,738,14650,8846
74,23570,3,0.0,739,14651,8919
16,23586,3,0.0,740,14652,8934
20,23606,3,0.0,741,14652,8954
43,23649,3,0.0,742,14654,8995
17,23666,3,0.0,743,14654,9012
15,23681,3,0.0,744,14654,9027
35,23716,3,0.0,745,14654,9062
82,23798,3,0.0,746,14655,9143
15,23813,3,0.0,747,14655,9158
17,23830,3,0.0,748,14655,9175
47,23877,3,0.0,749,14656,9221
78,23955,3,0.0,750,14656,9299
9,23964,3,0.0,751,14656,9308
32,23996,3,0.0,752,14656,9340
34,24030,3,0.0,753,14656,9374
27,24057,3,0.0,754,14656,9401
9,24066,3,0.0,755,14656,9410
37,24103,3,0.0,756,14656,9447
67,24170,3,0.0,757,14657,9513
24,24194,3,0.0,758,14657,9537
25,24219,3,0.0,759,14657,9562
10,24229,3,0.0,760,14658,9571
17,24246,3,0.0,761,14658,9588
10,24256,3,0.0,762,14658,9598
21,24277,3,0.0,763,14658,9619
14,24291,3,0.0,764,14658,9633
18,24309,3,0.0,765,14658,9651
16,24325,3,0.0,766,14658,9667
71,24396,3,0.0,767,14658,9738
9,24405,3,0.0,768,14658,9747
30,24435,3,0.0,769,14659,9776
81,24516,3,0.0,770,14659,9857
34,24550,3,0.0,771,14659,9891
93,24643,3,0.0,772,14660,9983
87,24730,3,0.0,773,14660,10070
74,24804,3,0.0,774,14660,10144
88,24892,3,0.0,775,14660,10232
71,24963,3,0.0,776,14661,10302
16,24979,3,0.0,777,14662,10317
11,24990,3,0.0,778,14662,10328
43,25033,3,0.0,779,14662,10371
6,25039,3,0.0,780,14662,10377
47,25086,3,0.0,781,14662,10424
14,25100,3,0.0,782,14662,10438
31,25131,3,0.0,783,14662,10469
44,25175,3,0.0,784,14662,10513
28,25203,3,0.0,785,14662,10541
13,25216,3,0.0,786,14662,10554
44,25260,3,0.0,787,14663,10597
16,25276,3,0.0,788,14663,10613
23,25299,3,0.0,789,14663,10636
35,25334,3,0.0,790,14663,10671
35,25369,3,0.0,791,14663,10706
47,25416,3,0.0,792,14663,10753
75,25491,3,0.0,793,14663,10828
59,25550,3,0.0,794,14663,10887
32,25582,3,0.0,795,14664,10918
28,25610,3,0.0,796,14664,10946
18,25628,3,0.0,797,14664,10964
50,25678,3,0.0,798,14664,11014
21,25699,3,0.0,799,14665,11034
27,25726,3,0.0,800,14665,11061
30,25756,3,0.0,801,14665,11091
28,25784,3,0.0,802,14665,11119
15,25799,3,0.0,803,14665,11134
47,25846,3,0.0,804,14665,11181
14,25860,3,0.0,805,14665,11195
9,25869,3,0.0,806,14665,11204
42,25911,3,0.0,807,14666,11245
24,25935,3,0.0,808,14666,11269
22,25957,3,0.0,809,14666,11291
36,25993,3,0.0,810,14666,11327
37,26030,3,0.0,811,14666,11364
55,26085,3,0.0,812,14666,11419
12,26097,3,0.0,813,14666,11431
16,26113,3,0.0,814,14666,11447
73,26186,3,0.0,815,14667,11519
61,26247,3,0.0,816,14668,11579
11,26258,3,0.0,817,14668,11590
47,26305,3,0.0,818,14668,11637
19,26324,3,0.0,819,14668,11656
14,26338,3,0.0,820,14668,11670
9,26347,3,0.0,821,14668,11679
27,26374,3,0.0,822,14668,11706
26,26400,3,0.0,823,14668,11732
13,26413,3,0.0,824,14668,11745
24,26437,3,0.0,825,14668,11769
16,26453,3,0.0,826,14668,11785
23,26476,3,0.0,827,14668,11808
26,26502,3,0.0,828,14668,11834
14,26516,3,0.0,829,14668,11848
14,26530,3,0.0,830,14668,11862
9,26539,3,0.0,831,14668,11871
14,26553,3,0.0,832,14668,11885
32,26585,3,0.0,833,14668,11917
14,26599,3,0.0,834,14668,11931
53,26652,3,0.0,835,14668,11984
12,26664,3,0.0,836,14668,11996
37,26701,3,0.0,837,14668,12033
13,26714,3,0.0,838,14668,12046
12,26726,3,0.0,839,14668,12058
67,26793,3,0.0,840,14668,12125
18,26811,3,0.0,841,14668,12143
22,26833,3,0.0,842,14668,12165
68,26901,3,0.0,843,14668,12233
13,26914,3,0.0,844,14668,12246
45,26959,3,0.0,845,14669,12290
29,26988,3,0.0,846,14669,12319
13,27001,3,0.0,847,14669,12332
100,27101,3,0.0,848,14670,12431
29,27130,3,0.0,849,14670,12460
68,27198,3,0.0,850,14671,12527
19,27217,3,0.0,851,14671,12546
19,27236,3,0.0,852,14671,12565
100,27336,3,0.0,853,14672,12664
20,27356,3,0.0,854,14672,12684
47,27403,3,0.0,855,14672,12731
57,27460,3,0.0,856,14672,12788
9,27469,3,0.0,857,14672,12797
7,27476,3,0.0,858,14672,12804
16,27492,3,0.0,859,14673,12819
22,27514,3,0.0,860,14673,12841
41,27555,3,0.0,861,14673,12882
18,27573,3,0.0,862,14673,12900
43,27616,3,0.0,863,14673,12943
80,27696,3,0.0,864,14675,13021
46,27742,3,0.0,865,14676,13066
32,27774,3,0.0,866,14676,13098
19,27793,3,0.0,867,14676,13117
31,27824,3,0.0,868,14676,13148
36,27860,3,0.0,869,14676,13184
75,27935,3,0.0,870,14676,13259
8,27943,3,0.0,871,14677,13266
27,27970,3,0.0,872,14678,13292
15,27985,3,0.0,873,14679,13306
15,28000,3,0.0,874,14679,13321
61,28061,3,0.0,875,14679,13382
18,28079,3,0.0,876,14679,13400
23,28102,3,0.0,877,14679,13423
26,28128,3,0.0,878,14679,13449
100,28228,3,0.0,879,14680,13548
25,28253,3,0.0,880,14680,13573
15,28268,3,0.0,881,14680,13588
11,28279,3,0.0,882,14680,13599
15,28294,3,0.0,883,14680,13614
15,28309,3,0.0,884,14680,13629
34,28343,3,0.0,885,14680,13663
7,28350,3,0.0,886,14680,13670
6,28356,3,0.0,887,14680,13676
59,28415,3,0.0,888,14680,13735
26,28441,3,0.0,889,14680,13761
10,28451,3,0.0,890,14680,13771
99,28550,3,0.0,891,14680,13870
28,28578,3,0.0,892,14680,13898
26,28604,3,0.0,893,14680,13924
14,28618,3,0.0,894,14680,13938
18,28636,3,0.0,895,14680,13956
62,28698,3,0.0,896,14680,14018
61,28759,3,0.0,897,14680,14079
21,28780,3,0.0,898,14680,14100
56,28836,3,0.0,899,14680,14156
17,28853,3,0.0,900,14680,14173
30,28883,3,0.0,901,14680,14203
20,28903,3,0.0,902,14680,14223
30,28933,3,0.0,903,14680,14253
55,28988,3,0.0,904,14680,14308
31,29019,3,0.0,905,14681,14338
11,29030,3,0.0,906,14681,14349
19,29049,3,0.0,907,14681,14368
39,29088,3,0.0,908,14681,14407
10,29098,3,0.0,909,14681,14417
16,29114,3,0.0,910,14681,14433
70,29184,4,1.0,911,14682,14502
100,29284,4,0.0,912,14682,14602
30,29314,4,0.0,913,14682,14632
11,29325,4,0.0,914,14682,14643
14,29339,4,0.0,915,14682,14657
23,29362,4,0.0,916,14682,14680
82,29444,4,0.0,917,14682,14762
14,29458,4,0.0,918,14682,14776
30,29488,4,0.0,919,14682,14806
37,29525,4,0.0,920,14682,14843
13,29538,4,0.0,921,14682,14856
38,29576,4,0.0,922,14682,14894
28,29604,4,0.0,923,14682,14922
41,29645,4,0.0,924,14682,14963
11,29656,4,0.0,925,14682,14974
41,29697,4,0.0,926,14682,15015
100,29797,4,0.0,927,14682,15115
25,29822,4,0.0,928,14682,15140
14,29836,4,0.0,929,14682,15154
82,29918,4,0.0,930,14682,15236
9,29927,4,0.0,931,14682,15245
54,29981,4,0.0,932,14682,15299
29,30010,4,0.0,933,14682,15328
49,30059,4,0.0,934,14682,15377
41,30100,4,0.0,935,14682,15418
42,30142,4,0.0,936,14682,15460
10,30152,4,0.0,937,14682,15470
38,30190,4,0.0,938,14682,15508
100,30290,4,0.0,939,14682,15608
31,30321,4,0.0,940,14682,15639
10,30331,4,0.0,941,14682,15649
33,30364,4,0.0,942,14682,15682
19,30383,4,0.0,943,14682,15701
42,30425,4,0.0,944,14682,15743
32,30457,4,0.0,945,14682,15775
14,30471,4,0.0,946,14682,15789
11,30482,4,0.0,947,14682,15800
38,30520,4,0.0,948,14682,15838
6,30526,4,0.0,949,14682,15844
17,30543,4,0.0,950,14682,15861
12,30555,4,0.0,951,14682,15873
10,30565,4,0.0,952,14682,15883
65,30630,4,0.0,953,14682,15948
26,30656,4,0.0,954,14682,15974
25,30681,4,0.0,955,14682,15999
20,30701,4,0.0,956,14682,16019
40,30741,4,0.0,957,14682,16059
10,30751,4,0.0,958,14682,16069
100,30851,4,0.0,959,14682,16169
93,30944,4,0.0,960,14683,16261
82,31026,4,0.0,961,14683,16343
14,31040,4,0.0,962,14683,16357
48,31088,4,0.0,963,14683,16405
18,31106,4,0.0,964,14683,16423
41,31147,4,0.0,965,14683,16464
59,31206,4,0.0,966,14683,16523
8,31214,4,0.0,967,14683,16531
36,31250,4,0.0,968,14683,16567
71,31321,4,0.0,969,14683,16638
12,31333,4,0.0,970,14683,16650
36,31369,4,0.0,971,14683,16686
66,31435,4,0.0,972,14683,16752
23,31458,4,0.0,973,14683,16775
57,31515,4,0.0,974,14683,16832
47,31562,4,0.0,975,14683,16879
56,31618,4,0.0,976,14683,16935
28,31646,4,0.0,977,14683,16963
37,31683,4,0.0,978,14684,16999
32,31715,4,0.0,979,14684,17031
29,31744,4,0.0,980,14684,17060
40,31784,4,0.0,981,14684,17100
35,31819,4,0.0,982,14684,17135
23,31842,4,0.0,983,14684,17158
40,31882,4,0.0,984,14684,17198
6,31888,4,0.0,985,14684,17204
49,31937,4,0.0,986,14684,17253
14,31951,4,0.0,987,14684,17267
46,31997,4,0.0,988,14684,17313
26,32023,4,0.0,989,14684,17339
12,32035,4,0.0,990,14684,17351
32,32067,4,0.0,991,14684,17383
37,32104,4,0.0,992,14684,17420
11,32115,4,0.0,993,14684,17431
35,32150,4,0.0,994,14684,17466
12,32162,4,0.0,995,14684,17478
10,32172,4,0.0,996,14684,17488
19,32191,4,0.0,997,14684,17507
38,32229,4,0.0,998,14684,17545
51,32280,4,0.0,999,14684,17596
46,32326,4,0.0,1000,14684,17642
53,32379,4,0.0,1001,14684,17695
24,32403,4,0.0,1002,14684,17719
10,32413,4,0.0,1003,14684,17729
9,32422,4,0.0,1004,14684,17738
18,32440,4,0.0,1005,14684,17756
16,32456,4,0.0,1006,14684,17772
17,32473,4,0.0,1007,14684,17789
21,32494,4,0.0,1008,14684,17810
25,32519,4,0.0,1009,14684,17835
30,32549,4,0.0,1010,14684,17865
17,32566,4,0.0,1011,14684,17882
5,32571,4,0.0,1012,14684,17887
28,32599,4,0.0,1013,14684,17915
13,32612,4,0.0,1014,14684,17928
58,32670,4,0.0,1015,14684,17986
12,32682,4,0.0,1016,14684,17998
21,32703,4,0.0,1017,14684,18019
39,32742,4,0.0,1018,14684,18058
45,32787,4,0.0,1019,14684,18103
11,32798,4,0.0,1020,14684,18114
16,32814,4,0.0,1021,14684,18130
66,32880,4,0.0,1022,14684,18196
11,32891,4,0.0,1023,14684,18207
18,32909,4,0.0,1024,14684,18225
14,32923,4,0.0,1025,14684,18239
58,32981,4,0.0,1026,14684,18297
26,33007,4,0.0,1027,14684,18323
18,33025,4,0.0,1028,14684,18341
22,33047,4,0.0,1029,14684,18363
33,33080,4,0.0,1030,14684,18396
100,33180,4,0.0,1031,14684,18496
72,33252,4,0.0,1032,14684,18568
14,33266,4,0.0,1033,14684,18582
16,33282,4,0.0,1034,14684,18598
51,33333,4,0.0,1035,14684,18649
17,33350,4,0.0,1036,14684,18666
46,33396,4,0.0,1037,14684,18712
24,33420,4,0.0,1038,14684,18736
97,33517,4,0.0,1039,14684,18833
19,33536,4,0.0,1040,14684,18852
19,33555,4,0.0,1041,14684,18871
58,33613,4,0.0,1042,14684,18929
30,33643,4,0.0,1043,14684,18959
78,33721,4,0.0,1044,14684,19037
100,33821,4,0.0,1045,14684,19137
26,33847,4,0.0,1046,14684,19163
31,33878,4,0.0,1047,14684,19194
12,33890,4,0.0,1048,14684,19206
21,33911,4,0.0,1049,14684,19227
26,33937,4,0.0,1050,14684,19253
19,33956,4,0.0,1051,14684,19272
8,33964,4,0.0,1052,14684,19280
10,33974,4,0.0,1053,14684,19290
15,33989,4,0.0,1054,14684,19305
54,34043,4,0.0,1055,14684,19359
19,34062,4,0.0,1056,14684,19378
71,34133,4,0.0,1057,14684,19449
9,34142,4,0.0,1058,14684,19458
15,34157,4,0.0,1059,14684,19473
28,34185,4,0.0,1060,14684,19501
17,34202,4,0.0,1061,14684,19518
23,34225,4,0.0,1062,14684,19541
8,34233,4,0.0,1063,14684,19549
7,34240,4,0.0,1064,14684,19556
24,34264,4,0.0,1065,14684,19580
12,34276,4,0.0,1066,14684,19592
29,34305,4,0.0,1067,14684,19621
11,34316,4,0.0,1068,14684,19632
44,34360,4,0.0,1069,14684,19676
11,34371,4,0.0,1070,14684,19687
85,34456,4,0.0,1071,14684,19772
10,34466,4,0.0,1072,14684,19782
43,34509,4,0.0,1073,14684,19825
35,34544,4,0.0,1074,14684,19860
24,34568,4,0.0,1075,14684,19884
19,34587,4,0.0,1076,14684,19903
7,34594,4,0.0,1077,14684,19910
20,34614,4,0.0,1078,14684,19930
28,34642,4,0.0,1079,14684,19958
15,34657,4,0.0,1080,14684,19973
13,34670,4,0.0,1081,14684,19986
9,34679,4,0.0,1082,14684,19995
22,34701,4,0.0,1083,14684,20017
37,34738,4,0.0,1084,14684,20054
5,34743,4,0.0,1085,14684,20059
18,34761,4,0.0,1086,14685,20076
28,34789,4,0.0,1087,14685,20104
26,34815,4,0.0,1088,14686,20129
26,34841,4,0.0,1089,14686,20155
24,34865,4,0.0,1090,14686,20179
27,34892,4,0.0,1091,14686,20206
16,34908,4,0.0,1092,14686,20222
35,34943,4,0.0,1093,14686,20257
17,34960,4,0.0,1094,14686,20274
13,34973,4,0.0,1095,14686,20287
25,34998,4,0.0,1096,14686,20312
87,35085,4,0.0,1097,14686,20399
7,35092,4,0.0,1098,14686,20406
17,35109,4,0.0,1099,14686,20423
18,35127,4,0.0,1100,14686,20441
11,35138,4,0.0,1101,14686,20452
23,35161,4,0.0,1102,14686,20475
36,35197,4,0.0,1103,14686,20511
47,35244,4,0.0,1104,14686,20558
5,35249,4,0.0,1105,14686,20563
18,35267,4,0.0,1106,14686,20581
35,35302,4,0.0,1107,14686,20616
20,35322,4,0.0,1108,14686,20636
29,35351,4,0.0,1109,14686,20665
5,35356,4,0.0,1110,14686,20670
41,35397,4,0.0,1111,14686,20711
100,35497,4,0.0,1112,14686,20811
29,35526,4,0.0,1113,14686,20840
21,35547,4,0.0,1114,14686,20861
10,35557,4,0.0,1115,14686,20871
57,35614,4,0.0,1116,14686,20928
38,35652,4,0.0,1117,14687,20965
7,35659,4,0.0,1118,14687,20972
79,35738,4,0.0,1119,14688,21050
7,35745,4,0.0,1120,14688,21057
50,35795,4,0.0,1121,14688,21107
30,35825,4,0.0,1122,14688,21137
34,35859,4,0.0,1123,14688,21171
20,35879,4,0.0,1124,14688,21191
59,35938,4,0.0,1125,14688,21250
17,35955,4,0.0,1126,14688,21267
18,35973,4,0.0,1127,14688,21285
38,36011,4,0.0,1128,14688,21323
23,36034,4,0.0,1129,14688,21346
34,36068,4,0.0,1130,14688,21380
41,36109,4,0.0,1131,14689,21420
9,36118,4,0.0,1132,14689,21429
64,36182,4,0.0,1133,14689,21493
10,36192,4,0.0,1134,14689,21503
9,36201,4,0.0,1135,14689,21512
19,36220,4,0.0,1136,14689,21531
6,36226,4,0.0,1137,14689,21537
13,36239,4,0.0,1138,14689,21550
43,36282,4,0.0,1139,14689,21593
11,36293,4,0.0,1140,14689,21604
21,36314,4,0.0,1141,14689,21625
27,36341,4,0.0,1142,14689,21652
93,36434,4,0.0,1143,14689,21745
16,36450,4,0.0,1144,14689,21761
36,36486,4,0.0,1145,14689,21797
36,36522,4,0.0,1146,14689,21833
17,36539,4,0.0,1147,14689,21850
51,36590,4,0.0,1148,14689,21901
9,36599,4,0.0,1149,14689,21910
27,36626,4,0.0,1150,14689,21937
50,36676,4,0.0,1151,14689,21987
44,36720,4,0.0,1152,14689,22031
17,36737,4,0.0,1153,14689,22048
35,36772,4,0.0,1154,14689,22083
12,36784,4,0.0,1155,14689,22095
54,36838,4,0.0,1156,14689,22149
39,36877,4,0.0,1157,14689,22188
60,36937,4,0.0,1158,14689,22248
18,36955,4,0.0,1159,14689,22266
47,37002,4,0.0,1160,14689,22313
10,37012,4,0.0,1161,14689,22323
42,37054,4,0.0,1162,14689,22365
33,37087,4,0.0,1163,14689,22398
7,37094,4,0.0,1164,14689,22405
42,37136,4,0.0,1165,14689,22447
48,37184,4,0.0,1166,14689,22495
100,37284,4,0.0,1167,14689,22595
19,37303,4,0.0,1168,14689,22614
33,37336,4,0.0,1169,14689,22647
14,37350,4,0.0,1170,14689,22661
43,37393,4,0.0,1171,14689,22704
5,37398,4,0.0,1172,14689,22709
16,37414,4,0.0,1173,14689,22725
97,37511,4,0.0,1174,14689,22822
88,37599,4,0.0,1175,14690,22909
28,37627,4,0.0,1176,14690,22937
18,37645,4,0.0,1177,14691,22954
16,37661,4,0.0,1178,14691,22970
17,37678,4,0.0,1179,14691,22987
41,37719,4,0.0,1180,14691,23028
15,37734,4,0.0,1181,14691,23043
25,37759,4,0.0,1182,14691,23068
35,37794,4,0.0,1183,14691,23103
23,37817,4,0.0,1184,14691,23126
100,37917,4,0.0,1185,14691,23226
64,37981,4,0.0,1186,14691,23290
18,37999,4,0.0,1187,14691,23308
41,38040,4,0.0,1188,14691,23349
37,38077,4,0.0,1189,14691,23386
29,38106,4,0.0,1190,14691,23415
34,38140,4,0.0,1191,14691,23449
41,38181,4,0.0,1192,14691,23490
56,38237,4,0.0,1193,14691,23546
23,38260,4,0.0,1194,14691,23569
17,38277,4,0.0,1195,14691,23586
14,38291,4,0.0,1196,14691,23600
25,38316,4,0.0,1197,14691,23625
16,38332,4,0.0,1198,14691,23641
17,38349,4,0.0,1199,14691,23658
52,38401,4,0.0,1200,14691,23710
15,38416,4,0.0,1201,14691,23725
80,38496,4,0.0,1202,14691,23805
15,38511,4,0.0,1203,14691,23820
10,38521,4,0.0,1204,14691,23830
11,38532,4,0.0,1205,14691,23841
81,38613,4,0.0,1206,14691,23922
18,38631,4,0.0,1207,14691,23940
7,38638,4,0.0,1208,14691,23947
12,38650,4,0.0,1209,14691,23959
20,38670,4,0.0,1210,14691,23979
26,38696,4,0.0,1211,14691,24005
16,38712,4,0.0,1212,14691,24021
41,38753,4,0.0,1213,14691,24062
10,38763,4,0.0,1214,14691,24072
14,38777,4,0.0,1215,14691,24086
5,38782,4,0.0,1216,14691,24091
29,38811,4,0.0,1217,14691,24120
26,38837,4,0.0,1218,14691,24146
45,38882,4,0.0,1219,14691,24191
6,38888,4,0.0,1220,14691,24197
15,38903,4,0.0,1221,14691,24212
14,38917,4,0.0,1222,14691,24226
9,38926,4,0.0,1223,14691,24235
17,38943,4,0.0,1224,14691,24252
21,38964,4,0.0,1225,14692,24272
99,39063,4,0.0,1226,14693,24370
33,39096,4,0.0,1227,14693,24403
27,39123,4,0.0,1228,14693,24430
14,39137,4,0.0,1229,14693,24444
45,39182,4,0.0,1230,14693,24489
42,39224,4,0.0,1231,14693,24531
30,39254,4,0.0,1232,14693,24561
65,39319,4,0.0,1233,14693,24626
60,39379,4,0.0,1234,14693,24686
23,39402,4,0.0,1235,14693,24709
13,39415,4,0.0,1236,14693,24722
15,39430,4,0.0,1237,14693,24737
24,39454,4,0.0,1238,14693,24761
52,39506,4,0.0,1239,14693,24813
26,39532,4,0.0,1240,14693,24839
47,39579,4,0.0,1241,14693,24886
9,39588,4,0.0,1242,14693,24895
12,39600,4,0.0,1243,14693,24907
84,39684,4,0.0,1244,14693,24991
26,39710,4,0.0,1245,14693,25017
40,39750,4,0.0,1246,14693,25057
61,39811,4,0.0,1247,14694,25117
48,39859,4,0.0,1248,14694,25165
45,39904,4,0.0,1249,14694,25210
14,39918,4,0.0,1250,14694,25224
47,39965,4,0.0,1251,14694,25271
18,39983,4,0.0,1252,14694,25289
11,39994,4,0.0,1253,14694,25300
16,40010,4,0.0,1254,14694,25316
18,40028,4,0.0,1255,14694,25334
27,40055,4,0.0,1256,14695,25360
9,40064,4,0.0,1257,14695,25369
5,40069,4,0.0,1258,14695,25374
25,40094,4,0.0,1259,14695,25399
7,40101,4,0.0,1260,14695,25406
23,40124,4,0.0,1261,14695,25429
17,40141,4,0.0,1262,14695,25446
28,40169,4,0.0,1263,14695,25474
21,40190,4,0.0,1264,14695,25495
36,40226,4,0.0,1265,14696,25530
18,40244,4,0.0,1266,14696,25548
55,40299,4,0.0,1267,14696,25603
34,40333,4,0.0,1268,14696,25637
13,40346,4,0.0,1269,14696,25650
23,40369,4,0.0,1270,14696,25673
11,40380,4,0.0,1271,14696,25684
23,40403,4,0.0,1272,14696,25707
38,40441,4,0.0,1273,14696,25745
12,40453,4,0.0,1274,14696,25757
75,40528,4,0.0,1275,14696,25832
11,40539,4,0.0,1276,14696,25843
62,40601,4,0.0,1277,14696,25905
19,40620,4,0.0,1278,14696,25924
18,40638,4,0.0,1279,14696,25942
67,40705,4,0.0,1280,14696,26009
8,40713,4,0.0,1281,14696,26017
36,40749,4,0.0,1282,14696,26053
13,40762,4,0.0,1283,14696,26066
15,40777,4,0.0,1284,14696,26081
18,40795,4,0.0,1285,14696,26099
6,40801,4,0.0,1286,14696,26105
22,40823,4,0.0,1287,14696,26127
18,40841,4,0.0,1288,14696,26145
19,40860,4,0.0,1289,14696,26164
91,40951,4,0.0,1290,14696,26255
48,40999,4,0.0,1291,14696,26303
46,41045,4,0.0,1292,14696,26349
38,41083,4,0.0,1293,14696,26387
25,41108,4,0.0,1294,14696,26412
47,41155,4,0.0,1295,14696,26459
29,41184,4,0.0,1296,14696,26488
26,41210,4,0.0,1297,14696,26514
12,41222,4,0.0,1298,14696,26526
43,41265,4,0.0,1299,14696,26569
6,41271,4,0.0,1300,14696,26575
14,41285,4,0.0,1301,14696,26589
17,41302,4,0.0,1302,14696,26606
12,41314,4,0.0,1303,14696,26618
25,41339,4,0.0,1304,14696,26643
19,41358,4,0.0,1305,14696,26662
40,41398,4,0.0,1306,14696,26702
6,41404,4,0.0,1307,14696,26708
26,41430,4,0.0,1308,14696,26734
100,41530,4,0.0,1309,14696,26834
23,41553,4,0.0,1310,14696,26857
21,41574,4,0.0,1311,14696,26878
41,41615,4,0.0,1312,14696,26919
45,41660,4,0.0,1313,14696,26964
82,41742,4,0.0,1314,14696,27046
34,41776,4,0.0,1315,14696,27080
10,41786,4,0.0,1316,14696,27090
36,41822,4,0.0,1317,14696,27126
12,41834,4,0.0,1318,14696,27138
14,41848,4,0.0,1319,14696,27152
9,41857,4,0.0,1320,14696,27161
64,41921,4,0.0,1321,14696,27225
14,41935,4,0.0,1322,14696,27239
29,41964,4,0.0,1323,14697,27267
19,41983,4,0.0,1324,14697,27286
33,42016,4,0.0,1325,14697,27319
28,42044,4,0.0,1326,14697,27347
28,42072,4,0.0,1327,14697,27375
15,42087,4,0.0,1328,14697,27390
18,42105,4,0.0,1329,14697,27408
23,42128,4,0.0,1330,14697,27431
11,42139,4,0.0,1331,14697,27442
10,42149,4,0.0,1332,14697,27452
13,42162,4,0.0,1333,14697,27465
10,42172,4,0.0,1334,14697,27475
31,42203,4,0.0,1335,14697,27506
46,42249,4,0.0,1336,14697,27552
23,42272,4,0.0,1337,14697,27575
29,42301,4,0.0,1338,14697,27604
16,42317,4,0.0,1339,14697,27620
15,42332,4,0.0,1340,14697,27635
6,42338,4,0.0,1341,14697,27641
32,42370,4,0.0,1342,14697,27673
71,42441,4,0.0,1343,14697,27744
19,42460,4,0.0,1344,14697,27763
17,42477,4,0.0,1345,14697,27780
13,42490,4,0.0,1346,14697,27793
54,42544,4,0.0,1347,14697,27847
13,42557,4,0.0,1348,14697,27860
22,42579,4,0.0,1349,14697,27882
56,42635,4,0.0,1350,14698,27937
14,42649,4,0.0,1351,14699,27950
15,42664,4,0.0,1352,14699,27965
23,42687,4,0.0,1353,14699,27988
37,42724,4,0.0,1354,14699,28025
41,42765,4,0.0,1355,14699,28066
28,42793,4,0.0,1356,14699,28094
59,42852,4,0.0,1357,14700,28152
15,42867,4,0.0,1358,14700,28167
28,42895,4,0.0,1359,14700,28195
11,42906,4,0.0,1360,14700,28206
13,42919,4,0.0,1361,14700,28219
38,42957,4,0.0,1362,14700,28257
17,42974,4,0.0,1363,14700,28274
43,43017,5,1.0,1364,14700,28317
86,43103,5,0.0,1365,14700,28403
22,43125,5,0.0,1366,14700,28425
30,43155,5,0.0,1367,14700,28455
12,43167,5,0.0,1368,14700,28467
73,43240,5,0.0,1369,14700,28540
19,43259,5,0.0,1370,14700,28559
23,43282,5,0.0,1371,14700,28582
17,43299,5,0.0,1372,14700,28599
32,43331,5,0.0,1373,14700,28631
18,43349,5,0.0,1374,14700,28649
79,43428,5,0.0,1375,14700,28728
10,43438,5,0.0,1376,14700,28738
12,43450,5,0.0,1377,14700,28750
23,43473,5,0.0,1378,14700,28773
24,43497,5,0.0,1379,14700,28797
10,43507,5,0.0,1380,14700,28807
38,43545,5,0.0,1381,14700,28845
22,43567,5,0.0,1382,14700,28867
12,43579,5,0.0,1383,14700,28879
84,43663,5,0.0,1384,14700,28963
59,43722,5,0.0,1385,14701,29021
17,43739,5,0.0,1386,14701,29038
10,43749,5,0.0,1387,14701,29048
22,43771,5,0.0,1388,14702,29069
22,43793,5,0.0,1389,14702,29091
22,43815,5,0.0,1390,14702,29113
23,43838,5,0.0,1391,14702,29136
31,43869,5,0.0,1392,14702,29167
53,43922,5,0.0,1393,14702,29220
46,43968,5,0.0,1394,14702,29266
15,43983,5,0.0,1395,14702,29281
72,44055,5,0.0,1396,14702,29353
43,44098,5,0.0,1397,14702,29396
44,44142,5,0.0,1398,14702,29440
48,44190,5,0.0,1399,14702,29488
23,44213,5,0.0,1400,14702,29511
29,44242,5,0.0,1401,14702,29540
25,44267,5,0.0,1402,14702,29565
23,44290,5,0.0,1403,14702,29588
32,44322,5,0.0,1404,14702,29620
25,44347,5,0.0,1405,14702,29645
65,44412,5,0.0,1406,14702,29710
25,44437,5,0.0,1407,14702,29735
15,44452,5,0.0,1408,14702,29750
12,44464,5,0.0,1409,14702,29762
26,44490,5,0.0,1410,14702,29788
25,44515,5,0.0,1411,14702,29813
12,44527,5,0.0,1412,14702,29825
48,44575,5,0.0,1413,14702,29873
19,44594,5,0.0,1414,14702,29892
9,44603,5,0.0,1415,14702,29901
9,44612,5,0.0,1416,14702,29910
30,44642,5,0.0,1417,14702,29940
11,44653,5,0.0,1418,14702,29951
10,44663,5,0.0,1419,14702,29961
8,44671,5,0.0,1420,14702,29969
38,44709,5,0.0,1421,14702,30007
51,44760,5,0.0,1422,14702,30058
8,44768,5,0.0,1423,14702,30066
7,44775,5,0.0,1424,14702,30073
50,44825,5,0.0,1425,14702,30123
21,44846,5,0.0,1426,14702,30144
24,44870,5,0.0,1427,14702,30168
21,44891,5,0.0,1428,14702,30189
16,44907,5,0.0,1429,14702,30205
41,44948,5,0.0,1430,14702,30246
11,44959,5,0.0,1431,14702,30257
12,44971,5,0.0,1432,14702,30269
17,44988,5,0.0,1433,14702,30286
24,45012,5,0.0,1434,14702,30310
100,45112,5,0.0,1435,14702,30410
19,45131,5,0.0,1436,14702,30429
50,45181,5,0.0,1437,14702,30479
21,45202,5,0.0,1438,14702,30500
11,45213,5,0.0,1439,14702,30511
10,45223,5,0.0,1440,14702,30521
21,45244,5,0.0,1441,14702,30542
52,45296,5,0.0,1442,14702,30594
19,45315,5,0.0,1443,14702,30613
29,45344,5,0.0,1444,14702,30642
18,45362,5,0.0,1445,14702,30660
100,45462,5,0.0,1446,14702,30760
35,45497,5,0.0,1447,14702,30795
72,45569,5,0.0,1448,14702,30867
100,45669,5,0.0,1449,14702,30967
38,45707,5,0.0,1450,14702,31005
18,45725,5,0.0,1451,14702,31023
9,45734,5,0.0,1452,14702,31032
6,45740,5,0.0,1453,14702,31038
20,45760,5,0.0,1454,14702,31058
50,45810,5,0.0,1455,14702,31108
51,45861,5,0.0,1456,14702,31159
22,45883,5,0.0,1457,14703,31180
36,45919,5,0.0,1458,14703,31216
36,45955,5,0.0,1459,14703,31252
58,46013,5,0.0,1460,14703,31310
15,46028,5,0.0,1461,14703,31325
11,46039,5,0.0,1462,14703,31336
54,46093,5,0.0,1463,14703,31390
7,46100,5,0.0,1464,14703,31397
11,46111,5,0.0,1465,14703,31408
8,46119,5,0.0,1466,14703,31416
9,46128,5,0.0,1467,14703,31425
41,46169,5,0.0,1468,14703,31466
64,46233,5,0.0,1469,14703,31530
55,46288,5,0.0,1470,14703,31585
36,46324,5,0.0,1471,14703,31621
52,46376,5,0.0,1472,14704,31672
32,46408,5,0.0,1473,14704,31704
19,46427,5,0.0,1474,14704,31723
14,46441,5,0.0,1475,14704,31737
43,46484,5,0.0,1476,14704,31780
37,46521,5,0.0,1477,14704,31817
29,46550,5,0.0,1478,14704,31846
6,46556,5,0.0,1479,14704,31852
15,46571,5,0.0,1480,14704,31867
18,46589,5,0.0,1481,14704,31885
33,46622,5,0.0,1482,14704,31918
50,46672,5,0.0,1483,14704,31968
27,46699,5,0.0,1484,14704,31995
36,46735,5,0.0,1485,14704,32031
12,46747,5,0.0,1486,14704,32043
25,46772,5,0.0,1487,14704,32068
14,46786,5,0.0,1488,14704,32082
51,46837,5,0.0,1489,14704,32133
14,46851,5,0.0,1490,14704,32147
29,46880,5,0.0,1491,14704,32176
57,46937,5,0.0,1492,14704,32233
16,46953,5,0.0,1493,14704,32249
50,47003,5,0.0,1494,14704,32299
30,47033,5,0.0,1495,14704,32329
9,47042,5,0.0,1496,14704,32338
16,47058,5,0.0,1497,14704,32354
32,47090,5,0.0,1498,14704,32386
6,47096,5,0.0,1499,14704,32392
44,47140,5,0.0,1500,14704,32436
22,47162,5,0.0,1501,14704,32458
61,47223,5,0.0,1502,14704,32519
38,47261,5,0.0,1503,14704,32557
5,47266,5,0.0,1504,14704,32562
36,47302,5,0.0,1505,14704,32598
55,47357,5,0.0,1506,14704,32653
14,47371,5,0.0,1507,14704,32667
7,47378,5,0.0,1508,14704,32674
15,47393,5,0.0,1509,14704,32689
29,47422,5,0.0,1510,14704,32718
50,47472,5,0.0,1511,14704,32768
14,47486,5,0.0,1512,14704,32782
29,47515,5,0.0,1513,14704,32811
44,47559,5,0.0,1514,14704,32855
20,47579,5,0.0,1515,14704,32875
30,47609,5,0.0,1516,14704,32905
9,47618,5,0.0,1517,14704,32914
36,47654,5,0.0,1518,14704,32950
9,47663,5,0.0,1519,14704,32959
31,47694,5,0.0,1520,14704,32990
50,47744,5,0.0,1521,14704,33040
15,47759,5,0.0,1522,14704,33055
14,47773,5,0.0,1523,14704,33069
23,47796,5,0.0,1524,14704,33092
31,47827,5,0.0,1525,14704,33123
17,47844,5,0.0,1526,14704,33140
25,47869,5,0.0,1527,14704,33165
25,47894,5,0.0,1528,14704,33190
14,47908,5,0.0,1529,14704,33204
14,47922,5,0.0,1530,14704,33218
5,47927,5,0.0,1531,14704,33223
5,47932,5,0.0,1532,14704,33228
40,47972,5,0.0,1533,14704,33268
16,47988,5,0.0,1534,14704,33284
48,48036,5,0.0,1535,14704,33332
43,48079,5,0.0,1536,14704,33375
15,48094,5,0.0,1537,14704,33390
30,48124,5,0.0,1538,14704,33420
39,48163,5,0.0,1539,14704,33459
23,48186,5,0.0,1540,14704,33482
38,48224,5,0.0,1541,14704,33520
71,48295,5,0.0,1542,14704,33591
30,48325,5,0.0,1543,14704,33621
27,48352,5,0.0,1544,14704,33648
10,48362,5,0.0,1545,14704,33658
29,48391,5,0.0,1546,14704,33687
19,48410,5,0.0,1547,14704,33706
7,48417,5,0.0,1548,14704,33713
40,48457,5,0.0,1549,14704,33753
5,48462,5,0.0,1550,14704,33758
18,48480,5,0.0,1551,14704,33776
9,48489,5,0.0,1552,14704,33785
76,48565,5,0.0,1553,14704,33861
73,48638,5,0.0,1554,14704,33934
63,48701,5,0.0,1555,14704,33997
51,48752,5,0.0,1556,14704,34048
12,48764,5,0.0,1557,14704,34060
20,48784,5,0.0,1558,14704,34080
51,48835,5,0.0,1559,14704,34131
9,48844,5,0.0,1560,14704,34140
12,48856,5,0.0,1561,14704,34152
56,48912,5,0.0,1562,14704,34208
30,48942,5,0.0,1563,14704,34238
53,48995,5,0.0,1564,14704,34291
10,49005,5,0.0,1565,14704,34301
35,49040,5,0.0,1566,14704,34336
73,49113,5,0.0,1567,14704,34409
7,49120,5,0.0,1568,14704,34416
9,49129,5,0.0,1569,14704,34425
55,49184,5,0.0,1570,14704,34480
59,49243,5,0.0,1571,14704,34539
13,49256,5,0.0,1572,14704,34552
72,49328,5,0.0,1573,14704,34624
65,49393,5,0.0,1574,14704,34689
24,49417,5,0.0,1575,14704,34713
100,49517,5,0.0,1576,14704,34813
12,49529,5,0.0,1577,14704,34825
14,49543,5,0.0,1578,14704,34839
36,49579,5,0.0,1579,14704,34875
11,49590,5,0.0,1580,14704,34886
74,49664,6,1.0,1581,14704,34960
36,49700,6,0.0,1582,14704,34996
50,49750,6,0.0,1583,14704,35046
8,49758,6,0.0,1584,14704,35054
66,49824,6,0.0,1585,14704,35120
23,49847,6,0.0,1586,14704,35143
65,49912,6,0.0,1587,14704,35208
35,49947,6,0.0,1588,14704,35243
25,49972,6,0.0,1589,14704,35268
9,49981,6,0.0,1590,14704,35277
17,49998,6,0.0,1591,14704,35294
26,50024,6,0.0,1592,14704,35320
100,50124,6,0.0,1593,14704,35420
33,50157,6,0.0,1594,14704,35453
25,50182,6,0.0,1595,14704,35478
23,50205,6,0.0,1596,14704,35501
61,50266,6,0.0,1597,14704,35562
9,50275,6,0.0,1598,14704,35571
26,50301,6,0.0,1599,14704,35597
20,50321,6,0.0,1600,14704,35617
26,50347,6,0.0,1601,14704,35643
15,50362,6,0.0,1602,14704,35658
21,50383,6,0.0,1603,14704,35679
25,50408,6,0.0,1604,14704,35704
26,50434,6,0.0,1605,14704,35730
22,50456,6,0.0,1606,14704,35752
7,50463,6,0.0,1607,14704,35759
36,50499,6,0.0,1608,14704,35795
43,50542,6,0.0,1609,14704,35838
5,50547,6,0.0,1610,14704,35843
26,50573,6,0.0,1611,14704,35869
24,50597,6,0.0,1612,14704,35893
20,50617,6,0.0,1613,14704,35913
15,50632,6,0.0,1614,14704,35928
13,50645,6,0.0,1615,14704,35941
38,50683,6,0.0,1616,14704,35979
13,50696,6,0.0,1617,14704,35992
100,50796,6,0.0,1618,14704,36092
23,50819,6,0.0,1619,14704,36115
55,50874,6,0.0,1620,14704,36170
16,50890,6,0.0,1621,14704,36186
62,50952,6,0.0,1622,14704,36248
83,51035,6,0.0,1623,14704,36331
14,51049,6,0.0,1624,14704,36345
77,51126,6,0.0,1625,14704,36422
42,51168,6,0.0,1626,14704,36464
38,51206,6,0.0,1627,14704,36502
24,51230,6,0.0,1628,14705,36525
28,51258,6,0.0,1629,14705,36553
18,51276,6,0.0,1630,14705,36571
47,51323,6,0.0,1631,14705,36618
47,51370,6,0.0,1632,14705,36665
36,51406,6,0.0,1633,14705,36701
54,51460,6,0.0,1634,14705,36755
62,51522,6,0.0,1635,14705,36817
43,51565,6,0.0,1636,14705,36860
25,51590,6,0.0,1637,14705,36885
32,51622,6,0.0,1638,14705,36917
47,51669,6,0.0,1639,14705,36964
38,51707,6,0.0,1640,14705,37002
18,51725,6,0.0,1641,14705,37020
50,51775,6,0.0,1642,14705,37070
13,51788,6,0.0,1643,14705,37083
22,51810,6,0.0,1644,14705,37105
34,51844,6,0.0,1645,14705,37139
36,51880,7,1.0,1646,14705,37175
100,51980,7,0.0,1647,14705,37275
53,52033,7,0.0,1648,14705,37328
17,52050,7,0.0,1649,14705,37345
28,52078,7,0.0,1650,14705,37373
90,52168,7,0.0,1651,14705,37463
39,52207,7,0.0,1652,14705,37502
28,52235,7,0.0,1653,14705,37530
19,52254,7,0.0,1654,14705,37549
32,52286,7,0.0,1655,14705,37581
36,52322,7,0.0,1656,14705,37617
15,52337,7,0.0,1657,14705,37632
8,52345,7,0.0,1658,14705,37640
30,52375,7,0.0,1659,14705,37670
19,52394,7,0.0,1660,14705,37689
12,52406,7,0.0,1661,14705,37701
45,52451,7,0.0,1662,14705,37746
21,52472,7,0.0,1663,14705,37767
14,52486,7,0.0,1664,14705,37781
11,52497,7,0.0,1665,14705,37792
33,52530,7,0.0,1666,14705,37825
7,52537,7,0.0,1667,14705,37832
21,52558,7,0.0,1668,14705,37853
36,52594,7,0.0,1669,14705,37889
32,52626,7,0.0,1670,14705,37921
12,52638,7,0.0,1671,14705,37933
42,52680,7,0.0,1672,14705,37975
8,52688,7,0.0,1673,14705,37983
36,52724,7,0.0,1674,14705,38019
13,52737,7,0.0,1675,14705,38032
24,52761,7,0.0,1676,14705,38056
45,52806,7,0.0,1677,14705,38101
47,52853,7,0.0,1678,14705,38148
21,52874,7,0.0,1679,14705,38169
13,52887,7,0.0,1680,14705,38182
15,52902,7,0.0,1681,14705,38197
26,52928,7,0.0,1682,14705,38223
19,52947,7,0.0,1683,14705,38242
43,52990,7,0.0,1684,14705,38285
9,52999,7,0.0,1685,14705,38294
40,53039,7,0.0,1686,14705,38334
8,53047,7,0.0,1687,14705,38342
16,53063,7,0.0,1688,14705,38358
40,53103,7,0.0,1689,14705,38398
12,53115,7,0.0,1690,14705,38410
26,53141,7,0.0,1691,14705,38436
82,53223,7,0.0,1692,14705,38518
10,53233,7,0.0,1693,14705,38528
71,53304,7,0.0,1694,14705,38599
13,53317,7,0.0,1695,14705,38612
23,53340,7,0.0,1696,14705,38635
28,53368,7,0.0,1697,14705,38663
52,53420,7,0.0,1698,14705,38715
67,53487,7,0.0,1699,14705,38782
25,53512,7,0.0,1700,14705,38807
92,53604,7,0.0,1701,14705,38899
19,53623,7,0.0,1702,14705,38918
19,53642,7,0.0,1703,14705,38937
35,53677,7,0.0,1704,14705,38972
13,53690,7,0.0,1705,14705,38985
49,53739,7,0.0,1706,14705,39034
28,53767,7,0.0,1707,14705,39062
10,53777,7,0.0,1708,14705,39072
43,53820,7,0.0,1709,14705,39115
46,53866,7,0.0,1710,14705,39161
26,53892,7,0.0,1711,14705,39187
25,53917,7,0.0,1712,14705,39212
28,53945,7,0.0,1713,14705,39240
32,53977,7,0.0,1714,14705,39272
41,54018,7,0.0,1715,14705,39313
12,54030,7,0.0,1716,14705,39325
8,54038,7,0.0,1717,14705,39333
94,54132,7,0.0,1718,14705,39427
10,54142,7,0.0,1719,14705,39437
27,54169,7,0.0,1720,14705,39464
43,54212,7,0.0,1721,14705,39507
40,54252,7,0.0,1722,14705,39547
12,54264,7,0.0,1723,14705,39559
16,54280,7,0.0,1724,14705,39575
26,54306,7,0.0,1725,14705,39601
8,54314,7,0.0,1726,14705,39609
13,54327,7,0.0,1727,14705,39622
55,54382,7,0.0,1728,14705,39677
17,54399,7,0.0,1729,14705,39694
8,54407,7,0.0,1730,14705,39702
21,54428,7,0.0,1731,14705,39723
40,54468,7,0.0,1732,14705,39763
32,54500,7,0.0,1733,14705,39795
41,54541,7,0.0,1734,14705,39836
74,54615,7,0.0,1735,14705,39910
100,54715,7,0.0,1736,14705,40010
10,54725,7,0.0,1737,14705,40020
27,54752,7,0.0,1738,14705,40047
23,54775,7,0.0,1739,14705,40070
26,54801,7,0.0,1740,14705,40096
7,54808,7,0.0,1741,14705,40103
13,54821,7,0.0,1742,14705,40116
28,54849,7,0.0,1743,14705,40144
28,54877,7,0.0,1744,14705,40172
13,54890,7,0.0,1745,14705,40185
9,54899,7,0.0,1746,14705,40194
100,54999,7,0.0,1747,14705,40294
13,55012,7,0.0,1748,14705,40307
9,55021,7,0.0,1749,14705,40316
10,55031,7,0.0,1750,14705,40326
31,55062,7,0.0,1751,14705,40357
34,55096,7,0.0,1752,14705,40391
7,55103,7,0.0,1753,14705,40398
17,55120,7,0.0,1754,14705,40415
85,55205,7,0.0,1755,14705,40500
24,55229,7,0.0,1756,14705,40524
20,55249,7,0.0,1757,14705,40544
25,55274,7,0.0,1758,14705,40569
24,55298,7,0.0,1759,14705,40593
36,55334,7,0.0,1760,14705,40629
28,55362,7,0.0,1761,14705,40657
44,55406,7,0.0,1762,14705,40701
26,55432,7,0.0,1763,14705,40727
22,55454,7,0.0,1764,14705,40749
29,55483,7,0.0,1765,14705,40778
12,55495,7,0.0,1766,14705,40790
27,55522,7,0.0,1767,14705,40817
14,55536,7,0.0,1768,14705,40831
11,55547,7,0.0,1769,14705,40842
56,55603,7,0.0,1770,14705,40898
14,55617,7,0.0,1771,14705,40912
29,55646,7,0.0,1772,14705,40941
29,55675,7,0.0,1773,14705,40970
41,55716,7,0.0,1774,14705,41011
11,55727,7,0.0,1775,14705,41022
13,55740,7,0.0,1776,14705,41035
9,55749,7,0.0,1777,14705,41044
17,55766,7,0.0,1778,14705,41061
38,55804,7,0.0,1779,14705,41099
31,55835,7,0.0,1780,14705,41130
21,55856,7,0.0,1781,14705,41151
33,55889,7,0.0,1782,14705,41184
11,55900,7,0.0,1783,14705,41195
40,55940,7,0.0,1784,14705,41235
13,55953,7,0.0,1785,14705,41248
75,56028,7,0.0,1786,14705,41323
9,56037,7,0.0,1787,14705,41332
6,56043,7,0.0,1788,14705,41338
26,56069,7,0.0,1789,14705,41364
100,56169,7,0.0,1790,14705,41464
34,56203,7,0.0,1791,14705,41498
61,56264,7,0.0,1792,14705,41559
20,56284,7,0.0,1793,14705,41579
89,56373,7,0.0,1794,14705,41668
12,56385,7,0.0,1795,14705,41680
11,56396,7,0.0,1796,14705,41691
56,56452,8,1.0,1797,14705,41747
20,56472,8,0.0,1798,14705,41767
8,56480,8,0.0,1799,14705,41775
45,56525,8,0.0,1800,14705,41820
7,56532,8,0.0,1801,14705,41827
49,56581,8,0.0,1802,14705,41876
42,56623,8,0.0,1803,14705,41918
50,56673,8,0.0,1804,14705,41968
14,56687,8,0.0,1805,14705,41982
51,56738,8,0.0,1806,14705,42033
33,56771,8,0.0,1807,14705,42066
9,56780,8,0.0,1808,14705,42075
13,56793,8,0.0,1809,14705,42088
43,56836,8,0.0,1810,14705,42131
47,56883,8,0.0,1811,14705,42178
37,56920,8,0.0,1812,14705,42215
22,56942,8,0.0,1813,14705,42237
13,56955,8,0.0,1814,14706,42249
34,56989,8,0.0,1815,14706,42283
17,57006,8,0.0,1816,14706,42300
16,57022,8,0.0,1817,14706,42316
36,57058,8,0.0,1818,14706,42352
23,57081,8,0.0,1819,14706,42375
36,57117,8,0.0,1820,14706,42411
54,57171,8,0.0,1821,14706,42465
56,57227,8,0.0,1822,14706,42521
9,57236,8,0.0,1823,14706,42530
19,57255,8,0.0,1824,14706,42549
41,57296,8,0.0,1825,14706,42590
39,57335,8,0.0,1826,14706,42629
57,57392,8,0.0,1827,14706,42686
9,57401,8,0.0,1828,14706,42695
12,57413,8,0.0,1829,14706,42707
21,57434,8,0.0,1830,14706,42728
7,57441,8,0.0,1831,14706,42735
15,57456,8,0.0,1832,14706,42750
54,57510,8,0.0,1833,14706,42804
21,57531,8,0.0,1834,14706,42825
35,57566,8,0.0,1835,14706,42860
25,57591,8,0.0,1836,14706,42885
28,57619,8,0.0,1837,14706,42913
75,57694,8,0.0,1838,14706,42988
34,57728,8,0.0,1839,14706,43022
16,57744,8,0.0,1840,14706,43038
7,57751,8,0.0,1841,14706,43045
25,57776,8,0.0,1842,14706,43070
23,57799,8,0.0,1843,14706,43093
42,57841,8,0.0,1844,14706,43135
40,57881,8,0.0,1845,14706,43175
8,57889,8,0.0,1846,14706,43183
30,57919,8,0.0,1847,14706,43213
41,57960,8,0.0,1848,14706,43254
26,57986,8,0.0,1849,14706,43280
39,58025,8,0.0,1850,14706,43319
45,58070,8,0.0,1851,14706,43364
47,58117,8,0.0,1852,14706,43411
24,58141,8,0.0,1853,14706,43435
23,58164,8,0.0,1854,14706,43458
40,58204,8,0.0,1855,14706,43498
26,58230,8,0.0,1856,14706,43524
8,58238,8,0.0,1857,14706,43532
27,58265,8,0.0,1858,14706,43559
22,58287,8,0.0,1859,14706,43581
14,58301,8,0.0,1860,14706,43595
8,58309,8,0.0,1861,14706,43603
36,58345,8,0.0,1862,14706,43639
53,58398,8,0.0,1863,14706,43692
41,58439,8,0.0,1864,14706,43733
84,58523,8,0.0,1865,14706,43817
19,58542,8,0.0,1866,14706,43836
33,58575,8,0.0,1867,14706,43869
6,58581,8,0.0,1868,14706,43875
31,58612,8,0.0,1869,14706,43906
13,58625,8,0.0,1870,14706,43919
45,58670,8,0.0,1871,14706,43964
74,58744,8,0.0,1872,14706,44038
60,58804,8,0.0,1873,14706,44098
16,58820,8,0.0,1874,14706,44114
15,58835,8,0.0,1875,14706,44129
9,58844,8,0.0,1876,14706,44138
21,58865,8,0.0,1877,14706,44159
12,58877,8,0.0,1878,14706,44171
46,58923,8,0.0,1879,14706,44217
26,58949,8,0.0,1880,14706,44243
39,58988,8,0.0,1881,14706,44282
57,59045,8,0.0,1882,14706,44339
8,59053,8,0.0,1883,14706,44347
63,59116,8,0.0,1884,14706,44410
9,59125,8,0.0,1885,14706,44419
25,59150,8,0.0,1886,14706,44444
37,59187,8,0.0,1887,14706,44481
6,59193,8,0.0,1888,14706,44487
61,59254,8,0.0,1889,14706,44548
100,59354,8,0.0,1890,14706,44648
41,59395,8,0.0,1891,14706,44689
100,59495,8,0.0,1892,14706,44789
68,59563,8,0.0,1893,14706,44857
17,59580,8,0.0,1894,14706,44874
36,59616,8,0.0,1895,14706,44910
86,59702,8,0.0,1896,14706,44996
27,59729,8,0.0,1897,14706,45023
6,59735,8,0.0,1898,14706,45029
9,59744,8,0.0,1899,14706,45038
10,59754,8,0.0,1900,14706,45048
17,59771,8,0.0,1901,14706,45065
35,59806,8,0.0,1902,14706,45100
58,59864,8,0.0,1903,14706,45158
55,59919,8,0.0,1904,14706,45213
64,59983,8,0.0,1905,14706,45277
25,60008,8,0.0,1906,14706,45302
12,60020,8,0.0,1907,14706,45314
7,60027,8,0.0,1908,14706,45321
94,60121,8,0.0,1909,14706,45415
63,60184,8,0.0,1910,14706,45478
25,60209,8,0.0,1911,14706,45503
69,60278,8,0.0,1912,14706,45572
40,60318,8,0.0,1913,14706,45612
6,60324,8,0.0,1914,14706,45618
21,60345,8,0.0,1915,14706,45639
7,60352,8,0.0,1916,14706,45646
15,60367,8,0.0,1917,14706,45661
23,60390,8,0.0,1918,14706,45684
53,60443,8,0.0,1919,14706,45737
21,60464,8,0.0,1920,14706,45758
26,60490,8,0.0,1921,14706,45784
20,60510,8,0.0,1922,14706,45804
31,60541,8,0.0,1923,14706,45835
13,60554,8,0.0,1924,14706,45848
37,60591,8,0.0,1925,14706,45885
28,60619,8,0.0,1926,14706,45913
14,60633,8,0.0,1927,14706,45927
5,60638,8,0.0,1928,14706,45932
29,60667,8,0.0,1929,14706,45961
52,60719,8,0.0,1930,14706,46013
22,60741,8,0.0,1931,14706,46035
27,60768,8,0.0,1932,14706,46062
14,60782,8,0.0,1933,14706,46076
25,60807,8,0.0,1934,14706,46101
7,60814,8,0.0,1935,14706,46108
72,60886,8,0.0,1936,14706,46180
11,60897,8,0.0,1937,14706,46191
42,60939,8,0.0,1938,14706,46233
27,60966,8,0.0,1939,14706,46260
22,60988,8,0.0,1940,14706,46282
44,61032,8,0.0,1941,14706,46326
47,61079,8,0.0,1942,14706,46373
21,61100,8,0.0,1943,14706,46394
48,61148,8,0.0,1944,14706,46442
10,61158,8,0.0,1945,14706,46452
19,61177,8,0.0,1946,14706,46471
44,61221,8,0.0,1947,14706,46515
31,61252,8,0.0,1948,14706,46546
26,61278,8,0.0,1949,14706,46572
34,61312,8,0.0,1950,14706,46606
10,61322,8,0.0,1951,14706,46616
40,61362,8,0.0,1952,14706,46656
14,61376,8,0.0,1953,14706,46670
30,61406,8,0.0,1954,14706,46700
18,61424,8,0.0,1955,14706,46718
78,61502,8,0.0,1956,14706,46796
24,61526,8,0.0,1957,14706,46820
25,61551,8,0.0,1958,14707,46844
49,61600,8,0.0,1959,14707,46893
69,61669,8,0.0,1960,14707,46962
26,61695,8,0.0,1961,14707,46988
100,61795,8,0.0,1962,14707,47088
11,61806,8,0.0,1963,14707,47099
10,61816,8,0.0,1964,14707,47109
100,61916,8,0.0,1965,14707,47209
17,61933,8,0.0,1966,14707,47226
30,61963,8,0.0,1967,14707,47256
20,61983,8,0.0,1968,14707,47276
46,62029,8,0.0,1969,14707,47322
17,62046,8,0.0,1970,14707,47339
14,62060,8,0.0,1971,14707,47353
55,62115,8,0.0,1972,14707,47408
27,62142,8,0.0,1973,14707,47435
23,62165,8,0.0,1974,14707,47458
16,62181,8,0.0,1975,14707,47474
80,62261,8,0.0,1976,14707,47554
72,62333,8,0.0,1977,14707,47626
11,62344,8,0.0,1978,14707,47637
61,62405,8,0.0,1979,14707,47698
17,62422,8,0.0,1980,14707,47715
83,62505,8,0.0,1981,14707,47798
14,62519,8,0.0,1982,14707,47812
41,62560,8,0.0,1983,14707,47853
25,62585,8,0.0,1984,14707,47878
15,62600,8,0.0,1985,14707,47893
20,62620,8,0.0,1986,14707,47913
70,62690,8,0.0,1987,14707,47983
55,62745,8,0.0,1988,14707,48038
41,62786,8,0.0,1989,14707,48079
23,62809,8,0.0,1990,14707,48102
44,62853,8,0.0,1991,14707,48146
31,62884,8,0.0,1992,14707,48177
17,62901,8,0.0,1993,14707,48194
21,62922,8,0.0,1994,14707,48215
13,62935,8,0.0,1995,14707,48228
71,63006,8,0.0,1996,14707,48299
9,63015,8,0.0,1997,14707,48308
53,63068,8,0.0,1998,14707,48361
7,63075,8,0.0,1999,14707,48368
14,63089,8,0.0,2000,14707,48382
55,63144,8,0.0,2001,14707,48437
5,63149,8,0.0,2002,14707,48442
32,63181,8,0.0,2003,14707,48474
7,63188,8,0.0,2004,14707,48481
26,63214,8,0.0,2005,14707,48507
9,63223,8,0.0,2006,14707,48516
68,63291,8,0.0,2007,14707,48584
18,63309,8,0.0,2008,14707,48602
39,63348,8,0.0,2009,14707,48641
36,63384,8,0.0,2010,14707,48677
25,63409,8,0.0,2011,14707,48702
15,63424,8,0.0,2012,14707,48717
36,63460,8,0.0,2013,14707,48753
27,63487,8,0.0,2014,14707,48780
16,63503,8,0.0,2015,14707,48796
16,63519,8,0.0,2016,14707,48812
57,63576,8,0.0,2017,14707,48869
46,63622,8,0.0,2018,14707,48915
13,63635,8,0.0,2019,14707,48928
15,63650,8,0.0,2020,14707,48943
36,63686,8,0.0,2021,14707,48979
56,63742,8,0.0,2022,14707,49035
22,63764,8,0.0,2023,14707,49057
18,63782,8,0.0,2024,14707,49075
21,63803,8,0.0,2025,14707,49096
18,63821,8,0.0,2026,14707,49114
49,63870,8,0.0,2027,14707,49163
14,63884,8,0.0,2028,14707,49177
21,63905,8,0.0,2029,14707,49198
75,63980,8,0.0,2030,14707,49273
33,64013,8,0.0,2031,14707,49306
14,64027,8,0.0,2032,14707,49320
51,64078,8,0.0,2033,14707,49371
78,64156,8,0.0,2034,14707,49449
9,64165,8,0.0,2035,14707,49458
18,64183,8,0.0,2036,14707,49476
67,64250,8,0.0,2037,14707,49543
29,64279,8,0.0,2038,14707,49572
49,64328,8,0.0,2039,14707,49621
21,64349,8,0.0,2040,14707,49642
54,64403,8,0.0,2041,14707,49696
11,64414,8,0.0,2042,14707,49707
21,64435,8,0.0,2043,14707,49728
36,64471,8,0.0,2044,14707,49764
39,64510,8,0.0,2045,14707,49803
39,64549,8,0.0,2046,14707,49842
12,64561,8,0.0,2047,14707,49854
23,64584,8,0.0,2048,14707,49877
11,64595,8,0.0,2049,14707,49888
5,64600,8,0.0,2050,14707,49893
15,64615,8,0.0,2051,14707,49908
47,64662,8,0.0,2052,14707,49955
30,64692,8,0.0,2053,14707,49985
13,64705,8,0.0,2054,14707,49998
39,64744,8,0.0,2055,14707,50037
15,64759,8,0.0,2056,14707,50052
19,64778,8,0.0,2057,14707,50071
70,64848,8,0.0,2058,14707,50141
34,64882,8,0.0,2059,14707,50175
24,64906,8,0.0,2060,14707,50199
13,64919,8,0.0,2061,14707,50212
12,64931,8,0.0,2062,14707,50224
8,64939,8,0.0,2063,14707,50232
15,64954,8,0.0,2064,14707,50247
54,65008,8,0.0,2065,14707,50301
21,65029,8,0.0,2066,14707,50322
66,65095,8,0.0,2067,14707,50388
45,65140,8,0.0,2068,14707,50433
13,65153,8,0.0,2069,14707,50446
51,65204,8,0.0,2070,14707,50497
10,65214,8,0.0,2071,14707,50507
42,65256,8,0.0,2072,14707,50549
19,65275,8,0.0,2073,14707,50568
10,65285,8,0.0,2074,14707,50578
9,65294,8,0.0,2075,14707,50587
12,65306,8,0.0,2076,14707,50599
21,65327,8,0.0,2077,14707,50620
38,65365,8,0.0,2078,14707,50658
67,65432,8,0.0,2079,14707,50725
51,65483,8,0.0,2080,14707,50776
10,65493,8,0.0,2081,14707,50786
49,65542,8,0.0,2082,14707,50835
9,65551,8,0.0,2083,14707,50844
21,65572,8,0.0,2084,14707,50865
17,65589,8,0.0,2085,14707,50882
49,65638,8,0.0,2086,14707,50931
41,65679,8,0.0,2087,14707,50972
89,65768,8,0.0,2088,14707,51061
35,65803,8,0.0,2089,14707,51096
32,65835,8,0.0,2090,14707,51128
53,65888,8,0.0,2091,14707,51181
17,65905,8,0.0,2092,14707,51198
21,65926,8,0.0,2093,14707,51219
64,65990,8,0.0,2094,14707,51283
100,66090,8,0.0,2095,14708,51382
23,66113,8,0.0,2096,14708,51405
15,66128,8,0.0,2097,14708,51420
73,66201,8,0.0,2098,14708,51493
21,66222,8,0.0,2099,14708,51514
37,66259,8,0.0,2100,14708,51551
43,66302,8,0.0,2101,14708,51594
18,66320,8,0.0,2102,14708,51612
11,66331,8,0.0,2103,14708,51623
31,66362,8,0.0,2104,14708,51654
54,66416,8,0.0,2105,14708,51708
11,66427,8,0.0,2106,14708,51719
40,66467,8,0.0,2107,14708,51759
23,66490,8,0.0,2108,14708,51782
40,66530,8,0.0,2109,14708,51822
42,66572,8,0.0,2110,14708,51864
17,66589,8,0.0,2111,14708,51881
17,66606,8,0.0,2112,14708,51898
33,66639,8,0.0,2113,14708,51931
54,66693,8,0.0,2114,14708,51985
33,66726,8,0.0,2115,14708,52018
29,66755,8,0.0,2116,14708,52047
32,66787,8,0.0,2117,14708,52079
12,66799,8,0.0,2118,14708,52091
33,66832,8,0.0,2119,14708,52124
19,66851,8,0.0,2120,14708,52143
19,66870,8,0.0,2121,14708,52162
15,66885,8,0.0,2122,14708,52177
42,66927,8,0.0,2123,14708,52219
23,66950,8,0.0,2124,14708,52242
19,66969,8,0.0,2125,14708,52261
36,67005,8,0.0,2126,14708,52297
22,67027,8,0.0,2127,14708,52319
46,67073,8,0.0,2128,14708,52365
26,67099,8,0.0,2129,14708,52391
35,67134,8,0.0,2130,14708,52426
15,67149,8,0.0,2131,14708,52441
6,67155,8,0.0,2132,14708,52447
7,67162,8,0.0,2133,14708,52454
15,67177,8,0.0,2134,14708,52469
56,67233,8,0.0,2135,14708,52525
16,67249,8,0.0,2136,14708,52541
34,67283,8,0.0,2137,14708,52575
20,67303,8,0.0,2138,14708,52595
24,67327,8,0.0,2139,14708,52619
8,67335,8,0.0,2140,14708,52627
53,67388,8,0.0,2141,14708,52680
20,67408,8,0.0,2142,14708,52700
5,67413,8,0.0,2143,14708,52705
17,67430,8,0.0,2144,14708,52722
80,67510,8,0.0,2145,14708,52802
18,67528,8,0.0,2146,14708,52820
52,67580,8,0.0,2147,14708,52872
10,67590,8,0.0,2148,14708,52882
6,67596,8,0.0,2149,14708,52888
40,67636,8,0.0,2150,14708,52928
57,67693,8,0.0,2151,14708,52985
12,67705,8,0.0,2152,14708,52997
31,67736,8,0.0,2153,14708,53028
23,67759,8,0.0,2154,14708,53051
20,67779,8,0.0,2155,14708,53071
22,67801,8,0.0,2156,14708,53093
55,67856,8,0.0,2157,14708,53148
10,67866,8,0.0,2158,14708,53158
35,67901,8,0.0,2159,14708,53193
6,67907,8,0.0,2160,14708,53199
61,67968,8,0.0,2161,14708,53260
19,67987,8,0.0,2162,14708,53279
7,67994,8,0.0,2163,14708,53286
36,68030,8,0.0,2164,14708,53322
44,68074,8,0.0,2165,14708,53366
15,68089,8,0.0,2166,14708,53381
33,68122,8,0.0,2167,14708,53414
27,68149,8,0.0,2168,14708,53441
33,68182,8,0.0,2169,14708,53474
61,68243,8,0.0,2170,14708,53535
40,68283,8,0.0,2171,14708,53575
29,68312,8,0.0,2172,14708,53604
28,68340,8,0.0,2173,14708,53632
76,68416,8,0.0,2174,14708,53708
53,68469,8,0.0,2175,14708,53761
21,68490,8,0.0,2176,14708,53782
12,68502,8,0.0,2177,14708,53794
64,68566,8,0.0,2178,14708,53858
22,68588,8,0.0,2179,14708,53880
22,68610,8,0.0,2180,14708,53902
31,68641,8,0.0,2181,14708,53933
10,68651,8,0.0,2182,14708,53943
5,68656,8,0.0,2183,14708,53948
35,68691,8,0.0,2184,14708,53983
33,68724,8,0.0,2185,14708,54016
26,68750,8,0.0,2186,14708,54042
29,68779,8,0.0,2187,14708,54071
12,68791,8,0.0,2188,14708,54083
55,68846,8,0.0,2189,14708,54138
50,68896,8,0.0,2190,14708,54188
58,68954,8,0.0,2191,14708,54246
100,69054,8,0.0,2192,14708,54346
7,69061,8,0.0,2193,14708,54353
19,69080,8,0.0,2194,14708,54372
19,69099,8,0.0,2195,14708,54391
19,69118,8,0.0,2196,14708,54410
16,69134,8,0.0,2197,14708,54426
9,69143,8,0.0,2198,14708,54435
10,69153,8,0.0,2199,14708,54445
23,69176,8,0.0,2200,14708,54468
22,69198,8,0.0,2201,14708,54490
36,69234,8,0.0,2202,14708,54526
51,69285,8,0.0,2203,14708,54577
30,69315,8,0.0,2204,14708,54607
59,69374,8,0.0,2205,14708,54666
16,69390,8,0.0,2206,14708,54682
84,69474,8,0.0,2207,14708,54766
87,69561,8,0.0,2208,14708,54853
64,69625,8,0.0,2209,14708,54917
27,69652,8,0.0,2210,14708,54944
26,69678,8,0.0,2211,14708,54970
17,69695,8,0.0,2212,14708,54987
22,69717,8,0.0,2213,14708,55009
23,69740,8,0.0,2214,14708,55032
9,69749,8,0.0,2215,14708,55041
48,69797,8,0.0,2216,14708,55089
20,69817,8,0.0,2217,14708,55109
21,69838,8,0.0,2218,14708,55130
30,69868,8,0.0,2219,14708,55160
11,69879,8,0.0,2220,14708,55171
35,69914,8,0.0,2221,14708,55206
10,69924,8,0.0,2222,14708,55216
48,69972,8,0.0,2223,14708,55264
29,70001,8,0.0,2224,14708,55293
14,70015,8,0.0,2225,14708,55307
22,70037,8,0.0,2226,14708,55329
21,70058,8,0.0,2227,14708,55350
28,70086,8,0.0,2228,14708,55378
61,70147,8,0.0,2229,14708,55439
40,70187,8,0.0,2230,14708,55479
9,70196,8,0.0,2231,14708,55488
72,70268,8,0.0,2232,14708,55560
16,70284,8,0.0,2233,14708,55576
29,70313,8,0.0,2234,14708,55605
28,70341,8,0.0,2235,14708,55633
76,70417,8,0.0,2236,14708,55709
12,70429,8,0.0,2237,14708,55721
13,70442,8,0.0,2238,14708,55734
10,70452,8,0.0,2239,14708,55744
7,70459,8,0.0,2240,14708,55751
81,70540,8,0.0,2241,14708,55832
58,70598,8,0.0,2242,14708,55890
44,70642,8,0.0,2243,14708,55934
28,70670,8,0.0,2244,14708,55962
31,70701,8,0.0,2245,14708,55993
65,70766,8,0.0,2246,14708,56058
13,70779,8,0.0,2247,14708,56071
42,70821,8,0.0,2248,14708,56113
27,70848,8,0.0,2249,14708,56140
38,70886,8,0.0,2250,14708,56178
5,70891,8,0.0,2251,14708,56183
29,70920,8,0.0,2252,14708,56212
20,70940,8,0.0,2253,14708,56232
18,70958,8,0.0,2254,14708,56250
39,70997,8,0.0,2255,14708,56289
10,71007,8,0.0,2256,14708,56299
42,71049,8,0.0,2257,14708,56341
69,71118,8,0.0,2258,14708,56410
44,71162,8,0.0,2259,14708,56454
38,71200,8,0.0,2260,14708,56492
12,71212,8,0.0,2261,14708,56504
49,71261,8,0.0,2262,14708,56553
43,71304,8,0.0,2263,14708,56596
27,71331,8,0.0,2264,14708,56623
25,71356,8,0.0,2265,14708,56648
42,71398,8,0.0,2266,14708,56690
31,71429,8,0.0,2267,14708,56721
34,71463,8,0.0,2268,14708,56755
24,71487,8,0.0,2269,14708,56779
35,71522,8,0.0,2270,14708,56814
20,71542,8,0.0,2271,14708,56834
48,71590,8,0.0,2272,14708,56882
20,71610,8,0.0,2273,14708,56902
64,71674,8,0.0,2274,14708,56966
32,71706,8,0.0,2275,14708,56998
17,71723,8,0.0,2276,14708,57015
29,71752,8,0.0,2277,14708,57044
34,71786,8,0.0,2278,14708,57078
10,71796,8,0.0,2279,14708,57088
15,71811,8,0.0,2280,14708,57103
50,71861,8,0.0,2281,14708,57153
13,71874,8,0.0,2282,14708,57166
10,71884,8,0.0,2283,14708,57176
17,71901,8,0.0,2284,14708,57193
29,71930,8,0.0,2285,14708,57222
14,71944,8,0.0,2286,14708,57236
14,71958,8,0.0,2287,14708,57250
14,71972,8,0.0,2288,14708,57264
37,72009,8,0.0,2289,14708,57301
28,72037,8,0.0,2290,14708,57329
26,72063,8,0.0,2291,14708,57355
13,72076,8,0.0,2292,14708,57368
46,72122,8,0.0,2293,14708,57414
28,72150,8,0.0,2294,14708,57442
12,72162,8,0.0,2295,14708,57454
57,72219,8,0.0,2296,14708,57511
21,72240,8,0.0,2297,14708,57532
8,72248,8,0.0,2298,14708,57540
23,72271,8,0.0,2299,14708,57563
13,72284,8,0.0,2300,14708,57576
47,72331,8,0.0,2301,14708,57623
52,72383,8,0.0,2302,14708,57675
15,72398,8,0.0,2303,14708,57690
14,72412,8,0.0,2304,14708,57704
27,72439,8,0.0,2305,14708,57731
31,72470,8,0.0,2306,14708,57762
10,72480,8,0.0,2307,14708,57772
37,72517,8,0.0,2308,14708,57809
32,72549,8,0.0,2309,14708,57841
17,72566,8,0.0,2310,14708,57858
53,72619,8,0.0,2311,14708,57911
18,72637,8,0.0,2312,14708,57929
5,72642,8,0.0,2313,14708,57934
86,72728,8,0.0,2314,14708,58020
26,72754,8,0.0,2315,14708,58046
65,72819,8,0.0,2316,14708,58111
30,72849,8,0.0,2317,14708,58141
62,72911,8,0.0,2318,14708,58203
25,72936,8,0.0,2319,14708,58228
16,72952,8,0.0,2320,14708,58244
15,72967,8,0.0,2321,14708,58259
23,72990,8,0.0,2322,14708,58282
18,73008,8,0.0,2323,14708,58300
37,73045,8,0.0,2324,14708,58337
82,73127,8,0.0,2325,14708,58419
30,73157,8,0.0,2326,14708,58449
55,73212,8,0.0,2327,14708,58504
35,73247,8,0.0,2328,14708,58539
12,73259,8,0.0,2329,14708,58551
33,73292,8,0.0,2330,14708,58584
13,73305,8,0.0,2331,14708,58597
33,73338,8,0.0,2332,14708,58630
9,73347,8,0.0,2333,14708,58639
62,73409,8,0.0,2334,14708,58701
11,73420,8,0.0,2335,14708,58712
26,73446,8,0.0,2336,14708,58738
15,73461,8,0.0,2337,14708,58753
9,73470,8,0.0,2338,14708,58762
16,73486,8,0.0,2339,14708,58778
87,73573,8,0.0,2340,14708,58865
37,73610,9,1.0,2341,14708,58902
14,73624,9,0.0,2342,14708,58916
19,73643,9,0.0,2343,14708,58935
19,73662,9,0.0,2344,14708,58954
5,73667,9,0.0,2345,14708,58959
7,73674,9,0.0,2346,14708,58966
20,73694,9,0.0,2347,14708,58986
96,73790,9,0.0,2348,14708,59082
48,73838,9,0.0,2349,14708,59130
19,73857,9,0.0,2350,14708,59149
21,73878,9,0.0,2351,14708,59170
9,73887,9,0.0,2352,14708,59179
31,73918,9,0.0,2353,14708,59210
9,73927,9,0.0,2354,14708,59219
42,73969,9,0.0,2355,14708,59261
17,73986,9,0.0,2356,14708,59278
16,74002,9,0.0,2357,14708,59294
25,74027,9,0.0,2358,14708,59319
20,74047,9,0.0,2359,14708,59339
22,74069,9,0.0,2360,14708,59361
50,74119,9,0.0,2361,14708,59411
24,74143,9,0.0,2362,14708,59435
27,74170,9,0.0,2363,14708,59462
29,74199,9,0.0,2364,14708,59491
66,74265,9,0.0,2365,14708,59557
42,74307,9,0.0,2366,14708,59599
8,74315,9,0.0,2367,14708,59607
13,74328,9,0.0,2368,14708,59620
26,74354,9,0.0,2369,14708,59646
16,74370,9,0.0,2370,14708,59662
84,74454,9,0.0,2371,14708,59746
18,74472,9,0.0,2372,14708,59764
13,74485,9,0.0,2373,14708,59777
11,74496,9,0.0,2374,14708,59788
32,74528,9,0.0,2375,14708,59820
18,74546,9,0.0,2376,14708,59838
13,74559,9,0.0,2377,14708,59851
47,74606,9,0.0,2378,14708,59898
39,74645,9,0.0,2379,14708,59937
36,74681,9,0.0,2380,14708,59973
8,74689,9,0.0,2381,14708,59981
25,74714,9,0.0,2382,14708,60006
53,74767,9,0.0,2383,14708,60059
15,74782,9,0.0,2384,14708,60074
30,74812,9,0.0,2385,14708,60104
26,74838,9,0.0,2386,14708,60130
35,74873,9,0.0,2387,14708,60165
33,74906,9,0.0,2388,14708,60198
19,74925,9,0.0,2389,14708,60217
9,74934,9,0.0,2390,14708,60226
49,74983,9,0.0,2391,14708,60275
10,74993,9,0.0,2392,14708,60285
29,75022,9,0.0,2393,14708,60314
44,75066,9,0.0,2394,14708,60358
47,75113,9,0.0,2395,14708,60405
7,75120,9,0.0,2396,14708,60412
14,75134,9,0.0,2397,14708,60426
19,75153,9,0.0,2398,14708,60445
32,75185,9,0.0,2399,14708,60477
94,75279,9,0.0,2400,14708,60571
34,75313,9,0.0,2401,14708,60605
46,75359,9,0.0,2402,14708,60651
31,75390,9,0.0,2403,14708,60682
17,75407,9,0.0,2404,14708,60699
19,75426,9,0.0,2405,14708,60718
11,75437,9,0.0,2406,14708,60729
15,75452,9,0.0,2407,14708,60744
15,75467,9,0.0,2408,14708,60759
35,75502,9,0.0,2409,14708,60794
27,75529,9,0.0,2410,14708,60821
27,75556,9,0.0,2411,14708,60848
66,75622,9,0.0,2412,14708,60914
11,75633,9,0.0,2413,14708,60925
11,75644,9,0.0,2414,14708,60936
49,75693,9,0.0,2415,14708,60985
50,75743,9,0.0,2416,14708,61035
11,75754,9,0.0,2417,14708,61046
30,75784,9,0.0,2418,14708,61076
36,75820,9,0.0,2419,14708,61112
27,75847,9,0.0,2420,14708,61139
26,75873,9,0.0,2421,14708,61165
30,75903,9,0.0,2422,14708,61195
31,75934,9,0.0,2423,14708,61226
25,75959,9,0.0,2424,14708,61251
23,75982,9,0.0,2425,14708,61274
11,75993,9,0.0,2426,14708,61285
11,76004,9,0.0,2427,14708,61296
21,76025,9,0.0,2428,14708,61317
22,76047,9,0.0,2429,14708,61339
7,76054,9,0.0,2430,14708,61346
8,76062,9,0.0,2431,14708,61354
35,76097,9,0.0,2432,14708,61389
14,76111,9,0.0,2433,14708,61403
84,76195,9,0.0,2434,14708,61487
61,76256,9,0.0,2435,14708,61548
77,76333,9,0.0,2436,14708,61625
37,76370,9,0.0,2437,14708,61662
47,76417,9,0.0,2438,14708,61709
21,76438,9,0.0,2439,14708,61730
28,76466,9,0.0,2440,14708,61758
10,76476,9,0.0,2441,14708,61768
16,76492,9,0.0,2442,14708,61784
44,76536,9,0.0,2443,14708,61828
21,76557,9,0.0,2444,14708,61849
12,76569,9,0.0,2445,14708,61861
30,76599,9,0.0,2446,14708,61891
18,76617,9,0.0,2447,14708,61909
13,76630,9,0.0,2448,14708,61922
16,76646,9,0.0,2449,14708,61938
17,76663,9,0.0,2450,14708,61955
14,76677,9,0.0,2451,14708,61969
15,76692,9,0.0,2452,14708,61984
56,76748,9,0.0,2453,14708,62040
13,76761,9,0.0,2454,14708,62053
22,76783,9,0.0,2455,14708,62075
59,76842,9,0.0,2456,14708,62134
15,76857,9,0.0,2457,14708,62149
13,76870,9,0.0,2458,14708,62162
18,76888,9,0.0,2459,14708,62180
27,76915,9,0.0,2460,14708,62207
20,76935,9,0.0,2461,14708,62227
41,76976,9,0.0,2462,14708,62268
9,76985,9,0.0,2463,14708,62277
77,77062,9,0.0,2464,14708,62354
40,77102,9,0.0,2465,14708,62394
27,77129,9,0.0,2466,14708,62421
10,77139,9,0.0,2467,14708,62431
80,77219,9,0.0,2468,14708,62511
21,77240,9,0.0,2469,14708,62532
100,77340,9,0.0,2470,14708,62632
48,77388,9,0.0,2471,14708,62680
55,77443,9,0.0,2472,14708,62735
20,77463,9,0.0,2473,14708,62755
85,77548,9,0.0,2474,14708,62840
19,77567,9,0.0,2475,14708,62859
8,77575,9,0.0,2476,14708,62867
20,77595,9,0.0,2477,14708,62887
12,77607,9,0.0,2478,14708,62899
67,77674,9,0.0,2479,14708,62966
100,77774,9,0.0,2480,14708,63066
12,77786,9,0.0,2481,14708,63078
47,77833,9,0.0,2482,14708,63125
14,77847,9,0.0,2483,14708,63139
20,77867,9,0.0,2484,14708,63159
99,77966,9,0.0,2485,14708,63258
46,78012,9,0.0,2486,14708,63304
36,78048,9,0.0,2487,14708,63340
65,78113,9,0.0,2488,14708,63405
45,78158,9,0.0,2489,14708,63450
47,78205,9,0.0,2490,14708,63497
25,78230,9,0.0,2491,14708,63522
22,78252,9,0.0,2492,14708,63544
30,78282,9,0.0,2493,14708,63574
11,78293,9,0.0,2494,14708,63585
34,78327,9,0.0,2495,14708,63619
38,78365,9,0.0,2496,14708,63657
43,78408,9,0.0,2497,14708,63700
48,78456,9,0.0,2498,14708,63748
33,78489,9,0.0,2499,14708,63781
5,78494,9,0.0,2500,14708,63786
10,78504,9,0.0,2501,14708,63796
22,78526,9,0.0,2502,14708,63818
58,78584,9,0.0,2503,14708,63876
30,78614,9,0.0,2504,14708,63906
72,78686,9,0.0,2505,14708,63978
22,78708,9,0.0,2506,14708,64000
37,78745,10,1.0,2507,14708,64037
36,78781,10,0.0,2508,14708,64073
50,78831,10,0.0,2509,14708,64123
33,78864,10,0.0,2510,14708,64156
15,78879,10,0.0,2511,14708,64171
27,78906,10,0.0,2512,14708,64198
26,78932,10,0.0,2513,14708,64224
25,78957,10,0.0,2514,14708,64249
17,78974,10,0.0,2515,14708,64266
27,79001,10,0.0,2516,14708,64293
63,79064,10,0.0,2517,14708,64356
18,79082,10,0.0,2518,14708,64374
36,79118,10,0.0,2519,14708,64410
96,79214,10,0.0,2520,14708,64506
27,79241,10,0.0,2521,14708,64533
8,79249,10,0.0,2522,14708,64541
50,79299,10,0.0,2523,14708,64591
78,79377,10,0.0,2524,14708,64669
26,79403,10,0.0,2525,14708,64695
43,79446,10,0.0,2526,14708,64738
37,79483,10,0.0,2527,14708,64775
52,79535,10,0.0,2528,14708,64827
53,79588,10,0.0,2529,14708,64880
49,79637,10,0.0,2530,14708,64929
12,79649,10,0.0,2531,14708,64941
43,79692,10,0.0,2532,14708,64984
64,79756,10,0.0,2533,14708,65048
10,79766,10,0.0,2534,14708,65058
17,79783,10,0.0,2535,14708,65075
13,79796,10,0.0,2536,14708,65088
30,79826,10,0.0,2537,14708,65118
94,79920,10,0.0,2538,14708,65212
11,79931,10,0.0,2539,14708,65223
32,79963,10,0.0,2540,14708,65255
81,80044,10,0.0,2541,14708,65336
14,80058,10,0.0,2542,14708,65350
18,80076,10,0.0,2543,14708,65368
13,80089,10,0.0,2544,14708,65381
33,80122,10,0.0,2545,14708,65414
19,80141,10,0.0,2546,14708,65433
100,80241,10,0.0,2547,14708,65533
65,80306,10,0.0,2548,14708,65598
11,80317,10,0.0,2549,14708,65609
51,80368,10,0.0,2550,14708,65660
11,80379,10,0.0,2551,14708,65671
11,80390,10,0.0,2552,14708,65682
8,80398,10,0.0,2553,14708,65690
19,80417,10,0.0,2554,14708,65709
8,80425,10,0.0,2555,14708,65717
6,80431,10,0.0,2556,14708,65723
27,80458,10,0.0,2557,14708,65750
26,80484,10,0.0,2558,14708,65776
7,80491,10,0.0,2559,14708,65783
16,80507,10,0.0,2560,14708,65799
38,80545,10,0.0,2561,14708,65837
9,80554,10,0.0,2562,14708,65846
44,80598,10,0.0,2563,14708,65890
32,80630,10,0.0,2564,14708,65922
22,80652,10,0.0,2565,14708,65944
80,80732,10,0.0,2566,14708,66024
11,80743,10,0.0,2567,14708,66035
48,80791,10,0.0,2568,14708,66083
36,80827,10,0.0,2569,14708,66119
32,80859,10,0.0,2570,14708,66151
45,80904,10,0.0,2571,14708,66196
30,80934,10,0.0,2572,14708,66226
7,80941,10,0.0,2573,14708,66233
45,80986,10,0.0,2574,14708,66278
9,80995,10,0.0,2575,14708,66287
17,81012,10,0.0,2576,14708,66304
7,81019,10,0.0,2577,14708,66311
20,81039,10,0.0,2578,14708,66331
32,81071,10,0.0,2579,14708,66363
17,81088,10,0.0,2580,14708,66380
12,81100,10,0.0,2581,14708,66392
15,81115,10,0.0,2582,14708,66407
84,81199,10,0.0,2583,14708,66491
24,81223,10,0.0,2584,14708,66515
17,81240,10,0.0,2585,14708,66532
8,81248,10,0.0,2586,14708,66540
13,81261,10,0.0,2587,14708,66553
100,81361,10,0.0,2588,14708,66653
61,81422,10,0.0,2589,14708,66714
66,81488,10,0.0,2590,14708,66780
39,81527,10,0.0,2591,14708,66819
61,81588,10,0.0,2592,14708,66880
15,81603,10,0.0,2593,14708,66895
45,81648,10,0.0,2594,14708,66940
7,81655,10,0.0,2595,14708,66947
8,81663,10,0.0,2596,14708,66955
14,81677,10,0.0,2597,14708,66969
21,81698,10,0.0,2598,14708,66990
42,81740,10,0.0,2599,14708,67032
17,81757,10,0.0,2600,14708,67049
43,81800,10,0.0,2601,14708,67092
89,81889,10,0.0,2602,14708,67181
22,81911,10,0.0,2603,14708,67203
26,81937,10,0.0,2604,14708,67229
41,81978,10,0.0,2605,14708,67270
100,82078,10,0.0,2606,14708,67370
24,82102,10,0.0,2607,14708,67394
23,82125,10,0.0,2608,14708,67417
41,82166,10,0.0,2609,14709,67457
72,82238,10,0.0,2610,14709,67529
37,82275,10,0.0,2611,14709,67566
14,82289,10,0.0,2612,14709,67580
11,82300,10,0.0,2613,14709,67591
27,82327,10,0.0,2614,14709,67618
37,82364,10,0.0,2615,14709,67655
43,82407,10,0.0,2616,14709,67698
41,82448,10,0.0,2617,14709,67739
5,82453,10,0.0,2618,14709,67744
37,82490,10,0.0,2619,14709,67781
17,82507,10,0.0,2620,14709,67798
100,82607,10,0.0,2621,14709,67898
11,82618,10,0.0,2622,14709,67909
40,82658,10,0.0,2623,14709,67949
32,82690,10,0.0,2624,14709,67981
29,82719,10,0.0,2625,14709,68010
26,82745,10,0.0,2626,14709,68036
26,82771,10,0.0,2627,14709,68062
63,82834,10,0.0,2628,14709,68125
20,82854,10,0.0,2629,14709,68145
12,82866,10,0.0,2630,14709,68157
24,82890,10,0.0,2631,14709,68181
14,82904,10,0.0,2632,14709,68195
34,82938,10,0.0,2633,14709,68229
43,82981,10,0.0,2634,14709,68272
38,83019,10,0.0,2635,14709,68310
62,83081,10,0.0,2636,14709,68372
50,83131,10,0.0,2637,14709,68422
16,83147,10,0.0,2638,14709,68438
35,83182,10,0.0,2639,14709,68473
6,83188,10,0.0,2640,14709,68479
22,83210,10,0.0,2641,14709,68501
48,83258,10,0.0,2642,14709,68549
55,83313,10,0.0,2643,14709,68604
18,83331,10,0.0,2644,14709,68622
44,83375,10,0.0,2645,14709,68666
29,83404,10,0.0,2646,14709,68695
40,83444,10,0.0,2647,14709,68735
45,83489,11,1.0,2648,14709,68780
32,83521,11,0.0,2649,14709,68812
5,83526,11,0.0,2650,14709,68817
14,83540,11,0.0,2651,14709,68831
59,83599,11,0.0,2652,14709,68890
100,83699,11,0.0,2653,14709,68990
58,83757,11,0.0,2654,14709,69048
53,83810,11,0.0,2655,14709,69101
37,83847,11,0.0,2656,14709,69138
32,83879,11,0.0,2657,14709,69170
91,83970,11,0.0,2658,14709,69261
51,84021,11,0.0,2659,14709,69312
12,84033,11,0.0,2660,14709,69324
100,84133,11,0.0,2661,14709,69424
12,84145,11,0.0,2662,14709,69436
14,84159,11,0.0,2663,14709,69450
59,84218,11,0.0,2664,14709,69509
49,84267,11,0.0,2665,14709,69558
17,84284,11,0.0,2666,14709,69575
8,84292,11,0.0,2667,14709,69583
33,84325,11,0.0,2668,14709,69616
41,84366,11,0.0,2669,14709,69657
17,84383,11,0.0,2670,14709,69674
76,84459,11,0.0,2671,14709,69750
33,84492,11,0.0,2672,14709,69783
39,84531,11,0.0,2673,14709,69822
41,84572,11,0.0,2674,14709,69863
23,84595,11,0.0,2675,14709,69886
30,84625,11,0.0,2676,14709,69916
38,84663,11,0.0,2677,14709,69954
31,84694,11,0.0,2678,14709,69985
79,84773,11,0.0,2679,14709,70064
16,84789,11,0.0,2680,14709,70080
33,84822,11,0.0,2681,14709,70113
14,84836,11,0.0,2682,14709,70127
27,84863,11,0.0,2683,14709,70154
54,84917,11,0.0,2684,14709,70208
25,84942,11,0.0,2685,14709,70233
100,85042,11,0.0,2686,14709,70333
39,85081,11,0.0,2687,14709,70372
28,85109,11,0.0,2688,14709,70400
74,85183,11,0.0,2689,14709,70474
19,85202,11,0.0,2690,14709,70493
20,85222,11,0.0,2691,14709,70513
5,85227,11,0.0,2692,14709,70518
22,85249,11,0.0,2693,14709,70540
41,85290,11,0.0,2694,14709,70581
10,85300,11,0.0,2695,14709,70591
12,85312,11,0.0,2696,14709,70603
25,85337,11,0.0,2697,14709,70628
15,85352,11,0.0,2698,14709,70643
24,85376,11,0.0,2699,14709,70667
30,85406,11,0.0,2700,14709,70697
10,85416,11,0.0,2701,14709,70707
22,85438,11,0.0,2702,14709,70729
18,85456,11,0.0,2703,14709,70747
100,85556,11,0.0,2704,14709,70847
20,85576,11,0.0,2705,14709,70867
59,85635,11,0.0,2706,14709,70926
46,85681,11,0.0,2707,14709,70972
21,85702,11,0.0,2708,14709,70993
19,85721,11,0.0,2709,14709,71012
15,85736,11,0.0,2710,14709,71027
75,85811,11,0.0,2711,14709,71102
60,85871,11,0.0,2712,14709,71162
51,85922,11,0.0,2713,14709,71213
19,85941,11,0.0,2714,14709,71232
82,86023,11,0.0,2715,14709,71314
5,86028,11,0.0,2716,14709,71319
9,86037,11,0.0,2717,14709,71328
25,86062,11,0.0,2718,14709,71353
10,86072,11,0.0,2719,14709,71363
7,86079,11,0.0,2720,14709,71370
18,86097,11,0.0,2721,14709,71388
37,86134,11,0.0,2722,14709,71425
23,86157,11,0.0,2723,14709,71448
21,86178,11,0.0,2724,14709,71469
33,86211,11,0.0,2725,14709,71502
39,86250,11,0.0,2726,14709,71541
51,86301,11,0.0,2727,14709,71592
26,86327,11,0.0,2728,14709,71618
48,86375,11,0.0,2729,14709,71666
5,86380,11,0.0,2730,14709,71671
27,86407,11,0.0,2731,14709,71698
43,86450,12,1.0,2732,14709,71741
35,86485,12,0.0,2733,14709,71776
19,86504,12,0.0,2734,14709,71795
25,86529,12,0.0,2735,14709,71820
21,86550,12,0.0,2736,14709,71841
39,86589,12,0.0,2737,14709,71880
20,86609,12,0.0,2738,14709,71900
24,86633,12,0.0,2739,14709,71924
17,86650,12,0.0,2740,14709,71941
13,86663,12,0.0,2741,14709,71954
16,86679,12,0.0,2742,14709,71970
12,86691,12,0.0,2743,14709,71982
16,86707,12,0.0,2744,14709,71998
14,86721,12,0.0,2745,14709,72012
23,86744,12,0.0,2746,14709,72035
51,86795,12,0.0,2747,14709,72086
35,86830,12,0.0,2748,14709,72121
53,86883,12,0.0,2749,14709,72174
20,86903,12,0.0,2750,14709,72194
32,86935,12,0.0,2751,14709,72226
24,86959,12,0.0,2752,14709,72250
11,86970,12,0.0,2753,14709,72261
53,87023,12,0.0,2754,14709,72314
20,87043,12,0.0,2755,14709,72334
87,87130,12,0.0,2756,14709,72421
12,87142,12,0.0,2757,14709,72433
19,87161,12,0.0,2758,14709,72452
91,87252,12,0.0,2759,14709,72543
39,87291,12,0.0,2760,14709,72582
13,87304,12,0.0,2761,14709,72595
9,87313,12,0.0,2762,14709,72604
6,87319,12,0.0,2763,14709,72610
52,87371,12,0.0,2764,14709,72662
9,87380,12,0.0,2765,14709,72671
74,87454,12,0.0,2766,14709,72745
35,87489,12,0.0,2767,14709,72780
16,87505,12,0.0,2768,14709,72796
39,87544,12,0.0,2769,14709,72835
18,87562,12,0.0,2770,14709,72853
7,87569,12,0.0,2771,14709,72860
10,87579,12,0.0,2772,14709,72870
11,87590,12,0.0,2773,14709,72881
24,87614,12,0.0,2774,14709,72905
36,87650,12,0.0,2775,14709,72941
12,87662,12,0.0,2776,14709,72953
27,87689,12,0.0,2777,14709,72980
18,87707,12,0.0,2778,14709,72998
27,87734,12,0.0,2779,14709,73025
14,87748,12,0.0,2780,14709,73039
12,87760,12,0.0,2781,14709,73051
43,87803,12,0.0,2782,14709,73094
17,87820,12,0.0,2783,14709,73111
45,87865,12,0.0,2784,14709,73156
47,87912,12,0.0,2785,14709,73203
19,87931,12,0.0,2786,14709,73222
29,87960,12,0.0,2787,14709,73251
60,88020,12,0.0,2788,14709,73311
41,88061,13,1.0,2789,14709,73352
39,88100,13,0.0,2790,14709,73391
10,88110,13,0.0,2791,14709,73401
82,88192,13,0.0,2792,14709,73483
10,88202,13,0.0,2793,14709,73493
21,88223,13,0.0,2794,14709,73514
14,88237,13,0.0,2795,14709,73528
57,88294,13,0.0,2796,14709,73585
53,88347,13,0.0,2797,14709,73638
25,88372,13,0.0,2798,14709,73663
46,88418,13,0.0,2799,14709,73709
33,88451,13,0.0,2800,14709,73742
37,88488,13,0.0,2801,14709,73779
40,88528,13,0.0,2802,14709,73819
16,88544,13,0.0,2803,14709,73835
11,88555,13,0.0,2804,14709,73846
20,88575,13,0.0,2805,14709,73866
36,88611,13,0.0,2806,14709,73902
40,88651,13,0.0,2807,14709,73942
46,88697,13,0.0,2808,14709,73988
72,88769,13,0.0,2809,14709,74060
32,88801,13,0.0,2810,14709,74092
60,88861,13,0.0,2811,14709,74152
92,88953,13,0.0,2812,14709,74244
28,88981,13,0.0,2813,14709,74272
23,89004,13,0.0,2814,14709,74295
29,89033,13,0.0,2815,14709,74324
86,89119,13,0.0,2816,14709,74410
46,89165,13,0.0,2817,14709,74456
9,89174,13,0.0,2818,14709,74465
24,89198,13,0.0,2819,14709,74489
21,89219,13,0.0,2820,14709,74510
46,89265,13,0.0,2821,14709,74556
100,89365,13,0.0,2822,14709,74656
29,89394,13,0.0,2823,14709,74685
46,89440,13,0.0,2824,14709,74731
35,89475,13,0.0,2825,14709,74766
17,89492,13,0.0,2826,14709,74783
18,89510,13,0.0,2827,14709,74801
14,89524,13,0.0,2828,14709,74815
23,89547,13,0.0,2829,14709,74838
13,89560,13,0.0,2830,14709,74851
25,89585,13,0.0,2831,14709,74876
9,89594,13,0.0,2832,14709,74885
69,89663,13,0.0,2833,14709,74954
25,89688,13,0.0,2834,14709,74979
16,89704,13,0.0,2835,14709,74995
13,89717,13,0.0,2836,14709,75008
20,89737,13,0.0,2837,14709,75028
18,89755,13,0.0,2838,14709,75046
100,89855,13,0.0,2839,14709,75146
16,89871,13,0.0,2840,14709,75162
18,89889,13,0.0,2841,14709,75180
28,89917,13,0.0,2842,14709,75208
10,89927,13,0.0,2843,14709,75218
26,89953,13,0.0,2844,14709,75244
10,89963,13,0.0,2845,14709,75254
16,89979,13,0.0,2846,14709,75270
42,90021,13,0.0,2847,14709,75312
6,90027,13,0.0,2848,14709,75318
57,90084,13,0.0,2849,14709,75375
50,90134,13,0.0,2850,14709,75425
7,90141,13,0.0,2851,14709,75432
8,90149,13,0.0,2852,14709,75440
9,90158,13,0.0,2853,14709,75449
25,90183,13,0.0,2854,14709,75474
99,90282,13,0.0,2855,14709,75573
27,90309,13,0.0,2856,14709,75600
17,90326,13,0.0,2857,14709,75617
23,90349,13,0.0,2858,14709,75640
55,90404,13,0.0,2859,14709,75695
15,90419,13,0.0,2860,14709,75710
33,90452,13,0.0,2861,14709,75743
10,90462,13,0.0,2862,14709,75753
16,90478,13,0.0,2863,14709,75769
34,90512,13,0.0,2864,14709,75803
18,90530,13,0.0,2865,14709,75821
31,90561,13,0.0,2866,14709,75852
11,90572,13,0.0,2867,14709,75863
41,90613,13,0.0,2868,14709,75904
34,90647,13,0.0,2869,14709,75938
19,90666,13,0.0,2870,14709,75957
25,90691,13,0.0,2871,14709,75982
26,90717,13,0.0,2872,14709,76008
13,90730,13,0.0,2873,14709,76021
29,90759,13,0.0,2874,14709,76050
17,90776,13,0.0,2875,14709,76067
53,90829,13,0.0,2876,14709,76120
22,90851,13,0.0,2877,14709,76142
42,90893,13,0.0,2878,14709,76184
100,90993,13,0.0,2879,14709,76284
51,91044,13,0.0,2880,14709,76335
15,91059,13,0.0,2881,14709,76350
29,91088,13,0.0,2882,14709,76379
31,91119,13,0.0,2883,14709,76410
69,91188,13,0.0,2884,14709,76479
24,91212,13,0.0,2885,14709,76503
13,91225,13,0.0,2886,14709,76516
29,91254,13,0.0,2887,14709,76545
60,91314,13,0.0,2888,14709,76605
33,91347,13,0.0,2889,14709,76638
75,91422,14,1.0,2890,14709,76713
9,91431,14,0.0,2891,14709,76722
30,91461,14,0.0,2892,14709,76752
28,91489,14,0.0,2893,14709,76780
40,91529,14,0.0,2894,14709,76820
19,91548,14,0.0,2895,14709,76839
17,91565,14,0.0,2896,14709,76856
44,91609,14,0.0,2897,14709,76900
22,91631,14,0.0,2898,14709,76922
45,91676,14,0.0,2899,14709,76967
41,91717,14,0.0,2900,14709,77008
30,91747,14,0.0,2901,14709,77038
32,91779,14,0.0,2902,14709,77070
46,91825,14,0.0,2903,14709,77116
17,91842,14,0.0,2904,14709,77133
58,91900,14,0.0,2905,14709,77191
84,91984,14,0.0,2906,14709,77275
45,92029,14,0.0,2907,14709,77320
100,92129,14,0.0,2908,14709,77420
17,92146,14,0.0,2909,14709,77437
14,92160,14,0.0,2910,14709,77451
45,92205,14,0.0,2911,14709,77496
42,92247,14,0.0,2912,14709,77538
25,92272,14,0.0,2913,14709,77563
32,92304,14,0.0,2914,14709,77595
59,92363,14,0.0,2915,14709,77654
18,92381,14,0.0,2916,14709,77672
100,92481,14,0.0,2917,14709,77772
86,92567,14,0.0,2918,14709,77858
51,92618,14,0.0,2919,14709,77909
12,92630,14,0.0,2920,14709,77921
16,92646,14,0.0,2921,14709,77937
18,92664,14,0.0,2922,14709,77955
9,92673,14,0.0,2923,14709,77964
34,92707,14,0.0,2924,14709,77998
19,92726,14,0.0,2925,14709,78017
26,92752,14,0.0,2926,14709,78043
8,92760,14,0.0,2927,14709,78051
15,92775,14,0.0,2928,14709,78066
9,92784,14,0.0,2929,14709,78075
22,92806,14,0.0,2930,14709,78097
51,92857,14,0.0,2931,14709,78148
28,92885,14,0.0,2932,14709,78176
33,92918,14,0.0,2933,14709,78209
17,92935,14,0.0,2934,14709,78226
48,92983,14,0.0,2935,14709,78274
42,93025,14,0.0,2936,14709,78316
20,93045,14,0.0,2937,14709,78336
10,93055,14,0.0,2938,14709,78346
12,93067,14,0.0,2939,14709,78358
56,93123,14,0.0,2940,14709,78414
28,93151,14,0.0,2941,14709,78442
17,93168,14,0.0,2942,14709,78459
32,93200,14,0.0,2943,14709,78491
6,93206,14,0.0,2944,14709,78497
13,93219,14,0.0,2945,14709,78510
19,93238,14,0.0,2946,14709,78529
37,93275,14,0.0,2947,14709,78566
12,93287,14,0.0,2948,14709,78578
14,93301,14,0.0,2949,14709,78592
36,93337,14,0.0,2950,14709,78628
35,93372,14,0.0,2951,14709,78663
42,93414,14,0.0,2952,14709,78705
26,93440,14,0.0,2953,14709,78731
17,93457,14,0.0,2954,14709,78748
39,93496,14,0.0,2955,14709,78787
54,93550,14,0.0,2956,14709,78841
21,93571,14,0.0,2957,14709,78862
46,93617,14,0.0,2958,14709,78908
5,93622,14,0.0,2959,14709,78913
51,93673,14,0.0,2960,14709,78964
28,93701,14,0.0,2961,14709,78992
14,93715,14,0.0,2962,14709,79006
20,93735,14,0.0,2963,14709,79026
29,93764,14,0.0,2964,14709,79055
32,93796,14,0.0,2965,14709,79087
15,93811,14,0.0,2966,14709,79102
50,93861,14,0.0,2967,14709,79152
38,93899,14,0.0,2968,14709,79190
17,93916,14,0.0,2969,14709,79207
50,93966,14,0.0,2970,14709,79257
6,93972,14,0.0,2971,14709,79263
78,94050,14,0.0,2972,14709,79341
43,94093,14,0.0,2973,14709,79384
8,94101,14,0.0,2974,14709,79392
98,94199,14,0.0,2975,14709,79490
28,94227,14,0.0,2976,14709,79518
17,94244,14,0.0,2977,14709,79535
24,94268,14,0.0,2978,14709,79559
13,94281,14,0.0,2979,14709,79572
13,94294,14,0.0,2980,14709,79585
9,94303,14,0.0,2981,14709,79594
38,94341,14,0.0,2982,14709,79632
12,94353,14,0.0,2983,14709,79644
21,94374,14,0.0,2984,14709,79665
8,94382,14,0.0,2985,14709,79673
25,94407,14,0.0,2986,14709,79698
55,94462,14,0.0,2987,14709,79753
13,94475,14,0.0,2988,14709,79766
36,94511,14,0.0,2989,14709,79802
100,94611,14,0.0,2990,14709,79902
41,94652,14,0.0,2991,14709,79943
71,94723,14,0.0,2992,14709,80014
34,94757,14,0.0,2993,14709,80048
33,94790,14,0.0,2994,14709,80081
37,94827,14,0.0,2995,14709,80118
43,94870,15,1.0,2996,14709,80161
15,94885,15,0.0,2997,14709,80176
45,94930,15,0.0,2998,14709,80221
45,94975,15,0.0,2999,14709,80266
45,95020,15,0.0,3000,14709,80311
23,95043,15,0.0,3001,14709,80334
17,95060,15,0.0,3002,14709,80351
36,95096,15,0.0,3003,14709,80387
18,95114,15,0.0,3004,14709,80405
36,95150,15,0.0,3005,14709,80441
13,95163,15,0.0,3006,14709,80454
49,95212,15,0.0,3007,14709,80503
41,95253,15,0.0,3008,14709,80544
23,95276,15,0.0,3009,14709,80567
9,95285,15,0.0,3010,14709,80576
12,95297,15,0.0,3011,14709,80588
45,95342,15,0.0,3012,14709,80633
60,95402,15,0.0,3013,14709,80693
23,95425,15,0.0,3014,14709,80716
43,95468,15,0.0,3015,14709,80759
44,95512,15,0.0,3016,14709,80803
26,95538,15,0.0,3017,14709,80829
51,95589,15,0.0,3018,14709,80880
5,95594,15,0.0,3019,14709,80885
33,95627,15,0.0,3020,14709,80918
58,95685,15,0.0,3021,14709,80976
15,95700,15,0.0,3022,14709,80991
100,95800,15,0.0,3023,14709,81091
59,95859,15,0.0,3024,14709,81150
30,95889,15,0.0,3025,14709,81180
25,95914,15,0.0,3026,14709,81205
18,95932,15,0.0,3027,14709,81223
14,95946,15,0.0,3028,14709,81237
30,95976,15,0.0,3029,14709,81267
9,95985,15,0.0,3030,14709,81276
43,96028,15,0.0,3031,14709,81319
9,96037,15,0.0,3032,14709,81328
60,96097,15,0.0,3033,14709,81388
54,96151,15,0.0,3034,14709,81442
59,96210,15,0.0,3035,14709,81501
11,96221,15,0.0,3036,14709,81512
35,96256,15,0.0,3037,14709,81547
7,96263,15,0.0,3038,14709,81554
29,96292,15,0.0,3039,14709,81583
25,96317,15,0.0,3040,14709,81608
22,96339,15,0.0,3041,14709,81630
78,96417,15,0.0,3042,14709,81708
20,96437,15,0.0,3043,14709,81728
11,96448,15,0.0,3044,14709,81739
31,96479,15,0.0,3045,14709,81770
22,96501,15,0.0,3046,14709,81792
41,96542,15,0.0,3047,14709,81833
11,96553,15,0.0,3048,14709,81844
43,96596,15,0.0,3049,14709,81887
76,96672,15,0.0,3050,14709,81963
10,96682,15,0.0,3051,14709,81973
25,96707,15,0.0,3052,14709,81998
48,96755,15,0.0,3053,14709,82046
15,96770,15,0.0,3054,14709,82061
41,96811,16,1.0,3055,14709,82102
46,96857,16,0.0,3056,14709,82148
19,96876,16,0.0,3057,14709,82167
38,96914,16,0.0,3058,14709,82205
42,96956,16,0.0,3059,14709,82247
36,96992,16,0.0,3060,14709,82283
12,97004,16,0.0,3061,14709,82295
46,97050,17,1.0,3062,14709,82341
21,97071,17,0.0,3063,14709,82362
72,97143,17,0.0,3064,14709,82434
27,97170,17,0.0,3065,14709,82461
31,97201,17,0.0,3066,14709,82492
17,97218,17,0.0,3067,14709,82509
41,97259,18,1.0,3068,14709,82550
9,97268,18,0.0,3069,14709,82559
8,97276,18,0.0,3070,14709,82567
33,97309,18,0.0,3071,14709,82600
24,97333,18,0.0,3072,14709,82624
47,97380,18,0.0,3073,14709,82671
37,97417,18,0.0,3074,14709,82708
17,97434,18,0.0,3075,14709,82725
17,97451,18,0.0,3076,14709,82742
49,97500,18,0.0,3077,14709,82791
11,97511,18,0.0,3078,14709,82802
22,97533,18,0.0,3079,14709,82824
17,97550,18,0.0,3080,14709,82841
78,97628,18,0.0,3081,14709,82919
16,97644,18,0.0,3082,14709,82935
27,97671,18,0.0,3083,14709,82962
9,97680,18,0.0,3084,14709,82971
13,97693,18,0.0,3085,14709,82984
29,97722,18,0.0,3086,14709,83013
16,97738,18,0.0,3087,14709,83029
15,97753,18,0.0,3088,14709,83044
6,97759,18,0.0,3089,14709,83050
45,97804,18,0.0,3090,14709,83095
45,97849,18,0.0,3091,14709,83140
36,97885,18,0.0,3092,14709,83176
100,97985,18,0.0,3093,14709,83276
26,98011,18,0.0,3094,14709,83302
17,98028,18,0.0,3095,14709,83319
46,98074,18,0.0,3096,14709,83365
50,98124,18,0.0,3097,14709,83415
41,98165,18,0.0,3098,14710,83455
19,98184,18,0.0,3099,14710,83474
35,98219,19,1.0,3100,14710,83509
14,98233,19,0.0,3101,14710,83523
13,98246,19,0.0,3102,14710,83536
16,98262,19,0.0,3103,14710,83552
11,98273,19,0.0,3104,14710,83563
31,98304,19,0.0,3105,14710,83594
19,98323,19,0.0,3106,14710,83613
16,98339,19,0.0,3107,14710,83629
14,98353,19,0.0,3108,14710,83643
39,98392,19,0.0,3109,14710,83682
44,98436,19,0.0,3110,14710,83726
50,98486,19,0.0,3111,14710,83776
15,98501,19,0.0,3112,14710,83791
8,98509,19,0.0,3113,14710,83799
38,98547,19,0.0,3114,14710,83837
100,98647,19,0.0,3115,14710,83937
92,98739,19,0.0,3116,14710,84029
18,98757,19,0.0,3117,14710,84047
8,98765,19,0.0,3118,14710,84055
46,98811,19,0.0,3119,14710,84101
13,98824,19,0.0,3120,14710,84114
59,98883,19,0.0,3121,14710,84173
18,98901,19,0.0,3122,14710,84191
16,98917,19,0.0,3123,14710,84207
6,98923,19,0.0,3124,14710,84213
34,98957,19,0.0,3125,14710,84247
9,98966,19,0.0,3126,14710,84256
47,99013,19,0.0,3127,14710,84303
5,99018,19,0.0,3128,14710,84308
37,99055,19,0.0,3129,14710,84345
17,99072,19,0.0,3130,14710,84362
26,99098,19,0.0,3131,14710,84388
7,99105,19,0.0,3132,14710,84395
100,99205,19,0.0,3133,14710,84495
25,99230,19,0.0,3134,14710,84520
9,99239,19,0.0,3135,14710,84529
45,99284,19,0.0,3136,14710,84574
12,99296,19,0.0,3137,14710,84586
34,99330,19,0.0,3138,14710,84620
17,99347,19,0.0,3139,14710,84637
7,99354,19,0.0,3140,14710,84644
33,99387,19,0.0,3141,14710,84677
28,99415,19,0.0,3142,14710,84705
46,99461,19,0.0,3143,14710,84751
12,99473,19,0.0,3144,14710,84763
43,99516,19,0.0,3145,14710,84806
59,99575,19,0.0,3146,14710,84865
48,99623,19,0.0,3147,14710,84913
6,99629,19,0.0,3148,14710,84919
27,99656,19,0.0,3149,14710,84946
100,99756,19,0.0,3150,14710,85046
14,99770,19,0.0,3151,14710,85060
19,99789,19,0.0,3152,14710,85079
14,99803,19,0.0,3153,14710,85093
19,99822,19,0.0,3154,14710,85112
24,99846,19,0.0,3155,14710,85136
14,99860,19,0.0,3156,14710,85150
67,99927,19,0.0,3157,14710,85217
31,99958,19,0.0,3158,14710,85248
