iteration,successes,successes_episode,reward_episode,episode_count,random_act,timestep
13,13,0,0.0,1,8,5
51,64,0,0.0,2,42,22
35,99,0,0.0,3,69,30
9,108,0,0.0,4,76,32
36,144,0,0.0,5,104,40
16,160,0,0.0,6,119,41
100,260,0,0.0,7,197,63
10,270,0,0.0,8,205,65
15,285,0,0.0,9,215,70
17,302,0,0.0,10,228,74
13,315,0,0.0,11,238,77
35,350,0,0.0,12,265,85
32,382,0,0.0,13,295,87
54,436,0,0.0,14,344,92
42,478,0,0.0,15,377,101
63,541,0,0.0,16,425,116
75,616,0,0.0,17,488,128
21,637,0,0.0,18,505,132
55,692,0,0.0,19,549,143
12,704,0,0.0,20,557,147
8,712,0,0.0,21,563,149
25,737,0,0.0,22,583,154
21,758,0,0.0,23,599,159
17,775,0,0.0,24,614,161
18,793,0,0.0,25,628,165
23,816,0,0.0,26,649,167
24,840,0,0.0,27,670,170
58,898,0,0.0,28,717,181
22,920,0,0.0,29,731,189
17,937,0,0.0,30,741,196
19,956,0,0.0,31,756,200
51,1007,0,0.0,32,798,209
72,1079,0,0.0,33,860,219
47,1126,0,0.0,34,892,234
12,1138,0,0.0,35,903,235
6,1144,0,0.0,36,909,235
11,1155,0,0.0,37,915,240
34,1189,0,0.0,38,942,247
37,1226,0,0.0,39,973,253
34,1260,0,0.0,40,1004,256
62,1322,0,0.0,41,1052,270
45,1367,0,0.0,42,1089,278
25,1392,0,0.0,43,1106,286
36,1428,0,0.0,44,1134,294
18,1446,0,0.0,45,1145,301
67,1513,1,1.0,46,1201,312
5,1518,1,0.0,47,1201,317
47,1565,1,0.0,48,1207,358
11,1576,1,0.0,49,1207,369
39,1615,1,0.0,50,1212,403
23,1638,1,0.0,51,1214,424
28,1666,1,0.0,52,1217,449
21,1687,1,0.0,53,1218,469
19,1706,1,0.0,54,1219,487
26,1732,1,0.0,55,1220,512
58,1790,1,0.0,56,1227,563
79,1869,1,0.0,57,1233,636
59,1928,1,0.0,58,1238,690
58,1986,1,0.0,59,1238,748
27,2013,1,0.0,60,1245,768
22,2035,1,0.0,61,1246,789
50,2085,1,0.0,62,1251,834
23,2108,1,0.0,63,1252,856
16,2124,1,0.0,64,1252,872
15,2139,1,0.0,65,1252,887
39,2178,1,0.0,66,1257,921
32,2210,1,0.0,67,1260,950
16,2226,1,0.0,68,1261,965
14,2240,1,0.0,69,1263,977
8,2248,1,0.0,70,1264,984
24,2272,1,0.0,71,1266,1006
14,2286,1,0.0,72,1267,1019
18,2304,1,0.0,73,1268,1036
15,2319,1,0.0,74,1273,1046
18,2337,1,0.0,75,1274,1063
82,2419,1,0.0,76,1287,1132
6,2425,1,0.0,77,1289,1136
18,2443,1,0.0,78,1292,1151
18,2461,1,0.0,79,1293,1168
26,2487,1,0.0,80,1297,1190
45,2532,1,0.0,81,1301,1231
44,2576,1,0.0,82,1307,1269
15,2591,1,0.0,83,1310,1281
7,2598,1,0.0,84,1311,1287
8,2606,1,0.0,85,1311,1295
47,2653,1,0.0,86,1313,1340
17,2670,1,0.0,87,1316,1354
15,2685,1,0.0,88,1318,1367
11,2696,1,0.0,89,1320,1376
22,2718,1,0.0,90,1320,1398
100,2818,1,0.0,91,1329,1489
65,2883,1,0.0,92,1334,1549
20,2903,1,0.0,93,1335,1568
15,2918,1,0.0,94,1337,1581
33,2951,1,0.0,95,1341,1610
61,3012,1,0.0,96,1344,1668
42,3054,1,0.0,97,1347,1707
11,3065,1,0.0,98,1347,1718
9,3074,1,0.0,99,1348,1726
26,3100,1,0.0,100,1350,1750
9,3109,1,0.0,101,1351,1758
34,3143,1,0.0,102,1352,1791
63,3206,1,0.0,103,1358,1848
19,3225,1,0.0,104,1360,1865
15,3240,1,0.0,105,1362,1878
14,3254,1,0.0,106,1362,1892
24,3278,1,0.0,107,1367,1911
21,3299,1,0.0,108,1368,1931
17,3316,1,0.0,109,1369,1947
10,3326,1,0.0,110,1370,1956
48,3374,1,0.0,111,1375,1999
100,3474,1,0.0,112,1386,2088
54,3528,1,0.0,113,1394,2134
8,3536,1,0.0,114,1395,2141
44,3580,1,0.0,115,1402,2178
5,3585,1,0.0,116,1403,2182
51,3636,1,0.0,117,1412,2224
23,3659,1,0.0,118,1415,2244
79,3738,1,0.0,119,1420,2318
13,3751,1,0.0,120,1421,2330
26,3777,1,0.0,121,1422,2355
30,3807,1,0.0,122,1424,2383
22,3829,1,0.0,123,1425,2404
38,3867,1,0.0,124,1428,2439
12,3879,1,0.0,125,1430,2449
21,3900,1,0.0,126,1433,2467
22,3922,1,0.0,127,1433,2489
12,3934,1,0.0,128,1434,2500
14,3948,1,0.0,129,1435,2513
15,3963,1,0.0,130,1437,2526
11,3974,1,0.0,131,1438,2536
22,3996,1,0.0,132,1438,2558
26,4022,1,0.0,133,1438,2584
17,4039,1,0.0,134,1439,2600
58,4097,1,0.0,135,1441,2656
88,4185,1,0.0,136,1446,2739
23,4208,1,0.0,137,1447,2761
56,4264,1,0.0,138,1453,2811
13,4277,1,0.0,139,1454,2823
40,4317,1,0.0,140,1456,2861
12,4329,1,0.0,141,1458,2871
12,4341,1,0.0,142,1459,2882
34,4375,1,0.0,143,1464,2911
10,4385,1,0.0,144,1464,2921
10,4395,1,0.0,145,1464,2931
45,4440,1,0.0,146,1467,2973
63,4503,1,0.0,147,1471,3032
18,4521,1,0.0,148,1472,3049
9,4530,1,0.0,149,1473,3057
29,4559,1,0.0,150,1474,3085
13,4572,1,0.0,151,1475,3097
12,4584,1,0.0,152,1476,3108
67,4651,1,0.0,153,1484,3167
15,4666,1,0.0,154,1488,3178
21,4687,1,0.0,155,1489,3198
32,4719,1,0.0,156,1490,3229
51,4770,1,0.0,157,1491,3279
67,4837,1,0.0,158,1503,3334
9,4846,1,0.0,159,1503,3343
47,4893,1,0.0,160,1508,3385
38,4931,1,0.0,161,1513,3418
37,4968,1,0.0,162,1516,3452
17,4985,1,0.0,163,1517,3468
31,5016,1,0.0,164,1521,3495
68,5084,1,0.0,165,1525,3559
12,5096,1,0.0,166,1525,3571
41,5137,1,0.0,167,1527,3610
10,5147,1,0.0,168,1529,3618
13,5160,1,0.0,169,1530,3630
8,5168,1,0.0,170,1531,3637
32,5200,1,0.0,171,1531,3669
16,5216,1,0.0,172,1532,3684
24,5240,1,0.0,173,1533,3707
78,5318,1,0.0,174,1541,3777
53,5371,1,0.0,175,1544,3827
34,5405,1,0.0,176,1545,3860
8,5413,1,0.0,177,1545,3868
7,5420,1,0.0,178,1545,3875
70,5490,1,0.0,179,1552,3938
13,5503,1,0.0,180,1553,3950
12,5515,1,0.0,181,1553,3962
16,5531,1,0.0,182,1555,3976
72,5603,1,0.0,183,1564,4039
40,5643,1,0.0,184,1566,4077
10,5653,1,0.0,185,1567,4086
23,5676,1,0.0,186,1569,4107
42,5718,1,0.0,187,1570,4148
15,5733,1,0.0,188,1571,4162
23,5756,1,0.0,189,1576,4180
11,5767,1,0.0,190,1577,4190
42,5809,1,0.0,191,1581,4228
22,5831,1,0.0,192,1581,4250
54,5885,1,0.0,193,1583,4302
80,5965,1,0.0,194,1590,4375
45,6010,1,0.0,195,1596,4414
11,6021,1,0.0,196,1596,4425
21,6042,1,0.0,197,1600,4442
9,6051,1,0.0,198,1601,4450
40,6091,1,0.0,199,1603,4488
92,6183,1,0.0,200,1614,4569
29,6212,1,0.0,201,1615,4597
9,6221,1,0.0,202,1615,4606
52,6273,1,0.0,203,1616,4657
85,6358,1,0.0,204,1622,4736
35,6393,1,0.0,205,1625,4768
48,6441,1,0.0,206,1627,4814
18,6459,1,0.0,207,1627,4832
9,6468,1,0.0,208,1627,4841
13,6481,1,0.0,209,1628,4853
12,6493,1,0.0,210,1628,4865
33,6526,1,0.0,211,1629,4897
20,6546,1,0.0,212,1632,4914
30,6576,1,0.0,213,1636,4940
25,6601,1,0.0,214,1637,4964
8,6609,1,0.0,215,1637,4972
17,6626,1,0.0,216,1638,4988
12,6638,1,0.0,217,1638,5000
68,6706,1,0.0,218,1642,5064
45,6751,1,0.0,219,1644,5107
21,6772,1,0.0,220,1644,5128
15,6787,1,0.0,221,1644,5143
6,6793,1,0.0,222,1644,5149
8,6801,1,0.0,223,1644,5157
16,6817,1,0.0,224,1644,5173
51,6868,1,0.0,225,1650,5218
34,6902,1,0.0,226,1652,5250
30,6932,1,0.0,227,1653,5279
27,6959,1,0.0,228,1655,5304
9,6968,1,0.0,229,1655,5313
9,6977,1,0.0,230,1657,5320
38,7015,1,0.0,231,1658,5357
11,7026,1,0.0,232,1659,5367
48,7074,1,0.0,233,1659,5415
33,7107,1,0.0,234,1661,5446
12,7119,1,0.0,235,1662,5457
28,7147,1,0.0,236,1663,5484
19,7166,1,0.0,237,1665,5501
41,7207,1,0.0,238,1665,5542
8,7215,1,0.0,239,1666,5549
21,7236,1,0.0,240,1666,5570
16,7252,1,0.0,241,1666,5586
58,7310,1,0.0,242,1670,5640
55,7365,1,0.0,243,1672,5693
26,7391,1,0.0,244,1673,5718
38,7429,1,0.0,245,1673,5756
33,7462,1,0.0,246,1676,5786
70,7532,1,0.0,247,1678,5854
28,7560,1,0.0,248,1678,5882
37,7597,1,0.0,249,1680,5917
32,7629,1,0.0,250,1681,5948
28,7657,1,0.0,251,1682,5975
82,7739,1,0.0,252,1686,6053
15,7754,1,0.0,253,1686,6068
53,7807,1,0.0,254,1688,6119
10,7817,1,0.0,255,1688,6129
69,7886,1,0.0,256,1692,6194
83,7969,1,0.0,257,1699,6270
54,8023,1,0.0,258,1700,6323
59,8082,1,0.0,259,1701,6381
25,8107,1,0.0,260,1702,6405
35,8142,1,0.0,261,1703,6439
73,8215,1,0.0,262,1707,6508
7,8222,1,0.0,263,1707,6515
54,8276,1,0.0,264,1711,6565
82,8358,1,0.0,265,1712,6646
99,8457,1,0.0,266,1716,6741
25,8482,1,0.0,267,1716,6766
48,8530,1,0.0,268,1720,6810
35,8565,1,0.0,269,1722,6843
37,8602,1,0.0,270,1723,6879
32,8634,1,0.0,271,1725,6909
47,8681,1,0.0,272,1726,6955
55,8736,1,0.0,273,1726,7010
35,8771,1,0.0,274,1728,7043
15,8786,1,0.0,275,1729,7057
15,8801,1,0.0,276,1731,7070
80,8881,1,0.0,277,1734,7147
31,8912,1,0.0,278,1736,7176
9,8921,1,0.0,279,1736,7185
18,8939,1,0.0,280,1736,7203
25,8964,1,0.0,281,1738,7226
10,8974,1,0.0,282,1738,7236
14,8988,1,0.0,283,1739,7249
11,8999,1,0.0,284,1739,7260
25,9024,1,0.0,285,1739,7285
42,9066,1,0.0,286,1741,7325
16,9082,1,0.0,287,1743,7339
40,9122,1,0.0,288,1746,7376
30,9152,1,0.0,289,1746,7406
49,9201,1,0.0,290,1749,7452
22,9223,1,0.0,291,1749,7474
9,9232,1,0.0,292,1749,7483
30,9262,1,0.0,293,1751,7511
50,9312,1,0.0,294,1752,7560
36,9348,1,0.0,295,1754,7594
13,9361,1,0.0,296,1755,7606
7,9368,1,0.0,297,1755,7613
38,9406,1,0.0,298,1756,7650
61,9467,1,0.0,299,1758,7709
49,9516,1,0.0,300,1759,7757
19,9535,1,0.0,301,1759,7776
100,9635,1,0.0,302,1765,7870
45,9680,1,0.0,303,1765,7915
100,9780,1,0.0,304,1768,8012
23,9803,1,0.0,305,1770,8033
59,9862,1,0.0,306,1772,8090
20,9882,1,0.0,307,1772,8110
19,9901,1,0.0,308,1772,8129
12,9913,1,0.0,309,1773,8140
17,9930,1,0.0,310,1774,8156
67,9997,1,0.0,311,1776,8221
30,10027,1,0.0,312,1776,8251
41,10068,1,0.0,313,1777,8291
30,10098,1,0.0,314,1779,8319
22,10120,1,0.0,315,1780,8340
40,10160,1,0.0,316,1782,8378
85,10245,1,0.0,317,1788,8457
28,10273,1,0.0,318,1791,8482
39,10312,1,0.0,319,1791,8521
26,10338,1,0.0,320,1791,8547
20,10358,1,0.0,321,1792,8566
55,10413,1,0.0,322,1799,8614
26,10439,1,0.0,323,1801,8638
19,10458,1,0.0,324,1801,8657
25,10483,1,0.0,325,1801,8682
34,10517,1,0.0,326,1802,8715
19,10536,1,0.0,327,1802,8734
21,10557,1,0.0,328,1803,8754
26,10583,1,0.0,329,1807,8776
12,10595,1,0.0,330,1808,8787
13,10608,1,0.0,331,1809,8799
12,10620,1,0.0,332,1810,8810
31,10651,1,0.0,333,1810,8841
24,10675,1,0.0,334,1810,8865
33,10708,1,0.0,335,1810,8898
40,10748,1,0.0,336,1813,8935
12,10760,1,0.0,337,1814,8946
22,10782,1,0.0,338,1815,8967
15,10797,1,0.0,339,1816,8981
100,10897,1,0.0,340,1821,9076
66,10963,1,0.0,341,1824,9139
19,10982,1,0.0,342,1825,9157
73,11055,1,0.0,343,1828,9227
33,11088,1,0.0,344,1829,9259
76,11164,1,0.0,345,1833,9331
27,11191,1,0.0,346,1833,9358
30,11221,1,0.0,347,1834,9387
47,11268,1,0.0,348,1836,9432
23,11291,1,0.0,349,1837,9454
38,11329,1,0.0,350,1837,9492
27,11356,1,0.0,351,1840,9516
29,11385,1,0.0,352,1841,9544
22,11407,1,0.0,353,1842,9565
48,11455,1,0.0,354,1845,9610
20,11475,1,0.0,355,1845,9630
7,11482,1,0.0,356,1845,9637
35,11517,1,0.0,357,1845,9672
48,11565,1,0.0,358,1846,9719
36,11601,1,0.0,359,1847,9754
59,11660,1,0.0,360,1851,9809
9,11669,1,0.0,361,1851,9818
38,11707,1,0.0,362,1851,9856
9,11716,1,0.0,363,1851,9865
44,11760,1,0.0,364,1852,9908
29,11789,1,0.0,365,1855,9934
30,11819,1,0.0,366,1856,9963
21,11840,1,0.0,367,1857,9983
37,11877,1,0.0,368,1857,10020
33,11910,1,0.0,369,1857,10053
6,11916,1,0.0,370,1857,10059
100,12016,1,0.0,371,1858,10158
49,12065,1,0.0,372,1861,10204
40,12105,1,0.0,373,1862,10243
35,12140,1,0.0,374,1864,10276
42,12182,1,0.0,375,1865,10317
37,12219,1,0.0,376,1868,10351
33,12252,1,0.0,377,1869,10383
30,12282,1,0.0,378,1870,10412
12,12294,1,0.0,379,1870,10424
19,12313,1,0.0,380,1870,10443
21,12334,1,0.0,381,1870,10464
15,12349,1,0.0,382,1870,10479
13,12362,1,0.0,383,1870,10492
45,12407,1,0.0,384,1871,10536
14,12421,1,0.0,385,1872,10549
42,12463,1,0.0,386,1874,10589
17,12480,1,0.0,387,1874,10606
34,12514,1,0.0,388,1875,10639
75,12589,1,0.0,389,1876,10713
61,12650,1,0.0,390,1877,10773
17,12667,1,0.0,391,1877,10790
38,12705,1,0.0,392,1879,10826
49,12754,1,0.0,393,1882,10872
29,12783,1,0.0,394,1882,10901
8,12791,1,0.0,395,1882,10909
17,12808,1,0.0,396,1884,10924
29,12837,1,0.0,397,1886,10951
27,12864,1,0.0,398,1887,10977
40,12904,1,0.0,399,1889,11015
12,12916,1,0.0,400,1889,11027
9,12925,1,0.0,401,1890,11035
100,13025,1,0.0,402,1894,11131
31,13056,1,0.0,403,1895,11161
16,13072,1,0.0,404,1895,11177
33,13105,1,0.0,405,1896,11209
27,13132,1,0.0,406,1899,11233
49,13181,1,0.0,407,1900,11281
13,13194,1,0.0,408,1900,11294
27,13221,1,0.0,409,1901,11320
17,13238,1,0.0,410,1901,11337
16,13254,1,0.0,411,1901,11353
30,13284,1,0.0,412,1901,11383
31,13315,1,0.0,413,1902,11413
17,13332,1,0.0,414,1902,11430
74,13406,1,0.0,415,1907,11499
27,13433,1,0.0,416,1908,11525
16,13449,1,0.0,417,1908,11541
9,13458,1,0.0,418,1909,11549
21,13479,1,0.0,419,1910,11569
19,13498,1,0.0,420,1911,11587
26,13524,1,0.0,421,1912,11612
6,13530,1,0.0,422,1912,11618
13,13543,1,0.0,423,1913,11630
9,13552,1,0.0,424,1913,11639
10,13562,1,0.0,425,1913,11649
17,13579,1,0.0,426,1913,11666
13,13592,1,0.0,427,1914,11678
15,13607,1,0.0,428,1914,11693
20,13627,1,0.0,429,1914,11713
11,13638,1,0.0,430,1914,11724
11,13649,1,0.0,431,1915,11734
12,13661,1,0.0,432,1916,11745
10,13671,1,0.0,433,1917,11754
44,13715,1,0.0,434,1919,11796
19,13734,1,0.0,435,1919,11815
12,13746,1,0.0,436,1920,11826
18,13764,1,0.0,437,1921,11843
27,13791,1,0.0,438,1922,11869
28,13819,1,0.0,439,1922,11897
26,13845,1,0.0,440,1922,11923
24,13869,1,0.0,441,1922,11947
42,13911,1,0.0,442,1922,11989
12,13923,1,0.0,443,1922,12001
11,13934,1,0.0,444,1922,12012
5,13939,1,0.0,445,1923,12016
39,13978,1,0.0,446,1923,12055
33,14011,1,0.0,447,1924,12087
38,14049,1,0.0,448,1925,12124
18,14067,1,0.0,449,1926,12141
17,14084,1,0.0,450,1927,12157
55,14139,1,0.0,451,1927,12212
21,14160,1,0.0,452,1927,12233
16,14176,1,0.0,453,1927,12249
35,14211,1,0.0,454,1929,12282
15,14226,1,0.0,455,1931,12295
24,14250,1,0.0,456,1932,12318
13,14263,1,0.0,457,1933,12330
69,14332,1,0.0,458,1935,12397
24,14356,1,0.0,459,1935,12421
55,14411,1,0.0,460,1938,12473
17,14428,1,0.0,461,1938,12490
9,14437,1,0.0,462,1939,12498
21,14458,1,0.0,463,1939,12519
58,14516,1,0.0,464,1944,12572
9,14525,1,0.0,465,1944,12581
38,14563,1,0.0,466,1946,12617
12,14575,1,0.0,467,1946,12629
19,14594,1,0.0,468,1947,12647
17,14611,1,0.0,469,1947,12664
15,14626,1,0.0,470,1948,12678
18,14644,1,0.0,471,1949,12695
22,14666,1,0.0,472,1949,12717
30,14696,1,0.0,473,1949,12747
100,14796,1,0.0,474,1950,12846
31,14827,1,0.0,475,1952,12875
13,14840,1,0.0,476,1952,12888
13,14853,1,0.0,477,1952,12901
30,14883,1,0.0,478,1952,12931
13,14896,1,0.0,479,1952,12944
35,14931,1,0.0,480,1953,12978
35,14966,1,0.0,481,1955,13011
17,14983,1,0.0,482,1956,13027
100,15083,1,0.0,483,1960,13123
71,15154,1,0.0,484,1963,13191
13,15167,1,0.0,485,1963,13204
18,15185,1,0.0,486,1964,13221
23,15208,1,0.0,487,1965,13243
49,15257,1,0.0,488,1967,13290
47,15304,1,0.0,489,1970,13334
63,15367,1,0.0,490,1971,13396
100,15467,1,0.0,491,1973,13494
13,15480,1,0.0,492,1973,13507
45,15525,1,0.0,493,1975,13550
44,15569,1,0.0,494,1976,13593
47,15616,1,0.0,495,1977,13639
9,15625,1,0.0,496,1977,13648
24,15649,1,0.0,497,1978,13671
82,15731,1,0.0,498,1979,13752
58,15789,1,0.0,499,1981,13808
11,15800,1,0.0,500,1981,13819
18,15818,1,0.0,501,1981,13837
12,15830,1,0.0,502,1981,13849
24,15854,1,0.0,503,1982,13872
94,15948,1,0.0,504,1986,13962
7,15955,1,0.0,505,1986,13969
24,15979,1,0.0,506,1986,13993
18,15997,1,0.0,507,1986,14011
31,16028,1,0.0,508,1987,14041
11,16039,1,0.0,509,1987,14052
30,16069,1,0.0,510,1989,14080
37,16106,1,0.0,511,1989,14117
35,16141,1,0.0,512,1990,14151
29,16170,1,0.0,513,1991,14179
71,16241,1,0.0,514,1996,14245
86,16327,1,0.0,515,1999,14328
56,16383,1,0.0,516,2000,14383
47,16430,1,0.0,517,2000,14430
12,16442,1,0.0,518,2001,14441
53,16495,1,0.0,519,2003,14492
22,16517,1,0.0,520,2004,14513
13,16530,1,0.0,521,2005,14525
17,16547,1,0.0,522,2007,14540
6,16553,1,0.0,523,2008,14545
24,16577,1,0.0,524,2010,14567
36,16613,1,0.0,525,2010,14603
62,16675,1,0.0,526,2014,14661
26,16701,1,0.0,527,2015,14686
19,16720,1,0.0,528,2016,14704
35,16755,1,0.0,529,2018,14737
14,16769,1,0.0,530,2018,14751
34,16803,1,0.0,531,2018,14785
41,16844,1,0.0,532,2018,14826
5,16849,1,0.0,533,2018,14831
34,16883,1,0.0,534,2018,14865
55,16938,1,0.0,535,2018,14920
29,16967,1,0.0,536,2019,14948
100,17067,1,0.0,537,2022,15045
51,17118,1,0.0,538,2024,15094
51,17169,1,0.0,539,2027,15142
52,17221,1,0.0,540,2029,15192
31,17252,1,0.0,541,2030,15222
10,17262,1,0.0,542,2032,15230
7,17269,1,0.0,543,2032,15237
19,17288,1,0.0,544,2033,15255
18,17306,1,0.0,545,2033,15273
48,17354,1,0.0,546,2035,15319
27,17381,1,0.0,547,2036,15345
13,17394,1,0.0,548,2037,15357
35,17429,1,0.0,549,2037,15392
35,17464,1,0.0,550,2039,15425
60,17524,1,0.0,551,2041,15483
21,17545,1,0.0,552,2042,15503
22,17567,1,0.0,553,2043,15524
19,17586,1,0.0,554,2044,15542
48,17634,1,0.0,555,2047,15587
23,17657,1,0.0,556,2049,15608
11,17668,1,0.0,557,2050,15618
20,17688,1,0.0,558,2051,15637
96,17784,1,0.0,559,2054,15730
18,17802,1,0.0,560,2055,15747
31,17833,1,0.0,561,2056,15777
35,17868,1,0.0,562,2057,15811
33,17901,1,0.0,563,2058,15843
8,17909,1,0.0,564,2058,15851
32,17941,1,0.0,565,2059,15882
16,17957,1,0.0,566,2059,15898
38,17995,1,0.0,567,2061,15934
69,18064,1,0.0,568,2064,16000
46,18110,1,0.0,569,2064,16046
100,18210,1,0.0,570,2068,16142
23,18233,1,0.0,571,2068,16165
20,18253,1,0.0,572,2069,16184
10,18263,1,0.0,573,2071,16192
41,18304,1,0.0,574,2074,16230
24,18328,1,0.0,575,2074,16254
19,18347,1,0.0,576,2074,16273
34,18381,1,0.0,577,2074,16307
18,18399,1,0.0,578,2074,16325
37,18436,1,0.0,579,2075,16361
10,18446,1,0.0,580,2075,16371
45,18491,1,0.0,581,2079,16412
17,18508,1,0.0,582,2079,16429
27,18535,1,0.0,583,2079,16456
45,18580,1,0.0,584,2080,16500
15,18595,1,0.0,585,2080,16515
12,18607,1,0.0,586,2080,16527
13,18620,1,0.0,587,2081,16539
62,18682,1,0.0,588,2083,16599
25,18707,1,0.0,589,2083,16624
10,18717,1,0.0,590,2083,16634
6,18723,1,0.0,591,2084,16639
96,18819,1,0.0,592,2086,16733
21,18840,1,0.0,593,2087,16753
16,18856,1,0.0,594,2087,16769
86,18942,1,0.0,595,2092,16850
24,18966,1,0.0,596,2093,16873
32,18998,1,0.0,597,2095,16903
7,19005,1,0.0,598,2095,16910
31,19036,1,0.0,599,2097,16939
16,19052,1,0.0,600,2097,16955
13,19065,1,0.0,601,2097,16968
43,19108,1,0.0,602,2097,17011
21,19129,1,0.0,603,2098,17031
16,19145,1,0.0,604,2098,17047
44,19189,1,0.0,605,2101,17088
30,19219,1,0.0,606,2103,17116
30,19249,1,0.0,607,2105,17144
22,19271,1,0.0,608,2106,17165
59,19330,1,0.0,609,2107,17223
10,19340,1,0.0,610,2109,17231
19,19359,1,0.0,611,2109,17250
43,19402,1,0.0,612,2110,17292
11,19413,1,0.0,613,2110,17303
9,19422,1,0.0,614,2111,17311
33,19455,1,0.0,615,2111,17344
41,19496,1,0.0,616,2112,17384
58,19554,1,0.0,617,2113,17441
12,19566,1,0.0,618,2114,17452
56,19622,1,0.0,619,2116,17506
26,19648,1,0.0,620,2117,17531
28,19676,1,0.0,621,2118,17558
24,19700,1,0.0,622,2118,17582
35,19735,1,0.0,623,2120,17615
15,19750,1,0.0,624,2121,17629
14,19764,1,0.0,625,2121,17643
80,19844,1,0.0,626,2122,17722
24,19868,1,0.0,627,2122,17746
32,19900,1,0.0,628,2122,17778
36,19936,1,0.0,629,2122,17814
20,19956,1,0.0,630,2122,17834
17,19973,1,0.0,631,2122,17851
35,20008,1,0.0,632,2123,17885
51,20059,1,0.0,633,2123,17936
25,20084,1,0.0,634,2124,17960
26,20110,1,0.0,635,2124,17986
27,20137,1,0.0,636,2125,18012
18,20155,1,0.0,637,2125,18030
64,20219,1,0.0,638,2128,18091
84,20303,1,0.0,639,2131,18172
17,20320,1,0.0,640,2131,18189
51,20371,1,0.0,641,2131,18240
13,20384,1,0.0,642,2132,18252
17,20401,1,0.0,643,2132,18269
40,20441,1,0.0,644,2132,18309
11,20452,1,0.0,645,2132,18320
67,20519,1,0.0,646,2134,18385
45,20564,1,0.0,647,2135,18429
69,20633,1,0.0,648,2135,18498
46,20679,1,0.0,649,2136,18543
19,20698,1,0.0,650,2136,18562
10,20708,1,0.0,651,2136,18572
5,20713,1,0.0,652,2137,18576
44,20757,1,0.0,653,2139,18618
35,20792,1,0.0,654,2140,18652
34,20826,1,0.0,655,2142,18684
26,20852,1,0.0,656,2142,18710
42,20894,1,0.0,657,2143,18751
12,20906,1,0.0,658,2143,18763
23,20929,1,0.0,659,2145,18784
17,20946,1,0.0,660,2145,18801
70,21016,1,0.0,661,2146,18870
37,21053,1,0.0,662,2147,18906
32,21085,1,0.0,663,2148,18937
47,21132,1,0.0,664,2150,18982
25,21157,1,0.0,665,2151,19006
32,21189,1,0.0,666,2151,19038
29,21218,1,0.0,667,2152,19066
8,21226,1,0.0,668,2152,19074
64,21290,1,0.0,669,2153,19137
73,21363,1,0.0,670,2155,19208
30,21393,1,0.0,671,2155,19238
20,21413,1,0.0,672,2155,19258
30,21443,1,0.0,673,2155,19288
41,21484,1,0.0,674,2156,19328
51,21535,1,0.0,675,2158,19377
8,21543,1,0.0,676,2158,19385
36,21579,1,0.0,677,2159,19420
19,21598,1,0.0,678,2159,19439
71,21669,1,0.0,679,2160,19509
50,21719,1,0.0,680,2165,19554
51,21770,1,0.0,681,2166,19604
17,21787,1,0.0,682,2167,19620
10,21797,1,0.0,683,2169,19628
20,21817,1,0.0,684,2171,19646
46,21863,1,0.0,685,2173,19690
38,21901,1,0.0,686,2173,19728
9,21910,1,0.0,687,2173,19737
18,21928,1,0.0,688,2174,19754
19,21947,1,0.0,689,2174,19773
52,21999,1,0.0,690,2176,19823
25,22024,1,0.0,691,2176,19848
11,22035,1,0.0,692,2178,19857
29,22064,1,0.0,693,2179,19885
25,22089,1,0.0,694,2179,19910
28,22117,1,0.0,695,2179,19938
19,22136,1,0.0,696,2180,19956
31,22167,1,0.0,697,2181,19986
18,22185,1,0.0,698,2182,20003
66,22251,1,0.0,699,2184,20067
28,22279,1,0.0,700,2185,20094
29,22308,1,0.0,701,2185,20123
32,22340,1,0.0,702,2187,20153
35,22375,1,0.0,703,2188,20187
17,22392,1,0.0,704,2189,20203
26,22418,1,0.0,705,2189,20229
28,22446,1,0.0,706,2191,20255
18,22464,1,0.0,707,2191,20273
69,22533,1,0.0,708,2195,20338
76,22609,1,0.0,709,2198,20411
51,22660,1,0.0,710,2199,20461
78,22738,1,0.0,711,2200,20538
18,22756,1,0.0,712,2200,20556
29,22785,1,0.0,713,2200,20585
29,22814,1,0.0,714,2200,20614
94,22908,1,0.0,715,2201,20707
17,22925,1,0.0,716,2201,20724
19,22944,1,0.0,717,2201,20743
13,22957,1,0.0,718,2203,20754
32,22989,1,0.0,719,2204,20785
15,23004,1,0.0,720,2204,20800
54,23058,1,0.0,721,2208,20850
66,23124,1,0.0,722,2213,20911
9,23133,1,0.0,723,2214,20919
10,23143,1,0.0,724,2214,20929
45,23188,1,0.0,725,2215,20973
15,23203,1,0.0,726,2217,20986
17,23220,1,0.0,727,2217,21003
18,23238,1,0.0,728,2217,21021
25,23263,1,0.0,729,2218,21045
61,23324,1,0.0,730,2222,21102
54,23378,1,0.0,731,2225,21153
20,23398,1,0.0,732,2225,21173
30,23428,1,0.0,733,2226,21202
62,23490,1,0.0,734,2226,21264
39,23529,1,0.0,735,2227,21302
51,23580,1,0.0,736,2230,21350
21,23601,1,0.0,737,2230,21371
43,23644,1,0.0,738,2231,21413
19,23663,1,0.0,739,2232,21431
28,23691,1,0.0,740,2232,21459
74,23765,1,0.0,741,2232,21533
22,23787,1,0.0,742,2233,21554
24,23811,1,0.0,743,2234,21577
71,23882,1,0.0,744,2235,21647
8,23890,1,0.0,745,2236,21654
18,23908,1,0.0,746,2236,21672
69,23977,1,0.0,747,2240,21737
17,23994,1,0.0,748,2241,21753
24,24018,1,0.0,749,2241,21777
23,24041,1,0.0,750,2243,21798
19,24060,1,0.0,751,2243,21817
68,24128,1,0.0,752,2245,21883
37,24165,1,0.0,753,2247,21918
58,24223,1,0.0,754,2250,21973
38,24261,1,0.0,755,2250,22011
10,24271,1,0.0,756,2250,22021
49,24320,1,0.0,757,2251,22069
19,24339,1,0.0,758,2251,22088
15,24354,1,0.0,759,2252,22102
9,24363,1,0.0,760,2252,22111
39,24402,1,0.0,761,2254,22148
48,24450,1,0.0,762,2254,22196
17,24467,1,0.0,763,2254,22213
11,24478,1,0.0,764,2254,22224
26,24504,1,0.0,765,2255,22249
81,24585,1,0.0,766,2256,22329
23,24608,1,0.0,767,2256,22352
17,24625,1,0.0,768,2257,22368
98,24723,1,0.0,769,2259,22464
10,24733,1,0.0,770,2259,22474
27,24760,1,0.0,771,2259,22501
30,24790,1,0.0,772,2259,22531
16,24806,1,0.0,773,2259,22547
40,24846,1,0.0,774,2261,22585
100,24946,1,0.0,775,2267,22679
17,24963,1,0.0,776,2267,22696
20,24983,1,0.0,777,2267,22716
8,24991,1,0.0,778,2267,22724
30,25021,1,0.0,779,2267,22754
22,25043,1,0.0,780,2267,22776
48,25091,1,0.0,781,2270,22821
23,25114,1,0.0,782,2272,22842
38,25152,1,0.0,783,2272,22880
23,25175,1,0.0,784,2272,22903
7,25182,1,0.0,785,2272,22910
23,25205,1,0.0,786,2272,22933
13,25218,1,0.0,787,2272,22946
14,25232,1,0.0,788,2273,22959
14,25246,1,0.0,789,2273,22973
29,25275,1,0.0,790,2274,23001
32,25307,1,0.0,791,2275,23032
33,25340,1,0.0,792,2275,23065
20,25360,1,0.0,793,2276,23084
28,25388,1,0.0,794,2277,23111
14,25402,1,0.0,795,2277,23125
71,25473,1,0.0,796,2279,23194
17,25490,1,0.0,797,2279,23211
17,25507,1,0.0,798,2279,23228
19,25526,1,0.0,799,2279,23247
19,25545,1,0.0,800,2280,23265
67,25612,1,0.0,801,2280,23332
28,25640,1,0.0,802,2281,23359
18,25658,1,0.0,803,2281,23377
21,25679,1,0.0,804,2282,23397
64,25743,1,0.0,805,2283,23460
12,25755,1,0.0,806,2283,23472
29,25784,1,0.0,807,2284,23500
5,25789,1,0.0,808,2284,23505
23,25812,1,0.0,809,2284,23528
17,25829,1,0.0,810,2284,23545
58,25887,1,0.0,811,2284,23603
32,25919,1,0.0,812,2285,23634
40,25959,1,0.0,813,2286,23673
8,25967,1,0.0,814,2286,23681
26,25993,1,0.0,815,2286,23707
15,26008,1,0.0,816,2287,23721
37,26045,1,0.0,817,2288,23757
30,26075,1,0.0,818,2288,23787
13,26088,1,0.0,819,2288,23800
58,26146,1,0.0,820,2289,23857
56,26202,1,0.0,821,2289,23913
23,26225,1,0.0,822,2290,23935
31,26256,1,0.0,823,2291,23965
100,26356,1,0.0,824,2294,24062
100,26456,1,0.0,825,2298,24158
8,26464,1,0.0,826,2298,24166
41,26505,1,0.0,827,2300,24205
14,26519,1,0.0,828,2300,24219
22,26541,1,0.0,829,2300,24241
9,26550,1,0.0,830,2300,24250
30,26580,1,0.0,831,2300,24280
32,26612,1,0.0,832,2300,24312
12,26624,1,0.0,833,2300,24324
16,26640,1,0.0,834,2301,24339
100,26740,1,0.0,835,2307,24433
64,26804,1,0.0,836,2308,24496
14,26818,1,0.0,837,2308,24510
24,26842,1,0.0,838,2308,24534
48,26890,1,0.0,839,2310,24580
31,26921,1,0.0,840,2310,24611
54,26975,1,0.0,841,2310,24665
12,26987,1,0.0,842,2311,24676
28,27015,1,0.0,843,2311,24704
21,27036,1,0.0,844,2311,24725
49,27085,1,0.0,845,2313,24772
26,27111,1,0.0,846,2314,24797
43,27154,1,0.0,847,2316,24838
48,27202,1,0.0,848,2316,24886
22,27224,1,0.0,849,2318,24906
100,27324,1,0.0,850,2321,25003
76,27400,1,0.0,851,2323,25077
20,27420,1,0.0,852,2323,25097
10,27430,1,0.0,853,2323,25107
19,27449,1,0.0,854,2323,25126
17,27466,1,0.0,855,2324,25142
16,27482,1,0.0,856,2324,25158
21,27503,1,0.0,857,2325,25178
17,27520,1,0.0,858,2325,25195
11,27531,1,0.0,859,2326,25205
9,27540,1,0.0,860,2326,25214
13,27553,1,0.0,861,2326,25227
43,27596,1,0.0,862,2328,25268
7,27603,1,0.0,863,2328,25275
7,27610,1,0.0,864,2329,25281
37,27647,1,0.0,865,2330,25317
67,27714,1,0.0,866,2332,25382
10,27724,1,0.0,867,2332,25392
42,27766,1,0.0,868,2333,25433
41,27807,1,0.0,869,2334,25473
22,27829,1,0.0,870,2334,25495
48,27877,1,0.0,871,2337,25540
19,27896,1,0.0,872,2338,25558
32,27928,1,0.0,873,2338,25590
28,27956,1,0.0,874,2338,25618
12,27968,1,0.0,875,2338,25630
61,28029,1,0.0,876,2339,25690
19,28048,1,0.0,877,2339,25709
75,28123,1,0.0,878,2341,25782
28,28151,1,0.0,879,2342,25809
34,28185,1,0.0,880,2342,25843
29,28214,1,0.0,881,2342,25872
17,28231,1,0.0,882,2342,25889
16,28247,1,0.0,883,2342,25905
51,28298,1,0.0,884,2342,25956
26,28324,1,0.0,885,2343,25981
16,28340,1,0.0,886,2343,25997
27,28367,1,0.0,887,2345,26022
40,28407,1,0.0,888,2346,26061
49,28456,1,0.0,889,2348,26108
5,28461,1,0.0,890,2348,26113
39,28500,1,0.0,891,2350,26150
100,28600,1,0.0,892,2356,26244
23,28623,1,0.0,893,2357,26266
71,28694,1,0.0,894,2359,26335
27,28721,1,0.0,895,2359,26362
29,28750,1,0.0,896,2360,26390
18,28768,1,0.0,897,2360,26408
10,28778,1,0.0,898,2362,26416
92,28870,1,0.0,899,2366,26504
19,28889,1,0.0,900,2366,26523
32,28921,1,0.0,901,2367,26554
51,28972,1,0.0,902,2369,26603
5,28977,1,0.0,903,2370,26607
58,29035,1,0.0,904,2370,26665
27,29062,1,0.0,905,2370,26692
37,29099,1,0.0,906,2371,26728
16,29115,1,0.0,907,2371,26744
22,29137,1,0.0,908,2372,26765
78,29215,1,0.0,909,2372,26843
30,29245,1,0.0,910,2372,26873
25,29270,1,0.0,911,2372,26898
29,29299,1,0.0,912,2373,26926
31,29330,1,0.0,913,2373,26957
42,29372,1,0.0,914,2376,26996
36,29408,1,0.0,915,2376,27032
51,29459,1,0.0,916,2378,27081
27,29486,1,0.0,917,2378,27108
8,29494,1,0.0,918,2378,27116
20,29514,1,0.0,919,2379,27135
41,29555,1,0.0,920,2380,27175
29,29584,1,0.0,921,2381,27203
20,29604,1,0.0,922,2381,27223
8,29612,1,0.0,923,2381,27231
28,29640,1,0.0,924,2383,27257
100,29740,1,0.0,925,2384,27356
11,29751,1,0.0,926,2384,27367
36,29787,1,0.0,927,2384,27403
82,29869,1,0.0,928,2385,27484
55,29924,1,0.0,929,2387,27537
18,29942,1,0.0,930,2387,27555
11,29953,1,0.0,931,2387,27566
34,29987,1,0.0,932,2388,27599
49,30036,1,0.0,933,2389,27647
29,30065,1,0.0,934,2391,27674
40,30105,1,0.0,935,2394,27711
12,30117,1,0.0,936,2394,27723
18,30135,1,0.0,937,2394,27741
13,30148,1,0.0,938,2395,27753
26,30174,1,0.0,939,2396,27778
39,30213,1,0.0,940,2399,27814
13,30226,1,0.0,941,2401,27825
17,30243,1,0.0,942,2402,27841
33,30276,1,0.0,943,2403,27873
43,30319,1,0.0,944,2405,27914
99,30418,1,0.0,945,2406,28012
24,30442,1,0.0,946,2407,28035
17,30459,1,0.0,947,2407,28052
16,30475,1,0.0,948,2409,28066
26,30501,1,0.0,949,2411,28090
42,30543,1,0.0,950,2411,28132
12,30555,1,0.0,951,2411,28144
42,30597,1,0.0,952,2412,28185
22,30619,1,0.0,953,2413,28206
37,30656,1,0.0,954,2413,28243
14,30670,1,0.0,955,2413,28257
9,30679,1,0.0,956,2413,28266
53,30732,1,0.0,957,2413,28319
45,30777,1,0.0,958,2416,28361
34,30811,1,0.0,959,2416,28395
17,30828,1,0.0,960,2418,28410
8,30836,1,0.0,961,2418,28418
30,30866,1,0.0,962,2421,28445
12,30878,1,0.0,963,2421,28457
97,30975,1,0.0,964,2423,28552
33,31008,1,0.0,965,2423,28585
40,31048,1,0.0,966,2424,28624
25,31073,1,0.0,967,2425,28648
25,31098,1,0.0,968,2425,28673
7,31105,1,0.0,969,2425,28680
64,31169,1,0.0,970,2428,28741
42,31211,1,0.0,971,2431,28780
87,31298,1,0.0,972,2437,28861
38,31336,1,0.0,973,2439,28897
44,31380,1,0.0,974,2439,28941
25,31405,1,0.0,975,2439,28966
16,31421,1,0.0,976,2439,28982
17,31438,1,0.0,977,2440,28998
27,31465,1,0.0,978,2443,29022
32,31497,1,0.0,979,2443,29054
19,31516,1,0.0,980,2444,29072
100,31616,1,0.0,981,2446,29170
20,31636,1,0.0,982,2447,29189
40,31676,1,0.0,983,2449,29227
22,31698,1,0.0,984,2450,29248
17,31715,1,0.0,985,2451,29264
19,31734,1,0.0,986,2451,29283
17,31751,1,0.0,987,2453,29298
27,31778,1,0.0,988,2453,29325
20,31798,1,0.0,989,2454,29344
9,31807,1,0.0,990,2454,29353
19,31826,1,0.0,991,2454,29372
27,31853,1,0.0,992,2456,29397
16,31869,1,0.0,993,2456,29413
100,31969,1,0.0,994,2457,29512
23,31992,1,0.0,995,2457,29535
24,32016,1,0.0,996,2457,29559
23,32039,1,0.0,997,2458,29581
11,32050,1,0.0,998,2458,29592
75,32125,1,0.0,999,2460,29665
44,32169,1,0.0,1000,2464,29705
25,32194,1,0.0,1001,2464,29730
44,32238,1,0.0,1002,2464,29774
41,32279,1,0.0,1003,2465,29814
25,32304,1,0.0,1004,2465,29839
60,32364,1,0.0,1005,2467,29897
25,32389,1,0.0,1006,2468,29921
19,32408,1,0.0,1007,2468,29940
39,32447,1,0.0,1008,2468,29979
18,32465,1,0.0,1009,2468,29997
23,32488,1,0.0,1010,2468,30020
7,32495,1,0.0,1011,2470,30025
21,32516,1,0.0,1012,2470,30046
19,32535,1,0.0,1013,2470,30065
22,32557,1,0.0,1014,2470,30087
27,32584,1,0.0,1015,2470,30114
25,32609,1,0.0,1016,2471,30138
25,32634,1,0.0,1017,2471,30163
34,32668,1,0.0,1018,2471,30197
71,32739,1,0.0,1019,2473,30266
56,32795,1,0.0,1020,2474,30321
69,32864,1,0.0,1021,2477,30387
46,32910,1,0.0,1022,2478,30432
8,32918,1,0.0,1023,2478,30440
11,32929,1,0.0,1024,2478,30451
58,32987,1,0.0,1025,2479,30508
36,33023,1,0.0,1026,2481,30542
32,33055,1,0.0,1027,2481,30574
16,33071,1,0.0,1028,2481,30590
32,33103,1,0.0,1029,2481,30622
72,33175,1,0.0,1030,2484,30691
10,33185,1,0.0,1031,2484,30701
13,33198,1,0.0,1032,2484,30714
100,33298,1,0.0,1033,2485,30813
20,33318,1,0.0,1034,2485,30833
13,33331,1,0.0,1035,2485,30846
54,33385,1,0.0,1036,2486,30899
24,33409,1,0.0,1037,2487,30922
61,33470,1,0.0,1038,2491,30979
19,33489,1,0.0,1039,2492,30997
18,33507,1,0.0,1040,2492,31015
31,33538,1,0.0,1041,2492,31046
73,33611,1,0.0,1042,2496,31115
35,33646,1,0.0,1043,2497,31149
55,33701,1,0.0,1044,2498,31203
28,33729,1,0.0,1045,2498,31231
42,33771,1,0.0,1046,2499,31272
43,33814,1,0.0,1047,2500,31314
47,33861,1,0.0,1048,2500,31361
28,33889,1,0.0,1049,2501,31388
15,33904,1,0.0,1050,2501,31403
24,33928,1,0.0,1051,2503,31425
26,33954,1,0.0,1052,2503,31451
36,33990,1,0.0,1053,2505,31485
8,33998,1,0.0,1054,2505,31493
90,34088,1,0.0,1055,2509,31579
25,34113,1,0.0,1056,2509,31604
18,34131,1,0.0,1057,2509,31622
84,34215,1,0.0,1058,2512,31703
11,34226,1,0.0,1059,2512,31714
46,34272,1,0.0,1060,2516,31756
28,34300,1,0.0,1061,2518,31782
56,34356,1,0.0,1062,2520,31836
14,34370,1,0.0,1063,2521,31849
77,34447,1,0.0,1064,2521,31926
25,34472,1,0.0,1065,2521,31951
35,34507,1,0.0,1066,2522,31985
50,34557,1,0.0,1067,2522,32035
24,34581,1,0.0,1068,2522,32059
22,34603,1,0.0,1069,2523,32080
18,34621,1,0.0,1070,2524,32097
12,34633,1,0.0,1071,2524,32109
11,34644,1,0.0,1072,2524,32120
10,34654,1,0.0,1073,2525,32129
52,34706,1,0.0,1074,2526,32180
38,34744,1,0.0,1075,2527,32217
74,34818,1,0.0,1076,2528,32290
39,34857,1,0.0,1077,2529,32328
17,34874,1,0.0,1078,2531,32343
18,34892,1,0.0,1079,2531,32361
10,34902,1,0.0,1080,2531,32371
39,34941,1,0.0,1081,2532,32409
48,34989,1,0.0,1082,2532,32457
54,35043,1,0.0,1083,2533,32510
31,35074,1,0.0,1084,2535,32539
26,35100,1,0.0,1085,2535,32565
56,35156,1,0.0,1086,2538,32618
13,35169,1,0.0,1087,2538,32631
100,35269,1,0.0,1088,2542,32727
64,35333,1,0.0,1089,2545,32788
6,35339,1,0.0,1090,2545,32794
11,35350,1,0.0,1091,2545,32805
27,35377,1,0.0,1092,2546,32831
11,35388,1,0.0,1093,2547,32841
29,35417,1,0.0,1094,2548,32869
40,35457,1,0.0,1095,2549,32908
36,35493,1,0.0,1096,2549,32944
13,35506,1,0.0,1097,2549,32957
23,35529,1,0.0,1098,2549,32980
48,35577,1,0.0,1099,2550,33027
30,35607,1,0.0,1100,2551,33056
30,35637,1,0.0,1101,2553,33084
33,35670,1,0.0,1102,2554,33116
17,35687,1,0.0,1103,2555,33132
8,35695,1,0.0,1104,2556,33139
51,35746,1,0.0,1105,2560,33186
10,35756,1,0.0,1106,2561,33195
17,35773,1,0.0,1107,2561,33212
25,35798,1,0.0,1108,2562,33236
68,35866,1,0.0,1109,2563,33303
8,35874,1,0.0,1110,2563,33311
28,35902,1,0.0,1111,2563,33339
59,35961,1,0.0,1112,2563,33398
51,36012,1,0.0,1113,2563,33449
17,36029,1,0.0,1114,2564,33465
52,36081,1,0.0,1115,2566,33515
33,36114,1,0.0,1116,2567,33547
14,36128,1,0.0,1117,2567,33561
25,36153,1,0.0,1118,2567,33586
67,36220,1,0.0,1119,2568,33652
10,36230,1,0.0,1120,2568,33662
21,36251,1,0.0,1121,2570,33681
14,36265,1,0.0,1122,2570,33695
20,36285,1,0.0,1123,2571,33714
5,36290,1,0.0,1124,2571,33719
22,36312,1,0.0,1125,2571,33741
15,36327,1,0.0,1126,2571,33756
16,36343,1,0.0,1127,2572,33771
12,36355,1,0.0,1128,2572,33783
15,36370,1,0.0,1129,2572,33798
28,36398,1,0.0,1130,2573,33825
15,36413,1,0.0,1131,2574,33839
16,36429,1,0.0,1132,2574,33855
39,36468,1,0.0,1133,2576,33892
10,36478,1,0.0,1134,2577,33901
13,36491,1,0.0,1135,2577,33914
12,36503,1,0.0,1136,2577,33926
18,36521,1,0.0,1137,2577,33944
38,36559,2,1.0,1138,2577,33982
49,36608,2,0.0,1139,2577,34031
20,36628,2,0.0,1140,2577,34051
18,36646,2,0.0,1141,2577,34069
16,36662,2,0.0,1142,2577,34085
10,36672,2,0.0,1143,2577,34095
23,36695,2,0.0,1144,2577,34118
20,36715,2,0.0,1145,2578,34137
73,36788,2,0.0,1146,2578,34210
19,36807,2,0.0,1147,2578,34229
34,36841,2,0.0,1148,2578,34263
27,36868,2,0.0,1149,2578,34290
33,36901,2,0.0,1150,2578,34323
21,36922,2,0.0,1151,2578,34344
29,36951,2,0.0,1152,2578,34373
40,36991,2,0.0,1153,2578,34413
12,37003,2,0.0,1154,2578,34425
10,37013,2,0.0,1155,2578,34435
14,37027,2,0.0,1156,2578,34449
31,37058,2,0.0,1157,2578,34480
15,37073,2,0.0,1158,2578,34495
21,37094,2,0.0,1159,2578,34516
21,37115,2,0.0,1160,2578,34537
12,37127,2,0.0,1161,2578,34549
29,37156,2,0.0,1162,2578,34578
21,37177,2,0.0,1163,2578,34599
18,37195,2,0.0,1164,2578,34617
52,37247,2,0.0,1165,2578,34669
21,37268,2,0.0,1166,2578,34690
26,37294,2,0.0,1167,2578,34716
16,37310,2,0.0,1168,2578,34732
37,37347,2,0.0,1169,2578,34769
18,37365,2,0.0,1170,2578,34787
50,37415,2,0.0,1171,2578,34837
30,37445,2,0.0,1172,2578,34867
16,37461,2,0.0,1173,2578,34883
55,37516,2,0.0,1174,2578,34938
9,37525,2,0.0,1175,2578,34947
62,37587,2,0.0,1176,2578,35009
14,37601,2,0.0,1177,2578,35023
76,37677,2,0.0,1178,2578,35099
28,37705,2,0.0,1179,2578,35127
20,37725,2,0.0,1180,2578,35147
20,37745,2,0.0,1181,2578,35167
17,37762,2,0.0,1182,2578,35184
40,37802,2,0.0,1183,2578,35224
22,37824,2,0.0,1184,2578,35246
40,37864,2,0.0,1185,2578,35286
20,37884,2,0.0,1186,2578,35306
48,37932,2,0.0,1187,2578,35354
42,37974,2,0.0,1188,2578,35396
56,38030,2,0.0,1189,2578,35452
67,38097,2,0.0,1190,2578,35519
53,38150,2,0.0,1191,2578,35572
15,38165,2,0.0,1192,2578,35587
25,38190,2,0.0,1193,2579,35611
20,38210,2,0.0,1194,2579,35631
10,38220,2,0.0,1195,2579,35641
27,38247,2,0.0,1196,2579,35668
13,38260,2,0.0,1197,2579,35681
7,38267,2,0.0,1198,2579,35688
24,38291,2,0.0,1199,2579,35712
16,38307,2,0.0,1200,2579,35728
35,38342,2,0.0,1201,2579,35763
17,38359,2,0.0,1202,2579,35780
37,38396,2,0.0,1203,2579,35817
44,38440,2,0.0,1204,2579,35861
53,38493,2,0.0,1205,2579,35914
21,38514,2,0.0,1206,2579,35935
21,38535,2,0.0,1207,2579,35956
21,38556,2,0.0,1208,2579,35977
36,38592,2,0.0,1209,2580,36012
18,38610,2,0.0,1210,2580,36030
19,38629,2,0.0,1211,2580,36049
16,38645,2,0.0,1212,2581,36064
13,38658,2,0.0,1213,2581,36077
45,38703,2,0.0,1214,2581,36122
15,38718,2,0.0,1215,2581,36137
11,38729,2,0.0,1216,2581,36148
34,38763,2,0.0,1217,2581,36182
27,38790,2,0.0,1218,2581,36209
42,38832,2,0.0,1219,2582,36250
49,38881,2,0.0,1220,2582,36299
31,38912,2,0.0,1221,2582,36330
59,38971,2,0.0,1222,2582,36389
28,38999,2,0.0,1223,2582,36417
17,39016,2,0.0,1224,2582,36434
46,39062,2,0.0,1225,2582,36480
28,39090,2,0.0,1226,2582,36508
24,39114,2,0.0,1227,2582,36532
21,39135,2,0.0,1228,2582,36553
70,39205,2,0.0,1229,2582,36623
93,39298,2,0.0,1230,2582,36716
30,39328,2,0.0,1231,2582,36746
32,39360,2,0.0,1232,2582,36778
60,39420,2,0.0,1233,2582,36838
29,39449,2,0.0,1234,2582,36867
76,39525,2,0.0,1235,2584,36941
21,39546,2,0.0,1236,2584,36962
49,39595,2,0.0,1237,2585,37010
40,39635,2,0.0,1238,2585,37050
31,39666,2,0.0,1239,2585,37081
56,39722,2,0.0,1240,2585,37137
46,39768,2,0.0,1241,2585,37183
9,39777,2,0.0,1242,2586,37191
43,39820,2,0.0,1243,2586,37234
42,39862,2,0.0,1244,2587,37275
50,39912,2,0.0,1245,2587,37325
9,39921,2,0.0,1246,2587,37334
86,40007,2,0.0,1247,2587,37420
12,40019,2,0.0,1248,2587,37432
15,40034,2,0.0,1249,2587,37447
8,40042,2,0.0,1250,2587,37455
25,40067,2,0.0,1251,2587,37480
8,40075,2,0.0,1252,2587,37488
32,40107,2,0.0,1253,2588,37519
54,40161,2,0.0,1254,2588,37573
17,40178,2,0.0,1255,2588,37590
92,40270,2,0.0,1256,2588,37682
28,40298,2,0.0,1257,2588,37710
26,40324,2,0.0,1258,2588,37736
32,40356,2,0.0,1259,2588,37768
37,40393,2,0.0,1260,2588,37805
19,40412,2,0.0,1261,2588,37824
40,40452,2,0.0,1262,2588,37864
45,40497,2,0.0,1263,2588,37909
52,40549,2,0.0,1264,2588,37961
43,40592,2,0.0,1265,2588,38004
18,40610,2,0.0,1266,2588,38022
77,40687,2,0.0,1267,2588,38099
7,40694,2,0.0,1268,2588,38106
33,40727,2,0.0,1269,2589,38138
13,40740,2,0.0,1270,2589,38151
27,40767,2,0.0,1271,2589,38178
19,40786,2,0.0,1272,2589,38197
27,40813,2,0.0,1273,2589,38224
31,40844,2,0.0,1274,2589,38255
5,40849,2,0.0,1275,2589,38260
78,40927,2,0.0,1276,2589,38338
25,40952,2,0.0,1277,2589,38363
12,40964,2,0.0,1278,2589,38375
32,40996,2,0.0,1279,2589,38407
78,41074,2,0.0,1280,2589,38485
28,41102,2,0.0,1281,2589,38513
61,41163,2,0.0,1282,2589,38574
16,41179,2,0.0,1283,2589,38590
51,41230,2,0.0,1284,2589,38641
40,41270,2,0.0,1285,2589,38681
39,41309,2,0.0,1286,2589,38720
11,41320,2,0.0,1287,2589,38731
32,41352,2,0.0,1288,2589,38763
30,41382,2,0.0,1289,2589,38793
16,41398,2,0.0,1290,2589,38809
28,41426,2,0.0,1291,2589,38837
8,41434,2,0.0,1292,2589,38845
28,41462,2,0.0,1293,2589,38873
57,41519,2,0.0,1294,2589,38930
75,41594,2,0.0,1295,2589,39005
17,41611,2,0.0,1296,2589,39022
28,41639,2,0.0,1297,2589,39050
29,41668,2,0.0,1298,2589,39079
15,41683,2,0.0,1299,2589,39094
11,41694,2,0.0,1300,2589,39105
39,41733,2,0.0,1301,2590,39143
36,41769,2,0.0,1302,2590,39179
22,41791,2,0.0,1303,2590,39201
42,41833,2,0.0,1304,2590,39243
16,41849,2,0.0,1305,2590,39259
23,41872,2,0.0,1306,2590,39282
17,41889,2,0.0,1307,2590,39299
14,41903,2,0.0,1308,2590,39313
10,41913,2,0.0,1309,2590,39323
33,41946,2,0.0,1310,2590,39356
28,41974,2,0.0,1311,2590,39384
70,42044,2,0.0,1312,2590,39454
6,42050,2,0.0,1313,2590,39460
40,42090,2,0.0,1314,2590,39500
37,42127,2,0.0,1315,2590,39537
10,42137,2,0.0,1316,2590,39547
27,42164,2,0.0,1317,2590,39574
16,42180,2,0.0,1318,2590,39590
19,42199,2,0.0,1319,2591,39608
34,42233,2,0.0,1320,2591,39642
45,42278,2,0.0,1321,2591,39687
14,42292,2,0.0,1322,2591,39701
46,42338,2,0.0,1323,2591,39747
64,42402,2,0.0,1324,2591,39811
32,42434,2,0.0,1325,2591,39843
18,42452,2,0.0,1326,2592,39860
93,42545,2,0.0,1327,2592,39953
14,42559,2,0.0,1328,2592,39967
50,42609,2,0.0,1329,2592,40017
16,42625,2,0.0,1330,2592,40033
50,42675,2,0.0,1331,2592,40083
7,42682,2,0.0,1332,2592,40090
8,42690,2,0.0,1333,2592,40098
31,42721,2,0.0,1334,2592,40129
28,42749,2,0.0,1335,2592,40157
50,42799,2,0.0,1336,2592,40207
36,42835,2,0.0,1337,2592,40243
54,42889,2,0.0,1338,2592,40297
24,42913,2,0.0,1339,2592,40321
9,42922,2,0.0,1340,2592,40330
49,42971,2,0.0,1341,2592,40379
7,42978,2,0.0,1342,2592,40386
9,42987,2,0.0,1343,2592,40395
66,43053,2,0.0,1344,2593,40460
52,43105,2,0.0,1345,2593,40512
7,43112,2,0.0,1346,2593,40519
10,43122,2,0.0,1347,2593,40529
6,43128,2,0.0,1348,2593,40535
10,43138,2,0.0,1349,2593,40545
55,43193,2,0.0,1350,2593,40600
11,43204,2,0.0,1351,2593,40611
13,43217,2,0.0,1352,2593,40624
18,43235,2,0.0,1353,2593,40642
10,43245,2,0.0,1354,2593,40652
5,43250,2,0.0,1355,2593,40657
37,43287,2,0.0,1356,2593,40694
29,43316,2,0.0,1357,2593,40723
30,43346,2,0.0,1358,2593,40753
22,43368,2,0.0,1359,2593,40775
13,43381,2,0.0,1360,2593,40788
37,43418,2,0.0,1361,2593,40825
14,43432,2,0.0,1362,2593,40839
35,43467,2,0.0,1363,2593,40874
14,43481,2,0.0,1364,2593,40888
30,43511,2,0.0,1365,2593,40918
30,43541,2,0.0,1366,2593,40948
12,43553,2,0.0,1367,2594,40959
19,43572,2,0.0,1368,2594,40978
73,43645,2,0.0,1369,2594,41051
52,43697,2,0.0,1370,2595,41102
37,43734,2,0.0,1371,2595,41139
12,43746,2,0.0,1372,2595,41151
31,43777,2,0.0,1373,2595,41182
52,43829,2,0.0,1374,2595,41234
21,43850,2,0.0,1375,2595,41255
7,43857,2,0.0,1376,2595,41262
42,43899,2,0.0,1377,2595,41304
12,43911,2,0.0,1378,2595,41316
65,43976,2,0.0,1379,2595,41381
17,43993,2,0.0,1380,2595,41398
50,44043,2,0.0,1381,2595,41448
10,44053,2,0.0,1382,2595,41458
57,44110,2,0.0,1383,2595,41515
15,44125,2,0.0,1384,2595,41530
26,44151,2,0.0,1385,2595,41556
19,44170,2,0.0,1386,2595,41575
30,44200,2,0.0,1387,2595,41605
10,44210,2,0.0,1388,2595,41615
22,44232,2,0.0,1389,2595,41637
46,44278,2,0.0,1390,2595,41683
92,44370,2,0.0,1391,2595,41775
40,44410,2,0.0,1392,2595,41815
17,44427,2,0.0,1393,2595,41832
11,44438,2,0.0,1394,2595,41843
5,44443,2,0.0,1395,2595,41848
18,44461,2,0.0,1396,2595,41866
8,44469,2,0.0,1397,2595,41874
50,44519,2,0.0,1398,2595,41924
15,44534,2,0.0,1399,2595,41939
30,44564,2,0.0,1400,2596,41968
34,44598,2,0.0,1401,2597,42001
15,44613,2,0.0,1402,2597,42016
21,44634,2,0.0,1403,2597,42037
36,44670,2,0.0,1404,2597,42073
14,44684,2,0.0,1405,2597,42087
21,44705,2,0.0,1406,2597,42108
8,44713,2,0.0,1407,2597,42116
52,44765,2,0.0,1408,2597,42168
11,44776,2,0.0,1409,2597,42179
60,44836,2,0.0,1410,2597,42239
59,44895,2,0.0,1411,2597,42298
9,44904,2,0.0,1412,2597,42307
13,44917,2,0.0,1413,2597,42320
9,44926,2,0.0,1414,2597,42329
14,44940,2,0.0,1415,2597,42343
28,44968,2,0.0,1416,2597,42371
47,45015,2,0.0,1417,2598,42417
19,45034,2,0.0,1418,2598,42436
19,45053,2,0.0,1419,2598,42455
20,45073,2,0.0,1420,2598,42475
20,45093,2,0.0,1421,2598,42495
30,45123,2,0.0,1422,2598,42525
8,45131,2,0.0,1423,2598,42533
38,45169,2,0.0,1424,2598,42571
29,45198,2,0.0,1425,2598,42600
35,45233,2,0.0,1426,2598,42635
72,45305,2,0.0,1427,2599,42706
14,45319,2,0.0,1428,2599,42720
49,45368,2,0.0,1429,2599,42769
36,45404,2,0.0,1430,2599,42805
15,45419,2,0.0,1431,2599,42820
20,45439,2,0.0,1432,2599,42840
21,45460,2,0.0,1433,2599,42861
14,45474,2,0.0,1434,2599,42875
10,45484,2,0.0,1435,2599,42885
10,45494,2,0.0,1436,2599,42895
34,45528,2,0.0,1437,2599,42929
27,45555,2,0.0,1438,2599,42956
14,45569,2,0.0,1439,2599,42970
11,45580,2,0.0,1440,2599,42981
15,45595,2,0.0,1441,2599,42996
37,45632,2,0.0,1442,2599,43033
88,45720,2,0.0,1443,2599,43121
52,45772,2,0.0,1444,2599,43173
50,45822,2,0.0,1445,2599,43223
50,45872,2,0.0,1446,2600,43272
17,45889,2,0.0,1447,2600,43289
12,45901,2,0.0,1448,2600,43301
38,45939,2,0.0,1449,2600,43339
26,45965,2,0.0,1450,2600,43365
14,45979,2,0.0,1451,2600,43379
34,46013,2,0.0,1452,2600,43413
28,46041,2,0.0,1453,2600,43441
45,46086,2,0.0,1454,2600,43486
35,46121,2,0.0,1455,2600,43521
14,46135,2,0.0,1456,2600,43535
15,46150,2,0.0,1457,2600,43550
89,46239,2,0.0,1458,2600,43639
45,46284,2,0.0,1459,2600,43684
14,46298,2,0.0,1460,2600,43698
49,46347,2,0.0,1461,2600,43747
14,46361,2,0.0,1462,2600,43761
39,46400,2,0.0,1463,2600,43800
23,46423,2,0.0,1464,2600,43823
28,46451,2,0.0,1465,2600,43851
9,46460,2,0.0,1466,2600,43860
70,46530,2,0.0,1467,2600,43930
32,46562,2,0.0,1468,2600,43962
30,46592,2,0.0,1469,2600,43992
59,46651,2,0.0,1470,2600,44051
22,46673,2,0.0,1471,2600,44073
23,46696,2,0.0,1472,2600,44096
10,46706,2,0.0,1473,2600,44106
42,46748,2,0.0,1474,2600,44148
11,46759,2,0.0,1475,2600,44159
20,46779,2,0.0,1476,2600,44179
13,46792,2,0.0,1477,2600,44192
12,46804,2,0.0,1478,2600,44204
34,46838,2,0.0,1479,2600,44238
29,46867,2,0.0,1480,2600,44267
9,46876,2,0.0,1481,2600,44276
10,46886,2,0.0,1482,2600,44286
55,46941,2,0.0,1483,2600,44341
25,46966,2,0.0,1484,2600,44366
9,46975,2,0.0,1485,2600,44375
5,46980,2,0.0,1486,2600,44380
41,47021,2,0.0,1487,2600,44421
12,47033,2,0.0,1488,2600,44433
44,47077,2,0.0,1489,2600,44477
15,47092,2,0.0,1490,2600,44492
38,47130,2,0.0,1491,2601,44529
7,47137,2,0.0,1492,2601,44536
28,47165,2,0.0,1493,2601,44564
11,47176,2,0.0,1494,2601,44575
18,47194,2,0.0,1495,2601,44593
34,47228,2,0.0,1496,2601,44627
63,47291,2,0.0,1497,2602,44689
21,47312,2,0.0,1498,2602,44710
28,47340,2,0.0,1499,2602,44738
24,47364,2,0.0,1500,2602,44762
11,47375,2,0.0,1501,2602,44773
13,47388,2,0.0,1502,2602,44786
18,47406,2,0.0,1503,2602,44804
9,47415,2,0.0,1504,2602,44813
67,47482,2,0.0,1505,2602,44880
12,47494,2,0.0,1506,2602,44892
67,47561,2,0.0,1507,2602,44959
39,47600,2,0.0,1508,2602,44998
18,47618,2,0.0,1509,2602,45016
20,47638,2,0.0,1510,2602,45036
17,47655,2,0.0,1511,2602,45053
18,47673,2,0.0,1512,2602,45071
17,47690,2,0.0,1513,2602,45088
50,47740,2,0.0,1514,2602,45138
39,47779,2,0.0,1515,2603,45176
61,47840,2,0.0,1516,2604,45236
86,47926,2,0.0,1517,2604,45322
12,47938,2,0.0,1518,2604,45334
55,47993,2,0.0,1519,2604,45389
73,48066,2,0.0,1520,2604,45462
58,48124,2,0.0,1521,2605,45519
17,48141,2,0.0,1522,2607,45534
36,48177,2,0.0,1523,2607,45570
15,48192,2,0.0,1524,2607,45585
30,48222,2,0.0,1525,2607,45615
46,48268,3,1.0,1526,2608,45660
57,48325,3,0.0,1527,2608,45717
31,48356,3,0.0,1528,2608,45748
14,48370,3,0.0,1529,2608,45762
12,48382,3,0.0,1530,2608,45774
10,48392,3,0.0,1531,2608,45784
28,48420,3,0.0,1532,2608,45812
66,48486,3,0.0,1533,2608,45878
36,48522,3,0.0,1534,2608,45914
28,48550,3,0.0,1535,2608,45942
8,48558,3,0.0,1536,2608,45950
8,48566,3,0.0,1537,2608,45958
13,48579,3,0.0,1538,2608,45971
31,48610,3,0.0,1539,2608,46002
39,48649,3,0.0,1540,2608,46041
35,48684,3,0.0,1541,2608,46076
9,48693,3,0.0,1542,2608,46085
50,48743,3,0.0,1543,2608,46135
41,48784,3,0.0,1544,2608,46176
76,48860,3,0.0,1545,2608,46252
10,48870,3,0.0,1546,2608,46262
30,48900,3,0.0,1547,2608,46292
87,48987,3,0.0,1548,2608,46379
5,48992,3,0.0,1549,2608,46384
7,48999,3,0.0,1550,2608,46391
37,49036,3,0.0,1551,2608,46428
84,49120,3,0.0,1552,2608,46512
24,49144,3,0.0,1553,2609,46535
26,49170,3,0.0,1554,2609,46561
33,49203,3,0.0,1555,2609,46594
17,49220,3,0.0,1556,2609,46611
12,49232,3,0.0,1557,2609,46623
50,49282,3,0.0,1558,2609,46673
8,49290,3,0.0,1559,2609,46681
28,49318,3,0.0,1560,2609,46709
18,49336,3,0.0,1561,2609,46727
28,49364,3,0.0,1562,2609,46755
32,49396,3,0.0,1563,2609,46787
12,49408,3,0.0,1564,2609,46799
13,49421,3,0.0,1565,2609,46812
22,49443,3,0.0,1566,2609,46834
50,49493,3,0.0,1567,2609,46884
35,49528,3,0.0,1568,2609,46919
32,49560,3,0.0,1569,2609,46951
14,49574,3,0.0,1570,2609,46965
38,49612,3,0.0,1571,2609,47003
25,49637,3,0.0,1572,2609,47028
69,49706,3,0.0,1573,2609,47097
46,49752,3,0.0,1574,2609,47143
8,49760,3,0.0,1575,2609,47151
73,49833,3,0.0,1576,2609,47224
29,49862,3,0.0,1577,2609,47253
19,49881,3,0.0,1578,2609,47272
44,49925,3,0.0,1579,2609,47316
19,49944,3,0.0,1580,2609,47335
13,49957,3,0.0,1581,2609,47348
43,50000,3,0.0,1582,2609,47391
57,50057,3,0.0,1583,2609,47448
21,50078,3,0.0,1584,2609,47469
18,50096,3,0.0,1585,2609,47487
34,50130,3,0.0,1586,2609,47521
100,50230,3,0.0,1587,2609,47621
23,50253,3,0.0,1588,2609,47644
21,50274,3,0.0,1589,2609,47665
10,50284,3,0.0,1590,2609,47675
30,50314,3,0.0,1591,2609,47705
16,50330,3,0.0,1592,2609,47721
25,50355,3,0.0,1593,2609,47746
11,50366,3,0.0,1594,2609,47757
23,50389,3,0.0,1595,2609,47780
40,50429,3,0.0,1596,2609,47820
62,50491,3,0.0,1597,2609,47882
25,50516,3,0.0,1598,2609,47907
34,50550,3,0.0,1599,2609,47941
20,50570,3,0.0,1600,2609,47961
14,50584,3,0.0,1601,2609,47975
5,50589,3,0.0,1602,2609,47980
26,50615,3,0.0,1603,2609,48006
6,50621,3,0.0,1604,2609,48012
46,50667,3,0.0,1605,2609,48058
48,50715,3,0.0,1606,2609,48106
68,50783,3,0.0,1607,2609,48174
29,50812,3,0.0,1608,2609,48203
60,50872,3,0.0,1609,2609,48263
66,50938,3,0.0,1610,2609,48329
97,51035,3,0.0,1611,2609,48426
18,51053,3,0.0,1612,2609,48444
25,51078,3,0.0,1613,2609,48469
21,51099,3,0.0,1614,2609,48490
18,51117,3,0.0,1615,2609,48508
46,51163,3,0.0,1616,2609,48554
26,51189,3,0.0,1617,2609,48580
12,51201,3,0.0,1618,2609,48592
25,51226,3,0.0,1619,2609,48617
69,51295,3,0.0,1620,2609,48686
10,51305,3,0.0,1621,2609,48696
17,51322,3,0.0,1622,2609,48713
10,51332,3,0.0,1623,2609,48723
36,51368,3,0.0,1624,2609,48759
51,51419,3,0.0,1625,2609,48810
12,51431,3,0.0,1626,2609,48822
11,51442,3,0.0,1627,2609,48833
16,51458,3,0.0,1628,2609,48849
19,51477,3,0.0,1629,2609,48868
46,51523,3,0.0,1630,2609,48914
26,51549,3,0.0,1631,2609,48940
10,51559,3,0.0,1632,2609,48950
24,51583,3,0.0,1633,2609,48974
58,51641,3,0.0,1634,2609,49032
56,51697,3,0.0,1635,2609,49088
54,51751,3,0.0,1636,2609,49142
46,51797,3,0.0,1637,2609,49188
24,51821,3,0.0,1638,2609,49212
19,51840,3,0.0,1639,2609,49231
16,51856,3,0.0,1640,2609,49247
52,51908,3,0.0,1641,2609,49299
14,51922,3,0.0,1642,2609,49313
44,51966,3,0.0,1643,2609,49357
9,51975,3,0.0,1644,2609,49366
51,52026,3,0.0,1645,2609,49417
18,52044,3,0.0,1646,2609,49435
39,52083,3,0.0,1647,2609,49474
21,52104,3,0.0,1648,2609,49495
21,52125,3,0.0,1649,2609,49516
55,52180,3,0.0,1650,2609,49571
37,52217,3,0.0,1651,2609,49608
44,52261,3,0.0,1652,2609,49652
9,52270,3,0.0,1653,2609,49661
15,52285,3,0.0,1654,2609,49676
100,52385,3,0.0,1655,2609,49776
14,52399,3,0.0,1656,2609,49790
58,52457,3,0.0,1657,2609,49848
44,52501,3,0.0,1658,2609,49892
60,52561,3,0.0,1659,2609,49952
15,52576,3,0.0,1660,2609,49967
20,52596,3,0.0,1661,2609,49987
27,52623,3,0.0,1662,2609,50014
17,52640,3,0.0,1663,2609,50031
27,52667,3,0.0,1664,2609,50058
12,52679,3,0.0,1665,2609,50070
8,52687,3,0.0,1666,2609,50078
9,52696,3,0.0,1667,2609,50087
19,52715,3,0.0,1668,2609,50106
16,52731,3,0.0,1669,2609,50122
5,52736,3,0.0,1670,2609,50127
42,52778,3,0.0,1671,2609,50169
24,52802,3,0.0,1672,2609,50193
24,52826,3,0.0,1673,2609,50217
11,52837,3,0.0,1674,2609,50228
16,52853,3,0.0,1675,2609,50244
14,52867,3,0.0,1676,2609,50258
10,52877,3,0.0,1677,2609,50268
13,52890,3,0.0,1678,2609,50281
12,52902,3,0.0,1679,2609,50293
18,52920,3,0.0,1680,2609,50311
17,52937,3,0.0,1681,2609,50328
28,52965,3,0.0,1682,2609,50356
12,52977,3,0.0,1683,2609,50368
20,52997,3,0.0,1684,2609,50388
34,53031,3,0.0,1685,2609,50422
15,53046,3,0.0,1686,2609,50437
35,53081,3,0.0,1687,2609,50472
31,53112,3,0.0,1688,2609,50503
16,53128,3,0.0,1689,2609,50519
12,53140,3,0.0,1690,2609,50531
52,53192,3,0.0,1691,2609,50583
29,53221,3,0.0,1692,2609,50612
11,53232,3,0.0,1693,2609,50623
78,53310,3,0.0,1694,2609,50701
17,53327,3,0.0,1695,2609,50718
31,53358,3,0.0,1696,2609,50749
31,53389,3,0.0,1697,2609,50780
39,53428,3,0.0,1698,2609,50819
75,53503,3,0.0,1699,2609,50894
58,53561,3,0.0,1700,2609,50952
52,53613,3,0.0,1701,2610,51003
43,53656,3,0.0,1702,2610,51046
14,53670,3,0.0,1703,2610,51060
28,53698,3,0.0,1704,2610,51088
71,53769,3,0.0,1705,2610,51159
29,53798,3,0.0,1706,2610,51188
6,53804,3,0.0,1707,2610,51194
25,53829,3,0.0,1708,2610,51219
21,53850,3,0.0,1709,2610,51240
45,53895,3,0.0,1710,2610,51285
100,53995,3,0.0,1711,2610,51385
12,54007,3,0.0,1712,2610,51397
100,54107,3,0.0,1713,2610,51497
27,54134,3,0.0,1714,2610,51524
62,54196,3,0.0,1715,2610,51586
100,54296,3,0.0,1716,2610,51686
18,54314,3,0.0,1717,2610,51704
25,54339,3,0.0,1718,2610,51729
97,54436,3,0.0,1719,2610,51826
25,54461,3,0.0,1720,2610,51851
35,54496,3,0.0,1721,2610,51886
9,54505,3,0.0,1722,2610,51895
8,54513,3,0.0,1723,2610,51903
30,54543,3,0.0,1724,2610,51933
54,54597,3,0.0,1725,2610,51987
35,54632,3,0.0,1726,2610,52022
9,54641,3,0.0,1727,2610,52031
45,54686,3,0.0,1728,2610,52076
11,54697,3,0.0,1729,2610,52087
23,54720,3,0.0,1730,2610,52110
10,54730,3,0.0,1731,2610,52120
31,54761,3,0.0,1732,2610,52151
44,54805,3,0.0,1733,2610,52195
96,54901,3,0.0,1734,2610,52291
23,54924,3,0.0,1735,2610,52314
30,54954,3,0.0,1736,2610,52344
50,55004,3,0.0,1737,2610,52394
63,55067,3,0.0,1738,2610,52457
14,55081,3,0.0,1739,2610,52471
31,55112,3,0.0,1740,2610,52502
17,55129,3,0.0,1741,2610,52519
37,55166,3,0.0,1742,2610,52556
15,55181,3,0.0,1743,2610,52571
10,55191,3,0.0,1744,2610,52581
60,55251,3,0.0,1745,2610,52641
43,55294,3,0.0,1746,2610,52684
23,55317,3,0.0,1747,2610,52707
23,55340,3,0.0,1748,2610,52730
16,55356,3,0.0,1749,2610,52746
10,55366,3,0.0,1750,2610,52756
74,55440,3,0.0,1751,2610,52830
58,55498,3,0.0,1752,2610,52888
75,55573,3,0.0,1753,2610,52963
14,55587,3,0.0,1754,2610,52977
10,55597,3,0.0,1755,2610,52987
20,55617,3,0.0,1756,2610,53007
38,55655,3,0.0,1757,2610,53045
23,55678,3,0.0,1758,2610,53068
13,55691,3,0.0,1759,2610,53081
32,55723,3,0.0,1760,2610,53113
9,55732,3,0.0,1761,2610,53122
23,55755,3,0.0,1762,2610,53145
27,55782,3,0.0,1763,2610,53172
64,55846,3,0.0,1764,2610,53236
38,55884,3,0.0,1765,2610,53274
27,55911,3,0.0,1766,2610,53301
59,55970,3,0.0,1767,2610,53360
23,55993,3,0.0,1768,2610,53383
26,56019,3,0.0,1769,2610,53409
13,56032,3,0.0,1770,2610,53422
18,56050,3,0.0,1771,2610,53440
43,56093,3,0.0,1772,2610,53483
26,56119,3,0.0,1773,2610,53509
30,56149,3,0.0,1774,2610,53539
23,56172,3,0.0,1775,2610,53562
22,56194,3,0.0,1776,2610,53584
6,56200,3,0.0,1777,2610,53590
51,56251,3,0.0,1778,2610,53641
35,56286,3,0.0,1779,2610,53676
18,56304,3,0.0,1780,2610,53694
21,56325,3,0.0,1781,2610,53715
38,56363,3,0.0,1782,2610,53753
50,56413,3,0.0,1783,2610,53803
59,56472,3,0.0,1784,2610,53862
28,56500,3,0.0,1785,2610,53890
47,56547,3,0.0,1786,2610,53937
8,56555,3,0.0,1787,2610,53945
24,56579,3,0.0,1788,2610,53969
6,56585,3,0.0,1789,2610,53975
58,56643,3,0.0,1790,2610,54033
54,56697,3,0.0,1791,2610,54087
11,56708,3,0.0,1792,2610,54098
18,56726,3,0.0,1793,2610,54116
14,56740,3,0.0,1794,2610,54130
23,56763,3,0.0,1795,2610,54153
31,56794,3,0.0,1796,2610,54184
5,56799,3,0.0,1797,2610,54189
70,56869,3,0.0,1798,2610,54259
23,56892,3,0.0,1799,2610,54282
36,56928,3,0.0,1800,2610,54318
5,56933,3,0.0,1801,2610,54323
15,56948,3,0.0,1802,2610,54338
30,56978,3,0.0,1803,2610,54368
40,57018,3,0.0,1804,2610,54408
15,57033,3,0.0,1805,2610,54423
17,57050,3,0.0,1806,2610,54440
81,57131,3,0.0,1807,2610,54521
9,57140,3,0.0,1808,2610,54530
36,57176,3,0.0,1809,2610,54566
42,57218,3,0.0,1810,2610,54608
14,57232,3,0.0,1811,2610,54622
37,57269,3,0.0,1812,2610,54659
50,57319,3,0.0,1813,2610,54709
71,57390,3,0.0,1814,2610,54780
69,57459,3,0.0,1815,2610,54849
23,57482,3,0.0,1816,2610,54872
35,57517,3,0.0,1817,2610,54907
14,57531,3,0.0,1818,2610,54921
35,57566,3,0.0,1819,2610,54956
58,57624,3,0.0,1820,2610,55014
58,57682,3,0.0,1821,2610,55072
24,57706,3,0.0,1822,2610,55096
16,57722,3,0.0,1823,2610,55112
11,57733,3,0.0,1824,2610,55123
69,57802,3,0.0,1825,2610,55192
24,57826,3,0.0,1826,2610,55216
15,57841,3,0.0,1827,2610,55231
28,57869,3,0.0,1828,2610,55259
44,57913,3,0.0,1829,2610,55303
13,57926,3,0.0,1830,2610,55316
13,57939,3,0.0,1831,2610,55329
38,57977,3,0.0,1832,2610,55367
38,58015,3,0.0,1833,2610,55405
43,58058,3,0.0,1834,2610,55448
8,58066,3,0.0,1835,2610,55456
69,58135,3,0.0,1836,2610,55525
62,58197,3,0.0,1837,2610,55587
43,58240,3,0.0,1838,2610,55630
41,58281,3,0.0,1839,2610,55671
59,58340,3,0.0,1840,2610,55730
17,58357,3,0.0,1841,2610,55747
12,58369,3,0.0,1842,2610,55759
12,58381,3,0.0,1843,2610,55771
13,58394,3,0.0,1844,2610,55784
39,58433,3,0.0,1845,2610,55823
21,58454,3,0.0,1846,2610,55844
27,58481,3,0.0,1847,2610,55871
37,58518,3,0.0,1848,2610,55908
52,58570,3,0.0,1849,2610,55960
35,58605,3,0.0,1850,2610,55995
18,58623,3,0.0,1851,2610,56013
13,58636,3,0.0,1852,2610,56026
21,58657,3,0.0,1853,2610,56047
24,58681,3,0.0,1854,2610,56071
16,58697,3,0.0,1855,2610,56087
58,58755,3,0.0,1856,2610,56145
15,58770,3,0.0,1857,2610,56160
40,58810,3,0.0,1858,2610,56200
13,58823,3,0.0,1859,2610,56213
58,58881,3,0.0,1860,2610,56271
44,58925,3,0.0,1861,2610,56315
18,58943,3,0.0,1862,2610,56333
13,58956,3,0.0,1863,2610,56346
25,58981,3,0.0,1864,2610,56371
29,59010,3,0.0,1865,2610,56400
11,59021,3,0.0,1866,2610,56411
74,59095,3,0.0,1867,2610,56485
15,59110,3,0.0,1868,2610,56500
9,59119,3,0.0,1869,2610,56509
20,59139,3,0.0,1870,2610,56529
37,59176,3,0.0,1871,2610,56566
51,59227,3,0.0,1872,2610,56617
100,59327,3,0.0,1873,2610,56717
13,59340,3,0.0,1874,2610,56730
11,59351,3,0.0,1875,2610,56741
19,59370,3,0.0,1876,2610,56760
12,59382,3,0.0,1877,2610,56772
25,59407,3,0.0,1878,2611,56796
17,59424,3,0.0,1879,2611,56813
8,59432,3,0.0,1880,2611,56821
12,59444,3,0.0,1881,2611,56833
12,59456,3,0.0,1882,2611,56845
67,59523,3,0.0,1883,2611,56912
21,59544,3,0.0,1884,2611,56933
79,59623,3,0.0,1885,2611,57012
27,59650,3,0.0,1886,2611,57039
54,59704,3,0.0,1887,2611,57093
27,59731,3,0.0,1888,2611,57120
8,59739,3,0.0,1889,2611,57128
44,59783,3,0.0,1890,2611,57172
16,59799,3,0.0,1891,2611,57188
13,59812,3,0.0,1892,2611,57201
13,59825,3,0.0,1893,2611,57214
32,59857,3,0.0,1894,2611,57246
23,59880,3,0.0,1895,2611,57269
67,59947,3,0.0,1896,2611,57336
23,59970,3,0.0,1897,2611,57359
52,60022,3,0.0,1898,2611,57411
12,60034,3,0.0,1899,2611,57423
19,60053,3,0.0,1900,2611,57442
65,60118,3,0.0,1901,2611,57507
14,60132,3,0.0,1902,2611,57521
21,60153,3,0.0,1903,2611,57542
25,60178,3,0.0,1904,2611,57567
48,60226,3,0.0,1905,2612,57614
34,60260,3,0.0,1906,2612,57648
22,60282,3,0.0,1907,2612,57670
49,60331,3,0.0,1908,2612,57719
18,60349,3,0.0,1909,2612,57737
45,60394,3,0.0,1910,2612,57782
31,60425,3,0.0,1911,2612,57813
11,60436,3,0.0,1912,2612,57824
54,60490,3,0.0,1913,2612,57878
68,60558,3,0.0,1914,2612,57946
29,60587,3,0.0,1915,2612,57975
65,60652,3,0.0,1916,2612,58040
100,60752,3,0.0,1917,2612,58140
27,60779,3,0.0,1918,2612,58167
5,60784,3,0.0,1919,2612,58172
65,60849,3,0.0,1920,2612,58237
18,60867,3,0.0,1921,2612,58255
100,60967,3,0.0,1922,2612,58355
34,61001,3,0.0,1923,2612,58389
10,61011,3,0.0,1924,2612,58399
25,61036,3,0.0,1925,2612,58424
100,61136,3,0.0,1926,2612,58524
26,61162,3,0.0,1927,2612,58550
16,61178,3,0.0,1928,2612,58566
23,61201,3,0.0,1929,2612,58589
39,61240,3,0.0,1930,2612,58628
40,61280,3,0.0,1931,2612,58668
12,61292,3,0.0,1932,2612,58680
43,61335,3,0.0,1933,2612,58723
5,61340,3,0.0,1934,2612,58728
28,61368,3,0.0,1935,2612,58756
10,61378,3,0.0,1936,2612,58766
10,61388,3,0.0,1937,2612,58776
33,61421,3,0.0,1938,2612,58809
42,61463,3,0.0,1939,2612,58851
49,61512,3,0.0,1940,2612,58900
47,61559,3,0.0,1941,2612,58947
11,61570,3,0.0,1942,2612,58958
21,61591,3,0.0,1943,2612,58979
16,61607,3,0.0,1944,2612,58995
9,61616,3,0.0,1945,2612,59004
21,61637,3,0.0,1946,2612,59025
9,61646,3,0.0,1947,2612,59034
39,61685,3,0.0,1948,2612,59073
49,61734,3,0.0,1949,2612,59122
31,61765,3,0.0,1950,2612,59153
31,61796,3,0.0,1951,2612,59184
23,61819,3,0.0,1952,2612,59207
9,61828,3,0.0,1953,2612,59216
14,61842,3,0.0,1954,2612,59230
40,61882,3,0.0,1955,2612,59270
99,61981,3,0.0,1956,2612,59369
26,62007,3,0.0,1957,2612,59395
75,62082,3,0.0,1958,2612,59470
21,62103,3,0.0,1959,2612,59491
8,62111,3,0.0,1960,2612,59499
60,62171,3,0.0,1961,2612,59559
15,62186,3,0.0,1962,2612,59574
13,62199,3,0.0,1963,2612,59587
81,62280,3,0.0,1964,2612,59668
32,62312,3,0.0,1965,2612,59700
12,62324,3,0.0,1966,2612,59712
12,62336,3,0.0,1967,2612,59724
96,62432,3,0.0,1968,2612,59820
28,62460,3,0.0,1969,2612,59848
28,62488,3,0.0,1970,2612,59876
14,62502,3,0.0,1971,2612,59890
67,62569,3,0.0,1972,2612,59957
36,62605,3,0.0,1973,2612,59993
16,62621,3,0.0,1974,2612,60009
17,62638,3,0.0,1975,2612,60026
27,62665,3,0.0,1976,2612,60053
52,62717,3,0.0,1977,2612,60105
50,62767,3,0.0,1978,2612,60155
41,62808,3,0.0,1979,2612,60196
7,62815,3,0.0,1980,2612,60203
17,62832,3,0.0,1981,2612,60220
17,62849,3,0.0,1982,2612,60237
15,62864,3,0.0,1983,2612,60252
32,62896,3,0.0,1984,2612,60284
12,62908,3,0.0,1985,2612,60296
40,62948,3,0.0,1986,2612,60336
83,63031,3,0.0,1987,2612,60419
56,63087,3,0.0,1988,2612,60475
11,63098,3,0.0,1989,2612,60486
12,63110,3,0.0,1990,2612,60498
11,63121,3,0.0,1991,2612,60509
29,63150,3,0.0,1992,2612,60538
26,63176,3,0.0,1993,2612,60564
20,63196,3,0.0,1994,2612,60584
43,63239,3,0.0,1995,2612,60627
35,63274,3,0.0,1996,2612,60662
16,63290,3,0.0,1997,2612,60678
7,63297,3,0.0,1998,2612,60685
19,63316,3,0.0,1999,2612,60704
27,63343,3,0.0,2000,2612,60731
48,63391,3,0.0,2001,2612,60779
12,63403,3,0.0,2002,2612,60791
26,63429,3,0.0,2003,2612,60817
12,63441,3,0.0,2004,2612,60829
8,63449,3,0.0,2005,2612,60837
26,63475,3,0.0,2006,2612,60863
16,63491,3,0.0,2007,2612,60879
17,63508,3,0.0,2008,2612,60896
15,63523,3,0.0,2009,2612,60911
10,63533,3,0.0,2010,2612,60921
5,63538,3,0.0,2011,2612,60926
10,63548,3,0.0,2012,2612,60936
17,63565,3,0.0,2013,2612,60953
29,63594,3,0.0,2014,2612,60982
100,63694,3,0.0,2015,2612,61082
23,63717,3,0.0,2016,2612,61105
59,63776,3,0.0,2017,2612,61164
24,63800,3,0.0,2018,2612,61188
24,63824,3,0.0,2019,2612,61212
21,63845,3,0.0,2020,2612,61233
22,63867,3,0.0,2021,2612,61255
20,63887,3,0.0,2022,2612,61275
17,63904,3,0.0,2023,2612,61292
76,63980,3,0.0,2024,2612,61368
11,63991,3,0.0,2025,2612,61379
27,64018,3,0.0,2026,2612,61406
11,64029,3,0.0,2027,2612,61417
53,64082,3,0.0,2028,2612,61470
11,64093,3,0.0,2029,2612,61481
9,64102,3,0.0,2030,2612,61490
25,64127,3,0.0,2031,2612,61515
91,64218,3,0.0,2032,2613,61605
12,64230,3,0.0,2033,2613,61617
18,64248,3,0.0,2034,2613,61635
17,64265,3,0.0,2035,2613,61652
29,64294,3,0.0,2036,2613,61681
9,64303,3,0.0,2037,2613,61690
24,64327,3,0.0,2038,2613,61714
30,64357,3,0.0,2039,2613,61744
34,64391,3,0.0,2040,2613,61778
80,64471,3,0.0,2041,2613,61858
33,64504,3,0.0,2042,2613,61891
85,64589,3,0.0,2043,2613,61976
50,64639,3,0.0,2044,2613,62026
8,64647,3,0.0,2045,2613,62034
21,64668,3,0.0,2046,2613,62055
19,64687,3,0.0,2047,2613,62074
36,64723,3,0.0,2048,2613,62110
5,64728,3,0.0,2049,2613,62115
14,64742,3,0.0,2050,2613,62129
44,64786,3,0.0,2051,2613,62173
12,64798,3,0.0,2052,2613,62185
9,64807,3,0.0,2053,2613,62194
32,64839,3,0.0,2054,2613,62226
19,64858,3,0.0,2055,2613,62245
19,64877,3,0.0,2056,2613,62264
100,64977,3,0.0,2057,2613,62364
20,64997,3,0.0,2058,2613,62384
28,65025,3,0.0,2059,2613,62412
27,65052,3,0.0,2060,2613,62439
34,65086,3,0.0,2061,2613,62473
9,65095,3,0.0,2062,2613,62482
54,65149,3,0.0,2063,2613,62536
6,65155,3,0.0,2064,2613,62542
19,65174,3,0.0,2065,2613,62561
18,65192,3,0.0,2066,2613,62579
20,65212,3,0.0,2067,2613,62599
14,65226,3,0.0,2068,2613,62613
13,65239,3,0.0,2069,2613,62626
48,65287,3,0.0,2070,2613,62674
32,65319,3,0.0,2071,2613,62706
21,65340,3,0.0,2072,2613,62727
13,65353,3,0.0,2073,2613,62740
12,65365,3,0.0,2074,2613,62752
32,65397,3,0.0,2075,2613,62784
27,65424,3,0.0,2076,2613,62811
23,65447,3,0.0,2077,2613,62834
79,65526,3,0.0,2078,2613,62913
13,65539,3,0.0,2079,2613,62926
58,65597,3,0.0,2080,2613,62984
12,65609,3,0.0,2081,2613,62996
19,65628,3,0.0,2082,2613,63015
31,65659,3,0.0,2083,2613,63046
13,65672,3,0.0,2084,2613,63059
92,65764,3,0.0,2085,2613,63151
14,65778,3,0.0,2086,2613,63165
19,65797,3,0.0,2087,2613,63184
38,65835,3,0.0,2088,2613,63222
45,65880,3,0.0,2089,2613,63267
8,65888,3,0.0,2090,2613,63275
18,65906,3,0.0,2091,2613,63293
49,65955,3,0.0,2092,2613,63342
12,65967,3,0.0,2093,2613,63354
18,65985,3,0.0,2094,2613,63372
51,66036,3,0.0,2095,2613,63423
32,66068,3,0.0,2096,2613,63455
18,66086,3,0.0,2097,2613,63473
36,66122,3,0.0,2098,2613,63509
44,66166,3,0.0,2099,2613,63553
19,66185,3,0.0,2100,2613,63572
37,66222,3,0.0,2101,2613,63609
15,66237,3,0.0,2102,2613,63624
8,66245,3,0.0,2103,2613,63632
66,66311,3,0.0,2104,2613,63698
63,66374,3,0.0,2105,2613,63761
16,66390,3,0.0,2106,2613,63777
8,66398,3,0.0,2107,2613,63785
57,66455,3,0.0,2108,2613,63842
35,66490,3,0.0,2109,2613,63877
35,66525,3,0.0,2110,2613,63912
32,66557,3,0.0,2111,2613,63944
89,66646,3,0.0,2112,2613,64033
10,66656,3,0.0,2113,2613,64043
72,66728,3,0.0,2114,2613,64115
59,66787,3,0.0,2115,2613,64174
35,66822,3,0.0,2116,2613,64209
16,66838,3,0.0,2117,2613,64225
18,66856,3,0.0,2118,2613,64243
58,66914,3,0.0,2119,2613,64301
43,66957,3,0.0,2120,2613,64344
63,67020,3,0.0,2121,2613,64407
15,67035,3,0.0,2122,2613,64422
5,67040,3,0.0,2123,2613,64427
37,67077,3,0.0,2124,2613,64464
19,67096,3,0.0,2125,2613,64483
20,67116,3,0.0,2126,2613,64503
29,67145,3,0.0,2127,2613,64532
21,67166,3,0.0,2128,2613,64553
12,67178,3,0.0,2129,2613,64565
28,67206,3,0.0,2130,2613,64593
58,67264,3,0.0,2131,2613,64651
34,67298,3,0.0,2132,2613,64685
50,67348,3,0.0,2133,2613,64735
12,67360,3,0.0,2134,2613,64747
11,67371,3,0.0,2135,2613,64758
26,67397,3,0.0,2136,2613,64784
34,67431,3,0.0,2137,2613,64818
24,67455,3,0.0,2138,2613,64842
36,67491,3,0.0,2139,2613,64878
21,67512,3,0.0,2140,2613,64899
70,67582,3,0.0,2141,2613,64969
82,67664,3,0.0,2142,2613,65051
25,67689,3,0.0,2143,2613,65076
13,67702,3,0.0,2144,2613,65089
51,67753,3,0.0,2145,2613,65140
9,67762,3,0.0,2146,2613,65149
85,67847,3,0.0,2147,2613,65234
35,67882,3,0.0,2148,2613,65269
29,67911,3,0.0,2149,2613,65298
19,67930,3,0.0,2150,2613,65317
21,67951,3,0.0,2151,2613,65338
32,67983,3,0.0,2152,2613,65370
23,68006,3,0.0,2153,2613,65393
23,68029,3,0.0,2154,2613,65416
53,68082,3,0.0,2155,2613,65469
12,68094,3,0.0,2156,2613,65481
63,68157,3,0.0,2157,2613,65544
84,68241,3,0.0,2158,2613,65628
43,68284,3,0.0,2159,2613,65671
84,68368,3,0.0,2160,2613,65755
29,68397,3,0.0,2161,2613,65784
27,68424,3,0.0,2162,2613,65811
14,68438,3,0.0,2163,2613,65825
29,68467,3,0.0,2164,2613,65854
20,68487,3,0.0,2165,2613,65874
40,68527,3,0.0,2166,2613,65914
23,68550,3,0.0,2167,2613,65937
20,68570,3,0.0,2168,2613,65957
29,68599,3,0.0,2169,2613,65986
24,68623,3,0.0,2170,2613,66010
17,68640,3,0.0,2171,2613,66027
12,68652,3,0.0,2172,2613,66039
62,68714,3,0.0,2173,2613,66101
57,68771,3,0.0,2174,2613,66158
37,68808,3,0.0,2175,2613,66195
51,68859,3,0.0,2176,2613,66246
23,68882,3,0.0,2177,2613,66269
7,68889,3,0.0,2178,2613,66276
29,68918,3,0.0,2179,2613,66305
28,68946,3,0.0,2180,2613,66333
9,68955,3,0.0,2181,2613,66342
13,68968,3,0.0,2182,2613,66355
14,68982,3,0.0,2183,2613,66369
78,69060,3,0.0,2184,2613,66447
25,69085,3,0.0,2185,2613,66472
30,69115,3,0.0,2186,2613,66502
26,69141,3,0.0,2187,2613,66528
18,69159,3,0.0,2188,2613,66546
17,69176,3,0.0,2189,2613,66563
38,69214,3,0.0,2190,2613,66601
15,69229,3,0.0,2191,2613,66616
30,69259,3,0.0,2192,2613,66646
30,69289,3,0.0,2193,2613,66676
95,69384,3,0.0,2194,2613,66771
92,69476,3,0.0,2195,2614,66862
8,69484,3,0.0,2196,2614,66870
22,69506,3,0.0,2197,2614,66892
29,69535,3,0.0,2198,2614,66921
21,69556,3,0.0,2199,2614,66942
25,69581,3,0.0,2200,2614,66967
65,69646,3,0.0,2201,2614,67032
12,69658,3,0.0,2202,2614,67044
68,69726,3,0.0,2203,2615,67111
8,69734,3,0.0,2204,2615,67119
10,69744,3,0.0,2205,2615,67129
10,69754,3,0.0,2206,2615,67139
67,69821,3,0.0,2207,2615,67206
13,69834,3,0.0,2208,2615,67219
35,69869,3,0.0,2209,2615,67254
44,69913,3,0.0,2210,2615,67298
33,69946,3,0.0,2211,2615,67331
55,70001,3,0.0,2212,2615,67386
13,70014,3,0.0,2213,2615,67399
35,70049,3,0.0,2214,2615,67434
7,70056,3,0.0,2215,2615,67441
7,70063,3,0.0,2216,2615,67448
37,70100,3,0.0,2217,2615,67485
10,70110,3,0.0,2218,2615,67495
47,70157,3,0.0,2219,2615,67542
10,70167,3,0.0,2220,2615,67552
11,70178,3,0.0,2221,2615,67563
29,70207,3,0.0,2222,2616,67591
16,70223,3,0.0,2223,2616,67607
31,70254,3,0.0,2224,2616,67638
32,70286,3,0.0,2225,2616,67670
16,70302,3,0.0,2226,2616,67686
22,70324,3,0.0,2227,2616,67708
55,70379,3,0.0,2228,2616,67763
31,70410,3,0.0,2229,2616,67794
10,70420,3,0.0,2230,2616,67804
24,70444,3,0.0,2231,2616,67828
21,70465,3,0.0,2232,2616,67849
38,70503,3,0.0,2233,2616,67887
58,70561,3,0.0,2234,2616,67945
41,70602,3,0.0,2235,2616,67986
7,70609,3,0.0,2236,2616,67993
14,70623,3,0.0,2237,2616,68007
27,70650,3,0.0,2238,2616,68034
18,70668,3,0.0,2239,2616,68052
53,70721,3,0.0,2240,2616,68105
14,70735,3,0.0,2241,2616,68119
15,70750,3,0.0,2242,2616,68134
25,70775,3,0.0,2243,2616,68159
68,70843,3,0.0,2244,2616,68227
54,70897,3,0.0,2245,2616,68281
50,70947,3,0.0,2246,2616,68331
21,70968,3,0.0,2247,2616,68352
25,70993,3,0.0,2248,2616,68377
20,71013,3,0.0,2249,2616,68397
29,71042,3,0.0,2250,2616,68426
17,71059,3,0.0,2251,2616,68443
24,71083,3,0.0,2252,2616,68467
26,71109,3,0.0,2253,2616,68493
65,71174,3,0.0,2254,2616,68558
15,71189,3,0.0,2255,2616,68573
16,71205,3,0.0,2256,2616,68589
29,71234,3,0.0,2257,2616,68618
17,71251,3,0.0,2258,2616,68635
12,71263,3,0.0,2259,2616,68647
64,71327,3,0.0,2260,2616,68711
22,71349,3,0.0,2261,2616,68733
30,71379,3,0.0,2262,2616,68763
20,71399,3,0.0,2263,2616,68783
22,71421,3,0.0,2264,2616,68805
32,71453,3,0.0,2265,2616,68837
31,71484,3,0.0,2266,2616,68868
42,71526,3,0.0,2267,2616,68910
66,71592,3,0.0,2268,2616,68976
7,71599,3,0.0,2269,2616,68983
7,71606,3,0.0,2270,2616,68990
15,71621,3,0.0,2271,2616,69005
13,71634,3,0.0,2272,2616,69018
10,71644,3,0.0,2273,2616,69028
30,71674,3,0.0,2274,2616,69058
28,71702,3,0.0,2275,2616,69086
22,71724,3,0.0,2276,2616,69108
10,71734,3,0.0,2277,2616,69118
100,71834,3,0.0,2278,2616,69218
19,71853,3,0.0,2279,2616,69237
25,71878,3,0.0,2280,2616,69262
32,71910,3,0.0,2281,2616,69294
40,71950,3,0.0,2282,2616,69334
59,72009,3,0.0,2283,2616,69393
24,72033,3,0.0,2284,2616,69417
12,72045,3,0.0,2285,2616,69429
72,72117,3,0.0,2286,2616,69501
39,72156,3,0.0,2287,2616,69540
10,72166,3,0.0,2288,2616,69550
16,72182,3,0.0,2289,2616,69566
48,72230,3,0.0,2290,2616,69614
48,72278,3,0.0,2291,2616,69662
18,72296,3,0.0,2292,2616,69680
100,72396,3,0.0,2293,2616,69780
14,72410,3,0.0,2294,2616,69794
11,72421,3,0.0,2295,2616,69805
47,72468,3,0.0,2296,2616,69852
48,72516,3,0.0,2297,2616,69900
5,72521,3,0.0,2298,2616,69905
33,72554,3,0.0,2299,2616,69938
5,72559,3,0.0,2300,2616,69943
22,72581,3,0.0,2301,2616,69965
34,72615,3,0.0,2302,2616,69999
27,72642,3,0.0,2303,2616,70026
19,72661,3,0.0,2304,2616,70045
31,72692,3,0.0,2305,2616,70076
20,72712,3,0.0,2306,2616,70096
55,72767,3,0.0,2307,2616,70151
19,72786,3,0.0,2308,2616,70170
25,72811,3,0.0,2309,2616,70195
29,72840,3,0.0,2310,2616,70224
36,72876,3,0.0,2311,2616,70260
11,72887,3,0.0,2312,2616,70271
70,72957,3,0.0,2313,2617,70340
27,72984,3,0.0,2314,2617,70367
100,73084,3,0.0,2315,2617,70467
45,73129,3,0.0,2316,2617,70512
11,73140,3,0.0,2317,2617,70523
7,73147,3,0.0,2318,2617,70530
21,73168,3,0.0,2319,2617,70551
38,73206,3,0.0,2320,2617,70589
18,73224,3,0.0,2321,2617,70607
33,73257,3,0.0,2322,2617,70640
18,73275,3,0.0,2323,2617,70658
21,73296,3,0.0,2324,2617,70679
45,73341,3,0.0,2325,2617,70724
22,73363,3,0.0,2326,2617,70746
29,73392,3,0.0,2327,2617,70775
11,73403,3,0.0,2328,2617,70786
100,73503,3,0.0,2329,2617,70886
38,73541,3,0.0,2330,2617,70924
41,73582,3,0.0,2331,2617,70965
21,73603,3,0.0,2332,2617,70986
14,73617,3,0.0,2333,2617,71000
28,73645,3,0.0,2334,2617,71028
15,73660,3,0.0,2335,2617,71043
82,73742,3,0.0,2336,2617,71125
9,73751,3,0.0,2337,2617,71134
17,73768,3,0.0,2338,2617,71151
50,73818,3,0.0,2339,2617,71201
23,73841,3,0.0,2340,2617,71224
7,73848,3,0.0,2341,2617,71231
52,73900,3,0.0,2342,2617,71283
41,73941,3,0.0,2343,2617,71324
28,73969,3,0.0,2344,2617,71352
13,73982,3,0.0,2345,2617,71365
36,74018,3,0.0,2346,2617,71401
47,74065,3,0.0,2347,2617,71448
12,74077,3,0.0,2348,2617,71460
43,74120,3,0.0,2349,2617,71503
27,74147,3,0.0,2350,2617,71530
31,74178,3,0.0,2351,2617,71561
64,74242,3,0.0,2352,2617,71625
33,74275,3,0.0,2353,2617,71658
11,74286,3,0.0,2354,2617,71669
36,74322,3,0.0,2355,2617,71705
18,74340,3,0.0,2356,2617,71723
57,74397,3,0.0,2357,2617,71780
62,74459,3,0.0,2358,2617,71842
8,74467,3,0.0,2359,2617,71850
9,74476,3,0.0,2360,2617,71859
42,74518,3,0.0,2361,2617,71901
17,74535,3,0.0,2362,2617,71918
31,74566,3,0.0,2363,2617,71949
33,74599,3,0.0,2364,2617,71982
48,74647,3,0.0,2365,2617,72030
28,74675,3,0.0,2366,2617,72058
100,74775,3,0.0,2367,2617,72158
33,74808,3,0.0,2368,2617,72191
32,74840,3,0.0,2369,2617,72223
52,74892,3,0.0,2370,2617,72275
80,74972,3,0.0,2371,2617,72355
9,74981,3,0.0,2372,2617,72364
15,74996,3,0.0,2373,2617,72379
19,75015,3,0.0,2374,2617,72398
22,75037,3,0.0,2375,2617,72420
31,75068,3,0.0,2376,2617,72451
11,75079,3,0.0,2377,2617,72462
7,75086,3,0.0,2378,2617,72469
12,75098,3,0.0,2379,2617,72481
36,75134,3,0.0,2380,2617,72517
7,75141,3,0.0,2381,2617,72524
26,75167,3,0.0,2382,2617,72550
55,75222,3,0.0,2383,2617,72605
8,75230,3,0.0,2384,2617,72613
34,75264,3,0.0,2385,2617,72647
61,75325,3,0.0,2386,2617,72708
34,75359,3,0.0,2387,2617,72742
24,75383,3,0.0,2388,2617,72766
21,75404,3,0.0,2389,2617,72787
38,75442,3,0.0,2390,2617,72825
19,75461,3,0.0,2391,2617,72844
69,75530,3,0.0,2392,2617,72913
30,75560,3,0.0,2393,2617,72943
21,75581,3,0.0,2394,2617,72964
10,75591,3,0.0,2395,2617,72974
22,75613,3,0.0,2396,2617,72996
14,75627,3,0.0,2397,2617,73010
15,75642,3,0.0,2398,2617,73025
33,75675,3,0.0,2399,2617,73058
60,75735,3,0.0,2400,2617,73118
25,75760,3,0.0,2401,2617,73143
92,75852,3,0.0,2402,2617,73235
24,75876,3,0.0,2403,2617,73259
9,75885,3,0.0,2404,2617,73268
42,75927,3,0.0,2405,2617,73310
33,75960,3,0.0,2406,2617,73343
52,76012,3,0.0,2407,2617,73395
22,76034,3,0.0,2408,2617,73417
38,76072,3,0.0,2409,2617,73455
9,76081,3,0.0,2410,2617,73464
13,76094,3,0.0,2411,2617,73477
27,76121,3,0.0,2412,2617,73504
56,76177,3,0.0,2413,2617,73560
38,76215,3,0.0,2414,2617,73598
49,76264,3,0.0,2415,2617,73647
12,76276,3,0.0,2416,2617,73659
20,76296,3,0.0,2417,2617,73679
26,76322,3,0.0,2418,2617,73705
95,76417,3,0.0,2419,2617,73800
34,76451,3,0.0,2420,2617,73834
57,76508,3,0.0,2421,2617,73891
15,76523,3,0.0,2422,2617,73906
10,76533,3,0.0,2423,2617,73916
18,76551,3,0.0,2424,2617,73934
34,76585,3,0.0,2425,2617,73968
30,76615,3,0.0,2426,2617,73998
19,76634,3,0.0,2427,2617,74017
57,76691,3,0.0,2428,2617,74074
7,76698,3,0.0,2429,2617,74081
27,76725,3,0.0,2430,2617,74108
8,76733,3,0.0,2431,2617,74116
60,76793,3,0.0,2432,2617,74176
16,76809,3,0.0,2433,2617,74192
76,76885,3,0.0,2434,2617,74268
19,76904,3,0.0,2435,2617,74287
25,76929,3,0.0,2436,2617,74312
27,76956,3,0.0,2437,2617,74339
35,76991,3,0.0,2438,2617,74374
49,77040,3,0.0,2439,2617,74423
33,77073,3,0.0,2440,2617,74456
35,77108,3,0.0,2441,2617,74491
25,77133,3,0.0,2442,2617,74516
26,77159,3,0.0,2443,2617,74542
26,77185,3,0.0,2444,2617,74568
11,77196,3,0.0,2445,2617,74579
30,77226,3,0.0,2446,2617,74609
17,77243,3,0.0,2447,2617,74626
13,77256,3,0.0,2448,2617,74639
14,77270,3,0.0,2449,2617,74653
10,77280,3,0.0,2450,2617,74663
10,77290,3,0.0,2451,2617,74673
8,77298,3,0.0,2452,2617,74681
39,77337,3,0.0,2453,2617,74720
51,77388,3,0.0,2454,2617,74771
50,77438,3,0.0,2455,2617,74821
7,77445,3,0.0,2456,2617,74828
13,77458,3,0.0,2457,2617,74841
17,77475,3,0.0,2458,2617,74858
24,77499,3,0.0,2459,2617,74882
35,77534,3,0.0,2460,2617,74917
10,77544,3,0.0,2461,2617,74927
36,77580,3,0.0,2462,2617,74963
14,77594,3,0.0,2463,2617,74977
60,77654,3,0.0,2464,2617,75037
86,77740,3,0.0,2465,2617,75123
11,77751,3,0.0,2466,2617,75134
22,77773,3,0.0,2467,2617,75156
17,77790,3,0.0,2468,2617,75173
34,77824,3,0.0,2469,2617,75207
18,77842,3,0.0,2470,2617,75225
32,77874,3,0.0,2471,2617,75257
24,77898,3,0.0,2472,2617,75281
28,77926,3,0.0,2473,2617,75309
13,77939,3,0.0,2474,2617,75322
24,77963,3,0.0,2475,2617,75346
32,77995,3,0.0,2476,2617,75378
14,78009,3,0.0,2477,2617,75392
14,78023,3,0.0,2478,2617,75406
70,78093,3,0.0,2479,2617,75476
7,78100,3,0.0,2480,2617,75483
22,78122,3,0.0,2481,2617,75505
62,78184,3,0.0,2482,2617,75567
26,78210,3,0.0,2483,2617,75593
14,78224,3,0.0,2484,2617,75607
52,78276,3,0.0,2485,2617,75659
54,78330,3,0.0,2486,2617,75713
52,78382,3,0.0,2487,2617,75765
35,78417,3,0.0,2488,2617,75800
25,78442,3,0.0,2489,2617,75825
20,78462,3,0.0,2490,2617,75845
13,78475,3,0.0,2491,2617,75858
21,78496,3,0.0,2492,2617,75879
11,78507,3,0.0,2493,2617,75890
40,78547,3,0.0,2494,2617,75930
22,78569,3,0.0,2495,2617,75952
39,78608,3,0.0,2496,2617,75991
21,78629,3,0.0,2497,2617,76012
17,78646,3,0.0,2498,2617,76029
11,78657,3,0.0,2499,2617,76040
56,78713,3,0.0,2500,2617,76096
15,78728,3,0.0,2501,2617,76111
16,78744,3,0.0,2502,2617,76127
44,78788,3,0.0,2503,2617,76171
61,78849,3,0.0,2504,2617,76232
100,78949,3,0.0,2505,2618,76331
25,78974,3,0.0,2506,2618,76356
29,79003,3,0.0,2507,2618,76385
37,79040,3,0.0,2508,2618,76422
43,79083,3,0.0,2509,2618,76465
27,79110,3,0.0,2510,2618,76492
100,79210,3,0.0,2511,2618,76592
27,79237,3,0.0,2512,2618,76619
17,79254,3,0.0,2513,2618,76636
13,79267,3,0.0,2514,2618,76649
19,79286,3,0.0,2515,2618,76668
29,79315,3,0.0,2516,2618,76697
54,79369,3,0.0,2517,2618,76751
24,79393,3,0.0,2518,2618,76775
26,79419,3,0.0,2519,2618,76801
19,79438,3,0.0,2520,2618,76820
26,79464,3,0.0,2521,2618,76846
18,79482,3,0.0,2522,2618,76864
32,79514,3,0.0,2523,2618,76896
5,79519,3,0.0,2524,2618,76901
11,79530,3,0.0,2525,2618,76912
83,79613,3,0.0,2526,2619,76994
41,79654,3,0.0,2527,2619,77035
33,79687,3,0.0,2528,2619,77068
14,79701,3,0.0,2529,2619,77082
17,79718,3,0.0,2530,2619,77099
22,79740,3,0.0,2531,2619,77121
5,79745,3,0.0,2532,2619,77126
15,79760,3,0.0,2533,2619,77141
13,79773,3,0.0,2534,2619,77154
38,79811,3,0.0,2535,2619,77192
77,79888,3,0.0,2536,2619,77269
63,79951,3,0.0,2537,2619,77332
24,79975,3,0.0,2538,2619,77356
28,80003,3,0.0,2539,2619,77384
18,80021,3,0.0,2540,2619,77402
39,80060,3,0.0,2541,2619,77441
25,80085,3,0.0,2542,2619,77466
25,80110,3,0.0,2543,2619,77491
6,80116,3,0.0,2544,2619,77497
71,80187,3,0.0,2545,2619,77568
54,80241,3,0.0,2546,2619,77622
26,80267,3,0.0,2547,2619,77648
40,80307,3,0.0,2548,2619,77688
38,80345,3,0.0,2549,2619,77726
80,80425,3,0.0,2550,2619,77806
34,80459,3,0.0,2551,2619,77840
26,80485,3,0.0,2552,2619,77866
13,80498,3,0.0,2553,2619,77879
29,80527,3,0.0,2554,2619,77908
23,80550,3,0.0,2555,2619,77931
7,80557,3,0.0,2556,2619,77938
39,80596,3,0.0,2557,2620,77976
18,80614,3,0.0,2558,2620,77994
37,80651,3,0.0,2559,2620,78031
24,80675,3,0.0,2560,2620,78055
18,80693,3,0.0,2561,2620,78073
27,80720,3,0.0,2562,2620,78100
71,80791,3,0.0,2563,2620,78171
71,80862,3,0.0,2564,2620,78242
11,80873,3,0.0,2565,2620,78253
50,80923,3,0.0,2566,2620,78303
47,80970,3,0.0,2567,2620,78350
29,80999,3,0.0,2568,2620,78379
59,81058,4,1.0,2569,2620,78438
18,81076,4,0.0,2570,2620,78456
20,81096,4,0.0,2571,2620,78476
34,81130,4,0.0,2572,2620,78510
43,81173,4,0.0,2573,2620,78553
81,81254,4,0.0,2574,2620,78634
14,81268,4,0.0,2575,2620,78648
15,81283,4,0.0,2576,2620,78663
20,81303,4,0.0,2577,2620,78683
82,81385,4,0.0,2578,2620,78765
29,81414,4,0.0,2579,2620,78794
32,81446,4,0.0,2580,2620,78826
76,81522,4,0.0,2581,2621,78901
24,81546,4,0.0,2582,2621,78925
47,81593,4,0.0,2583,2621,78972
13,81606,4,0.0,2584,2621,78985
63,81669,4,0.0,2585,2621,79048
41,81710,4,0.0,2586,2621,79089
49,81759,4,0.0,2587,2621,79138
33,81792,4,0.0,2588,2621,79171
18,81810,4,0.0,2589,2621,79189
21,81831,4,0.0,2590,2621,79210
15,81846,4,0.0,2591,2621,79225
21,81867,4,0.0,2592,2621,79246
12,81879,4,0.0,2593,2621,79258
18,81897,4,0.0,2594,2621,79276
83,81980,4,0.0,2595,2621,79359
43,82023,4,0.0,2596,2621,79402
20,82043,4,0.0,2597,2621,79422
22,82065,4,0.0,2598,2621,79444
12,82077,4,0.0,2599,2621,79456
14,82091,4,0.0,2600,2621,79470
11,82102,4,0.0,2601,2621,79481
13,82115,4,0.0,2602,2621,79494
11,82126,4,0.0,2603,2621,79505
8,82134,4,0.0,2604,2621,79513
12,82146,4,0.0,2605,2621,79525
73,82219,4,0.0,2606,2621,79598
19,82238,4,0.0,2607,2621,79617
50,82288,4,0.0,2608,2621,79667
27,82315,4,0.0,2609,2621,79694
71,82386,4,0.0,2610,2621,79765
38,82424,4,0.0,2611,2621,79803
14,82438,4,0.0,2612,2621,79817
50,82488,4,0.0,2613,2621,79867
12,82500,4,0.0,2614,2621,79879
6,82506,4,0.0,2615,2621,79885
21,82527,4,0.0,2616,2621,79906
24,82551,4,0.0,2617,2621,79930
56,82607,4,0.0,2618,2621,79986
31,82638,4,0.0,2619,2621,80017
22,82660,4,0.0,2620,2621,80039
38,82698,4,0.0,2621,2621,80077
29,82727,4,0.0,2622,2621,80106
14,82741,4,0.0,2623,2621,80120
43,82784,4,0.0,2624,2621,80163
16,82800,4,0.0,2625,2622,80178
21,82821,4,0.0,2626,2622,80199
82,82903,4,0.0,2627,2622,80281
28,82931,4,0.0,2628,2622,80309
42,82973,4,0.0,2629,2622,80351
24,82997,4,0.0,2630,2622,80375
23,83020,4,0.0,2631,2622,80398
18,83038,4,0.0,2632,2622,80416
34,83072,4,0.0,2633,2622,80450
24,83096,4,0.0,2634,2622,80474
31,83127,4,0.0,2635,2622,80505
6,83133,4,0.0,2636,2622,80511
17,83150,4,0.0,2637,2622,80528
32,83182,4,0.0,2638,2622,80560
8,83190,4,0.0,2639,2622,80568
27,83217,4,0.0,2640,2622,80595
78,83295,4,0.0,2641,2622,80673
43,83338,4,0.0,2642,2622,80716
17,83355,4,0.0,2643,2623,80732
15,83370,4,0.0,2644,2623,80747
12,83382,4,0.0,2645,2623,80759
25,83407,4,0.0,2646,2623,80784
19,83426,4,0.0,2647,2623,80803
89,83515,4,0.0,2648,2623,80892
100,83615,4,0.0,2649,2623,80992
20,83635,4,0.0,2650,2623,81012
66,83701,4,0.0,2651,2623,81078
23,83724,4,0.0,2652,2623,81101
48,83772,4,0.0,2653,2623,81149
60,83832,4,0.0,2654,2623,81209
10,83842,4,0.0,2655,2623,81219
51,83893,4,0.0,2656,2623,81270
12,83905,4,0.0,2657,2623,81282
65,83970,4,0.0,2658,2623,81347
42,84012,4,0.0,2659,2623,81389
57,84069,4,0.0,2660,2623,81446
37,84106,4,0.0,2661,2623,81483
7,84113,4,0.0,2662,2623,81490
44,84157,4,0.0,2663,2623,81534
19,84176,4,0.0,2664,2623,81553
34,84210,4,0.0,2665,2623,81587
44,84254,4,0.0,2666,2623,81631
33,84287,4,0.0,2667,2623,81664
35,84322,4,0.0,2668,2623,81699
31,84353,4,0.0,2669,2623,81730
29,84382,4,0.0,2670,2623,81759
12,84394,4,0.0,2671,2623,81771
25,84419,4,0.0,2672,2623,81796
6,84425,4,0.0,2673,2623,81802
19,84444,4,0.0,2674,2623,81821
10,84454,4,0.0,2675,2623,81831
21,84475,4,0.0,2676,2623,81852
52,84527,4,0.0,2677,2623,81904
11,84538,4,0.0,2678,2623,81915
10,84548,4,0.0,2679,2623,81925
25,84573,4,0.0,2680,2623,81950
18,84591,4,0.0,2681,2623,81968
33,84624,4,0.0,2682,2623,82001
17,84641,4,0.0,2683,2623,82018
18,84659,4,0.0,2684,2623,82036
12,84671,4,0.0,2685,2623,82048
50,84721,4,0.0,2686,2623,82098
69,84790,4,0.0,2687,2623,82167
12,84802,4,0.0,2688,2623,82179
21,84823,4,0.0,2689,2623,82200
36,84859,4,0.0,2690,2623,82236
16,84875,4,0.0,2691,2623,82252
11,84886,4,0.0,2692,2623,82263
48,84934,4,0.0,2693,2623,82311
83,85017,4,0.0,2694,2623,82394
48,85065,4,0.0,2695,2623,82442
16,85081,4,0.0,2696,2623,82458
38,85119,4,0.0,2697,2623,82496
77,85196,4,0.0,2698,2623,82573
5,85201,4,0.0,2699,2623,82578
30,85231,4,0.0,2700,2623,82608
48,85279,4,0.0,2701,2623,82656
28,85307,4,0.0,2702,2623,82684
35,85342,4,0.0,2703,2623,82719
15,85357,4,0.0,2704,2623,82734
21,85378,4,0.0,2705,2623,82755
57,85435,4,0.0,2706,2623,82812
13,85448,4,0.0,2707,2623,82825
6,85454,4,0.0,2708,2623,82831
34,85488,4,0.0,2709,2623,82865
27,85515,4,0.0,2710,2623,82892
16,85531,4,0.0,2711,2623,82908
71,85602,4,0.0,2712,2623,82979
47,85649,4,0.0,2713,2624,83025
22,85671,4,0.0,2714,2624,83047
83,85754,4,0.0,2715,2624,83130
43,85797,4,0.0,2716,2624,83173
13,85810,4,0.0,2717,2624,83186
11,85821,4,0.0,2718,2624,83197
30,85851,4,0.0,2719,2624,83227
60,85911,4,0.0,2720,2624,83287
12,85923,4,0.0,2721,2624,83299
6,85929,4,0.0,2722,2624,83305
25,85954,4,0.0,2723,2624,83330
21,85975,4,0.0,2724,2624,83351
9,85984,4,0.0,2725,2624,83360
78,86062,4,0.0,2726,2624,83438
53,86115,4,0.0,2727,2624,83491
5,86120,4,0.0,2728,2624,83496
13,86133,4,0.0,2729,2624,83509
75,86208,4,0.0,2730,2624,83584
13,86221,4,0.0,2731,2624,83597
11,86232,4,0.0,2732,2624,83608
28,86260,4,0.0,2733,2624,83636
26,86286,4,0.0,2734,2624,83662
19,86305,4,0.0,2735,2624,83681
26,86331,4,0.0,2736,2624,83707
27,86358,4,0.0,2737,2624,83734
15,86373,4,0.0,2738,2624,83749
21,86394,4,0.0,2739,2624,83770
23,86417,4,0.0,2740,2624,83793
22,86439,4,0.0,2741,2624,83815
23,86462,4,0.0,2742,2624,83838
73,86535,4,0.0,2743,2624,83911
31,86566,4,0.0,2744,2624,83942
29,86595,4,0.0,2745,2624,83971
19,86614,4,0.0,2746,2624,83990
21,86635,4,0.0,2747,2624,84011
24,86659,4,0.0,2748,2624,84035
32,86691,4,0.0,2749,2624,84067
46,86737,4,0.0,2750,2624,84113
13,86750,4,0.0,2751,2624,84126
51,86801,4,0.0,2752,2624,84177
40,86841,4,0.0,2753,2624,84217
90,86931,4,0.0,2754,2624,84307
14,86945,4,0.0,2755,2624,84321
31,86976,4,0.0,2756,2624,84352
20,86996,4,0.0,2757,2624,84372
18,87014,4,0.0,2758,2624,84390
56,87070,4,0.0,2759,2624,84446
16,87086,4,0.0,2760,2624,84462
38,87124,4,0.0,2761,2624,84500
25,87149,4,0.0,2762,2625,84524
95,87244,4,0.0,2763,2626,84618
20,87264,4,0.0,2764,2626,84638
25,87289,4,0.0,2765,2626,84663
14,87303,4,0.0,2766,2626,84677
21,87324,4,0.0,2767,2626,84698
12,87336,4,0.0,2768,2626,84710
34,87370,4,0.0,2769,2626,84744
31,87401,4,0.0,2770,2626,84775
17,87418,4,0.0,2771,2626,84792
64,87482,4,0.0,2772,2626,84856
20,87502,4,0.0,2773,2626,84876
11,87513,4,0.0,2774,2626,84887
21,87534,4,0.0,2775,2626,84908
41,87575,4,0.0,2776,2626,84949
17,87592,4,0.0,2777,2626,84966
39,87631,4,0.0,2778,2626,85005
81,87712,4,0.0,2779,2626,85086
34,87746,4,0.0,2780,2626,85120
17,87763,4,0.0,2781,2626,85137
26,87789,4,0.0,2782,2626,85163
100,87889,4,0.0,2783,2626,85263
22,87911,4,0.0,2784,2626,85285
63,87974,4,0.0,2785,2626,85348
51,88025,4,0.0,2786,2626,85399
25,88050,4,0.0,2787,2626,85424
29,88079,4,0.0,2788,2626,85453
13,88092,4,0.0,2789,2626,85466
51,88143,4,0.0,2790,2626,85517
22,88165,4,0.0,2791,2626,85539
31,88196,4,0.0,2792,2626,85570
30,88226,4,0.0,2793,2626,85600
56,88282,4,0.0,2794,2626,85656
13,88295,4,0.0,2795,2626,85669
55,88350,4,0.0,2796,2626,85724
26,88376,4,0.0,2797,2626,85750
34,88410,4,0.0,2798,2626,85784
25,88435,4,0.0,2799,2626,85809
48,88483,4,0.0,2800,2626,85857
40,88523,4,0.0,2801,2626,85897
10,88533,4,0.0,2802,2626,85907
38,88571,4,0.0,2803,2626,85945
27,88598,4,0.0,2804,2626,85972
28,88626,4,0.0,2805,2626,86000
9,88635,4,0.0,2806,2626,86009
48,88683,4,0.0,2807,2626,86057
17,88700,4,0.0,2808,2626,86074
19,88719,4,0.0,2809,2626,86093
17,88736,4,0.0,2810,2626,86110
10,88746,4,0.0,2811,2626,86120
13,88759,4,0.0,2812,2626,86133
23,88782,4,0.0,2813,2626,86156
45,88827,4,0.0,2814,2626,86201
50,88877,4,0.0,2815,2626,86251
18,88895,4,0.0,2816,2626,86269
35,88930,4,0.0,2817,2626,86304
75,89005,4,0.0,2818,2626,86379
26,89031,4,0.0,2819,2626,86405
52,89083,4,0.0,2820,2626,86457
60,89143,4,0.0,2821,2626,86517
10,89153,4,0.0,2822,2626,86527
23,89176,4,0.0,2823,2626,86550
14,89190,4,0.0,2824,2626,86564
19,89209,4,0.0,2825,2626,86583
8,89217,4,0.0,2826,2626,86591
22,89239,4,0.0,2827,2626,86613
14,89253,4,0.0,2828,2626,86627
14,89267,4,0.0,2829,2626,86641
53,89320,4,0.0,2830,2626,86694
30,89350,4,0.0,2831,2626,86724
11,89361,4,0.0,2832,2626,86735
32,89393,4,0.0,2833,2626,86767
25,89418,4,0.0,2834,2626,86792
11,89429,4,0.0,2835,2626,86803
7,89436,4,0.0,2836,2626,86810
43,89479,4,0.0,2837,2626,86853
31,89510,4,0.0,2838,2626,86884
28,89538,4,0.0,2839,2626,86912
52,89590,4,0.0,2840,2626,86964
11,89601,4,0.0,2841,2626,86975
77,89678,4,0.0,2842,2626,87052
12,89690,4,0.0,2843,2626,87064
46,89736,4,0.0,2844,2626,87110
54,89790,4,0.0,2845,2626,87164
21,89811,4,0.0,2846,2626,87185
31,89842,4,0.0,2847,2626,87216
100,89942,4,0.0,2848,2627,87315
20,89962,4,0.0,2849,2627,87335
17,89979,4,0.0,2850,2627,87352
12,89991,4,0.0,2851,2627,87364
55,90046,4,0.0,2852,2627,87419
13,90059,4,0.0,2853,2627,87432
33,90092,4,0.0,2854,2627,87465
30,90122,4,0.0,2855,2627,87495
77,90199,4,0.0,2856,2627,87572
9,90208,4,0.0,2857,2627,87581
11,90219,4,0.0,2858,2627,87592
10,90229,4,0.0,2859,2627,87602
58,90287,4,0.0,2860,2627,87660
14,90301,4,0.0,2861,2627,87674
19,90320,4,0.0,2862,2627,87693
47,90367,4,0.0,2863,2627,87740
38,90405,4,0.0,2864,2627,87778
7,90412,4,0.0,2865,2627,87785
21,90433,4,0.0,2866,2627,87806
54,90487,4,0.0,2867,2627,87860
40,90527,4,0.0,2868,2627,87900
14,90541,4,0.0,2869,2627,87914
8,90549,4,0.0,2870,2627,87922
39,90588,4,0.0,2871,2627,87961
47,90635,4,0.0,2872,2627,88008
72,90707,4,0.0,2873,2627,88080
53,90760,4,0.0,2874,2627,88133
19,90779,4,0.0,2875,2627,88152
22,90801,4,0.0,2876,2627,88174
11,90812,4,0.0,2877,2627,88185
11,90823,4,0.0,2878,2627,88196
100,90923,4,0.0,2879,2627,88296
40,90963,4,0.0,2880,2627,88336
66,91029,4,0.0,2881,2627,88402
13,91042,4,0.0,2882,2627,88415
52,91094,4,0.0,2883,2627,88467
5,91099,4,0.0,2884,2627,88472
19,91118,4,0.0,2885,2627,88491
56,91174,4,0.0,2886,2627,88547
31,91205,4,0.0,2887,2627,88578
16,91221,4,0.0,2888,2627,88594
10,91231,4,0.0,2889,2627,88604
22,91253,4,0.0,2890,2627,88626
37,91290,4,0.0,2891,2627,88663
16,91306,4,0.0,2892,2627,88679
14,91320,4,0.0,2893,2627,88693
36,91356,4,0.0,2894,2627,88729
32,91388,4,0.0,2895,2627,88761
50,91438,4,0.0,2896,2627,88811
17,91455,4,0.0,2897,2627,88828
15,91470,4,0.0,2898,2627,88843
21,91491,4,0.0,2899,2627,88864
50,91541,4,0.0,2900,2627,88914
11,91552,4,0.0,2901,2627,88925
11,91563,4,0.0,2902,2627,88936
8,91571,4,0.0,2903,2627,88944
18,91589,4,0.0,2904,2627,88962
22,91611,4,0.0,2905,2627,88984
72,91683,4,0.0,2906,2627,89056
24,91707,4,0.0,2907,2627,89080
73,91780,4,0.0,2908,2627,89153
12,91792,4,0.0,2909,2627,89165
100,91892,4,0.0,2910,2627,89265
51,91943,4,0.0,2911,2627,89316
21,91964,4,0.0,2912,2627,89337
29,91993,4,0.0,2913,2627,89366
63,92056,4,0.0,2914,2627,89429
27,92083,4,0.0,2915,2627,89456
33,92116,4,0.0,2916,2627,89489
49,92165,4,0.0,2917,2627,89538
11,92176,4,0.0,2918,2627,89549
26,92202,4,0.0,2919,2627,89575
24,92226,4,0.0,2920,2627,89599
15,92241,4,0.0,2921,2627,89614
11,92252,4,0.0,2922,2627,89625
20,92272,4,0.0,2923,2627,89645
25,92297,4,0.0,2924,2627,89670
38,92335,4,0.0,2925,2627,89708
38,92373,4,0.0,2926,2627,89746
59,92432,4,0.0,2927,2627,89805
61,92493,4,0.0,2928,2627,89866
7,92500,4,0.0,2929,2627,89873
78,92578,4,0.0,2930,2627,89951
13,92591,4,0.0,2931,2627,89964
8,92599,4,0.0,2932,2627,89972
21,92620,4,0.0,2933,2627,89993
11,92631,4,0.0,2934,2627,90004
12,92643,4,0.0,2935,2627,90016
26,92669,4,0.0,2936,2627,90042
64,92733,4,0.0,2937,2627,90106
54,92787,4,0.0,2938,2627,90160
47,92834,4,0.0,2939,2627,90207
61,92895,4,0.0,2940,2627,90268
11,92906,4,0.0,2941,2627,90279
40,92946,4,0.0,2942,2627,90319
21,92967,4,0.0,2943,2627,90340
100,93067,4,0.0,2944,2627,90440
8,93075,4,0.0,2945,2627,90448
31,93106,4,0.0,2946,2627,90479
11,93117,4,0.0,2947,2627,90490
84,93201,4,0.0,2948,2627,90574
46,93247,4,0.0,2949,2627,90620
67,93314,4,0.0,2950,2627,90687
18,93332,4,0.0,2951,2627,90705
16,93348,4,0.0,2952,2627,90721
22,93370,4,0.0,2953,2627,90743
50,93420,4,0.0,2954,2627,90793
11,93431,4,0.0,2955,2627,90804
18,93449,4,0.0,2956,2627,90822
13,93462,4,0.0,2957,2627,90835
25,93487,4,0.0,2958,2627,90860
78,93565,4,0.0,2959,2627,90938
38,93603,4,0.0,2960,2627,90976
15,93618,4,0.0,2961,2627,90991
35,93653,4,0.0,2962,2627,91026
21,93674,4,0.0,2963,2627,91047
37,93711,4,0.0,2964,2627,91084
39,93750,4,0.0,2965,2627,91123
14,93764,4,0.0,2966,2627,91137
26,93790,4,0.0,2967,2627,91163
11,93801,4,0.0,2968,2627,91174
25,93826,4,0.0,2969,2627,91199
24,93850,4,0.0,2970,2627,91223
26,93876,4,0.0,2971,2627,91249
15,93891,4,0.0,2972,2627,91264
47,93938,4,0.0,2973,2627,91311
29,93967,4,0.0,2974,2627,91340
88,94055,4,0.0,2975,2627,91428
31,94086,4,0.0,2976,2627,91459
13,94099,4,0.0,2977,2627,91472
13,94112,4,0.0,2978,2627,91485
52,94164,4,0.0,2979,2627,91537
26,94190,4,0.0,2980,2627,91563
30,94220,4,0.0,2981,2627,91593
7,94227,4,0.0,2982,2627,91600
26,94253,4,0.0,2983,2627,91626
21,94274,4,0.0,2984,2627,91647
23,94297,4,0.0,2985,2627,91670
35,94332,4,0.0,2986,2627,91705
22,94354,4,0.0,2987,2627,91727
22,94376,4,0.0,2988,2627,91749
37,94413,4,0.0,2989,2627,91786
16,94429,4,0.0,2990,2627,91802
64,94493,4,0.0,2991,2627,91866
78,94571,4,0.0,2992,2627,91944
11,94582,4,0.0,2993,2627,91955
30,94612,4,0.0,2994,2627,91985
51,94663,4,0.0,2995,2627,92036
17,94680,4,0.0,2996,2627,92053
28,94708,4,0.0,2997,2627,92081
13,94721,4,0.0,2998,2627,92094
18,94739,4,0.0,2999,2627,92112
48,94787,4,0.0,3000,2627,92160
30,94817,4,0.0,3001,2627,92190
46,94863,4,0.0,3002,2627,92236
32,94895,4,0.0,3003,2627,92268
50,94945,4,0.0,3004,2627,92318
21,94966,4,0.0,3005,2627,92339
19,94985,4,0.0,3006,2627,92358
6,94991,4,0.0,3007,2627,92364
10,95001,4,0.0,3008,2627,92374
78,95079,4,0.0,3009,2627,92452
55,95134,4,0.0,3010,2627,92507
33,95167,4,0.0,3011,2627,92540
7,95174,4,0.0,3012,2627,92547
18,95192,4,0.0,3013,2627,92565
18,95210,4,0.0,3014,2627,92583
24,95234,4,0.0,3015,2627,92607
31,95265,4,0.0,3016,2627,92638
43,95308,4,0.0,3017,2627,92681
32,95340,4,0.0,3018,2627,92713
93,95433,4,0.0,3019,2628,92805
66,95499,4,0.0,3020,2628,92871
16,95515,4,0.0,3021,2628,92887
61,95576,4,0.0,3022,2628,92948
37,95613,4,0.0,3023,2629,92984
100,95713,4,0.0,3024,2629,93084
34,95747,4,0.0,3025,2629,93118
16,95763,4,0.0,3026,2629,93134
25,95788,4,0.0,3027,2629,93159
15,95803,4,0.0,3028,2629,93174
23,95826,4,0.0,3029,2629,93197
30,95856,4,0.0,3030,2629,93227
59,95915,4,0.0,3031,2629,93286
57,95972,4,0.0,3032,2629,93343
14,95986,4,0.0,3033,2629,93357
34,96020,4,0.0,3034,2629,93391
13,96033,4,0.0,3035,2629,93404
23,96056,4,0.0,3036,2629,93427
20,96076,4,0.0,3037,2629,93447
8,96084,4,0.0,3038,2629,93455
12,96096,4,0.0,3039,2629,93467
78,96174,4,0.0,3040,2629,93545
43,96217,4,0.0,3041,2629,93588
17,96234,4,0.0,3042,2629,93605
99,96333,4,0.0,3043,2629,93704
49,96382,4,0.0,3044,2629,93753
46,96428,4,0.0,3045,2629,93799
22,96450,4,0.0,3046,2629,93821
18,96468,4,0.0,3047,2629,93839
13,96481,4,0.0,3048,2629,93852
16,96497,4,0.0,3049,2629,93868
45,96542,4,0.0,3050,2629,93913
31,96573,4,0.0,3051,2629,93944
34,96607,4,0.0,3052,2629,93978
15,96622,4,0.0,3053,2629,93993
85,96707,4,0.0,3054,2629,94078
5,96712,4,0.0,3055,2629,94083
14,96726,4,0.0,3056,2629,94097
14,96740,4,0.0,3057,2629,94111
49,96789,4,0.0,3058,2629,94160
63,96852,4,0.0,3059,2629,94223
15,96867,4,0.0,3060,2629,94238
41,96908,4,0.0,3061,2629,94279
22,96930,4,0.0,3062,2629,94301
37,96967,4,0.0,3063,2629,94338
49,97016,4,0.0,3064,2629,94387
22,97038,4,0.0,3065,2629,94409
82,97120,4,0.0,3066,2629,94491
8,97128,4,0.0,3067,2629,94499
27,97155,4,0.0,3068,2629,94526
30,97185,4,0.0,3069,2629,94556
23,97208,4,0.0,3070,2629,94579
6,97214,4,0.0,3071,2629,94585
18,97232,4,0.0,3072,2629,94603
58,97290,4,0.0,3073,2629,94661
16,97306,4,0.0,3074,2629,94677
48,97354,4,0.0,3075,2629,94725
13,97367,4,0.0,3076,2629,94738
21,97388,4,0.0,3077,2629,94759
8,97396,4,0.0,3078,2629,94767
29,97425,4,0.0,3079,2629,94796
16,97441,4,0.0,3080,2629,94812
40,97481,4,0.0,3081,2629,94852
8,97489,4,0.0,3082,2629,94860
24,97513,4,0.0,3083,2629,94884
49,97562,4,0.0,3084,2629,94933
17,97579,4,0.0,3085,2629,94950
52,97631,4,0.0,3086,2629,95002
22,97653,4,0.0,3087,2629,95024
21,97674,4,0.0,3088,2629,95045
25,97699,4,0.0,3089,2629,95070
72,97771,4,0.0,3090,2629,95142
23,97794,4,0.0,3091,2629,95165
47,97841,4,0.0,3092,2629,95212
34,97875,4,0.0,3093,2629,95246
55,97930,4,0.0,3094,2629,95301
22,97952,4,0.0,3095,2629,95323
35,97987,4,0.0,3096,2629,95358
44,98031,4,0.0,3097,2629,95402
12,98043,4,0.0,3098,2629,95414
14,98057,4,0.0,3099,2629,95428
10,98067,4,0.0,3100,2629,95438
22,98089,4,0.0,3101,2629,95460
10,98099,4,0.0,3102,2629,95470
24,98123,4,0.0,3103,2629,95494
39,98162,4,0.0,3104,2629,95533
47,98209,4,0.0,3105,2629,95580
18,98227,4,0.0,3106,2629,95598
39,98266,4,0.0,3107,2629,95637
29,98295,4,0.0,3108,2629,95666
13,98308,4,0.0,3109,2629,95679
62,98370,4,0.0,3110,2629,95741
6,98376,4,0.0,3111,2629,95747
20,98396,4,0.0,3112,2629,95767
24,98420,4,0.0,3113,2629,95791
27,98447,4,0.0,3114,2629,95818
29,98476,4,0.0,3115,2629,95847
61,98537,4,0.0,3116,2629,95908
31,98568,4,0.0,3117,2629,95939
6,98574,4,0.0,3118,2629,95945
8,98582,4,0.0,3119,2629,95953
10,98592,4,0.0,3120,2629,95963
10,98602,4,0.0,3121,2629,95973
16,98618,4,0.0,3122,2629,95989
14,98632,4,0.0,3123,2629,96003
19,98651,4,0.0,3124,2629,96022
18,98669,4,0.0,3125,2629,96040
14,98683,4,0.0,3126,2629,96054
23,98706,4,0.0,3127,2629,96077
17,98723,4,0.0,3128,2629,96094
13,98736,4,0.0,3129,2629,96107
45,98781,4,0.0,3130,2629,96152
20,98801,4,0.0,3131,2629,96172
18,98819,4,0.0,3132,2629,96190
17,98836,4,0.0,3133,2629,96207
45,98881,4,0.0,3134,2629,96252
21,98902,4,0.0,3135,2629,96273
45,98947,4,0.0,3136,2629,96318
79,99026,4,0.0,3137,2629,96397
14,99040,4,0.0,3138,2629,96411
9,99049,4,0.0,3139,2629,96420
62,99111,4,0.0,3140,2629,96482
65,99176,4,0.0,3141,2629,96547
10,99186,4,0.0,3142,2629,96557
28,99214,4,0.0,3143,2629,96585
36,99250,4,0.0,3144,2629,96621
47,99297,4,0.0,3145,2629,96668
34,99331,4,0.0,3146,2629,96702
59,99390,4,0.0,3147,2629,96761
9,99399,4,0.0,3148,2629,96770
29,99428,4,0.0,3149,2629,96799
58,99486,4,0.0,3150,2629,96857
54,99540,4,0.0,3151,2629,96911
14,99554,4,0.0,3152,2629,96925
76,99630,4,0.0,3153,2629,97001
23,99653,4,0.0,3154,2629,97024
26,99679,4,0.0,3155,2629,97050
8,99687,4,0.0,3156,2629,97058
26,99713,4,0.0,3157,2629,97084
12,99725,4,0.0,3158,2629,97096
49,99774,4,0.0,3159,2629,97145
15,99789,4,0.0,3160,2629,97160
17,99806,4,0.0,3161,2629,97177
7,99813,4,0.0,3162,2629,97184
17,99830,4,0.0,3163,2629,97201
14,99844,4,0.0,3164,2629,97215
100,99944,4,0.0,3165,2629,97315
26,99970,4,0.0,3166,2629,97341
