iteration,successes,successes_episode,reward_episode,episode_count,random_act,timestep,epsilon
27,27,0,0.0,1,27,0,1.0
51,78,0,0.0,2,78,0,0.9901493354116764
17,95,0,0.0,3,95,0,0.9803966865736877
27,122,0,0.0,4,121,1,0.970741078213023
44,166,0,0.0,5,161,5,0.9611815447608
25,191,0,0.0,6,184,7,0.9517171302557069
38,229,0,0.0,7,221,8,0.9423468882484062
47,276,0,0.0,8,266,10,0.9330698817068888
13,289,0,0.0,9,278,11,0.9238851829227694
14,303,0,0.0,10,292,11,0.9147918734185159
31,334,0,0.0,11,321,13,0.9057890438555999
36,370,0,0.0,12,354,16,0.896875793943563
76,446,0,0.0,13,424,22,0.888051232349986
10,456,0,0.0,14,434,22,0.8793144766113556
20,476,0,0.0,15,452,24,0.8706646530448178
73,549,0,0.0,16,511,38,0.8621008966608072
23,572,0,0.0,17,532,40,0.8536223510765493
18,590,0,0.0,18,548,42,0.8452281684304199
90,680,0,0.0,19,620,60,0.8369175092971592
56,736,0,0.0,20,666,70,0.8286895426039287
25,761,0,0.0,21,686,75,0.820543445547202
44,805,0,0.0,22,723,82,0.8124784035104852
20,825,0,0.0,23,739,86,0.8044936099828537
13,838,0,0.0,24,749,89,0.7965882664783007
17,855,0,0.0,25,766,89,0.7887615824558879
83,938,0,0.0,26,830,108,0.7810127752406908
18,956,0,0.0,27,847,109,0.7733410699455306
19,975,0,0.0,28,862,113,0.7657456993934846
32,1007,0,0.0,29,882,125,0.7582259040411682
27,1034,0,0.0,30,903,131,0.7507809319027796
20,1054,0,0.0,31,918,136,0.7434100384749007
16,1070,0,0.0,32,930,140,0.7361124866620463
54,1124,0,0.0,33,973,151,0.7288875467029541
24,1148,0,0.0,34,989,159,0.7217344960976069
26,1174,0,0.0,35,1007,167,0.7146526195349836
9,1183,0,0.0,36,1013,170,0.7076412088215263
6,1189,0,0.0,37,1017,172,0.7006995628103208
7,1196,0,0.0,38,1021,175,0.6938269873309811
22,1218,0,0.0,39,1033,185,0.6870227951202322
36,1254,0,0.0,40,1062,192,0.680286305753183
64,1318,0,0.0,41,1103,215,0.6736168455752829
15,1333,0,0.0,42,1113,220,0.6670137476349562
24,1357,0,0.0,43,1128,229,0.6604763516169062
28,1385,0,0.0,44,1144,241,0.6540040037760834
66,1451,0,0.0,45,1185,266,0.64759605687231
86,1537,0,0.0,46,1236,301,0.6412518701055556
25,1562,0,0.0,47,1248,314,0.6349708090518567
27,1589,0,0.0,48,1272,317,0.6287522455998737
100,1689,0,0.0,49,1331,358,0.6225955578880794
55,1744,0,0.0,50,1365,379,0.616500130242572
51,1795,0,0.0,51,1397,398,0.6104653531155071
88,1883,0,0.0,52,1451,432,0.6044906230241432
78,1961,0,0.0,53,1497,464,0.5985753424904925
56,2017,0,0.0,54,1537,480,0.5927189199815717
42,2059,0,0.0,55,1569,490,0.5869207698502498
21,2080,0,0.0,56,1581,499,0.5811803122766818
30,2110,0,0.0,57,1602,508,0.5754969732103268
83,2193,0,0.0,58,1647,546,0.5698701843125418
33,2226,0,0.0,59,1667,559,0.564299382899748
69,2295,0,0.0,60,1711,584,0.558784011887162
7,2302,0,0.0,61,1716,586,0.5533235197330862
61,2363,0,0.0,62,1752,611,0.5479173603837548
58,2421,0,0.0,63,1781,640,0.5425649932187278
73,2494,0,0.0,64,1812,682,0.5372658829968282
29,2523,0,0.0,65,1826,697,0.5320194998026181
73,2596,0,0.0,66,1873,723,0.5268253189934059
34,2630,0,0.0,67,1896,734,0.5216828211467822
39,2669,0,0.0,68,1917,752,0.516591492008677
23,2692,0,0.0,69,1930,762,0.5115508224419336
18,2710,0,0.0,70,1942,768,0.5065603083753949
52,2762,0,0.0,71,1968,794,0.5016194507534953
17,2779,0,0.0,72,1976,803,0.49672775548635545
100,2879,0,0.0,73,2020,859,0.491884733400372
47,2926,0,0.0,74,2045,881,0.48708990018930043
68,2994,0,0.0,75,2077,917,0.48234277636582407
54,3048,0,0.0,76,2107,941,0.47764288721360454
100,3148,0,0.0,77,2153,995,0.47298976273981014
34,3182,0,0.0,78,2171,1011,0.4683829376281158
47,3229,0,0.0,79,2193,1036,0.4638219511921713
86,3315,0,0.0,80,2226,1089,0.4593063473295323
58,3373,0,0.0,81,2254,1119,0.45483567447604933
77,3450,0,0.0,82,2293,1157,0.4504094855607117
43,3493,0,0.0,83,2313,1180,0.44602733796093924
61,3554,0,0.0,84,2338,1216,0.4416887934583202
79,3633,0,0.0,85,2366,1267,0.43739341819478894
36,3669,0,0.0,86,2387,1282,0.43314078262923944
100,3769,0,0.0,87,2434,1335,0.4289304614945713
100,3869,0,0.0,88,2465,1404,0.42476203375516264
78,3947,0,0.0,89,2493,1454,0.42063508256476556
53,4000,0,0.0,90,2523,1477,0.41654919522482203
81,4081,0,0.0,91,2561,1520,0.4125039631431931
43,4124,0,0.0,92,2583,1541,0.40849898179329963
92,4216,0,0.0,93,2624,1592,0.404533850673669
80,4296,0,0.0,94,2658,1638,0.40060817326788506
13,4309,0,0.0,95,2664,1645,0.3967215570049359
50,4359,0,0.0,96,2683,1676,0.3928736132199562
72,4431,0,0.0,97,2711,1720,0.38906395711536096
62,4493,0,0.0,98,2735,1758,0.38529220772236483
53,4546,0,0.0,99,2751,1795,0.3815579878628856
85,4631,0,0.0,100,2788,1843,0.37786092411182526
90,4721,0,0.0,101,2828,1893,0.3742006467597279
27,4748,0,0.0,102,2838,1910,0.3705767897758081
30,4778,0,0.0,103,2847,1931,0.3669889907713475
27,4805,0,0.0,104,2860,1945,0.36343689096345594
51,4856,0,0.0,105,2879,1977,0.35992013513919235
23,4879,0,0.0,106,2887,1992,0.35643837162004377
57,4936,0,0.0,107,2906,2030,0.3529912522267568
51,4987,0,0.0,108,2925,2062,0.34957843224451957
64,5051,0,0.0,109,2948,2103,0.34619957038848975
100,5151,0,0.0,110,2985,2166,0.34285432876966604
53,5204,0,0.0,111,3005,2199,0.3395423728610988
53,5257,0,0.0,112,3015,2242,0.3362633714644372
57,5314,0,0.0,113,3031,2283,0.33301699667680906
58,5372,0,0.0,114,3047,2325,0.3298029238580304
100,5472,0,0.0,115,3079,2393,0.3266208315981408
91,5563,0,0.0,116,3099,2464,0.32347040168526264
50,5613,0,0.0,117,3108,2505,0.3203513190737793
65,5678,0,0.0,118,3130,2548,0.3172632718528302
80,5758,0,0.0,119,3157,2601,0.31420595121511996
52,5810,0,0.0,120,3174,2636,0.311179051426037
34,5844,0,0.0,121,3189,2655,0.3081822697930801
64,5908,0,0.0,122,3210,2698,0.3052153066355885
60,5968,0,0.0,123,3229,2739,0.30227786525477407
51,6019,0,0.0,124,3244,2775,0.29936965190405085
39,6058,0,0.0,125,3253,2805,0.29649037575966014
78,6136,0,0.0,126,3282,2854,0.29363974889158817
39,6175,0,0.0,127,3294,2881,0.2908174862347727
85,6260,0,0.0,128,3313,2947,0.28802330556059597
100,6360,0,0.0,129,3342,3018,0.2852569274486622
56,6416,0,0.0,130,3357,3059,0.2825180752588548
36,6452,0,0.0,131,3370,3082,0.27980647510367246
68,6520,0,0.0,132,3382,3138,0.2771218558208399
82,6602,0,0.0,133,3408,3194,0.27446394894619186
87,6689,0,0.0,134,3422,3267,0.27183248868682575
100,6789,0,0.0,135,3443,3346,0.26922721189452276
76,6865,0,0.0,136,3467,3398,0.2666478580394326
51,6916,0,0.0,137,3481,3435,0.26409416918402034
100,7016,0,0.0,138,3512,3504,0.26156588995727226
48,7064,0,0.0,139,3524,3540,0.2590627675291589
33,7097,0,0.0,140,3531,3566,0.2565845515853515
35,7132,0,0.0,141,3543,3589,0.2541309943021904
54,7186,0,0.0,142,3559,3627,0.25170185032190273
49,7235,0,0.0,143,3575,3660,0.24929687672806608
100,7335,0,0.0,144,3597,3738,0.246915833021317
65,7400,0,0.0,145,3614,3786,0.24455848109530054
100,7500,0,0.0,146,3639,3861,0.2422245852128597
32,7532,0,0.0,147,3648,3884,0.23991391198246126
58,7590,0,0.0,148,3661,3929,0.2376262303348566
89,7679,0,0.0,149,3685,3994,0.2353613114999746
52,7731,0,0.0,150,3694,4037,0.23311892898404435
53,7784,0,0.0,151,3712,4072,0.23089885854694553
100,7884,0,0.0,152,3731,4153,0.22870087817978443
80,7964,0,0.0,153,3753,4211,0.22652476808269262
100,8064,0,0.0,154,3777,4287,0.22437031064284702
85,8149,0,0.0,155,3793,4356,0.22223729041270818
61,8210,0,0.0,156,3802,4408,0.22012549408847562
69,8279,0,0.0,157,3820,4459,0.21803471048875708
100,8379,0,0.0,158,3843,4536,0.21596473053345028
70,8449,0,0.0,159,3860,4589,0.21391534722283462
25,8474,0,0.0,160,3867,4607,0.2118863556168713
75,8549,0,0.0,161,3878,4671,0.20987755281470882
56,8605,0,0.0,162,3892,4713,0.20788873793439305
55,8660,0,0.0,163,3903,4757,0.2059197120927785
53,8713,0,0.0,164,3916,4797,0.20397027838564025
78,8791,0,0.0,165,3933,4858,0.20204024186798297
81,8872,0,0.0,166,3947,4925,0.20012940953454655
79,8951,0,0.0,167,3964,4987,0.1982375903005053
100,9051,0,0.0,168,3977,5074,0.19636459498235934
100,9151,0,0.0,169,4006,5145,0.19451023627901587
100,9251,0,0.0,170,4028,5223,0.19267432875305937
48,9299,0,0.0,171,4034,5265,0.19085668881220733
94,9393,0,0.0,172,4049,5344,0.1890571346909509
100,9493,0,0.0,173,4063,5430,0.1872754864323783
58,9551,0,0.0,174,4080,5471,0.18551156587017906
72,9623,0,0.0,175,4096,5527,0.1837651966108269
50,9673,0,0.0,176,4107,5566,0.1820362040159407
58,9731,0,0.0,177,4118,5613,0.18032441518482004
87,9818,0,0.0,178,4135,5683,0.17862965893715535
100,9918,0,0.0,179,4151,5767,0.17695176579590954
100,10018,0,0.0,180,4165,5853,0.1752905679703703
81,10099,0,0.0,181,4176,5923,0.17364589933937066
100,10199,0,0.0,182,4192,6007,0.172017595434677
100,10299,0,0.0,183,4208,6091,0.17040549342454195
76,10375,0,0.0,184,4218,6157,0.16880943209742102
53,10428,0,0.0,185,4227,6201,0.16722925184585147
70,10498,0,0.0,186,4239,6259,0.16566479465049133
82,10580,0,0.0,187,4252,6328,0.16411590406431734
69,10649,0,0.0,188,4268,6381,0.1625824251969801
58,10707,0,0.0,189,4281,6426,0.16106420469931504
100,10807,0,0.0,190,4296,6511,0.15956109074800714
100,10907,0,0.0,191,4319,6588,0.1580729330304087
39,10946,0,0.0,192,4327,6619,0.15659958272950783
57,11003,0,0.0,193,4338,6665,0.15514089250904667
69,11072,0,0.0,194,4347,6725,0.1536967164987875
100,11172,0,0.0,195,4362,6810,0.1522669102799259
69,11241,0,0.0,196,4374,6867,0.15085133087064845
50,11291,0,0.0,197,4384,6907,0.14944983671183457
100,11391,0,0.0,198,4394,6997,0.14806228765290044
58,11449,0,0.0,199,4403,7046,0.1466885449377839
81,11530,0,0.0,200,4413,7117,0.14532847119106862
100,11630,0,0.0,201,4425,7205,0.1439819304042466
100,11730,0,0.0,202,4432,7298,0.14264878792211688
51,11781,0,0.0,203,4444,7337,0.1413289104293205
58,11839,0,0.0,204,4458,7381,0.14002216593700811
83,11922,0,0.0,205,4462,7460,0.13872842376964165
86,12008,0,0.0,206,4474,7534,0.1374475545519262
100,12108,0,0.0,207,4485,7623,0.13617943019587256
86,12194,0,0.0,208,4498,7696,0.13492392388798838
83,12277,0,0.0,209,4505,7772,0.13368091007659658
100,12377,0,0.0,210,4519,7858,0.1324502644592803
100,12477,0,0.0,211,4526,7951,0.13123186397045208
50,12527,0,0.0,212,4531,7996,0.13002558676904785
72,12599,0,0.0,213,4545,8054,0.12883131222634217
100,12699,0,0.0,214,4563,8136,0.12764892091388555
59,12758,0,0.0,215,4571,8187,0.1264782945915614
100,12858,0,0.0,216,4587,8271,0.125319316195762
76,12934,0,0.0,217,4598,8336,0.12417186982768189
88,13022,0,0.0,218,4611,8411,0.12303584074172813
57,13079,0,0.0,219,4619,8460,0.12191111533404535
100,13179,0,0.0,220,4627,8552,0.12079758113115559
94,13273,0,0.0,221,4637,8636,0.11969512677871053
68,13341,0,0.0,222,4652,8689,0.11860364203035628
100,13441,0,0.0,223,4664,8777,0.11752301773670837
100,13541,0,0.0,224,4670,8871,0.116453145834437
48,13589,0,0.0,225,4683,8906,0.11539391933546027
100,13689,0,0.0,226,4696,8993,0.11434523231624569
58,13747,0,0.0,227,4700,9047,0.11330697990721733
58,13805,0,0.0,228,4709,9096,0.1122790582822692
12,13817,0,0.0,229,4713,9104,0.11126136464838206
100,13917,0,0.0,230,4729,9188,0.11025379723534455
60,13977,0,0.0,231,4735,9242,0.10925625528557566
100,14077,0,0.0,232,4743,9334,0.1082686390440492
100,14177,0,0.0,233,4748,9429,0.10729084974831793
100,14277,0,0.0,234,4758,9519,0.10632278961863742
100,14377,0,0.0,235,4765,9612,0.10536436184818809
100,14477,0,0.0,236,4773,9704,0.10441547059339411
80,14557,0,0.0,237,4781,9776,0.10347602096433932
100,14657,0,0.0,238,4788,9869,0.10254591901527788
82,14739,0,0.0,239,4799,9940,0.10162507173523985
86,14825,0,0.0,240,4807,10018,0.10071338703872978
78,14903,0,0.0,241,4813,10090,0.09981077375651838
59,14962,0,0.0,242,4820,10142,0.09891714162652515
64,15026,0,0.0,243,4824,10202,0.09803240128479247
100,15126,0,0.0,244,4836,10290,0.09715646425654882
100,15226,0,0.0,245,4844,10382,0.09628924294736148
100,15326,0,0.0,246,4856,10470,0.09543065063437678
77,15403,0,0.0,247,4864,10539,0.09458060145764802
88,15491,0,0.0,248,4868,10623,0.09373901041154904
57,15548,0,0.0,249,4874,10674,0.092905793336274
75,15623,0,0.0,250,4881,10742,0.09208086690942092
100,15723,0,0.0,251,4888,10835,0.0912641486376598
44,15767,0,0.0,252,4893,10874,0.09045555684848275
100,15867,0,0.0,253,4901,10966,0.08965501068203711
100,15967,0,0.0,254,4905,11062,0.08886243008303903
100,16067,0,0.0,255,4915,11152,0.08807773579276819
100,16167,0,0.0,256,4919,11248,0.08730084934114159
100,16267,0,0.0,257,4926,11341,0.08653169303886674
100,16367,0,0.0,258,4930,11437,0.0857701899696724
56,16423,0,0.0,259,4934,11489,0.08501626398261702
84,16507,0,0.0,260,4939,11568,0.0842698396844737
60,16567,0,0.0,261,4946,11621,0.08353084243219053
83,16650,0,0.0,262,4955,11695,0.08279919832542652
100,16750,0,0.0,263,4962,11788,0.08207483419916123
78,16828,0,0.0,264,4971,11857,0.08135767761637844
70,16898,0,0.0,265,4978,11920,0.08064765686082219
100,16998,0,0.0,266,4986,12012,0.0799447009298253
100,17098,0,0.0,267,4993,12105,0.0792487395272088
100,17198,0,0.0,268,5002,12196,0.07855970305625253
58,17256,0,0.0,269,5008,12248,0.07787752261273513
83,17339,0,0.0,270,5014,12325,0.07720212997804382
100,17439,0,0.0,271,5022,12417,0.07653345761235225
58,17497,0,0.0,272,5028,12469,0.07587143864786668
100,17597,0,0.0,273,5033,12564,0.07521600688213892
100,17697,0,0.0,274,5038,12659,0.07456709677144624
63,17760,0,0.0,275,5048,12712,0.07392464342423678
100,17860,0,0.0,276,5056,12804,0.0732885825946405
88,17948,0,0.0,277,5063,12885,0.07265885067604429
100,18048,0,0.0,278,5067,12981,0.07203538469473161
58,18106,0,0.0,279,5071,13035,0.0714181223035847
83,18189,0,0.0,280,5081,13108,0.07080700177585013
100,18289,0,0.0,281,5087,13202,0.07020196199896576
100,18389,0,0.0,282,5094,13295,0.06960294246844981
56,18445,0,0.0,283,5098,13347,0.06900988328184997
73,18518,0,0.0,284,5101,13417,0.06842272513275337
58,18576,0,0.0,285,5104,13472,0.06784140930485581
100,18676,0,0.0,286,5110,13566,0.06726587766609007
57,18733,0,0.0,287,5115,13618,0.06669607266281269
74,18807,0,0.0,288,5118,13689,0.06613193731404843
100,18907,0,0.0,289,5125,13782,0.06557341520579238
58,18965,0,0.0,290,5128,13837,0.06502045048536823
100,19065,0,0.0,291,5130,13935,0.06447298785584316
63,19128,0,0.0,292,5135,13993,0.06393097257049796
100,19228,0,0.0,293,5136,14092,0.06339435042735246
100,19328,0,0.0,294,5142,14186,0.06286306776374512
100,19428,0,0.0,295,5147,14281,0.06233707145096687
82,19510,0,0.0,296,5151,14359,0.06181630888894806
53,19563,0,0.0,297,5156,14407,0.061300728000998575
100,19663,0,0.0,298,5166,14497,0.06079027722859992
53,19716,0,0.0,299,5170,14546,0.060284905526249516
55,19771,0,0.0,300,5175,14596,0.05978456235635595
81,19852,0,0.0,301,5177,14675,0.05928919768418531
52,19904,0,0.0,302,5180,14724,0.05879876197285753
100,20004,0,0.0,303,5186,14818,0.058313206178392835
88,20092,0,0.0,304,5192,14900,0.05783248174480709
51,20143,0,0.0,305,5198,14945,0.057356540599256385
100,20243,0,0.0,306,5200,15043,0.0568853351472295
100,20343,0,0.0,307,5205,15138,0.0564188182677886
100,20443,0,0.0,308,5209,15234,0.05595694330885694
91,20534,0,0.0,309,5215,15319,0.05549966408255377
82,20616,0,0.0,310,5219,15397,0.05504693486057535
100,20716,0,0.0,311,5220,15496,0.05459871036962222
100,20816,0,0.0,312,5227,15589,0.05415494578687179
100,20916,0,0.0,313,5237,15679,0.05371559673549593
89,21005,0,0.0,314,5246,15759,0.053280619280223436
100,21105,0,0.0,315,5252,15853,0.05284996992294624
64,21169,0,0.0,316,5259,15910,0.05242360559836979
100,21269,0,0.0,317,5267,16002,0.05200148366970627
94,21363,0,0.0,318,5275,16088,0.051583561924411096
51,21414,0,0.0,319,5282,16132,0.05116979856996143
52,21466,0,0.0,320,5286,16180,0.050760152229677065
100,21566,0,0.0,321,5293,16273,0.05035458193858255
100,21666,0,0.0,322,5295,16371,0.049953047139310834
100,21766,0,0.0,323,5302,16464,0.04955550767804736
100,21866,0,0.0,324,5306,16560,0.04916192380051474
100,21966,0,0.0,325,5309,16657,0.0487722561479972
100,22066,0,0.0,326,5311,16755,0.04838646575340479
68,22134,0,0.0,327,5314,16820,0.04800451403737654
100,22234,0,0.0,328,5318,16916,0.04762636280442257
100,22334,0,0.0,329,5320,17014,0.04725197423910444
56,22390,0,0.0,330,5326,17064,0.04688131090225365
73,22463,0,0.0,331,5330,17133,0.046514335727227595
58,22521,0,0.0,332,5337,17184,0.046151012016203
57,22578,0,0.0,333,5340,17238,0.04579130343650595
61,22639,0,0.0,334,5341,17298,0.04543517401697875
58,22697,0,0.0,335,5343,17354,0.04508258814438266
64,22761,0,0.0,336,5350,17411,0.04473351055983658
100,22861,0,0.0,337,5354,17507,0.044387906355291176
64,22925,0,0.0,338,5357,17568,0.04404574097003798
100,23025,0,0.0,339,5358,17667,0.04370698018725335
100,23125,0,0.0,340,5361,17764,0.043371590130576676
77,23202,0,0.0,341,5365,17837,0.04303953726072282
100,23302,0,0.0,342,5368,17934,0.042710788372128064
100,23402,0,0.0,343,5371,18031,0.042385310589629625
100,23502,0,0.0,344,5380,18122,0.04206307136517797
51,23553,0,0.0,345,5384,18169,0.04174403847458216
100,23653,0,0.0,346,5388,18265,0.04142818001428726
100,23753,0,0.0,347,5394,18359,0.04111546439818403
100,23853,0,0.0,348,5396,18457,0.04080586035445025
100,23953,0,0.0,349,5397,18556,0.040499336922423565
100,24053,0,0.0,350,5405,18648,0.040195863449505306
100,24153,0,0.0,351,5408,18745,0.039895409588095315
100,24253,0,0.0,352,5412,18841,0.039597945292557044
100,24353,0,0.0,353,5415,18938,0.03930344081621308
100,24453,0,0.0,354,5418,19035,0.03901186670837034
100,24553,0,0.0,355,5420,19133,0.03872319381137508
100,24653,0,0.0,356,5422,19231,0.03843739325769703
68,24721,0,0.0,357,5425,19296,0.03815443646704266
58,24779,0,0.0,358,5427,19352,0.03787429514349709
100,24879,0,0.0,359,5431,19448,0.03759694127269454
100,24979,0,0.0,360,5432,19547,0.037322347119016795
79,25058,0,0.0,361,5437,19621,0.03705048522281963
90,25148,0,0.0,362,5442,19706,0.03678132839768691
100,25248,0,0.0,363,5444,19804,0.036514849727711796
100,25348,0,0.0,364,5447,19901,0.03625102256480524
100,25448,0,0.0,365,5454,19994,0.03598982052603108
100,25548,0,0.0,366,5454,20094,0.0357312174909678
100,25648,0,0.0,367,5457,20191,0.03547518759909634
100,25748,0,0.0,368,5459,20289,0.035221705247214206
51,25799,0,0.0,369,5462,20337,0.03497074508687494
100,25899,0,0.0,370,5462,20437,0.034722282021853394
100,25999,0,0.0,371,5465,20534,0.034476291205635994
100,26099,0,0.0,372,5465,20634,0.034232748038936146
100,26199,0,0.0,373,5465,20734,0.0339916281672342
100,26299,0,0.0,374,5465,20834,0.03375290747834208
58,26357,0,0.0,375,5466,20891,0.033516562099991945
100,26457,0,0.0,376,5467,20990,0.03328256839744902
100,26557,0,0.0,377,5467,21090,0.03305090297114803
100,26657,0,0.0,378,5468,21189,0.03282154265435332
65,26722,0,0.0,379,5469,21253,0.03259446451084204
88,26810,0,0.0,380,5471,21339,0.03236964583261064
100,26910,0,0.0,381,5476,21434,0.03214706413760394
100,27010,0,0.0,382,5477,21533,0.03192669716746694
100,27110,0,0.0,383,5479,21631,0.031708522885318995
86,27196,0,0.0,384,5482,21714,0.031492519473550085
58,27254,0,0.0,385,5485,21769,0.031278665331639026
70,27324,0,0.0,386,5487,21837,0.031066939073993396
100,27424,0,0.0,387,5487,21937,0.030857319527811018
100,27524,0,0.0,388,5490,22034,0.030649785730962574
100,27624,0,0.0,389,5492,22132,0.030444316929895437
100,27724,0,0.0,390,5493,22231,0.030240892577558277
100,27824,0,0.0,391,5494,22330,0.030039492331346347
65,27889,0,0.0,392,5496,22393,0.029840096051067175
100,27989,0,0.0,393,5499,22490,0.029642683796926583
100,28089,0,0.0,394,5500,22589,0.02944723582753464
59,28148,0,0.0,395,5503,22645,0.029253732597931535
88,28236,0,0.0,396,5505,22731,0.029062154757633053
100,28336,0,0.0,397,5506,22830,0.02887248314869552
100,28436,0,0.0,398,5509,22927,0.028684698803799973
100,28536,0,0.0,399,5510,23026,0.02849878294435545
58,28594,0,0.0,400,5511,23083,0.02831471697862105
100,28694,0,0.0,401,5512,23182,0.028132482499846838
83,28777,0,0.0,402,5515,23262,0.027952061284433068
100,28877,0,0.0,403,5517,23360,0.02777343529010782
100,28977,0,0.0,404,5519,23458,0.027596586654122846
50,29027,0,0.0,405,5521,23506,0.027421497691467157
100,29127,0,0.0,406,5524,23603,0.02724815089309858
100,29227,0,0.0,407,5529,23698,0.0270765289241928
100,29327,0,0.0,408,5530,23797,0.026906614622409945
100,29427,0,0.0,409,5535,23892,0.026738390996178224
100,29527,0,0.0,410,5540,23987,0.026571841222994823
100,29627,0,0.0,411,5543,24084,0.026406948647743643
100,29727,0,0.0,412,5544,24183,0.026243696781029717
100,29827,0,0.0,413,5546,24281,0.026082069297530375
100,29927,0,0.0,414,5550,24377,0.02592205003436255
86,30013,0,0.0,415,5554,24459,0.025763622989466578
100,30113,0,0.0,416,5556,24557,0.025606772320005942
100,30213,0,0.0,417,5561,24652,0.025451482340783003
58,30271,0,0.0,418,5563,24708,0.02529773752267042
100,30371,0,0.0,419,5566,24805,0.025145522491058264
100,30471,0,0.0,420,5567,24904,0.02499482202431651
100,30571,0,0.0,421,5569,25002,0.024845621052272927
100,30671,0,0.0,422,5570,25101,0.024697904654705963
100,30771,0,0.0,423,5573,25198,0.024551658059852766
82,30853,0,0.0,424,5578,25275,0.024406866642931964
100,30953,0,0.0,425,5581,25372,0.024263515924681227
100,31053,0,0.0,426,5585,25468,0.024121591569909263
100,31153,0,0.0,427,5588,25565,0.023981079386062323
100,31253,0,0.0,428,5589,25664,0.023841965321804916
100,31353,0,0.0,429,5593,25760,0.023704235465614704
100,31453,0,0.0,430,5593,25860,0.023567876044391298
100,31553,0,0.0,431,5594,25959,0.023432873422078924
100,31653,0,0.0,432,5595,26058,0.02329921409830285
100,31753,0,0.0,433,5597,26156,0.02316688470701933
100,31853,0,0.0,434,5598,26255,0.023035872015178954
100,31953,0,0.0,435,5599,26354,0.022906162921403357
100,32053,0,0.0,436,5599,26454,0.022777744454675064
100,32153,0,0.0,437,5599,26554,0.0226506037730404
100,32253,0,0.0,438,5601,26652,0.02252472816232525
72,32325,0,0.0,439,5602,26723,0.022400105034863643
100,32425,0,0.0,440,5603,26822,0.02227672192823897
50,32475,0,0.0,441,5605,26870,0.02215456650403775
89,32564,0,0.0,442,5608,26956,0.022033626546615788
100,32664,0,0.0,443,5609,27055,0.021913889961876536
100,32764,0,0.0,444,5611,27153,0.02179534477606175
100,32864,0,0.0,445,5616,27248,0.02167797913455405
58,32922,0,0.0,446,5619,27303,0.021561781300691488
87,33009,0,0.0,447,5623,27386,0.02144673965459385
100,33109,0,0.0,448,5623,27486,0.021332842692000656
100,33209,0,0.0,449,5624,27585,0.021220079023120713
100,33309,0,0.0,450,5624,27685,0.02110843737149319
100,33409,0,0.0,451,5625,27784,0.02099790657285988
60,33469,0,0.0,452,5626,27843,0.020888475574048812
100,33569,0,0.0,453,5627,27942,0.020780133431868894
100,33669,0,0.0,454,5628,28041,0.020672869312015653
100,33769,0,0.0,455,5628,28141,0.020566672487987697
100,33869,0,0.0,456,5629,28240,0.02046153234001413
100,33969,0,0.0,457,5635,28334,0.02035743835399253
100,34069,0,0.0,458,5638,28431,0.020254380120437558
100,34169,0,0.0,459,5642,28527,0.02015234733343998
100,34269,0,0.0,460,5644,28625,0.020051329789636065
100,34369,0,0.0,461,5646,28723,0.01995131738718724
100,34469,0,0.0,462,5648,28821,0.019852300124769934
100,34569,0,0.0,463,5649,28920,0.019754268100575387
100,34669,0,0.0,464,5651,29018,0.019657211511319474
100,34769,0,0.0,465,5656,29113,0.0195611206512624
100,34869,0,0.0,466,5657,29212,0.01946598591123807
100,34969,0,0.0,467,5659,29310,0.01937179777769322
88,35057,0,0.0,468,5660,29397,0.019278546831735997
100,35157,0,0.0,469,5664,29493,0.019186223748194096
100,35257,0,0.0,470,5666,29591,0.01909481929468222
100,35357,0,0.0,471,5668,29689,0.019004324330678855
100,35457,0,0.0,472,5671,29786,0.018914729806612192
100,35557,0,0.0,473,5671,29886,0.01882602676295516
100,35657,0,0.0,474,5675,29982,0.018738206329329453
100,35757,0,0.0,475,5678,30079,0.018651259723618557
84,35841,0,0.0,476,5682,30159,0.01856517825108943
100,35941,0,0.0,477,5685,30256,0.018479953303523082
100,36041,0,0.0,478,5688,30353,0.018395576358353725
100,36141,0,0.0,479,5690,30451,0.018312038977816556
56,36197,0,0.0,480,5692,30505,0.018229332808103887
100,36297,0,0.0,481,5694,30603,0.01814744957852983
81,36378,0,0.0,482,5697,30681,0.01806638110070318
58,36436,0,0.0,483,5698,30738,0.01798611926770862
100,36536,0,0.0,484,5698,30838,0.017906656053295947
100,36636,0,0.0,485,5701,30935,0.017827983511077505
100,36736,0,0.0,486,5701,31035,0.01775009377373351
100,36836,0,0.0,487,5701,31135,0.017672979052225327
100,36936,0,0.0,488,5702,31234,0.017596631635016534
100,37036,0,0.0,489,5703,31333,0.01752104388730179
100,37136,0,0.0,490,5706,31430,0.017446208250243338
100,37236,0,0.0,491,5709,31527,0.017372117240215094
100,37336,0,0.0,492,5710,31626,0.01729876344805433
70,37406,0,0.0,493,5713,31693,0.0172261395383207
100,37506,0,0.0,494,5715,31791,0.017154238248562697
100,37606,0,0.0,495,5718,31888,0.017083052388591435
100,37706,0,0.0,496,5719,31987,0.017012574839761596
100,37806,0,0.0,497,5722,32084,0.01694279855425957
100,37906,0,0.0,498,5723,32183,0.016873716554398652
64,37970,0,0.0,499,5726,32244,0.016805321931921288
100,38070,0,0.0,500,5727,32343,0.01673760784730824
100,38170,0,0.0,501,5729,32441,0.016670567529094613
100,38270,0,0.0,502,5731,32539,0.01660419427319272
100,38370,0,0.0,503,5733,32637,0.016538481442221656
100,38470,0,0.0,504,5735,32735,0.016473422464843575
100,38570,0,0.0,505,5738,32832,0.01640901083510651
100,38670,0,0.0,506,5738,32932,0.01634524011179382
61,38731,0,0.0,507,5742,32989,0.016282103917780018
100,38831,0,0.0,508,5744,33087,0.01621959593939311
100,38931,0,0.0,509,5745,33186,0.016157709925783147
100,39031,0,0.0,510,5746,33285,0.016096439688297208
100,39131,0,0.0,511,5747,33384,0.016035779099860478
100,39231,0,0.0,512,5747,33484,0.01597572209436357
100,39331,0,0.0,513,5747,33584,0.015916262666055885
100,39431,0,0.0,514,5749,33682,0.015857394868945038
100,39531,0,0.0,515,5749,33782,0.015799112816202266
100,39631,0,0.0,516,5750,33881,0.01574141067957372
100,39731,0,0.0,517,5753,33978,0.01568428268879766
100,39831,0,0.0,518,5756,34075,0.0156277231310274
100,39931,0,0.0,519,5756,34175,0.015571726350260025
100,40031,0,0.0,520,5757,34274,0.015516286746770792
100,40131,0,0.0,521,5757,34374,0.015461398776553163
100,40231,0,0.0,522,5758,34473,0.015407056950764372
100,40331,0,0.0,523,5760,34571,0.01535325583517655
100,40431,0,0.0,524,5760,34671,0.015299990049633304
100,40531,0,0.0,525,5761,34770,0.015247254267511699
100,40631,0,0.0,526,5764,34867,0.015195043215189571
69,40700,0,0.0,527,5768,34932,0.015143351671518179
100,40800,0,0.0,528,5769,35031,0.015092174467300075
100,40900,0,0.0,529,5772,35128,0.015041506484772198
83,40983,0,0.0,530,5774,35209,0.01499134265709407
100,41083,0,0.0,531,5776,35307,0.014941677967841115
100,41183,0,0.0,532,5777,35406,0.01489250745050302
100,41283,0,0.0,533,5778,35505,0.014843826187987082
100,41383,0,0.0,534,5782,35601,0.014795629312126479
100,41483,0,0.0,535,5783,35700,0.014747912003193458
100,41583,0,0.0,536,5784,35799,0.014700669489417359
100,41683,0,0.0,537,5785,35898,0.014653897046507443
100,41783,0,0.0,538,5786,35997,0.01460758999718044
73,41856,0,0.0,539,5787,36069,0.014561743710692824
100,41956,0,0.0,540,5788,36168,0.014516353602377746
100,42056,0,0.0,541,5788,36268,0.01447141513318654
100,42156,0,0.0,542,5789,36367,0.014426923809234849
100,42256,0,0.0,543,5790,36466,0.014382875181353196
100,42356,0,0.0,544,5792,36564,0.01433926484464209
100,42456,0,0.0,545,5793,36663,0.014296088438031505
100,42556,0,0.0,546,5795,36761,0.014253341643844817
100,42656,0,0.0,547,5797,36859,0.014211020187366974
100,42756,0,0.0,548,5798,36958,0.014169119836417065
69,42825,0,0.0,549,5800,37025,0.01412763640092507
100,42925,0,0.0,550,5802,37123,0.014086565732512882
57,42982,0,0.0,551,5804,37178,0.014045903724079427
100,43082,0,0.0,552,5805,37277,0.014005646309389977
100,43182,0,0.0,553,5805,37377,0.013965789462669513
100,43282,0,0.0,554,5807,37475,0.013926329198200155
100,43382,0,0.0,555,5807,37575,0.013887261569922569
100,43482,0,0.0,556,5810,37672,0.01384858267104137
100,43582,0,0.0,557,5812,37770,0.013810288633634434
83,43665,0,0.0,558,5816,37849,0.013772375628266116
100,43765,0,0.0,559,5817,37948,0.013734839863604284
58,43823,0,0.0,560,5818,38005,0.013697677586041186
100,43923,0,0.0,561,5821,38102,0.0136608850793181
100,44023,0,0.0,562,5823,38200,0.013624458664153696
100,44123,0,0.0,563,5824,38299,0.013588394697876097
100,44223,0,0.0,564,5831,38392,0.013552689574058628
100,44323,0,0.0,565,5834,38489,0.013517339722159148
100,44423,0,0.0,566,5836,38587,0.013482341607163007
100,44523,0,0.0,567,5837,38686,0.013447691729229546
100,44623,0,0.0,568,5839,38784,0.013413386623342096
100,44723,0,0.0,569,5840,38883,0.013379422858961477
100,44823,0,0.0,570,5842,38981,0.013345797039682946
100,44923,0,0.0,571,5843,39080,0.01331250580289656
100,45023,0,0.0,572,5843,39180,0.013279545819450893
100,45123,0,0.0,573,5845,39278,0.013246913793320138
100,45223,0,0.0,574,5845,39378,0.01321460646127448
58,45281,0,0.0,575,5846,39435,0.013182620592553802
100,45381,0,0.0,576,5846,39535,0.01315095298854457
100,45481,0,0.0,577,5849,39632,0.013119600482459998
100,45581,0,0.0,578,5850,39731,0.013088559939023343
100,45681,0,0.0,579,5850,39831,0.013057828254154401
70,45751,0,0.0,580,5851,39900,0.013027402354659073
100,45851,0,0.0,581,5851,40000,0.012997279197922058
100,45951,0,0.0,582,5852,40099,0.012967455771602571
100,46051,0,0.0,583,5852,40199,0.012937929093333135
100,46151,0,0.0,584,5855,40296,0.012908696210421315
100,46251,0,0.0,585,5856,40395,0.012879754199554458
100,46351,0,0.0,586,5856,40495,0.012851100166507357
100,46451,0,0.0,587,5857,40594,0.012822731245852837
64,46515,0,0.0,588,5858,40657,0.012794644600675184
100,46615,0,0.0,589,5859,40756,0.012766837422286476
100,46715,0,0.0,590,5862,40853,0.012739306929945703
100,46815,0,0.0,591,5864,40951,0.012712050370580685
100,46915,0,0.0,592,5865,41050,0.012685065018512777
100,47015,0,0.0,593,5865,41150,0.012658348175184284
100,47115,0,0.0,594,5867,41248,0.012631897168888604
100,47215,0,0.0,595,5868,41347,0.012605709354503067
100,47315,0,0.0,596,5869,41446,0.012579782113224414
100,47415,0,0.0,597,5870,41545,0.012554112852306908
100,47515,0,0.0,598,5872,41643,0.012528699004803068
56,47571,0,0.0,599,5873,41698,0.012503538029306963
100,47671,0,0.0,600,5874,41797,0.012478627409700078
100,47771,0,0.0,601,5874,41897,0.012453964654899695
100,47871,0,0.0,602,5875,41996,0.012429547298609778
100,47971,0,0.0,603,5875,42096,0.01240537289907435
100,48071,0,0.0,604,5877,42194,0.012381439038833314
100,48171,0,0.0,605,5880,42291,0.012357743324480702
100,48271,0,0.0,606,5881,42390,0.01233428338642533
100,48371,0,0.0,607,5881,42490,0.012311056878653841
100,48471,0,0.0,608,5881,42590,0.012288061478496108
100,48571,0,0.0,609,5882,42689,0.012265294886392948
100,48671,0,0.0,610,5882,42789,0.01224275482566618
100,48771,0,0.0,611,5883,42888,0.012220439042290943
100,48871,0,0.0,612,5887,42984,0.012198345304670311
50,48921,0,0.0,613,5888,43033,0.012176471403412107
71,48992,0,0.0,614,5889,43103,0.012154815151107974
70,49062,0,0.0,615,5893,43169,0.012133374382114637
69,49131,0,0.0,616,5894,43237,0.012112146952337331
100,49231,0,0.0,617,5896,43335,0.012091130739015387
100,49331,0,0.0,618,5896,43435,0.012070323640509958
100,49431,0,0.0,619,5896,43535,0.012049723576093858
70,49501,0,0.0,620,5897,43604,0.012029328485743472
100,49601,0,0.0,621,5897,43704,0.012009136329932777
70,49671,0,0.0,622,5898,43773,0.01198914508942936
84,49755,0,0.0,623,5900,43855,0.011969352765092513
100,49855,0,0.0,624,5900,43955,0.011949757377673304
100,49955,0,0.0,625,5900,44055,0.01193035696761667
100,50055,0,0.0,626,5900,44155,0.011911149594865432
100,50155,0,0.0,627,5900,44255,0.011892133338666311
100,50255,0,0.0,628,5902,44353,0.01187330629737784
100,50355,0,0.0,629,5902,44453,0.011854666588280199
100,50455,0,0.0,630,5903,44552,0.011836212347386948
100,50555,0,0.0,631,5905,44650,0.011817941729258619
100,50655,0,0.0,632,5906,44749,0.011799852906818169
64,50719,0,0.0,633,5907,44812,0.011781944071168286
100,50819,0,0.0,634,5907,44912,0.011764213431410478
100,50919,0,0.0,635,5907,45012,0.011746659214465993
60,50979,0,0.0,636,5909,45070,0.011729279664898506
100,51079,0,0.0,637,5912,45167,0.011712073044738584
100,51179,0,0.0,638,5913,45266,0.011695037633309868
100,51279,0,0.0,639,5913,45366,0.011678171727057018
100,51379,0,0.0,640,5915,45464,0.011661473639375353
59,51438,0,0.0,641,5916,45522,0.011644941700442194
100,51538,0,0.0,642,5916,45622,0.011628574257049868
100,51638,0,0.0,643,5917,45721,0.011612369672440398
100,51738,0,0.0,644,5918,45820,0.011596326326141817
100,51838,0,0.0,645,5919,45919,0.011580442613806126
100,51938,0,0.0,646,5920,46018,0.011564716947048855
100,52038,0,0.0,647,5924,46114,0.011549147753290225
100,52138,0,0.0,648,5924,46214,0.011533733475597885
100,52238,0,0.0,649,5925,46313,0.011518472572531219
100,52338,0,0.0,650,5928,46410,0.011503363517987204
100,52438,0,0.0,651,5929,46509,0.011488404801047796
100,52538,0,0.0,652,5929,46609,0.011473594925828836
100,52638,0,0.0,653,5931,46707,0.011458932411330456
100,52738,0,0.0,654,5931,46807,0.01144441579128899
100,52838,0,0.0,655,5932,46906,0.011430043614030338
100,52938,0,0.0,656,5935,47003,0.011415814442324796
100,53038,0,0.0,657,5935,47103,0.011401726853243335
100,53138,0,0.0,658,5938,47200,0.011387779438015309
100,53238,0,0.0,659,5939,47299,0.011373970801887569
100,53338,0,0.0,660,5941,47397,0.011360299563985
100,53438,0,0.0,661,5942,47496,0.011346764357172414
100,53538,0,0.0,662,5942,47596,0.011333363827917855
100,53638,0,0.0,663,5944,47694,0.011320096636157226
100,53738,0,0.0,664,5944,47794,0.011306961455160297
100,53838,0,0.0,665,5944,47894,0.011293956971398022
72,53910,0,0.0,666,5949,47961,0.01128108188441119
100,54010,0,0.0,667,5949,48061,0.01126833490668037
100,54110,0,0.0,668,5949,48161,0.011255714763497167
100,54210,0,0.0,669,5950,48260,0.011243220192836747
100,54310,0,0.0,670,5953,48357,0.011230849945231628
100,54410,0,0.0,671,5954,48456,0.011218602783646746
100,54510,0,0.0,672,5957,48553,0.011206477483355735
100,54610,0,0.0,673,5959,48651,0.01119447283181846
100,54710,0,0.0,674,5962,48748,0.011182587628559764
100,54810,0,0.0,675,5963,48847,0.011170820685049418
100,54910,0,0.0,676,5965,48945,0.011159170824583262
100,55010,0,0.0,677,5966,49044,0.011147636882165546
100,55110,0,0.0,678,5966,49144,0.011136217704392411
100,55210,0,0.0,679,5969,49241,0.011124912149336568
100,55310,0,0.0,680,5971,49339,0.01111371908643309
100,55410,0,0.0,681,5972,49438,0.011102637396366355
100,55510,0,0.0,682,5973,49537,0.011091665970958125
100,55610,0,0.0,683,5974,49636,0.011080803713056716
100,55710,0,0.0,684,5974,49736,0.011070049536427285
100,55810,0,0.0,685,5974,49836,0.011059402365643208
100,55910,0,0.0,686,5974,49936,0.011048861135978534
100,56010,0,0.0,687,5974,50036,0.011038424793301511
100,56110,0,0.0,688,5975,50135,0.011028092293969175
58,56168,0,0.0,689,5976,50192,0.011017862604722983
100,56268,0,0.0,690,5978,50290,0.011007734702585483
100,56368,0,0.0,691,5981,50387,0.010997707574758025
100,56468,0,0.0,692,5983,50485,0.010987780218519469
100,56568,0,0.0,693,5984,50584,0.010977951641125918
100,56668,0,0.0,694,5984,50684,0.010968220859711442
100,56768,0,0.0,695,5986,50782,0.010958586901189789
88,56856,0,0.0,696,5988,50868,0.01094904880215708
100,56956,0,0.0,697,5989,50967,0.010939605608795464
100,57056,0,0.0,698,5989,51067,0.010930256376777735
100,57156,0,0.0,699,5991,51165,0.010921000171172899
100,57256,0,0.0,700,5992,51264,0.010911836066352685
100,57356,0,0.0,701,5995,51361,0.010902763145898971
100,57456,0,0.0,702,5997,51459,0.010893780502512152
100,57556,0,0.0,703,5997,51559,0.010884887237920403
100,57656,0,0.0,704,5998,51658,0.010876082462789857
100,57756,0,0.0,705,6001,51755,0.010867365296635659
91,57847,0,0.0,706,6003,51844,0.010858734867733933
100,57947,0,0.0,707,6005,51942,0.010850190313034594
75,58022,0,0.0,708,6006,52016,0.010841730778075053
100,58122,0,0.0,709,6009,52113,0.010833355416894765
100,58222,0,0.0,710,6012,52210,0.01082506339195063
100,58322,0,0.0,711,6012,52310,0.010816853874033245
100,58422,0,0.0,712,6013,52409,0.010808726042183978
100,58522,0,0.0,713,6014,52508,0.01080067908361287
100,58622,0,0.0,714,6016,52606,0.01079271219361736
100,58722,0,0.0,715,6017,52705,0.010784824575501804
100,58822,0,0.0,716,6018,52804,0.010777015440497823
100,58922,0,0.0,717,6019,52903,0.010769284007685407
100,59022,0,0.0,718,6020,53002,0.01076162950391483
100,59122,0,0.0,719,6020,53102,0.01075405116372934
100,59222,0,0.0,720,6020,53202,0.010746548229288598
100,59322,0,0.0,721,6020,53302,0.010739119950292912
100,59422,0,0.0,722,6020,53402,0.010731765583908192
100,59522,0,0.0,723,6021,53501,0.010724484394691668
100,59622,0,0.0,724,6022,53600,0.010717275654518353
100,59722,0,0.0,725,6024,53698,0.010710138642508221
100,59822,0,0.0,726,6024,53798,0.010703072644954124
100,59922,0,0.0,727,6025,53897,0.010696076955250418
100,60022,0,0.0,728,6026,53996,0.010689150873822304
100,60122,0,0.0,729,6026,54096,0.010682293708055865
100,60222,0,0.0,730,6028,54194,0.010675504772228813
100,60322,0,0.0,731,6029,54293,0.010668783387441906
100,60422,0,0.0,732,6030,54392,0.010662128881551065
100,60522,0,0.0,733,6031,54491,0.010655540589100154
100,60622,0,0.0,734,6031,54591,0.010649017851254439
87,60709,0,0.0,735,6034,54675,0.0106425600157347
100,60809,0,0.0,736,6035,54774,0.010636166436752002
100,60909,0,0.0,737,6035,54874,0.01062983647494312
100,61009,0,0.0,738,6036,54973,0.010623569497306598
100,61109,0,0.0,739,6036,55073,0.01061736487713945
100,61209,0,0.0,740,6036,55173,0.010611221993974488
100,61309,0,0.0,741,6037,55272,0.010605140233518277
100,61409,0,0.0,742,6038,55371,0.010599118987589702
100,61509,0,0.0,743,6038,55471,0.010593157654059155
100,61609,0,0.0,744,6038,55571,0.010587255636788313
100,61709,0,0.0,745,6040,55669,0.01058141234557053
100,61809,0,0.0,746,6043,55766,0.01057562719607182
100,61909,0,0.0,747,6044,55865,0.010569899609772403
100,62009,0,0.0,748,6045,55964,0.010564229013908884
100,62109,0,0.0,749,6045,56064,0.010558614841416947
100,62209,0,0.0,750,6045,56164,0.010553056530874667
100,62309,0,0.0,751,6047,56262,0.010547553526446355
100,62409,0,0.0,752,6047,56362,0.010542105277826985
100,62509,0,0.0,753,6050,56459,0.010536711240187152
100,62609,0,0.0,754,6052,56557,0.0105313708741186
100,62709,0,0.0,755,6054,56655,0.01052608364558027
100,62809,0,0.0,756,6056,56753,0.010520849025844903
100,62909,0,0.0,757,6056,56853,0.010515666491446161
100,63009,0,0.0,758,6058,56951,0.01051053552412629
100,63109,0,0.0,759,6060,57049,0.010505455610784278
68,63177,0,0.0,760,6062,57115,0.010500426243424558
76,63253,0,0.0,761,6063,57190,0.010495446919106205
100,63353,0,0.0,762,6064,57289,0.010490517139892635
100,63453,0,0.0,763,6066,57387,0.010485636412801822
100,63553,0,0.0,764,6066,57487,0.010480804249756986
100,63653,0,0.0,765,6067,57586,0.010476020167537797
100,63753,0,0.0,766,6067,57686,0.010471283687732046
100,63853,0,0.0,767,6068,57785,0.010466594336687809
100,63953,0,0.0,768,6069,57884,0.010461951645466068
100,64053,0,0.0,769,6072,57981,0.010457355149793835
100,64153,0,0.0,770,6075,58078,0.010452804390017712
100,64253,0,0.0,771,6075,58178,0.010448298911057929
100,64353,0,0.0,772,6077,58276,0.010443838262362837
54,64407,0,0.0,773,6078,58329,0.010439421997863846
100,64507,0,0.0,774,6079,58428,0.010435049675930827
100,64607,0,0.0,775,6080,58527,0.010430720859327945
100,64707,0,0.0,776,6081,58626,0.01042643511516993
73,64780,0,0.0,777,6082,58698,0.010422192014878798
100,64880,0,0.0,778,6083,58797,0.01041799113414098
100,64980,0,0.0,779,6084,58896,0.010413832052864903
100,65080,0,0.0,780,6085,58995,0.010409714355138974
100,65180,0,0.0,781,6086,59094,0.010405637629189989
100,65280,0,0.0,782,6086,59194,0.010401601467341955
100,65380,0,0.0,783,6087,59293,0.010397605465975325
93,65473,0,0.0,784,6089,59384,0.01039364922548663
100,65573,0,0.0,785,6089,59484,0.010389732350248527
100,65673,0,0.0,786,6089,59584,0.010385854448570228
100,65773,0,0.0,787,6089,59684,0.01038201513265833
100,65873,0,0.0,788,6089,59784,0.010378214018578047
100,65973,0,0.0,789,6089,59884,0.0103744507262148
100,66073,0,0.0,790,6091,59982,0.010370724879236218
100,66173,0,0.0,791,6092,60081,0.010367036105054498
100,66273,0,0.0,792,6092,60181,0.010363384034789147
100,66373,0,0.0,793,6092,60281,0.010359768303230097
100,66473,0,0.0,794,6093,60380,0.010356188548801179
100,66573,0,0.0,795,6094,60479,0.010352644413523964
91,66664,0,0.0,796,6097,60567,0.010349135542981974
100,66764,0,0.0,797,6097,60667,0.010345661586285228
100,66864,0,0.0,798,6099,60765,0.010342222196035164
100,66964,0,0.0,799,6099,60865,0.01033881702828989
100,67064,0,0.0,800,6099,60965,0.010335445742529792
100,67164,0,0.0,801,6099,61065,0.010332108001623487
100,67264,0,0.0,802,6099,61165,0.010328803471794101
100,67364,0,0.0,803,6099,61265,0.0103255318225859
100,67464,0,0.0,804,6100,61364,0.010322292726831234
100,67564,0,0.0,805,6101,61463,0.01031908586061783
100,67664,0,0.0,806,6103,61561,0.010315910903256391
100,67764,0,0.0,807,6104,61660,0.01031276753724854
89,67853,0,0.0,808,6105,61748,0.010309655448255054
100,67953,0,0.0,809,6108,61845,0.01030657432506444
100,68053,0,0.0,810,6109,61944,0.010303523859561813
100,68153,0,0.0,811,6109,62044,0.01030050374669808
100,68253,0,0.0,812,6110,62143,0.010297513684459435
64,68317,0,0.0,813,6112,62205,0.010294553373837166
100,68417,0,0.0,814,6112,62305,0.010291622518797741
100,68517,0,0.0,815,6112,62405,0.010288720826253218
100,68617,0,0.0,816,6112,62505,0.010285848006031922
70,68687,0,0.0,817,6113,62574,0.010283003770849435
100,68787,0,0.0,818,6115,62672,0.010280187836279871
100,68887,0,0.0,819,6115,62772,0.010277399920727424
100,68987,0,0.0,820,6118,62869,0.01027463974539822
100,69087,0,0.0,821,6119,62968,0.010271907034272422
100,69187,0,0.0,822,6119,63068,0.01026920151407664
100,69287,0,0.0,823,6119,63168,0.010266522914256601
100,69387,0,0.0,824,6120,63267,0.010263870966950093
100,69487,0,0.0,825,6120,63367,0.01026124540696017
100,69587,0,0.0,826,6120,63467,0.010258645971728651
100,69687,0,0.0,827,6120,63567,0.010256072401309843
100,69787,0,0.0,828,6121,63666,0.01025352443834456
74,69861,0,0.0,829,6122,63739,0.010251001828034383
100,69961,0,0.0,830,6122,63839,0.010248504318116178
100,70061,0,0.0,831,6123,63938,0.010246031658836873
100,70161,0,0.0,832,6124,64037,0.010243583602928479
100,70261,0,0.0,833,6128,64133,0.010241159905583363
100,70361,0,0.0,834,6128,64233,0.010238760324429774
100,70461,0,0.0,835,6128,64333,0.010236384619507594
100,70561,0,0.0,836,6129,64432,0.010234032553244354
100,70661,0,0.0,837,6130,64531,0.010231703890431466
58,70719,0,0.0,838,6131,64588,0.01022939839820071
100,70819,0,0.0,839,6131,64688,0.010227115846000938
100,70919,0,0.0,840,6132,64787,0.01022485600557503
100,71019,0,0.0,841,6133,64886,0.01022261865093706
100,71119,0,0.0,842,6133,64986,0.010220403558349701
100,71219,0,0.0,843,6137,65082,0.010218210506301846
100,71319,0,0.0,844,6137,65182,0.010216039275486465
100,71419,0,0.0,845,6138,65281,0.010213889648778665
88,71507,0,0.0,846,6139,65368,0.010211761411213984
100,71607,0,0.0,847,6139,65468,0.010209654349966894
100,71707,0,0.0,848,6139,65568,0.010207568254329514
100,71807,0,0.0,849,6139,65668,0.01020550291569054
100,71907,0,0.0,850,6140,65767,0.010203458127514388
100,72007,0,0.0,851,6140,65867,0.010201433685320538
100,72107,0,0.0,852,6141,65966,0.010199429386663081
100,72207,0,0.0,853,6141,66066,0.010197445031110482
100,72307,0,0.0,854,6142,66165,0.010195480420225531
100,72407,0,0.0,855,6143,66264,0.010193535357545505
76,72483,0,0.0,856,6144,66339,0.010191609648562514
100,72583,0,0.0,857,6145,66438,0.010189703100704052
77,72660,0,0.0,858,6148,66512,0.01018781552331375
100,72760,0,0.0,859,6150,66610,0.01018594672763229
100,72860,0,0.0,860,6150,66710,0.010184096526778551
100,72960,0,0.0,861,6151,66809,0.010182264735730903
100,73060,0,0.0,862,6151,66909,0.010180451171308717
100,73160,0,0.0,863,6153,67007,0.010178655652154037
100,73260,0,0.0,864,6153,67107,0.010176877998713455
100,73360,0,0.0,865,6154,67206,0.01017511803322014
100,73460,0,0.0,866,6156,67304,0.010173375579676082
100,73560,0,0.0,867,6156,67404,0.01017165046383447
100,73660,0,0.0,868,6158,67502,0.010169942513182286
100,73760,0,0.0,869,6158,67602,0.010168251556923037
100,73860,0,0.0,870,6158,67702,0.010166577425959692
100,73960,0,0.0,871,6158,67802,0.010164919952877757
100,74060,0,0.0,872,6158,67902,0.010163278971928544
100,74160,0,0.0,873,6158,68002,0.01016165431901259
100,74260,0,0.0,874,6158,68102,0.01016004583166325
100,74360,0,0.0,875,6158,68202,0.010158453349030448
100,74460,0,0.0,876,6158,68302,0.010156876711864594
100,74560,0,0.0,877,6158,68402,0.010155315762500658
85,74645,0,0.0,878,6161,68484,0.0101537703448424
100,74745,0,0.0,879,6161,68584,0.010152240304346772
100,74845,0,0.0,880,6163,68682,0.010150725488008444
100,74945,0,0.0,881,6165,68780,0.010149225744344521
100,75045,0,0.0,882,6167,68878,0.01014774092337939
100,75145,0,0.0,883,6168,68977,0.010146270876629714
100,75245,0,0.0,884,6172,69073,0.010144815457089593
100,75345,0,0.0,885,6173,69172,0.010143374519215861
100,75445,0,0.0,886,6173,69272,0.01014194791891353
100,75545,0,0.0,887,6173,69372,0.01014053551352138
51,75596,0,0.0,888,6175,69421,0.010139137161797698
100,75696,0,0.0,889,6175,69521,0.010137752723906142
100,75796,0,0.0,890,6177,69619,0.01013638206140177
100,75896,0,0.0,891,6177,69719,0.010135025037217192
100,75996,0,0.0,892,6178,69818,0.010133681515648855
100,76096,0,0.0,893,6179,69917,0.010132351362343486
100,76196,0,0.0,894,6180,70016,0.010131034444284644
100,76296,0,0.0,895,6181,70115,0.010129730629779427
100,76396,0,0.0,896,6182,70214,0.010128439788445296
60,76456,0,0.0,897,6184,70272,0.010127161791197044
100,76556,0,0.0,898,6185,70371,0.01012589651023388
100,76656,0,0.0,899,6185,70471,0.010124643819026653
100,76756,0,0.0,900,6186,70570,0.0101234035923052
59,76815,0,0.0,901,6187,70628,0.010122175706045813
100,76915,0,0.0,902,6189,70726,0.010120960037458845
100,77015,0,0.0,903,6189,70826,0.010119756464976423
100,77115,0,0.0,904,6189,70926,0.010118564868240294
100,77215,0,0.0,905,6190,71025,0.010117385128089795
100,77315,0,0.0,906,6191,71124,0.010116217126549927
100,77415,0,0.0,907,6193,71222,0.010115060746819561
100,77515,0,0.0,908,6194,71321,0.010113915873259762
100,77615,0,0.0,909,6195,71420,0.010112782391382219
100,77715,0,0.0,910,6196,71519,0.010111660187837799
100,77815,0,0.0,911,6197,71618,0.010110549150405214
100,77915,0,0.0,912,6197,71718,0.010109449167979795
100,78015,0,0.0,913,6198,71817,0.010108360130562379
100,78115,0,0.0,914,6200,71915,0.010107281929248322
100,78215,0,0.0,915,6201,72014,0.010106214456216591
66,78281,0,0.0,916,6202,72079,0.010105157604718994
100,78381,0,0.0,917,6202,72179,0.010104111269069502
100,78481,0,0.0,918,6203,72278,0.010103075344633675
100,78581,0,0.0,919,6205,72376,0.010102049727818207
51,78632,0,0.0,920,6208,72424,0.010101034316060565
100,78732,0,0.0,921,6209,72523,0.010100029007818723
100,78832,0,0.0,922,6210,72622,0.01009903370256102
100,78932,0,0.0,923,6210,72722,0.010098048300756102
100,79032,0,0.0,924,6210,72822,0.010097072703862968
100,79132,0,0.0,925,6210,72922,0.010096106814321115
58,79190,0,0.0,926,6212,72978,0.01009515053554078
100,79290,0,0.0,927,6212,73078,0.010094203771893295
61,79351,0,0.0,928,6213,73138,0.010093266428701501
100,79451,0,0.0,929,6213,73238,0.0100923384122303
100,79551,0,0.0,930,6213,73338,0.01009141962967727
100,79651,0,0.0,931,6213,73438,0.010090509989163391
100,79751,0,0.0,932,6213,73538,0.010089609399723856
100,79851,0,0.0,933,6214,73637,0.010088717771298966
100,79951,0,0.0,934,6216,73735,0.010087835014725138
100,80051,0,0.0,935,6218,73833,0.010086961041725979
51,80102,0,0.0,936,6219,73883,0.01008609576490346
100,80202,0,0.0,937,6220,73982,0.010085239097729176
90,80292,0,0.0,938,6223,74069,0.0100843909545357
100,80392,0,0.0,939,6227,74165,0.010083551250508005
100,80492,0,0.0,940,6228,74264,0.010082719901674985
100,80592,0,0.0,941,6228,74364,0.010081896824901066
100,80692,0,0.0,942,6228,74464,0.010081081937877885
56,80748,0,0.0,943,6230,74518,0.01008027515911606
100,80848,0,0.0,944,6230,74618,0.010079476407937044
100,80948,0,0.0,945,6231,74717,0.010078685604465051
100,81048,0,0.0,946,6231,74817,0.010077902669619077
100,81148,0,0.0,947,6231,74917,0.010077127525104984
100,81248,0,0.0,948,6233,75015,0.010076360093407673
100,81348,0,0.0,949,6233,75115,0.010075600297783338
100,81448,0,0.0,950,6233,75215,0.010074848062251781
100,81548,0,0.0,951,6234,75314,0.010074103311588823
100,81648,0,0.0,952,6235,75413,0.010073365971318778
100,81748,0,0.0,953,6235,75513,0.010072635967707003
100,81848,0,0.0,954,6235,75613,0.010071913227752527
100,81948,0,0.0,955,6237,75711,0.010071197679180756
75,82023,0,0.0,956,6239,75784,0.010070489250436234
59,82082,0,0.0,957,6240,75842,0.010069787870675497
100,82182,0,0.0,958,6243,75939,0.010069093469759984
100,82282,0,0.0,959,6243,76039,0.010068405978249026
100,82382,0,0.0,960,6244,76138,0.010067725327392897
58,82440,0,0.0,961,6245,76195,0.010067051449125945
58,82498,0,0.0,962,6246,76252,0.010066384276059784
65,82563,0,0.0,963,6247,76316,0.010065723741476547
100,82663,0,0.0,964,6250,76413,0.01006506977932223
100,82763,0,0.0,965,6252,76511,0.010064422324200068
100,82863,0,0.0,966,6257,76606,0.010063781311364012
100,82963,0,0.0,967,6258,76705,0.010063146676712244
100,83063,0,0.0,968,6258,76805,0.01006251835678077
100,83163,0,0.0,969,6258,76905,0.010061896288737071
100,83263,0,0.0,970,6259,77004,0.01006128041037383
100,83363,0,0.0,971,6259,77104,0.01006067066010269
100,83463,0,0.0,972,6259,77204,0.01006006697694812
100,83563,0,0.0,973,6259,77304,0.010059469300541302
100,83663,0,0.0,974,6260,77403,0.010058877571114096
100,83763,0,0.0,975,6260,77503,0.010058291729493065
100,83863,0,0.0,976,6260,77603,0.01005771171709356
100,83963,0,0.0,977,6260,77703,0.010057137475913858
100,84063,0,0.0,978,6262,77801,0.010056568948529363
100,84163,0,0.0,979,6263,77900,0.010056006078086861
100,84263,0,0.0,980,6264,77999,0.01005544880829884
100,84363,0,0.0,981,6264,78099,0.010054897083437856
100,84463,0,0.0,982,6264,78199,0.010054350848330963
100,84563,0,0.0,983,6265,78298,0.010053810048354195
100,84663,0,0.0,984,6266,78397,0.010053274629427107
100,84763,0,0.0,985,6269,78494,0.010052744538007355
100,84863,0,0.0,986,6270,78593,0.01005221972108536
100,84963,0,0.0,987,6271,78692,0.010051700126178988
100,85063,0,0.0,988,6271,78792,0.010051185701328317
100,85163,0,0.0,989,6271,78892,0.010050676395090436
100,85263,0,0.0,990,6271,78992,0.010050172156534292
86,85349,0,0.0,991,6274,79075,0.010049672935235614
100,85449,0,0.0,992,6275,79174,0.010049178681271852
100,85549,0,0.0,993,6276,79273,0.010048689345217202
100,85649,0,0.0,994,6277,79372,0.010048204878137646
93,85742,0,0.0,995,6279,79463,0.010047725231586075
100,85842,0,0.0,996,6281,79561,0.010047250357597435
100,85942,0,0.0,997,6282,79660,0.010046780208683928
92,86034,0,0.0,998,6283,79751,0.010046314737830275
100,86134,0,0.0,999,6285,79849,0.010045853898488999
100,86234,0,0.0,1000,6285,79949,0.010045397644575786
100,86334,0,0.0,1001,6286,80048,0.010044945930464861
100,86434,0,0.0,1002,6286,80148,0.010044498710984437
100,86534,0,0.0,1003,6286,80248,0.010044055941412194
100,86634,0,0.0,1004,6286,80348,0.010043617577470805
100,86734,0,0.0,1005,6286,80448,0.010043183575323512
100,86834,0,0.0,1006,6286,80548,0.010042753891569738
100,86934,0,0.0,1007,6286,80648,0.01004232848324075
100,87034,0,0.0,1008,6286,80748,0.010041907307795358
100,87134,0,0.0,1009,6286,80848,0.01004149032311567
100,87234,0,0.0,1010,6287,80947,0.010041077487502869
100,87334,0,0.0,1011,6287,81047,0.010040668759673048
100,87434,0,0.0,1012,6288,81146,0.010040264098753086
100,87534,0,0.0,1013,6289,81245,0.010039863464276553
100,87634,0,0.0,1014,6289,81345,0.010039466816179668
100,87734,0,0.0,1015,6292,81442,0.010039074114797288
100,87834,0,0.0,1016,6292,81542,0.01003868532085895
68,87902,0,0.0,1017,6293,81609,0.010038300395484938
100,88002,0,0.0,1018,6294,81708,0.01003791930018239
100,88102,0,0.0,1019,6294,81808,0.01003754199684146
100,88202,0,0.0,1020,6294,81908,0.0100371684477315
100,88302,0,0.0,1021,6294,82008,0.010036798615497286
100,88402,0,0.0,1022,6295,82107,0.010036432463155286
100,88502,0,0.0,1023,6296,82206,0.010036069954089965
100,88602,0,0.0,1024,6296,82306,0.01003571105205011
100,88702,0,0.0,1025,6297,82405,0.01003535572114522
100,88802,0,0.0,1026,6299,82503,0.010035003925841906
100,88902,0,0.0,1027,6302,82600,0.010034655630960348
100,89002,0,0.0,1028,6306,82696,0.010034310801670764
100,89102,0,0.0,1029,6310,82792,0.010033969403489941
100,89202,0,0.0,1030,6311,82891,0.010033631402277775
100,89302,0,0.0,1031,6311,82991,0.010033296764233863
100,89402,0,0.0,1032,6313,83089,0.01003296545589412
92,89494,0,0.0,1033,6316,83178,0.01003263744412744
100,89594,0,0.0,1034,6317,83277,0.010032312696132369
100,89694,0,0.0,1035,6318,83376,0.01003199117943384
100,89794,0,0.0,1036,6318,83476,0.010031672861879913
100,89894,0,0.0,1037,6320,83574,0.010031357711638567
70,89964,0,0.0,1038,6321,83643,0.010031045697194518
100,90064,0,0.0,1039,6323,83741,0.01003073678734606
50,90114,0,0.0,1040,6324,83790,0.01003043095120195
100,90214,0,0.0,1041,6324,83890,0.01003012815817832
100,90314,0,0.0,1042,6325,83989,0.010029828377995615
100,90414,0,0.0,1043,6325,84089,0.010029531580675564
100,90514,0,0.0,1044,6326,84188,0.010029237736538193
100,90614,0,0.0,1045,6327,84287,0.01002894681619884
100,90714,0,0.0,1046,6329,84385,0.010028658790565229
100,90814,0,0.0,1047,6330,84484,0.010028373630834558
100,90914,0,0.0,1048,6332,84582,0.010028091308490614
68,90982,0,0.0,1049,6333,84649,0.010027811795300929
100,91082,0,0.0,1050,6334,84748,0.01002753506331395
100,91182,0,0.0,1051,6334,84848,0.01002726108485625
100,91282,0,0.0,1052,6334,84948,0.010026989832529752
100,91382,0,0.0,1053,6335,85047,0.010026721279208999
100,91482,0,0.0,1054,6336,85146,0.010026455398038434
100,91582,0,0.0,1055,6337,85245,0.01002619216242972
100,91682,0,0.0,1056,6337,85345,0.010025931546059077
100,91782,0,0.0,1057,6337,85445,0.010025673522864646
50,91832,0,0.0,1058,6338,85494,0.0100254180670439
100,91932,0,0.0,1059,6338,85594,0.010025165153051038
100,92032,0,0.0,1060,6338,85694,0.010024914755594453
100,92132,0,0.0,1061,6339,85793,0.01002466684963419
65,92197,0,0.0,1062,6340,85857,0.010024421410379444
100,92297,0,0.0,1063,6343,85954,0.01002417841328609
100,92397,0,0.0,1064,6343,86054,0.010023937834054211
100,92497,0,0.0,1065,6344,86153,0.010023699648625687
100,92597,0,0.0,1066,6345,86252,0.010023463833181775
100,92697,0,0.0,1067,6346,86351,0.010023230364140734
100,92797,0,0.0,1068,6346,86451,0.010022999218155467
100,92897,0,0.0,1069,6346,86551,0.01002277037211118
100,92997,0,0.0,1070,6346,86651,0.01002254380312308
75,93072,0,0.0,1071,6348,86724,0.01002231948853408
100,93172,0,0.0,1072,6350,86822,0.010022097405912533
100,93272,0,0.0,1073,6350,86922,0.010021877533049992
84,93356,0,0.0,1074,6351,87005,0.010021659847958985
100,93456,0,0.0,1075,6351,87105,0.010021444328870826
100,93556,0,0.0,1076,6351,87205,0.010021230954233424
100,93656,0,0.0,1077,6351,87305,0.010021019702709136
100,93756,0,0.0,1078,6353,87403,0.010020810553172638
100,93856,0,0.0,1079,6354,87502,0.010020603484708799
100,93956,0,0.0,1080,6356,87600,0.0100203984766106
100,94056,0,0.0,1081,6357,87699,0.01002019550837706
85,94141,0,0.0,1082,6358,87783,0.010019994559711188
100,94241,0,0.0,1083,6358,87883,0.01001979561051795
100,94341,0,0.0,1084,6358,87983,0.01001959864090226
100,94441,0,0.0,1085,6358,88083,0.010019403631166992
100,94541,0,0.0,1086,6359,88182,0.01001921056181101
100,94641,0,0.0,1087,6361,88280,0.01001901941352722
100,94741,0,0.0,1088,6361,88380,0.01001883016720063
100,94841,0,0.0,1089,6362,88479,0.010018642803906453
73,94914,0,0.0,1090,6363,88551,0.010018457304908203
100,95014,0,0.0,1091,6364,88650,0.010018273651655822
100,95114,0,0.0,1092,6365,88749,0.010018091825783837
100,95214,0,0.0,1093,6367,88847,0.010017911809109508
100,95314,0,0.0,1094,6367,88947,0.010017733583631014
100,95414,0,0.0,1095,6368,89046,0.010017557131525663
100,95514,0,0.0,1096,6369,89145,0.010017382435148095
100,95614,0,0.0,1097,6371,89243,0.010017209477028527
100,95714,0,0.0,1098,6372,89342,0.010017038239871004
100,95814,0,0.0,1099,6374,89440,0.010016868706551666
100,95914,0,0.0,1100,6375,89539,0.01001670086011704
100,96014,0,0.0,1101,6375,89639,0.010016534683782344
100,96114,0,0.0,1102,6376,89738,0.010016370160929804
100,96214,0,0.0,1103,6377,89837,0.010016207275107
100,96314,0,0.0,1104,6378,89936,0.010016046010025212
100,96414,0,0.0,1105,6379,90035,0.0100158863495578
100,96514,0,0.0,1106,6380,90134,0.01001572827773858
100,96614,0,0.0,1107,6380,90234,0.010015571778760241
100,96714,0,0.0,1108,6381,90333,0.010015416836972756
100,96814,0,0.0,1109,6381,90433,0.010015263436881815
100,96914,0,0.0,1110,6382,90532,0.010015111563147282
100,97014,0,0.0,1111,6384,90630,0.010014961200581656
100,97114,0,0.0,1112,6387,90727,0.010014812334148557
100,97214,0,0.0,1113,6388,90826,0.010014664948961216
100,97314,0,0.0,1114,6389,90925,0.010014519030280992
100,97414,0,0.0,1115,6389,91025,0.010014374563515895
100,97514,0,0.0,1116,6389,91125,0.01001423153421913
100,97614,0,0.0,1117,6390,91224,0.010014089928087644
100,97714,0,0.0,1118,6390,91324,0.01001394973096071
100,97814,0,0.0,1119,6392,91422,0.010013810928818496
89,97903,0,0.0,1120,6393,91510,0.010013673507780674
100,98003,0,0.0,1121,6393,91610,0.010013537454105024
100,98103,0,0.0,1122,6393,91710,0.010013402754186067
100,98203,0,0.0,1123,6393,91810,0.010013269394553695
56,98259,0,0.0,1124,6395,91864,0.010013137361871838
100,98359,0,0.0,1125,6396,91963,0.010013006642937116
100,98459,0,0.0,1126,6397,92062,0.010012877224677526
100,98559,0,0.0,1127,6398,92161,0.010012749094151136
58,98617,0,0.0,1128,6402,92215,0.010012622238544785
100,98717,0,0.0,1129,6403,92314,0.010012496645172807
100,98817,0,0.0,1130,6405,92412,0.01001237230147576
100,98917,0,0.0,1131,6407,92510,0.01001224919501917
100,99017,0,0.0,1132,6409,92608,0.01001212731349229
100,99117,0,0.0,1133,6409,92708,0.010012006644706866
100,99217,0,0.0,1134,6409,92808,0.010011887176595919
72,99289,0,0.0,1135,6410,92879,0.010011768897212536
69,99358,0,0.0,1136,6411,92947,0.010011651794728682
100,99458,0,0.0,1137,6411,93047,0.010011535857434011
100,99558,0,0.0,1138,6412,93146,0.010011421073734697
100,99658,0,0.0,1139,6412,93246,0.010011307432152275
100,99758,0,0.0,1140,6412,93346,0.01001119492132249
100,99858,0,0.0,1141,6412,93446,0.010011083529994165
100,99958,0,0.0,1142,6413,93545,0.010010973247028078
