iteration,successes,successes_episode,reward_episode,episode_count,random_act,timestep,epsilon
17,17,0,0.0,1,17,0,1.0
20,37,0,0.0,2,36,1,0.9901493354116764
11,48,0,0.0,3,46,2,0.9803966865736877
27,75,0,0.0,4,73,2,0.970741078213023
11,86,0,0.0,5,84,2,0.9611815447608
25,111,0,0.0,6,108,3,0.9517171302557069
77,188,0,0.0,7,178,10,0.9423468882484062
91,279,0,0.0,8,262,17,0.9330698817068888
60,339,0,0.0,9,318,21,0.9238851829227694
16,355,0,0.0,10,333,22,0.9147918734185159
67,422,0,0.0,11,393,29,0.9057890438555999
72,494,0,0.0,12,461,33,0.896875793943563
32,526,0,0.0,13,490,36,0.888051232349986
100,626,0,0.0,14,574,52,0.8793144766113556
22,648,0,0.0,15,594,54,0.8706646530448178
45,693,0,0.0,16,634,59,0.8621008966608072
57,750,0,0.0,17,685,65,0.8536223510765493
39,789,0,0.0,18,718,71,0.8452281684304199
12,801,0,0.0,19,728,73,0.8369175092971592
37,838,0,0.0,20,763,75,0.8286895426039287
35,873,0,0.0,21,789,84,0.820543445547202
58,931,0,0.0,22,840,91,0.8124784035104852
100,1031,0,0.0,23,912,119,0.8044936099828537
61,1092,0,0.0,24,963,129,0.7965882664783007
41,1133,0,0.0,25,998,135,0.7887615824558879
26,1159,0,0.0,26,1021,138,0.7810127752406908
20,1179,0,0.0,27,1033,146,0.7733410699455306
10,1189,0,0.0,28,1042,147,0.7657456993934846
33,1222,0,0.0,29,1070,152,0.7582259040411682
100,1322,0,0.0,30,1142,180,0.7507809319027796
71,1393,0,0.0,31,1195,198,0.7434100384749007
60,1453,0,0.0,32,1248,205,0.7361124866620463
8,1461,0,0.0,33,1255,206,0.7288875467029541
67,1528,0,0.0,34,1305,223,0.7217344960976069
55,1583,0,0.0,35,1348,235,0.7146526195349836
46,1629,0,0.0,36,1380,249,0.7076412088215263
93,1722,0,0.0,37,1447,275,0.7006995628103208
78,1800,0,0.0,38,1499,301,0.6938269873309811
51,1851,0,0.0,39,1537,314,0.6870227951202322
26,1877,0,0.0,40,1553,324,0.680286305753183
18,1895,0,0.0,41,1569,326,0.6736168455752829
46,1941,0,0.0,42,1596,345,0.6670137476349562
68,2009,0,0.0,43,1639,370,0.6604763516169062
51,2060,0,0.0,44,1669,391,0.6540040037760834
41,2101,0,0.0,45,1695,406,0.64759605687231
58,2159,0,0.0,46,1726,433,0.6412518701055556
100,2259,0,0.0,47,1789,470,0.6349708090518567
71,2330,0,0.0,48,1836,494,0.6287522455998737
100,2430,0,0.0,49,1895,535,0.6225955578880794
57,2487,0,0.0,50,1930,557,0.616500130242572
27,2514,0,0.0,51,1945,569,0.6104653531155071
85,2599,0,0.0,52,1998,601,0.6044906230241432
58,2657,0,0.0,53,2031,626,0.5985753424904925
39,2696,0,0.0,54,2049,647,0.5927189199815717
100,2796,0,0.0,55,2104,692,0.5869207698502498
18,2814,0,0.0,56,2118,696,0.5811803122766818
89,2903,0,0.0,57,2173,730,0.5754969732103268
100,3003,0,0.0,58,2226,777,0.5698701843125418
100,3103,0,0.0,59,2288,815,0.564299382899748
67,3170,0,0.0,60,2330,840,0.558784011887162
100,3270,0,0.0,61,2384,886,0.5533235197330862
100,3370,0,0.0,62,2438,932,0.5479173603837548
100,3470,0,0.0,63,2489,981,0.5425649932187278
50,3520,0,0.0,64,2520,1000,0.5372658829968282
54,3574,0,0.0,65,2540,1034,0.5320194998026181
76,3650,0,0.0,66,2582,1068,0.5268253189934059
100,3750,0,0.0,67,2628,1122,0.5216828211467822
23,3773,0,0.0,68,2641,1132,0.516591492008677
100,3873,0,0.0,69,2691,1182,0.5115508224419336
57,3930,0,0.0,70,2721,1209,0.5065603083753949
55,3985,0,0.0,71,2751,1234,0.5016194507534953
100,4085,0,0.0,72,2804,1281,0.49672775548635545
100,4185,0,0.0,73,2861,1324,0.491884733400372
61,4246,0,0.0,74,2893,1353,0.48708990018930043
30,4276,0,0.0,75,2905,1371,0.48234277636582407
50,4326,0,0.0,76,2939,1387,0.47764288721360454
71,4397,0,0.0,77,2977,1420,0.47298976273981014
100,4497,0,0.0,78,3023,1474,0.4683829376281158
58,4555,0,0.0,79,3052,1503,0.4638219511921713
100,4655,0,0.0,80,3098,1557,0.4593063473295323
95,4750,0,0.0,81,3140,1610,0.45483567447604933
45,4795,0,0.0,82,3161,1634,0.4504094855607117
26,4821,0,0.0,83,3173,1648,0.44602733796093924
100,4921,0,0.0,84,3217,1704,0.4416887934583202
100,5021,0,0.0,85,3261,1760,0.43739341819478894
28,5049,0,0.0,86,3274,1775,0.43314078262923944
93,5142,0,0.0,87,3312,1830,0.4289304614945713
100,5242,0,0.0,88,3360,1882,0.42476203375516264
100,5342,0,0.0,89,3403,1939,0.42063508256476556
91,5433,0,0.0,90,3440,1993,0.41654919522482203
54,5487,0,0.0,91,3463,2024,0.4125039631431931
45,5532,0,0.0,92,3480,2052,0.40849898179329963
100,5632,0,0.0,93,3517,2115,0.404533850673669
40,5672,0,0.0,94,3533,2139,0.40060817326788506
100,5772,0,0.0,95,3578,2194,0.3967215570049359
37,5809,0,0.0,96,3593,2216,0.3928736132199562
100,5909,0,0.0,97,3612,2297,0.38906395711536096
77,5986,0,0.0,98,3637,2349,0.38529220772236483
100,6086,0,0.0,99,3682,2404,0.3815579878628856
100,6186,0,0.0,100,3716,2470,0.37786092411182526
100,6286,0,0.0,101,3753,2533,0.3742006467597279
100,6386,0,0.0,102,3790,2596,0.3705767897758081
83,6469,0,0.0,103,3815,2654,0.3669889907713475
64,6533,0,0.0,104,3845,2688,0.36343689096345594
100,6633,0,0.0,105,3884,2749,0.35992013513919235
47,6680,0,0.0,106,3899,2781,0.35643837162004377
100,6780,0,0.0,107,3929,2851,0.3529912522267568
100,6880,0,0.0,108,3963,2917,0.34957843224451957
100,6980,0,0.0,109,4002,2978,0.34619957038848975
100,7080,0,0.0,110,4035,3045,0.34285432876966604
100,7180,0,0.0,111,4073,3107,0.3395423728610988
40,7220,0,0.0,112,4089,3131,0.3362633714644372
51,7271,0,0.0,113,4105,3166,0.33301699667680906
100,7371,0,0.0,114,4132,3239,0.3298029238580304
100,7471,0,0.0,115,4168,3303,0.3266208315981408
100,7571,0,0.0,116,4197,3374,0.32347040168526264
100,7671,0,0.0,117,4226,3445,0.3203513190737793
100,7771,0,0.0,118,4255,3516,0.3172632718528302
58,7829,0,0.0,119,4273,3556,0.31420595121511996
100,7929,0,0.0,120,4299,3630,0.311179051426037
100,8029,0,0.0,121,4328,3701,0.3081822697930801
100,8129,0,0.0,122,4362,3767,0.3052153066355885
81,8210,0,0.0,123,4393,3817,0.30227786525477407
100,8310,0,0.0,124,4416,3894,0.29936965190405085
100,8410,0,0.0,125,4449,3961,0.29649037575966014
100,8510,0,0.0,126,4480,4030,0.29363974889158817
100,8610,0,0.0,127,4517,4093,0.2908174862347727
100,8710,0,0.0,128,4547,4163,0.28802330556059597
100,8810,0,0.0,129,4578,4232,0.2852569274486622
100,8910,0,0.0,130,4608,4302,0.2825180752588548
100,9010,0,0.0,131,4643,4367,0.27980647510367246
100,9110,0,0.0,132,4674,4436,0.2771218558208399
100,9210,0,0.0,133,4702,4508,0.27446394894619186
100,9310,0,0.0,134,4734,4576,0.27183248868682575
100,9410,0,0.0,135,4759,4651,0.26922721189452276
100,9510,0,0.0,136,4783,4727,0.2666478580394326
100,9610,0,0.0,137,4813,4797,0.26409416918402034
100,9710,0,0.0,138,4833,4877,0.26156588995727226
100,9810,0,0.0,139,4863,4947,0.2590627675291589
100,9910,0,0.0,140,4888,5022,0.2565845515853515
100,10010,0,0.0,141,4913,5097,0.2541309943021904
40,10050,0,0.0,142,4926,5124,0.25170185032190273
100,10150,0,0.0,143,4946,5204,0.24929687672806608
44,10194,0,0.0,144,4958,5236,0.246915833021317
58,10252,0,0.0,145,4979,5273,0.24455848109530054
100,10352,0,0.0,146,4998,5354,0.2422245852128597
100,10452,0,0.0,147,5017,5435,0.23991391198246126
100,10552,0,0.0,148,5040,5512,0.2376262303348566
100,10652,0,0.0,149,5061,5591,0.2353613114999746
100,10752,0,0.0,150,5081,5671,0.23311892898404435
100,10852,0,0.0,151,5109,5743,0.23089885854694553
100,10952,0,0.0,152,5128,5824,0.22870087817978443
100,11052,0,0.0,153,5145,5907,0.22652476808269262
100,11152,0,0.0,154,5161,5991,0.22437031064284702
100,11252,0,0.0,155,5175,6077,0.22223729041270818
100,11352,0,0.0,156,5199,6153,0.22012549408847562
100,11452,0,0.0,157,5222,6230,0.21803471048875708
100,11552,0,0.0,158,5240,6312,0.21596473053345028
100,11652,0,0.0,159,5263,6389,0.21391534722283462
100,11752,0,0.0,160,5278,6474,0.2118863556168713
100,11852,0,0.0,161,5294,6558,0.20987755281470882
100,11952,0,0.0,162,5314,6638,0.20788873793439305
100,12052,0,0.0,163,5326,6726,0.2059197120927785
100,12152,0,0.0,164,5349,6803,0.20397027838564025
100,12252,0,0.0,165,5372,6880,0.20204024186798297
100,12352,0,0.0,166,5390,6962,0.20012940953454655
100,12452,0,0.0,167,5411,7041,0.1982375903005053
100,12552,0,0.0,168,5433,7119,0.19636459498235934
100,12652,0,0.0,169,5454,7198,0.19451023627901587
100,12752,0,0.0,170,5476,7276,0.19267432875305937
100,12852,0,0.0,171,5498,7354,0.19085668881220733
100,12952,0,0.0,172,5513,7439,0.1890571346909509
100,13052,0,0.0,173,5539,7513,0.1872754864323783
100,13152,0,0.0,174,5559,7593,0.18551156587017906
100,13252,0,0.0,175,5574,7678,0.1837651966108269
100,13352,0,0.0,176,5587,7765,0.1820362040159407
100,13452,0,0.0,177,5597,7855,0.18032441518482004
78,13530,0,0.0,178,5611,7919,0.17862965893715535
100,13630,0,0.0,179,5625,8005,0.17695176579590954
100,13730,0,0.0,180,5644,8086,0.1752905679703703
100,13830,0,0.0,181,5657,8173,0.17364589933937066
100,13930,0,0.0,182,5673,8257,0.172017595434677
100,14030,0,0.0,183,5687,8343,0.17040549342454195
100,14130,0,0.0,184,5708,8422,0.16880943209742102
93,14223,0,0.0,185,5725,8498,0.16722925184585147
100,14323,0,0.0,186,5740,8583,0.16566479465049133
100,14423,0,0.0,187,5756,8667,0.16411590406431734
51,14474,0,0.0,188,5766,8708,0.1625824251969801
100,14574,0,0.0,189,5780,8794,0.16106420469931504
100,14674,0,0.0,190,5791,8883,0.15956109074800714
100,14774,0,0.0,191,5809,8965,0.1580729330304087
100,14874,0,0.0,192,5826,9048,0.15659958272950783
100,14974,0,0.0,193,5837,9137,0.15514089250904667
100,15074,0,0.0,194,5847,9227,0.1536967164987875
100,15174,0,0.0,195,5863,9311,0.1522669102799259
100,15274,0,0.0,196,5875,9399,0.15085133087064845
100,15374,0,0.0,197,5889,9485,0.14944983671183457
100,15474,0,0.0,198,5900,9574,0.14806228765290044
100,15574,0,0.0,199,5918,9656,0.1466885449377839
100,15674,0,0.0,200,5930,9744,0.14532847119106862
100,15774,0,0.0,201,5945,9829,0.1439819304042466
100,15874,0,0.0,202,5953,9921,0.14264878792211688
100,15974,0,0.0,203,5967,10007,0.1413289104293205
100,16074,0,0.0,204,5984,10090,0.14002216593700811
100,16174,0,0.0,205,5993,10181,0.13872842376964165
49,16223,0,0.0,206,6001,10222,0.1374475545519262
100,16323,0,0.0,207,6012,10311,0.13617943019587256
100,16423,0,0.0,208,6022,10401,0.13492392388798838
100,16523,0,0.0,209,6035,10488,0.13368091007659658
100,16623,0,0.0,210,6047,10576,0.1324502644592803
100,16723,0,0.0,211,6070,10653,0.13123186397045208
100,16823,0,0.0,212,6084,10739,0.13002558676904785
100,16923,0,0.0,213,6096,10827,0.12883131222634217
100,17023,0,0.0,214,6109,10914,0.12764892091388555
100,17123,0,0.0,215,6127,10996,0.1264782945915614
100,17223,0,0.0,216,6136,11087,0.125319316195762
100,17323,0,0.0,217,6147,11176,0.12417186982768189
100,17423,0,0.0,218,6154,11269,0.12303584074172813
100,17523,0,0.0,219,6164,11359,0.12191111533404535
100,17623,0,0.0,220,6176,11447,0.12079758113115559
100,17723,0,0.0,221,6190,11533,0.11969512677871053
100,17823,0,0.0,222,6200,11623,0.11860364203035628
100,17923,0,0.0,223,6212,11711,0.11752301773670837
100,18023,0,0.0,224,6221,11802,0.116453145834437
100,18123,0,0.0,225,6231,11892,0.11539391933546027
100,18223,0,0.0,226,6243,11980,0.11434523231624569
100,18323,0,0.0,227,6256,12067,0.11330697990721733
100,18423,0,0.0,228,6266,12157,0.1122790582822692
100,18523,0,0.0,229,6278,12245,0.11126136464838206
100,18623,0,0.0,230,6286,12337,0.11025379723534455
100,18723,0,0.0,231,6298,12425,0.10925625528557566
100,18823,0,0.0,232,6312,12511,0.1082686390440492
100,18923,0,0.0,233,6321,12602,0.10729084974831793
100,19023,0,0.0,234,6328,12695,0.10632278961863742
100,19123,0,0.0,235,6347,12776,0.10536436184818809
100,19223,0,0.0,236,6362,12861,0.10441547059339411
100,19323,0,0.0,237,6375,12948,0.10347602096433932
100,19423,0,0.0,238,6384,13039,0.10254591901527788
100,19523,0,0.0,239,6390,13133,0.10162507173523985
100,19623,0,0.0,240,6398,13225,0.10071338703872978
100,19723,0,0.0,241,6412,13311,0.09981077375651838
100,19823,0,0.0,242,6423,13400,0.09891714162652515
100,19923,0,0.0,243,6433,13490,0.09803240128479247
100,20023,0,0.0,244,6446,13577,0.09715646425654882
100,20123,0,0.0,245,6456,13667,0.09628924294736148
100,20223,0,0.0,246,6462,13761,0.09543065063437678
100,20323,0,0.0,247,6465,13858,0.09458060145764802
100,20423,0,0.0,248,6475,13948,0.09373901041154904
100,20523,0,0.0,249,6486,14037,0.092905793336274
100,20623,0,0.0,250,6497,14126,0.09208086690942092
100,20723,0,0.0,251,6508,14215,0.0912641486376598
100,20823,0,0.0,252,6518,14305,0.09045555684848275
100,20923,0,0.0,253,6529,14394,0.08965501068203711
100,21023,0,0.0,254,6539,14484,0.08886243008303903
100,21123,0,0.0,255,6556,14567,0.08807773579276819
100,21223,0,0.0,256,6564,14659,0.08730084934114159
100,21323,0,0.0,257,6576,14747,0.08653169303886674
100,21423,0,0.0,258,6580,14843,0.0857701899696724
100,21523,0,0.0,259,6589,14934,0.08501626398261702
100,21623,0,0.0,260,6596,15027,0.0842698396844737
100,21723,0,0.0,261,6604,15119,0.08353084243219053
100,21823,0,0.0,262,6611,15212,0.08279919832542652
100,21923,0,0.0,263,6617,15306,0.08207483419916123
100,22023,0,0.0,264,6623,15400,0.08135767761637844
100,22123,0,0.0,265,6630,15493,0.08064765686082219
100,22223,0,0.0,266,6635,15588,0.0799447009298253
100,22323,0,0.0,267,6642,15681,0.0792487395272088
100,22423,0,0.0,268,6653,15770,0.07855970305625253
100,22523,0,0.0,269,6662,15861,0.07787752261273513
100,22623,0,0.0,270,6670,15953,0.07720212997804382
100,22723,0,0.0,271,6677,16046,0.07653345761235225
100,22823,0,0.0,272,6685,16138,0.07587143864786668
100,22923,0,0.0,273,6695,16228,0.07521600688213892
100,23023,0,0.0,274,6698,16325,0.07456709677144624
100,23123,0,0.0,275,6705,16418,0.07392464342423678
100,23223,0,0.0,276,6713,16510,0.0732885825946405
100,23323,0,0.0,277,6724,16599,0.07265885067604429
100,23423,0,0.0,278,6731,16692,0.07203538469473161
100,23523,0,0.0,279,6740,16783,0.0714181223035847
100,23623,0,0.0,280,6746,16877,0.07080700177585013
100,23723,0,0.0,281,6754,16969,0.07020196199896576
100,23823,0,0.0,282,6764,17059,0.06960294246844981
100,23923,0,0.0,283,6769,17154,0.06900988328184997
100,24023,0,0.0,284,6776,17247,0.06842272513275337
100,24123,0,0.0,285,6778,17345,0.06784140930485581
100,24223,0,0.0,286,6786,17437,0.06726587766609007
100,24323,0,0.0,287,6793,17530,0.06669607266281269
100,24423,0,0.0,288,6800,17623,0.06613193731404843
100,24523,0,0.0,289,6809,17714,0.06557341520579238
100,24623,0,0.0,290,6812,17811,0.06502045048536823
100,24723,0,0.0,291,6816,17907,0.06447298785584316
100,24823,0,0.0,292,6820,18003,0.06393097257049796
100,24923,0,0.0,293,6829,18094,0.06339435042735246
100,25023,0,0.0,294,6833,18190,0.06286306776374512
100,25123,0,0.0,295,6841,18282,0.06233707145096687
100,25223,0,0.0,296,6850,18373,0.06181630888894806
100,25323,0,0.0,297,6858,18465,0.061300728000998575
100,25423,0,0.0,298,6865,18558,0.06079027722859992
100,25523,0,0.0,299,6869,18654,0.060284905526249516
100,25623,0,0.0,300,6873,18750,0.05978456235635595
100,25723,0,0.0,301,6875,18848,0.05928919768418531
100,25823,0,0.0,302,6877,18946,0.05879876197285753
100,25923,0,0.0,303,6880,19043,0.058313206178392835
100,26023,0,0.0,304,6883,19140,0.05783248174480709
100,26123,0,0.0,305,6889,19234,0.057356540599256385
100,26223,0,0.0,306,6891,19332,0.0568853351472295
100,26323,0,0.0,307,6900,19423,0.0564188182677886
100,26423,0,0.0,308,6905,19518,0.05595694330885694
100,26523,0,0.0,309,6911,19612,0.05549966408255377
100,26623,0,0.0,310,6918,19705,0.05504693486057535
100,26723,0,0.0,311,6925,19798,0.05459871036962222
100,26823,0,0.0,312,6930,19893,0.05415494578687179
100,26923,0,0.0,313,6934,19989,0.05371559673549593
100,27023,0,0.0,314,6941,20082,0.053280619280223436
100,27123,0,0.0,315,6947,20176,0.05284996992294624
100,27223,0,0.0,316,6951,20272,0.05242360559836979
100,27323,0,0.0,317,6957,20366,0.05200148366970627
100,27423,0,0.0,318,6964,20459,0.051583561924411096
100,27523,0,0.0,319,6968,20555,0.05116979856996143
100,27623,0,0.0,320,6974,20649,0.050760152229677065
100,27723,0,0.0,321,6978,20745,0.05035458193858255
100,27823,0,0.0,322,6985,20838,0.049953047139310834
100,27923,0,0.0,323,6989,20934,0.04955550767804736
100,28023,0,0.0,324,6992,21031,0.04916192380051474
100,28123,0,0.0,325,6998,21125,0.0487722561479972
100,28223,0,0.0,326,7001,21222,0.04838646575340479
100,28323,0,0.0,327,7003,21320,0.04800451403737654
100,28423,0,0.0,328,7005,21418,0.04762636280442257
100,28523,0,0.0,329,7008,21515,0.04725197423910444
100,28623,0,0.0,330,7012,21611,0.04688131090225365
100,28723,0,0.0,331,7016,21707,0.046514335727227595
100,28823,0,0.0,332,7022,21801,0.046151012016203
100,28923,0,0.0,333,7029,21894,0.04579130343650595
100,29023,0,0.0,334,7037,21986,0.04543517401697875
100,29123,0,0.0,335,7038,22085,0.04508258814438266
100,29223,0,0.0,336,7046,22177,0.04473351055983658
100,29323,0,0.0,337,7055,22268,0.044387906355291176
100,29423,0,0.0,338,7057,22366,0.04404574097003798
100,29523,0,0.0,339,7062,22461,0.04370698018725335
100,29623,0,0.0,340,7063,22560,0.043371590130576676
100,29723,0,0.0,341,7072,22651,0.04303953726072282
100,29823,0,0.0,342,7079,22744,0.042710788372128064
100,29923,0,0.0,343,7085,22838,0.042385310589629625
100,30023,0,0.0,344,7091,22932,0.04206307136517797
100,30123,0,0.0,345,7093,23030,0.04174403847458216
100,30223,0,0.0,346,7096,23127,0.04142818001428726
100,30323,0,0.0,347,7101,23222,0.04111546439818403
100,30423,0,0.0,348,7107,23316,0.04080586035445025
100,30523,0,0.0,349,7110,23413,0.040499336922423565
100,30623,0,0.0,350,7111,23512,0.040195863449505306
100,30723,0,0.0,351,7117,23606,0.039895409588095315
100,30823,0,0.0,352,7120,23703,0.039597945292557044
100,30923,0,0.0,353,7125,23798,0.03930344081621308
100,31023,0,0.0,354,7126,23897,0.03901186670837034
100,31123,0,0.0,355,7129,23994,0.03872319381137508
100,31223,0,0.0,356,7135,24088,0.03843739325769703
100,31323,0,0.0,357,7142,24181,0.03815443646704266
100,31423,0,0.0,358,7145,24278,0.03787429514349709
100,31523,0,0.0,359,7149,24374,0.03759694127269454
100,31623,0,0.0,360,7152,24471,0.037322347119016795
100,31723,0,0.0,361,7153,24570,0.03705048522281963
100,31823,0,0.0,362,7157,24666,0.03678132839768691
100,31923,0,0.0,363,7163,24760,0.036514849727711796
100,32023,0,0.0,364,7166,24857,0.03625102256480524
100,32123,0,0.0,365,7171,24952,0.03598982052603108
100,32223,0,0.0,366,7178,25045,0.0357312174909678
100,32323,0,0.0,367,7181,25142,0.03547518759909634
100,32423,0,0.0,368,7187,25236,0.035221705247214206
100,32523,0,0.0,369,7192,25331,0.03497074508687494
100,32623,0,0.0,370,7195,25428,0.034722282021853394
100,32723,0,0.0,371,7196,25527,0.034476291205635994
100,32823,0,0.0,372,7198,25625,0.034232748038936146
100,32923,0,0.0,373,7204,25719,0.0339916281672342
100,33023,0,0.0,374,7207,25816,0.03375290747834208
100,33123,0,0.0,375,7208,25915,0.033516562099991945
100,33223,0,0.0,376,7213,26010,0.03328256839744902
100,33323,0,0.0,377,7215,26108,0.03305090297114803
100,33423,0,0.0,378,7219,26204,0.03282154265435332
100,33523,0,0.0,379,7222,26301,0.03259446451084204
100,33623,0,0.0,380,7223,26400,0.03236964583261064
100,33723,0,0.0,381,7227,26496,0.03214706413760394
100,33823,0,0.0,382,7230,26593,0.03192669716746694
100,33923,0,0.0,383,7231,26692,0.031708522885318995
100,34023,0,0.0,384,7232,26791,0.031492519473550085
100,34123,0,0.0,385,7233,26890,0.031278665331639026
100,34223,0,0.0,386,7237,26986,0.031066939073993396
100,34323,0,0.0,387,7239,27084,0.030857319527811018
100,34423,0,0.0,388,7242,27181,0.030649785730962574
100,34523,0,0.0,389,7242,27281,0.030444316929895437
100,34623,0,0.0,390,7246,27377,0.030240892577558277
100,34723,0,0.0,391,7246,27477,0.030039492331346347
100,34823,0,0.0,392,7247,27576,0.029840096051067175
100,34923,0,0.0,393,7252,27671,0.029642683796926583
100,35023,0,0.0,394,7258,27765,0.02944723582753464
100,35123,0,0.0,395,7262,27861,0.029253732597931535
100,35223,0,0.0,396,7267,27956,0.029062154757633053
100,35323,0,0.0,397,7271,28052,0.02887248314869552
100,35423,0,0.0,398,7275,28148,0.028684698803799973
100,35523,0,0.0,399,7279,28244,0.02849878294435545
100,35623,0,0.0,400,7281,28342,0.02831471697862105
100,35723,0,0.0,401,7284,28439,0.028132482499846838
100,35823,0,0.0,402,7287,28536,0.027952061284433068
100,35923,0,0.0,403,7291,28632,0.02777343529010782
100,36023,0,0.0,404,7293,28730,0.027596586654122846
100,36123,0,0.0,405,7295,28828,0.027421497691467157
100,36223,0,0.0,406,7298,28925,0.02724815089309858
100,36323,0,0.0,407,7303,29020,0.0270765289241928
100,36423,0,0.0,408,7306,29117,0.026906614622409945
100,36523,0,0.0,409,7307,29216,0.026738390996178224
100,36623,0,0.0,410,7309,29314,0.026571841222994823
100,36723,0,0.0,411,7311,29412,0.026406948647743643
100,36823,0,0.0,412,7314,29509,0.026243696781029717
100,36923,0,0.0,413,7317,29606,0.026082069297530375
100,37023,0,0.0,414,7320,29703,0.02592205003436255
100,37123,0,0.0,415,7324,29799,0.025763622989466578
100,37223,0,0.0,416,7326,29897,0.025606772320005942
100,37323,0,0.0,417,7328,29995,0.025451482340783003
100,37423,0,0.0,418,7329,30094,0.02529773752267042
100,37523,0,0.0,419,7333,30190,0.025145522491058264
100,37623,0,0.0,420,7335,30288,0.02499482202431651
100,37723,0,0.0,421,7337,30386,0.024845621052272927
100,37823,0,0.0,422,7342,30481,0.024697904654705963
100,37923,0,0.0,423,7345,30578,0.024551658059852766
100,38023,0,0.0,424,7345,30678,0.024406866642931964
100,38123,0,0.0,425,7346,30777,0.024263515924681227
100,38223,0,0.0,426,7349,30874,0.024121591569909263
100,38323,0,0.0,427,7350,30973,0.023981079386062323
100,38423,0,0.0,428,7351,31072,0.023841965321804916
100,38523,0,0.0,429,7353,31170,0.023704235465614704
100,38623,0,0.0,430,7357,31266,0.023567876044391298
100,38723,0,0.0,431,7361,31362,0.023432873422078924
100,38823,0,0.0,432,7367,31456,0.02329921409830285
100,38923,0,0.0,433,7367,31556,0.02316688470701933
100,39023,0,0.0,434,7371,31652,0.023035872015178954
100,39123,0,0.0,435,7373,31750,0.022906162921403357
100,39223,0,0.0,436,7374,31849,0.022777744454675064
100,39323,0,0.0,437,7377,31946,0.0226506037730404
100,39423,0,0.0,438,7380,32043,0.02252472816232525
100,39523,0,0.0,439,7382,32141,0.022400105034863643
100,39623,0,0.0,440,7384,32239,0.02227672192823897
100,39723,0,0.0,441,7387,32336,0.02215456650403775
100,39823,0,0.0,442,7390,32433,0.022033626546615788
100,39923,0,0.0,443,7392,32531,0.021913889961876536
100,40023,0,0.0,444,7393,32630,0.02179534477606175
100,40123,0,0.0,445,7395,32728,0.02167797913455405
100,40223,0,0.0,446,7397,32826,0.021561781300691488
100,40323,0,0.0,447,7398,32925,0.02144673965459385
100,40423,0,0.0,448,7402,33021,0.021332842692000656
100,40523,0,0.0,449,7404,33119,0.021220079023120713
100,40623,0,0.0,450,7405,33218,0.02110843737149319
100,40723,0,0.0,451,7406,33317,0.02099790657285988
100,40823,0,0.0,452,7409,33414,0.020888475574048812
100,40923,0,0.0,453,7411,33512,0.020780133431868894
100,41023,0,0.0,454,7412,33611,0.020672869312015653
100,41123,0,0.0,455,7414,33709,0.020566672487987697
100,41223,0,0.0,456,7414,33809,0.02046153234001413
100,41323,0,0.0,457,7416,33907,0.02035743835399253
100,41423,0,0.0,458,7418,34005,0.020254380120437558
100,41523,0,0.0,459,7421,34102,0.02015234733343998
100,41623,0,0.0,460,7426,34197,0.020051329789636065
100,41723,0,0.0,461,7427,34296,0.01995131738718724
100,41823,0,0.0,462,7429,34394,0.019852300124769934
100,41923,0,0.0,463,7434,34489,0.019754268100575387
100,42023,0,0.0,464,7436,34587,0.019657211511319474
100,42123,0,0.0,465,7437,34686,0.0195611206512624
100,42223,0,0.0,466,7442,34781,0.01946598591123807
100,42323,0,0.0,467,7443,34880,0.01937179777769322
100,42423,0,0.0,468,7445,34978,0.019278546831735997
100,42523,0,0.0,469,7446,35077,0.019186223748194096
100,42623,0,0.0,470,7449,35174,0.01909481929468222
100,42723,0,0.0,471,7452,35271,0.019004324330678855
100,42823,0,0.0,472,7452,35371,0.018914729806612192
100,42923,0,0.0,473,7452,35471,0.01882602676295516
100,43023,0,0.0,474,7453,35570,0.018738206329329453
100,43123,0,0.0,475,7454,35669,0.018651259723618557
100,43223,0,0.0,476,7455,35768,0.01856517825108943
100,43323,0,0.0,477,7457,35866,0.018479953303523082
100,43423,0,0.0,478,7459,35964,0.018395576358353725
100,43523,0,0.0,479,7462,36061,0.018312038977816556
100,43623,0,0.0,480,7463,36160,0.018229332808103887
100,43723,0,0.0,481,7469,36254,0.01814744957852983
100,43823,0,0.0,482,7470,36353,0.01806638110070318
100,43923,0,0.0,483,7471,36452,0.01798611926770862
100,44023,0,0.0,484,7471,36552,0.017906656053295947
100,44123,0,0.0,485,7473,36650,0.017827983511077505
100,44223,0,0.0,486,7476,36747,0.01775009377373351
100,44323,0,0.0,487,7478,36845,0.017672979052225327
100,44423,0,0.0,488,7479,36944,0.017596631635016534
100,44523,0,0.0,489,7480,37043,0.01752104388730179
100,44623,0,0.0,490,7480,37143,0.017446208250243338
100,44723,0,0.0,491,7482,37241,0.017372117240215094
100,44823,0,0.0,492,7483,37340,0.01729876344805433
100,44923,0,0.0,493,7485,37438,0.0172261395383207
100,45023,0,0.0,494,7488,37535,0.017154238248562697
100,45123,0,0.0,495,7490,37633,0.017083052388591435
100,45223,0,0.0,496,7493,37730,0.017012574839761596
100,45323,0,0.0,497,7494,37829,0.01694279855425957
100,45423,0,0.0,498,7496,37927,0.016873716554398652
100,45523,0,0.0,499,7497,38026,0.016805321931921288
100,45623,0,0.0,500,7498,38125,0.01673760784730824
100,45723,0,0.0,501,7499,38224,0.016670567529094613
100,45823,0,0.0,502,7499,38324,0.01660419427319272
100,45923,0,0.0,503,7500,38423,0.016538481442221656
100,46023,0,0.0,504,7502,38521,0.016473422464843575
100,46123,0,0.0,505,7504,38619,0.01640901083510651
100,46223,0,0.0,506,7504,38719,0.01634524011179382
100,46323,0,0.0,507,7505,38818,0.016282103917780018
100,46423,0,0.0,508,7509,38914,0.01621959593939311
100,46523,0,0.0,509,7511,39012,0.016157709925783147
100,46623,0,0.0,510,7512,39111,0.016096439688297208
100,46723,0,0.0,511,7514,39209,0.016035779099860478
100,46823,0,0.0,512,7516,39307,0.01597572209436357
100,46923,0,0.0,513,7520,39403,0.015916262666055885
100,47023,0,0.0,514,7521,39502,0.015857394868945038
100,47123,0,0.0,515,7522,39601,0.015799112816202266
100,47223,0,0.0,516,7525,39698,0.01574141067957372
100,47323,0,0.0,517,7527,39796,0.01568428268879766
100,47423,0,0.0,518,7527,39896,0.0156277231310274
100,47523,0,0.0,519,7530,39993,0.015571726350260025
100,47623,0,0.0,520,7531,40092,0.015516286746770792
100,47723,0,0.0,521,7532,40191,0.015461398776553163
100,47823,0,0.0,522,7535,40288,0.015407056950764372
100,47923,0,0.0,523,7536,40387,0.01535325583517655
100,48023,0,0.0,524,7538,40485,0.015299990049633304
100,48123,0,0.0,525,7541,40582,0.015247254267511699
100,48223,0,0.0,526,7542,40681,0.015195043215189571
100,48323,0,0.0,527,7545,40778,0.015143351671518179
100,48423,0,0.0,528,7547,40876,0.015092174467300075
100,48523,0,0.0,529,7549,40974,0.015041506484772198
100,48623,0,0.0,530,7550,41073,0.01499134265709407
100,48723,0,0.0,531,7552,41171,0.014941677967841115
100,48823,0,0.0,532,7553,41270,0.01489250745050302
100,48923,0,0.0,533,7558,41365,0.014843826187987082
100,49023,0,0.0,534,7559,41464,0.014795629312126479
100,49123,0,0.0,535,7561,41562,0.014747912003193458
100,49223,0,0.0,536,7566,41657,0.014700669489417359
100,49323,0,0.0,537,7571,41752,0.014653897046507443
100,49423,0,0.0,538,7572,41851,0.01460758999718044
100,49523,0,0.0,539,7573,41950,0.014561743710692824
100,49623,0,0.0,540,7574,42049,0.014516353602377746
100,49723,0,0.0,541,7575,42148,0.01447141513318654
100,49823,0,0.0,542,7576,42247,0.014426923809234849
100,49923,0,0.0,543,7576,42347,0.014382875181353196
100,50023,0,0.0,544,7578,42445,0.01433926484464209
100,50123,0,0.0,545,7578,42545,0.014296088438031505
100,50223,0,0.0,546,7579,42644,0.014253341643844817
100,50323,0,0.0,547,7579,42744,0.014211020187366974
100,50423,0,0.0,548,7580,42843,0.014169119836417065
100,50523,0,0.0,549,7581,42942,0.01412763640092507
100,50623,0,0.0,550,7583,43040,0.014086565732512882
100,50723,0,0.0,551,7585,43138,0.014045903724079427
100,50823,0,0.0,552,7588,43235,0.014005646309389977
100,50923,0,0.0,553,7589,43334,0.013965789462669513
100,51023,0,0.0,554,7589,43434,0.013926329198200155
100,51123,0,0.0,555,7590,43533,0.013887261569922569
100,51223,0,0.0,556,7591,43632,0.01384858267104137
100,51323,0,0.0,557,7594,43729,0.013810288633634434
100,51423,0,0.0,558,7595,43828,0.013772375628266116
100,51523,0,0.0,559,7595,43928,0.013734839863604284
100,51623,0,0.0,560,7597,44026,0.013697677586041186
100,51723,0,0.0,561,7598,44125,0.0136608850793181
100,51823,0,0.0,562,7600,44223,0.013624458664153696
100,51923,0,0.0,563,7600,44323,0.013588394697876097
100,52023,0,0.0,564,7601,44422,0.013552689574058628
100,52123,0,0.0,565,7602,44521,0.013517339722159148
100,52223,0,0.0,566,7602,44621,0.013482341607163007
100,52323,0,0.0,567,7602,44721,0.013447691729229546
100,52423,0,0.0,568,7607,44816,0.013413386623342096
100,52523,0,0.0,569,7607,44916,0.013379422858961477
100,52623,0,0.0,570,7608,45015,0.013345797039682946
100,52723,0,0.0,571,7608,45115,0.01331250580289656
100,52823,0,0.0,572,7608,45215,0.013279545819450893
100,52923,0,0.0,573,7609,45314,0.013246913793320138
100,53023,0,0.0,574,7613,45410,0.01321460646127448
100,53123,0,0.0,575,7613,45510,0.013182620592553802
100,53223,0,0.0,576,7614,45609,0.01315095298854457
100,53323,0,0.0,577,7616,45707,0.013119600482459998
100,53423,0,0.0,578,7617,45806,0.013088559939023343
100,53523,0,0.0,579,7618,45905,0.013057828254154401
100,53623,0,0.0,580,7621,46002,0.013027402354659073
100,53723,0,0.0,581,7623,46100,0.012997279197922058
100,53823,0,0.0,582,7624,46199,0.012967455771602571
100,53923,0,0.0,583,7626,46297,0.012937929093333135
100,54023,0,0.0,584,7629,46394,0.012908696210421315
100,54123,0,0.0,585,7630,46493,0.012879754199554458
100,54223,0,0.0,586,7630,46593,0.012851100166507357
100,54323,0,0.0,587,7632,46691,0.012822731245852837
100,54423,0,0.0,588,7633,46790,0.012794644600675184
100,54523,0,0.0,589,7634,46889,0.012766837422286476
100,54623,0,0.0,590,7635,46988,0.012739306929945703
100,54723,0,0.0,591,7637,47086,0.012712050370580685
100,54823,0,0.0,592,7638,47185,0.012685065018512777
100,54923,0,0.0,593,7641,47282,0.012658348175184284
100,55023,0,0.0,594,7642,47381,0.012631897168888604
100,55123,0,0.0,595,7642,47481,0.012605709354503067
100,55223,0,0.0,596,7643,47580,0.012579782113224414
100,55323,0,0.0,597,7644,47679,0.012554112852306908
100,55423,0,0.0,598,7644,47779,0.012528699004803068
100,55523,0,0.0,599,7647,47876,0.012503538029306963
100,55623,0,0.0,600,7648,47975,0.012478627409700078
100,55723,0,0.0,601,7649,48074,0.012453964654899695
100,55823,0,0.0,602,7649,48174,0.012429547298609778
100,55923,0,0.0,603,7649,48274,0.01240537289907435
100,56023,0,0.0,604,7650,48373,0.012381439038833314
100,56123,0,0.0,605,7651,48472,0.012357743324480702
100,56223,0,0.0,606,7654,48569,0.01233428338642533
100,56323,0,0.0,607,7654,48669,0.012311056878653841
100,56423,0,0.0,608,7654,48769,0.012288061478496108
100,56523,0,0.0,609,7656,48867,0.012265294886392948
100,56623,0,0.0,610,7658,48965,0.01224275482566618
100,56723,0,0.0,611,7660,49063,0.012220439042290943
100,56823,0,0.0,612,7662,49161,0.012198345304670311
100,56923,0,0.0,613,7663,49260,0.012176471403412107
100,57023,0,0.0,614,7667,49356,0.012154815151107974
100,57123,0,0.0,615,7669,49454,0.012133374382114637
100,57223,0,0.0,616,7670,49553,0.012112146952337331
100,57323,0,0.0,617,7670,49653,0.012091130739015387
100,57423,0,0.0,618,7670,49753,0.012070323640509958
100,57523,0,0.0,619,7670,49853,0.012049723576093858
100,57623,0,0.0,620,7675,49948,0.012029328485743472
100,57723,0,0.0,621,7677,50046,0.012009136329932777
100,57823,0,0.0,622,7677,50146,0.01198914508942936
100,57923,0,0.0,623,7677,50246,0.011969352765092513
100,58023,0,0.0,624,7679,50344,0.011949757377673304
100,58123,0,0.0,625,7681,50442,0.01193035696761667
100,58223,0,0.0,626,7682,50541,0.011911149594865432
100,58323,0,0.0,627,7683,50640,0.011892133338666311
100,58423,0,0.0,628,7684,50739,0.01187330629737784
100,58523,0,0.0,629,7685,50838,0.011854666588280199
100,58623,0,0.0,630,7686,50937,0.011836212347386948
100,58723,0,0.0,631,7686,51037,0.011817941729258619
100,58823,0,0.0,632,7687,51136,0.011799852906818169
100,58923,0,0.0,633,7689,51234,0.011781944071168286
100,59023,0,0.0,634,7691,51332,0.011764213431410478
100,59123,0,0.0,635,7693,51430,0.011746659214465993
100,59223,0,0.0,636,7694,51529,0.011729279664898506
100,59323,0,0.0,637,7694,51629,0.011712073044738584
100,59423,0,0.0,638,7698,51725,0.011695037633309868
100,59523,0,0.0,639,7699,51824,0.011678171727057018
100,59623,0,0.0,640,7700,51923,0.011661473639375353
100,59723,0,0.0,641,7700,52023,0.011644941700442194
100,59823,0,0.0,642,7702,52121,0.011628574257049868
100,59923,0,0.0,643,7704,52219,0.011612369672440398
100,60023,0,0.0,644,7705,52318,0.011596326326141817
100,60123,0,0.0,645,7705,52418,0.011580442613806126
100,60223,0,0.0,646,7705,52518,0.011564716947048855
100,60323,0,0.0,647,7705,52618,0.011549147753290225
100,60423,0,0.0,648,7707,52716,0.011533733475597885
100,60523,0,0.0,649,7707,52816,0.011518472572531219
100,60623,0,0.0,650,7709,52914,0.011503363517987204
100,60723,0,0.0,651,7710,53013,0.011488404801047796
100,60823,0,0.0,652,7711,53112,0.011473594925828836
100,60923,0,0.0,653,7712,53211,0.011458932411330456
100,61023,0,0.0,654,7712,53311,0.01144441579128899
100,61123,0,0.0,655,7712,53411,0.011430043614030338
100,61223,0,0.0,656,7713,53510,0.011415814442324796
100,61323,0,0.0,657,7714,53609,0.011401726853243335
100,61423,0,0.0,658,7715,53708,0.011387779438015309
100,61523,0,0.0,659,7717,53806,0.011373970801887569
100,61623,0,0.0,660,7717,53906,0.011360299563985
100,61723,0,0.0,661,7717,54006,0.011346764357172414
100,61823,0,0.0,662,7717,54106,0.011333363827917855
100,61923,0,0.0,663,7718,54205,0.011320096636157226
100,62023,0,0.0,664,7721,54302,0.011306961455160297
100,62123,0,0.0,665,7723,54400,0.011293956971398022
100,62223,0,0.0,666,7724,54499,0.01128108188441119
100,62323,0,0.0,667,7725,54598,0.01126833490668037
100,62423,0,0.0,668,7727,54696,0.011255714763497167
100,62523,0,0.0,669,7728,54795,0.011243220192836747
100,62623,0,0.0,670,7730,54893,0.011230849945231628
100,62723,0,0.0,671,7730,54993,0.011218602783646746
100,62823,0,0.0,672,7730,55093,0.011206477483355735
100,62923,0,0.0,673,7730,55193,0.01119447283181846
100,63023,0,0.0,674,7730,55293,0.011182587628559764
100,63123,0,0.0,675,7735,55388,0.011170820685049418
100,63223,0,0.0,676,7735,55488,0.011159170824583262
100,63323,0,0.0,677,7736,55587,0.011147636882165546
100,63423,0,0.0,678,7738,55685,0.011136217704392411
100,63523,0,0.0,679,7738,55785,0.011124912149336568
100,63623,0,0.0,680,7739,55884,0.01111371908643309
100,63723,0,0.0,681,7740,55983,0.011102637396366355
100,63823,0,0.0,682,7740,56083,0.011091665970958125
100,63923,0,0.0,683,7740,56183,0.011080803713056716
100,64023,0,0.0,684,7743,56280,0.011070049536427285
100,64123,0,0.0,685,7743,56380,0.011059402365643208
100,64223,0,0.0,686,7744,56479,0.011048861135978534
100,64323,0,0.0,687,7745,56578,0.011038424793301511
100,64423,0,0.0,688,7747,56676,0.011028092293969175
100,64523,0,0.0,689,7747,56776,0.011017862604722983
100,64623,0,0.0,690,7748,56875,0.011007734702585483
100,64723,0,0.0,691,7751,56972,0.010997707574758025
100,64823,0,0.0,692,7751,57072,0.010987780218519469
100,64923,0,0.0,693,7751,57172,0.010977951641125918
100,65023,0,0.0,694,7752,57271,0.010968220859711442
100,65123,0,0.0,695,7755,57368,0.010958586901189789
100,65223,0,0.0,696,7756,57467,0.01094904880215708
100,65323,0,0.0,697,7757,57566,0.010939605608795464
100,65423,0,0.0,698,7757,57666,0.010930256376777735
100,65523,0,0.0,699,7758,57765,0.010921000171172899
100,65623,0,0.0,700,7762,57861,0.010911836066352685
100,65723,0,0.0,701,7766,57957,0.010902763145898971
100,65823,0,0.0,702,7766,58057,0.010893780502512152
100,65923,0,0.0,703,7767,58156,0.010884887237920403
100,66023,0,0.0,704,7768,58255,0.010876082462789857
100,66123,0,0.0,705,7770,58353,0.010867365296635659
100,66223,0,0.0,706,7771,58452,0.010858734867733933
100,66323,0,0.0,707,7772,58551,0.010850190313034594
100,66423,0,0.0,708,7776,58647,0.010841730778075053
100,66523,0,0.0,709,7776,58747,0.010833355416894765
100,66623,0,0.0,710,7776,58847,0.01082506339195063
100,66723,0,0.0,711,7778,58945,0.010816853874033245
100,66823,0,0.0,712,7779,59044,0.010808726042183978
100,66923,0,0.0,713,7782,59141,0.01080067908361287
100,67023,0,0.0,714,7782,59241,0.01079271219361736
100,67123,0,0.0,715,7783,59340,0.010784824575501804
100,67223,0,0.0,716,7784,59439,0.010777015440497823
100,67323,0,0.0,717,7785,59538,0.010769284007685407
100,67423,0,0.0,718,7785,59638,0.01076162950391483
100,67523,0,0.0,719,7787,59736,0.01075405116372934
100,67623,0,0.0,720,7788,59835,0.010746548229288598
100,67723,0,0.0,721,7789,59934,0.010739119950292912
100,67823,0,0.0,722,7791,60032,0.010731765583908192
100,67923,0,0.0,723,7793,60130,0.010724484394691668
100,68023,0,0.0,724,7793,60230,0.010717275654518353
100,68123,0,0.0,725,7793,60330,0.010710138642508221
100,68223,0,0.0,726,7793,60430,0.010703072644954124
100,68323,0,0.0,727,7793,60530,0.010696076955250418
100,68423,0,0.0,728,7796,60627,0.010689150873822304
100,68523,0,0.0,729,7798,60725,0.010682293708055865
100,68623,0,0.0,730,7800,60823,0.010675504772228813
100,68723,0,0.0,731,7803,60920,0.010668783387441906
100,68823,0,0.0,732,7805,61018,0.010662128881551065
100,68923,0,0.0,733,7805,61118,0.010655540589100154
100,69023,0,0.0,734,7806,61217,0.010649017851254439
100,69123,0,0.0,735,7807,61316,0.0106425600157347
100,69223,0,0.0,736,7808,61415,0.010636166436752002
100,69323,0,0.0,737,7810,61513,0.01062983647494312
100,69423,0,0.0,738,7812,61611,0.010623569497306598
100,69523,0,0.0,739,7812,61711,0.01061736487713945
100,69623,0,0.0,740,7814,61809,0.010611221993974488
100,69723,0,0.0,741,7816,61907,0.010605140233518277
100,69823,0,0.0,742,7817,62006,0.010599118987589702
100,69923,0,0.0,743,7818,62105,0.010593157654059155
100,70023,0,0.0,744,7819,62204,0.010587255636788313
100,70123,0,0.0,745,7819,62304,0.01058141234557053
100,70223,0,0.0,746,7819,62404,0.01057562719607182
100,70323,0,0.0,747,7819,62504,0.010569899609772403
100,70423,0,0.0,748,7821,62602,0.010564229013908884
100,70523,0,0.0,749,7821,62702,0.010558614841416947
100,70623,0,0.0,750,7822,62801,0.010553056530874667
100,70723,0,0.0,751,7826,62897,0.010547553526446355
100,70823,0,0.0,752,7829,62994,0.010542105277826985
100,70923,0,0.0,753,7830,63093,0.010536711240187152
100,71023,0,0.0,754,7832,63191,0.0105313708741186
100,71123,0,0.0,755,7834,63289,0.01052608364558027
100,71223,0,0.0,756,7836,63387,0.010520849025844903
100,71323,0,0.0,757,7838,63485,0.010515666491446161
100,71423,0,0.0,758,7838,63585,0.01051053552412629
100,71523,0,0.0,759,7839,63684,0.010505455610784278
100,71623,0,0.0,760,7839,63784,0.010500426243424558
100,71723,0,0.0,761,7841,63882,0.010495446919106205
100,71823,0,0.0,762,7842,63981,0.010490517139892635
100,71923,0,0.0,763,7844,64079,0.010485636412801822
100,72023,0,0.0,764,7845,64178,0.010480804249756986
100,72123,0,0.0,765,7846,64277,0.010476020167537797
100,72223,0,0.0,766,7848,64375,0.010471283687732046
100,72323,0,0.0,767,7849,64474,0.010466594336687809
100,72423,0,0.0,768,7851,64572,0.010461951645466068
100,72523,0,0.0,769,7851,64672,0.010457355149793835
100,72623,0,0.0,770,7852,64771,0.010452804390017712
100,72723,0,0.0,771,7853,64870,0.010448298911057929
100,72823,0,0.0,772,7856,64967,0.010443838262362837
100,72923,0,0.0,773,7858,65065,0.010439421997863846
100,73023,0,0.0,774,7858,65165,0.010435049675930827
100,73123,0,0.0,775,7858,65265,0.010430720859327945
100,73223,0,0.0,776,7858,65365,0.01042643511516993
100,73323,0,0.0,777,7859,65464,0.010422192014878798
100,73423,0,0.0,778,7861,65562,0.01041799113414098
100,73523,0,0.0,779,7862,65661,0.010413832052864903
100,73623,0,0.0,780,7862,65761,0.010409714355138974
100,73723,0,0.0,781,7862,65861,0.010405637629189989
100,73823,0,0.0,782,7862,65961,0.010401601467341955
100,73923,0,0.0,783,7862,66061,0.010397605465975325
100,74023,0,0.0,784,7864,66159,0.01039364922548663
100,74123,0,0.0,785,7865,66258,0.010389732350248527
100,74223,0,0.0,786,7866,66357,0.010385854448570228
100,74323,0,0.0,787,7867,66456,0.01038201513265833
100,74423,0,0.0,788,7867,66556,0.010378214018578047
100,74523,0,0.0,789,7870,66653,0.0103744507262148
100,74623,0,0.0,790,7872,66751,0.010370724879236218
100,74723,0,0.0,791,7872,66851,0.010367036105054498
100,74823,0,0.0,792,7872,66951,0.010363384034789147
100,74923,0,0.0,793,7872,67051,0.010359768303230097
100,75023,0,0.0,794,7874,67149,0.010356188548801179
100,75123,0,0.0,795,7875,67248,0.010352644413523964
100,75223,0,0.0,796,7875,67348,0.010349135542981974
100,75323,0,0.0,797,7876,67447,0.010345661586285228
100,75423,0,0.0,798,7877,67546,0.010342222196035164
100,75523,0,0.0,799,7878,67645,0.01033881702828989
100,75623,0,0.0,800,7879,67744,0.010335445742529792
100,75723,0,0.0,801,7880,67843,0.010332108001623487
100,75823,0,0.0,802,7881,67942,0.010328803471794101
100,75923,0,0.0,803,7884,68039,0.0103255318225859
100,76023,0,0.0,804,7885,68138,0.010322292726831234
100,76123,0,0.0,805,7887,68236,0.01031908586061783
100,76223,0,0.0,806,7888,68335,0.010315910903256391
100,76323,0,0.0,807,7890,68433,0.01031276753724854
100,76423,0,0.0,808,7890,68533,0.010309655448255054
100,76523,0,0.0,809,7890,68633,0.01030657432506444
100,76623,0,0.0,810,7891,68732,0.010303523859561813
100,76723,0,0.0,811,7895,68828,0.01030050374669808
100,76823,0,0.0,812,7896,68927,0.010297513684459435
100,76923,0,0.0,813,7896,69027,0.010294553373837166
100,77023,0,0.0,814,7896,69127,0.010291622518797741
100,77123,0,0.0,815,7897,69226,0.010288720826253218
100,77223,0,0.0,816,7899,69324,0.010285848006031922
100,77323,0,0.0,817,7901,69422,0.010283003770849435
100,77423,0,0.0,818,7903,69520,0.010280187836279871
100,77523,0,0.0,819,7904,69619,0.010277399920727424
100,77623,0,0.0,820,7906,69717,0.01027463974539822
100,77723,0,0.0,821,7906,69817,0.010271907034272422
100,77823,0,0.0,822,7907,69916,0.01026920151407664
100,77923,0,0.0,823,7908,70015,0.010266522914256601
100,78023,0,0.0,824,7909,70114,0.010263870966950093
100,78123,0,0.0,825,7913,70210,0.01026124540696017
100,78223,0,0.0,826,7915,70308,0.010258645971728651
100,78323,0,0.0,827,7915,70408,0.010256072401309843
100,78423,0,0.0,828,7916,70507,0.01025352443834456
100,78523,0,0.0,829,7918,70605,0.010251001828034383
100,78623,0,0.0,830,7919,70704,0.010248504318116178
100,78723,0,0.0,831,7921,70802,0.010246031658836873
100,78823,0,0.0,832,7921,70902,0.010243583602928479
100,78923,0,0.0,833,7922,71001,0.010241159905583363
100,79023,0,0.0,834,7922,71101,0.010238760324429774
100,79123,0,0.0,835,7922,71201,0.010236384619507594
100,79223,0,0.0,836,7923,71300,0.010234032553244354
100,79323,0,0.0,837,7923,71400,0.010231703890431466
100,79423,0,0.0,838,7923,71500,0.01022939839820071
100,79523,0,0.0,839,7926,71597,0.010227115846000938
100,79623,0,0.0,840,7927,71696,0.01022485600557503
100,79723,0,0.0,841,7928,71795,0.01022261865093706
100,79823,0,0.0,842,7930,71893,0.010220403558349701
100,79923,0,0.0,843,7933,71990,0.010218210506301846
100,80023,0,0.0,844,7934,72089,0.010216039275486465
100,80123,0,0.0,845,7935,72188,0.010213889648778665
100,80223,0,0.0,846,7937,72286,0.010211761411213984
100,80323,0,0.0,847,7937,72386,0.010209654349966894
100,80423,0,0.0,848,7938,72485,0.010207568254329514
100,80523,0,0.0,849,7938,72585,0.01020550291569054
100,80623,0,0.0,850,7939,72684,0.010203458127514388
100,80723,0,0.0,851,7939,72784,0.010201433685320538
100,80823,0,0.0,852,7940,72883,0.010199429386663081
100,80923,0,0.0,853,7941,72982,0.010197445031110482
100,81023,0,0.0,854,7941,73082,0.010195480420225531
100,81123,0,0.0,855,7942,73181,0.010193535357545505
100,81223,0,0.0,856,7943,73280,0.010191609648562514
100,81323,0,0.0,857,7944,73379,0.010189703100704052
100,81423,0,0.0,858,7946,73477,0.01018781552331375
100,81523,0,0.0,859,7948,73575,0.01018594672763229
100,81623,0,0.0,860,7948,73675,0.010184096526778551
100,81723,0,0.0,861,7948,73775,0.010182264735730903
100,81823,0,0.0,862,7949,73874,0.010180451171308717
100,81923,0,0.0,863,7949,73974,0.010178655652154037
100,82023,0,0.0,864,7949,74074,0.010176877998713455
100,82123,0,0.0,865,7950,74173,0.01017511803322014
100,82223,0,0.0,866,7952,74271,0.010173375579676082
100,82323,0,0.0,867,7953,74370,0.01017165046383447
100,82423,0,0.0,868,7953,74470,0.010169942513182286
100,82523,0,0.0,869,7954,74569,0.010168251556923037
100,82623,0,0.0,870,7954,74669,0.010166577425959692
100,82723,0,0.0,871,7956,74767,0.010164919952877757
100,82823,0,0.0,872,7957,74866,0.010163278971928544
100,82923,0,0.0,873,7959,74964,0.01016165431901259
100,83023,0,0.0,874,7960,75063,0.01016004583166325
100,83123,0,0.0,875,7962,75161,0.010158453349030448
100,83223,0,0.0,876,7963,75260,0.010156876711864594
100,83323,0,0.0,877,7964,75359,0.010155315762500658
100,83423,0,0.0,878,7966,75457,0.0101537703448424
100,83523,0,0.0,879,7966,75557,0.010152240304346772
100,83623,0,0.0,880,7968,75655,0.010150725488008444
100,83723,0,0.0,881,7970,75753,0.010149225744344521
100,83823,0,0.0,882,7971,75852,0.01014774092337939
100,83923,0,0.0,883,7971,75952,0.010146270876629714
100,84023,0,0.0,884,7971,76052,0.010144815457089593
100,84123,0,0.0,885,7972,76151,0.010143374519215861
100,84223,0,0.0,886,7973,76250,0.01014194791891353
100,84323,0,0.0,887,7974,76349,0.01014053551352138
100,84423,0,0.0,888,7974,76449,0.010139137161797698
100,84523,0,0.0,889,7975,76548,0.010137752723906142
100,84623,0,0.0,890,7977,76646,0.01013638206140177
100,84723,0,0.0,891,7980,76743,0.010135025037217192
100,84823,0,0.0,892,7981,76842,0.010133681515648855
100,84923,0,0.0,893,7981,76942,0.010132351362343486
100,85023,0,0.0,894,7984,77039,0.010131034444284644
100,85123,0,0.0,895,7985,77138,0.010129730629779427
100,85223,0,0.0,896,7985,77238,0.010128439788445296
100,85323,0,0.0,897,7986,77337,0.010127161791197044
100,85423,0,0.0,898,7988,77435,0.01012589651023388
100,85523,0,0.0,899,7988,77535,0.010124643819026653
100,85623,0,0.0,900,7989,77634,0.0101234035923052
100,85723,0,0.0,901,7989,77734,0.010122175706045813
100,85823,0,0.0,902,7990,77833,0.010120960037458845
100,85923,0,0.0,903,7990,77933,0.010119756464976423
100,86023,0,0.0,904,7993,78030,0.010118564868240294
100,86123,0,0.0,905,7993,78130,0.010117385128089795
100,86223,0,0.0,906,7994,78229,0.010116217126549927
100,86323,0,0.0,907,7994,78329,0.010115060746819561
100,86423,0,0.0,908,7994,78429,0.010113915873259762
100,86523,0,0.0,909,7994,78529,0.010112782391382219
100,86623,0,0.0,910,7995,78628,0.010111660187837799
100,86723,0,0.0,911,7999,78724,0.010110549150405214
100,86823,0,0.0,912,8002,78821,0.010109449167979795
100,86923,0,0.0,913,8002,78921,0.010108360130562379
100,87023,0,0.0,914,8004,79019,0.010107281929248322
100,87123,0,0.0,915,8004,79119,0.010106214456216591
100,87223,0,0.0,916,8004,79219,0.010105157604718994
100,87323,0,0.0,917,8005,79318,0.010104111269069502
100,87423,0,0.0,918,8006,79417,0.010103075344633675
100,87523,0,0.0,919,8007,79516,0.010102049727818207
100,87623,0,0.0,920,8009,79614,0.010101034316060565
100,87723,0,0.0,921,8009,79714,0.010100029007818723
100,87823,0,0.0,922,8010,79813,0.01009903370256102
100,87923,0,0.0,923,8013,79910,0.010098048300756102
100,88023,0,0.0,924,8013,80010,0.010097072703862968
100,88123,0,0.0,925,8013,80110,0.010096106814321115
100,88223,0,0.0,926,8013,80210,0.01009515053554078
100,88323,0,0.0,927,8015,80308,0.010094203771893295
100,88423,0,0.0,928,8016,80407,0.010093266428701501
100,88523,0,0.0,929,8019,80504,0.0100923384122303
100,88623,0,0.0,930,8023,80600,0.01009141962967727
100,88723,0,0.0,931,8024,80699,0.010090509989163391
100,88823,0,0.0,932,8024,80799,0.010089609399723856
100,88923,0,0.0,933,8025,80898,0.010088717771298966
100,89023,0,0.0,934,8026,80997,0.010087835014725138
100,89123,0,0.0,935,8028,81095,0.010086961041725979
100,89223,0,0.0,936,8029,81194,0.01008609576490346
100,89323,0,0.0,937,8030,81293,0.010085239097729176
100,89423,0,0.0,938,8030,81393,0.0100843909545357
100,89523,0,0.0,939,8030,81493,0.010083551250508005
100,89623,0,0.0,940,8031,81592,0.010082719901674985
100,89723,0,0.0,941,8034,81689,0.010081896824901066
100,89823,0,0.0,942,8037,81786,0.010081081937877885
100,89923,0,0.0,943,8037,81886,0.01008027515911606
100,90023,0,0.0,944,8039,81984,0.010079476407937044
100,90123,0,0.0,945,8040,82083,0.010078685604465051
100,90223,0,0.0,946,8040,82183,0.010077902669619077
100,90323,0,0.0,947,8040,82283,0.010077127525104984
100,90423,0,0.0,948,8041,82382,0.010076360093407673
100,90523,0,0.0,949,8041,82482,0.010075600297783338
100,90623,0,0.0,950,8045,82578,0.010074848062251781
100,90723,0,0.0,951,8045,82678,0.010074103311588823
100,90823,0,0.0,952,8046,82777,0.010073365971318778
100,90923,0,0.0,953,8046,82877,0.010072635967707003
100,91023,0,0.0,954,8048,82975,0.010071913227752527
100,91123,0,0.0,955,8048,83075,0.010071197679180756
100,91223,0,0.0,956,8049,83174,0.010070489250436234
100,91323,0,0.0,957,8051,83272,0.010069787870675497
100,91423,0,0.0,958,8052,83371,0.010069093469759984
100,91523,0,0.0,959,8052,83471,0.010068405978249026
100,91623,0,0.0,960,8052,83571,0.010067725327392897
100,91723,0,0.0,961,8055,83668,0.010067051449125945
100,91823,0,0.0,962,8057,83766,0.010066384276059784
100,91923,0,0.0,963,8057,83866,0.010065723741476547
100,92023,0,0.0,964,8058,83965,0.01006506977932223
100,92123,0,0.0,965,8059,84064,0.010064422324200068
100,92223,0,0.0,966,8059,84164,0.010063781311364012
100,92323,0,0.0,967,8061,84262,0.010063146676712244
100,92423,0,0.0,968,8063,84360,0.01006251835678077
100,92523,0,0.0,969,8064,84459,0.010061896288737071
100,92623,0,0.0,970,8065,84558,0.01006128041037383
100,92723,0,0.0,971,8065,84658,0.01006067066010269
100,92823,0,0.0,972,8067,84756,0.01006006697694812
100,92923,0,0.0,973,8073,84850,0.010059469300541302
100,93023,0,0.0,974,8074,84949,0.010058877571114096
100,93123,0,0.0,975,8077,85046,0.010058291729493065
100,93223,0,0.0,976,8077,85146,0.01005771171709356
100,93323,0,0.0,977,8079,85244,0.010057137475913858
100,93423,0,0.0,978,8079,85344,0.010056568948529363
100,93523,0,0.0,979,8079,85444,0.010056006078086861
100,93623,0,0.0,980,8081,85542,0.01005544880829884
100,93723,0,0.0,981,8081,85642,0.010054897083437856
100,93823,0,0.0,982,8082,85741,0.010054350848330963
100,93923,0,0.0,983,8084,85839,0.010053810048354195
100,94023,0,0.0,984,8086,85937,0.010053274629427107
100,94123,0,0.0,985,8086,86037,0.010052744538007355
100,94223,0,0.0,986,8088,86135,0.01005221972108536
100,94323,0,0.0,987,8091,86232,0.010051700126178988
100,94423,0,0.0,988,8093,86330,0.010051185701328317
100,94523,0,0.0,989,8094,86429,0.010050676395090436
100,94623,0,0.0,990,8095,86528,0.010050172156534292
100,94723,0,0.0,991,8095,86628,0.010049672935235614
100,94823,0,0.0,992,8097,86726,0.010049178681271852
100,94923,0,0.0,993,8098,86825,0.010048689345217202
100,95023,0,0.0,994,8099,86924,0.010048204878137646
100,95123,0,0.0,995,8099,87024,0.010047725231586075
100,95223,0,0.0,996,8101,87122,0.010047250357597435
100,95323,0,0.0,997,8101,87222,0.010046780208683928
100,95423,0,0.0,998,8102,87321,0.010046314737830275
100,95523,0,0.0,999,8102,87421,0.010045853898488999
100,95623,0,0.0,1000,8105,87518,0.010045397644575786
100,95723,0,0.0,1001,8105,87618,0.010044945930464861
100,95823,0,0.0,1002,8107,87716,0.010044498710984437
100,95923,0,0.0,1003,8107,87816,0.010044055941412194
100,96023,0,0.0,1004,8109,87914,0.010043617577470805
100,96123,0,0.0,1005,8111,88012,0.010043183575323512
100,96223,0,0.0,1006,8113,88110,0.010042753891569738
100,96323,0,0.0,1007,8114,88209,0.01004232848324075
100,96423,0,0.0,1008,8115,88308,0.010041907307795358
100,96523,0,0.0,1009,8116,88407,0.01004149032311567
100,96623,0,0.0,1010,8118,88505,0.010041077487502869
100,96723,0,0.0,1011,8121,88602,0.010040668759673048
100,96823,0,0.0,1012,8123,88700,0.010040264098753086
100,96923,0,0.0,1013,8125,88798,0.010039863464276553
100,97023,0,0.0,1014,8126,88897,0.010039466816179668
100,97123,0,0.0,1015,8127,88996,0.010039074114797288
100,97223,0,0.0,1016,8129,89094,0.01003868532085895
100,97323,0,0.0,1017,8129,89194,0.010038300395484938
100,97423,0,0.0,1018,8130,89293,0.01003791930018239
100,97523,0,0.0,1019,8131,89392,0.01003754199684146
100,97623,0,0.0,1020,8132,89491,0.0100371684477315
100,97723,0,0.0,1021,8133,89590,0.010036798615497286
100,97823,0,0.0,1022,8134,89689,0.010036432463155286
100,97923,0,0.0,1023,8136,89787,0.010036069954089965
100,98023,0,0.0,1024,8137,89886,0.01003571105205011
100,98123,0,0.0,1025,8139,89984,0.01003535572114522
100,98223,0,0.0,1026,8140,90083,0.010035003925841906
100,98323,0,0.0,1027,8141,90182,0.010034655630960348
100,98423,0,0.0,1028,8143,90280,0.010034310801670764
100,98523,0,0.0,1029,8145,90378,0.010033969403489941
100,98623,0,0.0,1030,8148,90475,0.010033631402277775
100,98723,0,0.0,1031,8153,90570,0.010033296764233863
100,98823,0,0.0,1032,8154,90669,0.01003296545589412
100,98923,0,0.0,1033,8154,90769,0.01003263744412744
100,99023,0,0.0,1034,8154,90869,0.010032312696132369
100,99123,0,0.0,1035,8156,90967,0.01003199117943384
100,99223,0,0.0,1036,8158,91065,0.010031672861879913
100,99323,0,0.0,1037,8159,91164,0.010031357711638567
100,99423,0,0.0,1038,8160,91263,0.010031045697194518
100,99523,0,0.0,1039,8161,91362,0.01003073678734606
100,99623,0,0.0,1040,8162,91461,0.01003043095120195
100,99723,0,0.0,1041,8165,91558,0.01003012815817832
100,99823,0,0.0,1042,8165,91658,0.010029828377995615
100,99923,0,0.0,1043,8166,91757,0.010029531580675564
