iteration,successes,successes_episode,reward_episode,episode_count,random_act,timestep
91,91,0,0.0,1,61,30
54,145,0,0.0,2,105,40
34,179,0,0.0,3,134,45
48,227,0,0.0,4,172,55
24,251,0,0.0,5,190,61
20,271,0,0.0,6,205,66
39,310,0,0.0,7,234,76
100,410,0,0.0,8,321,89
25,435,0,0.0,9,343,92
21,456,0,0.0,10,361,95
8,464,0,0.0,11,366,98
43,507,0,0.0,12,398,109
20,527,0,0.0,13,415,112
14,541,0,0.0,14,425,116
7,548,0,0.0,15,431,117
100,648,0,0.0,16,515,133
22,670,0,0.0,17,530,140
32,702,0,0.0,18,555,147
7,709,0,0.0,19,562,147
39,748,0,0.0,20,592,156
13,761,0,0.0,21,602,159
25,786,0,0.0,22,623,163
24,810,0,0.0,23,643,167
52,862,0,0.0,24,688,174
15,877,0,0.0,25,700,177
20,897,0,0.0,26,717,180
9,906,0,0.0,27,724,182
27,933,0,0.0,28,738,195
71,1004,0,0.0,29,796,208
41,1045,0,0.0,30,831,214
51,1096,0,0.0,31,869,227
22,1118,0,0.0,32,885,233
26,1144,0,0.0,33,909,235
15,1159,0,0.0,34,919,240
100,1259,0,0.0,35,1003,256
26,1285,0,0.0,36,1023,262
79,1364,0,0.0,37,1086,278
6,1370,0,0.0,38,1092,278
9,1379,0,0.0,39,1098,281
25,1404,0,0.0,40,1116,288
22,1426,0,0.0,41,1132,294
43,1469,0,0.0,42,1164,305
100,1569,0,0.0,43,1247,322
25,1594,0,0.0,44,1269,325
16,1610,0,0.0,45,1282,328
14,1624,0,0.0,46,1292,332
18,1642,0,0.0,47,1309,333
20,1662,0,0.0,48,1325,337
20,1682,0,0.0,49,1341,341
10,1692,0,0.0,50,1347,345
61,1753,0,0.0,51,1399,354
11,1764,0,0.0,52,1408,356
39,1803,0,0.0,53,1440,363
62,1865,0,0.0,54,1489,376
26,1891,0,0.0,55,1508,383
9,1900,0,0.0,56,1516,384
6,1906,0,0.0,57,1522,384
47,1953,0,0.0,58,1562,391
16,1969,0,0.0,59,1577,392
29,1998,0,0.0,60,1598,400
62,2060,0,0.0,61,1647,413
15,2075,0,0.0,62,1657,418
10,2085,0,0.0,63,1666,419
44,2129,0,0.0,64,1703,426
24,2153,0,0.0,65,1721,432
59,2212,0,0.0,66,1768,444
64,2276,0,0.0,67,1815,461
30,2306,0,0.0,68,1838,468
8,2314,0,0.0,69,1845,469
13,2327,0,0.0,70,1855,472
67,2394,0,0.0,71,1907,487
19,2413,0,0.0,72,1923,490
82,2495,0,0.0,73,1985,510
42,2537,0,0.0,74,2020,517
31,2568,0,0.0,75,2044,524
41,2609,0,0.0,76,2077,532
9,2618,0,0.0,77,2081,537
13,2631,0,0.0,78,2091,540
29,2660,0,0.0,79,2119,541
15,2675,0,0.0,80,2133,542
7,2682,0,0.0,81,2139,543
22,2704,0,0.0,82,2157,547
63,2767,0,0.0,83,2208,559
47,2814,0,0.0,84,2243,571
45,2859,0,0.0,85,2278,581
12,2871,0,0.0,86,2286,585
24,2895,0,0.0,87,2303,592
10,2905,0,0.0,88,2311,594
34,2939,0,0.0,89,2336,603
77,3016,0,0.0,90,2402,614
35,3051,0,0.0,91,2428,623
19,3070,0,0.0,92,2443,627
21,3091,0,0.0,93,2462,629
6,3097,0,0.0,94,2466,631
23,3120,0,0.0,95,2485,635
34,3154,0,0.0,96,2514,640
30,3184,0,0.0,97,2539,645
10,3194,0,0.0,98,2546,648
14,3208,0,0.0,99,2557,651
24,3232,0,0.0,100,2575,657
18,3250,0,0.0,101,2591,659
22,3272,0,0.0,102,2611,661
63,3335,0,0.0,103,2662,673
10,3345,0,0.0,104,2670,675
18,3363,0,0.0,105,2682,681
41,3404,0,0.0,106,2715,689
32,3436,0,0.0,107,2738,698
6,3442,0,0.0,108,2742,700
16,3458,0,0.0,109,2752,706
19,3477,0,0.0,110,2763,714
9,3486,0,0.0,111,2771,715
100,3586,0,0.0,112,2848,738
15,3601,0,0.0,113,2857,744
28,3629,0,0.0,114,2877,752
11,3640,0,0.0,115,2886,754
21,3661,0,0.0,116,2903,758
67,3728,0,0.0,117,2964,764
18,3746,0,0.0,118,2979,767
23,3769,0,0.0,119,2998,771
33,3802,0,0.0,120,3023,779
18,3820,0,0.0,121,3038,782
56,3876,0,0.0,122,3085,791
12,3888,0,0.0,123,3095,793
25,3913,0,0.0,124,3115,798
10,3923,0,0.0,125,3124,799
16,3939,0,0.0,126,3136,803
47,3986,0,0.0,127,3174,812
37,4023,0,0.0,128,3204,819
24,4047,0,0.0,129,3224,823
30,4077,0,0.0,130,3248,829
15,4092,0,0.0,131,3259,833
17,4109,0,0.0,132,3275,834
50,4159,0,0.0,133,3315,844
38,4197,0,0.0,134,3341,856
6,4203,0,0.0,135,3344,859
35,4238,0,0.0,136,3369,869
25,4263,0,0.0,137,3385,878
27,4290,0,0.0,138,3405,885
24,4314,0,0.0,139,3421,893
21,4335,0,0.0,140,3441,894
45,4380,0,0.0,141,3476,904
63,4443,0,0.0,142,3523,920
58,4501,0,0.0,143,3576,925
8,4509,0,0.0,144,3582,927
18,4527,0,0.0,145,3591,936
38,4565,0,0.0,146,3622,943
85,4650,0,0.0,147,3693,957
28,4678,0,0.0,148,3711,967
19,4697,0,0.0,149,3727,970
8,4705,0,0.0,150,3735,970
17,4722,0,0.0,151,3748,974
63,4785,0,0.0,152,3799,986
18,4803,0,0.0,153,3816,987
42,4845,0,0.0,154,3847,998
32,4877,0,0.0,155,3876,1001
18,4895,0,0.0,156,3888,1007
44,4939,0,0.0,157,3918,1021
21,4960,0,0.0,158,3930,1030
28,4988,0,0.0,159,3954,1034
38,5026,0,0.0,160,3985,1041
16,5042,0,0.0,161,4000,1042
80,5122,0,0.0,162,4073,1049
13,5135,0,0.0,163,4083,1052
22,5157,0,0.0,164,4100,1057
18,5175,0,0.0,165,4114,1061
24,5199,0,0.0,166,4132,1067
7,5206,0,0.0,167,4138,1068
72,5278,0,0.0,168,4195,1083
12,5290,0,0.0,169,4204,1086
7,5297,0,0.0,170,4208,1089
21,5318,0,0.0,171,4227,1091
28,5346,0,0.0,172,4254,1092
27,5373,0,0.0,173,4275,1098
12,5385,0,0.0,174,4283,1102
8,5393,0,0.0,175,4290,1103
52,5445,0,0.0,176,4332,1113
33,5478,0,0.0,177,4362,1116
31,5509,0,0.0,178,4390,1119
14,5523,0,0.0,179,4403,1120
34,5557,0,0.0,180,4430,1127
24,5581,0,0.0,181,4448,1133
37,5618,0,0.0,182,4482,1136
11,5629,0,0.0,183,4492,1137
18,5647,0,0.0,184,4504,1143
56,5703,0,0.0,185,4553,1150
27,5730,0,0.0,186,4571,1159
42,5772,0,0.0,187,4609,1163
41,5813,0,0.0,188,4642,1171
20,5833,0,0.0,189,4658,1175
12,5845,0,0.0,190,4668,1177
6,5851,0,0.0,191,4674,1177
25,5876,0,0.0,192,4697,1179
16,5892,0,0.0,193,4710,1182
100,5992,0,0.0,194,4794,1198
44,6036,0,0.0,195,4829,1207
37,6073,0,0.0,196,4860,1213
33,6106,0,0.0,197,4890,1216
45,6151,0,0.0,198,4924,1227
26,6177,0,0.0,199,4946,1231
25,6202,0,0.0,200,4964,1238
35,6237,0,0.0,201,4995,1242
38,6275,0,0.0,202,5028,1247
12,6287,0,0.0,203,5037,1250
16,6303,0,0.0,204,5052,1251
8,6311,0,0.0,205,5059,1252
7,6318,0,0.0,206,5066,1252
28,6346,0,0.0,207,5092,1254
28,6374,0,0.0,208,5112,1262
26,6400,0,0.0,209,5132,1268
28,6428,0,0.0,210,5156,1272
7,6435,0,0.0,211,5160,1275
10,6445,0,0.0,212,5168,1277
60,6505,0,0.0,213,5224,1281
47,6552,0,0.0,214,5259,1293
22,6574,0,0.0,215,5278,1296
19,6593,0,0.0,216,5293,1300
36,6629,0,0.0,217,5321,1308
12,6641,0,0.0,218,5331,1310
9,6650,0,0.0,219,5339,1311
31,6681,0,0.0,220,5362,1319
61,6742,0,0.0,221,5412,1330
27,6769,0,0.0,222,5432,1337
17,6786,0,0.0,223,5447,1339
8,6794,0,0.0,224,5452,1342
27,6821,0,0.0,225,5476,1345
72,6893,0,0.0,226,5534,1359
41,6934,0,0.0,227,5571,1363
14,6948,0,0.0,228,5579,1369
56,7004,0,0.0,229,5627,1377
14,7018,0,0.0,230,5637,1381
59,7077,0,0.0,231,5677,1400
11,7088,0,0.0,232,5688,1400
59,7147,0,0.0,233,5737,1410
79,7226,0,0.0,234,5801,1425
12,7238,0,0.0,235,5811,1427
49,7287,0,0.0,236,5846,1441
100,7387,0,0.0,237,5931,1456
21,7408,0,0.0,238,5950,1458
9,7417,0,0.0,239,5957,1460
5,7422,0,0.0,240,5959,1463
33,7455,0,0.0,241,5981,1474
30,7485,0,0.0,242,6002,1483
49,7534,0,0.0,243,6041,1493
23,7557,0,0.0,244,6059,1498
40,7597,0,0.0,245,6091,1506
35,7632,0,0.0,246,6120,1512
12,7644,0,0.0,247,6130,1514
8,7652,0,0.0,248,6135,1517
18,7670,0,0.0,249,6150,1520
7,7677,0,0.0,250,6156,1521
57,7734,0,0.0,251,6203,1531
10,7744,0,0.0,252,6210,1534
100,7844,0,0.0,253,6286,1558
16,7860,0,0.0,254,6295,1565
12,7872,0,0.0,255,6306,1566
16,7888,0,0.0,256,6320,1568
7,7895,0,0.0,257,6326,1569
96,7991,0,0.0,258,6402,1589
28,8019,0,0.0,259,6426,1593
47,8066,0,0.0,260,6467,1599
20,8086,0,0.0,261,6485,1601
75,8161,0,0.0,262,6539,1622
9,8170,0,0.0,263,6545,1625
19,8189,0,0.0,264,6557,1632
100,8289,0,0.0,265,6631,1658
48,8337,0,0.0,266,6674,1663
58,8395,0,0.0,267,6722,1673
61,8456,0,0.0,268,6766,1690
13,8469,0,0.0,269,6776,1693
51,8520,0,0.0,270,6818,1702
14,8534,0,0.0,271,6830,1704
10,8544,0,0.0,272,6836,1708
63,8607,0,0.0,273,6883,1724
23,8630,0,0.0,274,6903,1727
19,8649,0,0.0,275,6919,1730
27,8676,0,0.0,276,6939,1737
22,8698,0,0.0,277,6959,1739
33,8731,0,0.0,278,6985,1746
12,8743,0,0.0,279,6995,1748
26,8769,0,0.0,280,7016,1753
42,8811,0,0.0,281,7049,1762
31,8842,0,0.0,282,7074,1768
17,8859,0,0.0,283,7088,1771
28,8887,0,0.0,284,7113,1774
92,8979,0,0.0,285,7184,1795
34,9013,0,0.0,286,7215,1798
40,9053,0,0.0,287,7245,1808
18,9071,0,0.0,288,7256,1815
13,9084,0,0.0,289,7266,1818
30,9114,0,0.0,290,7291,1823
19,9133,0,0.0,291,7309,1824
15,9148,0,0.0,292,7320,1828
17,9165,0,0.0,293,7333,1832
31,9196,0,0.0,294,7361,1835
22,9218,0,0.0,295,7380,1838
24,9242,0,0.0,296,7398,1844
17,9259,0,0.0,297,7411,1848
13,9272,0,0.0,298,7421,1851
28,9300,0,0.0,299,7442,1858
100,9400,0,0.0,300,7529,1871
31,9431,0,0.0,301,7554,1877
23,9454,0,0.0,302,7571,1883
29,9483,0,0.0,303,7594,1889
5,9488,0,0.0,304,7598,1890
38,9526,0,0.0,305,7630,1896
11,9537,0,0.0,306,7639,1898
54,9591,0,0.0,307,7688,1903
82,9673,0,0.0,308,7756,1917
18,9691,0,0.0,309,7768,1923
52,9743,0,0.0,310,7803,1940
53,9796,0,0.0,311,7847,1949
18,9814,0,0.0,312,7864,1950
26,9840,0,0.0,313,7884,1956
18,9858,0,0.0,314,7899,1959
13,9871,0,0.0,315,7909,1962
8,9879,0,0.0,316,7914,1965
32,9911,0,0.0,317,7939,1972
21,9932,0,0.0,318,7956,1976
24,9956,0,0.0,319,7977,1979
23,9979,0,0.0,320,7993,1986
12,9991,0,0.0,321,8003,1988
26,10017,0,0.0,322,8026,1991
18,10035,0,0.0,323,8042,1993
71,10106,0,0.0,324,8100,2006
53,10159,0,0.0,325,8146,2013
55,10214,0,0.0,326,8184,2030
66,10280,0,0.0,327,8247,2033
100,10380,0,0.0,328,8329,2051
16,10396,0,0.0,329,8340,2056
67,10463,0,0.0,330,8389,2074
13,10476,0,0.0,331,8402,2074
68,10544,0,0.0,332,8455,2089
34,10578,0,0.0,333,8484,2094
26,10604,0,0.0,334,8500,2104
33,10637,0,0.0,335,8527,2110
55,10692,0,0.0,336,8576,2116
19,10711,0,0.0,337,8589,2122
33,10744,0,0.0,338,8617,2127
22,10766,0,0.0,339,8633,2133
9,10775,0,0.0,340,8641,2134
13,10788,0,0.0,341,8650,2138
17,10805,0,0.0,342,8664,2141
14,10819,0,0.0,343,8675,2144
19,10838,0,0.0,344,8692,2146
58,10896,0,0.0,345,8739,2157
11,10907,0,0.0,346,8748,2159
22,10929,0,0.0,347,8769,2160
72,11001,0,0.0,348,8829,2172
30,11031,0,0.0,349,8856,2175
57,11088,0,0.0,350,8905,2183
8,11096,0,0.0,351,8913,2183
14,11110,0,0.0,352,8924,2186
19,11129,0,0.0,353,8943,2186
50,11179,0,0.0,354,8984,2195
86,11265,0,0.0,355,9061,2204
26,11291,0,0.0,356,9079,2212
13,11304,0,0.0,357,9091,2213
16,11320,0,0.0,358,9102,2218
17,11337,0,0.0,359,9115,2222
8,11345,0,0.0,360,9121,2224
59,11404,0,0.0,361,9172,2232
11,11415,0,0.0,362,9177,2238
45,11460,0,0.0,363,9216,2244
6,11466,0,0.0,364,9221,2245
79,11545,0,0.0,365,9286,2259
32,11577,0,0.0,366,9310,2267
59,11636,0,0.0,367,9358,2278
29,11665,0,0.0,368,9383,2282
16,11681,0,0.0,369,9397,2284
32,11713,0,0.0,370,9419,2294
19,11732,0,0.0,371,9434,2298
45,11777,0,0.0,372,9470,2307
32,11809,0,0.0,373,9497,2312
14,11823,0,0.0,374,9509,2314
55,11878,0,0.0,375,9548,2330
22,11900,0,0.0,376,9566,2334
33,11933,0,0.0,377,9592,2341
44,11977,0,0.0,378,9625,2352
48,12025,0,0.0,379,9667,2358
25,12050,0,0.0,380,9687,2363
22,12072,0,0.0,381,9704,2368
42,12114,0,0.0,382,9737,2377
18,12132,0,0.0,383,9749,2383
47,12179,0,0.0,384,9783,2396
13,12192,0,0.0,385,9792,2400
22,12214,0,0.0,386,9811,2403
39,12253,0,0.0,387,9842,2411
13,12266,0,0.0,388,9853,2413
47,12313,0,0.0,389,9889,2424
33,12346,0,0.0,390,9914,2432
45,12391,0,0.0,391,9951,2440
13,12404,0,0.0,392,9961,2443
19,12423,0,0.0,393,9979,2444
7,12430,0,0.0,394,9983,2447
21,12451,0,0.0,395,10000,2451
8,12459,0,0.0,396,10008,2451
28,12487,0,0.0,397,10030,2457
25,12512,0,0.0,398,10052,2460
54,12566,0,0.0,399,10097,2469
34,12600,0,0.0,400,10124,2476
15,12615,0,0.0,401,10136,2479
47,12662,0,0.0,402,10168,2494
26,12688,0,0.0,403,10190,2498
14,12702,0,0.0,404,10202,2500
26,12728,0,0.0,405,10223,2505
9,12737,0,0.0,406,10231,2506
41,12778,0,0.0,407,10267,2511
50,12828,0,0.0,408,10305,2523
19,12847,0,0.0,409,10322,2525
63,12910,0,0.0,410,10373,2537
51,12961,0,0.0,411,10414,2547
17,12978,0,0.0,412,10427,2551
24,13002,0,0.0,413,10444,2558
9,13011,0,0.0,414,10451,2560
6,13017,0,0.0,415,10455,2562
45,13062,0,0.0,416,10492,2570
13,13075,0,0.0,417,10502,2573
72,13147,0,0.0,418,10559,2588
17,13164,0,0.0,419,10572,2592
15,13179,0,0.0,420,10586,2593
30,13209,0,0.0,421,10611,2598
51,13260,0,0.0,422,10652,2608
60,13320,0,0.0,423,10700,2620
22,13342,0,0.0,424,10716,2626
9,13351,0,0.0,425,10721,2630
29,13380,0,0.0,426,10747,2633
53,13433,0,0.0,427,10789,2644
21,13454,0,0.0,428,10802,2652
5,13459,0,0.0,429,10807,2652
47,13506,0,0.0,430,10843,2663
15,13521,0,0.0,431,10856,2665
16,13537,0,0.0,432,10871,2666
16,13553,0,0.0,433,10885,2668
13,13566,0,0.0,434,10896,2670
18,13584,0,0.0,435,10909,2675
35,13619,0,0.0,436,10934,2685
27,13646,0,0.0,437,10953,2693
70,13716,0,0.0,438,11007,2709
46,13762,0,0.0,439,11043,2719
27,13789,0,0.0,440,11066,2723
15,13804,0,0.0,441,11079,2725
24,13828,0,0.0,442,11096,2732
25,13853,0,0.0,443,11115,2738
34,13887,0,0.0,444,11141,2746
10,13897,0,0.0,445,11149,2748
24,13921,0,0.0,446,11166,2755
7,13928,0,0.0,447,11172,2756
14,13942,0,0.0,448,11184,2758
45,13987,0,0.0,449,11214,2773
43,14030,0,0.0,450,11249,2781
28,14058,0,0.0,451,11275,2783
18,14076,0,0.0,452,11290,2786
53,14129,0,0.0,453,11337,2792
30,14159,0,0.0,454,11360,2799
40,14199,0,0.0,455,11394,2805
19,14218,0,0.0,456,11408,2810
34,14252,0,0.0,457,11433,2819
8,14260,0,0.0,458,11440,2820
36,14296,0,0.0,459,11465,2831
10,14306,0,0.0,460,11473,2833
83,14389,0,0.0,461,11542,2847
26,14415,0,0.0,462,11563,2852
56,14471,0,0.0,463,11606,2865
56,14527,0,0.0,464,11650,2877
9,14536,0,0.0,465,11658,2878
19,14555,0,0.0,466,11674,2881
26,14581,0,0.0,467,11697,2884
17,14598,0,0.0,468,11712,2886
44,14642,0,0.0,469,11744,2898
33,14675,0,0.0,470,11770,2905
11,14686,0,0.0,471,11779,2907
18,14704,0,0.0,472,11796,2908
16,14720,0,0.0,473,11812,2908
18,14738,0,0.0,474,11829,2909
15,14753,0,0.0,475,11839,2914
9,14762,0,0.0,476,11846,2916
33,14795,0,0.0,477,11870,2925
72,14867,0,0.0,478,11925,2942
46,14913,0,0.0,479,11963,2950
50,14963,0,0.0,480,12003,2960
32,14995,0,0.0,481,12030,2965
8,15003,0,0.0,482,12037,2966
20,15023,0,0.0,483,12051,2972
30,15053,0,0.0,484,12076,2977
54,15107,0,0.0,485,12112,2995
58,15165,0,0.0,486,12160,3005
18,15183,0,0.0,487,12175,3008
16,15199,0,0.0,488,12189,3010
31,15230,0,0.0,489,12215,3015
34,15264,0,0.0,490,12245,3019
27,15291,0,0.0,491,12266,3025
8,15299,0,0.0,492,12273,3026
95,15394,0,0.0,493,12348,3046
48,15442,0,0.0,494,12389,3053
49,15491,0,0.0,495,12429,3062
40,15531,0,0.0,496,12459,3072
11,15542,0,0.0,497,12468,3074
11,15553,0,0.0,498,12478,3075
16,15569,0,0.0,499,12489,3080
20,15589,0,0.0,500,12505,3084
24,15613,0,0.0,501,12525,3088
11,15624,0,0.0,502,12534,3090
71,15695,0,0.0,503,12592,3103
39,15734,0,0.0,504,12623,3111
39,15773,0,0.0,505,12652,3121
43,15816,0,0.0,506,12686,3130
29,15845,0,0.0,507,12707,3138
28,15873,0,0.0,508,12734,3139
29,15902,0,0.0,509,12758,3144
37,15939,0,0.0,510,12792,3147
21,15960,0,0.0,511,12811,3149
43,16003,0,0.0,512,12845,3158
52,16055,0,0.0,513,12887,3168
39,16094,0,0.0,514,12919,3175
46,16140,0,0.0,515,12960,3180
12,16152,0,0.0,516,12970,3182
31,16183,0,0.0,517,12993,3190
12,16195,0,0.0,518,13001,3194
8,16203,0,0.0,519,13008,3195
13,16216,0,0.0,520,13019,3197
55,16271,0,0.0,521,13060,3211
5,16276,0,0.0,522,13062,3214
21,16297,0,0.0,523,13080,3217
13,16310,0,0.0,524,13091,3219
7,16317,0,0.0,525,13094,3223
30,16347,0,0.0,526,13117,3230
9,16356,0,0.0,527,13125,3231
23,16379,0,0.0,528,13145,3234
100,16479,0,0.0,529,13224,3255
64,16543,0,0.0,530,13268,3275
21,16564,0,0.0,531,13283,3281
17,16581,0,0.0,532,13299,3282
83,16664,0,0.0,533,13368,3296
50,16714,0,0.0,534,13413,3301
18,16732,0,0.0,535,13427,3305
38,16770,0,0.0,536,13456,3314
18,16788,0,0.0,537,13472,3316
51,16839,0,0.0,538,13515,3324
58,16897,0,0.0,539,13564,3333
14,16911,0,0.0,540,13578,3333
28,16939,0,0.0,541,13601,3338
58,16997,0,0.0,542,13643,3354
42,17039,0,0.0,543,13671,3368
22,17061,0,0.0,544,13691,3370
23,17084,0,0.0,545,13709,3375
5,17089,0,0.0,546,13714,3375
9,17098,0,0.0,547,13720,3378
100,17198,0,0.0,548,13801,3397
16,17214,0,0.0,549,13814,3400
9,17223,0,0.0,550,13823,3400
9,17232,0,0.0,551,13830,3402
63,17295,0,0.0,552,13885,3410
31,17326,0,0.0,553,13909,3417
21,17347,0,0.0,554,13920,3427
16,17363,0,0.0,555,13934,3429
63,17426,0,0.0,556,13984,3442
33,17459,0,0.0,557,14011,3448
20,17479,0,0.0,558,14025,3454
63,17542,0,0.0,559,14074,3468
38,17580,0,0.0,560,14105,3475
13,17593,0,0.0,561,14116,3477
13,17606,0,0.0,562,14128,3478
24,17630,0,0.0,563,14149,3481
28,17658,0,0.0,564,14173,3485
27,17685,0,0.0,565,14194,3491
34,17719,0,0.0,566,14220,3499
20,17739,0,0.0,567,14235,3504
10,17749,0,0.0,568,14241,3508
55,17804,0,0.0,569,14281,3523
96,17900,0,0.0,570,14357,3543
6,17906,0,0.0,571,14363,3543
13,17919,0,0.0,572,14372,3547
28,17947,0,0.0,573,14396,3551
45,17992,0,0.0,574,14434,3558
29,18021,0,0.0,575,14456,3565
24,18045,0,0.0,576,14476,3569
18,18063,0,0.0,577,14488,3575
30,18093,0,0.0,578,14514,3579
18,18111,0,0.0,579,14530,3581
15,18126,0,0.0,580,14541,3585
69,18195,0,0.0,581,14599,3596
27,18222,0,0.0,582,14619,3603
24,18246,0,0.0,583,14637,3609
49,18295,0,0.0,584,14679,3616
21,18316,0,0.0,585,14695,3621
28,18344,0,0.0,586,14717,3627
37,18381,0,0.0,587,14747,3634
13,18394,0,0.0,588,14756,3638
15,18409,0,0.0,589,14769,3640
30,18439,0,0.0,590,14788,3651
44,18483,0,0.0,591,14821,3662
22,18505,0,0.0,592,14840,3665
58,18563,0,0.0,593,14888,3675
30,18593,0,0.0,594,14913,3680
39,18632,0,0.0,595,14944,3688
21,18653,0,0.0,596,14959,3694
19,18672,0,0.0,597,14974,3698
15,18687,0,0.0,598,14985,3702
54,18741,0,0.0,599,15027,3714
17,18758,0,0.0,600,15042,3716
59,18817,0,0.0,601,15096,3721
21,18838,0,0.0,602,15113,3725
7,18845,0,0.0,603,15118,3727
24,18869,0,0.0,604,15138,3731
23,18892,0,0.0,605,15158,3734
14,18906,0,0.0,606,15171,3735
100,19006,0,0.0,607,15245,3761
31,19037,0,0.0,608,15273,3764
32,19069,0,0.0,609,15301,3768
21,19090,0,0.0,610,15315,3775
14,19104,0,0.0,611,15325,3779
67,19171,0,0.0,612,15375,3796
5,19176,0,0.0,613,15379,3797
47,19223,0,0.0,614,15418,3805
11,19234,0,0.0,615,15428,3806
22,19256,0,0.0,616,15445,3811
70,19326,0,0.0,617,15504,3822
36,19362,0,0.0,618,15532,3830
34,19396,0,0.0,619,15556,3840
20,19416,0,0.0,620,15569,3847
45,19461,0,0.0,621,15604,3857
47,19508,0,0.0,622,15637,3871
39,19547,0,0.0,623,15667,3880
27,19574,0,0.0,624,15690,3884
25,19599,0,0.0,625,15710,3889
55,19654,0,0.0,626,15756,3898
26,19680,0,0.0,627,15778,3902
27,19707,0,0.0,628,15802,3905
25,19732,0,0.0,629,15823,3909
40,19772,0,0.0,630,15857,3915
18,19790,0,0.0,631,15871,3919
9,19799,0,0.0,632,15876,3923
26,19825,0,0.0,633,15894,3931
46,19871,0,0.0,634,15937,3934
30,19901,0,0.0,635,15962,3939
15,19916,0,0.0,636,15976,3940
63,19979,0,0.0,637,16022,3957
15,19994,0,0.0,638,16033,3961
27,20021,0,0.0,639,16055,3966
49,20070,0,0.0,640,16097,3973
48,20118,0,0.0,641,16131,3987
15,20133,0,0.0,642,16145,3988
49,20182,0,0.0,643,16189,3993
35,20217,0,0.0,644,16217,4000
61,20278,0,0.0,645,16263,4015
32,20310,0,0.0,646,16291,4019
25,20335,0,0.0,647,16308,4027
58,20393,0,0.0,648,16362,4031
9,20402,0,0.0,649,16368,4034
23,20425,0,0.0,650,16384,4041
16,20441,0,0.0,651,16396,4045
39,20480,0,0.0,652,16428,4052
47,20527,0,0.0,653,16467,4060
31,20558,0,0.0,654,16494,4064
31,20589,0,0.0,655,16520,4069
41,20630,0,0.0,656,16553,4077
5,20635,0,0.0,657,16557,4078
19,20654,0,0.0,658,16573,4081
19,20673,0,0.0,659,16588,4085
100,20773,0,0.0,660,16665,4108
13,20786,0,0.0,661,16678,4108
24,20810,0,0.0,662,16695,4115
9,20819,0,0.0,663,16703,4116
14,20833,0,0.0,664,16714,4119
25,20858,0,0.0,665,16731,4127
40,20898,0,0.0,666,16761,4137
7,20905,0,0.0,667,16764,4141
70,20975,0,0.0,668,16818,4157
7,20982,0,0.0,669,16825,4157
7,20989,0,0.0,670,16828,4161
16,21005,0,0.0,671,16843,4162
30,21035,0,0.0,672,16872,4163
18,21053,0,0.0,673,16886,4167
58,21111,0,0.0,674,16932,4179
26,21137,0,0.0,675,16955,4182
11,21148,0,0.0,676,16965,4183
48,21196,0,0.0,677,17002,4194
34,21230,0,0.0,678,17024,4206
59,21289,0,0.0,679,17076,4213
20,21309,0,0.0,680,17095,4214
16,21325,0,0.0,681,17109,4216
30,21355,0,0.0,682,17134,4221
5,21360,0,0.0,683,17137,4223
92,21452,0,0.0,684,17212,4240
8,21460,0,0.0,685,17218,4242
47,21507,0,0.0,686,17253,4254
10,21517,0,0.0,687,17262,4255
18,21535,0,0.0,688,17275,4260
97,21632,0,0.0,689,17351,4281
9,21641,0,0.0,690,17359,4282
87,21728,0,0.0,691,17430,4298
19,21747,0,0.0,692,17440,4307
44,21791,0,0.0,693,17473,4318
28,21819,0,0.0,694,17495,4324
36,21855,0,0.0,695,17525,4330
33,21888,0,0.0,696,17549,4339
22,21910,0,0.0,697,17568,4342
15,21925,0,0.0,698,17580,4345
14,21939,0,0.0,699,17592,4347
31,21970,0,0.0,700,17616,4354
38,22008,0,0.0,701,17645,4363
25,22033,0,0.0,702,17667,4366
66,22099,0,0.0,703,17722,4377
26,22125,0,0.0,704,17745,4380
8,22133,0,0.0,705,17752,4381
16,22149,0,0.0,706,17764,4385
25,22174,0,0.0,707,17785,4389
5,22179,0,0.0,708,17789,4390
71,22250,0,0.0,709,17845,4405
54,22304,0,0.0,710,17890,4414
12,22316,0,0.0,711,17902,4414
85,22401,1,1.0,712,17970,4431
43,22444,1,0.0,713,17977,4467
28,22472,1,0.0,714,17978,4494
21,22493,1,0.0,715,17981,4512
11,22504,1,0.0,716,17985,4519
11,22515,1,0.0,717,17986,4529
24,22539,1,0.0,718,17988,4551
17,22556,1,0.0,719,17992,4564
18,22574,1,0.0,720,17996,4578
28,22602,1,0.0,721,18000,4602
19,22621,1,0.0,722,18001,4620
29,22650,1,0.0,723,18006,4644
16,22666,1,0.0,724,18009,4657
27,22693,1,0.0,725,18014,4679
9,22702,1,0.0,726,18016,4686
48,22750,1,0.0,727,18023,4727
23,22773,1,0.0,728,18027,4746
10,22783,1,0.0,729,18030,4753
32,22815,1,0.0,730,18036,4779
21,22836,1,0.0,731,18039,4797
21,22857,1,0.0,732,18039,4818
17,22874,1,0.0,733,18044,4830
15,22889,1,0.0,734,18045,4844
17,22906,1,0.0,735,18048,4858
25,22931,1,0.0,736,18050,4881
18,22949,1,0.0,737,18051,4898
20,22969,1,0.0,738,18057,4912
48,23017,1,0.0,739,18068,4949
19,23036,1,0.0,740,18071,4965
16,23052,1,0.0,741,18074,4978
80,23132,1,0.0,742,18085,5047
54,23186,1,0.0,743,18092,5094
7,23193,1,0.0,744,18094,5099
83,23276,1,0.0,745,18102,5174
8,23284,1,0.0,746,18102,5182
12,23296,1,0.0,747,18107,5189
46,23342,1,0.0,748,18115,5227
55,23397,1,0.0,749,18120,5277
8,23405,1,0.0,750,18123,5282
31,23436,1,0.0,751,18126,5310
13,23449,1,0.0,752,18129,5320
23,23472,1,0.0,753,18133,5339
71,23543,1,0.0,754,18139,5404
22,23565,1,0.0,755,18142,5423
38,23603,1,0.0,756,18148,5455
11,23614,1,0.0,757,18151,5463
16,23630,1,0.0,758,18154,5476
11,23641,1,0.0,759,18154,5487
62,23703,1,0.0,760,18160,5543
34,23737,1,0.0,761,18164,5573
26,23763,1,0.0,762,18164,5599
15,23778,1,0.0,763,18169,5609
57,23835,1,0.0,764,18179,5656
25,23860,1,0.0,765,18181,5679
24,23884,1,0.0,766,18183,5701
22,23906,1,0.0,767,18186,5720
54,23960,1,0.0,768,18195,5765
12,23972,1,0.0,769,18197,5775
34,24006,1,0.0,770,18201,5805
36,24042,1,0.0,771,18207,5835
18,24060,1,0.0,772,18210,5850
40,24100,1,0.0,773,18213,5887
47,24147,1,0.0,774,18222,5925
11,24158,1,0.0,775,18223,5935
28,24186,1,0.0,776,18227,5959
23,24209,1,0.0,777,18229,5980
20,24229,1,0.0,778,18231,5998
21,24250,1,0.0,779,18234,6016
18,24268,1,0.0,780,18236,6032
29,24297,1,0.0,781,18239,6058
37,24334,1,0.0,782,18245,6089
50,24384,1,0.0,783,18249,6135
23,24407,1,0.0,784,18251,6156
25,24432,1,0.0,785,18254,6178
22,24454,1,0.0,786,18255,6199
28,24482,1,0.0,787,18262,6220
29,24511,1,0.0,788,18268,6243
28,24539,1,0.0,789,18270,6269
16,24555,1,0.0,790,18270,6285
10,24565,1,0.0,791,18271,6294
15,24580,1,0.0,792,18271,6309
20,24600,1,0.0,793,18273,6327
41,24641,1,0.0,794,18277,6364
40,24681,1,0.0,795,18282,6399
12,24693,1,0.0,796,18283,6410
40,24733,1,0.0,797,18286,6447
18,24751,1,0.0,798,18289,6462
39,24790,1,0.0,799,18296,6494
26,24816,1,0.0,800,18300,6516
74,24890,1,0.0,801,18314,6576
64,24954,1,0.0,802,18320,6634
18,24972,1,0.0,803,18321,6651
37,25009,1,0.0,804,18326,6683
13,25022,1,0.0,805,18326,6696
27,25049,1,0.0,806,18329,6720
61,25110,1,0.0,807,18337,6773
25,25135,1,0.0,808,18342,6793
31,25166,1,0.0,809,18348,6818
19,25185,1,0.0,810,18351,6834
63,25248,1,0.0,811,18357,6891
13,25261,1,0.0,812,18360,6901
24,25285,1,0.0,813,18363,6922
11,25296,1,0.0,814,18365,6931
14,25310,1,0.0,815,18366,6944
8,25318,1,0.0,816,18366,6952
37,25355,1,0.0,817,18371,6984
30,25385,1,0.0,818,18376,7009
31,25416,1,0.0,819,18381,7035
38,25454,1,0.0,820,18386,7068
18,25472,1,0.0,821,18388,7084
18,25490,1,0.0,822,18391,7099
28,25518,1,0.0,823,18395,7123
79,25597,1,0.0,824,18402,7195
31,25628,1,0.0,825,18407,7221
45,25673,1,0.0,826,18417,7256
23,25696,1,0.0,827,18422,7274
90,25786,1,0.0,828,18432,7354
73,25859,1,0.0,829,18442,7417
13,25872,1,0.0,830,18444,7428
72,25944,1,0.0,831,18450,7494
19,25963,1,0.0,832,18453,7510
20,25983,1,0.0,833,18457,7526
53,26036,1,0.0,834,18467,7569
25,26061,1,0.0,835,18472,7589
11,26072,1,0.0,836,18474,7598
37,26109,1,0.0,837,18479,7630
19,26128,1,0.0,838,18482,7646
89,26217,1,0.0,839,18490,7727
53,26270,1,0.0,840,18496,7774
30,26300,1,0.0,841,18500,7800
7,26307,1,0.0,842,18500,7807
16,26323,1,0.0,843,18504,7819
63,26386,1,0.0,844,18514,7872
92,26478,1,0.0,845,18524,7954
45,26523,1,0.0,846,18529,7994
16,26539,1,0.0,847,18530,8009
20,26559,1,0.0,848,18534,8025
60,26619,1,0.0,849,18539,8080
21,26640,1,0.0,850,18541,8099
20,26660,1,0.0,851,18541,8119
31,26691,1,0.0,852,18546,8145
19,26710,1,0.0,853,18549,8161
14,26724,1,0.0,854,18550,8174
27,26751,1,0.0,855,18555,8196
16,26767,1,0.0,856,18560,8207
8,26775,1,0.0,857,18560,8215
22,26797,1,0.0,858,18561,8236
36,26833,1,0.0,859,18563,8270
38,26871,1,0.0,860,18565,8306
18,26889,1,0.0,861,18570,8319
26,26915,1,0.0,862,18572,8343
25,26940,1,0.0,863,18576,8364
31,26971,1,0.0,864,18580,8391
20,26991,1,0.0,865,18584,8407
17,27008,1,0.0,866,18586,8422
17,27025,1,0.0,867,18590,8435
34,27059,1,0.0,868,18595,8464
28,27087,1,0.0,869,18600,8487
12,27099,1,0.0,870,18600,8499
24,27123,1,0.0,871,18603,8520
14,27137,1,0.0,872,18605,8532
47,27184,1,0.0,873,18613,8571
71,27255,1,0.0,874,18628,8627
13,27268,1,0.0,875,18632,8636
26,27294,1,0.0,876,18634,8660
25,27319,1,0.0,877,18636,8683
19,27338,1,0.0,878,18639,8699
32,27370,1,0.0,879,18644,8726
15,27385,1,0.0,880,18645,8740
45,27430,1,0.0,881,18654,8776
7,27437,1,0.0,882,18655,8782
24,27461,1,0.0,883,18658,8803
43,27504,1,0.0,884,18665,8839
13,27517,1,0.0,885,18667,8850
37,27554,1,0.0,886,18672,8882
37,27591,1,0.0,887,18677,8914
45,27636,1,0.0,888,18686,8950
57,27693,1,0.0,889,18693,9000
29,27722,1,0.0,890,18697,9025
45,27767,1,0.0,891,18705,9062
15,27782,1,0.0,892,18707,9075
21,27803,1,0.0,893,18709,9094
10,27813,1,0.0,894,18713,9100
17,27830,1,0.0,895,18715,9115
29,27859,1,0.0,896,18717,9142
63,27922,1,0.0,897,18734,9188
35,27957,1,0.0,898,18737,9220
11,27968,1,0.0,899,18739,9229
22,27990,1,0.0,900,18740,9250
50,28040,1,0.0,901,18747,9293
48,28088,1,0.0,902,18751,9337
7,28095,1,0.0,903,18752,9343
42,28137,1,0.0,904,18759,9378
16,28153,1,0.0,905,18763,9390
60,28213,1,0.0,906,18772,9441
17,28230,1,0.0,907,18775,9455
8,28238,1,0.0,908,18775,9463
24,28262,1,0.0,909,18778,9484
12,28274,1,0.0,910,18781,9493
57,28331,1,0.0,911,18791,9540
26,28357,1,0.0,912,18798,9559
32,28389,1,0.0,913,18806,9583
11,28400,1,0.0,914,18807,9593
28,28428,1,0.0,915,18809,9619
19,28447,1,0.0,916,18811,9636
22,28469,1,0.0,917,18815,9654
14,28483,1,0.0,918,18816,9667
11,28494,1,0.0,919,18817,9677
47,28541,1,0.0,920,18824,9717
34,28575,1,0.0,921,18832,9743
11,28586,1,0.0,922,18834,9752
20,28606,1,0.0,923,18837,9769
17,28623,1,0.0,924,18837,9786
14,28637,1,0.0,925,18841,9796
29,28666,1,0.0,926,18849,9817
17,28683,1,0.0,927,18850,9833
16,28699,1,0.0,928,18851,9848
38,28737,1,0.0,929,18853,9884
66,28803,1,0.0,930,18864,9939
10,28813,1,0.0,931,18864,9949
13,28826,1,0.0,932,18866,9960
14,28840,1,0.0,933,18870,9970
19,28859,1,0.0,934,18871,9988
35,28894,1,0.0,935,18874,10020
42,28936,1,0.0,936,18877,10059
18,28954,1,0.0,937,18880,10074
40,28994,1,0.0,938,18885,10109
100,29094,1,0.0,939,18900,10194
67,29161,1,0.0,940,18906,10255
73,29234,1,0.0,941,18914,10320
19,29253,1,0.0,942,18915,10338
16,29269,1,0.0,943,18919,10350
80,29349,1,0.0,944,18930,10419
57,29406,1,0.0,945,18936,10470
14,29420,1,0.0,946,18936,10484
10,29430,1,0.0,947,18938,10492
44,29474,1,0.0,948,18941,10533
21,29495,1,0.0,949,18943,10552
23,29518,1,0.0,950,18946,10572
6,29524,1,0.0,951,18948,10576
58,29582,1,0.0,952,18954,10628
23,29605,1,0.0,953,18958,10647
10,29615,1,0.0,954,18960,10655
5,29620,1,0.0,955,18960,10660
18,29638,1,0.0,956,18964,10674
6,29644,1,0.0,957,18965,10679
22,29666,1,0.0,958,18967,10699
19,29685,1,0.0,959,18970,10715
85,29770,1,0.0,960,18977,10793
32,29802,1,0.0,961,18984,10818
41,29843,1,0.0,962,18990,10853
18,29861,1,0.0,963,18991,10870
22,29883,1,0.0,964,18993,10890
14,29897,1,0.0,965,18994,10903
15,29912,1,0.0,966,18995,10917
20,29932,1,0.0,967,19003,10929
29,29961,1,0.0,968,19007,10954
13,29974,1,0.0,969,19009,10965
8,29982,1,0.0,970,19010,10972
47,30029,1,0.0,971,19016,11013
23,30052,1,0.0,972,19019,11033
37,30089,1,0.0,973,19024,11065
23,30112,1,0.0,974,19026,11086
41,30153,1,0.0,975,19031,11122
83,30236,1,0.0,976,19040,11196
5,30241,1,0.0,977,19040,11201
38,30279,1,0.0,978,19049,11230
19,30298,1,0.0,979,19050,11248
7,30305,1,0.0,980,19051,11254
24,30329,1,0.0,981,19053,11276
61,30390,1,0.0,982,19061,11329
33,30423,1,0.0,983,19065,11358
66,30489,1,0.0,984,19072,11417
9,30498,1,0.0,985,19072,11426
11,30509,1,0.0,986,19073,11436
26,30535,1,0.0,987,19079,11456
11,30546,1,0.0,988,19081,11465
10,30556,1,0.0,989,19081,11475
51,30607,1,0.0,990,19096,11511
38,30645,1,0.0,991,19099,11546
36,30681,1,0.0,992,19105,11576
5,30686,1,0.0,993,19105,11581
22,30708,1,0.0,994,19109,11599
8,30716,1,0.0,995,19110,11606
32,30748,1,0.0,996,19114,11634
17,30765,1,0.0,997,19114,11651
43,30808,1,0.0,998,19117,11691
15,30823,1,0.0,999,19118,11705
31,30854,1,0.0,1000,19124,11730
6,30860,1,0.0,1001,19125,11735
40,30900,1,0.0,1002,19130,11770
14,30914,1,0.0,1003,19133,11781
9,30923,1,0.0,1004,19133,11790
21,30944,1,0.0,1005,19133,11811
59,31003,1,0.0,1006,19140,11863
12,31015,1,0.0,1007,19142,11873
21,31036,1,0.0,1008,19144,11892
33,31069,1,0.0,1009,19148,11921
68,31137,1,0.0,1010,19153,11984
26,31163,1,0.0,1011,19155,12008
45,31208,1,0.0,1012,19159,12049
100,31308,1,0.0,1013,19177,12131
15,31323,1,0.0,1014,19179,12144
9,31332,1,0.0,1015,19182,12150
10,31342,1,0.0,1016,19183,12159
16,31358,1,0.0,1017,19185,12173
20,31378,1,0.0,1018,19187,12191
37,31415,1,0.0,1019,19190,12225
80,31495,1,0.0,1020,19203,12292
39,31534,1,0.0,1021,19210,12324
11,31545,1,0.0,1022,19211,12334
8,31553,1,0.0,1023,19211,12342
20,31573,1,0.0,1024,19212,12361
56,31629,1,0.0,1025,19218,12411
30,31659,1,0.0,1026,19222,12437
20,31679,1,0.0,1027,19225,12454
11,31690,1,0.0,1028,19227,12463
49,31739,1,0.0,1029,19233,12506
12,31751,1,0.0,1030,19234,12517
43,31794,1,0.0,1031,19242,12552
45,31839,1,0.0,1032,19249,12590
5,31844,1,0.0,1033,19250,12594
11,31855,1,0.0,1034,19251,12604
37,31892,1,0.0,1035,19258,12634
70,31962,1,0.0,1036,19267,12695
47,32009,1,0.0,1037,19273,12736
69,32078,1,0.0,1038,19278,12800
37,32115,1,0.0,1039,19284,12831
43,32158,1,0.0,1040,19293,12865
12,32170,1,0.0,1041,19296,12874
15,32185,1,0.0,1042,19297,12888
32,32217,1,0.0,1043,19300,12917
16,32233,1,0.0,1044,19302,12931
80,32313,1,0.0,1045,19312,13001
47,32360,1,0.0,1046,19319,13041
33,32393,1,0.0,1047,19327,13066
59,32452,1,0.0,1048,19335,13117
30,32482,1,0.0,1049,19339,13143
30,32512,1,0.0,1050,19341,13171
11,32523,1,0.0,1051,19342,13181
11,32534,1,0.0,1052,19342,13192
34,32568,1,0.0,1053,19348,13220
62,32630,1,0.0,1054,19353,13277
20,32650,1,0.0,1055,19357,13293
13,32663,1,0.0,1056,19357,13306
29,32692,1,0.0,1057,19363,13329
63,32755,1,0.0,1058,19370,13385
19,32774,1,0.0,1059,19372,13402
12,32786,1,0.0,1060,19372,13414
24,32810,1,0.0,1061,19374,13436
30,32840,1,0.0,1062,19380,13460
16,32856,1,0.0,1063,19381,13475
17,32873,1,0.0,1064,19381,13492
67,32940,1,0.0,1065,19389,13551
27,32967,1,0.0,1066,19390,13577
9,32976,1,0.0,1067,19392,13584
18,32994,1,0.0,1068,19393,13601
22,33016,1,0.0,1069,19394,13622
76,33092,1,0.0,1070,19407,13685
12,33104,1,0.0,1071,19407,13697
40,33144,1,0.0,1072,19411,13733
11,33155,1,0.0,1073,19411,13744
48,33203,1,0.0,1074,19418,13785
17,33220,1,0.0,1075,19422,13798
14,33234,1,0.0,1076,19424,13810
14,33248,1,0.0,1077,19425,13823
20,33268,1,0.0,1078,19428,13840
41,33309,1,0.0,1079,19434,13875
6,33315,1,0.0,1080,19436,13879
69,33384,1,0.0,1081,19443,13941
7,33391,1,0.0,1082,19443,13948
7,33398,1,0.0,1083,19443,13955
39,33437,1,0.0,1084,19447,13990
11,33448,1,0.0,1085,19447,14001
50,33498,1,0.0,1086,19455,14043
51,33549,1,0.0,1087,19463,14086
48,33597,1,0.0,1088,19466,14131
44,33641,1,0.0,1089,19471,14170
40,33681,1,0.0,1090,19477,14204
11,33692,1,0.0,1091,19480,14212
22,33714,1,0.0,1092,19485,14229
6,33720,1,0.0,1093,19486,14234
37,33757,1,0.0,1094,19488,14269
28,33785,1,0.0,1095,19491,14294
42,33827,1,0.0,1096,19500,14327
24,33851,1,0.0,1097,19505,14346
53,33904,1,0.0,1098,19508,14396
26,33930,1,0.0,1099,19510,14420
63,33993,1,0.0,1100,19518,14475
22,34015,1,0.0,1101,19521,14494
58,34073,1,0.0,1102,19533,14540
19,34092,1,0.0,1103,19536,14556
11,34103,1,0.0,1104,19538,14565
18,34121,1,0.0,1105,19540,14581
57,34178,1,0.0,1106,19550,14628
59,34237,1,0.0,1107,19557,14680
28,34265,1,0.0,1108,19560,14705
20,34285,1,0.0,1109,19566,14719
17,34302,1,0.0,1110,19568,14734
35,34337,1,0.0,1111,19570,14767
24,34361,1,0.0,1112,19573,14788
25,34386,1,0.0,1113,19575,14811
100,34486,1,0.0,1114,19588,14898
19,34505,1,0.0,1115,19592,14913
14,34519,1,0.0,1116,19593,14926
29,34548,1,0.0,1117,19596,14952
62,34610,1,0.0,1118,19607,15003
21,34631,1,0.0,1119,19610,15021
11,34642,1,0.0,1120,19611,15031
13,34655,1,0.0,1121,19611,15044
27,34682,1,0.0,1122,19613,15069
96,34778,1,0.0,1123,19624,15154
45,34823,1,0.0,1124,19630,15193
39,34862,1,0.0,1125,19637,15225
57,34919,1,0.0,1126,19645,15274
8,34927,1,0.0,1127,19645,15282
29,34956,1,0.0,1128,19649,15307
35,34991,1,0.0,1129,19655,15336
34,35025,1,0.0,1130,19660,15365
56,35081,1,0.0,1131,19668,15413
69,35150,1,0.0,1132,19679,15471
9,35159,1,0.0,1133,19679,15480
11,35170,1,0.0,1134,19682,15488
34,35204,1,0.0,1135,19690,15514
46,35250,1,0.0,1136,19697,15553
20,35270,1,0.0,1137,19702,15568
22,35292,1,0.0,1138,19706,15586
51,35343,1,0.0,1139,19716,15627
14,35357,1,0.0,1140,19719,15638
36,35393,1,0.0,1141,19722,15671
28,35421,1,0.0,1142,19725,15696
8,35429,1,0.0,1143,19726,15703
25,35454,1,0.0,1144,19733,15721
20,35474,1,0.0,1145,19734,15740
26,35500,1,0.0,1146,19738,15762
100,35600,1,0.0,1147,19748,15852
31,35631,1,0.0,1148,19750,15881
36,35667,1,0.0,1149,19755,15912
13,35680,1,0.0,1150,19760,15920
28,35708,1,0.0,1151,19764,15944
38,35746,1,0.0,1152,19766,15980
56,35802,1,0.0,1153,19773,16029
37,35839,1,0.0,1154,19776,16063
79,35918,1,0.0,1155,19787,16131
37,35955,1,0.0,1156,19793,16162
21,35976,1,0.0,1157,19796,16180
28,36004,2,1.0,1158,19802,16202
9,36013,2,0.0,1159,19803,16210
30,36043,2,0.0,1160,19804,16239
37,36080,2,0.0,1161,19807,16273
27,36107,2,0.0,1162,19807,16300
11,36118,2,0.0,1163,19807,16311
35,36153,2,0.0,1164,19807,16346
9,36162,2,0.0,1165,19808,16354
10,36172,2,0.0,1166,19808,16364
10,36182,2,0.0,1167,19808,16374
15,36197,2,0.0,1168,19808,16389
18,36215,2,0.0,1169,19808,16407
45,36260,2,0.0,1170,19812,16448
7,36267,2,0.0,1171,19812,16455
44,36311,2,0.0,1172,19813,16498
56,36367,2,0.0,1173,19815,16552
82,36449,2,0.0,1174,19818,16631
26,36475,2,0.0,1175,19818,16657
37,36512,2,0.0,1176,19820,16692
29,36541,2,0.0,1177,19820,16721
36,36577,2,0.0,1178,19822,16755
23,36600,2,0.0,1179,19823,16777
100,36700,2,0.0,1180,19828,16872
16,36716,2,0.0,1181,19829,16887
16,36732,2,0.0,1182,19830,16902
51,36783,2,0.0,1183,19832,16951
55,36838,2,0.0,1184,19836,17002
29,36867,2,0.0,1185,19837,17030
78,36945,2,0.0,1186,19840,17105
63,37008,2,0.0,1187,19843,17165
19,37027,2,0.0,1188,19845,17182
17,37044,2,0.0,1189,19846,17198
12,37056,2,0.0,1190,19846,17210
18,37074,2,0.0,1191,19846,17228
15,37089,2,0.0,1192,19846,17243
35,37124,2,0.0,1193,19849,17275
66,37190,2,0.0,1194,19851,17339
32,37222,2,0.0,1195,19854,17368
17,37239,2,0.0,1196,19854,17385
30,37269,2,0.0,1197,19855,17414
50,37319,2,0.0,1198,19857,17462
75,37394,3,1.0,1199,19862,17532
42,37436,3,0.0,1200,19862,17574
26,37462,3,0.0,1201,19862,17600
17,37479,3,0.0,1202,19862,17617
14,37493,3,0.0,1203,19862,17631
8,37501,3,0.0,1204,19862,17639
63,37564,3,0.0,1205,19862,17702
76,37640,3,0.0,1206,19862,17778
28,37668,3,0.0,1207,19862,17806
35,37703,3,0.0,1208,19862,17841
25,37728,3,0.0,1209,19862,17866
45,37773,3,0.0,1210,19863,17910
13,37786,3,0.0,1211,19863,17923
15,37801,3,0.0,1212,19863,17938
44,37845,3,0.0,1213,19863,17982
24,37869,3,0.0,1214,19863,18006
7,37876,3,0.0,1215,19863,18013
25,37901,3,0.0,1216,19863,18038
17,37918,3,0.0,1217,19863,18055
52,37970,3,0.0,1218,19863,18107
15,37985,3,0.0,1219,19863,18122
19,38004,3,0.0,1220,19863,18141
41,38045,3,0.0,1221,19864,18181
56,38101,3,0.0,1222,19864,18237
100,38201,3,0.0,1223,19864,18337
12,38213,3,0.0,1224,19864,18349
11,38224,3,0.0,1225,19864,18360
51,38275,3,0.0,1226,19864,18411
26,38301,3,0.0,1227,19864,18437
22,38323,3,0.0,1228,19864,18459
21,38344,3,0.0,1229,19864,18480
59,38403,3,0.0,1230,19864,18539
46,38449,3,0.0,1231,19864,18585
30,38479,3,0.0,1232,19864,18615
10,38489,3,0.0,1233,19864,18625
15,38504,3,0.0,1234,19864,18640
19,38523,3,0.0,1235,19864,18659
76,38599,3,0.0,1236,19864,18735
17,38616,3,0.0,1237,19864,18752
10,38626,3,0.0,1238,19864,18762
36,38662,3,0.0,1239,19864,18798
29,38691,3,0.0,1240,19865,18826
12,38703,3,0.0,1241,19865,18838
40,38743,3,0.0,1242,19865,18878
38,38781,3,0.0,1243,19865,18916
52,38833,3,0.0,1244,19865,18968
45,38878,3,0.0,1245,19867,19011
13,38891,3,0.0,1246,19868,19023
19,38910,3,0.0,1247,19868,19042
64,38974,3,0.0,1248,19869,19105
32,39006,3,0.0,1249,19869,19137
65,39071,3,0.0,1250,19869,19202
7,39078,3,0.0,1251,19869,19209
15,39093,3,0.0,1252,19869,19224
61,39154,3,0.0,1253,19869,19285
38,39192,3,0.0,1254,19869,19323
29,39221,3,0.0,1255,19869,19352
46,39267,3,0.0,1256,19869,19398
27,39294,3,0.0,1257,19869,19425
10,39304,3,0.0,1258,19869,19435
21,39325,3,0.0,1259,19869,19456
24,39349,3,0.0,1260,19869,19480
11,39360,3,0.0,1261,19869,19491
17,39377,3,0.0,1262,19869,19508
12,39389,3,0.0,1263,19870,19519
91,39480,3,0.0,1264,19871,19609
20,39500,3,0.0,1265,19871,19629
19,39519,3,0.0,1266,19871,19648
15,39534,3,0.0,1267,19871,19663
15,39549,3,0.0,1268,19872,19677
61,39610,3,0.0,1269,19873,19737
11,39621,3,0.0,1270,19873,19748
41,39662,3,0.0,1271,19873,19789
12,39674,3,0.0,1272,19873,19801
46,39720,3,0.0,1273,19873,19847
22,39742,3,0.0,1274,19873,19869
15,39757,3,0.0,1275,19873,19884
16,39773,3,0.0,1276,19873,19900
12,39785,3,0.0,1277,19875,19910
32,39817,3,0.0,1278,19875,19942
46,39863,3,0.0,1279,19875,19988
75,39938,3,0.0,1280,19877,20061
53,39991,3,0.0,1281,19878,20113
64,40055,3,0.0,1282,19878,20177
100,40155,3,0.0,1283,19878,20277
30,40185,3,0.0,1284,19878,20307
15,40200,3,0.0,1285,19878,20322
28,40228,3,0.0,1286,19878,20350
28,40256,3,0.0,1287,19879,20377
23,40279,3,0.0,1288,19879,20400
17,40296,3,0.0,1289,19879,20417
28,40324,3,0.0,1290,19879,20445
36,40360,3,0.0,1291,19879,20481
35,40395,3,0.0,1292,19879,20516
45,40440,3,0.0,1293,19879,20561
22,40462,3,0.0,1294,19879,20583
17,40479,3,0.0,1295,19879,20600
18,40497,3,0.0,1296,19879,20618
23,40520,3,0.0,1297,19879,20641
19,40539,3,0.0,1298,19879,20660
21,40560,3,0.0,1299,19879,20681
66,40626,3,0.0,1300,19879,20747
19,40645,3,0.0,1301,19879,20766
73,40718,3,0.0,1302,19879,20839
48,40766,3,0.0,1303,19879,20887
11,40777,3,0.0,1304,19879,20898
32,40809,3,0.0,1305,19880,20929
36,40845,3,0.0,1306,19881,20964
48,40893,3,0.0,1307,19881,21012
30,40923,3,0.0,1308,19881,21042
43,40966,3,0.0,1309,19882,21084
22,40988,3,0.0,1310,19882,21106
12,41000,3,0.0,1311,19882,21118
18,41018,3,0.0,1312,19883,21135
23,41041,3,0.0,1313,19883,21158
20,41061,3,0.0,1314,19883,21178
32,41093,3,0.0,1315,19883,21210
29,41122,3,0.0,1316,19883,21239
28,41150,3,0.0,1317,19883,21267
24,41174,3,0.0,1318,19883,21291
45,41219,3,0.0,1319,19883,21336
29,41248,3,0.0,1320,19883,21365
34,41282,3,0.0,1321,19883,21399
41,41323,3,0.0,1322,19885,21438
24,41347,3,0.0,1323,19885,21462
7,41354,3,0.0,1324,19885,21469
15,41369,3,0.0,1325,19885,21484
18,41387,3,0.0,1326,19885,21502
17,41404,3,0.0,1327,19885,21519
65,41469,3,0.0,1328,19885,21584
8,41477,3,0.0,1329,19885,21592
21,41498,3,0.0,1330,19885,21613
22,41520,3,0.0,1331,19885,21635
21,41541,3,0.0,1332,19885,21656
56,41597,3,0.0,1333,19885,21712
34,41631,3,0.0,1334,19885,21746
12,41643,3,0.0,1335,19885,21758
12,41655,3,0.0,1336,19885,21770
33,41688,3,0.0,1337,19885,21803
23,41711,3,0.0,1338,19885,21826
11,41722,3,0.0,1339,19885,21837
62,41784,3,0.0,1340,19886,21898
7,41791,3,0.0,1341,19886,21905
73,41864,3,0.0,1342,19886,21978
24,41888,3,0.0,1343,19886,22002
39,41927,3,0.0,1344,19886,22041
13,41940,3,0.0,1345,19886,22054
18,41958,3,0.0,1346,19886,22072
51,42009,3,0.0,1347,19886,22123
17,42026,3,0.0,1348,19886,22140
6,42032,3,0.0,1349,19886,22146
69,42101,3,0.0,1350,19886,22215
35,42136,3,0.0,1351,19886,22250
40,42176,3,0.0,1352,19886,22290
5,42181,3,0.0,1353,19886,22295
58,42239,3,0.0,1354,19886,22353
25,42264,3,0.0,1355,19886,22378
15,42279,3,0.0,1356,19886,22393
25,42304,3,0.0,1357,19886,22418
11,42315,3,0.0,1358,19886,22429
35,42350,3,0.0,1359,19886,22464
26,42376,3,0.0,1360,19886,22490
51,42427,3,0.0,1361,19886,22541
27,42454,3,0.0,1362,19886,22568
12,42466,3,0.0,1363,19886,22580
33,42499,3,0.0,1364,19886,22613
46,42545,3,0.0,1365,19886,22659
35,42580,3,0.0,1366,19886,22694
10,42590,3,0.0,1367,19886,22704
32,42622,3,0.0,1368,19887,22735
22,42644,3,0.0,1369,19887,22757
11,42655,3,0.0,1370,19887,22768
98,42753,3,0.0,1371,19887,22866
5,42758,3,0.0,1372,19887,22871
34,42792,3,0.0,1373,19888,22904
57,42849,3,0.0,1374,19889,22960
15,42864,3,0.0,1375,19889,22975
21,42885,3,0.0,1376,19889,22996
11,42896,3,0.0,1377,19889,23007
15,42911,3,0.0,1378,19889,23022
28,42939,3,0.0,1379,19889,23050
50,42989,3,0.0,1380,19889,23100
33,43022,3,0.0,1381,19889,23133
25,43047,3,0.0,1382,19889,23158
22,43069,3,0.0,1383,19889,23180
10,43079,3,0.0,1384,19889,23190
29,43108,3,0.0,1385,19889,23219
14,43122,3,0.0,1386,19889,23233
26,43148,3,0.0,1387,19889,23259
10,43158,3,0.0,1388,19889,23269
19,43177,3,0.0,1389,19889,23288
29,43206,3,0.0,1390,19889,23317
25,43231,3,0.0,1391,19889,23342
33,43264,3,0.0,1392,19889,23375
8,43272,3,0.0,1393,19889,23383
21,43293,3,0.0,1394,19889,23404
21,43314,3,0.0,1395,19889,23425
95,43409,3,0.0,1396,19889,23520
64,43473,3,0.0,1397,19889,23584
29,43502,3,0.0,1398,19889,23613
29,43531,3,0.0,1399,19889,23642
30,43561,3,0.0,1400,19889,23672
10,43571,3,0.0,1401,19889,23682
23,43594,3,0.0,1402,19889,23705
60,43654,3,0.0,1403,19889,23765
25,43679,3,0.0,1404,19889,23790
16,43695,3,0.0,1405,19889,23806
50,43745,3,0.0,1406,19890,23855
6,43751,3,0.0,1407,19890,23861
29,43780,3,0.0,1408,19890,23890
49,43829,3,0.0,1409,19890,23939
90,43919,3,0.0,1410,19890,24029
30,43949,3,0.0,1411,19890,24059
12,43961,3,0.0,1412,19890,24071
7,43968,3,0.0,1413,19890,24078
9,43977,3,0.0,1414,19890,24087
42,44019,3,0.0,1415,19890,24129
23,44042,3,0.0,1416,19890,24152
22,44064,3,0.0,1417,19890,24174
17,44081,3,0.0,1418,19890,24191
6,44087,3,0.0,1419,19890,24197
21,44108,3,0.0,1420,19890,24218
24,44132,3,0.0,1421,19891,24241
36,44168,3,0.0,1422,19891,24277
8,44176,3,0.0,1423,19891,24285
23,44199,3,0.0,1424,19892,24307
45,44244,3,0.0,1425,19892,24352
32,44276,3,0.0,1426,19892,24384
8,44284,3,0.0,1427,19892,24392
10,44294,3,0.0,1428,19892,24402
12,44306,3,0.0,1429,19892,24414
15,44321,3,0.0,1430,19892,24429
12,44333,3,0.0,1431,19892,24441
32,44365,3,0.0,1432,19892,24473
69,44434,3,0.0,1433,19893,24541
17,44451,3,0.0,1434,19893,24558
40,44491,3,0.0,1435,19893,24598
12,44503,3,0.0,1436,19893,24610
21,44524,3,0.0,1437,19893,24631
19,44543,3,0.0,1438,19893,24650
38,44581,3,0.0,1439,19893,24688
48,44629,3,0.0,1440,19893,24736
7,44636,3,0.0,1441,19893,24743
43,44679,3,0.0,1442,19893,24786
9,44688,3,0.0,1443,19893,24795
18,44706,3,0.0,1444,19893,24813
37,44743,3,0.0,1445,19893,24850
49,44792,3,0.0,1446,19893,24899
49,44841,3,0.0,1447,19893,24948
9,44850,3,0.0,1448,19893,24957
32,44882,3,0.0,1449,19893,24989
13,44895,3,0.0,1450,19893,25002
65,44960,3,0.0,1451,19894,25066
14,44974,3,0.0,1452,19895,25079
14,44988,3,0.0,1453,19895,25093
87,45075,3,0.0,1454,19895,25180
22,45097,3,0.0,1455,19895,25202
46,45143,3,0.0,1456,19895,25248
31,45174,3,0.0,1457,19895,25279
11,45185,3,0.0,1458,19895,25290
85,45270,3,0.0,1459,19896,25374
14,45284,3,0.0,1460,19896,25388
16,45300,3,0.0,1461,19896,25404
14,45314,3,0.0,1462,19896,25418
12,45326,3,0.0,1463,19896,25430
24,45350,3,0.0,1464,19896,25454
15,45365,3,0.0,1465,19896,25469
12,45377,3,0.0,1466,19896,25481
12,45389,3,0.0,1467,19897,25492
32,45421,3,0.0,1468,19897,25524
25,45446,3,0.0,1469,19897,25549
24,45470,3,0.0,1470,19897,25573
35,45505,3,0.0,1471,19897,25608
12,45517,3,0.0,1472,19897,25620
16,45533,3,0.0,1473,19897,25636
21,45554,3,0.0,1474,19897,25657
22,45576,3,0.0,1475,19897,25679
9,45585,3,0.0,1476,19897,25688
38,45623,3,0.0,1477,19897,25726
98,45721,3,0.0,1478,19897,25824
64,45785,3,0.0,1479,19897,25888
30,45815,3,0.0,1480,19897,25918
30,45845,3,0.0,1481,19897,25948
33,45878,3,0.0,1482,19897,25981
28,45906,3,0.0,1483,19897,26009
5,45911,3,0.0,1484,19897,26014
46,45957,3,0.0,1485,19897,26060
22,45979,3,0.0,1486,19897,26082
13,45992,3,0.0,1487,19897,26095
25,46017,3,0.0,1488,19897,26120
66,46083,3,0.0,1489,19897,26186
30,46113,3,0.0,1490,19897,26216
16,46129,3,0.0,1491,19897,26232
7,46136,3,0.0,1492,19897,26239
23,46159,3,0.0,1493,19897,26262
11,46170,3,0.0,1494,19897,26273
69,46239,3,0.0,1495,19897,26342
14,46253,3,0.0,1496,19897,26356
7,46260,3,0.0,1497,19897,26363
49,46309,3,0.0,1498,19897,26412
31,46340,3,0.0,1499,19897,26443
29,46369,3,0.0,1500,19897,26472
77,46446,3,0.0,1501,19897,26549
16,46462,3,0.0,1502,19897,26565
18,46480,3,0.0,1503,19897,26583
16,46496,3,0.0,1504,19897,26599
14,46510,3,0.0,1505,19897,26613
8,46518,3,0.0,1506,19897,26621
41,46559,3,0.0,1507,19897,26662
20,46579,3,0.0,1508,19897,26682
20,46599,3,0.0,1509,19897,26702
10,46609,3,0.0,1510,19897,26712
19,46628,3,0.0,1511,19897,26731
18,46646,3,0.0,1512,19897,26749
7,46653,3,0.0,1513,19897,26756
12,46665,3,0.0,1514,19897,26768
16,46681,3,0.0,1515,19897,26784
9,46690,3,0.0,1516,19897,26793
42,46732,3,0.0,1517,19897,26835
28,46760,3,0.0,1518,19897,26863
30,46790,3,0.0,1519,19897,26893
26,46816,3,0.0,1520,19897,26919
13,46829,3,0.0,1521,19897,26932
29,46858,3,0.0,1522,19897,26961
53,46911,3,0.0,1523,19897,27014
15,46926,3,0.0,1524,19897,27029
28,46954,3,0.0,1525,19897,27057
14,46968,3,0.0,1526,19897,27071
33,47001,3,0.0,1527,19897,27104
15,47016,3,0.0,1528,19897,27119
74,47090,3,0.0,1529,19897,27193
12,47102,3,0.0,1530,19897,27205
31,47133,3,0.0,1531,19898,27235
19,47152,3,0.0,1532,19898,27254
47,47199,3,0.0,1533,19898,27301
28,47227,3,0.0,1534,19898,27329
5,47232,3,0.0,1535,19898,27334
18,47250,3,0.0,1536,19899,27351
20,47270,3,0.0,1537,19899,27371
10,47280,3,0.0,1538,19899,27381
22,47302,3,0.0,1539,19899,27403
13,47315,3,0.0,1540,19899,27416
20,47335,3,0.0,1541,19899,27436
10,47345,3,0.0,1542,19899,27446
17,47362,3,0.0,1543,19899,27463
70,47432,3,0.0,1544,19899,27533
30,47462,3,0.0,1545,19899,27563
50,47512,3,0.0,1546,19899,27613
34,47546,3,0.0,1547,19899,27647
47,47593,3,0.0,1548,19899,27694
52,47645,3,0.0,1549,19899,27746
7,47652,3,0.0,1550,19899,27753
37,47689,3,0.0,1551,19899,27790
90,47779,3,0.0,1552,19900,27879
8,47787,3,0.0,1553,19901,27886
28,47815,3,0.0,1554,19902,27913
41,47856,3,0.0,1555,19902,27954
8,47864,3,0.0,1556,19902,27962
16,47880,3,0.0,1557,19902,27978
12,47892,3,0.0,1558,19902,27990
40,47932,3,0.0,1559,19902,28030
46,47978,3,0.0,1560,19902,28076
15,47993,3,0.0,1561,19902,28091
7,48000,3,0.0,1562,19902,28098
19,48019,3,0.0,1563,19903,28116
10,48029,3,0.0,1564,19903,28126
9,48038,3,0.0,1565,19903,28135
13,48051,3,0.0,1566,19903,28148
30,48081,3,0.0,1567,19903,28178
17,48098,3,0.0,1568,19903,28195
31,48129,3,0.0,1569,19903,28226
13,48142,3,0.0,1570,19904,28238
16,48158,3,0.0,1571,19904,28254
27,48185,3,0.0,1572,19904,28281
51,48236,3,0.0,1573,19904,28332
39,48275,3,0.0,1574,19904,28371
26,48301,3,0.0,1575,19904,28397
24,48325,3,0.0,1576,19904,28421
49,48374,3,0.0,1577,19904,28470
83,48457,3,0.0,1578,19904,28553
40,48497,3,0.0,1579,19904,28593
43,48540,3,0.0,1580,19904,28636
50,48590,3,0.0,1581,19904,28686
23,48613,3,0.0,1582,19904,28709
10,48623,3,0.0,1583,19904,28719
41,48664,3,0.0,1584,19904,28760
61,48725,3,0.0,1585,19904,28821
16,48741,3,0.0,1586,19904,28837
42,48783,3,0.0,1587,19904,28879
37,48820,3,0.0,1588,19904,28916
79,48899,3,0.0,1589,19905,28994
24,48923,3,0.0,1590,19906,29017
26,48949,3,0.0,1591,19906,29043
100,49049,3,0.0,1592,19906,29143
54,49103,3,0.0,1593,19907,29196
17,49120,3,0.0,1594,19907,29213
97,49217,3,0.0,1595,19907,29310
47,49264,3,0.0,1596,19907,29357
57,49321,3,0.0,1597,19907,29414
35,49356,3,0.0,1598,19907,29449
21,49377,3,0.0,1599,19907,29470
79,49456,3,0.0,1600,19907,29549
13,49469,3,0.0,1601,19907,29562
60,49529,3,0.0,1602,19907,29622
21,49550,3,0.0,1603,19907,29643
10,49560,3,0.0,1604,19907,29653
12,49572,3,0.0,1605,19907,29665
44,49616,3,0.0,1606,19907,29709
30,49646,3,0.0,1607,19907,29739
47,49693,3,0.0,1608,19907,29786
22,49715,3,0.0,1609,19907,29808
46,49761,3,0.0,1610,19907,29854
19,49780,3,0.0,1611,19907,29873
43,49823,3,0.0,1612,19907,29916
100,49923,3,0.0,1613,19907,30016
16,49939,3,0.0,1614,19907,30032
8,49947,3,0.0,1615,19907,30040
33,49980,3,0.0,1616,19907,30073
8,49988,3,0.0,1617,19907,30081
48,50036,3,0.0,1618,19907,30129
12,50048,3,0.0,1619,19907,30141
15,50063,3,0.0,1620,19907,30156
44,50107,3,0.0,1621,19907,30200
47,50154,3,0.0,1622,19907,30247
18,50172,3,0.0,1623,19907,30265
5,50177,3,0.0,1624,19907,30270
9,50186,3,0.0,1625,19907,30279
45,50231,3,0.0,1626,19907,30324
8,50239,3,0.0,1627,19907,30332
35,50274,3,0.0,1628,19907,30367
27,50301,3,0.0,1629,19907,30394
38,50339,3,0.0,1630,19907,30432
43,50382,3,0.0,1631,19907,30475
26,50408,3,0.0,1632,19907,30501
89,50497,3,0.0,1633,19907,30590
40,50537,3,0.0,1634,19907,30630
39,50576,3,0.0,1635,19907,30669
16,50592,3,0.0,1636,19907,30685
10,50602,3,0.0,1637,19907,30695
92,50694,3,0.0,1638,19907,30787
33,50727,3,0.0,1639,19907,30820
38,50765,3,0.0,1640,19907,30858
52,50817,3,0.0,1641,19907,30910
13,50830,3,0.0,1642,19907,30923
14,50844,3,0.0,1643,19907,30937
28,50872,3,0.0,1644,19907,30965
16,50888,3,0.0,1645,19907,30981
76,50964,3,0.0,1646,19907,31057
43,51007,3,0.0,1647,19907,31100
21,51028,3,0.0,1648,19908,31120
29,51057,3,0.0,1649,19909,31148
37,51094,3,0.0,1650,19909,31185
35,51129,3,0.0,1651,19909,31220
35,51164,3,0.0,1652,19909,31255
15,51179,3,0.0,1653,19910,31269
100,51279,3,0.0,1654,19910,31369
40,51319,3,0.0,1655,19910,31409
75,51394,3,0.0,1656,19910,31484
10,51404,3,0.0,1657,19910,31494
21,51425,3,0.0,1658,19910,31515
16,51441,3,0.0,1659,19910,31531
100,51541,3,0.0,1660,19911,31630
62,51603,3,0.0,1661,19911,31692
10,51613,3,0.0,1662,19911,31702
40,51653,3,0.0,1663,19911,31742
9,51662,3,0.0,1664,19911,31751
9,51671,3,0.0,1665,19911,31760
9,51680,3,0.0,1666,19911,31769
25,51705,3,0.0,1667,19911,31794
13,51718,3,0.0,1668,19911,31807
5,51723,3,0.0,1669,19911,31812
30,51753,3,0.0,1670,19911,31842
36,51789,3,0.0,1671,19911,31878
17,51806,3,0.0,1672,19911,31895
35,51841,3,0.0,1673,19911,31930
29,51870,3,0.0,1674,19911,31959
10,51880,3,0.0,1675,19911,31969
24,51904,3,0.0,1676,19911,31993
25,51929,3,0.0,1677,19911,32018
49,51978,3,0.0,1678,19911,32067
36,52014,3,0.0,1679,19911,32103
33,52047,3,0.0,1680,19911,32136
33,52080,3,0.0,1681,19911,32169
99,52179,3,0.0,1682,19911,32268
30,52209,3,0.0,1683,19911,32298
28,52237,3,0.0,1684,19911,32326
23,52260,3,0.0,1685,19911,32349
5,52265,3,0.0,1686,19911,32354
35,52300,3,0.0,1687,19911,32389
51,52351,3,0.0,1688,19911,32440
20,52371,3,0.0,1689,19911,32460
43,52414,3,0.0,1690,19911,32503
32,52446,3,0.0,1691,19911,32535
18,52464,3,0.0,1692,19911,32553
35,52499,3,0.0,1693,19911,32588
30,52529,3,0.0,1694,19911,32618
25,52554,3,0.0,1695,19911,32643
26,52580,3,0.0,1696,19911,32669
24,52604,3,0.0,1697,19911,32693
16,52620,3,0.0,1698,19911,32709
45,52665,3,0.0,1699,19912,32753
34,52699,3,0.0,1700,19912,32787
8,52707,3,0.0,1701,19912,32795
53,52760,3,0.0,1702,19912,32848
46,52806,3,0.0,1703,19912,32894
12,52818,3,0.0,1704,19912,32906
11,52829,3,0.0,1705,19912,32917
49,52878,3,0.0,1706,19913,32965
39,52917,3,0.0,1707,19913,33004
45,52962,3,0.0,1708,19913,33049
10,52972,3,0.0,1709,19913,33059
23,52995,3,0.0,1710,19913,33082
13,53008,3,0.0,1711,19913,33095
18,53026,3,0.0,1712,19913,33113
8,53034,3,0.0,1713,19913,33121
100,53134,3,0.0,1714,19913,33221
8,53142,3,0.0,1715,19913,33229
9,53151,3,0.0,1716,19913,33238
7,53158,3,0.0,1717,19913,33245
13,53171,3,0.0,1718,19913,33258
9,53180,3,0.0,1719,19913,33267
100,53280,3,0.0,1720,19913,33367
16,53296,3,0.0,1721,19913,33383
18,53314,3,0.0,1722,19913,33401
25,53339,3,0.0,1723,19913,33426
9,53348,3,0.0,1724,19913,33435
49,53397,3,0.0,1725,19913,33484
30,53427,3,0.0,1726,19913,33514
83,53510,3,0.0,1727,19913,33597
45,53555,3,0.0,1728,19913,33642
18,53573,3,0.0,1729,19913,33660
34,53607,3,0.0,1730,19913,33694
14,53621,3,0.0,1731,19913,33708
100,53721,3,0.0,1732,19914,33807
18,53739,3,0.0,1733,19914,33825
21,53760,3,0.0,1734,19914,33846
72,53832,3,0.0,1735,19914,33918
10,53842,3,0.0,1736,19914,33928
20,53862,3,0.0,1737,19914,33948
7,53869,3,0.0,1738,19914,33955
26,53895,3,0.0,1739,19914,33981
34,53929,3,0.0,1740,19914,34015
64,53993,3,0.0,1741,19915,34078
8,54001,3,0.0,1742,19915,34086
71,54072,3,0.0,1743,19915,34157
26,54098,3,0.0,1744,19915,34183
10,54108,3,0.0,1745,19915,34193
15,54123,3,0.0,1746,19915,34208
7,54130,3,0.0,1747,19915,34215
15,54145,3,0.0,1748,19915,34230
12,54157,3,0.0,1749,19915,34242
36,54193,3,0.0,1750,19915,34278
18,54211,3,0.0,1751,19915,34296
18,54229,3,0.0,1752,19915,34314
51,54280,3,0.0,1753,19915,34365
23,54303,3,0.0,1754,19915,34388
74,54377,3,0.0,1755,19915,34462
27,54404,3,0.0,1756,19915,34489
81,54485,3,0.0,1757,19915,34570
47,54532,3,0.0,1758,19915,34617
26,54558,3,0.0,1759,19915,34643
31,54589,3,0.0,1760,19915,34674
18,54607,3,0.0,1761,19915,34692
60,54667,3,0.0,1762,19915,34752
23,54690,3,0.0,1763,19915,34775
5,54695,3,0.0,1764,19915,34780
9,54704,3,0.0,1765,19915,34789
37,54741,3,0.0,1766,19915,34826
34,54775,3,0.0,1767,19915,34860
32,54807,3,0.0,1768,19915,34892
36,54843,4,1.0,1769,19915,34928
84,54927,4,0.0,1770,19915,35012
28,54955,4,0.0,1771,19915,35040
40,54995,4,0.0,1772,19915,35080
26,55021,4,0.0,1773,19915,35106
32,55053,4,0.0,1774,19915,35138
37,55090,4,0.0,1775,19915,35175
48,55138,4,0.0,1776,19915,35223
14,55152,4,0.0,1777,19915,35237
65,55217,4,0.0,1778,19915,35302
22,55239,4,0.0,1779,19915,35324
35,55274,4,0.0,1780,19915,35359
42,55316,4,0.0,1781,19915,35401
61,55377,4,0.0,1782,19915,35462
40,55417,4,0.0,1783,19915,35502
52,55469,4,0.0,1784,19915,35554
41,55510,4,0.0,1785,19915,35595
17,55527,4,0.0,1786,19915,35612
9,55536,4,0.0,1787,19915,35621
20,55556,4,0.0,1788,19915,35641
49,55605,4,0.0,1789,19915,35690
53,55658,4,0.0,1790,19915,35743
11,55669,4,0.0,1791,19915,35754
30,55699,4,0.0,1792,19915,35784
21,55720,4,0.0,1793,19915,35805
48,55768,4,0.0,1794,19915,35853
11,55779,4,0.0,1795,19915,35864
17,55796,4,0.0,1796,19915,35881
31,55827,4,0.0,1797,19915,35912
23,55850,4,0.0,1798,19915,35935
23,55873,4,0.0,1799,19915,35958
26,55899,4,0.0,1800,19915,35984
23,55922,4,0.0,1801,19915,36007
100,56022,4,0.0,1802,19915,36107
47,56069,4,0.0,1803,19915,36154
19,56088,4,0.0,1804,19915,36173
21,56109,4,0.0,1805,19915,36194
37,56146,4,0.0,1806,19915,36231
9,56155,4,0.0,1807,19915,36240
53,56208,4,0.0,1808,19916,36292
32,56240,4,0.0,1809,19916,36324
37,56277,4,0.0,1810,19916,36361
32,56309,4,0.0,1811,19916,36393
69,56378,4,0.0,1812,19917,36461
11,56389,4,0.0,1813,19917,36472
67,56456,4,0.0,1814,19917,36539
29,56485,4,0.0,1815,19917,36568
34,56519,4,0.0,1816,19917,36602
18,56537,4,0.0,1817,19917,36620
31,56568,4,0.0,1818,19917,36651
41,56609,4,0.0,1819,19917,36692
16,56625,4,0.0,1820,19917,36708
52,56677,4,0.0,1821,19917,36760
7,56684,4,0.0,1822,19917,36767
50,56734,4,0.0,1823,19917,36817
28,56762,4,0.0,1824,19917,36845
19,56781,4,0.0,1825,19917,36864
18,56799,4,0.0,1826,19917,36882
8,56807,4,0.0,1827,19917,36890
24,56831,4,0.0,1828,19917,36914
61,56892,4,0.0,1829,19917,36975
43,56935,4,0.0,1830,19917,37018
18,56953,4,0.0,1831,19917,37036
71,57024,4,0.0,1832,19917,37107
21,57045,4,0.0,1833,19918,37127
23,57068,4,0.0,1834,19918,37150
33,57101,4,0.0,1835,19918,37183
19,57120,4,0.0,1836,19918,37202
20,57140,4,0.0,1837,19918,37222
5,57145,4,0.0,1838,19918,37227
30,57175,4,0.0,1839,19918,37257
5,57180,4,0.0,1840,19918,37262
24,57204,4,0.0,1841,19918,37286
22,57226,4,0.0,1842,19918,37308
11,57237,4,0.0,1843,19918,37319
52,57289,4,0.0,1844,19918,37371
12,57301,4,0.0,1845,19918,37383
36,57337,4,0.0,1846,19918,37419
21,57358,4,0.0,1847,19918,37440
32,57390,4,0.0,1848,19918,37472
7,57397,4,0.0,1849,19918,37479
21,57418,4,0.0,1850,19919,37499
45,57463,4,0.0,1851,19919,37544
35,57498,4,0.0,1852,19919,37579
30,57528,4,0.0,1853,19919,37609
6,57534,4,0.0,1854,19919,37615
23,57557,4,0.0,1855,19919,37638
13,57570,4,0.0,1856,19919,37651
12,57582,4,0.0,1857,19919,37663
14,57596,4,0.0,1858,19919,37677
18,57614,4,0.0,1859,19919,37695
13,57627,4,0.0,1860,19919,37708
38,57665,4,0.0,1861,19919,37746
54,57719,4,0.0,1862,19919,37800
14,57733,4,0.0,1863,19919,37814
37,57770,4,0.0,1864,19919,37851
53,57823,4,0.0,1865,19919,37904
35,57858,4,0.0,1866,19919,37939
61,57919,4,0.0,1867,19919,38000
51,57970,4,0.0,1868,19919,38051
56,58026,4,0.0,1869,19919,38107
16,58042,4,0.0,1870,19919,38123
9,58051,4,0.0,1871,19919,38132
12,58063,4,0.0,1872,19919,38144
83,58146,4,0.0,1873,19919,38227
25,58171,4,0.0,1874,19919,38252
21,58192,4,0.0,1875,19919,38273
22,58214,4,0.0,1876,19919,38295
9,58223,4,0.0,1877,19919,38304
19,58242,4,0.0,1878,19919,38323
25,58267,4,0.0,1879,19920,38347
35,58302,4,0.0,1880,19920,38382
71,58373,4,0.0,1881,19920,38453
40,58413,4,0.0,1882,19920,38493
29,58442,4,0.0,1883,19920,38522
35,58477,4,0.0,1884,19920,38557
7,58484,4,0.0,1885,19920,38564
20,58504,4,0.0,1886,19920,38584
37,58541,4,0.0,1887,19920,38621
24,58565,4,0.0,1888,19920,38645
34,58599,4,0.0,1889,19920,38679
26,58625,4,0.0,1890,19920,38705
13,58638,4,0.0,1891,19920,38718
48,58686,4,0.0,1892,19920,38766
9,58695,4,0.0,1893,19920,38775
18,58713,4,0.0,1894,19920,38793
27,58740,4,0.0,1895,19920,38820
21,58761,4,0.0,1896,19920,38841
13,58774,4,0.0,1897,19920,38854
28,58802,4,0.0,1898,19920,38882
9,58811,4,0.0,1899,19920,38891
64,58875,4,0.0,1900,19920,38955
37,58912,4,0.0,1901,19920,38992
13,58925,4,0.0,1902,19920,39005
48,58973,4,0.0,1903,19920,39053
5,58978,4,0.0,1904,19920,39058
11,58989,4,0.0,1905,19920,39069
36,59025,4,0.0,1906,19920,39105
100,59125,4,0.0,1907,19920,39205
56,59181,4,0.0,1908,19920,39261
12,59193,4,0.0,1909,19920,39273
28,59221,4,0.0,1910,19920,39301
32,59253,4,0.0,1911,19920,39333
15,59268,4,0.0,1912,19920,39348
36,59304,4,0.0,1913,19920,39384
7,59311,4,0.0,1914,19920,39391
33,59344,4,0.0,1915,19920,39424
20,59364,4,0.0,1916,19920,39444
45,59409,4,0.0,1917,19920,39489
26,59435,4,0.0,1918,19920,39515
19,59454,4,0.0,1919,19920,39534
39,59493,4,0.0,1920,19920,39573
30,59523,4,0.0,1921,19920,39603
26,59549,4,0.0,1922,19920,39629
56,59605,5,1.0,1923,19920,39685
9,59614,5,0.0,1924,19920,39694
47,59661,5,0.0,1925,19920,39741
18,59679,5,0.0,1926,19920,39759
69,59748,5,0.0,1927,19920,39828
34,59782,5,0.0,1928,19920,39862
63,59845,5,0.0,1929,19920,39925
25,59870,5,0.0,1930,19920,39950
38,59908,5,0.0,1931,19920,39988
7,59915,5,0.0,1932,19920,39995
9,59924,5,0.0,1933,19920,40004
8,59932,5,0.0,1934,19920,40012
8,59940,5,0.0,1935,19920,40020
11,59951,5,0.0,1936,19920,40031
16,59967,5,0.0,1937,19920,40047
27,59994,5,0.0,1938,19920,40074
50,60044,5,0.0,1939,19920,40124
26,60070,5,0.0,1940,19920,40150
17,60087,5,0.0,1941,19920,40167
10,60097,5,0.0,1942,19920,40177
11,60108,5,0.0,1943,19920,40188
13,60121,5,0.0,1944,19920,40201
37,60158,5,0.0,1945,19920,40238
39,60197,5,0.0,1946,19920,40277
35,60232,5,0.0,1947,19920,40312
51,60283,5,0.0,1948,19920,40363
10,60293,5,0.0,1949,19920,40373
50,60343,5,0.0,1950,19920,40423
34,60377,5,0.0,1951,19920,40457
27,60404,5,0.0,1952,19920,40484
55,60459,5,0.0,1953,19920,40539
16,60475,5,0.0,1954,19920,40555
29,60504,5,0.0,1955,19920,40584
20,60524,5,0.0,1956,19920,40604
33,60557,5,0.0,1957,19920,40637
52,60609,5,0.0,1958,19920,40689
29,60638,5,0.0,1959,19920,40718
28,60666,5,0.0,1960,19920,40746
17,60683,5,0.0,1961,19920,40763
88,60771,5,0.0,1962,19920,40851
26,60797,5,0.0,1963,19920,40877
27,60824,5,0.0,1964,19920,40904
12,60836,5,0.0,1965,19920,40916
49,60885,5,0.0,1966,19920,40965
51,60936,5,0.0,1967,19920,41016
34,60970,5,0.0,1968,19920,41050
22,60992,5,0.0,1969,19920,41072
33,61025,5,0.0,1970,19920,41105
41,61066,5,0.0,1971,19920,41146
46,61112,5,0.0,1972,19920,41192
80,61192,5,0.0,1973,19920,41272
38,61230,5,0.0,1974,19920,41310
34,61264,5,0.0,1975,19920,41344
50,61314,5,0.0,1976,19920,41394
5,61319,5,0.0,1977,19920,41399
14,61333,5,0.0,1978,19920,41413
100,61433,5,0.0,1979,19920,41513
19,61452,5,0.0,1980,19920,41532
42,61494,5,0.0,1981,19920,41574
70,61564,5,0.0,1982,19920,41644
20,61584,5,0.0,1983,19920,41664
11,61595,5,0.0,1984,19920,41675
61,61656,5,0.0,1985,19920,41736
19,61675,5,0.0,1986,19920,41755
79,61754,5,0.0,1987,19920,41834
22,61776,5,0.0,1988,19920,41856
16,61792,5,0.0,1989,19920,41872
37,61829,5,0.0,1990,19920,41909
46,61875,5,0.0,1991,19920,41955
51,61926,5,0.0,1992,19920,42006
25,61951,5,0.0,1993,19920,42031
12,61963,5,0.0,1994,19920,42043
14,61977,5,0.0,1995,19920,42057
20,61997,5,0.0,1996,19920,42077
23,62020,5,0.0,1997,19920,42100
14,62034,5,0.0,1998,19920,42114
25,62059,5,0.0,1999,19920,42139
38,62097,5,0.0,2000,19920,42177
10,62107,5,0.0,2001,19921,42186
59,62166,5,0.0,2002,19921,42245
89,62255,5,0.0,2003,19921,42334
21,62276,5,0.0,2004,19921,42355
13,62289,5,0.0,2005,19921,42368
27,62316,5,0.0,2006,19921,42395
45,62361,5,0.0,2007,19921,42440
32,62393,5,0.0,2008,19921,42472
55,62448,5,0.0,2009,19921,42527
29,62477,5,0.0,2010,19921,42556
43,62520,5,0.0,2011,19921,42599
10,62530,5,0.0,2012,19921,42609
15,62545,5,0.0,2013,19921,42624
100,62645,5,0.0,2014,19921,42724
38,62683,5,0.0,2015,19921,42762
22,62705,5,0.0,2016,19921,42784
20,62725,5,0.0,2017,19921,42804
44,62769,5,0.0,2018,19921,42848
33,62802,5,0.0,2019,19921,42881
11,62813,5,0.0,2020,19921,42892
22,62835,5,0.0,2021,19921,42914
6,62841,5,0.0,2022,19921,42920
68,62909,5,0.0,2023,19921,42988
21,62930,5,0.0,2024,19921,43009
12,62942,5,0.0,2025,19921,43021
11,62953,5,0.0,2026,19921,43032
70,63023,5,0.0,2027,19921,43102
100,63123,5,0.0,2028,19921,43202
31,63154,5,0.0,2029,19921,43233
17,63171,5,0.0,2030,19921,43250
16,63187,5,0.0,2031,19921,43266
16,63203,5,0.0,2032,19921,43282
25,63228,5,0.0,2033,19921,43307
13,63241,5,0.0,2034,19921,43320
27,63268,5,0.0,2035,19921,43347
15,63283,5,0.0,2036,19921,43362
19,63302,5,0.0,2037,19921,43381
34,63336,5,0.0,2038,19921,43415
19,63355,5,0.0,2039,19921,43434
41,63396,5,0.0,2040,19921,43475
45,63441,5,0.0,2041,19921,43520
14,63455,5,0.0,2042,19921,43534
7,63462,5,0.0,2043,19921,43541
42,63504,5,0.0,2044,19921,43583
100,63604,5,0.0,2045,19921,43683
8,63612,5,0.0,2046,19921,43691
35,63647,5,0.0,2047,19921,43726
10,63657,5,0.0,2048,19921,43736
46,63703,5,0.0,2049,19921,43782
28,63731,5,0.0,2050,19921,43810
19,63750,5,0.0,2051,19921,43829
7,63757,5,0.0,2052,19921,43836
7,63764,5,0.0,2053,19921,43843
21,63785,5,0.0,2054,19921,43864
14,63799,5,0.0,2055,19921,43878
38,63837,5,0.0,2056,19921,43916
62,63899,5,0.0,2057,19921,43978
10,63909,5,0.0,2058,19921,43988
51,63960,5,0.0,2059,19921,44039
7,63967,5,0.0,2060,19921,44046
26,63993,5,0.0,2061,19921,44072
31,64024,5,0.0,2062,19921,44103
26,64050,5,0.0,2063,19921,44129
12,64062,5,0.0,2064,19921,44141
10,64072,5,0.0,2065,19921,44151
28,64100,5,0.0,2066,19921,44179
53,64153,5,0.0,2067,19921,44232
11,64164,5,0.0,2068,19921,44243
45,64209,5,0.0,2069,19921,44288
42,64251,5,0.0,2070,19921,44330
16,64267,5,0.0,2071,19921,44346
44,64311,5,0.0,2072,19921,44390
14,64325,5,0.0,2073,19921,44404
24,64349,5,0.0,2074,19921,44428
9,64358,5,0.0,2075,19921,44437
14,64372,5,0.0,2076,19921,44451
25,64397,5,0.0,2077,19921,44476
28,64425,5,0.0,2078,19921,44504
13,64438,5,0.0,2079,19921,44517
12,64450,5,0.0,2080,19921,44529
10,64460,5,0.0,2081,19921,44539
41,64501,5,0.0,2082,19921,44580
37,64538,5,0.0,2083,19921,44617
45,64583,5,0.0,2084,19921,44662
17,64600,5,0.0,2085,19921,44679
22,64622,5,0.0,2086,19921,44701
25,64647,5,0.0,2087,19921,44726
55,64702,5,0.0,2088,19921,44781
18,64720,5,0.0,2089,19921,44799
28,64748,5,0.0,2090,19921,44827
20,64768,5,0.0,2091,19921,44847
29,64797,5,0.0,2092,19921,44876
12,64809,5,0.0,2093,19921,44888
57,64866,5,0.0,2094,19921,44945
38,64904,5,0.0,2095,19921,44983
15,64919,5,0.0,2096,19921,44998
13,64932,5,0.0,2097,19921,45011
18,64950,5,0.0,2098,19921,45029
63,65013,5,0.0,2099,19921,45092
17,65030,5,0.0,2100,19921,45109
24,65054,5,0.0,2101,19921,45133
28,65082,5,0.0,2102,19921,45161
48,65130,5,0.0,2103,19921,45209
29,65159,5,0.0,2104,19921,45238
22,65181,5,0.0,2105,19921,45260
17,65198,5,0.0,2106,19921,45277
58,65256,5,0.0,2107,19921,45335
28,65284,5,0.0,2108,19921,45363
24,65308,5,0.0,2109,19921,45387
36,65344,5,0.0,2110,19921,45423
17,65361,5,0.0,2111,19921,45440
44,65405,5,0.0,2112,19921,45484
10,65415,5,0.0,2113,19921,45494
20,65435,5,0.0,2114,19921,45514
57,65492,5,0.0,2115,19921,45571
35,65527,5,0.0,2116,19921,45606
30,65557,5,0.0,2117,19921,45636
13,65570,5,0.0,2118,19921,45649
29,65599,5,0.0,2119,19921,45678
10,65609,5,0.0,2120,19921,45688
38,65647,5,0.0,2121,19921,45726
10,65657,5,0.0,2122,19921,45736
27,65684,5,0.0,2123,19921,45763
70,65754,5,0.0,2124,19921,45833
10,65764,5,0.0,2125,19921,45843
33,65797,5,0.0,2126,19921,45876
14,65811,5,0.0,2127,19921,45890
46,65857,5,0.0,2128,19921,45936
9,65866,5,0.0,2129,19921,45945
23,65889,5,0.0,2130,19921,45968
73,65962,5,0.0,2131,19921,46041
23,65985,5,0.0,2132,19921,46064
19,66004,5,0.0,2133,19921,46083
43,66047,5,0.0,2134,19921,46126
30,66077,5,0.0,2135,19921,46156
45,66122,5,0.0,2136,19921,46201
100,66222,5,0.0,2137,19921,46301
19,66241,5,0.0,2138,19921,46320
19,66260,5,0.0,2139,19921,46339
30,66290,5,0.0,2140,19921,46369
63,66353,5,0.0,2141,19921,46432
42,66395,5,0.0,2142,19921,46474
34,66429,5,0.0,2143,19921,46508
19,66448,5,0.0,2144,19921,46527
20,66468,5,0.0,2145,19921,46547
15,66483,5,0.0,2146,19921,46562
21,66504,5,0.0,2147,19921,46583
39,66543,5,0.0,2148,19921,46622
12,66555,5,0.0,2149,19921,46634
18,66573,5,0.0,2150,19921,46652
16,66589,5,0.0,2151,19921,46668
14,66603,5,0.0,2152,19921,46682
16,66619,5,0.0,2153,19921,46698
12,66631,5,0.0,2154,19921,46710
18,66649,5,0.0,2155,19921,46728
26,66675,5,0.0,2156,19921,46754
11,66686,5,0.0,2157,19921,46765
30,66716,5,0.0,2158,19922,46794
61,66777,5,0.0,2159,19922,46855
82,66859,5,0.0,2160,19922,46937
29,66888,5,0.0,2161,19922,46966
23,66911,5,0.0,2162,19922,46989
14,66925,5,0.0,2163,19922,47003
35,66960,5,0.0,2164,19922,47038
16,66976,5,0.0,2165,19922,47054
9,66985,5,0.0,2166,19922,47063
20,67005,5,0.0,2167,19922,47083
10,67015,5,0.0,2168,19922,47093
32,67047,5,0.0,2169,19922,47125
20,67067,5,0.0,2170,19922,47145
23,67090,5,0.0,2171,19922,47168
8,67098,5,0.0,2172,19922,47176
19,67117,5,0.0,2173,19922,47195
43,67160,5,0.0,2174,19922,47238
36,67196,5,0.0,2175,19922,47274
14,67210,5,0.0,2176,19922,47288
71,67281,5,0.0,2177,19922,47359
21,67302,5,0.0,2178,19922,47380
22,67324,5,0.0,2179,19922,47402
41,67365,5,0.0,2180,19922,47443
14,67379,5,0.0,2181,19922,47457
48,67427,5,0.0,2182,19922,47505
34,67461,5,0.0,2183,19922,47539
26,67487,5,0.0,2184,19922,47565
24,67511,5,0.0,2185,19922,47589
13,67524,5,0.0,2186,19922,47602
17,67541,5,0.0,2187,19922,47619
25,67566,5,0.0,2188,19922,47644
20,67586,5,0.0,2189,19922,47664
82,67668,5,0.0,2190,19922,47746
57,67725,6,1.0,2191,19922,47803
17,67742,6,0.0,2192,19922,47820
14,67756,6,0.0,2193,19922,47834
18,67774,6,0.0,2194,19922,47852
12,67786,6,0.0,2195,19922,47864
49,67835,6,0.0,2196,19922,47913
23,67858,6,0.0,2197,19922,47936
37,67895,6,0.0,2198,19922,47973
24,67919,6,0.0,2199,19922,47997
19,67938,6,0.0,2200,19922,48016
14,67952,6,0.0,2201,19922,48030
25,67977,6,0.0,2202,19922,48055
33,68010,6,0.0,2203,19922,48088
19,68029,6,0.0,2204,19922,48107
18,68047,6,0.0,2205,19922,48125
42,68089,6,0.0,2206,19922,48167
15,68104,6,0.0,2207,19922,48182
20,68124,6,0.0,2208,19922,48202
39,68163,6,0.0,2209,19922,48241
43,68206,6,0.0,2210,19922,48284
26,68232,6,0.0,2211,19922,48310
17,68249,6,0.0,2212,19922,48327
8,68257,6,0.0,2213,19922,48335
15,68272,6,0.0,2214,19922,48350
25,68297,6,0.0,2215,19922,48375
69,68366,6,0.0,2216,19922,48444
18,68384,6,0.0,2217,19922,48462
23,68407,6,0.0,2218,19922,48485
100,68507,6,0.0,2219,19922,48585
13,68520,6,0.0,2220,19922,48598
10,68530,6,0.0,2221,19922,48608
44,68574,6,0.0,2222,19922,48652
53,68627,6,0.0,2223,19922,48705
21,68648,6,0.0,2224,19922,48726
23,68671,6,0.0,2225,19922,48749
12,68683,6,0.0,2226,19922,48761
72,68755,6,0.0,2227,19922,48833
44,68799,6,0.0,2228,19922,48877
7,68806,6,0.0,2229,19922,48884
53,68859,6,0.0,2230,19922,48937
92,68951,6,0.0,2231,19922,49029
63,69014,6,0.0,2232,19922,49092
29,69043,6,0.0,2233,19922,49121
46,69089,6,0.0,2234,19922,49167
9,69098,6,0.0,2235,19922,49176
18,69116,6,0.0,2236,19922,49194
25,69141,6,0.0,2237,19922,49219
11,69152,6,0.0,2238,19922,49230
14,69166,6,0.0,2239,19922,49244
19,69185,6,0.0,2240,19922,49263
93,69278,6,0.0,2241,19922,49356
24,69302,6,0.0,2242,19922,49380
12,69314,6,0.0,2243,19922,49392
9,69323,6,0.0,2244,19922,49401
22,69345,6,0.0,2245,19922,49423
44,69389,6,0.0,2246,19922,49467
57,69446,6,0.0,2247,19922,49524
37,69483,6,0.0,2248,19922,49561
7,69490,6,0.0,2249,19922,49568
18,69508,6,0.0,2250,19922,49586
75,69583,6,0.0,2251,19922,49661
41,69624,6,0.0,2252,19922,49702
23,69647,6,0.0,2253,19922,49725
27,69674,6,0.0,2254,19922,49752
14,69688,6,0.0,2255,19922,49766
9,69697,6,0.0,2256,19922,49775
13,69710,6,0.0,2257,19922,49788
5,69715,6,0.0,2258,19922,49793
100,69815,6,0.0,2259,19922,49893
15,69830,6,0.0,2260,19922,49908
27,69857,6,0.0,2261,19922,49935
5,69862,6,0.0,2262,19922,49940
67,69929,6,0.0,2263,19922,50007
25,69954,6,0.0,2264,19922,50032
23,69977,6,0.0,2265,19922,50055
52,70029,6,0.0,2266,19922,50107
36,70065,6,0.0,2267,19922,50143
32,70097,6,0.0,2268,19922,50175
32,70129,6,0.0,2269,19922,50207
87,70216,6,0.0,2270,19922,50294
42,70258,6,0.0,2271,19922,50336
40,70298,6,0.0,2272,19922,50376
21,70319,6,0.0,2273,19922,50397
6,70325,6,0.0,2274,19922,50403
7,70332,6,0.0,2275,19922,50410
26,70358,6,0.0,2276,19922,50436
48,70406,6,0.0,2277,19922,50484
12,70418,6,0.0,2278,19922,50496
16,70434,6,0.0,2279,19922,50512
60,70494,6,0.0,2280,19922,50572
44,70538,6,0.0,2281,19922,50616
15,70553,6,0.0,2282,19922,50631
96,70649,6,0.0,2283,19922,50727
15,70664,6,0.0,2284,19922,50742
71,70735,6,0.0,2285,19922,50813
11,70746,6,0.0,2286,19922,50824
15,70761,6,0.0,2287,19922,50839
13,70774,6,0.0,2288,19922,50852
14,70788,6,0.0,2289,19922,50866
31,70819,6,0.0,2290,19922,50897
17,70836,6,0.0,2291,19922,50914
47,70883,6,0.0,2292,19922,50961
16,70899,6,0.0,2293,19922,50977
12,70911,6,0.0,2294,19922,50989
39,70950,6,0.0,2295,19922,51028
10,70960,6,0.0,2296,19922,51038
25,70985,6,0.0,2297,19922,51063
27,71012,6,0.0,2298,19922,51090
13,71025,6,0.0,2299,19922,51103
13,71038,6,0.0,2300,19922,51116
31,71069,6,0.0,2301,19922,51147
11,71080,6,0.0,2302,19922,51158
36,71116,6,0.0,2303,19922,51194
56,71172,6,0.0,2304,19922,51250
30,71202,6,0.0,2305,19923,51279
25,71227,6,0.0,2306,19923,51304
41,71268,6,0.0,2307,19923,51345
64,71332,6,0.0,2308,19923,51409
8,71340,6,0.0,2309,19923,51417
37,71377,6,0.0,2310,19923,51454
35,71412,6,0.0,2311,19923,51489
23,71435,6,0.0,2312,19923,51512
20,71455,6,0.0,2313,19923,51532
42,71497,6,0.0,2314,19923,51574
13,71510,6,0.0,2315,19923,51587
34,71544,6,0.0,2316,19923,51621
34,71578,6,0.0,2317,19923,51655
10,71588,6,0.0,2318,19923,51665
36,71624,6,0.0,2319,19923,51701
45,71669,6,0.0,2320,19923,51746
28,71697,6,0.0,2321,19923,51774
53,71750,6,0.0,2322,19923,51827
14,71764,6,0.0,2323,19923,51841
36,71800,6,0.0,2324,19923,51877
9,71809,6,0.0,2325,19923,51886
11,71820,6,0.0,2326,19923,51897
28,71848,6,0.0,2327,19923,51925
26,71874,6,0.0,2328,19923,51951
9,71883,6,0.0,2329,19923,51960
19,71902,6,0.0,2330,19923,51979
98,72000,6,0.0,2331,19923,52077
42,72042,6,0.0,2332,19923,52119
28,72070,6,0.0,2333,19923,52147
27,72097,6,0.0,2334,19923,52174
40,72137,6,0.0,2335,19923,52214
8,72145,6,0.0,2336,19923,52222
31,72176,6,0.0,2337,19923,52253
9,72185,6,0.0,2338,19923,52262
13,72198,6,0.0,2339,19923,52275
19,72217,6,0.0,2340,19923,52294
95,72312,6,0.0,2341,19923,52389
9,72321,6,0.0,2342,19923,52398
22,72343,6,0.0,2343,19923,52420
45,72388,6,0.0,2344,19923,52465
20,72408,6,0.0,2345,19923,52485
15,72423,6,0.0,2346,19923,52500
33,72456,6,0.0,2347,19923,52533
18,72474,6,0.0,2348,19923,52551
14,72488,6,0.0,2349,19923,52565
37,72525,6,0.0,2350,19923,52602
21,72546,6,0.0,2351,19923,52623
62,72608,6,0.0,2352,19923,52685
7,72615,6,0.0,2353,19923,52692
60,72675,6,0.0,2354,19923,52752
30,72705,6,0.0,2355,19923,52782
63,72768,6,0.0,2356,19923,52845
35,72803,6,0.0,2357,19923,52880
12,72815,6,0.0,2358,19923,52892
32,72847,6,0.0,2359,19923,52924
20,72867,6,0.0,2360,19923,52944
15,72882,6,0.0,2361,19923,52959
27,72909,6,0.0,2362,19923,52986
40,72949,6,0.0,2363,19923,53026
36,72985,6,0.0,2364,19923,53062
27,73012,6,0.0,2365,19923,53089
10,73022,6,0.0,2366,19923,53099
11,73033,6,0.0,2367,19923,53110
37,73070,6,0.0,2368,19923,53147
13,73083,6,0.0,2369,19923,53160
27,73110,6,0.0,2370,19923,53187
14,73124,6,0.0,2371,19923,53201
61,73185,6,0.0,2372,19923,53262
20,73205,6,0.0,2373,19923,53282
42,73247,6,0.0,2374,19923,53324
9,73256,6,0.0,2375,19923,53333
17,73273,6,0.0,2376,19923,53350
18,73291,6,0.0,2377,19923,53368
39,73330,6,0.0,2378,19923,53407
5,73335,6,0.0,2379,19923,53412
22,73357,6,0.0,2380,19923,53434
47,73404,6,0.0,2381,19923,53481
36,73440,6,0.0,2382,19923,53517
19,73459,6,0.0,2383,19923,53536
22,73481,6,0.0,2384,19923,53558
10,73491,6,0.0,2385,19923,53568
16,73507,6,0.0,2386,19923,53584
87,73594,6,0.0,2387,19923,53671
35,73629,6,0.0,2388,19923,53706
17,73646,6,0.0,2389,19923,53723
6,73652,6,0.0,2390,19923,53729
19,73671,6,0.0,2391,19923,53748
8,73679,6,0.0,2392,19923,53756
18,73697,6,0.0,2393,19923,53774
100,73797,6,0.0,2394,19923,53874
34,73831,6,0.0,2395,19923,53908
32,73863,6,0.0,2396,19923,53940
12,73875,6,0.0,2397,19923,53952
36,73911,6,0.0,2398,19923,53988
15,73926,6,0.0,2399,19923,54003
29,73955,6,0.0,2400,19923,54032
17,73972,6,0.0,2401,19923,54049
43,74015,6,0.0,2402,19923,54092
17,74032,6,0.0,2403,19923,54109
97,74129,6,0.0,2404,19923,54206
68,74197,6,0.0,2405,19923,54274
9,74206,6,0.0,2406,19923,54283
35,74241,6,0.0,2407,19923,54318
23,74264,6,0.0,2408,19923,54341
8,74272,6,0.0,2409,19923,54349
36,74308,6,0.0,2410,19923,54385
38,74346,6,0.0,2411,19923,54423
44,74390,7,1.0,2412,19923,54467
47,74437,7,0.0,2413,19923,54514
26,74463,7,0.0,2414,19923,54540
26,74489,7,0.0,2415,19923,54566
27,74516,7,0.0,2416,19923,54593
15,74531,7,0.0,2417,19923,54608
53,74584,7,0.0,2418,19923,54661
43,74627,7,0.0,2419,19923,54704
20,74647,7,0.0,2420,19923,54724
51,74698,7,0.0,2421,19923,54775
32,74730,7,0.0,2422,19923,54807
62,74792,7,0.0,2423,19923,54869
24,74816,7,0.0,2424,19923,54893
20,74836,7,0.0,2425,19923,54913
83,74919,7,0.0,2426,19923,54996
61,74980,7,0.0,2427,19923,55057
31,75011,7,0.0,2428,19923,55088
44,75055,7,0.0,2429,19923,55132
58,75113,7,0.0,2430,19923,55190
69,75182,7,0.0,2431,19923,55259
21,75203,7,0.0,2432,19923,55280
20,75223,7,0.0,2433,19923,55300
6,75229,7,0.0,2434,19923,55306
36,75265,7,0.0,2435,19923,55342
81,75346,7,0.0,2436,19923,55423
58,75404,7,0.0,2437,19923,55481
58,75462,7,0.0,2438,19923,55539
13,75475,7,0.0,2439,19923,55552
15,75490,7,0.0,2440,19923,55567
23,75513,7,0.0,2441,19923,55590
20,75533,7,0.0,2442,19923,55610
51,75584,7,0.0,2443,19923,55661
16,75600,7,0.0,2444,19923,55677
33,75633,7,0.0,2445,19923,55710
61,75694,7,0.0,2446,19923,55771
17,75711,7,0.0,2447,19923,55788
27,75738,7,0.0,2448,19923,55815
59,75797,7,0.0,2449,19923,55874
23,75820,7,0.0,2450,19923,55897
15,75835,7,0.0,2451,19923,55912
78,75913,7,0.0,2452,19923,55990
23,75936,7,0.0,2453,19923,56013
37,75973,7,0.0,2454,19923,56050
9,75982,7,0.0,2455,19923,56059
13,75995,7,0.0,2456,19923,56072
100,76095,7,0.0,2457,19923,56172
26,76121,7,0.0,2458,19923,56198
24,76145,7,0.0,2459,19923,56222
20,76165,7,0.0,2460,19923,56242
32,76197,7,0.0,2461,19923,56274
20,76217,7,0.0,2462,19923,56294
9,76226,7,0.0,2463,19923,56303
47,76273,7,0.0,2464,19923,56350
14,76287,7,0.0,2465,19923,56364
42,76329,7,0.0,2466,19923,56406
60,76389,7,0.0,2467,19923,56466
64,76453,7,0.0,2468,19923,56530
36,76489,7,0.0,2469,19923,56566
12,76501,7,0.0,2470,19923,56578
27,76528,7,0.0,2471,19923,56605
13,76541,7,0.0,2472,19923,56618
39,76580,7,0.0,2473,19923,56657
25,76605,7,0.0,2474,19923,56682
34,76639,7,0.0,2475,19923,56716
70,76709,7,0.0,2476,19923,56786
43,76752,7,0.0,2477,19923,56829
19,76771,7,0.0,2478,19923,56848
23,76794,7,0.0,2479,19923,56871
24,76818,7,0.0,2480,19923,56895
22,76840,7,0.0,2481,19923,56917
29,76869,7,0.0,2482,19923,56946
31,76900,7,0.0,2483,19923,56977
22,76922,7,0.0,2484,19923,56999
48,76970,7,0.0,2485,19923,57047
22,76992,7,0.0,2486,19923,57069
39,77031,7,0.0,2487,19923,57108
16,77047,7,0.0,2488,19923,57124
37,77084,7,0.0,2489,19923,57161
29,77113,7,0.0,2490,19923,57190
22,77135,7,0.0,2491,19923,57212
14,77149,7,0.0,2492,19923,57226
24,77173,7,0.0,2493,19923,57250
12,77185,7,0.0,2494,19923,57262
41,77226,7,0.0,2495,19923,57303
21,77247,7,0.0,2496,19923,57324
46,77293,7,0.0,2497,19923,57370
51,77344,7,0.0,2498,19923,57421
15,77359,7,0.0,2499,19923,57436
34,77393,7,0.0,2500,19923,57470
33,77426,7,0.0,2501,19923,57503
69,77495,7,0.0,2502,19923,57572
35,77530,7,0.0,2503,19923,57607
54,77584,7,0.0,2504,19923,57661
53,77637,7,0.0,2505,19923,57714
20,77657,7,0.0,2506,19923,57734
100,77757,7,0.0,2507,19923,57834
16,77773,7,0.0,2508,19923,57850
11,77784,7,0.0,2509,19923,57861
13,77797,7,0.0,2510,19923,57874
34,77831,7,0.0,2511,19923,57908
7,77838,7,0.0,2512,19923,57915
33,77871,7,0.0,2513,19923,57948
42,77913,7,0.0,2514,19923,57990
47,77960,7,0.0,2515,19923,58037
20,77980,7,0.0,2516,19923,58057
64,78044,7,0.0,2517,19923,58121
53,78097,7,0.0,2518,19923,58174
56,78153,7,0.0,2519,19923,58230
13,78166,7,0.0,2520,19923,58243
50,78216,7,0.0,2521,19923,58293
5,78221,7,0.0,2522,19923,58298
54,78275,7,0.0,2523,19923,58352
15,78290,7,0.0,2524,19923,58367
71,78361,7,0.0,2525,19923,58438
39,78400,7,0.0,2526,19923,58477
15,78415,7,0.0,2527,19923,58492
32,78447,7,0.0,2528,19923,58524
16,78463,7,0.0,2529,19923,58540
26,78489,7,0.0,2530,19923,58566
27,78516,7,0.0,2531,19923,58593
19,78535,7,0.0,2532,19923,58612
78,78613,7,0.0,2533,19923,58690
32,78645,7,0.0,2534,19923,58722
13,78658,7,0.0,2535,19923,58735
13,78671,7,0.0,2536,19923,58748
47,78718,7,0.0,2537,19923,58795
45,78763,7,0.0,2538,19923,58840
25,78788,7,0.0,2539,19923,58865
28,78816,7,0.0,2540,19923,58893
27,78843,7,0.0,2541,19923,58920
24,78867,7,0.0,2542,19923,58944
33,78900,7,0.0,2543,19923,58977
12,78912,7,0.0,2544,19923,58989
40,78952,7,0.0,2545,19923,59029
10,78962,7,0.0,2546,19923,59039
19,78981,7,0.0,2547,19923,59058
18,78999,7,0.0,2548,19923,59076
42,79041,7,0.0,2549,19923,59118
56,79097,7,0.0,2550,19923,59174
30,79127,7,0.0,2551,19923,59204
22,79149,7,0.0,2552,19923,59226
29,79178,7,0.0,2553,19923,59255
55,79233,7,0.0,2554,19923,59310
5,79238,7,0.0,2555,19923,59315
67,79305,7,0.0,2556,19923,59382
43,79348,7,0.0,2557,19923,59425
26,79374,7,0.0,2558,19923,59451
84,79458,7,0.0,2559,19923,59535
100,79558,7,0.0,2560,19923,59635
19,79577,7,0.0,2561,19923,59654
67,79644,7,0.0,2562,19923,59721
24,79668,7,0.0,2563,19923,59745
30,79698,7,0.0,2564,19923,59775
9,79707,7,0.0,2565,19923,59784
11,79718,7,0.0,2566,19923,59795
26,79744,7,0.0,2567,19923,59821
26,79770,7,0.0,2568,19923,59847
13,79783,7,0.0,2569,19923,59860
16,79799,7,0.0,2570,19923,59876
24,79823,7,0.0,2571,19923,59900
18,79841,7,0.0,2572,19923,59918
60,79901,7,0.0,2573,19923,59978
44,79945,7,0.0,2574,19923,60022
16,79961,7,0.0,2575,19923,60038
20,79981,7,0.0,2576,19923,60058
30,80011,7,0.0,2577,19923,60088
27,80038,7,0.0,2578,19923,60115
7,80045,7,0.0,2579,19923,60122
26,80071,7,0.0,2580,19923,60148
81,80152,7,0.0,2581,19923,60229
15,80167,7,0.0,2582,19923,60244
43,80210,7,0.0,2583,19923,60287
37,80247,7,0.0,2584,19923,60324
20,80267,7,0.0,2585,19923,60344
49,80316,7,0.0,2586,19923,60393
11,80327,7,0.0,2587,19923,60404
9,80336,7,0.0,2588,19923,60413
46,80382,7,0.0,2589,19923,60459
44,80426,7,0.0,2590,19923,60503
79,80505,7,0.0,2591,19923,60582
5,80510,7,0.0,2592,19923,60587
20,80530,7,0.0,2593,19923,60607
12,80542,7,0.0,2594,19923,60619
45,80587,7,0.0,2595,19923,60664
19,80606,7,0.0,2596,19923,60683
29,80635,7,0.0,2597,19923,60712
18,80653,7,0.0,2598,19923,60730
6,80659,7,0.0,2599,19923,60736
9,80668,7,0.0,2600,19923,60745
27,80695,7,0.0,2601,19923,60772
21,80716,7,0.0,2602,19923,60793
15,80731,7,0.0,2603,19923,60808
25,80756,7,0.0,2604,19923,60833
61,80817,7,0.0,2605,19923,60894
100,80917,7,0.0,2606,19923,60994
42,80959,7,0.0,2607,19923,61036
41,81000,7,0.0,2608,19923,61077
25,81025,7,0.0,2609,19923,61102
28,81053,7,0.0,2610,19923,61130
22,81075,7,0.0,2611,19923,61152
20,81095,7,0.0,2612,19923,61172
35,81130,7,0.0,2613,19923,61207
6,81136,7,0.0,2614,19923,61213
27,81163,7,0.0,2615,19923,61240
9,81172,7,0.0,2616,19923,61249
18,81190,7,0.0,2617,19923,61267
46,81236,7,0.0,2618,19923,61313
7,81243,7,0.0,2619,19923,61320
24,81267,7,0.0,2620,19923,61344
25,81292,7,0.0,2621,19923,61369
51,81343,7,0.0,2622,19923,61420
14,81357,7,0.0,2623,19923,61434
29,81386,7,0.0,2624,19923,61463
31,81417,7,0.0,2625,19923,61494
61,81478,7,0.0,2626,19923,61555
25,81503,7,0.0,2627,19923,61580
14,81517,7,0.0,2628,19923,61594
100,81617,7,0.0,2629,19923,61694
25,81642,7,0.0,2630,19923,61719
40,81682,7,0.0,2631,19923,61759
13,81695,7,0.0,2632,19923,61772
42,81737,7,0.0,2633,19923,61814
17,81754,7,0.0,2634,19923,61831
27,81781,7,0.0,2635,19923,61858
36,81817,7,0.0,2636,19923,61894
33,81850,7,0.0,2637,19923,61927
42,81892,7,0.0,2638,19923,61969
74,81966,7,0.0,2639,19923,62043
50,82016,7,0.0,2640,19923,62093
26,82042,7,0.0,2641,19923,62119
19,82061,7,0.0,2642,19923,62138
16,82077,7,0.0,2643,19923,62154
5,82082,7,0.0,2644,19923,62159
32,82114,7,0.0,2645,19923,62191
20,82134,7,0.0,2646,19923,62211
19,82153,7,0.0,2647,19923,62230
52,82205,7,0.0,2648,19923,62282
19,82224,7,0.0,2649,19923,62301
31,82255,7,0.0,2650,19923,62332
9,82264,7,0.0,2651,19923,62341
23,82287,7,0.0,2652,19923,62364
86,82373,7,0.0,2653,19923,62450
9,82382,7,0.0,2654,19923,62459
57,82439,7,0.0,2655,19923,62516
25,82464,7,0.0,2656,19923,62541
93,82557,7,0.0,2657,19923,62634
53,82610,7,0.0,2658,19923,62687
19,82629,7,0.0,2659,19923,62706
23,82652,7,0.0,2660,19923,62729
40,82692,7,0.0,2661,19923,62769
18,82710,7,0.0,2662,19923,62787
63,82773,8,1.0,2663,19923,62850
30,82803,8,0.0,2664,19923,62880
21,82824,8,0.0,2665,19923,62901
56,82880,8,0.0,2666,19923,62957
17,82897,8,0.0,2667,19923,62974
15,82912,8,0.0,2668,19923,62989
37,82949,8,0.0,2669,19923,63026
24,82973,8,0.0,2670,19923,63050
51,83024,8,0.0,2671,19923,63101
36,83060,8,0.0,2672,19923,63137
9,83069,8,0.0,2673,19923,63146
19,83088,8,0.0,2674,19923,63165
31,83119,8,0.0,2675,19923,63196
20,83139,8,0.0,2676,19923,63216
100,83239,8,0.0,2677,19923,63316
15,83254,8,0.0,2678,19923,63331
24,83278,8,0.0,2679,19923,63355
12,83290,8,0.0,2680,19923,63367
63,83353,9,1.0,2681,19923,63430
32,83385,9,0.0,2682,19923,63462
42,83427,9,0.0,2683,19923,63504
10,83437,9,0.0,2684,19923,63514
34,83471,9,0.0,2685,19923,63548
51,83522,9,0.0,2686,19923,63599
28,83550,9,0.0,2687,19923,63627
32,83582,9,0.0,2688,19923,63659
47,83629,9,0.0,2689,19923,63706
38,83667,9,0.0,2690,19923,63744
13,83680,9,0.0,2691,19923,63757
32,83712,9,0.0,2692,19923,63789
16,83728,9,0.0,2693,19923,63805
28,83756,9,0.0,2694,19923,63833
56,83812,9,0.0,2695,19923,63889
14,83826,9,0.0,2696,19923,63903
6,83832,9,0.0,2697,19923,63909
11,83843,9,0.0,2698,19923,63920
38,83881,9,0.0,2699,19923,63958
49,83930,9,0.0,2700,19923,64007
29,83959,9,0.0,2701,19923,64036
21,83980,9,0.0,2702,19923,64057
22,84002,9,0.0,2703,19923,64079
56,84058,9,0.0,2704,19923,64135
19,84077,9,0.0,2705,19923,64154
9,84086,9,0.0,2706,19923,64163
22,84108,9,0.0,2707,19923,64185
32,84140,9,0.0,2708,19923,64217
36,84176,9,0.0,2709,19923,64253
27,84203,9,0.0,2710,19923,64280
43,84246,10,1.0,2711,19923,64323
70,84316,10,0.0,2712,19923,64393
18,84334,10,0.0,2713,19923,64411
16,84350,10,0.0,2714,19923,64427
15,84365,10,0.0,2715,19923,64442
23,84388,10,0.0,2716,19923,64465
43,84431,10,0.0,2717,19923,64508
37,84468,10,0.0,2718,19923,64545
11,84479,10,0.0,2719,19923,64556
25,84504,10,0.0,2720,19923,64581
12,84516,10,0.0,2721,19923,64593
9,84525,10,0.0,2722,19923,64602
46,84571,10,0.0,2723,19923,64648
100,84671,10,0.0,2724,19923,64748
53,84724,10,0.0,2725,19923,64801
67,84791,10,0.0,2726,19923,64868
20,84811,10,0.0,2727,19923,64888
10,84821,10,0.0,2728,19923,64898
26,84847,10,0.0,2729,19923,64924
6,84853,10,0.0,2730,19923,64930
48,84901,10,0.0,2731,19923,64978
55,84956,10,0.0,2732,19923,65033
19,84975,10,0.0,2733,19923,65052
7,84982,10,0.0,2734,19923,65059
29,85011,10,0.0,2735,19923,65088
25,85036,10,0.0,2736,19923,65113
69,85105,10,0.0,2737,19923,65182
33,85138,10,0.0,2738,19923,65215
27,85165,10,0.0,2739,19923,65242
34,85199,10,0.0,2740,19923,65276
71,85270,10,0.0,2741,19923,65347
21,85291,10,0.0,2742,19923,65368
17,85308,10,0.0,2743,19923,65385
13,85321,10,0.0,2744,19923,65398
70,85391,10,0.0,2745,19923,65468
8,85399,10,0.0,2746,19923,65476
18,85417,10,0.0,2747,19923,65494
14,85431,10,0.0,2748,19923,65508
66,85497,10,0.0,2749,19923,65574
33,85530,10,0.0,2750,19923,65607
39,85569,10,0.0,2751,19923,65646
29,85598,10,0.0,2752,19923,65675
13,85611,10,0.0,2753,19923,65688
53,85664,10,0.0,2754,19923,65741
32,85696,10,0.0,2755,19923,65773
21,85717,10,0.0,2756,19923,65794
97,85814,10,0.0,2757,19923,65891
65,85879,10,0.0,2758,19923,65956
50,85929,10,0.0,2759,19923,66006
24,85953,10,0.0,2760,19923,66030
10,85963,10,0.0,2761,19923,66040
40,86003,10,0.0,2762,19923,66080
19,86022,10,0.0,2763,19923,66099
31,86053,10,0.0,2764,19923,66130
28,86081,10,0.0,2765,19923,66158
48,86129,10,0.0,2766,19923,66206
34,86163,10,0.0,2767,19923,66240
41,86204,10,0.0,2768,19923,66281
8,86212,10,0.0,2769,19923,66289
31,86243,10,0.0,2770,19923,66320
42,86285,10,0.0,2771,19923,66362
31,86316,10,0.0,2772,19923,66393
27,86343,10,0.0,2773,19923,66420
33,86376,10,0.0,2774,19923,66453
15,86391,10,0.0,2775,19923,66468
30,86421,10,0.0,2776,19923,66498
66,86487,10,0.0,2777,19923,66564
89,86576,10,0.0,2778,19923,66653
100,86676,10,0.0,2779,19923,66753
54,86730,10,0.0,2780,19923,66807
19,86749,10,0.0,2781,19923,66826
17,86766,10,0.0,2782,19923,66843
16,86782,10,0.0,2783,19923,66859
18,86800,10,0.0,2784,19923,66877
51,86851,10,0.0,2785,19923,66928
57,86908,10,0.0,2786,19923,66985
20,86928,10,0.0,2787,19923,67005
27,86955,10,0.0,2788,19923,67032
15,86970,10,0.0,2789,19923,67047
13,86983,10,0.0,2790,19923,67060
35,87018,10,0.0,2791,19923,67095
10,87028,10,0.0,2792,19923,67105
57,87085,10,0.0,2793,19923,67162
7,87092,10,0.0,2794,19923,67169
8,87100,10,0.0,2795,19923,67177
22,87122,10,0.0,2796,19923,67199
15,87137,10,0.0,2797,19923,67214
57,87194,10,0.0,2798,19923,67271
8,87202,10,0.0,2799,19923,67279
19,87221,10,0.0,2800,19923,67298
49,87270,10,0.0,2801,19923,67347
37,87307,10,0.0,2802,19923,67384
25,87332,10,0.0,2803,19923,67409
7,87339,10,0.0,2804,19923,67416
42,87381,10,0.0,2805,19923,67458
19,87400,10,0.0,2806,19923,67477
58,87458,10,0.0,2807,19923,67535
42,87500,10,0.0,2808,19923,67577
9,87509,10,0.0,2809,19923,67586
65,87574,10,0.0,2810,19923,67651
21,87595,10,0.0,2811,19923,67672
10,87605,10,0.0,2812,19923,67682
19,87624,10,0.0,2813,19923,67701
54,87678,10,0.0,2814,19923,67755
11,87689,10,0.0,2815,19923,67766
100,87789,10,0.0,2816,19923,67866
27,87816,10,0.0,2817,19923,67893
22,87838,10,0.0,2818,19923,67915
30,87868,11,1.0,2819,19923,67945
64,87932,11,0.0,2820,19923,68009
37,87969,11,0.0,2821,19923,68046
19,87988,11,0.0,2822,19923,68065
18,88006,11,0.0,2823,19923,68083
49,88055,11,0.0,2824,19923,68132
28,88083,11,0.0,2825,19923,68160
19,88102,11,0.0,2826,19923,68179
30,88132,11,0.0,2827,19923,68209
45,88177,11,0.0,2828,19923,68254
18,88195,11,0.0,2829,19923,68272
10,88205,11,0.0,2830,19923,68282
24,88229,11,0.0,2831,19923,68306
95,88324,11,0.0,2832,19923,68401
100,88424,11,0.0,2833,19923,68501
51,88475,11,0.0,2834,19923,68552
7,88482,11,0.0,2835,19923,68559
41,88523,11,0.0,2836,19923,68600
33,88556,11,0.0,2837,19923,68633
37,88593,11,0.0,2838,19923,68670
40,88633,11,0.0,2839,19923,68710
25,88658,11,0.0,2840,19923,68735
9,88667,11,0.0,2841,19923,68744
64,88731,11,0.0,2842,19923,68808
40,88771,11,0.0,2843,19923,68848
35,88806,11,0.0,2844,19923,68883
100,88906,11,0.0,2845,19923,68983
5,88911,11,0.0,2846,19923,68988
7,88918,11,0.0,2847,19923,68995
45,88963,11,0.0,2848,19923,69040
16,88979,11,0.0,2849,19923,69056
7,88986,11,0.0,2850,19923,69063
53,89039,11,0.0,2851,19923,69116
15,89054,11,0.0,2852,19923,69131
42,89096,11,0.0,2853,19923,69173
21,89117,11,0.0,2854,19923,69194
31,89148,11,0.0,2855,19923,69225
60,89208,11,0.0,2856,19923,69285
36,89244,11,0.0,2857,19923,69321
7,89251,11,0.0,2858,19923,69328
16,89267,11,0.0,2859,19923,69344
100,89367,11,0.0,2860,19923,69444
14,89381,11,0.0,2861,19923,69458
17,89398,11,0.0,2862,19923,69475
15,89413,11,0.0,2863,19923,69490
19,89432,11,0.0,2864,19923,69509
15,89447,11,0.0,2865,19923,69524
29,89476,11,0.0,2866,19923,69553
27,89503,11,0.0,2867,19923,69580
9,89512,11,0.0,2868,19923,69589
7,89519,11,0.0,2869,19923,69596
21,89540,11,0.0,2870,19923,69617
14,89554,11,0.0,2871,19923,69631
16,89570,11,0.0,2872,19923,69647
30,89600,11,0.0,2873,19923,69677
17,89617,11,0.0,2874,19923,69694
20,89637,11,0.0,2875,19923,69714
100,89737,11,0.0,2876,19923,69814
23,89760,11,0.0,2877,19923,69837
31,89791,11,0.0,2878,19923,69868
40,89831,11,0.0,2879,19923,69908
57,89888,11,0.0,2880,19923,69965
14,89902,11,0.0,2881,19923,69979
30,89932,11,0.0,2882,19923,70009
22,89954,11,0.0,2883,19923,70031
9,89963,11,0.0,2884,19923,70040
43,90006,11,0.0,2885,19923,70083
44,90050,11,0.0,2886,19923,70127
34,90084,11,0.0,2887,19923,70161
61,90145,11,0.0,2888,19923,70222
36,90181,11,0.0,2889,19923,70258
23,90204,11,0.0,2890,19923,70281
51,90255,11,0.0,2891,19923,70332
29,90284,11,0.0,2892,19923,70361
34,90318,11,0.0,2893,19923,70395
31,90349,11,0.0,2894,19923,70426
54,90403,11,0.0,2895,19923,70480
19,90422,11,0.0,2896,19923,70499
21,90443,11,0.0,2897,19923,70520
7,90450,11,0.0,2898,19923,70527
26,90476,11,0.0,2899,19923,70553
25,90501,11,0.0,2900,19923,70578
14,90515,11,0.0,2901,19923,70592
19,90534,11,0.0,2902,19923,70611
18,90552,11,0.0,2903,19923,70629
26,90578,11,0.0,2904,19923,70655
13,90591,11,0.0,2905,19923,70668
13,90604,11,0.0,2906,19923,70681
28,90632,11,0.0,2907,19923,70709
16,90648,11,0.0,2908,19923,70725
7,90655,11,0.0,2909,19923,70732
14,90669,11,0.0,2910,19923,70746
18,90687,11,0.0,2911,19923,70764
79,90766,11,0.0,2912,19923,70843
33,90799,11,0.0,2913,19923,70876
65,90864,11,0.0,2914,19923,70941
23,90887,11,0.0,2915,19923,70964
6,90893,11,0.0,2916,19923,70970
39,90932,11,0.0,2917,19923,71009
14,90946,11,0.0,2918,19923,71023
13,90959,11,0.0,2919,19923,71036
22,90981,11,0.0,2920,19923,71058
25,91006,11,0.0,2921,19923,71083
84,91090,11,0.0,2922,19923,71167
89,91179,11,0.0,2923,19923,71256
9,91188,11,0.0,2924,19923,71265
10,91198,11,0.0,2925,19923,71275
27,91225,11,0.0,2926,19923,71302
30,91255,11,0.0,2927,19923,71332
44,91299,11,0.0,2928,19923,71376
32,91331,11,0.0,2929,19923,71408
10,91341,11,0.0,2930,19923,71418
30,91371,11,0.0,2931,19923,71448
7,91378,11,0.0,2932,19923,71455
27,91405,11,0.0,2933,19923,71482
9,91414,11,0.0,2934,19923,71491
53,91467,11,0.0,2935,19923,71544
34,91501,11,0.0,2936,19923,71578
9,91510,11,0.0,2937,19923,71587
40,91550,11,0.0,2938,19923,71627
24,91574,11,0.0,2939,19923,71651
24,91598,11,0.0,2940,19923,71675
35,91633,11,0.0,2941,19923,71710
18,91651,11,0.0,2942,19923,71728
83,91734,11,0.0,2943,19923,71811
49,91783,12,1.0,2944,19923,71860
56,91839,12,0.0,2945,19923,71916
42,91881,12,0.0,2946,19923,71958
13,91894,12,0.0,2947,19923,71971
22,91916,12,0.0,2948,19923,71993
64,91980,12,0.0,2949,19923,72057
13,91993,12,0.0,2950,19923,72070
6,91999,12,0.0,2951,19923,72076
18,92017,12,0.0,2952,19923,72094
20,92037,12,0.0,2953,19923,72114
77,92114,12,0.0,2954,19923,72191
32,92146,12,0.0,2955,19923,72223
43,92189,12,0.0,2956,19923,72266
11,92200,12,0.0,2957,19923,72277
29,92229,12,0.0,2958,19923,72306
10,92239,12,0.0,2959,19923,72316
21,92260,12,0.0,2960,19923,72337
37,92297,12,0.0,2961,19923,72374
25,92322,12,0.0,2962,19923,72399
71,92393,12,0.0,2963,19923,72470
15,92408,12,0.0,2964,19923,72485
21,92429,12,0.0,2965,19923,72506
100,92529,12,0.0,2966,19923,72606
15,92544,12,0.0,2967,19923,72621
29,92573,12,0.0,2968,19923,72650
36,92609,12,0.0,2969,19923,72686
11,92620,12,0.0,2970,19923,72697
35,92655,12,0.0,2971,19923,72732
53,92708,12,0.0,2972,19923,72785
41,92749,12,0.0,2973,19923,72826
30,92779,12,0.0,2974,19923,72856
26,92805,12,0.0,2975,19923,72882
17,92822,12,0.0,2976,19923,72899
60,92882,12,0.0,2977,19923,72959
18,92900,12,0.0,2978,19923,72977
10,92910,12,0.0,2979,19923,72987
21,92931,12,0.0,2980,19923,73008
9,92940,12,0.0,2981,19923,73017
9,92949,12,0.0,2982,19923,73026
9,92958,12,0.0,2983,19923,73035
31,92989,12,0.0,2984,19923,73066
17,93006,12,0.0,2985,19923,73083
29,93035,12,0.0,2986,19923,73112
7,93042,12,0.0,2987,19923,73119
82,93124,12,0.0,2988,19923,73201
56,93180,12,0.0,2989,19923,73257
15,93195,12,0.0,2990,19923,73272
23,93218,12,0.0,2991,19923,73295
21,93239,12,0.0,2992,19923,73316
18,93257,12,0.0,2993,19923,73334
23,93280,12,0.0,2994,19923,73357
59,93339,12,0.0,2995,19923,73416
73,93412,12,0.0,2996,19923,73489
10,93422,12,0.0,2997,19923,73499
29,93451,12,0.0,2998,19923,73528
15,93466,12,0.0,2999,19923,73543
43,93509,12,0.0,3000,19923,73586
43,93552,12,0.0,3001,19923,73629
17,93569,12,0.0,3002,19923,73646
30,93599,12,0.0,3003,19923,73676
20,93619,12,0.0,3004,19923,73696
71,93690,12,0.0,3005,19923,73767
31,93721,12,0.0,3006,19923,73798
79,93800,12,0.0,3007,19923,73877
12,93812,12,0.0,3008,19923,73889
9,93821,12,0.0,3009,19923,73898
24,93845,12,0.0,3010,19923,73922
12,93857,12,0.0,3011,19923,73934
61,93918,12,0.0,3012,19923,73995
42,93960,12,0.0,3013,19923,74037
15,93975,12,0.0,3014,19923,74052
68,94043,12,0.0,3015,19923,74120
100,94143,12,0.0,3016,19923,74220
11,94154,12,0.0,3017,19923,74231
39,94193,12,0.0,3018,19923,74270
31,94224,12,0.0,3019,19923,74301
7,94231,12,0.0,3020,19923,74308
21,94252,12,0.0,3021,19923,74329
20,94272,12,0.0,3022,19923,74349
9,94281,12,0.0,3023,19923,74358
26,94307,12,0.0,3024,19923,74384
100,94407,12,0.0,3025,19923,74484
38,94445,12,0.0,3026,19923,74522
23,94468,12,0.0,3027,19923,74545
8,94476,12,0.0,3028,19923,74553
18,94494,12,0.0,3029,19923,74571
25,94519,12,0.0,3030,19923,74596
75,94594,12,0.0,3031,19923,74671
51,94645,12,0.0,3032,19923,74722
40,94685,12,0.0,3033,19923,74762
14,94699,12,0.0,3034,19923,74776
10,94709,12,0.0,3035,19923,74786
52,94761,12,0.0,3036,19923,74838
27,94788,12,0.0,3037,19923,74865
40,94828,12,0.0,3038,19923,74905
7,94835,12,0.0,3039,19923,74912
12,94847,12,0.0,3040,19923,74924
30,94877,12,0.0,3041,19923,74954
56,94933,12,0.0,3042,19923,75010
20,94953,12,0.0,3043,19923,75030
18,94971,12,0.0,3044,19923,75048
15,94986,12,0.0,3045,19923,75063
70,95056,12,0.0,3046,19923,75133
20,95076,12,0.0,3047,19923,75153
14,95090,12,0.0,3048,19923,75167
22,95112,12,0.0,3049,19923,75189
62,95174,12,0.0,3050,19923,75251
33,95207,12,0.0,3051,19923,75284
30,95237,12,0.0,3052,19923,75314
14,95251,12,0.0,3053,19923,75328
10,95261,12,0.0,3054,19923,75338
19,95280,12,0.0,3055,19923,75357
14,95294,12,0.0,3056,19923,75371
39,95333,12,0.0,3057,19923,75410
19,95352,12,0.0,3058,19923,75429
17,95369,12,0.0,3059,19923,75446
27,95396,12,0.0,3060,19923,75473
14,95410,12,0.0,3061,19923,75487
16,95426,12,0.0,3062,19923,75503
30,95456,12,0.0,3063,19923,75533
51,95507,12,0.0,3064,19923,75584
34,95541,12,0.0,3065,19923,75618
37,95578,12,0.0,3066,19923,75655
25,95603,12,0.0,3067,19923,75680
5,95608,12,0.0,3068,19923,75685
45,95653,12,0.0,3069,19923,75730
9,95662,12,0.0,3070,19923,75739
17,95679,12,0.0,3071,19923,75756
17,95696,12,0.0,3072,19923,75773
29,95725,12,0.0,3073,19923,75802
9,95734,12,0.0,3074,19923,75811
70,95804,12,0.0,3075,19923,75881
10,95814,12,0.0,3076,19923,75891
29,95843,12,0.0,3077,19923,75920
12,95855,12,0.0,3078,19923,75932
27,95882,12,0.0,3079,19923,75959
28,95910,12,0.0,3080,19923,75987
12,95922,12,0.0,3081,19923,75999
31,95953,12,0.0,3082,19923,76030
17,95970,12,0.0,3083,19923,76047
40,96010,12,0.0,3084,19923,76087
23,96033,12,0.0,3085,19923,76110
31,96064,12,0.0,3086,19923,76141
65,96129,12,0.0,3087,19923,76206
24,96153,12,0.0,3088,19923,76230
56,96209,12,0.0,3089,19923,76286
31,96240,12,0.0,3090,19923,76317
57,96297,12,0.0,3091,19923,76374
42,96339,12,0.0,3092,19923,76416
63,96402,12,0.0,3093,19923,76479
74,96476,12,0.0,3094,19923,76553
25,96501,12,0.0,3095,19923,76578
35,96536,12,0.0,3096,19923,76613
10,96546,12,0.0,3097,19923,76623
100,96646,12,0.0,3098,19923,76723
15,96661,12,0.0,3099,19923,76738
46,96707,12,0.0,3100,19923,76784
14,96721,12,0.0,3101,19923,76798
28,96749,12,0.0,3102,19923,76826
44,96793,12,0.0,3103,19923,76870
57,96850,12,0.0,3104,19923,76927
68,96918,12,0.0,3105,19923,76995
56,96974,12,0.0,3106,19923,77051
5,96979,12,0.0,3107,19923,77056
9,96988,12,0.0,3108,19923,77065
19,97007,12,0.0,3109,19923,77084
26,97033,12,0.0,3110,19923,77110
72,97105,12,0.0,3111,19923,77182
11,97116,12,0.0,3112,19923,77193
82,97198,12,0.0,3113,19923,77275
8,97206,12,0.0,3114,19923,77283
35,97241,12,0.0,3115,19923,77318
30,97271,12,0.0,3116,19923,77348
100,97371,12,0.0,3117,19923,77448
11,97382,12,0.0,3118,19923,77459
42,97424,12,0.0,3119,19923,77501
84,97508,12,0.0,3120,19923,77585
54,97562,12,0.0,3121,19923,77639
100,97662,12,0.0,3122,19923,77739
11,97673,12,0.0,3123,19923,77750
49,97722,12,0.0,3124,19923,77799
42,97764,12,0.0,3125,19923,77841
37,97801,12,0.0,3126,19923,77878
16,97817,12,0.0,3127,19923,77894
98,97915,12,0.0,3128,19923,77992
22,97937,12,0.0,3129,19923,78014
100,98037,12,0.0,3130,19923,78114
38,98075,12,0.0,3131,19923,78152
9,98084,12,0.0,3132,19923,78161
17,98101,12,0.0,3133,19923,78178
26,98127,12,0.0,3134,19923,78204
43,98170,12,0.0,3135,19923,78247
27,98197,12,0.0,3136,19923,78274
28,98225,12,0.0,3137,19923,78302
28,98253,12,0.0,3138,19923,78330
17,98270,12,0.0,3139,19923,78347
27,98297,12,0.0,3140,19923,78374
23,98320,12,0.0,3141,19923,78397
9,98329,12,0.0,3142,19923,78406
35,98364,12,0.0,3143,19924,78440
17,98381,12,0.0,3144,19924,78457
5,98386,12,0.0,3145,19924,78462
22,98408,12,0.0,3146,19924,78484
80,98488,12,0.0,3147,19924,78564
28,98516,12,0.0,3148,19924,78592
9,98525,12,0.0,3149,19924,78601
42,98567,12,0.0,3150,19924,78643
19,98586,12,0.0,3151,19924,78662
26,98612,12,0.0,3152,19924,78688
56,98668,12,0.0,3153,19924,78744
27,98695,12,0.0,3154,19924,78771
12,98707,12,0.0,3155,19924,78783
35,98742,12,0.0,3156,19924,78818
100,98842,12,0.0,3157,19924,78918
25,98867,12,0.0,3158,19924,78943
19,98886,12,0.0,3159,19924,78962
25,98911,12,0.0,3160,19924,78987
9,98920,12,0.0,3161,19924,78996
23,98943,12,0.0,3162,19924,79019
21,98964,12,0.0,3163,19924,79040
41,99005,12,0.0,3164,19924,79081
100,99105,12,0.0,3165,19924,79181
41,99146,12,0.0,3166,19924,79222
13,99159,12,0.0,3167,19924,79235
16,99175,12,0.0,3168,19924,79251
82,99257,12,0.0,3169,19924,79333
21,99278,12,0.0,3170,19924,79354
19,99297,12,0.0,3171,19924,79373
14,99311,12,0.0,3172,19924,79387
12,99323,12,0.0,3173,19924,79399
16,99339,12,0.0,3174,19924,79415
60,99399,12,0.0,3175,19924,79475
12,99411,12,0.0,3176,19924,79487
62,99473,12,0.0,3177,19924,79549
23,99496,12,0.0,3178,19924,79572
8,99504,12,0.0,3179,19924,79580
12,99516,12,0.0,3180,19924,79592
20,99536,12,0.0,3181,19924,79612
42,99578,12,0.0,3182,19924,79654
15,99593,12,0.0,3183,19924,79669
33,99626,12,0.0,3184,19924,79702
7,99633,12,0.0,3185,19924,79709
9,99642,12,0.0,3186,19924,79718
10,99652,12,0.0,3187,19924,79728
19,99671,12,0.0,3188,19924,79747
29,99700,12,0.0,3189,19924,79776
11,99711,12,0.0,3190,19924,79787
9,99720,12,0.0,3191,19924,79796
24,99744,12,0.0,3192,19924,79820
72,99816,12,0.0,3193,19924,79892
22,99838,12,0.0,3194,19924,79914
59,99897,12,0.0,3195,19924,79973
43,99940,12,0.0,3196,19924,80016
19,99959,12,0.0,3197,19924,80035
20,99979,12,0.0,3198,19924,80055
