iteration,successes,successes_episode,reward_episode,episode_count,random_act,timestep
12,12,0,0.0,1,8,4
14,26,0,0.0,2,16,10
75,101,0,0.0,3,71,30
63,164,0,0.0,4,122,42
26,190,0,0.0,5,143,47
19,209,0,0.0,6,155,54
26,235,0,0.0,7,179,56
18,253,0,0.0,8,192,61
75,328,0,0.0,9,248,80
15,343,0,0.0,10,259,84
33,376,0,0.0,11,290,86
43,419,0,0.0,12,330,89
9,428,0,0.0,13,338,90
38,466,0,0.0,14,367,99
35,501,0,0.0,15,393,108
18,519,0,0.0,16,408,111
16,535,0,0.0,17,421,114
15,550,0,0.0,18,433,117
18,568,0,0.0,19,446,122
27,595,0,0.0,20,469,126
19,614,0,0.0,21,486,128
21,635,0,0.0,22,503,132
64,699,0,0.0,23,553,146
89,788,0,0.0,24,624,164
26,814,0,0.0,25,647,167
94,908,0,0.0,26,725,183
46,954,0,0.0,27,754,200
19,973,0,0.0,28,770,203
53,1026,0,0.0,29,815,211
63,1089,0,0.0,30,865,224
11,1100,0,0.0,31,872,228
18,1118,0,0.0,32,885,233
13,1131,0,0.0,33,897,234
26,1157,0,0.0,34,917,240
46,1203,0,0.0,35,954,249
31,1234,0,0.0,36,979,255
53,1287,0,0.0,37,1025,262
52,1339,0,0.0,38,1068,271
17,1356,0,0.0,39,1080,276
9,1365,0,0.0,40,1087,278
28,1393,0,0.0,41,1107,286
24,1417,0,0.0,42,1126,291
7,1424,0,0.0,43,1131,293
44,1468,0,0.0,44,1164,304
12,1480,0,0.0,45,1173,307
13,1493,0,0.0,46,1186,307
8,1501,0,0.0,47,1192,309
76,1577,0,0.0,48,1253,324
33,1610,0,0.0,49,1282,328
100,1710,0,0.0,50,1362,348
44,1754,0,0.0,51,1400,354
44,1798,0,0.0,52,1436,362
30,1828,0,0.0,53,1459,369
36,1864,0,0.0,54,1489,375
18,1882,0,0.0,55,1501,381
13,1895,0,0.0,56,1512,383
5,1900,0,0.0,57,1516,384
22,1922,0,0.0,58,1537,385
87,2009,0,0.0,59,1607,402
52,2061,0,0.0,60,1648,413
23,2084,0,0.0,61,1665,419
22,2106,0,0.0,62,1685,421
21,2127,0,0.0,63,1701,426
16,2143,0,0.0,64,1714,429
26,2169,0,0.0,65,1734,435
53,2222,0,0.0,66,1774,448
8,2230,0,0.0,67,1779,451
18,2248,0,0.0,68,1794,454
19,2267,0,0.0,69,1809,458
17,2284,0,0.0,70,1820,464
34,2318,0,0.0,71,1848,470
15,2333,0,0.0,72,1860,473
18,2351,0,0.0,73,1873,478
33,2384,0,0.0,74,1901,483
17,2401,0,0.0,75,1913,488
20,2421,0,0.0,76,1928,493
13,2434,0,0.0,77,1938,496
25,2459,0,0.0,78,1958,501
24,2483,0,0.0,79,1976,507
100,2583,0,0.0,80,2057,526
79,2662,0,0.0,81,2121,541
23,2685,0,0.0,82,2141,544
13,2698,0,0.0,83,2152,546
43,2741,0,0.0,84,2188,553
19,2760,0,0.0,85,2203,557
29,2789,0,0.0,86,2222,567
19,2808,0,0.0,87,2238,570
21,2829,0,0.0,88,2256,573
13,2842,0,0.0,89,2266,576
26,2868,0,0.0,90,2285,583
38,2906,0,0.0,91,2311,595
69,2975,0,0.0,92,2369,606
40,3015,0,0.0,93,2402,613
22,3037,0,0.0,94,2418,619
12,3049,0,0.0,95,2427,622
62,3111,0,0.0,96,2477,634
20,3131,0,0.0,97,2496,635
83,3214,0,0.0,98,2561,653
32,3246,0,0.0,99,2587,659
19,3265,0,0.0,100,2605,660
63,3328,0,0.0,101,2656,672
43,3371,0,0.0,102,2689,682
34,3405,0,0.0,103,2716,689
26,3431,0,0.0,104,2733,698
37,3468,0,0.0,105,2758,710
8,3476,0,0.0,106,2763,713
91,3567,0,0.0,107,2833,734
27,3594,0,0.0,108,2852,742
15,3609,0,0.0,109,2863,746
20,3629,0,0.0,110,2877,752
45,3674,0,0.0,111,2914,760
12,3686,0,0.0,112,2924,762
39,3725,0,0.0,113,2961,764
19,3744,0,0.0,114,2978,766
15,3759,0,0.0,115,2991,768
23,3782,0,0.0,116,3008,774
55,3837,0,0.0,117,3052,785
55,3892,0,0.0,118,3099,793
17,3909,0,0.0,119,3111,798
23,3932,0,0.0,120,3132,800
28,3960,0,0.0,121,3152,808
65,4025,0,0.0,122,3206,819
69,4094,0,0.0,123,3261,833
26,4120,0,0.0,124,3283,837
14,4134,0,0.0,125,3293,841
24,4158,0,0.0,126,3314,844
37,4195,0,0.0,127,3340,855
44,4239,0,0.0,128,3370,869
54,4293,0,0.0,129,3407,886
26,4319,0,0.0,130,3425,894
36,4355,0,0.0,131,3458,897
10,4365,0,0.0,132,3466,899
32,4397,0,0.0,133,3487,910
28,4425,0,0.0,134,3510,915
8,4433,0,0.0,135,3515,918
6,4439,0,0.0,136,3519,920
52,4491,0,0.0,137,3568,923
34,4525,0,0.0,138,3590,935
21,4546,0,0.0,139,3606,940
17,4563,0,0.0,140,3620,943
35,4598,0,0.0,141,3649,949
71,4669,0,0.0,142,3705,964
27,4696,0,0.0,143,3727,969
72,4768,0,0.0,144,3787,981
29,4797,0,0.0,145,3811,986
31,4828,0,0.0,146,3834,994
7,4835,0,0.0,147,3838,997
22,4857,0,0.0,148,3858,999
27,4884,0,0.0,149,3881,1003
60,4944,0,0.0,150,3921,1023
38,4982,0,0.0,151,3949,1033
13,4995,0,0.0,152,3960,1035
13,5008,0,0.0,153,3968,1040
12,5020,0,0.0,154,3979,1041
36,5056,0,0.0,155,4014,1042
76,5132,0,0.0,156,4080,1052
9,5141,0,0.0,157,4088,1053
14,5155,0,0.0,158,4099,1056
27,5182,0,0.0,159,4118,1064
11,5193,0,0.0,160,4127,1066
22,5215,0,0.0,161,4146,1069
9,5224,0,0.0,162,4153,1071
10,5234,0,0.0,163,4161,1073
29,5263,0,0.0,164,4185,1078
29,5292,0,0.0,165,4204,1088
10,5302,0,0.0,166,4212,1090
35,5337,0,0.0,167,4245,1092
7,5344,0,0.0,168,4252,1092
30,5374,0,0.0,169,4276,1098
12,5386,0,0.0,170,4284,1102
72,5458,0,0.0,171,4344,1114
48,5506,0,0.0,172,4389,1117
55,5561,0,0.0,173,4433,1128
29,5590,0,0.0,174,4457,1133
32,5622,0,0.0,175,4486,1136
20,5642,0,0.0,176,4500,1142
26,5668,0,0.0,177,4523,1145
44,5712,0,0.0,178,4559,1153
39,5751,0,0.0,179,4590,1161
27,5778,0,0.0,180,4615,1163
24,5802,0,0.0,181,4634,1168
13,5815,0,0.0,182,4644,1171
17,5832,0,0.0,183,4657,1175
26,5858,0,0.0,184,4680,1178
39,5897,0,0.0,185,4715,1182
17,5914,0,0.0,186,4727,1187
7,5921,0,0.0,187,4734,1187
19,5940,0,0.0,188,4750,1190
58,5998,0,0.0,189,4798,1200
56,6054,0,0.0,190,4842,1212
42,6096,0,0.0,191,4882,1214
22,6118,0,0.0,192,4902,1216
42,6160,0,0.0,193,4933,1227
7,6167,0,0.0,194,4940,1227
53,6220,0,0.0,195,4980,1240
28,6248,0,0.0,196,5004,1244
12,6260,0,0.0,197,5015,1245
15,6275,0,0.0,198,5028,1247
7,6282,0,0.0,199,5032,1250
17,6299,0,0.0,200,5048,1251
28,6327,0,0.0,201,5075,1252
15,6342,0,0.0,202,5089,1253
76,6418,0,0.0,203,5147,1271
29,6447,0,0.0,204,5170,1277
31,6478,0,0.0,205,5199,1279
25,6503,0,0.0,206,5222,1281
10,6513,0,0.0,207,5231,1282
9,6522,0,0.0,208,5238,1284
25,6547,0,0.0,209,5256,1291
29,6576,0,0.0,210,5280,1296
41,6617,0,0.0,211,5311,1306
39,6656,0,0.0,212,5343,1313
96,6752,0,0.0,213,5418,1334
19,6771,0,0.0,214,5434,1337
19,6790,0,0.0,215,5449,1341
48,6838,0,0.0,216,5491,1347
17,6855,0,0.0,217,5505,1350
24,6879,0,0.0,218,5523,1356
59,6938,0,0.0,219,5572,1366
13,6951,0,0.0,220,5582,1369
19,6970,0,0.0,221,5597,1373
23,6993,0,0.0,222,5618,1375
11,7004,0,0.0,223,5627,1377
15,7019,0,0.0,224,5637,1382
15,7034,0,0.0,225,5649,1385
25,7059,0,0.0,226,5667,1392
81,7140,0,0.0,227,5730,1410
10,7150,0,0.0,228,5740,1410
67,7217,0,0.0,229,5796,1421
23,7240,0,0.0,230,5813,1427
86,7326,0,0.0,231,5880,1446
27,7353,0,0.0,232,5904,1449
8,7361,0,0.0,233,5910,1451
23,7384,0,0.0,234,5930,1454
49,7433,0,0.0,235,5964,1469
54,7487,0,0.0,236,6003,1484
28,7515,0,0.0,237,6024,1491
53,7568,0,0.0,238,6067,1501
25,7593,0,0.0,239,6087,1506
24,7617,0,0.0,240,6108,1509
27,7644,0,0.0,241,6130,1514
31,7675,0,0.0,242,6154,1521
47,7722,0,0.0,243,6192,1530
14,7736,0,0.0,244,6204,1532
15,7751,0,0.0,245,6215,1536
31,7782,0,0.0,246,6239,1543
11,7793,0,0.0,247,6248,1545
27,7820,0,0.0,248,6270,1550
18,7838,0,0.0,249,6283,1555
17,7855,0,0.0,250,6293,1562
17,7872,0,0.0,251,6306,1566
21,7893,0,0.0,252,6325,1568
65,7958,0,0.0,253,6377,1581
28,7986,0,0.0,254,6399,1587
6,7992,0,0.0,255,6403,1589
18,8010,0,0.0,256,6418,1592
21,8031,0,0.0,257,6437,1594
34,8065,0,0.0,258,6467,1598
13,8078,0,0.0,259,6477,1601
29,8107,0,0.0,260,6498,1609
29,8136,0,0.0,261,6520,1616
43,8179,0,0.0,262,6549,1630
30,8209,0,0.0,263,6572,1637
88,8297,0,0.0,264,6636,1661
19,8316,0,0.0,265,6654,1662
22,8338,0,0.0,266,6674,1664
60,8398,0,0.0,267,6724,1674
27,8425,0,0.0,268,6742,1683
100,8525,0,0.0,269,6823,1702
22,8547,0,0.0,270,6839,1708
27,8574,0,0.0,271,6858,1716
100,8674,0,0.0,272,6938,1736
16,8690,0,0.0,273,6951,1739
30,8720,0,0.0,274,6976,1744
11,8731,0,0.0,275,6985,1746
22,8753,0,0.0,276,7002,1751
6,8759,0,0.0,277,7007,1752
29,8788,0,0.0,278,7031,1757
28,8816,0,0.0,279,7053,1763
19,8835,0,0.0,280,7068,1767
30,8865,0,0.0,281,7093,1772
56,8921,0,0.0,282,7141,1780
73,8994,0,0.0,283,7198,1796
96,9090,0,0.0,284,7270,1820
57,9147,0,0.0,285,7319,1828
54,9201,0,0.0,286,7366,1835
33,9234,0,0.0,287,7391,1843
24,9258,0,0.0,288,7411,1847
74,9332,0,0.0,289,7470,1862
14,9346,0,0.0,290,7483,1863
9,9355,0,0.0,291,7491,1864
32,9387,0,0.0,292,7519,1868
38,9425,0,0.0,293,7548,1877
10,9435,0,0.0,294,7558,1877
10,9445,0,0.0,295,7564,1881
10,9455,0,0.0,296,7572,1883
91,9546,0,0.0,297,7646,1900
13,9559,0,0.0,298,7659,1900
19,9578,0,0.0,299,7675,1903
46,9624,0,0.0,300,7715,1909
51,9675,0,0.0,301,7758,1917
43,9718,0,0.0,302,7784,1934
20,9738,0,0.0,303,7799,1939
32,9770,0,0.0,304,7826,1944
16,9786,0,0.0,305,7839,1947
10,9796,0,0.0,306,7847,1949
14,9810,0,0.0,307,7860,1950
30,9840,0,0.0,308,7884,1956
13,9853,0,0.0,309,7896,1957
29,9882,0,0.0,310,7917,1965
18,9900,0,0.0,311,7931,1969
40,9940,0,0.0,312,7964,1976
48,9988,0,0.0,313,8000,1988
83,10071,0,0.0,314,8071,2000
17,10088,0,0.0,315,8086,2002
10,10098,0,0.0,316,8094,2004
9,10107,0,0.0,317,8101,2006
36,10143,0,0.0,318,8131,2012
16,10159,0,0.0,319,8146,2013
89,10248,0,0.0,320,8215,2033
15,10263,0,0.0,321,8230,2033
18,10281,0,0.0,322,8248,2033
30,10311,0,0.0,323,8270,2041
13,10324,0,0.0,324,8280,2044
37,10361,0,0.0,325,8312,2049
37,10398,0,0.0,326,8340,2058
100,10498,0,0.0,327,8417,2081
8,10506,0,0.0,328,8424,2082
63,10569,0,0.0,329,8475,2094
25,10594,0,0.0,330,8494,2100
30,10624,0,0.0,331,8516,2108
5,10629,0,0.0,332,8520,2109
6,10635,0,0.0,333,8525,2110
8,10643,0,0.0,334,8532,2111
40,10683,0,0.0,335,8569,2114
15,10698,0,0.0,336,8580,2118
22,10720,0,0.0,337,8597,2123
13,10733,0,0.0,338,8609,2124
19,10752,0,0.0,339,8623,2129
42,10794,0,0.0,340,8656,2138
14,10808,0,0.0,341,8666,2142
66,10874,0,0.0,342,8722,2152
15,10889,0,0.0,343,8736,2153
14,10903,0,0.0,344,8745,2158
24,10927,0,0.0,345,8767,2160
19,10946,0,0.0,346,8781,2165
66,11012,1,1.0,347,8839,2173
18,11030,1,0.0,348,8844,2186
30,11060,1,0.0,349,8849,2211
32,11092,1,0.0,350,8852,2240
100,11192,1,0.0,351,8859,2333
20,11212,1,0.0,352,8860,2352
44,11256,1,0.0,353,8862,2394
14,11270,1,0.0,354,8863,2407
15,11285,1,0.0,355,8865,2420
21,11306,1,0.0,356,8866,2440
18,11324,1,0.0,357,8869,2455
19,11343,1,0.0,358,8871,2472
54,11397,1,0.0,359,8874,2523
25,11422,1,0.0,360,8876,2546
17,11439,1,0.0,361,8876,2563
7,11446,1,0.0,362,8876,2570
27,11473,1,0.0,363,8877,2596
29,11502,1,0.0,364,8878,2624
15,11517,1,0.0,365,8879,2638
28,11545,1,0.0,366,8880,2665
12,11557,1,0.0,367,8881,2676
18,11575,1,0.0,368,8881,2694
13,11588,1,0.0,369,8882,2706
11,11599,1,0.0,370,8883,2716
13,11612,1,0.0,371,8884,2728
6,11618,1,0.0,372,8884,2734
21,11639,1,0.0,373,8884,2755
10,11649,1,0.0,374,8885,2764
11,11660,1,0.0,375,8885,2775
25,11685,1,0.0,376,8889,2796
22,11707,1,0.0,377,8892,2815
33,11740,1,0.0,378,8893,2847
48,11788,1,0.0,379,8898,2890
19,11807,1,0.0,380,8900,2907
53,11860,1,0.0,381,8903,2957
15,11875,1,0.0,382,8905,2970
47,11922,1,0.0,383,8907,3015
34,11956,1,0.0,384,8910,3046
23,11979,1,0.0,385,8912,3067
10,11989,1,0.0,386,8912,3077
5,11994,1,0.0,387,8912,3082
7,12001,1,0.0,388,8912,3089
35,12036,1,0.0,389,8915,3121
19,12055,1,0.0,390,8917,3138
32,12087,1,0.0,391,8922,3165
39,12126,1,0.0,392,8927,3199
55,12181,1,0.0,393,8929,3252
12,12193,1,0.0,394,8929,3264
18,12211,1,0.0,395,8929,3282
36,12247,1,0.0,396,8936,3311
66,12313,1,0.0,397,8943,3370
39,12352,1,0.0,398,8948,3404
72,12424,1,0.0,399,8956,3468
6,12430,1,0.0,400,8956,3474
7,12437,1,0.0,401,8957,3480
27,12464,1,0.0,402,8960,3504
22,12486,1,0.0,403,8960,3526
17,12503,1,0.0,404,8961,3542
35,12538,1,0.0,405,8963,3575
18,12556,1,0.0,406,8965,3591
38,12594,1,0.0,407,8967,3627
21,12615,1,0.0,408,8969,3646
7,12622,1,0.0,409,8969,3653
47,12669,1,0.0,410,8971,3698
69,12738,1,0.0,411,8977,3761
15,12753,1,0.0,412,8979,3774
5,12758,1,0.0,413,8979,3779
55,12813,1,0.0,414,8980,3833
28,12841,1,0.0,415,8980,3861
7,12848,1,0.0,416,8980,3868
7,12855,1,0.0,417,8980,3875
14,12869,1,0.0,418,8980,3889
10,12879,1,0.0,419,8980,3899
54,12933,1,0.0,420,8984,3949
43,12976,1,0.0,421,8986,3990
17,12993,1,0.0,422,8990,4003
24,13017,1,0.0,423,8991,4026
13,13030,1,0.0,424,8994,4036
34,13064,1,0.0,425,8995,4069
37,13101,1,0.0,426,8995,4106
35,13136,1,0.0,427,8996,4140
21,13157,1,0.0,428,8997,4160
23,13180,1,0.0,429,9001,4179
45,13225,1,0.0,430,9006,4219
5,13230,1,0.0,431,9006,4224
52,13282,1,0.0,432,9006,4276
51,13333,1,0.0,433,9008,4325
12,13345,1,0.0,434,9008,4337
77,13422,1,0.0,435,9015,4407
13,13435,1,0.0,436,9017,4418
5,13440,1,0.0,437,9017,4423
41,13481,1,0.0,438,9020,4461
17,13498,1,0.0,439,9021,4477
99,13597,1,0.0,440,9029,4568
50,13647,1,0.0,441,9031,4616
93,13740,1,0.0,442,9036,4704
21,13761,1,0.0,443,9039,4722
9,13770,1,0.0,444,9039,4731
24,13794,1,0.0,445,9041,4753
10,13804,1,0.0,446,9043,4761
38,13842,1,0.0,447,9046,4796
34,13876,1,0.0,448,9047,4829
26,13902,1,0.0,449,9049,4853
12,13914,1,0.0,450,9049,4865
33,13947,1,0.0,451,9050,4897
20,13967,1,0.0,452,9053,4914
30,13997,1,0.0,453,9057,4940
18,14015,1,0.0,454,9058,4957
25,14040,1,0.0,455,9059,4981
8,14048,1,0.0,456,9060,4988
12,14060,1,0.0,457,9060,5000
68,14128,1,0.0,458,9064,5064
31,14159,1,0.0,459,9066,5093
36,14195,1,0.0,460,9067,5128
15,14210,1,0.0,461,9067,5143
6,14216,1,0.0,462,9067,5149
8,14224,1,0.0,463,9067,5157
16,14240,1,0.0,464,9067,5173
12,14252,1,0.0,465,9070,5182
54,14306,1,0.0,466,9077,5229
23,14329,1,0.0,467,9077,5252
35,14364,1,0.0,468,9078,5286
43,14407,1,0.0,469,9082,5325
56,14463,1,0.0,470,9084,5379
21,14484,1,0.0,471,9084,5400
31,14515,1,0.0,472,9086,5429
73,14588,1,0.0,473,9092,5496
8,14596,1,0.0,474,9092,5504
21,14617,1,0.0,475,9092,5525
23,14640,1,0.0,476,9093,5547
100,14740,1,0.0,477,9099,5641
57,14797,1,0.0,478,9100,5697
22,14819,1,0.0,479,9101,5718
55,14874,1,0.0,480,9105,5769
10,14884,1,0.0,481,9105,5779
27,14911,1,0.0,482,9106,5805
13,14924,1,0.0,483,9106,5818
33,14957,1,0.0,484,9108,5849
27,14984,1,0.0,485,9108,5876
60,15044,1,0.0,486,9111,5933
9,15053,1,0.0,487,9111,5942
24,15077,1,0.0,488,9112,5965
15,15092,1,0.0,489,9113,5979
34,15126,1,0.0,490,9114,6012
19,15145,1,0.0,491,9115,6030
48,15193,1,0.0,492,9117,6076
46,15239,1,0.0,493,9120,6119
10,15249,1,0.0,494,9120,6129
48,15297,1,0.0,495,9124,6173
19,15316,1,0.0,496,9124,6192
45,15361,1,0.0,497,9129,6232
40,15401,1,0.0,498,9132,6269
18,15419,1,0.0,499,9132,6287
23,15442,1,0.0,500,9133,6309
32,15474,1,0.0,501,9134,6340
26,15500,1,0.0,502,9135,6365
100,15600,1,0.0,503,9140,6460
34,15634,1,0.0,504,9141,6493
52,15686,1,0.0,505,9143,6543
36,15722,1,0.0,506,9145,6577
43,15765,1,0.0,507,9145,6620
21,15786,1,0.0,508,9146,6640
13,15799,1,0.0,509,9146,6653
47,15846,1,0.0,510,9148,6698
34,15880,1,0.0,511,9151,6729
13,15893,1,0.0,512,9151,6742
25,15918,1,0.0,513,9151,6767
46,15964,1,0.0,514,9155,6809
11,15975,1,0.0,515,9155,6820
100,16075,1,0.0,516,9162,6913
71,16146,1,0.0,517,9163,6983
24,16170,1,0.0,518,9164,7006
12,16182,1,0.0,519,9165,7017
100,16282,1,0.0,520,9173,7109
15,16297,1,0.0,521,9174,7123
7,16304,1,0.0,522,9174,7130
52,16356,1,0.0,523,9178,7178
24,16380,1,0.0,524,9178,7202
72,16452,1,0.0,525,9185,7267
16,16468,1,0.0,526,9187,7281
22,16490,1,0.0,527,9188,7302
27,16517,1,0.0,528,9190,7327
70,16587,1,0.0,529,9194,7393
21,16608,1,0.0,530,9196,7412
22,16630,1,0.0,531,9198,7432
36,16666,1,0.0,532,9199,7467
45,16711,1,0.0,533,9201,7510
11,16722,1,0.0,534,9201,7521
32,16754,1,0.0,535,9206,7548
11,16765,1,0.0,536,9206,7559
9,16774,1,0.0,537,9208,7566
71,16845,1,0.0,538,9211,7634
71,16916,1,0.0,539,9214,7702
45,16961,1,0.0,540,9215,7746
11,16972,1,0.0,541,9215,7757
19,16991,1,0.0,542,9215,7776
33,17024,1,0.0,543,9217,7807
32,17056,1,0.0,544,9221,7835
18,17074,1,0.0,545,9221,7853
18,17092,1,0.0,546,9222,7870
50,17142,1,0.0,547,9223,7919
40,17182,1,0.0,548,9225,7957
16,17198,1,0.0,549,9225,7973
34,17232,1,0.0,550,9226,8006
24,17256,1,0.0,551,9229,8027
9,17265,1,0.0,552,9229,8036
52,17317,1,0.0,553,9232,8085
42,17359,1,0.0,554,9232,8127
39,17398,1,0.0,555,9234,8164
29,17427,1,0.0,556,9237,8190
77,17504,1,0.0,557,9242,8262
47,17551,1,0.0,558,9243,8308
8,17559,1,0.0,559,9244,8315
32,17591,1,0.0,560,9248,8343
36,17627,1,0.0,561,9249,8378
44,17671,1,0.0,562,9255,8416
12,17683,1,0.0,563,9257,8426
15,17698,1,0.0,564,9257,8441
30,17728,1,0.0,565,9260,8468
19,17747,1,0.0,566,9262,8485
26,17773,1,0.0,567,9262,8511
32,17805,1,0.0,568,9263,8542
22,17827,1,0.0,569,9264,8563
12,17839,1,0.0,570,9266,8573
33,17872,1,0.0,571,9272,8600
28,17900,1,0.0,572,9274,8626
51,17951,1,0.0,573,9277,8674
23,17974,1,0.0,574,9278,8696
52,18026,1,0.0,575,9280,8746
21,18047,1,0.0,576,9281,8766
14,18061,1,0.0,577,9285,8776
100,18161,1,0.0,578,9290,8871
21,18182,1,0.0,579,9290,8892
23,18205,1,0.0,580,9290,8915
36,18241,1,0.0,581,9294,8947
26,18267,1,0.0,582,9295,8972
9,18276,1,0.0,583,9296,8980
16,18292,1,0.0,584,9297,8995
9,18301,1,0.0,585,9297,9004
20,18321,1,0.0,586,9298,9023
100,18421,1,0.0,587,9304,9117
46,18467,1,0.0,588,9305,9162
20,18487,1,0.0,589,9307,9180
32,18519,1,0.0,590,9308,9211
26,18545,1,0.0,591,9309,9236
28,18573,1,0.0,592,9309,9264
17,18590,1,0.0,593,9311,9279
54,18644,1,0.0,594,9313,9331
64,18708,1,0.0,595,9314,9394
5,18713,1,0.0,596,9314,9399
29,18742,1,0.0,597,9314,9428
32,18774,1,0.0,598,9315,9459
33,18807,1,0.0,599,9315,9492
49,18856,1,0.0,600,9317,9539
34,18890,1,0.0,601,9319,9571
11,18901,1,0.0,602,9321,9580
13,18914,1,0.0,603,9321,9593
26,18940,1,0.0,604,9321,9619
12,18952,1,0.0,605,9321,9631
41,18993,1,0.0,606,9321,9672
17,19010,1,0.0,607,9322,9688
56,19066,1,0.0,608,9323,9743
22,19088,1,0.0,609,9325,9763
6,19094,1,0.0,610,9325,9769
30,19124,1,0.0,611,9326,9798
32,19156,1,0.0,612,9327,9829
17,19173,1,0.0,613,9327,9846
31,19204,1,0.0,614,9327,9877
25,19229,1,0.0,615,9327,9902
97,19326,1,0.0,616,9329,9997
23,19349,1,0.0,617,9329,10020
66,19415,1,0.0,618,9329,10086
10,19425,1,0.0,619,9329,10096
35,19460,1,0.0,620,9329,10131
23,19483,1,0.0,621,9329,10154
24,19507,1,0.0,622,9331,10176
11,19518,1,0.0,623,9331,10187
93,19611,1,0.0,624,9333,10278
41,19652,1,0.0,625,9333,10319
13,19665,1,0.0,626,9334,10331
9,19674,1,0.0,627,9334,10340
11,19685,1,0.0,628,9335,10350
70,19755,1,0.0,629,9336,10419
28,19783,1,0.0,630,9336,10447
8,19791,1,0.0,631,9336,10455
65,19856,1,0.0,632,9337,10519
79,19935,1,0.0,633,9340,10595
7,19942,1,0.0,634,9340,10602
31,19973,1,0.0,635,9341,10632
9,19982,1,0.0,636,9341,10641
32,20014,1,0.0,637,9342,10672
20,20034,1,0.0,638,9342,10692
19,20053,1,0.0,639,9342,10711
18,20071,1,0.0,640,9342,10729
13,20084,1,0.0,641,9342,10742
62,20146,1,0.0,642,9343,10803
21,20167,1,0.0,643,9343,10824
25,20192,1,0.0,644,9344,10848
8,20200,1,0.0,645,9345,10855
32,20232,1,0.0,646,9346,10886
12,20244,1,0.0,647,9346,10898
53,20297,1,0.0,648,9350,10947
9,20306,1,0.0,649,9350,10956
51,20357,1,0.0,650,9351,11006
23,20380,1,0.0,651,9352,11028
75,20455,1,0.0,652,9354,11101
40,20495,1,0.0,653,9354,11141
58,20553,1,0.0,654,9355,11198
26,20579,1,0.0,655,9355,11224
53,20632,1,0.0,656,9358,11274
21,20653,1,0.0,657,9358,11295
79,20732,1,0.0,658,9358,11374
33,20765,1,0.0,659,9359,11406
17,20782,1,0.0,660,9359,11423
10,20792,1,0.0,661,9359,11433
33,20825,1,0.0,662,9361,11464
100,20925,1,0.0,663,9366,11559
14,20939,1,0.0,664,9367,11572
21,20960,1,0.0,665,9367,11593
38,20998,1,0.0,666,9368,11630
25,21023,1,0.0,667,9368,11655
11,21034,1,0.0,668,9368,11666
33,21067,1,0.0,669,9369,11698
23,21090,1,0.0,670,9369,11721
18,21108,1,0.0,671,9370,11738
40,21148,1,0.0,672,9373,11775
39,21187,1,0.0,673,9374,11813
10,21197,1,0.0,674,9374,11823
9,21206,1,0.0,675,9376,11830
14,21220,1,0.0,676,9376,11844
9,21229,1,0.0,677,9376,11853
7,21236,1,0.0,678,9376,11860
14,21250,1,0.0,679,9376,11874
47,21297,1,0.0,680,9376,11921
40,21337,1,0.0,681,9376,11961
12,21349,1,0.0,682,9376,11973
31,21380,1,0.0,683,9376,12004
11,21391,1,0.0,684,9376,12015
38,21429,1,0.0,685,9376,12053
18,21447,1,0.0,686,9376,12071
53,21500,1,0.0,687,9378,12122
38,21538,1,0.0,688,9380,12158
30,21568,1,0.0,689,9380,12188
9,21577,1,0.0,690,9380,12197
92,21669,1,0.0,691,9382,12287
69,21738,1,0.0,692,9385,12353
10,21748,1,0.0,693,9385,12363
12,21760,1,0.0,694,9386,12374
7,21767,1,0.0,695,9386,12381
19,21786,1,0.0,696,9387,12399
54,21840,1,0.0,697,9387,12453
42,21882,1,0.0,698,9388,12494
24,21906,1,0.0,699,9388,12518
49,21955,1,0.0,700,9392,12563
9,21964,1,0.0,701,9393,12571
40,22004,1,0.0,702,9393,12611
11,22015,1,0.0,703,9393,12622
49,22064,1,0.0,704,9394,12670
13,22077,1,0.0,705,9395,12682
32,22109,1,0.0,706,9396,12713
25,22134,1,0.0,707,9396,12738
17,22151,1,0.0,708,9396,12755
31,22182,1,0.0,709,9396,12786
21,22203,1,0.0,710,9396,12807
21,22224,1,0.0,711,9396,12828
60,22284,1,0.0,712,9399,12885
15,22299,1,0.0,713,9399,12900
43,22342,1,0.0,714,9399,12943
13,22355,1,0.0,715,9399,12956
79,22434,1,0.0,716,9403,13031
28,22462,1,0.0,717,9404,13058
31,22493,1,0.0,718,9406,13087
34,22527,1,0.0,719,9406,13121
50,22577,1,0.0,720,9407,13170
10,22587,1,0.0,721,9407,13180
27,22614,1,0.0,722,9408,13206
58,22672,1,0.0,723,9410,13262
10,22682,1,0.0,724,9410,13272
78,22760,1,0.0,725,9414,13346
59,22819,1,0.0,726,9414,13405
9,22828,1,0.0,727,9414,13414
15,22843,1,0.0,728,9414,13429
86,22929,1,0.0,729,9415,13514
14,22943,1,0.0,730,9417,13526
59,23002,1,0.0,731,9417,13585
17,23019,1,0.0,732,9418,13601
36,23055,1,0.0,733,9419,13636
56,23111,1,0.0,734,9420,13691
10,23121,1,0.0,735,9420,13701
17,23138,1,0.0,736,9421,13717
14,23152,1,0.0,737,9421,13731
24,23176,1,0.0,738,9421,13755
58,23234,1,0.0,739,9423,13811
11,23245,1,0.0,740,9423,13822
18,23263,1,0.0,741,9423,13840
12,23275,1,0.0,742,9423,13852
27,23302,1,0.0,743,9424,13878
20,23322,1,0.0,744,9425,13897
32,23354,1,0.0,745,9425,13929
10,23364,1,0.0,746,9426,13938
29,23393,1,0.0,747,9427,13966
21,23414,1,0.0,748,9427,13987
13,23427,1,0.0,749,9427,14000
12,23439,1,0.0,750,9427,14012
38,23477,1,0.0,751,9428,14049
45,23522,1,0.0,752,9430,14092
7,23529,1,0.0,753,9430,14099
67,23596,1,0.0,754,9431,14165
19,23615,1,0.0,755,9432,14183
85,23700,1,0.0,756,9436,14264
55,23755,1,0.0,757,9438,14317
18,23773,1,0.0,758,9439,14334
5,23778,1,0.0,759,9439,14339
14,23792,1,0.0,760,9440,14352
89,23881,1,0.0,761,9440,14441
64,23945,1,0.0,762,9442,14503
100,24045,1,0.0,763,9444,14601
20,24065,1,0.0,764,9444,14621
27,24092,1,0.0,765,9447,14645
13,24105,1,0.0,766,9448,14657
17,24122,1,0.0,767,9449,14673
8,24130,1,0.0,768,9449,14681
64,24194,1,0.0,769,9451,14743
75,24269,1,0.0,770,9451,14818
7,24276,1,0.0,771,9451,14825
29,24305,1,0.0,772,9451,14854
80,24385,1,0.0,773,9451,14934
63,24448,1,0.0,774,9454,14994
32,24480,1,0.0,775,9455,15025
22,24502,1,0.0,776,9455,15047
46,24548,1,0.0,777,9456,15092
40,24588,1,0.0,778,9458,15130
33,24621,1,0.0,779,9459,15162
84,24705,1,0.0,780,9462,15243
35,24740,1,0.0,781,9463,15277
24,24764,1,0.0,782,9463,15301
21,24785,1,0.0,783,9464,15321
12,24797,1,0.0,784,9465,15332
56,24853,1,0.0,785,9466,15387
18,24871,1,0.0,786,9466,15405
9,24880,1,0.0,787,9467,15413
25,24905,1,0.0,788,9467,15438
42,24947,1,0.0,789,9468,15479
11,24958,1,0.0,790,9469,15489
12,24970,1,0.0,791,9470,15500
6,24976,1,0.0,792,9470,15506
73,25049,1,0.0,793,9474,15575
9,25058,1,0.0,794,9475,15583
16,25074,1,0.0,795,9475,15599
34,25108,1,0.0,796,9479,15629
11,25119,1,0.0,797,9479,15640
50,25169,1,0.0,798,9479,15690
14,25183,1,0.0,799,9480,15703
9,25192,1,0.0,800,9480,15712
25,25217,1,0.0,801,9481,15736
49,25266,1,0.0,802,9482,15784
14,25280,1,0.0,803,9482,15798
21,25301,1,0.0,804,9482,15819
24,25325,1,0.0,805,9484,15841
39,25364,1,0.0,806,9484,15880
18,25382,1,0.0,807,9485,15897
7,25389,1,0.0,808,9485,15904
14,25403,1,0.0,809,9486,15917
24,25427,1,0.0,810,9487,15940
12,25439,1,0.0,811,9487,15952
27,25466,1,0.0,812,9488,15978
57,25523,1,0.0,813,9489,16034
31,25554,1,0.0,814,9489,16065
16,25570,1,0.0,815,9490,16080
19,25589,1,0.0,816,9490,16099
66,25655,1,0.0,817,9492,16163
21,25676,1,0.0,818,9493,16183
49,25725,1,0.0,819,9495,16230
42,25767,1,0.0,820,9496,16271
23,25790,1,0.0,821,9496,16294
31,25821,1,0.0,822,9496,16325
63,25884,1,0.0,823,9497,16387
13,25897,1,0.0,824,9497,16400
11,25908,1,0.0,825,9497,16411
42,25950,1,0.0,826,9499,16451
23,25973,1,0.0,827,9499,16474
14,25987,1,0.0,828,9499,16488
16,26003,1,0.0,829,9500,16503
19,26022,1,0.0,830,9500,16522
38,26060,1,0.0,831,9501,16559
13,26073,1,0.0,832,9501,16572
51,26124,1,0.0,833,9503,16621
62,26186,1,0.0,834,9505,16681
76,26262,1,0.0,835,9506,16756
11,26273,1,0.0,836,9506,16767
24,26297,1,0.0,837,9507,16790
11,26308,1,0.0,838,9507,16801
20,26328,1,0.0,839,9507,16821
35,26363,1,0.0,840,9508,16855
10,26373,1,0.0,841,9509,16864
26,26399,1,0.0,842,9510,16889
78,26477,1,0.0,843,9512,16965
29,26506,1,0.0,844,9512,16994
56,26562,1,0.0,845,9513,17049
20,26582,1,0.0,846,9513,17069
44,26626,1,0.0,847,9515,17111
6,26632,1,0.0,848,9516,17116
7,26639,1,0.0,849,9516,17123
64,26703,1,0.0,850,9520,17183
24,26727,1,0.0,851,9520,17207
15,26742,1,0.0,852,9520,17222
23,26765,1,0.0,853,9520,17245
9,26774,1,0.0,854,9522,17252
31,26805,1,0.0,855,9523,17282
53,26858,1,0.0,856,9524,17334
33,26891,1,0.0,857,9524,17367
41,26932,1,0.0,858,9525,17407
58,26990,1,0.0,859,9526,17464
9,26999,1,0.0,860,9527,17472
30,27029,1,0.0,861,9527,17502
10,27039,1,0.0,862,9528,17511
39,27078,1,0.0,863,9529,17549
60,27138,1,0.0,864,9529,17609
14,27152,1,0.0,865,9529,17623
11,27163,1,0.0,866,9530,17633
7,27170,1,0.0,867,9530,17640
24,27194,1,0.0,868,9531,17663
21,27215,1,0.0,869,9531,17684
32,27247,1,0.0,870,9531,17716
51,27298,1,0.0,871,9532,17766
29,27327,1,0.0,872,9532,17795
24,27351,1,0.0,873,9532,17819
21,27372,1,0.0,874,9532,17840
20,27392,1,0.0,875,9532,17860
17,27409,1,0.0,876,9532,17877
35,27444,1,0.0,877,9533,17911
51,27495,1,0.0,878,9533,17962
46,27541,1,0.0,879,9534,18007
37,27578,1,0.0,880,9534,18044
73,27651,1,0.0,881,9536,18115
51,27702,1,0.0,882,9537,18165
7,27709,1,0.0,883,9538,18171
7,27716,1,0.0,884,9538,18178
8,27724,1,0.0,885,9538,18186
24,27748,1,0.0,886,9538,18210
9,27757,1,0.0,887,9538,18219
54,27811,1,0.0,888,9538,18273
55,27866,1,0.0,889,9538,18328
65,27931,1,0.0,890,9539,18392
34,27965,1,0.0,891,9539,18426
19,27984,1,0.0,892,9540,18444
26,28010,1,0.0,893,9540,18470
100,28110,1,0.0,894,9541,18569
11,28121,1,0.0,895,9541,18580
10,28131,1,0.0,896,9541,18590
13,28144,1,0.0,897,9541,18603
5,28149,1,0.0,898,9541,18608
44,28193,1,0.0,899,9543,18650
38,28231,1,0.0,900,9544,18687
13,28244,1,0.0,901,9544,18700
6,28250,1,0.0,902,9545,18705
23,28273,1,0.0,903,9545,18728
27,28300,1,0.0,904,9545,18755
11,28311,1,0.0,905,9545,18766
86,28397,1,0.0,906,9548,18849
63,28460,1,0.0,907,9549,18911
42,28502,1,0.0,908,9550,18952
40,28542,1,0.0,909,9552,18990
18,28560,1,0.0,910,9553,19007
40,28600,1,0.0,911,9554,19046
42,28642,1,0.0,912,9554,19088
100,28742,1,0.0,913,9555,19187
36,28778,1,0.0,914,9555,19223
19,28797,1,0.0,915,9555,19242
37,28834,1,0.0,916,9555,19279
23,28857,1,0.0,917,9555,19302
30,28887,1,0.0,918,9555,19332
16,28903,1,0.0,919,9555,19348
24,28927,1,0.0,920,9555,19372
21,28948,1,0.0,921,9557,19391
23,28971,1,0.0,922,9557,19414
27,28998,1,0.0,923,9557,19441
6,29004,1,0.0,924,9558,19446
14,29018,1,0.0,925,9558,19460
18,29036,1,0.0,926,9558,19478
32,29068,1,0.0,927,9559,19509
17,29085,1,0.0,928,9559,19526
61,29146,1,0.0,929,9563,19583
39,29185,1,0.0,930,9564,19621
33,29218,1,0.0,931,9565,19653
26,29244,1,0.0,932,9569,19675
49,29293,1,0.0,933,9570,19723
54,29347,1,0.0,934,9571,19776
12,29359,1,0.0,935,9572,19787
40,29399,1,0.0,936,9572,19827
43,29442,1,0.0,937,9573,19869
17,29459,1,0.0,938,9573,19886
33,29492,1,0.0,939,9575,19917
31,29523,1,0.0,940,9575,19948
30,29553,1,0.0,941,9575,19978
14,29567,1,0.0,942,9576,19991
36,29603,1,0.0,943,9577,20026
31,29634,1,0.0,944,9578,20056
60,29694,1,0.0,945,9580,20114
56,29750,1,0.0,946,9580,20170
46,29796,1,0.0,947,9581,20215
55,29851,1,0.0,948,9583,20268
6,29857,1,0.0,949,9583,20274
37,29894,1,0.0,950,9585,20309
48,29942,1,0.0,951,9589,20353
100,30042,1,0.0,952,9590,20452
33,30075,1,0.0,953,9590,20485
14,30089,1,0.0,954,9590,20499
36,30125,1,0.0,955,9591,20534
46,30171,1,0.0,956,9591,20580
19,30190,1,0.0,957,9591,20599
21,30211,1,0.0,958,9591,20620
30,30241,1,0.0,959,9591,20650
10,30251,1,0.0,960,9591,20660
94,30345,1,0.0,961,9591,20754
17,30362,1,0.0,962,9591,20771
19,30381,1,0.0,963,9591,20790
14,30395,1,0.0,964,9594,20801
33,30428,1,0.0,965,9594,20834
18,30446,1,0.0,966,9594,20852
19,30465,1,0.0,967,9595,20870
25,30490,1,0.0,968,9595,20895
47,30537,1,0.0,969,9598,20939
42,30579,1,0.0,970,9600,20979
31,30610,1,0.0,971,9600,21010
22,30632,1,0.0,972,9603,21029
36,30668,1,0.0,973,9603,21065
38,30706,1,0.0,974,9605,21101
12,30718,1,0.0,975,9606,21112
21,30739,1,0.0,976,9606,21133
8,30747,1,0.0,977,9606,21141
22,30769,1,0.0,978,9607,21162
56,30825,1,0.0,979,9608,21217
32,30857,1,0.0,980,9609,21248
34,30891,1,0.0,981,9609,21282
51,30942,1,0.0,982,9609,21333
13,30955,1,0.0,983,9610,21345
64,31019,1,0.0,984,9613,21406
21,31040,1,0.0,985,9613,21427
43,31083,1,0.0,986,9614,21469
19,31102,1,0.0,987,9615,21487
28,31130,1,0.0,988,9615,21515
74,31204,1,0.0,989,9615,21589
20,31224,1,0.0,990,9616,21608
19,31243,1,0.0,991,9616,21627
16,31259,1,0.0,992,9617,21642
33,31292,1,0.0,993,9618,21674
38,31330,1,0.0,994,9618,21712
35,31365,1,0.0,995,9619,21746
8,31373,1,0.0,996,9620,21753
31,31404,1,0.0,997,9620,21784
47,31451,1,0.0,998,9622,21829
53,31504,1,0.0,999,9624,21880
39,31543,1,0.0,1000,9625,21918
31,31574,1,0.0,1001,9626,21948
19,31593,1,0.0,1002,9628,21965
15,31608,1,0.0,1003,9628,21980
100,31708,1,0.0,1004,9630,22078
38,31746,1,0.0,1005,9631,22115
9,31755,1,0.0,1006,9631,22124
42,31797,1,0.0,1007,9631,22166
66,31863,1,0.0,1008,9631,22232
8,31871,1,0.0,1009,9631,22240
14,31885,1,0.0,1010,9631,22254
48,31933,1,0.0,1011,9632,22301
42,31975,1,0.0,1012,9632,22343
72,32047,1,0.0,1013,9633,22414
15,32062,1,0.0,1014,9633,22429
29,32091,1,0.0,1015,9633,22458
36,32127,1,0.0,1016,9633,22494
29,32156,1,0.0,1017,9633,22523
63,32219,1,0.0,1018,9633,22586
85,32304,1,0.0,1019,9635,22669
33,32337,1,0.0,1020,9636,22701
50,32387,1,0.0,1021,9638,22749
12,32399,1,0.0,1022,9638,22761
34,32433,1,0.0,1023,9638,22795
31,32464,1,0.0,1024,9638,22826
13,32477,1,0.0,1025,9638,22839
39,32516,1,0.0,1026,9641,22875
16,32532,1,0.0,1027,9641,22891
100,32632,1,0.0,1028,9643,22989
42,32674,1,0.0,1029,9644,23030
16,32690,1,0.0,1030,9644,23046
29,32719,1,0.0,1031,9645,23074
25,32744,1,0.0,1032,9645,23099
13,32757,1,0.0,1033,9645,23112
62,32819,1,0.0,1034,9646,23173
61,32880,1,0.0,1035,9647,23233
34,32914,1,0.0,1036,9648,23266
32,32946,1,0.0,1037,9648,23298
19,32965,1,0.0,1038,9648,23317
19,32984,1,0.0,1039,9649,23335
67,33051,1,0.0,1040,9649,23402
33,33084,1,0.0,1041,9650,23434
100,33184,1,0.0,1042,9652,23532
26,33210,1,0.0,1043,9652,23558
35,33245,1,0.0,1044,9652,23593
7,33252,1,0.0,1045,9652,23600
11,33263,1,0.0,1046,9652,23611
20,33283,1,0.0,1047,9652,23631
74,33357,1,0.0,1048,9652,23705
59,33416,1,0.0,1049,9652,23764
33,33449,1,0.0,1050,9653,23796
37,33486,1,0.0,1051,9654,23832
30,33516,1,0.0,1052,9654,23862
13,33529,1,0.0,1053,9654,23875
58,33587,1,0.0,1054,9655,23932
56,33643,1,0.0,1055,9655,23988
25,33668,1,0.0,1056,9656,24012
10,33678,1,0.0,1057,9657,24021
17,33695,1,0.0,1058,9657,24038
32,33727,1,0.0,1059,9658,24069
30,33757,1,0.0,1060,9659,24098
16,33773,1,0.0,1061,9659,24114
16,33789,1,0.0,1062,9659,24130
14,33803,1,0.0,1063,9659,24144
10,33813,1,0.0,1064,9659,24154
9,33822,1,0.0,1065,9659,24163
5,33827,1,0.0,1066,9659,24168
29,33856,1,0.0,1067,9659,24197
15,33871,1,0.0,1068,9662,24209
30,33901,1,0.0,1069,9662,24239
24,33925,1,0.0,1070,9662,24263
70,33995,1,0.0,1071,9664,24331
32,34027,1,0.0,1072,9664,24363
32,34059,1,0.0,1073,9664,24395
20,34079,1,0.0,1074,9664,24415
42,34121,1,0.0,1075,9666,24455
38,34159,1,0.0,1076,9668,24491
30,34189,1,0.0,1077,9668,24521
44,34233,1,0.0,1078,9668,24565
15,34248,1,0.0,1079,9668,24580
14,34262,1,0.0,1080,9668,24594
53,34315,1,0.0,1081,9669,24646
9,34324,1,0.0,1082,9669,24655
9,34333,1,0.0,1083,9669,24664
12,34345,1,0.0,1084,9669,24676
35,34380,1,0.0,1085,9669,24711
38,34418,1,0.0,1086,9670,24748
16,34434,1,0.0,1087,9670,24764
18,34452,1,0.0,1088,9670,24782
44,34496,1,0.0,1089,9670,24826
19,34515,1,0.0,1090,9670,24845
22,34537,1,0.0,1091,9670,24867
94,34631,1,0.0,1092,9671,24960
25,34656,1,0.0,1093,9672,24984
10,34666,1,0.0,1094,9672,24994
15,34681,1,0.0,1095,9672,25009
10,34691,1,0.0,1096,9672,25019
40,34731,1,0.0,1097,9673,25058
48,34779,1,0.0,1098,9674,25105
47,34826,1,0.0,1099,9674,25152
32,34858,1,0.0,1100,9674,25184
67,34925,1,0.0,1101,9674,25251
11,34936,1,0.0,1102,9675,25261
16,34952,1,0.0,1103,9675,25277
14,34966,1,0.0,1104,9675,25291
14,34980,1,0.0,1105,9676,25304
17,34997,1,0.0,1106,9676,25321
15,35012,1,0.0,1107,9676,25336
16,35028,1,0.0,1108,9676,25352
12,35040,1,0.0,1109,9676,25364
25,35065,1,0.0,1110,9676,25389
64,35129,1,0.0,1111,9677,25452
42,35171,1,0.0,1112,9678,25493
30,35201,1,0.0,1113,9679,25522
13,35214,1,0.0,1114,9679,25535
11,35225,1,0.0,1115,9679,25546
9,35234,1,0.0,1116,9679,25555
9,35243,1,0.0,1117,9679,25564
70,35313,1,0.0,1118,9681,25632
12,35325,1,0.0,1119,9682,25643
77,35402,1,0.0,1120,9682,25720
67,35469,1,0.0,1121,9683,25786
20,35489,1,0.0,1122,9683,25806
24,35513,1,0.0,1123,9683,25830
19,35532,1,0.0,1124,9684,25848
12,35544,1,0.0,1125,9684,25860
9,35553,1,0.0,1126,9684,25869
11,35564,1,0.0,1127,9684,25880
11,35575,1,0.0,1128,9685,25890
80,35655,1,0.0,1129,9685,25970
33,35688,1,0.0,1130,9685,26003
33,35721,1,0.0,1131,9685,26036
41,35762,1,0.0,1132,9685,26077
16,35778,1,0.0,1133,9685,26093
27,35805,1,0.0,1134,9686,26119
40,35845,1,0.0,1135,9687,26158
40,35885,1,0.0,1136,9688,26197
16,35901,1,0.0,1137,9688,26213
12,35913,1,0.0,1138,9689,26224
12,35925,1,0.0,1139,9689,26236
24,35949,1,0.0,1140,9690,26259
48,35997,1,0.0,1141,9693,26304
11,36008,1,0.0,1142,9693,26315
34,36042,1,0.0,1143,9694,26348
27,36069,1,0.0,1144,9694,26375
48,36117,1,0.0,1145,9695,26422
16,36133,1,0.0,1146,9695,26438
46,36179,1,0.0,1147,9696,26483
10,36189,1,0.0,1148,9696,26493
50,36239,1,0.0,1149,9698,26541
39,36278,1,0.0,1150,9700,26578
33,36311,1,0.0,1151,9701,26610
13,36324,1,0.0,1152,9701,26623
6,36330,1,0.0,1153,9701,26629
50,36380,1,0.0,1154,9703,26677
21,36401,1,0.0,1155,9703,26698
37,36438,1,0.0,1156,9705,26733
33,36471,1,0.0,1157,9705,26766
11,36482,1,0.0,1158,9705,26777
10,36492,1,0.0,1159,9705,26787
29,36521,1,0.0,1160,9705,26816
18,36539,1,0.0,1161,9705,26834
56,36595,1,0.0,1162,9706,26889
15,36610,1,0.0,1163,9706,26904
59,36669,1,0.0,1164,9706,26963
9,36678,1,0.0,1165,9706,26972
10,36688,1,0.0,1166,9706,26982
13,36701,1,0.0,1167,9706,26995
12,36713,1,0.0,1168,9706,27007
91,36804,1,0.0,1169,9708,27096
36,36840,1,0.0,1170,9708,27132
79,36919,1,0.0,1171,9710,27209
55,36974,1,0.0,1172,9711,27263
16,36990,1,0.0,1173,9711,27279
58,37048,1,0.0,1174,9713,27335
11,37059,1,0.0,1175,9714,27345
39,37098,1,0.0,1176,9714,27384
72,37170,1,0.0,1177,9714,27456
8,37178,1,0.0,1178,9714,27464
22,37200,1,0.0,1179,9714,27486
20,37220,1,0.0,1180,9714,27506
30,37250,1,0.0,1181,9715,27535
9,37259,1,0.0,1182,9715,27544
17,37276,1,0.0,1183,9715,27561
42,37318,1,0.0,1184,9715,27603
16,37334,1,0.0,1185,9716,27618
28,37362,1,0.0,1186,9716,27646
49,37411,1,0.0,1187,9717,27694
30,37441,1,0.0,1188,9718,27723
21,37462,1,0.0,1189,9718,27744
15,37477,1,0.0,1190,9718,27759
13,37490,1,0.0,1191,9718,27772
10,37500,1,0.0,1192,9720,27780
40,37540,1,0.0,1193,9722,27818
100,37640,1,0.0,1194,9727,27913
30,37670,1,0.0,1195,9728,27942
38,37708,1,0.0,1196,9729,27979
13,37721,1,0.0,1197,9729,27992
8,37729,1,0.0,1198,9729,28000
5,37734,1,0.0,1199,9729,28005
44,37778,1,0.0,1200,9729,28049
8,37786,1,0.0,1201,9729,28057
12,37798,1,0.0,1202,9729,28069
70,37868,1,0.0,1203,9730,28138
35,37903,1,0.0,1204,9730,28173
36,37939,1,0.0,1205,9731,28208
32,37971,1,0.0,1206,9731,28240
60,38031,1,0.0,1207,9733,28298
24,38055,1,0.0,1208,9733,28322
62,38117,1,0.0,1209,9733,28384
23,38140,1,0.0,1210,9733,28407
67,38207,1,0.0,1211,9736,28471
20,38227,1,0.0,1212,9736,28491
27,38254,1,0.0,1213,9737,28517
21,38275,1,0.0,1214,9737,28538
22,38297,1,0.0,1215,9739,28558
52,38349,1,0.0,1216,9739,28610
31,38380,1,0.0,1217,9739,28641
16,38396,1,0.0,1218,9740,28656
19,38415,1,0.0,1219,9740,28675
37,38452,1,0.0,1220,9740,28712
17,38469,1,0.0,1221,9740,28729
41,38510,1,0.0,1222,9741,28769
53,38563,1,0.0,1223,9741,28822
39,38602,1,0.0,1224,9741,28861
24,38626,1,0.0,1225,9742,28884
10,38636,1,0.0,1226,9743,28893
21,38657,1,0.0,1227,9743,28914
9,38666,1,0.0,1228,9743,28923
10,38676,1,0.0,1229,9744,28932
100,38776,1,0.0,1230,9751,29025
11,38787,1,0.0,1231,9751,29036
31,38818,1,0.0,1232,9751,29067
25,38843,1,0.0,1233,9751,29092
23,38866,1,0.0,1234,9752,29114
18,38884,1,0.0,1235,9753,29131
7,38891,1,0.0,1236,9754,29137
100,38991,1,0.0,1237,9754,29237
30,39021,1,0.0,1238,9755,29266
10,39031,1,0.0,1239,9756,29275
14,39045,1,0.0,1240,9756,29289
8,39053,1,0.0,1241,9756,29297
14,39067,1,0.0,1242,9757,29310
53,39120,1,0.0,1243,9757,29363
68,39188,1,0.0,1244,9757,29431
9,39197,1,0.0,1245,9757,29440
32,39229,1,0.0,1246,9758,29471
12,39241,1,0.0,1247,9758,29483
19,39260,1,0.0,1248,9758,29502
21,39281,1,0.0,1249,9760,29521
16,39297,1,0.0,1250,9760,29537
100,39397,1,0.0,1251,9761,29636
23,39420,1,0.0,1252,9761,29659
24,39444,1,0.0,1253,9761,29683
23,39467,1,0.0,1254,9762,29705
11,39478,1,0.0,1255,9762,29716
75,39553,1,0.0,1256,9763,29790
34,39587,1,0.0,1257,9765,29822
10,39597,1,0.0,1258,9765,29832
25,39622,1,0.0,1259,9765,29857
44,39666,1,0.0,1260,9765,29901
79,39745,1,0.0,1261,9765,29980
12,39757,1,0.0,1262,9766,29991
44,39801,1,0.0,1263,9766,30035
35,39836,1,0.0,1264,9766,30070
28,39864,1,0.0,1265,9766,30098
9,39873,1,0.0,1266,9766,30107
18,39891,1,0.0,1267,9766,30125
23,39914,1,0.0,1268,9766,30148
30,39944,1,0.0,1269,9767,30177
26,39970,1,0.0,1270,9767,30203
22,39992,1,0.0,1271,9767,30225
53,40045,1,0.0,1272,9767,30278
8,40053,1,0.0,1273,9767,30286
32,40085,1,0.0,1274,9767,30318
55,40140,1,0.0,1275,9768,30372
22,40162,1,0.0,1276,9768,30394
11,40173,1,0.0,1277,9768,30405
17,40190,1,0.0,1278,9768,30422
29,40219,1,0.0,1279,9768,30451
23,40242,1,0.0,1280,9768,30474
28,40270,1,0.0,1281,9769,30501
78,40348,1,0.0,1282,9770,30578
14,40362,1,0.0,1283,9770,30592
20,40382,1,0.0,1284,9770,30612
56,40438,1,0.0,1285,9771,30667
73,40511,1,0.0,1286,9771,30740
44,40555,1,0.0,1287,9772,30783
28,40583,1,0.0,1288,9772,30811
50,40633,1,0.0,1289,9773,30860
26,40659,1,0.0,1290,9773,30886
100,40759,1,0.0,1291,9773,30986
60,40819,1,0.0,1292,9774,31045
18,40837,1,0.0,1293,9774,31063
45,40882,1,0.0,1294,9777,31105
33,40915,1,0.0,1295,9778,31137
36,40951,1,0.0,1296,9778,31173
10,40961,1,0.0,1297,9778,31183
20,40981,1,0.0,1298,9778,31203
11,40992,1,0.0,1299,9778,31214
27,41019,1,0.0,1300,9779,31240
27,41046,1,0.0,1301,9780,31266
26,41072,1,0.0,1302,9780,31292
14,41086,1,0.0,1303,9780,31306
66,41152,1,0.0,1304,9780,31372
28,41180,1,0.0,1305,9780,31400
99,41279,1,0.0,1306,9780,31499
53,41332,1,0.0,1307,9780,31552
81,41413,1,0.0,1308,9783,31630
100,41513,1,0.0,1309,9787,31726
7,41520,1,0.0,1310,9787,31733
83,41603,1,0.0,1311,9787,31816
20,41623,1,0.0,1312,9787,31836
15,41638,1,0.0,1313,9788,31850
95,41733,1,0.0,1314,9794,31939
31,41764,1,0.0,1315,9795,31969
17,41781,1,0.0,1316,9795,31986
27,41808,1,0.0,1317,9796,32012
49,41857,1,0.0,1318,9796,32061
87,41944,1,0.0,1319,9797,32147
50,41994,1,0.0,1320,9797,32197
29,42023,1,0.0,1321,9798,32225
14,42037,1,0.0,1322,9798,32239
26,42063,1,0.0,1323,9798,32265
49,42112,1,0.0,1324,9799,32313
100,42212,1,0.0,1325,9801,32411
31,42243,1,0.0,1326,9801,32442
17,42260,1,0.0,1327,9801,32459
20,42280,1,0.0,1328,9802,32478
17,42297,1,0.0,1329,9804,32493
18,42315,1,0.0,1330,9804,32511
10,42325,1,0.0,1331,9804,32521
39,42364,1,0.0,1332,9805,32559
48,42412,1,0.0,1333,9805,32607
54,42466,1,0.0,1334,9806,32660
31,42497,1,0.0,1335,9808,32689
26,42523,1,0.0,1336,9808,32715
19,42542,1,0.0,1337,9809,32733
92,42634,1,0.0,1338,9811,32823
8,42642,1,0.0,1339,9811,32831
28,42670,1,0.0,1340,9812,32858
13,42683,1,0.0,1341,9812,32871
75,42758,1,0.0,1342,9815,32943
17,42775,1,0.0,1343,9816,32959
19,42794,1,0.0,1344,9816,32978
27,42821,1,0.0,1345,9817,33004
27,42848,1,0.0,1346,9817,33031
23,42871,1,0.0,1347,9817,33054
100,42971,1,0.0,1348,9818,33153
51,43022,1,0.0,1349,9820,33202
15,43037,1,0.0,1350,9821,33216
67,43104,1,0.0,1351,9823,33281
47,43151,1,0.0,1352,9826,33325
95,43246,1,0.0,1353,9830,33416
38,43284,1,0.0,1354,9830,33454
36,43320,1,0.0,1355,9830,33490
17,43337,1,0.0,1356,9830,33507
10,43347,1,0.0,1357,9830,33517
21,43368,1,0.0,1358,9830,33538
82,43450,1,0.0,1359,9831,33619
14,43464,1,0.0,1360,9831,33633
25,43489,1,0.0,1361,9831,33658
41,43530,1,0.0,1362,9834,33696
15,43545,1,0.0,1363,9834,33711
14,43559,1,0.0,1364,9834,33725
67,43626,1,0.0,1365,9834,33792
18,43644,1,0.0,1366,9834,33810
38,43682,1,0.0,1367,9835,33847
19,43701,1,0.0,1368,9835,33866
31,43732,1,0.0,1369,9836,33896
9,43741,1,0.0,1370,9836,33905
28,43769,1,0.0,1371,9837,33932
14,43783,1,0.0,1372,9837,33946
81,43864,1,0.0,1373,9839,34025
59,43923,1,0.0,1374,9839,34084
25,43948,1,0.0,1375,9839,34109
48,43996,1,0.0,1376,9839,34157
61,44057,1,0.0,1377,9839,34218
34,44091,1,0.0,1378,9839,34252
16,44107,1,0.0,1379,9840,34267
7,44114,1,0.0,1380,9840,34274
53,44167,1,0.0,1381,9841,34326
71,44238,1,0.0,1382,9842,34396
12,44250,1,0.0,1383,9842,34408
53,44303,1,0.0,1384,9843,34460
27,44330,1,0.0,1385,9844,34486
25,44355,1,0.0,1386,9844,34511
24,44379,1,0.0,1387,9845,34534
40,44419,1,0.0,1388,9845,34574
12,44431,1,0.0,1389,9845,34586
10,44441,1,0.0,1390,9845,34596
14,44455,1,0.0,1391,9845,34610
31,44486,1,0.0,1392,9845,34641
15,44501,1,0.0,1393,9845,34656
21,44522,1,0.0,1394,9845,34677
21,44543,1,0.0,1395,9845,34698
12,44555,1,0.0,1396,9845,34710
40,44595,1,0.0,1397,9846,34749
19,44614,1,0.0,1398,9846,34768
41,44655,1,0.0,1399,9847,34808
9,44664,1,0.0,1400,9847,34817
61,44725,1,0.0,1401,9848,34877
22,44747,1,0.0,1402,9849,34898
14,44761,1,0.0,1403,9849,34912
9,44770,1,0.0,1404,9849,34921
29,44799,1,0.0,1405,9851,34948
73,44872,1,0.0,1406,9852,35020
23,44895,1,0.0,1407,9854,35041
16,44911,1,0.0,1408,9855,35056
22,44933,1,0.0,1409,9855,35078
44,44977,1,0.0,1410,9855,35122
13,44990,1,0.0,1411,9855,35135
13,45003,1,0.0,1412,9855,35148
19,45022,1,0.0,1413,9856,35166
14,45036,1,0.0,1414,9857,35179
41,45077,1,0.0,1415,9858,35219
100,45177,1,0.0,1416,9863,35314
27,45204,1,0.0,1417,9863,35341
27,45231,1,0.0,1418,9864,35367
79,45310,1,0.0,1419,9865,35445
19,45329,1,0.0,1420,9866,35463
27,45356,1,0.0,1421,9867,35489
49,45405,1,0.0,1422,9868,35537
7,45412,1,0.0,1423,9868,35544
30,45442,1,0.0,1424,9869,35573
11,45453,1,0.0,1425,9869,35584
13,45466,1,0.0,1426,9869,35597
14,45480,1,0.0,1427,9870,35610
17,45497,1,0.0,1428,9871,35626
9,45506,1,0.0,1429,9871,35635
77,45583,1,0.0,1430,9874,35709
16,45599,1,0.0,1431,9876,35723
6,45605,1,0.0,1432,9876,35729
38,45643,1,0.0,1433,9878,35765
18,45661,1,0.0,1434,9879,35782
10,45671,1,0.0,1435,9879,35792
41,45712,1,0.0,1436,9880,35832
7,45719,1,0.0,1437,9880,35839
26,45745,1,0.0,1438,9881,35864
19,45764,1,0.0,1439,9881,35883
14,45778,1,0.0,1440,9881,35897
36,45814,1,0.0,1441,9881,35933
7,45821,1,0.0,1442,9881,35940
24,45845,1,0.0,1443,9881,35964
8,45853,1,0.0,1444,9881,35972
46,45899,1,0.0,1445,9881,36018
47,45946,1,0.0,1446,9881,36065
21,45967,1,0.0,1447,9881,36086
21,45988,1,0.0,1448,9881,36107
21,46009,1,0.0,1449,9881,36128
29,46038,1,0.0,1450,9883,36155
51,46089,1,0.0,1451,9883,36206
18,46107,1,0.0,1452,9884,36223
25,46132,1,0.0,1453,9885,36247
7,46139,1,0.0,1454,9885,36254
22,46161,1,0.0,1455,9886,36275
62,46223,1,0.0,1456,9888,36335
29,46252,1,0.0,1457,9889,36363
36,46288,1,0.0,1458,9890,36398
27,46315,1,0.0,1459,9893,36422
20,46335,1,0.0,1460,9894,36441
30,46365,1,0.0,1461,9894,36471
57,46422,1,0.0,1462,9895,36527
25,46447,1,0.0,1463,9895,36552
22,46469,1,0.0,1464,9896,36573
13,46482,1,0.0,1465,9896,36586
12,46494,1,0.0,1466,9896,36598
34,46528,1,0.0,1467,9896,36632
28,46556,1,0.0,1468,9896,36660
8,46564,1,0.0,1469,9897,36667
26,46590,1,0.0,1470,9898,36692
100,46690,1,0.0,1471,9903,36787
46,46736,1,0.0,1472,9905,36831
11,46747,1,0.0,1473,9905,36842
5,46752,1,0.0,1474,9906,36846
54,46806,1,0.0,1475,9910,36896
68,46874,1,0.0,1476,9912,36962
42,46916,1,0.0,1477,9912,37004
48,46964,1,0.0,1478,9915,37049
11,46975,1,0.0,1479,9917,37058
9,46984,1,0.0,1480,9917,37067
30,47014,1,0.0,1481,9917,37097
30,47044,1,0.0,1482,9918,37126
22,47066,1,0.0,1483,9918,37148
26,47092,1,0.0,1484,9919,37173
46,47138,1,0.0,1485,9920,37218
27,47165,1,0.0,1486,9921,37244
9,47174,1,0.0,1487,9921,37253
16,47190,1,0.0,1488,9922,37268
22,47212,1,0.0,1489,9923,37289
22,47234,1,0.0,1490,9923,37311
18,47252,1,0.0,1491,9925,37327
33,47285,1,0.0,1492,9926,37359
22,47307,1,0.0,1493,9926,37381
10,47317,1,0.0,1494,9927,37390
18,47335,1,0.0,1495,9928,37407
19,47354,1,0.0,1496,9929,37425
36,47390,1,0.0,1497,9931,37459
50,47440,1,0.0,1498,9932,37508
39,47479,1,0.0,1499,9933,37546
21,47500,1,0.0,1500,9934,37566
9,47509,1,0.0,1501,9934,37575
15,47524,1,0.0,1502,9934,37590
8,47532,1,0.0,1503,9934,37598
25,47557,1,0.0,1504,9934,37623
17,47574,1,0.0,1505,9935,37639
10,47584,1,0.0,1506,9935,37649
34,47618,1,0.0,1507,9937,37681
47,47665,1,0.0,1508,9937,37728
100,47765,1,0.0,1509,9938,37827
21,47786,1,0.0,1510,9938,37848
12,47798,1,0.0,1511,9938,37860
45,47843,1,0.0,1512,9943,37900
26,47869,1,0.0,1513,9943,37926
40,47909,1,0.0,1514,9943,37966
40,47949,1,0.0,1515,9943,38006
35,47984,1,0.0,1516,9944,38040
20,48004,1,0.0,1517,9944,38060
18,48022,1,0.0,1518,9944,38078
14,48036,1,0.0,1519,9944,38092
64,48100,1,0.0,1520,9946,38154
24,48124,1,0.0,1521,9948,38176
27,48151,1,0.0,1522,9949,38202
92,48243,1,0.0,1523,9951,38292
39,48282,1,0.0,1524,9952,38330
69,48351,1,0.0,1525,9954,38397
67,48418,1,0.0,1526,9954,38464
13,48431,1,0.0,1527,9954,38477
25,48456,1,0.0,1528,9954,38502
12,48468,1,0.0,1529,9954,38514
32,48500,1,0.0,1530,9954,38546
78,48578,1,0.0,1531,9954,38624
23,48601,1,0.0,1532,9955,38646
13,48614,1,0.0,1533,9955,38659
34,48648,1,0.0,1534,9955,38693
69,48717,1,0.0,1535,9956,38761
40,48757,1,0.0,1536,9957,38800
9,48766,1,0.0,1537,9957,38809
12,48778,1,0.0,1538,9958,38820
39,48817,1,0.0,1539,9959,38858
11,48828,1,0.0,1540,9959,38869
32,48860,1,0.0,1541,9959,38901
30,48890,1,0.0,1542,9959,38931
16,48906,1,0.0,1543,9959,38947
28,48934,1,0.0,1544,9959,38975
8,48942,1,0.0,1545,9959,38983
28,48970,1,0.0,1546,9959,39011
61,49031,1,0.0,1547,9960,39071
40,49071,1,0.0,1548,9961,39110
32,49103,1,0.0,1549,9963,39140
37,49140,1,0.0,1550,9963,39177
24,49164,1,0.0,1551,9963,39201
22,49186,1,0.0,1552,9963,39223
13,49199,1,0.0,1553,9964,39235
44,49243,1,0.0,1554,9965,39278
7,49250,1,0.0,1555,9965,39285
23,49273,1,0.0,1556,9965,39308
55,49328,1,0.0,1557,9965,39363
35,49363,1,0.0,1558,9967,39396
23,49386,1,0.0,1559,9968,39418
22,49408,1,0.0,1560,9969,39439
51,49459,2,1.0,1561,9970,39489
15,49474,2,0.0,1562,9970,39504
14,49488,2,0.0,1563,9970,39518
57,49545,2,0.0,1564,9971,39574
30,49575,2,0.0,1565,9971,39604
19,49594,2,0.0,1566,9971,39623
15,49609,2,0.0,1567,9971,39638
38,49647,2,0.0,1568,9971,39676
41,49688,2,0.0,1569,9971,39717
52,49740,2,0.0,1570,9972,39768
7,49747,2,0.0,1571,9972,39775
14,49761,2,0.0,1572,9972,39789
24,49785,2,0.0,1573,9973,39812
11,49796,2,0.0,1574,9973,39823
14,49810,2,0.0,1575,9973,39837
46,49856,2,0.0,1576,9974,39882
64,49920,2,0.0,1577,9974,39946
32,49952,2,0.0,1578,9974,39978
18,49970,2,0.0,1579,9975,39995
93,50063,2,0.0,1580,9975,40088
14,50077,2,0.0,1581,9975,40102
50,50127,2,0.0,1582,9975,40152
16,50143,2,0.0,1583,9975,40168
50,50193,2,0.0,1584,9975,40218
7,50200,2,0.0,1585,9975,40225
8,50208,2,0.0,1586,9975,40233
31,50239,2,0.0,1587,9975,40264
28,50267,2,0.0,1588,9975,40292
50,50317,2,0.0,1589,9975,40342
36,50353,2,0.0,1590,9975,40378
54,50407,2,0.0,1591,9975,40432
24,50431,2,0.0,1592,9975,40456
9,50440,2,0.0,1593,9975,40465
49,50489,2,0.0,1594,9975,40514
7,50496,2,0.0,1595,9975,40521
9,50505,2,0.0,1596,9975,40530
44,50549,2,0.0,1597,9976,40573
53,50602,2,0.0,1598,9976,40626
8,50610,2,0.0,1599,9976,40634
45,50655,2,0.0,1600,9977,40678
17,50672,2,0.0,1601,9977,40695
19,50691,2,0.0,1602,9977,40714
22,50713,2,0.0,1603,9978,40735
47,50760,2,0.0,1604,9978,40782
100,50860,2,0.0,1605,9978,40882
14,50874,2,0.0,1606,9978,40896
64,50938,2,0.0,1607,9978,40960
44,50982,2,0.0,1608,9978,41004
17,50999,2,0.0,1609,9978,41021
63,51062,2,0.0,1610,9979,41083
21,51083,2,0.0,1611,9980,41103
11,51094,2,0.0,1612,9980,41114
9,51103,2,0.0,1613,9980,41123
11,51114,2,0.0,1614,9980,41134
33,51147,2,0.0,1615,9980,41167
29,51176,2,0.0,1616,9980,41196
21,51197,2,0.0,1617,9981,41216
100,51297,2,0.0,1618,9982,41315
52,51349,2,0.0,1619,9982,41367
21,51370,2,0.0,1620,9982,41388
7,51377,2,0.0,1621,9982,41395
42,51419,2,0.0,1622,9982,41437
12,51431,2,0.0,1623,9982,41449
65,51496,2,0.0,1624,9982,41514
17,51513,2,0.0,1625,9982,41531
50,51563,2,0.0,1626,9982,41581
10,51573,2,0.0,1627,9982,41591
57,51630,2,0.0,1628,9982,41648
15,51645,2,0.0,1629,9982,41663
26,51671,2,0.0,1630,9982,41689
19,51690,2,0.0,1631,9982,41708
30,51720,2,0.0,1632,9982,41738
10,51730,2,0.0,1633,9982,41748
22,51752,2,0.0,1634,9982,41770
46,51798,2,0.0,1635,9982,41816
49,51847,2,0.0,1636,9983,41864
30,51877,2,0.0,1637,9983,41894
33,51910,2,0.0,1638,9984,41926
10,51920,2,0.0,1639,9985,41935
32,51952,2,0.0,1640,9985,41967
79,52031,2,0.0,1641,9986,42045
11,52042,2,0.0,1642,9986,42056
5,52047,2,0.0,1643,9986,42061
30,52077,2,0.0,1644,9987,42090
28,52105,2,0.0,1645,9988,42117
22,52127,2,0.0,1646,9988,42139
30,52157,2,0.0,1647,9988,42169
43,52200,2,0.0,1648,9988,42212
18,52218,2,0.0,1649,9988,42230
7,52225,2,0.0,1650,9988,42237
8,52233,2,0.0,1651,9988,42245
52,52285,2,0.0,1652,9988,42297
11,52296,2,0.0,1653,9988,42308
60,52356,2,0.0,1654,9988,42368
59,52415,2,0.0,1655,9988,42427
9,52424,2,0.0,1656,9988,42436
13,52437,2,0.0,1657,9988,42449
9,52446,2,0.0,1658,9988,42458
14,52460,2,0.0,1659,9988,42472
28,52488,2,0.0,1660,9989,42499
47,52535,2,0.0,1661,9990,42545
19,52554,2,0.0,1662,9990,42564
19,52573,2,0.0,1663,9990,42583
20,52593,2,0.0,1664,9990,42603
20,52613,2,0.0,1665,9990,42623
30,52643,2,0.0,1666,9990,42653
8,52651,2,0.0,1667,9990,42661
38,52689,2,0.0,1668,9990,42699
29,52718,2,0.0,1669,9990,42728
35,52753,2,0.0,1670,9990,42763
72,52825,2,0.0,1671,9992,42833
14,52839,2,0.0,1672,9992,42847
18,52857,2,0.0,1673,9993,42864
47,52904,2,0.0,1674,9993,42911
22,52926,2,0.0,1675,9993,42933
17,52943,2,0.0,1676,9993,42950
65,53008,2,0.0,1677,9993,43015
81,53089,2,0.0,1678,9993,43096
30,53119,2,0.0,1679,9993,43126
28,53147,2,0.0,1680,9993,43154
21,53168,2,0.0,1681,9993,43175
16,53184,2,0.0,1682,9994,43190
17,53201,2,0.0,1683,9994,43207
13,53214,2,0.0,1684,9994,43220
16,53230,2,0.0,1685,9994,43236
97,53327,2,0.0,1686,9994,43333
55,53382,2,0.0,1687,9996,43386
11,53393,2,0.0,1688,9996,43397
20,53413,2,0.0,1689,9996,43417
32,53445,2,0.0,1690,9996,43449
7,53452,2,0.0,1691,9996,43456
9,53461,2,0.0,1692,9996,43465
55,53516,2,0.0,1693,9996,43520
25,53541,2,0.0,1694,9996,43545
63,53604,2,0.0,1695,9996,43608
34,53638,2,0.0,1696,9997,43641
54,53692,2,0.0,1697,9997,43695
7,53699,2,0.0,1698,9997,43702
13,53712,2,0.0,1699,9997,43715
23,53735,2,0.0,1700,9997,43738
29,53764,2,0.0,1701,9997,43767
23,53787,2,0.0,1702,9997,43790
43,53830,2,0.0,1703,9997,43833
44,53874,2,0.0,1704,9998,43876
18,53892,2,0.0,1705,9998,43894
19,53911,2,0.0,1706,9998,43913
19,53930,2,0.0,1707,9998,43932
9,53939,2,0.0,1708,9998,43941
32,53971,2,0.0,1709,9998,43973
57,54028,2,0.0,1710,9998,44030
7,54035,2,0.0,1711,9998,44037
5,54040,2,0.0,1712,9998,44042
14,54054,2,0.0,1713,9998,44056
17,54071,2,0.0,1714,9998,44073
34,54105,2,0.0,1715,9998,44107
58,54163,2,0.0,1716,9999,44164
55,54218,2,0.0,1717,9999,44219
78,54296,2,0.0,1718,9999,44297
14,54310,2,0.0,1719,9999,44311
35,54345,2,0.0,1720,9999,44346
24,54369,2,0.0,1721,9999,44370
26,54395,2,0.0,1722,9999,44396
98,54493,2,0.0,1723,9999,44494
25,54518,2,0.0,1724,9999,44519
16,54534,2,0.0,1725,9999,44535
5,54539,2,0.0,1726,9999,44540
15,54554,2,0.0,1727,9999,44555
44,54598,2,0.0,1728,9999,44599
15,54613,2,0.0,1729,9999,44614
64,54677,2,0.0,1730,10001,44676
20,54697,2,0.0,1731,10001,44696
14,54711,2,0.0,1732,10001,44710
42,54753,2,0.0,1733,10003,44750
6,54759,2,0.0,1734,10003,44756
29,54788,2,0.0,1735,10003,44785
83,54871,2,0.0,1736,10004,44867
73,54944,2,0.0,1737,10004,44940
27,54971,2,0.0,1738,10004,44967
12,54983,2,0.0,1739,10004,44979
21,55004,2,0.0,1740,10004,45000
27,55031,2,0.0,1741,10004,45027
31,55062,2,0.0,1742,10004,45058
35,55097,2,0.0,1743,10004,45093
10,55107,2,0.0,1744,10004,45103
17,55124,2,0.0,1745,10004,45120
18,55142,2,0.0,1746,10005,45137
20,55162,2,0.0,1747,10005,45157
17,55179,2,0.0,1748,10005,45174
18,55197,2,0.0,1749,10006,45191
17,55214,2,0.0,1750,10006,45208
50,55264,2,0.0,1751,10006,45258
39,55303,2,0.0,1752,10007,45296
17,55320,2,0.0,1753,10008,45312
11,55331,2,0.0,1754,10008,45323
30,55361,2,0.0,1755,10008,45353
13,55374,2,0.0,1756,10008,45366
12,55386,2,0.0,1757,10008,45378
17,55403,2,0.0,1758,10008,45395
15,55418,2,0.0,1759,10008,45410
14,55432,2,0.0,1760,10008,45424
20,55452,2,0.0,1761,10008,45444
37,55489,2,0.0,1762,10008,45481
42,55531,2,0.0,1763,10008,45523
33,55564,2,0.0,1764,10008,45556
60,55624,2,0.0,1765,10008,45616
15,55639,2,0.0,1766,10009,45630
44,55683,2,0.0,1767,10012,45671
48,55731,2,0.0,1768,10012,45719
50,55781,2,0.0,1769,10013,45768
29,55810,2,0.0,1770,10013,45797
12,55822,2,0.0,1771,10013,45809
48,55870,2,0.0,1772,10013,45857
50,55920,2,0.0,1773,10013,45907
19,55939,2,0.0,1774,10013,45926
17,55956,2,0.0,1775,10013,45943
42,55998,2,0.0,1776,10013,45985
14,56012,2,0.0,1777,10013,45999
18,56030,2,0.0,1778,10013,46017
13,56043,2,0.0,1779,10013,46030
16,56059,2,0.0,1780,10013,46046
17,56076,2,0.0,1781,10013,46063
8,56084,2,0.0,1782,10013,46071
14,56098,2,0.0,1783,10013,46085
39,56137,2,0.0,1784,10013,46124
39,56176,2,0.0,1785,10014,46162
16,56192,2,0.0,1786,10014,46178
21,56213,2,0.0,1787,10014,46199
17,56230,2,0.0,1788,10014,46216
13,56243,2,0.0,1789,10014,46229
60,56303,2,0.0,1790,10014,46289
25,56328,2,0.0,1791,10014,46314
66,56394,2,0.0,1792,10014,46380
30,56424,2,0.0,1793,10014,46410
8,56432,2,0.0,1794,10015,46417
41,56473,2,0.0,1795,10017,46456
21,56494,2,0.0,1796,10017,46477
76,56570,2,0.0,1797,10018,46552
13,56583,2,0.0,1798,10018,46565
12,56595,2,0.0,1799,10018,46577
26,56621,2,0.0,1800,10018,46603
34,56655,2,0.0,1801,10018,46637
9,56664,2,0.0,1802,10019,46645
8,56672,2,0.0,1803,10019,46653
31,56703,2,0.0,1804,10019,46684
36,56739,2,0.0,1805,10019,46720
31,56770,2,0.0,1806,10019,46751
100,56870,2,0.0,1807,10021,46849
21,56891,2,0.0,1808,10021,46870
21,56912,2,0.0,1809,10021,46891
22,56934,2,0.0,1810,10021,46913
14,56948,2,0.0,1811,10021,46927
76,57024,2,0.0,1812,10021,47003
49,57073,2,0.0,1813,10021,47052
11,57084,2,0.0,1814,10021,47063
69,57153,2,0.0,1815,10021,47132
8,57161,2,0.0,1816,10021,47140
20,57181,2,0.0,1817,10021,47160
27,57208,2,0.0,1818,10021,47187
16,57224,2,0.0,1819,10021,47203
60,57284,2,0.0,1820,10021,47263
74,57358,2,0.0,1821,10021,47337
29,57387,2,0.0,1822,10021,47366
19,57406,2,0.0,1823,10021,47385
43,57449,2,0.0,1824,10021,47428
100,57549,2,0.0,1825,10024,47525
58,57607,2,0.0,1826,10024,47583
11,57618,2,0.0,1827,10024,47594
19,57637,2,0.0,1828,10024,47613
32,57669,2,0.0,1829,10024,47645
59,57728,2,0.0,1830,10024,47704
18,57746,2,0.0,1831,10024,47722
21,57767,2,0.0,1832,10024,47743
63,57830,2,0.0,1833,10024,47806
54,57884,2,0.0,1834,10024,47860
13,57897,2,0.0,1835,10024,47873
90,57987,2,0.0,1836,10024,47963
72,58059,2,0.0,1837,10025,48034
10,58069,2,0.0,1838,10025,48044
22,58091,2,0.0,1839,10025,48066
35,58126,2,0.0,1840,10025,48101
47,58173,2,0.0,1841,10025,48148
74,58247,2,0.0,1842,10026,48221
51,58298,2,0.0,1843,10026,48272
20,58318,2,0.0,1844,10026,48292
11,58329,2,0.0,1845,10026,48303
24,58353,2,0.0,1846,10026,48327
33,58386,2,0.0,1847,10026,48360
23,58409,2,0.0,1848,10027,48382
17,58426,2,0.0,1849,10028,48398
23,58449,2,0.0,1850,10028,48421
16,58465,2,0.0,1851,10028,48437
97,58562,2,0.0,1852,10028,48534
18,58580,2,0.0,1853,10028,48552
25,58605,2,0.0,1854,10028,48577
21,58626,2,0.0,1855,10028,48598
18,58644,2,0.0,1856,10028,48616
46,58690,2,0.0,1857,10028,48662
26,58716,2,0.0,1858,10028,48688
12,58728,2,0.0,1859,10028,48700
25,58753,2,0.0,1860,10028,48725
100,58853,2,0.0,1861,10031,48822
41,58894,2,0.0,1862,10031,48863
92,58986,2,0.0,1863,10032,48954
5,58991,2,0.0,1864,10032,48959
30,59021,2,0.0,1865,10032,48989
33,59054,2,0.0,1866,10032,49022
8,59062,2,0.0,1867,10032,49030
10,59072,2,0.0,1868,10032,49040
21,59093,2,0.0,1869,10032,49061
27,59120,2,0.0,1870,10032,49088
49,59169,2,0.0,1871,10032,49137
29,59198,2,0.0,1872,10032,49166
13,59211,2,0.0,1873,10032,49179
14,59225,2,0.0,1874,10032,49193
36,59261,2,0.0,1875,10032,49229
12,59273,2,0.0,1876,10032,49241
29,59302,2,0.0,1877,10032,49270
12,59314,2,0.0,1878,10032,49282
32,59346,2,0.0,1879,10032,49314
21,59367,2,0.0,1880,10032,49335
17,59384,2,0.0,1881,10032,49352
25,59409,2,0.0,1882,10032,49377
23,59432,2,0.0,1883,10032,49400
79,59511,2,0.0,1884,10032,49479
17,59528,2,0.0,1885,10032,49496
9,59537,2,0.0,1886,10032,49505
60,59597,2,0.0,1887,10032,49565
62,59659,2,0.0,1888,10032,49627
13,59672,2,0.0,1889,10032,49640
91,59763,2,0.0,1890,10033,49730
37,59800,2,0.0,1891,10033,49767
19,59819,2,0.0,1892,10033,49786
17,59836,2,0.0,1893,10033,49803
23,59859,2,0.0,1894,10033,49826
16,59875,2,0.0,1895,10034,49841
50,59925,2,0.0,1896,10035,49890
15,59940,2,0.0,1897,10035,49905
21,59961,2,0.0,1898,10035,49926
30,59991,2,0.0,1899,10036,49955
11,60002,2,0.0,1900,10036,49966
100,60102,2,0.0,1901,10036,50066
9,60111,2,0.0,1902,10036,50075
19,60130,2,0.0,1903,10036,50094
63,60193,2,0.0,1904,10037,50156
18,60211,2,0.0,1905,10037,50174
8,60219,2,0.0,1906,10037,50182
9,60228,2,0.0,1907,10037,50191
19,60247,2,0.0,1908,10037,50210
16,60263,2,0.0,1909,10037,50226
5,60268,2,0.0,1910,10037,50231
18,60286,2,0.0,1911,10038,50248
12,60298,2,0.0,1912,10038,50260
14,60312,2,0.0,1913,10038,50274
44,60356,2,0.0,1914,10038,50318
20,60376,2,0.0,1915,10038,50338
13,60389,2,0.0,1916,10038,50351
31,60420,2,0.0,1917,10039,50381
20,60440,2,0.0,1918,10040,50400
27,60467,2,0.0,1919,10040,50427
29,60496,2,0.0,1920,10040,50456
13,60509,2,0.0,1921,10040,50469
34,60543,2,0.0,1922,10040,50503
93,60636,2,0.0,1923,10040,50596
22,60658,2,0.0,1924,10040,50618
14,60672,2,0.0,1925,10040,50632
95,60767,2,0.0,1926,10041,50726
52,60819,2,0.0,1927,10042,50777
28,60847,2,0.0,1928,10042,50805
40,60887,2,0.0,1929,10043,50844
29,60916,2,0.0,1930,10044,50872
46,60962,2,0.0,1931,10044,50918
75,61037,2,0.0,1932,10045,50992
58,61095,2,0.0,1933,10045,51050
63,61158,2,0.0,1934,10046,51112
27,61185,2,0.0,1935,10046,51139
100,61285,2,0.0,1936,10046,51239
82,61367,2,0.0,1937,10046,51321
42,61409,2,0.0,1938,10046,51363
14,61423,2,0.0,1939,10046,51377
11,61434,2,0.0,1940,10046,51388
72,61506,2,0.0,1941,10046,51460
11,61517,2,0.0,1942,10046,51471
12,61529,2,0.0,1943,10046,51483
35,61564,2,0.0,1944,10046,51518
25,61589,2,0.0,1945,10046,51543
32,61621,2,0.0,1946,10046,51575
17,61638,2,0.0,1947,10046,51592
32,61670,2,0.0,1948,10046,51624
62,61732,2,0.0,1949,10047,51685
76,61808,2,0.0,1950,10048,51760
46,61854,2,0.0,1951,10048,51806
100,61954,2,0.0,1952,10048,51906
23,61977,2,0.0,1953,10048,51929
28,62005,2,0.0,1954,10048,51957
64,62069,2,0.0,1955,10050,52019
20,62089,2,0.0,1956,10050,52039
15,62104,2,0.0,1957,10050,52054
47,62151,2,0.0,1958,10050,52101
21,62172,2,0.0,1959,10050,52122
26,62198,2,0.0,1960,10050,52148
25,62223,2,0.0,1961,10050,52173
24,62247,2,0.0,1962,10050,52197
42,62289,2,0.0,1963,10050,52239
97,62386,2,0.0,1964,10050,52336
51,62437,2,0.0,1965,10051,52386
18,62455,2,0.0,1966,10051,52404
46,62501,2,0.0,1967,10051,52450
36,62537,2,0.0,1968,10051,52486
19,62556,2,0.0,1969,10051,52505
47,62603,2,0.0,1970,10052,52551
13,62616,2,0.0,1971,10052,52564
22,62638,2,0.0,1972,10052,52586
39,62677,2,0.0,1973,10052,52625
13,62690,2,0.0,1974,10052,52638
43,62733,2,0.0,1975,10052,52681
11,62744,2,0.0,1976,10052,52692
17,62761,2,0.0,1977,10052,52709
22,62783,2,0.0,1978,10053,52730
26,62809,2,0.0,1979,10054,52755
36,62845,2,0.0,1980,10054,52791
29,62874,2,0.0,1981,10054,52820
64,62938,2,0.0,1982,10055,52883
30,62968,2,0.0,1983,10055,52913
15,62983,2,0.0,1984,10055,52928
30,63013,2,0.0,1985,10055,52958
26,63039,2,0.0,1986,10055,52984
35,63074,2,0.0,1987,10055,53019
24,63098,2,0.0,1988,10055,53043
22,63120,2,0.0,1989,10055,53065
23,63143,2,0.0,1990,10055,53088
13,63156,2,0.0,1991,10055,53101
96,63252,2,0.0,1992,10055,53197
13,63265,2,0.0,1993,10055,53210
21,63286,2,0.0,1994,10055,53231
83,63369,2,0.0,1995,10055,53314
28,63397,2,0.0,1996,10055,53342
44,63441,2,0.0,1997,10055,53386
13,63454,2,0.0,1998,10055,53399
49,63503,2,0.0,1999,10056,53447
12,63515,2,0.0,2000,10056,53459
31,63546,2,0.0,2001,10057,53489
16,63562,2,0.0,2002,10057,53505
19,63581,2,0.0,2003,10057,53524
24,63605,2,0.0,2004,10057,53548
15,63620,2,0.0,2005,10057,53563
15,63635,2,0.0,2006,10057,53578
17,63652,2,0.0,2007,10057,53595
37,63689,2,0.0,2008,10058,53631
65,63754,2,0.0,2009,10058,53696
8,63762,2,0.0,2010,10059,53703
24,63786,2,0.0,2011,10059,53727
26,63812,2,0.0,2012,10059,53753
52,63864,2,0.0,2013,10059,53805
46,63910,2,0.0,2014,10060,53850
7,63917,2,0.0,2015,10060,53857
17,63934,2,0.0,2016,10060,53874
97,64031,2,0.0,2017,10060,53971
48,64079,2,0.0,2018,10060,54019
77,64156,2,0.0,2019,10060,54096
31,64187,2,0.0,2020,10060,54127
100,64287,2,0.0,2021,10060,54227
39,64326,2,0.0,2022,10060,54266
9,64335,2,0.0,2023,10060,54275
19,64354,2,0.0,2024,10060,54294
11,64365,2,0.0,2025,10060,54305
93,64458,2,0.0,2026,10061,54397
15,64473,2,0.0,2027,10061,54412
25,64498,2,0.0,2028,10063,54435
51,64549,2,0.0,2029,10063,54486
15,64564,2,0.0,2030,10063,54501
22,64586,2,0.0,2031,10064,54522
25,64611,2,0.0,2032,10065,54546
38,64649,2,0.0,2033,10065,54584
27,64676,2,0.0,2034,10065,54611
34,64710,2,0.0,2035,10065,54645
27,64737,2,0.0,2036,10065,54672
67,64804,2,0.0,2037,10066,54738
72,64876,2,0.0,2038,10066,54810
45,64921,2,0.0,2039,10068,54853
42,64963,2,0.0,2040,10068,54895
14,64977,2,0.0,2041,10068,54909
46,65023,2,0.0,2042,10068,54955
24,65047,2,0.0,2043,10068,54979
14,65061,2,0.0,2044,10068,54993
35,65096,2,0.0,2045,10068,55028
58,65154,2,0.0,2046,10068,55086
58,65212,2,0.0,2047,10068,55144
24,65236,2,0.0,2048,10068,55168
16,65252,2,0.0,2049,10069,55183
11,65263,2,0.0,2050,10069,55194
69,65332,2,0.0,2051,10069,55263
24,65356,2,0.0,2052,10069,55287
15,65371,2,0.0,2053,10069,55302
28,65399,2,0.0,2054,10069,55330
44,65443,2,0.0,2055,10069,55374
13,65456,2,0.0,2056,10069,55387
13,65469,2,0.0,2057,10069,55400
38,65507,2,0.0,2058,10070,55437
38,65545,2,0.0,2059,10070,55475
43,65588,2,0.0,2060,10070,55518
8,65596,2,0.0,2061,10070,55526
86,65682,2,0.0,2062,10073,55609
26,65708,2,0.0,2063,10073,55635
11,65719,2,0.0,2064,10073,55646
35,65754,2,0.0,2065,10073,55681
18,65772,2,0.0,2066,10073,55699
18,65790,2,0.0,2067,10074,55716
100,65890,2,0.0,2068,10076,55814
47,65937,2,0.0,2069,10077,55860
8,65945,2,0.0,2070,10077,55868
25,65970,2,0.0,2071,10077,55893
15,65985,2,0.0,2072,10077,55908
15,66000,2,0.0,2073,10077,55923
47,66047,2,0.0,2074,10077,55970
29,66076,2,0.0,2075,10078,55998
48,66124,2,0.0,2076,10078,56046
20,66144,2,0.0,2077,10079,56065
22,66166,2,0.0,2078,10079,56087
11,66177,2,0.0,2079,10079,56098
17,66194,2,0.0,2080,10079,56115
48,66242,2,0.0,2081,10079,56163
69,66311,2,0.0,2082,10079,56232
50,66361,2,0.0,2083,10079,56282
12,66373,2,0.0,2084,10079,56294
34,66407,2,0.0,2085,10079,56328
5,66412,2,0.0,2086,10079,56333
30,66442,2,0.0,2087,10079,56363
63,66505,2,0.0,2088,10079,56426
40,66545,2,0.0,2089,10079,56466
41,66586,2,0.0,2090,10079,56507
16,66602,2,0.0,2091,10080,56522
32,66634,2,0.0,2092,10080,56554
8,66642,2,0.0,2093,10080,56562
10,66652,2,0.0,2094,10080,56572
39,66691,2,0.0,2095,10080,56611
25,66716,2,0.0,2096,10081,56635
31,66747,2,0.0,2097,10081,56666
24,66771,2,0.0,2098,10081,56690
62,66833,2,0.0,2099,10082,56751
5,66838,2,0.0,2100,10082,56756
37,66875,2,0.0,2101,10082,56793
30,66905,2,0.0,2102,10082,56823
12,66917,2,0.0,2103,10082,56835
23,66940,2,0.0,2104,10082,56858
62,67002,2,0.0,2105,10083,56919
13,67015,2,0.0,2106,10083,56932
28,67043,2,0.0,2107,10083,56960
100,67143,2,0.0,2108,10084,57059
15,67158,2,0.0,2109,10084,57074
38,67196,2,0.0,2110,10084,57112
13,67209,2,0.0,2111,10084,57125
32,67241,2,0.0,2112,10084,57157
27,67268,2,0.0,2113,10084,57184
32,67300,2,0.0,2114,10084,57216
40,67340,2,0.0,2115,10084,57256
8,67348,2,0.0,2116,10084,57264
16,67364,2,0.0,2117,10084,57280
18,67382,2,0.0,2118,10084,57298
18,67400,2,0.0,2119,10084,57316
20,67420,2,0.0,2120,10084,57336
67,67487,2,0.0,2121,10085,57402
23,67510,2,0.0,2122,10085,57425
52,67562,2,0.0,2123,10085,57477
12,67574,2,0.0,2124,10085,57489
19,67593,2,0.0,2125,10085,57508
65,67658,2,0.0,2126,10085,57573
14,67672,2,0.0,2127,10085,57587
21,67693,2,0.0,2128,10085,57608
25,67718,2,0.0,2129,10085,57633
48,67766,2,0.0,2130,10086,57680
34,67800,2,0.0,2131,10086,57714
22,67822,2,0.0,2132,10086,57736
30,67852,2,0.0,2133,10086,57766
17,67869,2,0.0,2134,10086,57783
33,67902,2,0.0,2135,10086,57816
57,67959,2,0.0,2136,10086,57873
29,67988,2,0.0,2137,10086,57902
34,68022,2,0.0,2138,10086,57936
35,68057,2,0.0,2139,10086,57971
77,68134,2,0.0,2140,10087,58047
100,68234,2,0.0,2141,10087,58147
30,68264,2,0.0,2142,10087,58177
65,68329,2,0.0,2143,10087,58242
43,68372,2,0.0,2144,10087,58285
16,68388,2,0.0,2145,10087,58301
18,68406,2,0.0,2146,10087,58319
100,68506,2,0.0,2147,10087,58419
36,68542,2,0.0,2148,10088,58454
18,68560,2,0.0,2149,10088,58472
26,68586,2,0.0,2150,10088,58498
15,68601,2,0.0,2151,10088,58513
18,68619,2,0.0,2152,10088,58531
100,68719,2,0.0,2153,10088,58631
45,68764,2,0.0,2154,10088,58676
21,68785,2,0.0,2155,10089,58696
9,68794,2,0.0,2156,10089,58705
23,68817,2,0.0,2157,10089,58728
7,68824,2,0.0,2158,10089,58735
17,68841,2,0.0,2159,10089,58752
21,68862,2,0.0,2160,10089,58773
44,68906,2,0.0,2161,10089,58817
15,68921,2,0.0,2162,10089,58832
100,69021,2,0.0,2163,10089,58932
40,69061,2,0.0,2164,10089,58972
11,69072,2,0.0,2165,10089,58983
11,69083,2,0.0,2166,10089,58994
15,69098,2,0.0,2167,10089,59009
15,69113,2,0.0,2168,10089,59024
28,69141,2,0.0,2169,10089,59052
20,69161,2,0.0,2170,10089,59072
18,69179,2,0.0,2171,10089,59090
15,69194,2,0.0,2172,10089,59105
7,69201,2,0.0,2173,10089,59112
12,69213,2,0.0,2174,10089,59124
31,69244,2,0.0,2175,10089,59155
8,69252,2,0.0,2176,10089,59163
67,69319,2,0.0,2177,10089,59230
35,69354,2,0.0,2178,10089,59265
15,69369,2,0.0,2179,10089,59280
11,69380,2,0.0,2180,10089,59291
42,69422,2,0.0,2181,10090,59332
22,69444,2,0.0,2182,10090,59354
14,69458,2,0.0,2183,10090,59368
33,69491,2,0.0,2184,10090,59401
10,69501,2,0.0,2185,10090,59411
33,69534,2,0.0,2186,10090,59444
26,69560,2,0.0,2187,10090,59470
16,69576,2,0.0,2188,10090,59486
30,69606,2,0.0,2189,10090,59516
15,69621,2,0.0,2190,10090,59531
13,69634,2,0.0,2191,10090,59544
13,69647,2,0.0,2192,10090,59557
60,69707,2,0.0,2193,10091,59616
15,69722,2,0.0,2194,10091,59631
13,69735,2,0.0,2195,10091,59644
81,69816,2,0.0,2196,10091,59725
32,69848,2,0.0,2197,10091,59757
12,69860,2,0.0,2198,10091,59769
12,69872,2,0.0,2199,10091,59781
100,69972,2,0.0,2200,10091,59881
12,69984,2,0.0,2201,10091,59893
19,70003,2,0.0,2202,10091,59912
88,70091,2,0.0,2203,10091,60000
11,70102,2,0.0,2204,10091,60011
14,70116,2,0.0,2205,10091,60025
17,70133,2,0.0,2206,10091,60042
14,70147,2,0.0,2207,10091,60056
25,70172,2,0.0,2208,10091,60081
25,70197,2,0.0,2209,10091,60106
11,70208,2,0.0,2210,10091,60117
27,70235,2,0.0,2211,10091,60144
83,70318,2,0.0,2212,10091,60227
20,70338,2,0.0,2213,10091,60247
39,70377,2,0.0,2214,10092,60285
76,70453,2,0.0,2215,10092,60361
23,70476,2,0.0,2216,10092,60384
80,70556,2,0.0,2217,10092,60464
60,70616,2,0.0,2218,10094,60522
38,70654,2,0.0,2219,10094,60560
32,70686,2,0.0,2220,10095,60591
97,70783,2,0.0,2221,10095,60688
27,70810,2,0.0,2222,10095,60715
15,70825,2,0.0,2223,10095,60730
5,70830,2,0.0,2224,10095,60735
20,70850,2,0.0,2225,10095,60755
19,70869,2,0.0,2226,10095,60774
42,70911,2,0.0,2227,10095,60816
31,70942,2,0.0,2228,10095,60847
44,70986,2,0.0,2229,10095,60891
22,71008,2,0.0,2230,10095,60913
66,71074,2,0.0,2231,10095,60979
13,71087,2,0.0,2232,10095,60992
11,71098,2,0.0,2233,10095,61003
58,71156,2,0.0,2234,10095,61061
20,71176,2,0.0,2235,10095,61081
24,71200,2,0.0,2236,10095,61105
46,71246,2,0.0,2237,10095,61151
42,71288,2,0.0,2238,10095,61193
41,71329,2,0.0,2239,10095,61234
15,71344,2,0.0,2240,10095,61249
9,71353,2,0.0,2241,10095,61258
20,71373,2,0.0,2242,10095,61278
37,71410,2,0.0,2243,10095,61315
17,71427,2,0.0,2244,10095,61332
100,71527,2,0.0,2245,10095,61432
16,71543,2,0.0,2246,10095,61448
16,71559,2,0.0,2247,10095,61464
53,71612,2,0.0,2248,10095,61517
11,71623,2,0.0,2249,10095,61528
9,71632,2,0.0,2250,10095,61537
25,71657,2,0.0,2251,10095,61562
100,71757,2,0.0,2252,10096,61661
16,71773,2,0.0,2253,10096,61677
100,71873,2,0.0,2254,10096,61777
77,71950,2,0.0,2255,10096,61854
37,71987,2,0.0,2256,10096,61891
25,72012,2,0.0,2257,10096,61916
32,72044,2,0.0,2258,10096,61948
15,72059,2,0.0,2259,10096,61963
42,72101,2,0.0,2260,10096,62005
52,72153,2,0.0,2261,10096,62057
29,72182,2,0.0,2262,10096,62086
98,72280,2,0.0,2263,10097,62183
8,72288,2,0.0,2264,10097,62191
39,72327,2,0.0,2265,10097,62230
35,72362,2,0.0,2266,10097,62265
35,72397,2,0.0,2267,10097,62300
33,72430,2,0.0,2268,10097,62333
43,72473,2,0.0,2269,10097,62376
12,72485,2,0.0,2270,10097,62388
22,72507,2,0.0,2271,10097,62410
21,72528,2,0.0,2272,10097,62431
40,72568,2,0.0,2273,10097,62471
12,72580,2,0.0,2274,10097,62483
47,72627,2,0.0,2275,10097,62530
24,72651,2,0.0,2276,10097,62554
18,72669,2,0.0,2277,10097,62572
55,72724,2,0.0,2278,10097,62627
33,72757,2,0.0,2279,10097,62660
26,72783,2,0.0,2280,10097,62686
100,72883,2,0.0,2281,10097,62786
20,72903,2,0.0,2282,10097,62806
32,72935,2,0.0,2283,10097,62838
46,72981,2,0.0,2284,10097,62884
79,73060,2,0.0,2285,10098,62962
13,73073,2,0.0,2286,10098,62975
58,73131,2,0.0,2287,10098,63033
12,73143,2,0.0,2288,10098,63045
19,73162,2,0.0,2289,10098,63064
31,73193,2,0.0,2290,10098,63095
15,73208,2,0.0,2291,10099,63109
6,73214,2,0.0,2292,10099,63115
14,73228,2,0.0,2293,10099,63129
35,73263,2,0.0,2294,10099,63164
34,73297,2,0.0,2295,10099,63198
21,73318,2,0.0,2296,10099,63219
17,73335,2,0.0,2297,10099,63236
16,73351,2,0.0,2298,10099,63252
22,73373,2,0.0,2299,10099,63274
75,73448,2,0.0,2300,10099,63349
12,73460,2,0.0,2301,10099,63361
53,73513,2,0.0,2302,10100,63413
77,73590,2,0.0,2303,10100,63490
73,73663,2,0.0,2304,10100,63563
33,73696,2,0.0,2305,10100,63596
32,73728,2,0.0,2306,10101,63627
57,73785,2,0.0,2307,10101,63684
20,73805,2,0.0,2308,10101,63704
11,73816,2,0.0,2309,10101,63715
27,73843,2,0.0,2310,10101,63742
31,73874,2,0.0,2311,10101,63773
63,73937,2,0.0,2312,10101,63836
48,73985,2,0.0,2313,10101,63884
36,74021,2,0.0,2314,10101,63920
18,74039,2,0.0,2315,10101,63938
89,74128,2,0.0,2316,10103,64025
34,74162,2,0.0,2317,10103,64059
33,74195,2,0.0,2318,10103,64092
58,74253,2,0.0,2319,10104,64149
61,74314,2,0.0,2320,10104,64210
36,74350,2,0.0,2321,10104,64246
15,74365,2,0.0,2322,10104,64261
40,74405,2,0.0,2323,10104,64301
15,74420,2,0.0,2324,10104,64316
10,74430,2,0.0,2325,10104,64326
65,74495,2,0.0,2326,10106,64389
60,74555,2,0.0,2327,10106,64449
21,74576,2,0.0,2328,10106,64470
26,74602,2,0.0,2329,10106,64496
15,74617,2,0.0,2330,10107,64510
15,74632,2,0.0,2331,10108,64524
32,74664,2,0.0,2332,10108,64556
18,74682,2,0.0,2333,10108,64574
29,74711,2,0.0,2334,10108,64603
25,74736,2,0.0,2335,10108,64628
100,74836,2,0.0,2336,10108,64728
50,74886,2,0.0,2337,10108,64778
12,74898,2,0.0,2338,10108,64790
11,74909,2,0.0,2339,10108,64801
26,74935,2,0.0,2340,10108,64827
34,74969,2,0.0,2341,10108,64861
24,74993,2,0.0,2342,10108,64885
36,75029,2,0.0,2343,10108,64921
21,75050,2,0.0,2344,10108,64942
10,75060,2,0.0,2345,10109,64951
32,75092,2,0.0,2346,10109,64983
17,75109,2,0.0,2347,10109,65000
58,75167,2,0.0,2348,10109,65058
8,75175,2,0.0,2349,10109,65066
26,75201,2,0.0,2350,10109,65092
16,75217,2,0.0,2351,10110,65107
27,75244,2,0.0,2352,10110,65134
14,75258,2,0.0,2353,10110,65148
23,75281,2,0.0,2354,10110,65171
13,75294,2,0.0,2355,10110,65184
73,75367,2,0.0,2356,10111,65256
40,75407,2,0.0,2357,10111,65296
19,75426,2,0.0,2358,10111,65315
19,75445,2,0.0,2359,10111,65334
35,75480,2,0.0,2360,10111,65369
100,75580,2,0.0,2361,10112,65468
22,75602,2,0.0,2362,10112,65490
36,75638,2,0.0,2363,10112,65526
14,75652,2,0.0,2364,10112,65540
46,75698,2,0.0,2365,10112,65586
47,75745,2,0.0,2366,10112,65633
12,75757,2,0.0,2367,10112,65645
18,75775,2,0.0,2368,10112,65663
31,75806,2,0.0,2369,10112,65694
17,75823,2,0.0,2370,10112,65711
16,75839,2,0.0,2371,10112,65727
27,75866,2,0.0,2372,10112,65754
15,75881,2,0.0,2373,10112,65769
20,75901,2,0.0,2374,10112,65789
30,75931,2,0.0,2375,10112,65819
22,75953,2,0.0,2376,10112,65841
15,75968,2,0.0,2377,10112,65856
8,75976,2,0.0,2378,10112,65864
22,75998,2,0.0,2379,10112,65886
12,76010,2,0.0,2380,10112,65898
57,76067,2,0.0,2381,10112,65955
19,76086,2,0.0,2382,10112,65974
15,76101,2,0.0,2383,10112,65989
23,76124,2,0.0,2384,10112,66012
43,76167,2,0.0,2385,10113,66054
32,76199,2,0.0,2386,10113,66086
32,76231,2,0.0,2387,10113,66118
27,76258,2,0.0,2388,10113,66145
16,76274,2,0.0,2389,10113,66161
22,76296,2,0.0,2390,10113,66183
41,76337,2,0.0,2391,10113,66224
17,76354,2,0.0,2392,10113,66241
72,76426,2,0.0,2393,10113,66313
26,76452,2,0.0,2394,10113,66339
15,76467,2,0.0,2395,10113,66354
36,76503,2,0.0,2396,10113,66390
17,76520,2,0.0,2397,10113,66407
74,76594,2,0.0,2398,10114,66480
14,76608,2,0.0,2399,10114,66494
71,76679,2,0.0,2400,10115,66564
49,76728,2,0.0,2401,10115,66613
13,76741,2,0.0,2402,10115,66626
20,76761,2,0.0,2403,10115,66646
18,76779,2,0.0,2404,10115,66664
35,76814,2,0.0,2405,10115,66699
20,76834,2,0.0,2406,10115,66719
71,76905,2,0.0,2407,10115,66790
19,76924,2,0.0,2408,10115,66809
37,76961,2,0.0,2409,10115,66846
51,77012,2,0.0,2410,10116,66896
8,77020,2,0.0,2411,10116,66904
22,77042,2,0.0,2412,10116,66926
29,77071,2,0.0,2413,10116,66955
21,77092,2,0.0,2414,10116,66976
23,77115,2,0.0,2415,10117,66998
27,77142,2,0.0,2416,10117,67025
25,77167,2,0.0,2417,10117,67050
17,77184,2,0.0,2418,10117,67067
27,77211,2,0.0,2419,10117,67094
76,77287,2,0.0,2420,10118,67169
22,77309,2,0.0,2421,10118,67191
45,77354,2,0.0,2422,10118,67236
28,77382,2,0.0,2423,10118,67264
17,77399,2,0.0,2424,10118,67281
49,77448,2,0.0,2425,10118,67330
14,77462,2,0.0,2426,10118,67344
14,77476,2,0.0,2427,10118,67358
44,77520,2,0.0,2428,10118,67402
23,77543,2,0.0,2429,10118,67425
33,77576,2,0.0,2430,10119,67457
25,77601,2,0.0,2431,10119,67482
54,77655,2,0.0,2432,10119,67536
90,77745,2,0.0,2433,10121,67624
20,77765,2,0.0,2434,10121,67644
33,77798,2,0.0,2435,10121,67677
25,77823,2,0.0,2436,10121,67702
25,77848,2,0.0,2437,10121,67727
55,77903,2,0.0,2438,10121,67782
32,77935,2,0.0,2439,10121,67814
17,77952,2,0.0,2440,10122,67830
33,77985,2,0.0,2441,10122,67863
17,78002,2,0.0,2442,10122,67880
68,78070,2,0.0,2443,10122,67948
50,78120,2,0.0,2444,10122,67998
40,78160,2,0.0,2445,10122,68038
90,78250,2,0.0,2446,10122,68128
24,78274,2,0.0,2447,10122,68152
29,78303,2,0.0,2448,10123,68180
72,78375,2,0.0,2449,10123,68252
8,78383,2,0.0,2450,10123,68260
25,78408,2,0.0,2451,10123,68285
18,78426,2,0.0,2452,10123,68303
15,78441,2,0.0,2453,10124,68317
24,78465,2,0.0,2454,10124,68341
35,78500,2,0.0,2455,10124,68376
21,78521,2,0.0,2456,10124,68397
38,78559,2,0.0,2457,10124,68435
18,78577,2,0.0,2458,10124,68453
24,78601,2,0.0,2459,10124,68477
75,78676,2,0.0,2460,10124,68552
7,78683,2,0.0,2461,10124,68559
48,78731,2,0.0,2462,10126,68605
24,78755,2,0.0,2463,10126,68629
20,78775,2,0.0,2464,10126,68649
19,78794,2,0.0,2465,10126,68668
9,78803,2,0.0,2466,10126,68677
64,78867,2,0.0,2467,10126,68741
22,78889,2,0.0,2468,10126,68763
30,78919,2,0.0,2469,10126,68793
20,78939,2,0.0,2470,10126,68813
22,78961,2,0.0,2471,10126,68835
32,78993,2,0.0,2472,10126,68867
31,79024,2,0.0,2473,10126,68898
42,79066,2,0.0,2474,10126,68940
21,79087,2,0.0,2475,10126,68961
65,79152,2,0.0,2476,10126,69026
75,79227,2,0.0,2477,10127,69100
31,79258,2,0.0,2478,10127,69131
38,79296,2,0.0,2479,10127,69169
12,79308,2,0.0,2480,10127,69181
48,79356,2,0.0,2481,10127,69229
40,79396,2,0.0,2482,10127,69269
31,79427,2,0.0,2483,10127,69300
41,79468,2,0.0,2484,10127,69341
34,79502,2,0.0,2485,10127,69375
83,79585,2,0.0,2486,10127,69458
20,79605,2,0.0,2487,10127,69478
7,79612,2,0.0,2488,10127,69485
42,79654,2,0.0,2489,10127,69527
56,79710,2,0.0,2490,10127,69583
16,79726,2,0.0,2491,10127,69599
48,79774,2,0.0,2492,10127,69647
48,79822,2,0.0,2493,10127,69695
18,79840,2,0.0,2494,10127,69713
100,79940,2,0.0,2495,10129,69811
14,79954,2,0.0,2496,10129,69825
11,79965,2,0.0,2497,10129,69836
18,79983,2,0.0,2498,10129,69854
40,80023,2,0.0,2499,10129,69894
41,80064,2,0.0,2500,10129,69935
59,80123,2,0.0,2501,10129,69994
10,80133,2,0.0,2502,10129,70004
10,80143,2,0.0,2503,10130,70013
45,80188,2,0.0,2504,10130,70058
16,80204,2,0.0,2505,10130,70074
16,80220,2,0.0,2506,10130,70090
23,80243,2,0.0,2507,10130,70113
11,80254,2,0.0,2508,10130,70124
10,80264,2,0.0,2509,10130,70134
40,80304,2,0.0,2510,10130,70174
31,80335,2,0.0,2511,10130,70205
35,80370,2,0.0,2512,10130,70240
12,80382,2,0.0,2513,10130,70252
13,80395,2,0.0,2514,10130,70265
34,80429,2,0.0,2515,10130,70299
24,80453,2,0.0,2516,10130,70323
37,80490,2,0.0,2517,10131,70359
41,80531,2,0.0,2518,10132,70399
36,80567,2,0.0,2519,10132,70435
45,80612,2,0.0,2520,10132,70480
9,80621,2,0.0,2521,10132,70489
17,80638,2,0.0,2522,10132,70506
39,80677,2,0.0,2523,10132,70545
19,80696,2,0.0,2524,10132,70564
46,80742,2,0.0,2525,10132,70610
35,80777,2,0.0,2526,10132,70645
98,80875,2,0.0,2527,10132,70743
29,80904,2,0.0,2528,10132,70772
21,80925,2,0.0,2529,10132,70793
51,80976,2,0.0,2530,10132,70844
30,81006,2,0.0,2531,10132,70874
29,81035,2,0.0,2532,10133,70902
9,81044,2,0.0,2533,10133,70911
74,81118,2,0.0,2534,10133,70985
23,81141,2,0.0,2535,10133,71008
38,81179,2,0.0,2536,10133,71046
14,81193,2,0.0,2537,10133,71060
14,81207,2,0.0,2538,10133,71074
9,81216,2,0.0,2539,10133,71083
27,81243,2,0.0,2540,10133,71110
9,81252,2,0.0,2541,10133,71119
48,81300,2,0.0,2542,10133,71167
7,81307,2,0.0,2543,10133,71174
21,81328,2,0.0,2544,10133,71195
57,81385,2,0.0,2545,10133,71252
64,81449,2,0.0,2546,10134,71315
84,81533,2,0.0,2547,10134,71399
10,81543,2,0.0,2548,10134,71409
39,81582,2,0.0,2549,10134,71448
17,81599,2,0.0,2550,10134,71465
33,81632,2,0.0,2551,10134,71498
49,81681,2,0.0,2552,10134,71547
47,81728,2,0.0,2553,10134,71594
32,81760,2,0.0,2554,10134,71626
35,81795,2,0.0,2555,10134,71661
27,81822,2,0.0,2556,10134,71688
36,81858,2,0.0,2557,10134,71724
18,81876,2,0.0,2558,10134,71742
57,81933,2,0.0,2559,10134,71799
56,81989,2,0.0,2560,10134,71855
24,82013,2,0.0,2561,10134,71879
41,82054,2,0.0,2562,10134,71920
17,82071,2,0.0,2563,10134,71937
31,82102,2,0.0,2564,10134,71968
33,82135,2,0.0,2565,10134,72001
48,82183,2,0.0,2566,10134,72049
28,82211,2,0.0,2567,10134,72077
100,82311,2,0.0,2568,10134,72177
33,82344,2,0.0,2569,10134,72210
32,82376,2,0.0,2570,10134,72242
52,82428,2,0.0,2571,10134,72294
49,82477,2,0.0,2572,10135,72342
15,82492,2,0.0,2573,10135,72357
41,82533,2,0.0,2574,10135,72398
18,82551,2,0.0,2575,10135,72416
22,82573,2,0.0,2576,10135,72438
31,82604,2,0.0,2577,10135,72469
11,82615,2,0.0,2578,10135,72480
7,82622,2,0.0,2579,10135,72487
12,82634,2,0.0,2580,10135,72499
36,82670,2,0.0,2581,10135,72535
7,82677,2,0.0,2582,10135,72542
26,82703,2,0.0,2583,10135,72568
55,82758,2,0.0,2584,10135,72623
8,82766,2,0.0,2585,10135,72631
34,82800,2,0.0,2586,10135,72665
61,82861,2,0.0,2587,10135,72726
34,82895,2,0.0,2588,10135,72760
24,82919,2,0.0,2589,10135,72784
21,82940,2,0.0,2590,10135,72805
38,82978,2,0.0,2591,10135,72843
19,82997,2,0.0,2592,10135,72862
69,83066,2,0.0,2593,10135,72931
30,83096,2,0.0,2594,10135,72961
21,83117,2,0.0,2595,10135,72982
10,83127,2,0.0,2596,10135,72992
13,83140,2,0.0,2597,10136,73004
33,83173,2,0.0,2598,10136,73037
56,83229,2,0.0,2599,10136,73093
15,83244,2,0.0,2600,10136,73108
17,83261,2,0.0,2601,10136,73125
17,83278,2,0.0,2602,10136,73142
75,83353,2,0.0,2603,10136,73217
24,83377,2,0.0,2604,10137,73240
12,83389,2,0.0,2605,10137,73252
27,83416,2,0.0,2606,10137,73279
48,83464,2,0.0,2607,10137,73327
26,83490,2,0.0,2608,10137,73353
10,83500,2,0.0,2609,10137,73363
25,83525,2,0.0,2610,10137,73388
10,83535,2,0.0,2611,10137,73398
32,83567,2,0.0,2612,10137,73430
18,83585,2,0.0,2613,10137,73448
33,83618,2,0.0,2614,10137,73481
32,83650,2,0.0,2615,10137,73513
7,83657,2,0.0,2616,10137,73520
11,83668,2,0.0,2617,10137,73531
13,83681,2,0.0,2618,10137,73544
23,83704,2,0.0,2619,10137,73567
21,83725,2,0.0,2620,10137,73588
47,83772,2,0.0,2621,10137,73635
29,83801,2,0.0,2622,10137,73664
37,83838,2,0.0,2623,10137,73701
29,83867,2,0.0,2624,10137,73730
36,83903,2,0.0,2625,10138,73765
6,83909,2,0.0,2626,10138,73771
65,83974,2,0.0,2627,10138,73836
12,83986,2,0.0,2628,10138,73848
8,83994,2,0.0,2629,10138,73856
8,84002,2,0.0,2630,10138,73864
58,84060,2,0.0,2631,10139,73921
33,84093,2,0.0,2632,10140,73953
22,84115,2,0.0,2633,10140,73975
100,84215,2,0.0,2634,10140,74075
11,84226,2,0.0,2635,10140,74086
7,84233,2,0.0,2636,10140,74093
27,84260,2,0.0,2637,10140,74120
8,84268,2,0.0,2638,10140,74128
60,84328,2,0.0,2639,10140,74188
16,84344,2,0.0,2640,10140,74204
57,84401,2,0.0,2641,10141,74260
19,84420,2,0.0,2642,10141,74279
42,84462,2,0.0,2643,10141,74321
15,84477,2,0.0,2644,10141,74336
39,84516,2,0.0,2645,10141,74375
14,84530,2,0.0,2646,10141,74389
42,84572,2,0.0,2647,10141,74431
22,84594,2,0.0,2648,10141,74453
19,84613,2,0.0,2649,10141,74472
19,84632,2,0.0,2650,10141,74491
65,84697,2,0.0,2651,10141,74556
15,84712,2,0.0,2652,10141,74571
26,84738,2,0.0,2653,10141,74597
15,84753,2,0.0,2654,10141,74612
42,84795,2,0.0,2655,10141,74654
12,84807,2,0.0,2656,10141,74666
32,84839,2,0.0,2657,10141,74698
31,84870,2,0.0,2658,10141,74729
70,84940,2,0.0,2659,10141,74799
10,84950,2,0.0,2660,10141,74809
19,84969,2,0.0,2661,10141,74828
13,84982,2,0.0,2662,10141,74841
46,85028,2,0.0,2663,10142,74886
11,85039,2,0.0,2664,10142,74897
56,85095,2,0.0,2665,10142,74953
25,85120,2,0.0,2666,10142,74978
9,85129,2,0.0,2667,10143,74986
24,85153,2,0.0,2668,10143,75010
49,85202,2,0.0,2669,10143,75059
40,85242,2,0.0,2670,10143,75099
19,85261,2,0.0,2671,10143,75118
16,85277,2,0.0,2672,10143,75134
41,85318,2,0.0,2673,10143,75175
29,85347,2,0.0,2674,10143,75204
87,85434,2,0.0,2675,10143,75291
28,85462,2,0.0,2676,10143,75319
13,85475,2,0.0,2677,10143,75332
24,85499,2,0.0,2678,10143,75356
32,85531,2,0.0,2679,10143,75388
14,85545,2,0.0,2680,10143,75402
14,85559,2,0.0,2681,10144,75415
70,85629,2,0.0,2682,10144,75485
7,85636,2,0.0,2683,10144,75492
22,85658,2,0.0,2684,10144,75514
62,85720,2,0.0,2685,10144,75576
26,85746,2,0.0,2686,10144,75602
14,85760,2,0.0,2687,10144,75616
52,85812,2,0.0,2688,10144,75668
21,85833,2,0.0,2689,10144,75689
16,85849,2,0.0,2690,10144,75705
65,85914,2,0.0,2691,10145,75769
42,85956,2,0.0,2692,10145,75811
9,85965,2,0.0,2693,10145,75820
15,85980,2,0.0,2694,10145,75835
6,85986,2,0.0,2695,10145,75841
96,86082,2,0.0,2696,10145,75937
11,86093,2,0.0,2697,10145,75948
24,86117,2,0.0,2698,10145,75972
31,86148,2,0.0,2699,10145,76003
17,86165,2,0.0,2700,10145,76020
94,86259,2,0.0,2701,10145,76114
13,86272,2,0.0,2702,10145,76127
13,86285,2,0.0,2703,10145,76140
11,86296,2,0.0,2704,10145,76151
19,86315,2,0.0,2705,10145,76170
17,86332,2,0.0,2706,10145,76187
35,86367,2,0.0,2707,10145,76222
100,86467,2,0.0,2708,10146,76321
16,86483,2,0.0,2709,10146,76337
25,86508,2,0.0,2710,10146,76362
29,86537,2,0.0,2711,10146,76391
37,86574,2,0.0,2712,10146,76428
45,86619,3,1.0,2713,10146,76473
15,86634,3,0.0,2714,10146,76488
47,86681,3,0.0,2715,10146,76535
52,86733,3,0.0,2716,10146,76587
42,86775,3,0.0,2717,10146,76629
28,86803,3,0.0,2718,10146,76657
7,86810,3,0.0,2719,10146,76664
49,86859,3,0.0,2720,10146,76713
43,86902,3,0.0,2721,10146,76756
8,86910,3,0.0,2722,10146,76764
5,86915,3,0.0,2723,10146,76769
27,86942,3,0.0,2724,10146,76796
69,87011,3,0.0,2725,10146,76865
40,87051,3,0.0,2726,10146,76905
24,87075,3,0.0,2727,10146,76929
33,87108,3,0.0,2728,10146,76962
16,87124,3,0.0,2729,10146,76978
53,87177,3,0.0,2730,10147,77030
52,87229,3,0.0,2731,10147,77082
32,87261,3,0.0,2732,10147,77114
19,87280,3,0.0,2733,10147,77133
63,87343,3,0.0,2734,10147,77196
22,87365,3,0.0,2735,10147,77218
29,87394,3,0.0,2736,10147,77247
17,87411,3,0.0,2737,10147,77264
23,87434,3,0.0,2738,10147,77287
25,87459,3,0.0,2739,10147,77312
23,87482,3,0.0,2740,10147,77335
24,87506,3,0.0,2741,10147,77359
28,87534,3,0.0,2742,10147,77387
18,87552,3,0.0,2743,10147,77405
39,87591,3,0.0,2744,10147,77444
25,87616,3,0.0,2745,10147,77469
25,87641,3,0.0,2746,10147,77494
6,87647,3,0.0,2747,10147,77500
71,87718,3,0.0,2748,10147,77571
54,87772,3,0.0,2749,10147,77625
26,87798,3,0.0,2750,10147,77651
40,87838,3,0.0,2751,10147,77691
38,87876,3,0.0,2752,10148,77728
80,87956,3,0.0,2753,10148,77808
34,87990,3,0.0,2754,10148,77842
26,88016,3,0.0,2755,10148,77868
13,88029,3,0.0,2756,10148,77881
29,88058,3,0.0,2757,10148,77910
23,88081,3,0.0,2758,10148,77933
7,88088,3,0.0,2759,10148,77940
39,88127,3,0.0,2760,10149,77978
18,88145,3,0.0,2761,10149,77996
37,88182,3,0.0,2762,10149,78033
24,88206,3,0.0,2763,10149,78057
18,88224,3,0.0,2764,10149,78075
27,88251,3,0.0,2765,10149,78102
71,88322,3,0.0,2766,10149,78173
71,88393,3,0.0,2767,10149,78244
11,88404,3,0.0,2768,10149,78255
50,88454,3,0.0,2769,10149,78305
47,88501,3,0.0,2770,10149,78352
29,88530,3,0.0,2771,10149,78381
54,88584,3,0.0,2772,10149,78435
19,88603,3,0.0,2773,10149,78454
20,88623,3,0.0,2774,10149,78474
60,88683,3,0.0,2775,10149,78534
47,88730,3,0.0,2776,10149,78581
73,88803,3,0.0,2777,10149,78654
50,88853,3,0.0,2778,10149,78704
30,88883,3,0.0,2779,10149,78734
10,88893,3,0.0,2780,10149,78744
34,88927,3,0.0,2781,10149,78778
25,88952,3,0.0,2782,10149,78803
88,89040,3,0.0,2783,10150,78890
12,89052,3,0.0,2784,10150,78902
23,89075,3,0.0,2785,10150,78925
38,89113,3,0.0,2786,10150,78963
12,89125,3,0.0,2787,10150,78975
77,89202,3,0.0,2788,10150,79052
31,89233,3,0.0,2789,10150,79083
49,89282,3,0.0,2790,10150,79132
33,89315,3,0.0,2791,10150,79165
18,89333,3,0.0,2792,10150,79183
21,89354,3,0.0,2793,10150,79204
15,89369,3,0.0,2794,10150,79219
21,89390,3,0.0,2795,10150,79240
12,89402,3,0.0,2796,10150,79252
18,89420,3,0.0,2797,10150,79270
83,89503,3,0.0,2798,10151,79352
57,89560,3,0.0,2799,10151,79409
28,89588,3,0.0,2800,10151,79437
58,89646,3,0.0,2801,10151,79495
9,89655,3,0.0,2802,10151,79504
12,89667,3,0.0,2803,10151,79516
73,89740,3,0.0,2804,10151,79589
19,89759,3,0.0,2805,10151,79608
50,89809,3,0.0,2806,10151,79658
27,89836,3,0.0,2807,10151,79685
74,89910,3,0.0,2808,10151,79759
15,89925,3,0.0,2809,10151,79774
17,89942,3,0.0,2810,10151,79791
16,89958,3,0.0,2811,10151,79807
50,90008,3,0.0,2812,10151,79857
12,90020,3,0.0,2813,10151,79869
6,90026,3,0.0,2814,10151,79875
21,90047,3,0.0,2815,10151,79896
24,90071,3,0.0,2816,10151,79920
56,90127,3,0.0,2817,10151,79976
31,90158,3,0.0,2818,10151,80007
22,90180,3,0.0,2819,10151,80029
38,90218,3,0.0,2820,10151,80067
29,90247,3,0.0,2821,10151,80096
14,90261,3,0.0,2822,10151,80110
43,90304,3,0.0,2823,10151,80153
20,90324,3,0.0,2824,10152,80172
32,90356,3,0.0,2825,10152,80204
32,90388,3,0.0,2826,10152,80236
12,90400,3,0.0,2827,10152,80248
18,90418,3,0.0,2828,10152,80266
6,90424,3,0.0,2829,10152,80272
28,90452,3,0.0,2830,10152,80300
42,90494,3,0.0,2831,10152,80342
24,90518,3,0.0,2832,10153,80365
23,90541,3,0.0,2833,10153,80388
18,90559,3,0.0,2834,10153,80406
34,90593,3,0.0,2835,10153,80440
24,90617,3,0.0,2836,10153,80464
31,90648,3,0.0,2837,10153,80495
6,90654,3,0.0,2838,10153,80501
17,90671,3,0.0,2839,10153,80518
32,90703,3,0.0,2840,10153,80550
8,90711,3,0.0,2841,10153,80558
27,90738,3,0.0,2842,10153,80585
78,90816,3,0.0,2843,10153,80663
43,90859,3,0.0,2844,10153,80706
32,90891,3,0.0,2845,10154,80737
12,90903,3,0.0,2846,10154,80749
25,90928,3,0.0,2847,10154,80774
19,90947,3,0.0,2848,10154,80793
98,91045,3,0.0,2849,10154,80891
89,91134,3,0.0,2850,10154,80980
12,91146,3,0.0,2851,10154,80992
64,91210,3,0.0,2852,10154,81056
11,91221,3,0.0,2853,10154,81067
47,91268,3,0.0,2854,10154,81114
75,91343,3,0.0,2855,10154,81189
16,91359,3,0.0,2856,10154,81205
89,91448,3,0.0,2857,10154,81294
16,91464,3,0.0,2858,10154,81310
20,91484,3,0.0,2859,10154,81330
27,91511,3,0.0,2860,10154,81357
9,91520,3,0.0,2861,10154,81366
31,91551,3,0.0,2862,10154,81397
20,91571,3,0.0,2863,10154,81417
23,91594,3,0.0,2864,10154,81440
28,91622,3,0.0,2865,10154,81468
32,91654,3,0.0,2866,10154,81500
60,91714,3,0.0,2867,10154,81560
22,91736,3,0.0,2868,10154,81582
21,91757,3,0.0,2869,10154,81603
17,91774,3,0.0,2870,10154,81620
31,91805,3,0.0,2871,10154,81651
36,91841,3,0.0,2872,10154,81687
23,91864,3,0.0,2873,10154,81710
25,91889,3,0.0,2874,10154,81735
96,91985,3,0.0,2875,10154,81831
12,91997,3,0.0,2876,10154,81843
20,92017,3,0.0,2877,10154,81863
36,92053,3,0.0,2878,10154,81899
57,92110,3,0.0,2879,10154,81956
70,92180,3,0.0,2880,10154,82026
31,92211,3,0.0,2881,10154,82057
40,92251,3,0.0,2882,10154,82097
30,92281,3,0.0,2883,10154,82127
30,92311,3,0.0,2884,10154,82157
14,92325,3,0.0,2885,10154,82171
40,92365,3,0.0,2886,10154,82211
48,92413,3,0.0,2887,10154,82259
22,92435,3,0.0,2888,10154,82281
43,92478,3,0.0,2889,10154,82324
15,92493,3,0.0,2890,10154,82339
46,92539,3,0.0,2891,10154,82385
19,92558,3,0.0,2892,10154,82404
9,92567,3,0.0,2893,10154,82413
19,92586,3,0.0,2894,10154,82432
9,92595,3,0.0,2895,10154,82441
22,92617,3,0.0,2896,10154,82463
18,92635,3,0.0,2897,10154,82481
60,92695,3,0.0,2898,10154,82541
18,92713,3,0.0,2899,10154,82559
52,92765,3,0.0,2900,10154,82611
71,92836,3,0.0,2901,10154,82682
36,92872,3,0.0,2902,10154,82718
26,92898,3,0.0,2903,10154,82744
43,92941,3,0.0,2904,10154,82787
10,92951,3,0.0,2905,10154,82797
51,93002,3,0.0,2906,10154,82848
14,93016,3,0.0,2907,10154,82862
42,93058,3,0.0,2908,10154,82904
10,93068,3,0.0,2909,10154,82914
13,93081,3,0.0,2910,10154,82927
46,93127,3,0.0,2911,10154,82973
76,93203,3,0.0,2912,10155,83048
23,93226,3,0.0,2913,10155,83071
53,93279,3,0.0,2914,10155,83124
8,93287,3,0.0,2915,10155,83132
19,93306,3,0.0,2916,10155,83151
13,93319,3,0.0,2917,10155,83164
11,93330,3,0.0,2918,10155,83175
30,93360,3,0.0,2919,10155,83205
60,93420,3,0.0,2920,10155,83265
12,93432,3,0.0,2921,10155,83277
6,93438,3,0.0,2922,10155,83283
25,93463,3,0.0,2923,10155,83308
21,93484,3,0.0,2924,10155,83329
9,93493,3,0.0,2925,10155,83338
78,93571,3,0.0,2926,10155,83416
53,93624,3,0.0,2927,10155,83469
5,93629,3,0.0,2928,10155,83474
13,93642,3,0.0,2929,10155,83487
75,93717,3,0.0,2930,10155,83562
13,93730,3,0.0,2931,10155,83575
11,93741,3,0.0,2932,10155,83586
28,93769,3,0.0,2933,10155,83614
26,93795,3,0.0,2934,10155,83640
19,93814,3,0.0,2935,10155,83659
26,93840,3,0.0,2936,10155,83685
27,93867,3,0.0,2937,10155,83712
15,93882,3,0.0,2938,10155,83727
21,93903,3,0.0,2939,10155,83748
23,93926,3,0.0,2940,10155,83771
22,93948,3,0.0,2941,10155,83793
23,93971,3,0.0,2942,10155,83816
73,94044,3,0.0,2943,10155,83889
31,94075,3,0.0,2944,10155,83920
29,94104,3,0.0,2945,10155,83949
19,94123,3,0.0,2946,10155,83968
21,94144,3,0.0,2947,10155,83989
24,94168,3,0.0,2948,10155,84013
32,94200,3,0.0,2949,10155,84045
62,94262,3,0.0,2950,10155,84107
37,94299,3,0.0,2951,10155,84144
33,94332,3,0.0,2952,10155,84177
55,94387,3,0.0,2953,10155,84232
28,94415,3,0.0,2954,10155,84260
29,94444,3,0.0,2955,10155,84289
9,94453,3,0.0,2956,10155,84298
31,94484,3,0.0,2957,10155,84329
20,94504,3,0.0,2958,10155,84349
18,94522,3,0.0,2959,10155,84367
56,94578,3,0.0,2960,10155,84423
16,94594,3,0.0,2961,10155,84439
38,94632,3,0.0,2962,10155,84477
13,94645,3,0.0,2963,10156,84489
8,94653,3,0.0,2964,10156,84497
13,94666,3,0.0,2965,10156,84510
21,94687,3,0.0,2966,10156,84531
13,94700,3,0.0,2967,10156,84544
17,94717,3,0.0,2968,10156,84561
24,94741,3,0.0,2969,10157,84584
15,94756,3,0.0,2970,10157,84599
50,94806,3,0.0,2971,10157,84649
13,94819,3,0.0,2972,10157,84662
8,94827,3,0.0,2973,10157,84670
21,94848,3,0.0,2974,10157,84691
36,94884,3,0.0,2975,10157,84727
15,94899,3,0.0,2976,10157,84742
11,94910,3,0.0,2977,10157,84753
20,94930,3,0.0,2978,10157,84773
29,94959,3,0.0,2979,10157,84802
20,94979,3,0.0,2980,10157,84822
12,94991,3,0.0,2981,10157,84834
37,95028,3,0.0,2982,10157,84871
51,95079,3,0.0,2983,10157,84922
20,95099,3,0.0,2984,10157,84942
12,95111,3,0.0,2985,10157,84954
11,95122,3,0.0,2986,10157,84965
22,95144,3,0.0,2987,10157,84987
19,95163,3,0.0,2988,10157,85006
11,95174,3,0.0,2989,10157,85017
36,95210,3,0.0,2990,10157,85053
13,95223,3,0.0,2991,10157,85066
16,95239,3,0.0,2992,10157,85082
7,95246,3,0.0,2993,10157,85089
10,95256,3,0.0,2994,10157,85099
17,95273,3,0.0,2995,10157,85116
26,95299,3,0.0,2996,10157,85142
100,95399,3,0.0,2997,10157,85242
22,95421,3,0.0,2998,10157,85264
63,95484,3,0.0,2999,10157,85327
51,95535,3,0.0,3000,10157,85378
25,95560,3,0.0,3001,10158,85402
29,95589,3,0.0,3002,10158,85431
13,95602,3,0.0,3003,10158,85444
51,95653,3,0.0,3004,10158,85495
22,95675,3,0.0,3005,10158,85517
31,95706,3,0.0,3006,10158,85548
30,95736,3,0.0,3007,10158,85578
56,95792,3,0.0,3008,10158,85634
13,95805,3,0.0,3009,10158,85647
55,95860,3,0.0,3010,10159,85701
26,95886,3,0.0,3011,10159,85727
34,95920,3,0.0,3012,10159,85761
25,95945,3,0.0,3013,10159,85786
48,95993,3,0.0,3014,10159,85834
40,96033,3,0.0,3015,10159,85874
10,96043,3,0.0,3016,10159,85884
38,96081,3,0.0,3017,10159,85922
27,96108,3,0.0,3018,10159,85949
28,96136,3,0.0,3019,10159,85977
9,96145,3,0.0,3020,10159,85986
46,96191,3,0.0,3021,10159,86032
7,96198,3,0.0,3022,10159,86039
8,96206,3,0.0,3023,10159,86047
39,96245,3,0.0,3024,10159,86086
10,96255,3,0.0,3025,10159,86096
13,96268,3,0.0,3026,10159,86109
23,96291,3,0.0,3027,10159,86132
45,96336,3,0.0,3028,10159,86177
50,96386,3,0.0,3029,10159,86227
18,96404,3,0.0,3030,10159,86245
35,96439,3,0.0,3031,10159,86280
75,96514,3,0.0,3032,10159,86355
26,96540,3,0.0,3033,10159,86381
52,96592,3,0.0,3034,10159,86433
60,96652,3,0.0,3035,10159,86493
10,96662,3,0.0,3036,10159,86503
23,96685,3,0.0,3037,10159,86526
14,96699,3,0.0,3038,10159,86540
19,96718,3,0.0,3039,10159,86559
8,96726,3,0.0,3040,10159,86567
22,96748,3,0.0,3041,10159,86589
14,96762,3,0.0,3042,10159,86603
14,96776,3,0.0,3043,10159,86617
53,96829,3,0.0,3044,10159,86670
30,96859,3,0.0,3045,10159,86700
11,96870,3,0.0,3046,10159,86711
32,96902,3,0.0,3047,10159,86743
25,96927,3,0.0,3048,10159,86768
11,96938,3,0.0,3049,10159,86779
7,96945,3,0.0,3050,10159,86786
43,96988,3,0.0,3051,10159,86829
31,97019,3,0.0,3052,10159,86860
28,97047,3,0.0,3053,10159,86888
52,97099,3,0.0,3054,10159,86940
11,97110,3,0.0,3055,10159,86951
77,97187,3,0.0,3056,10159,87028
12,97199,3,0.0,3057,10159,87040
46,97245,3,0.0,3058,10159,87086
54,97299,3,0.0,3059,10159,87140
21,97320,3,0.0,3060,10159,87161
31,97351,3,0.0,3061,10159,87192
24,97375,3,0.0,3062,10160,87215
11,97386,3,0.0,3063,10160,87226
63,97449,3,0.0,3064,10160,87289
76,97525,3,0.0,3065,10161,87364
10,97535,3,0.0,3066,10161,87374
33,97568,3,0.0,3067,10161,87407
5,97573,3,0.0,3068,10161,87412
10,97583,3,0.0,3069,10161,87422
37,97620,3,0.0,3070,10161,87459
21,97641,3,0.0,3071,10161,87480
6,97647,3,0.0,3072,10161,87486
10,97657,3,0.0,3073,10161,87496
34,97691,3,0.0,3074,10161,87530
27,97718,3,0.0,3075,10161,87557
11,97729,3,0.0,3076,10161,87568
10,97739,3,0.0,3077,10161,87578
58,97797,3,0.0,3078,10161,87636
14,97811,3,0.0,3079,10161,87650
19,97830,3,0.0,3080,10161,87669
47,97877,3,0.0,3081,10161,87716
38,97915,3,0.0,3082,10161,87754
7,97922,3,0.0,3083,10161,87761
21,97943,3,0.0,3084,10161,87782
54,97997,3,0.0,3085,10161,87836
40,98037,3,0.0,3086,10161,87876
14,98051,3,0.0,3087,10161,87890
8,98059,3,0.0,3088,10161,87898
39,98098,3,0.0,3089,10161,87937
47,98145,3,0.0,3090,10161,87984
72,98217,3,0.0,3091,10161,88056
53,98270,3,0.0,3092,10161,88109
19,98289,3,0.0,3093,10161,88128
22,98311,3,0.0,3094,10161,88150
11,98322,3,0.0,3095,10161,88161
11,98333,3,0.0,3096,10161,88172
100,98433,3,0.0,3097,10161,88272
40,98473,3,0.0,3098,10161,88312
66,98539,3,0.0,3099,10161,88378
13,98552,3,0.0,3100,10161,88391
78,98630,3,0.0,3101,10161,88469
53,98683,3,0.0,3102,10161,88522
31,98714,3,0.0,3103,10161,88553
16,98730,3,0.0,3104,10161,88569
10,98740,3,0.0,3105,10161,88579
22,98762,3,0.0,3106,10161,88601
37,98799,3,0.0,3107,10162,88637
16,98815,3,0.0,3108,10162,88653
14,98829,3,0.0,3109,10162,88667
36,98865,3,0.0,3110,10162,88703
32,98897,3,0.0,3111,10162,88735
50,98947,3,0.0,3112,10162,88785
17,98964,3,0.0,3113,10162,88802
15,98979,3,0.0,3114,10162,88817
21,99000,3,0.0,3115,10162,88838
50,99050,3,0.0,3116,10162,88888
11,99061,3,0.0,3117,10162,88899
11,99072,3,0.0,3118,10162,88910
8,99080,3,0.0,3119,10162,88918
18,99098,3,0.0,3120,10162,88936
22,99120,3,0.0,3121,10162,88958
72,99192,3,0.0,3122,10162,89030
24,99216,3,0.0,3123,10162,89054
73,99289,3,0.0,3124,10162,89127
12,99301,3,0.0,3125,10162,89139
100,99401,3,0.0,3126,10162,89239
51,99452,3,0.0,3127,10162,89290
21,99473,3,0.0,3128,10162,89311
29,99502,3,0.0,3129,10162,89340
62,99564,3,0.0,3130,10162,89402
27,99591,3,0.0,3131,10162,89429
33,99624,3,0.0,3132,10163,89461
49,99673,3,0.0,3133,10163,89510
11,99684,3,0.0,3134,10163,89521
26,99710,3,0.0,3135,10163,89547
24,99734,3,0.0,3136,10163,89571
15,99749,3,0.0,3137,10163,89586
11,99760,3,0.0,3138,10163,89597
20,99780,3,0.0,3139,10163,89617
25,99805,3,0.0,3140,10163,89642
38,99843,3,0.0,3141,10163,89680
38,99881,3,0.0,3142,10163,89718
56,99937,3,0.0,3143,10164,89773
28,99965,3,0.0,3144,10164,89801
10,99975,3,0.0,3145,10164,89811
24,99999,3,0.0,3146,10164,89835
